X	Class	AGAGGG	AGCCCT	AGGGAG	ATCGCC	ATGGGC	CCAGGG	CCGTCC	CCTGCG	CGGACG	CTCCAC	GAGGGC	GCACCA	GCATCC	GCCACC	GGAGCA	GGTCAC	TACGGA	TCGCCA
chr1.2130033.2130465	pos	0	0	0	0	1	0	0	0	0	0	0	1	1	0	0	1	0	0
chr1.3570297.3570944	pos	0	0	0	1	1	1	0	1	0	0	0	1	1	1	0	1	0	1
chr1.3876787.3876939	pos	0	0	0	0	1	0	0	0	0	0	0	1	0	0	1	0	0	0
chr1.9509251.9510430	pos	0	1	0	1	1	1	0	1	0	0	1	1	0	1	0	1	1	1
chr1.14050337.14050454	pos	0	0	0	0	0	1	0	0	0	0	0	0	0	0	0	0	0	1
chr1.21098104.21098368	pos	0	1	0	0	0	0	0	0	0	1	0	0	1	0	0	0	0	0
chr1.30566694.30566985	pos	1	1	1	0	0	1	1	0	1	0	1	0	0	0	0	1	0	0
chr2.26929260.26929397	pos	0	0	0	0	0	0	0	1	0	0	0	0	0	0	0	0	1	0
chr3.898617.899224	pos	1	0	1	0	0	1	1	0	1	1	1	1	0	1	1	0	0	0
chr3.7694021.7694541	pos	1	1	1	1	0	0	1	1	1	1	1	1	1	1	0	0	0	1
chr3.12584271.12584530	pos	0	0	0	0	0	0	0	0	0	0	0	0	0	0	0	0	0	0
chr4.4216025.4216229	pos	0	0	0	0	0	0	0	0	0	0	0	1	0	0	0	0	0	0
chr4.9067390.9067608	pos	0	1	1	0	0	0	0	0	1	1	0	0	0	0	0	0	0	0
chr4.13722555.13723033	pos	0	0	1	1	0	0	1	1	0	0	0	0	1	1	1	1	0	1
chr4.23927930.23928343	pos	1	0	0	0	0	0	1	0	1	1	1	0	0	0	0	0	1	0
chr5.7479869.7480189	pos	0	0	0	0	1	0	0	1	0	0	0	0	0	0	0	0	1	0
chr5.15945676.15947059	pos	1	1	1	0	1	1	0	1	1	1	1	0	1	0	0	1	1	1
chr6.16818211.16818941	pos	0	1	0	0	0	0	1	0	1	1	1	1	0	0	1	0	1	0
chr6.18985153.18985324	pos	0	0	0	0	0	0	0	0	0	0	0	0	0	0	0	0	0	0
chr7.17473114.17473322	pos	0	1	0	0	0	1	0	0	0	0	0	0	0	0	1	0	0	1
chr8.12232697.12233943	pos	1	0	0	1	1	0	1	0	1	1	1	1	1	0	1	1	0	1
chrV.898082.898287	pos	1	1	1	1	0	0	0	0	0	0	1	0	0	1	1	0	0	1
chrV.2148243.2148657	pos	0	0	0	1	0	0	1	0	1	0	0	1	0	1	0	0	1	0
chrV.2148767.2148893	pos	0	0	0	0	0	0	1	0	0	0	0	0	0	0	0	0	0	0
chr1.2222000.2222500	neg	0	0	0	0	0	0	0	0	0	0	0	0	0	0	0	0	0	0
chr1.6071500.6072000	neg	0	0	0	0	0	0	0	0	0	0	0	0	0	0	0	0	0	0
chr1.7803500.7804000	neg	0	0	0	0	0	0	0	0	0	0	0	0	0	0	0	0	0	0
chr1.18933500.18934000	neg	0	0	0	0	0	0	0	0	0	0	0	0	0	0	0	0	0	0
chr2.2138500.2139000	neg	0	0	0	0	0	0	0	0	0	0	0	0	0	0	0	0	0	0
chr2.12669500.12670000	neg	0	0	0	0	0	0	0	0	0	0	0	0	0	0	0	0	0	0
chr2.21759500.21760000	neg	0	0	0	0	0	0	0	0	0	0	0	0	0	0	0	0	0	1
chr2.26824000.26824500	neg	0	0	0	0	0	0	0	0	0	0	0	0	0	0	0	0	0	0
chr2.27875000.27875500	neg	0	0	0	0	0	0	0	0	0	0	0	0	0	0	0	0	0	0
chr3.2739500.2740000	neg	0	0	0	0	0	0	0	0	0	0	0	1	0	0	0	0	0	0
chr3.9520500.9521000	neg	0	0	0	0	0	0	0	0	0	0	0	0	0	0	0	0	0	0
chr3.11815000.11815500	neg	0	0	0	0	0	0	0	0	0	0	0	0	0	0	0	0	0	0
chr3.12878500.12879000	neg	0	0	0	0	0	0	0	0	0	0	0	1	0	0	0	0	0	0
chr4.6599500.6600000	neg	0	0	0	0	0	0	0	0	0	0	0	0	0	0	0	0	0	0
chr4.26922000.26922500	neg	0	0	0	0	0	0	1	0	0	0	0	0	0	0	0	0	0	0
chr5.11945500.11946000	neg	0	0	0	0	0	0	0	0	0	0	0	0	0	0	0	0	0	0
chr5.16080000.16080500	neg	0	0	0	0	0	0	0	0	0	0	0	0	0	0	0	0	0	0
chr6.12431000.12431500	neg	0	0	0	0	0	0	0	0	0	0	1	0	0	0	0	0	0	0
chr6.20930000.20930500	neg	0	0	0	0	0	0	0	0	0	0	0	0	0	0	0	0	0	0
chr7.3731500.3732000	neg	0	1	0	0	0	0	0	0	0	0	0	0	0	0	0	0	0	0
chr7.16109000.16109500	neg	0	0	0	0	0	0	0	0	0	0	0	0	0	0	0	0	0	0
chr7.16929000.16929500	neg	0	0	0	0	0	0	0	0	0	0	0	0	0	0	0	0	0	0
chr8.16924500.16925000	neg	0	0	0	0	0	0	0	0	0	0	0	0	0	0	0	0	0	0
unplaced-scaffold_297.3000.3500	neg	0	0	0	0	0	0	0	0	0	0	0	0	0	0	0	0	0	0
