X	Class	AGCACC	CACCAC	CACCGA	CCAGCC	CCAGGG	CCGCAG	CCGTCC	CCTGGC	CCTTCG	CGAGCC	CGAGTC	CGCACC	CGGCTC	CGGTCA	CGTCGA	CTGACC	GAAGGA	GAGGAC	GCACCA	GCACCC	GCCACC	TCGCCA
chr1.2130033.2130465	pos	0	0	1	0	0	0	0	0	0	0	1	0	0	1	1	0	0	0	1	0	0	0
chr1.3570297.3570944	pos	0	0	0	1	1	0	0	1	1	0	0	1	0	0	0	1	0	0	1	1	1	1
chr1.3876787.3876939	pos	0	1	0	0	0	0	0	0	0	0	0	1	0	0	0	0	0	0	1	0	0	0
chr1.9509251.9510430	pos	1	1	0	0	1	0	0	1	1	1	1	1	1	0	0	1	1	1	1	0	1	1
chr1.14050337.14050454	pos	1	0	0	0	1	0	0	0	0	0	0	0	0	0	0	0	0	0	0	1	0	1
chr1.21098104.21098368	pos	0	0	0	0	0	0	0	0	0	0	0	0	0	0	0	0	0	1	0	0	0	0
chr1.30566694.30566985	pos	0	0	0	0	1	0	1	0	1	0	0	1	0	1	0	0	1	0	0	0	0	0
chr2.26929260.26929397	pos	0	0	0	0	0	1	0	0	1	0	0	1	0	0	0	0	0	0	0	0	0	0
chr3.898617.899224	pos	1	0	0	1	1	1	1	1	1	1	1	1	1	1	0	1	1	0	1	1	1	0
chr3.7694021.7694541	pos	0	1	0	0	0	1	1	0	0	0	1	1	0	1	0	1	1	0	1	1	1	1
chr3.12584271.12584530	pos	0	1	0	0	0	0	0	0	0	0	0	0	0	0	0	0	0	0	0	0	0	0
chr4.4216025.4216229	pos	1	0	0	0	0	0	0	0	0	0	0	0	1	0	0	0	0	0	1	0	0	0
chr4.9067390.9067608	pos	0	0	0	0	0	0	0	1	1	1	0	0	1	1	1	0	0	0	0	1	0	0
chr4.13722555.13723033	pos	1	0	1	0	0	0	1	0	1	1	1	0	1	1	1	0	1	0	0	1	1	1
chr4.23927930.23928343	pos	0	0	1	0	0	0	1	1	1	1	0	0	0	0	1	0	1	1	0	0	0	0
chr5.7479869.7480189	pos	0	0	0	0	0	1	0	0	1	0	0	0	0	0	1	1	1	0	0	0	0	0
chr5.15945676.15947059	pos	1	1	1	1	1	0	0	1	1	0	1	0	0	1	0	1	1	0	0	1	0	1
chr6.16818211.16818941	pos	1	1	1	1	0	0	1	0	1	1	1	1	1	0	1	0	1	1	1	1	0	0
chr6.18985153.18985324	pos	0	0	1	1	0	0	0	1	0	0	0	1	0	0	1	0	0	0	0	0	0	0
chr7.17473114.17473322	pos	0	0	0	1	1	0	0	0	0	1	1	0	1	0	1	0	1	0	0	0	0	1
chr8.12232697.12233943	pos	1	0	1	1	0	1	1	0	1	1	1	1	1	0	1	0	1	1	1	1	0	1
chrV.898082.898287	pos	0	0	1	1	0	1	0	0	0	0	0	0	0	0	0	0	1	1	0	0	1	1
chrV.2148243.2148657	pos	0	1	1	1	0	0	1	0	0	0	0	0	1	1	0	1	1	1	1	0	1	0
chrV.2148767.2148893	pos	0	0	0	0	0	1	1	0	0	0	0	0	0	0	0	0	0	0	0	0	0	0
chr1.71500.72000	neg	0	0	0	0	0	0	0	0	0	0	0	0	0	0	0	0	0	0	0	0	0	0
chr1.1849500.1850000	neg	0	0	0	0	0	0	0	0	0	0	0	0	0	0	0	0	0	0	0	0	0	0
chr1.4138000.4138500	neg	0	0	0	0	0	0	0	0	1	0	0	0	0	0	0	0	0	0	0	0	0	0
chr1.11282500.11283000	neg	0	0	0	0	0	0	0	0	0	0	0	0	0	0	0	0	0	0	0	0	0	0
chr1.13275500.13276000	neg	0	0	0	0	0	0	0	0	0	0	0	0	0	0	0	0	0	0	0	0	0	0
chr1.15936500.15937000	neg	0	0	0	0	0	0	0	0	0	0	0	0	0	0	0	0	0	0	0	0	0	0
chr3.3434500.3435000	neg	0	0	0	0	0	0	0	0	0	0	0	0	0	0	0	0	0	0	0	0	0	0
chr3.5936000.5936500	neg	0	0	0	0	0	0	0	0	0	0	0	0	0	0	0	0	0	0	0	0	0	0
chr3.14547500.14548000	neg	0	0	0	0	0	0	0	0	0	0	0	0	0	0	0	0	0	0	0	0	0	0
chr4.6775500.6776000	neg	0	0	0	0	0	0	0	0	0	0	0	0	0	0	0	0	0	0	0	0	0	0
chr4.25338000.25338500	neg	0	0	0	0	0	0	0	0	0	0	0	0	0	0	0	0	0	0	0	0	0	0
chr5.1244000.1244500	neg	0	0	0	0	0	0	0	0	0	0	0	0	0	0	0	0	1	0	0	0	0	0
chr5.5705000.5705500	neg	0	0	1	0	0	0	0	0	0	0	0	0	0	0	0	0	0	0	0	0	0	0
chr5.8351000.8351500	neg	0	0	0	0	0	0	0	0	0	0	0	0	0	0	0	0	0	0	0	0	0	0
chr5.17290000.17290500	neg	0	0	0	0	0	0	0	0	0	0	0	0	0	0	0	0	0	0	0	0	0	0
chr6.23658500.23659000	neg	0	0	0	0	0	0	0	0	0	0	0	0	0	0	0	0	1	0	0	0	0	0
chr7.6834000.6834500	neg	0	0	0	0	0	0	0	0	0	0	0	0	0	0	0	0	0	0	0	0	0	0
chr7.11203000.11203500	neg	0	0	0	0	0	0	0	0	0	0	0	0	0	0	0	0	0	0	0	0	0	0
chr8.6050500.6051000	neg	0	0	0	0	0	0	1	0	0	0	0	0	0	0	0	0	0	0	0	0	0	0
chr8.11682500.11683000	neg	0	0	0	0	0	0	0	0	0	0	1	0	0	0	1	0	0	0	0	0	0	0
chr8.17924500.17925000	neg	0	0	0	0	0	0	0	0	0	0	0	0	0	0	0	0	1	0	0	0	0	0
chrV.2149500.2150000	neg	0	0	0	0	0	0	0	0	0	0	0	0	0	0	0	0	0	0	1	0	0	1
unplaced-scaffold_032.4000.4500	neg	0	0	0	0	0	0	0	0	0	0	0	0	0	0	0	0	1	0	0	0	0	0
unplaced-scaffold_198.7500.8000	neg	0	0	0	0	0	0	0	0	0	0	0	1	1	0	0	0	0	0	0	1	0	0
