X	Class	AACTACC	AACTGG	AAGCAG	ACAAGT	ACACTG	ACAGTC	ACGATG	ACGCGT	ACTAGC	ACTCAG	ACTCAGA	ACTCCAGC	ACTGTC	AGAGTA	AGCATG	AGCTGG	AGGAATC	AGGCCA	AGTAGC	AGTTGC	ATAATC	ATCCAGC	ATCGTC	ATCGTCA	ATCTGA	ATCTGC	ATGACG	ATGTTCG	CAAGGA	CACCTG	CGGTTA	CGTATA	CTCAGA	CTCAGAC	CTCAGAG	CTCAGC	CTGAGA	CTGCTCA	CTTGCA	CTTGCC	CTTGGA	GACTGA	GATCCC	GCTGTA	GTCAGA	TACCCA
Mp1g01040	pos	0	1	1	1	0	0	0	0	0	1	1	0	0	1	1	1	0	1	0	1	1	1	0	0	1	1	1	0	1	1	0	0	1	0	0	0	0	1	1	0	1	1	1	1	1	1
Mp1g01840	pos	0	1	0	1	1	1	1	1	0	1	0	0	0	1	0	1	0	0	0	1	1	1	1	0	1	0	0	1	1	0	0	0	1	0	1	1	1	1	1	1	1	1	1	0	1	0
Mp1g02070	pos	0	1	1	1	1	1	1	1	0	0	0	0	1	0	1	1	0	0	1	0	0	0	0	0	1	1	0	1	0	0	0	0	1	1	0	1	1	1	1	1	0	0	1	1	1	0
Mp1g02920	pos	0	0	0	0	0	1	0	0	0	0	0	1	0	1	1	1	0	0	0	1	0	1	1	1	0	1	0	1	1	1	0	1	0	0	0	1	0	0	0	1	1	1	1	0	0	0
Mp1g07900	pos	0	0	1	1	1	0	1	1	1	0	0	1	0	0	1	0	0	0	1	0	1	0	1	0	1	0	1	1	1	1	0	0	0	0	0	0	0	0	1	1	1	1	0	1	0	0
Mp1g09800	pos	0	1	0	1	1	0	1	0	0	0	0	0	1	0	1	1	0	0	0	1	0	1	1	0	0	1	1	0	1	1	0	1	0	0	0	0	1	1	0	0	1	1	1	1	1	0
Mp1g17560	pos	0	1	1	1	1	0	1	0	0	0	0	0	1	1	0	0	0	1	0	1	0	0	0	0	1	1	0	0	0	0	1	0	1	1	0	0	1	0	1	1	0	0	1	0	0	0
Mp1g17960	pos	0	1	1	1	1	1	1	0	0	1	0	0	1	1	1	1	0	1	1	1	0	0	1	0	1	0	0	0	1	0	0	0	1	0	0	1	1	1	1	1	1	1	1	1	1	0
Mp1g20050	pos	0	0	1	0	0	1	1	1	1	0	0	0	0	1	1	1	0	0	0	0	1	0	0	0	1	1	1	0	0	0	1	0	0	0	0	0	0	1	1	1	1	0	0	0	1	1
Mp1g20650	pos	0	0	1	1	0	0	1	0	0	1	1	0	1	1	1	1	0	1	0	1	1	0	0	0	1	0	1	1	1	0	0	0	1	0	0	0	0	0	1	1	1	1	0	1	0	0
Mp1g22130	pos	0	1	0	1	0	1	0	1	0	1	0	0	1	0	1	1	0	0	0	1	1	0	0	0	1	0	0	0	1	1	0	0	0	0	0	0	0	0	1	1	1	0	0	0	1	1
Mp1g22360	pos	0	1	1	0	0	1	1	0	1	0	0	0	0	0	1	0	0	1	1	1	0	0	1	1	1	1	1	0	1	0	0	1	1	0	0	0	1	0	0	0	1	1	0	1	1	1
Mp1g23220	pos	0	1	0	1	0	0	0	0	1	0	0	0	1	0	1	1	0	1	0	1	1	0	1	0	1	1	1	0	1	0	1	0	1	0	0	1	1	1	0	1	1	0	1	0	1	0
Mp1g23770	pos	1	0	1	0	0	0	1	1	0	0	0	0	1	0	0	1	0	1	1	0	0	0	0	0	1	0	0	0	0	1	0	1	0	0	0	0	0	0	0	1	0	1	0	1	0	0
Mp1g27640	pos	0	0	1	0	1	1	1	0	0	1	0	0	1	1	1	1	0	1	0	1	1	1	1	0	1	1	0	0	1	0	0	0	0	0	0	1	1	1	0	0	0	1	0	1	1	0
Mp2g00840	pos	0	0	1	1	1	1	1	0	0	1	0	0	1	1	1	1	0	0	0	0	1	0	1	0	0	0	1	1	1	0	1	0	0	0	0	1	1	1	1	0	1	1	1	0	1	1
Mp2g00860	pos	0	1	1	1	1	1	1	0	1	1	1	0	0	1	0	1	0	0	0	1	1	0	1	0	1	0	1	1	1	0	0	0	1	0	0	0	0	0	1	1	1	1	1	1	1	1
Mp2g01350	pos	0	1	1	1	1	1	1	0	0	0	0	0	1	1	1	1	0	1	1	0	1	0	1	1	1	1	1	1	1	1	1	0	0	0	0	1	1	1	0	1	0	0	0	0	1	0
Mp2g01850	pos	0	0	0	1	1	0	0	0	0	0	0	0	1	1	0	1	0	1	0	1	1	0	1	1	1	0	1	0	1	1	1	0	0	0	0	0	1	0	0	1	1	1	0	0	0	1
Mp2g02510	pos	0	1	1	1	1	0	1	1	1	1	1	0	1	1	1	0	0	1	1	1	1	0	1	0	0	1	1	0	1	1	0	0	1	0	1	1	1	0	1	0	1	1	0	0	1	0
Mp2g03240	pos	0	1	0	1	0	1	1	0	1	0	0	0	1	0	1	0	0	1	1	1	1	0	1	0	0	1	0	0	0	0	1	0	0	0	0	1	0	0	1	0	1	1	1	0	0	0
Mp2g04400	pos	0	1	1	0	0	0	1	0	0	0	0	0	0	1	1	1	0	0	0	0	0	0	1	1	0	1	1	1	1	1	1	1	0	0	0	1	1	0	1	1	0	1	1	0	0	1
Mp2g04480	pos	0	1	0	1	0	0	1	0	1	1	0	0	0	0	1	0	0	0	1	1	1	0	1	1	1	1	1	0	0	1	0	0	1	1	0	1	1	0	0	0	0	1	1	0	1	0
Mp2g06930	pos	0	1	1	0	1	0	1	0	0	1	1	0	1	0	1	0	0	1	1	1	1	0	0	0	1	0	1	0	0	1	0	0	1	1	1	1	1	1	1	0	1	1	0	0	0	0
Mp2g07840	pos	0	0	1	1	1	0	1	0	0	0	0	0	0	1	1	1	1	0	0	0	0	0	1	1	1	1	1	0	1	1	0	0	1	1	0	1	1	0	1	1	0	1	1	0	1	0
Mp2g08550	pos	0	0	1	1	0	1	1	0	1	0	0	0	1	0	0	1	0	1	1	0	1	0	1	0	1	0	0	0	0	1	0	1	1	0	0	1	1	1	1	1	1	0	0	1	1	0
Mp2g08570	pos	0	0	1	0	1	1	0	0	0	1	1	0	0	1	1	0	1	0	1	1	0	0	1	0	1	0	0	0	0	1	0	0	1	0	1	1	0	0	0	0	0	1	0	0	0	0
Mp2g08760	pos	0	0	1	0	0	0	1	0	1	1	1	0	1	1	1	0	0	1	1	1	1	0	1	0	1	1	0	1	1	1	0	0	1	1	1	1	1	1	0	1	1	0	0	1	0	0
Mp2g09380	pos	0	0	1	0	1	1	1	0	0	1	0	1	0	0	0	1	0	1	0	1	0	0	1	1	0	0	0	0	1	0	0	0	0	0	0	1	1	0	0	1	0	1	1	0	1	0
Mp2g10020	pos	0	1	1	1	1	1	1	0	0	1	1	0	1	1	1	0	0	0	0	1	1	0	1	0	1	0	1	0	1	0	0	1	1	0	1	1	1	1	1	1	1	1	0	0	0	0
Mp2g10330	pos	0	1	0	0	0	1	1	0	0	0	0	0	0	1	1	1	0	0	0	0	1	1	1	0	1	0	0	0	0	0	0	1	0	0	0	1	1	0	0	0	0	0	0	0	1	0
Mp2g10410	pos	1	1	1	1	1	1	1	1	1	1	0	0	0	1	1	0	0	1	1	1	1	0	1	0	1	1	1	0	1	0	1	0	1	1	0	0	0	0	1	1	1	0	1	1	0	0
Mp2g11830	pos	0	0	1	1	1	1	1	0	0	1	0	0	1	0	1	1	0	1	0	0	1	1	0	0	1	1	0	0	1	1	0	0	1	0	1	0	1	1	1	1	1	1	0	0	1	0
Mp2g12200	pos	0	0	1	1	1	1	0	0	1	0	0	1	1	1	1	0	1	1	0	1	0	0	0	0	1	1	1	0	1	0	0	0	1	0	1	1	1	0	1	1	0	0	0	1	0	0
Mp2g13740	pos	1	1	1	1	1	1	0	0	0	1	1	0	0	1	1	0	1	0	0	0	1	0	0	0	1	1	1	1	1	1	1	1	1	1	0	1	1	0	1	1	1	1	1	1	1	0
Mp2g18480	pos	0	0	0	0	1	0	0	1	0	0	0	0	0	0	1	0	1	0	0	0	0	1	1	1	1	1	1	1	1	1	1	0	1	0	1	1	0	0	1	1	0	1	1	1	0	0
Mp2g21520	pos	0	0	0	0	1	0	1	0	1	0	0	0	0	1	0	0	1	0	1	1	1	0	1	0	1	1	0	1	1	0	0	0	1	0	0	1	1	1	1	1	1	1	0	1	1	0
Mp2g21920	pos	0	1	1	1	1	0	1	0	0	1	1	0	0	1	1	1	1	1	0	1	1	0	1	1	1	0	1	0	0	1	0	0	1	0	0	0	1	0	1	0	1	1	1	0	0	1
Mp2g22900	pos	0	0	1	0	1	1	0	0	1	0	0	0	0	0	0	1	0	0	1	0	1	1	0	0	1	1	0	0	1	0	1	0	1	0	1	1	1	0	1	1	1	1	0	0	1	0
Mp2g26010	pos	1	1	1	1	1	0	1	0	0	0	0	0	1	1	1	1	0	1	1	0	0	0	1	0	1	1	0	1	1	1	1	0	1	1	0	0	1	0	1	0	1	1	1	0	1	0
Mp3g02410	pos	1	0	1	0	0	1	1	1	0	1	1	0	1	1	1	1	0	0	1	1	1	0	1	0	1	0	0	1	1	1	1	0	1	0	1	0	0	0	1	1	1	0	0	0	1	0
Mp3g03100	pos	0	1	1	0	0	0	1	0	0	0	0	1	0	1	1	1	1	0	1	0	1	0	1	1	0	1	1	1	0	1	1	1	1	0	0	0	1	0	0	0	0	0	0	0	1	1
Mp3g05490	pos	0	0	1	0	1	0	1	1	0	0	0	0	1	0	1	0	0	1	0	1	1	0	0	0	0	1	1	0	1	0	0	0	0	0	0	1	1	0	0	1	1	1	0	1	1	1
Mp3g11160	pos	1	0	1	1	1	1	1	0	1	1	1	0	0	1	1	1	0	0	1	1	1	0	0	0	1	1	1	1	1	0	0	0	1	1	0	1	1	0	1	1	1	1	1	1	1	0
Mp3g12930	pos	0	1	1	1	0	1	0	0	0	0	0	0	1	1	1	0	0	0	0	1	0	1	1	0	1	1	0	0	1	1	0	1	1	1	1	0	1	0	1	1	1	0	1	0	0	0
Mp3g15770	pos	1	0	1	0	1	0	0	0	0	1	0	0	1	1	0	1	1	1	0	1	0	0	1	0	1	0	0	1	0	1	1	0	1	0	1	0	1	0	1	0	1	1	1	0	1	1
Mp3g15910	pos	0	0	1	0	1	1	1	0	1	1	1	0	1	0	1	0	0	1	0	1	1	1	1	0	0	0	1	1	0	0	0	0	1	0	0	0	0	0	1	1	1	0	1	0	0	1
Mp3g17580	pos	0	1	1	0	1	1	1	0	0	0	0	0	0	1	0	0	0	1	1	0	0	1	0	0	1	1	0	0	1	1	1	1	1	1	0	0	1	0	1	0	1	1	0	0	0	0
Mp3g18190	pos	1	1	1	1	1	1	1	0	0	0	0	0	1	1	0	1	0	1	1	1	1	0	1	1	1	0	0	1	1	1	0	1	1	1	0	1	1	0	1	1	0	0	0	0	1	0
Mp3g18450	pos	0	1	1	1	0	1	1	0	0	1	0	0	0	1	1	1	1	0	0	0	1	1	1	0	1	1	1	0	1	1	0	1	1	0	1	1	1	0	1	1	1	1	1	1	0	0
Mp3g19380	pos	0	1	1	1	0	0	0	0	1	1	1	0	1	1	1	1	0	1	0	1	0	1	0	0	1	1	1	1	1	0	0	0	1	0	1	1	1	1	1	0	1	1	0	1	1	0
Mp3g20250	pos	0	1	1	1	0	1	1	0	0	1	1	0	1	1	1	0	0	1	0	1	1	0	0	0	1	1	1	0	1	0	0	1	1	0	0	1	1	1	1	1	1	1	0	1	1	0
Mp3g20260	pos	0	0	0	0	1	1	1	0	0	1	0	0	1	1	0	0	0	1	1	0	0	0	1	0	0	0	0	0	0	1	1	1	0	0	0	1	1	1	1	1	1	1	0	1	1	0
Mp3g20570	pos	1	1	1	1	0	0	1	1	0	1	1	0	1	0	1	1	0	0	0	0	0	1	1	1	1	1	0	0	0	1	0	0	1	0	0	1	1	1	0	1	0	1	1	1	1	1
Mp3g21010	pos	0	1	1	1	0	0	0	0	0	1	1	0	1	1	1	1	1	0	0	1	0	1	0	0	0	1	0	1	1	1	0	0	1	0	1	1	1	1	1	1	1	1	1	0	1	0
Mp3g23380	pos	0	1	1	0	1	1	1	0	1	1	1	0	0	0	1	1	1	0	0	1	0	1	1	0	1	0	1	0	1	1	0	1	1	0	0	1	0	0	1	1	1	0	0	1	0	0
Mp3g24940	pos	0	0	0	1	0	0	0	0	1	1	1	0	0	1	1	1	0	0	1	1	0	1	0	0	1	1	1	0	1	0	0	0	1	0	0	1	1	0	1	0	0	1	1	0	1	0
Mp4g01510	pos	0	1	1	1	1	0	1	0	0	0	0	1	1	1	1	1	1	1	0	1	0	0	1	0	0	0	0	0	1	0	0	0	1	0	0	1	0	0	1	0	1	1	1	0	1	0
Mp4g02070	pos	0	1	1	1	1	0	1	0	1	1	1	0	0	1	1	1	1	0	1	0	0	0	0	0	1	1	0	0	1	1	1	1	1	1	1	0	1	0	1	0	0	1	0	0	1	0
Mp4g03920	pos	0	0	1	0	1	1	1	1	0	1	1	0	1	0	1	1	0	1	0	1	1	1	1	1	0	1	1	0	1	1	1	0	1	0	1	1	1	1	0	1	0	0	1	0	1	1
Mp4g04210	pos	0	1	1	0	0	0	0	0	1	0	0	0	0	0	1	0	0	0	0	0	0	0	0	0	0	0	0	0	0	0	0	0	0	0	0	0	0	0	1	1	0	1	1	0	1	0
Mp4g05970	pos	1	1	1	0	1	0	0	0	0	1	0	0	0	0	0	1	0	1	0	1	1	0	0	0	1	1	0	0	0	0	0	0	1	0	0	1	1	0	0	1	1	1	1	0	1	0
Mp4g05980	pos	1	1	1	0	1	0	0	0	0	0	0	1	1	0	0	1	0	1	0	0	0	0	0	0	1	1	1	0	0	1	0	0	1	0	1	1	1	0	0	1	1	0	1	0	1	0
Mp4g05990	pos	0	1	1	1	1	0	1	0	0	1	0	0	1	0	0	1	0	1	0	0	1	0	1	1	1	1	1	1	0	1	1	0	1	0	0	0	0	0	1	1	1	1	0	1	1	0
Mp4g06040	pos	0	0	1	0	1	1	1	0	0	0	0	0	1	0	0	1	0	1	0	0	0	0	1	1	1	1	1	0	1	1	1	0	1	0	1	0	0	0	1	1	1	1	0	1	1	0
Mp4g08220	pos	0	1	1	1	1	1	0	0	1	1	0	0	1	0	1	1	0	0	1	1	1	1	1	0	1	1	0	0	1	0	0	0	0	0	0	1	0	1	1	0	1	1	1	0	1	0
Mp4g08470	pos	0	1	0	0	1	1	1	0	0	0	0	0	0	0	1	1	0	1	1	0	1	0	1	1	1	0	0	0	1	1	0	0	1	0	0	1	1	0	1	1	1	1	0	1	0	1
Mp4g08980	pos	0	0	1	1	0	0	0	0	0	0	0	0	0	1	0	0	0	0	0	0	1	0	0	0	0	0	0	0	1	0	0	0	0	0	0	0	0	0	1	0	1	0	0	0	0	0
Mp4g09300	pos	0	0	1	1	1	0	1	1	0	0	0	0	1	0	0	1	0	1	1	1	1	1	1	1	1	1	1	1	1	0	1	0	1	0	1	1	1	1	1	1	1	1	0	1	1	1
Mp4g10620	pos	1	1	0	1	0	1	0	1	0	1	1	1	1	0	0	1	0	0	1	1	1	0	0	0	1	0	0	0	0	0	1	1	1	1	0	1	1	0	1	1	0	1	0	1	0	1
Mp4g10800	pos	0	1	1	0	0	1	0	0	0	1	1	0	0	1	1	1	0	1	0	1	1	0	1	1	1	1	1	0	1	1	0	0	1	0	1	1	0	0	1	0	1	1	1	1	0	1
Mp4g11220	pos	0	1	1	1	1	0	0	0	0	1	0	0	0	1	1	1	1	1	0	1	1	0	0	0	1	1	0	0	0	0	0	0	1	1	0	0	0	0	0	0	0	1	0	1	1	0
Mp4g12230	pos	0	0	1	1	0	0	1	0	0	0	0	0	0	1	1	0	1	1	1	1	0	0	1	0	1	0	1	1	0	0	0	0	1	0	0	1	1	1	0	1	1	1	1	0	1	1
Mp4g13040	pos	0	1	0	1	1	1	1	0	1	0	0	0	1	0	1	1	0	0	1	1	0	0	1	1	0	0	1	0	0	0	0	0	1	0	1	0	0	0	1	1	1	0	0	0	0	1
Mp4g15570	pos	0	0	0	1	1	1	1	0	0	1	0	0	0	1	0	1	0	0	0	1	0	0	1	0	0	0	1	0	0	0	0	1	1	1	0	0	0	0	1	0	0	0	0	0	1	0
Mp4g16860	pos	0	1	1	1	1	0	1	0	0	1	1	0	0	1	0	1	0	0	1	0	1	0	1	1	1	1	1	0	1	0	1	0	1	1	0	1	1	0	0	0	1	1	1	1	1	1
Mp4g17350	pos	0	1	1	0	0	1	1	1	0	0	0	0	1	1	1	0	1	1	0	1	0	0	1	0	0	1	0	0	1	1	0	0	1	1	1	1	1	0	1	0	1	1	0	0	1	0
Mp4g17880	pos	1	0	0	1	0	1	0	0	1	1	0	1	0	1	0	0	1	1	0	0	0	0	0	0	0	1	1	0	0	0	1	0	0	0	0	0	0	0	1	0	1	1	1	0	1	0
Mp4g19840	pos	1	1	0	1	0	1	1	0	0	0	0	0	1	1	0	1	0	0	1	1	1	0	1	0	1	1	1	0	0	1	0	0	0	0	0	1	0	0	1	1	1	1	0	0	0	1
Mp4g20690	pos	0	1	1	1	0	0	1	1	0	0	0	0	0	1	1	1	0	0	0	0	0	0	1	0	1	1	0	0	0	0	0	0	1	0	1	1	1	1	0	1	1	1	0	0	1	0
Mp4g22420	pos	0	0	1	1	1	1	1	0	1	1	0	0	1	1	0	1	0	1	0	0	0	0	1	1	1	1	1	1	1	0	0	0	1	0	0	1	1	0	1	0	0	1	0	1	0	0
Mp5g02270	pos	0	1	1	1	0	0	0	0	0	0	0	0	1	1	0	0	0	0	0	1	1	0	1	0	1	1	1	1	1	0	0	0	0	0	0	1	0	0	0	0	0	1	0	1	1	1
Mp5g02510	pos	0	0	1	1	0	0	1	1	1	1	1	0	0	1	1	1	0	0	1	1	1	1	0	0	1	1	1	0	0	0	0	0	1	0	0	0	1	1	1	1	0	0	0	1	1	0
Mp5g03580	pos	0	0	0	1	1	1	0	0	1	0	0	0	1	1	0	0	1	1	1	1	1	0	1	1	1	0	1	1	1	1	1	1	1	0	1	1	1	0	1	1	0	1	0	0	0	0
Mp5g07330	pos	0	1	1	0	1	1	0	0	0	1	0	0	1	1	1	1	0	1	1	1	1	0	0	0	1	1	1	0	1	1	0	0	1	1	0	1	1	0	1	1	1	0	0	1	0	0
Mp5g09400	pos	0	0	0	1	1	1	0	0	1	1	0	1	1	0	0	1	0	1	1	1	1	0	0	0	1	1	0	0	0	1	0	0	0	0	0	1	1	1	1	1	1	1	0	0	0	1
Mp5g15650	pos	0	0	0	0	0	1	0	0	1	1	1	0	0	1	0	0	1	1	1	0	1	0	1	0	1	0	1	1	0	1	1	0	1	1	0	0	0	0	0	1	1	0	1	1	0	0
Mp5g16540	pos	1	1	1	1	0	1	0	0	0	1	0	1	0	1	1	1	0	0	0	0	0	0	0	0	1	1	0	0	0	1	0	0	1	1	0	1	0	0	1	1	1	0	1	1	1	0
Mp5g18380	pos	0	1	1	1	0	0	0	0	0	1	1	0	1	0	0	1	0	0	1	1	0	0	1	1	1	1	1	0	1	0	0	1	1	0	1	1	1	0	1	1	1	1	0	0	0	0
Mp5g21100	pos	0	0	1	0	0	1	0	1	0	1	0	0	1	1	1	0	0	1	1	1	1	1	0	0	1	0	0	1	1	1	0	0	1	0	1	1	1	1	0	0	1	1	0	1	1	1
Mp5g24210	pos	0	1	1	1	1	1	1	0	1	1	1	1	0	1	0	1	0	1	0	1	0	0	0	0	1	0	1	1	1	1	1	0	1	1	0	0	0	0	1	0	1	0	1	0	1	1
Mp6g02030	pos	0	1	1	1	1	1	1	0	0	1	1	0	1	0	0	1	1	0	1	1	1	0	0	0	1	1	0	0	1	0	0	0	1	1	1	0	0	1	1	1	1	1	0	1	0	1
Mp6g02060	pos	1	1	0	1	0	1	0	0	0	1	1	0	1	0	1	1	0	1	0	1	1	1	0	0	1	1	1	1	1	1	0	1	1	1	0	1	1	0	0	1	1	0	1	0	0	0
Mp6g02070	pos	1	1	0	1	1	1	1	0	0	1	1	0	1	0	1	1	0	1	0	1	1	1	1	1	1	1	1	1	1	1	0	1	1	1	0	1	1	1	0	1	1	0	1	0	0	0
Mp6g03030	pos	0	0	1	1	1	0	1	0	0	1	0	0	0	0	0	0	0	0	0	1	0	0	1	1	0	1	1	0	1	1	1	0	0	0	0	1	0	0	0	1	1	1	0	0	0	1
Mp6g03090	pos	0	1	1	1	1	1	0	0	1	1	0	0	1	1	1	0	1	1	1	1	0	0	1	1	1	0	1	0	1	1	0	1	1	0	1	1	1	1	1	0	0	0	0	0	1	0
Mp6g04710	pos	0	1	1	1	1	1	0	0	0	1	1	0	1	0	1	1	0	0	0	0	1	0	0	0	1	1	0	0	1	1	0	1	1	1	0	1	1	0	1	0	1	1	0	0	1	0
Mp6g05430	pos	0	1	1	0	1	1	1	0	1	0	0	0	0	0	0	0	0	1	0	0	1	1	1	1	1	1	0	0	0	1	0	0	1	0	0	0	1	0	1	1	0	1	1	1	0	0
Mp6g07950	pos	0	0	1	0	1	1	1	0	0	1	0	0	0	1	1	1	0	0	1	0	1	1	0	0	1	0	0	0	1	1	0	0	0	0	0	1	0	0	1	1	1	1	0	1	1	0
Mp6g09570	pos	0	1	1	1	1	1	1	0	1	1	1	0	1	0	1	0	1	1	1	1	0	0	1	1	1	1	1	1	1	0	1	0	1	1	0	1	0	0	0	0	1	0	1	1	1	0
Mp6g09630	pos	0	1	1	1	1	0	0	1	0	0	0	0	1	1	0	1	0	1	1	1	1	0	1	1	1	1	1	1	0	0	0	1	1	0	0	0	0	0	1	0	1	0	1	0	1	0
Mp6g10900	pos	1	1	1	1	0	0	0	0	1	1	0	0	0	1	1	1	1	0	1	1	1	0	1	1	1	1	1	0	1	1	0	1	1	0	0	1	0	0	0	0	1	0	0	0	1	1
Mp6g10990	pos	0	1	0	0	1	1	1	1	0	1	0	0	1	0	0	1	0	0	0	0	1	0	1	0	1	1	1	0	0	0	0	1	1	0	0	1	1	1	0	0	1	0	1	1	0	1
Mp6g11720	pos	1	0	1	0	0	0	1	0	0	0	0	0	1	1	0	1	0	1	0	1	0	0	0	0	1	1	0	0	1	1	0	1	1	0	1	0	1	0	1	1	1	0	0	1	1	1
Mp6g11790	pos	1	0	1	1	1	1	1	0	0	0	0	0	1	1	1	1	0	1	1	0	1	0	0	0	1	0	1	0	1	0	1	0	1	0	1	0	1	0	1	1	1	0	1	0	1	0
Mp6g13590	pos	0	0	1	1	0	0	0	0	0	1	1	0	0	1	0	1	0	1	0	1	1	0	0	0	1	1	1	0	1	0	1	1	1	0	0	1	1	0	0	0	1	1	1	1	0	0
Mp6g15460	pos	0	1	1	0	0	0	1	0	0	0	0	1	0	0	0	1	1	1	0	0	1	0	1	1	1	1	1	0	0	0	0	1	0	0	0	0	0	0	1	0	0	0	1	0	0	1
Mp6g17230	pos	0	0	1	1	1	0	1	1	1	0	0	0	0	0	0	0	0	1	0	0	0	1	1	0	0	1	1	0	1	1	1	1	0	0	0	1	1	1	0	1	1	1	1	0	1	0
Mp6g17240	pos	0	1	0	1	0	0	0	0	0	1	1	0	0	1	0	0	1	0	1	1	0	0	1	0	1	1	0	0	1	1	0	0	1	0	1	1	1	1	0	0	0	0	0	0	0	1
Mp6g17540	pos	0	1	0	1	1	0	0	0	1	1	1	0	1	1	0	0	0	0	0	1	1	0	1	0	1	1	0	0	0	0	1	1	1	0	0	1	1	0	1	1	1	1	1	1	0	1
Mp6g17700	pos	0	0	1	0	1	0	1	1	1	1	1	0	0	0	1	1	0	1	1	0	1	0	1	0	1	1	1	0	1	0	0	0	1	1	0	1	1	1	1	0	1	1	1	1	0	1
Mp6g17720	pos	0	0	1	0	1	1	1	1	1	1	0	0	1	1	1	1	1	1	1	0	0	1	0	0	0	1	1	0	1	0	0	1	1	0	0	1	1	1	1	1	1	1	1	0	1	0
Mp6g18030	pos	1	1	0	0	0	1	1	1	1	0	0	1	1	1	1	1	0	0	1	1	0	1	1	0	0	0	1	0	0	0	1	1	0	0	0	0	1	0	1	0	1	0	1	1	1	1
Mp6g18130	pos	1	0	1	1	0	1	1	1	0	1	1	0	0	0	1	1	1	0	0	0	0	0	1	0	1	1	1	1	0	0	0	0	1	1	0	1	0	0	0	0	1	1	0	1	1	1
Mp6g18450	pos	0	0	1	0	0	0	0	0	0	0	0	1	0	1	0	0	0	1	0	0	0	0	1	0	1	1	0	0	0	1	0	1	1	0	0	0	0	1	1	0	1	1	1	1	1	1
Mp6g20290	pos	0	1	1	1	1	1	1	0	0	0	0	0	1	1	0	1	0	1	0	0	0	1	1	0	0	0	0	0	1	1	0	0	1	0	0	1	1	0	0	1	0	0	0	1	1	0
Mp6g20490	pos	0	0	1	1	0	0	0	0	0	0	0	0	1	1	1	0	1	0	0	0	1	0	0	0	0	1	1	0	1	1	0	1	0	0	0	0	0	0	1	1	1	0	0	1	0	1
Mp6g20540	pos	0	0	0	1	0	1	1	0	0	0	0	0	1	0	1	0	1	0	1	1	1	0	1	1	1	1	0	0	1	0	1	0	1	1	1	1	1	0	1	1	1	0	0	0	0	1
Mp7g01590	pos	0	1	0	1	1	0	1	0	0	0	0	0	0	1	0	1	0	0	1	1	0	0	0	0	1	1	0	0	1	1	1	1	1	0	1	0	1	1	0	1	0	1	0	0	0	0
Mp7g03040	pos	0	0	0	0	0	1	0	0	0	0	0	0	0	1	0	0	0	0	0	0	1	1	1	1	0	0	0	0	1	1	0	0	0	0	0	1	0	0	1	1	0	0	1	1	1	0
Mp7g03650	pos	0	0	1	0	0	1	1	0	0	0	0	0	1	0	1	1	0	1	0	0	1	0	1	0	1	1	1	0	0	0	1	1	0	0	0	0	0	0	1	1	0	0	1	0	1	0
Mp7g04800	pos	0	0	1	0	0	0	1	0	0	0	0	0	1	0	1	0	0	0	0	1	0	0	1	1	0	1	1	0	0	1	0	0	1	0	0	1	0	0	1	0	1	0	0	1	0	0
Mp7g05640	pos	0	1	1	1	1	0	0	0	1	0	0	0	1	0	0	1	0	0	1	0	0	0	1	0	0	0	0	0	0	0	0	0	0	0	0	0	1	0	0	0	0	1	0	0	0	0
Mp7g06830	pos	0	0	0	1	0	0	1	0	1	1	0	0	0	1	0	0	0	1	0	1	0	0	1	0	1	1	1	0	0	1	0	0	0	0	0	1	1	0	1	0	0	1	0	1	1	1
Mp7g10210	pos	0	1	1	1	1	0	0	1	1	1	1	0	1	0	1	1	0	1	1	0	0	0	1	0	1	1	1	0	1	1	1	0	1	0	1	0	0	0	1	0	1	0	1	0	1	0
Mp7g10430	pos	0	0	0	1	0	1	1	0	1	1	0	1	1	0	1	0	0	0	1	1	0	0	0	0	0	1	1	0	1	0	0	1	0	0	0	1	0	0	1	1	1	0	0	0	0	0
Mp7g13630	pos	0	0	1	1	0	0	0	0	0	1	1	0	1	0	0	0	0	1	0	0	0	1	0	0	0	1	0	0	0	1	0	0	1	0	1	0	1	0	1	0	0	1	0	0	1	0
Mp7g14140	pos	0	1	1	0	1	0	1	1	0	0	0	0	0	1	0	1	1	0	1	1	1	0	0	0	1	0	0	1	1	0	0	0	0	0	0	0	1	0	1	1	0	0	0	1	1	0
Mp7g15270	pos	0	0	0	0	0	1	0	0	0	0	0	0	1	1	0	1	1	1	0	0	1	0	0	0	0	1	0	0	1	1	0	0	0	0	0	0	0	0	1	1	1	1	1	1	0	1
Mp7g19390	pos	0	1	1	1	1	1	1	1	0	1	0	0	1	1	0	1	1	1	1	1	1	0	0	0	1	0	1	1	1	0	0	0	0	0	0	1	0	0	0	0	0	0	1	1	0	1
Mp8g00110	pos	0	0	1	1	0	1	0	0	0	1	0	0	0	1	1	1	0	1	1	0	0	1	0	0	0	1	0	0	1	1	1	0	0	0	0	1	0	0	1	0	1	0	0	1	1	0
Mp8g00200	pos	0	1	1	1	1	1	1	0	1	0	0	0	1	0	0	1	0	1	0	0	0	0	0	0	1	1	0	0	1	1	0	0	1	0	1	1	0	1	1	0	1	1	1	0	0	0
Mp8g07710	pos	0	1	0	0	0	1	0	0	1	1	0	0	1	1	1	1	1	1	0	1	0	0	1	0	1	1	1	0	1	1	0	1	1	0	1	1	1	1	1	1	1	1	1	1	0	1
Mp8g08860	pos	0	0	1	1	1	1	0	0	0	1	1	0	1	1	1	1	1	0	1	1	1	0	1	0	1	1	0	1	1	1	0	0	1	0	0	1	1	0	1	1	1	1	0	0	0	0
Mp8g10370	pos	0	1	1	1	0	0	1	0	1	1	1	0	0	1	0	1	0	1	0	1	1	0	1	0	0	0	0	0	0	0	0	1	1	1	1	1	1	1	1	1	0	1	0	1	1	1
Mp8g10500	pos	0	0	0	1	0	0	0	0	0	1	0	0	0	0	1	1	0	1	1	0	1	0	1	1	1	1	1	0	0	1	0	1	0	0	0	1	0	0	0	1	1	1	1	1	1	1
Mp8g13070	pos	1	1	1	0	0	0	1	1	0	0	0	0	0	0	1	1	0	0	0	1	1	0	1	1	0	1	0	1	0	1	0	0	0	0	0	1	1	0	1	1	0	0	0	0	1	1
Mp8g13140	pos	0	0	0	0	0	1	0	0	0	0	0	0	1	1	1	1	1	0	1	0	0	0	0	0	1	1	0	0	1	0	1	0	1	1	1	1	1	0	1	1	1	1	1	0	0	1
Mp8g13510	pos	0	0	1	1	1	0	1	0	1	1	1	0	0	0	1	0	1	0	0	0	0	1	1	1	1	1	1	0	1	1	1	0	1	1	0	1	1	1	1	1	1	1	0	1	0	0
Mp8g15750	pos	0	1	0	1	1	0	1	0	0	1	0	0	0	0	1	1	1	0	0	0	1	0	0	0	0	1	1	0	0	0	1	1	1	0	0	0	0	1	1	0	1	0	1	0	0	0
Mp8g15970	pos	0	1	1	1	1	0	1	0	0	0	0	0	0	0	0	1	0	1	0	1	0	0	1	0	1	0	1	0	0	0	0	1	0	0	0	1	0	1	0	1	0	1	0	0	0	0
Mp8g17780	pos	0	1	0	0	1	1	0	0	1	1	0	0	1	1	1	1	0	1	0	0	0	0	0	0	1	1	1	0	0	0	0	0	0	0	0	1	1	0	1	0	0	1	1	1	0	1
Mp8g19040	pos	0	1	0	1	0	1	0	0	0	0	0	0	1	1	1	1	0	0	1	1	1	0	0	0	1	0	0	0	1	1	0	0	1	0	1	1	1	0	0	0	1	1	1	1	1	0
Mp1g01600	neg	0	1	0	1	0	0	1	0	0	0	0	0	0	0	0	1	0	0	1	0	0	0	1	1	0	1	1	0	1	1	0	0	0	0	0	1	1	0	0	1	1	1	1	0	0	0
Mp1g02380	neg	0	0	1	1	1	1	0	0	0	1	1	0	0	1	0	1	1	1	0	1	0	1	0	0	0	1	0	0	0	0	0	0	1	0	0	1	1	0	0	0	0	0	0	0	0	0
Mp1g02590	neg	0	0	0	1	0	1	0	0	0	0	0	0	1	1	1	0	0	0	0	1	0	0	0	0	1	0	0	0	1	0	0	0	1	0	0	0	1	0	1	0	1	1	1	0	0	0
Mp1g05000	neg	0	0	1	1	1	0	1	0	0	0	0	0	0	0	1	1	0	1	0	1	1	1	0	0	1	0	0	0	0	1	0	1	0	0	0	1	0	0	1	0	0	0	0	0	0	0
Mp1g10120	neg	0	0	0	0	1	0	0	0	0	1	0	0	0	0	1	0	0	1	0	1	0	0	1	1	1	0	0	0	1	1	0	0	0	0	0	1	1	0	0	1	0	1	0	0	0	0
Mp1g10400	neg	0	0	0	0	0	0	0	0	0	1	0	0	1	0	1	0	0	0	0	1	1	0	0	0	0	0	0	0	1	1	0	0	1	0	1	1	0	0	1	1	1	0	0	0	0	0
Mp1g10980	neg	0	1	1	0	0	1	1	0	0	0	0	0	1	0	1	0	0	0	0	0	1	0	0	0	0	0	0	0	0	0	0	0	0	0	0	0	0	0	1	0	1	0	0	0	1	0
Mp1g11000	neg	0	1	0	0	1	0	0	0	0	0	0	0	0	1	0	1	0	0	1	0	1	0	1	0	0	1	1	0	1	0	0	0	0	0	0	0	1	0	0	1	0	1	0	0	0	0
Mp1g11300	neg	0	1	1	1	1	0	0	0	0	0	0	0	0	0	1	0	0	1	0	1	1	0	1	0	1	0	0	0	1	0	0	1	1	0	1	0	1	0	1	1	1	1	0	0	0	0
Mp1g12970	neg	0	0	0	1	0	1	0	0	1	0	0	0	0	0	0	0	0	1	0	0	1	0	1	0	0	1	1	0	0	0	0	0	0	0	0	0	0	0	1	0	1	1	0	0	1	0
Mp1g15110	neg	0	0	1	1	1	1	0	0	1	0	0	0	0	1	1	0	0	1	0	0	1	1	0	0	0	1	1	0	0	1	0	0	1	0	1	1	1	0	0	0	1	0	0	0	0	1
Mp1g16950	neg	0	0	1	1	1	0	0	0	0	1	0	0	1	0	0	1	0	1	0	1	0	0	0	0	1	1	1	1	1	0	0	0	1	0	0	0	1	1	1	0	0	1	1	0	1	0
Mp1g17140	neg	0	1	1	0	1	0	1	0	0	1	0	0	0	1	1	1	0	1	1	1	1	0	0	0	0	1	0	0	0	0	0	1	0	0	0	1	1	0	1	1	0	1	0	0	1	0
Mp1g17280	neg	0	1	1	0	1	0	0	0	0	0	0	0	1	0	1	1	1	0	1	0	1	0	1	1	1	1	1	0	1	1	0	0	0	0	0	0	1	0	0	0	1	0	1	0	0	0
Mp1g17790	neg	0	1	0	0	1	1	1	0	0	0	0	0	0	1	0	0	0	0	0	0	0	0	0	0	0	0	0	0	1	0	0	1	0	0	0	0	0	0	1	0	0	0	0	1	0	0
Mp1g17880	neg	0	1	0	1	0	0	0	0	0	0	0	0	1	0	0	0	0	0	0	0	0	0	1	1	1	0	0	0	0	0	0	0	0	0	0	0	1	0	1	0	1	0	0	1	1	1
Mp1g18080	neg	0	0	0	1	0	0	0	0	0	1	0	0	1	0	1	0	0	0	0	1	0	0	0	0	0	0	0	0	1	1	0	0	0	0	0	0	0	0	1	1	1	1	0	1	0	0
Mp1g18660	neg	0	0	0	1	1	0	0	0	0	1	1	0	0	0	0	0	0	0	0	1	0	0	0	0	1	0	0	0	0	0	0	0	1	0	0	0	0	0	1	0	1	1	0	0	1	0
Mp1g18810	neg	0	0	0	0	0	1	1	0	0	0	0	0	1	1	1	0	0	1	0	1	1	0	1	0	1	1	0	0	1	0	1	0	1	0	1	0	1	0	0	0	1	1	0	0	0	0
Mp1g19020	neg	0	0	0	0	0	0	1	0	0	1	1	0	0	1	1	0	0	0	0	0	0	0	1	0	1	0	0	0	1	1	0	0	1	0	0	1	0	0	0	1	0	0	0	0	0	0
Mp1g21070	neg	0	0	0	1	0	0	1	0	0	0	0	0	0	1	0	0	0	0	0	0	0	0	1	1	0	0	1	1	0	0	0	1	0	0	0	1	1	0	0	0	0	0	1	1	0	1
Mp1g21470	neg	0	1	0	1	1	1	0	0	0	1	1	0	1	1	0	0	1	0	0	1	1	0	0	0	0	0	0	0	0	0	1	1	1	1	0	0	0	1	1	0	1	1	0	0	0	0
Mp1g23820	neg	0	0	0	0	0	0	1	0	0	1	0	0	1	1	1	0	0	0	0	1	0	0	1	0	1	1	1	0	1	0	0	0	1	0	0	1	0	0	1	0	0	1	1	1	0	0
Mp1g25740	neg	0	0	1	0	1	0	1	0	1	0	0	1	0	0	1	1	0	0	0	0	0	0	0	0	1	1	1	0	1	1	0	1	0	0	0	0	0	1	0	0	0	0	1	0	1	0
Mp1g25810	neg	0	0	0	1	0	1	1	0	0	0	0	0	1	0	0	0	0	0	0	0	1	0	0	0	1	0	0	0	1	0	0	0	1	0	0	0	1	0	1	1	1	0	1	0	0	0
Mp1g26320	neg	0	0	0	0	0	0	1	0	0	1	0	0	0	0	0	0	0	1	0	0	0	0	0	0	1	0	0	0	1	1	1	0	0	0	0	1	0	0	1	0	0	1	1	0	0	0
Mp1g26740	neg	1	0	0	1	0	0	0	0	0	0	0	0	1	0	0	1	0	1	1	0	0	0	0	0	1	1	0	0	0	0	1	0	0	0	0	0	0	0	1	0	1	1	0	0	0	0
Mp1g27380	neg	0	0	1	1	0	1	0	0	0	0	0	0	1	0	1	0	0	1	0	0	0	0	0	0	1	1	0	0	1	0	1	0	0	0	0	0	1	0	0	1	0	0	0	0	1	0
Mp1g27530	neg	0	0	0	0	0	0	0	0	0	0	0	0	0	0	1	0	0	0	0	0	0	0	1	0	0	1	0	0	1	1	0	0	0	0	0	1	1	1	1	0	1	1	0	0	0	0
Mp1g27590	neg	0	1	0	1	1	0	0	0	0	0	0	0	0	1	0	1	0	0	0	0	1	0	0	0	0	0	0	0	0	0	0	0	0	0	0	1	1	0	1	0	1	0	0	0	0	0
Mp1g27710	neg	0	1	0	0	1	1	1	0	0	0	0	0	1	0	0	1	0	0	0	0	1	0	1	0	0	1	0	0	1	0	0	1	1	1	0	1	1	0	0	1	1	1	0	0	1	0
Mp1g28380	neg	0	1	0	0	0	1	0	0	0	0	0	0	0	1	0	1	0	1	1	0	0	0	1	0	1	0	0	0	0	0	0	0	1	1	0	0	1	0	0	1	1	0	0	0	0	0
Mp2g02140	neg	0	0	0	0	0	0	0	0	1	1	1	0	0	1	1	0	1	1	1	0	0	0	0	0	1	1	0	0	0	0	0	1	1	1	0	0	1	0	1	1	1	1	0	1	0	0
Mp2g02880	neg	0	0	1	1	0	0	0	0	0	1	0	0	0	0	0	0	0	0	0	0	1	0	0	0	0	0	1	0	1	1	0	0	0	0	0	0	0	0	1	1	1	0	0	1	1	0
Mp2g05180	neg	0	1	0	1	0	1	0	0	0	1	0	0	1	0	0	0	0	1	1	0	0	0	1	0	1	1	0	0	1	1	0	0	1	0	1	0	0	0	0	0	0	1	0	0	1	1
Mp2g06280	neg	0	0	0	1	1	0	1	0	0	1	0	0	0	1	1	0	0	0	0	0	1	0	1	0	1	0	0	0	1	1	0	0	0	0	0	1	0	0	0	0	0	0	0	1	1	0
Mp2g06500	neg	0	1	1	1	0	0	0	0	0	0	0	0	0	0	1	0	0	1	1	1	0	0	0	0	0	1	0	0	0	0	1	0	0	0	0	0	1	0	0	0	1	1	0	1	0	0
Mp2g09350	neg	0	0	0	0	1	0	0	0	0	0	0	0	1	0	0	0	0	0	0	1	1	0	1	0	1	0	1	0	0	0	0	1	0	0	0	1	1	1	0	0	0	0	0	0	1	0
Mp2g10350	neg	0	0	1	0	1	1	1	0	1	0	0	0	0	0	1	1	0	0	0	0	0	0	0	0	0	1	0	0	1	0	0	0	1	1	0	1	1	1	1	0	1	1	1	1	0	0
Mp2g11900	neg	0	0	0	1	1	1	1	0	0	1	0	0	0	1	0	0	0	0	0	0	0	0	1	0	1	0	0	0	0	1	0	0	1	0	0	1	0	0	1	0	0	1	0	0	1	1
Mp2g12300	neg	0	0	0	0	0	1	1	0	0	1	0	0	1	0	1	1	0	1	1	0	0	0	1	1	0	1	1	0	0	1	1	0	0	0	0	1	0	1	0	0	1	0	1	0	1	0
Mp2g12870	neg	0	1	1	1	0	1	1	0	0	0	0	0	0	0	0	0	0	0	0	1	0	0	1	1	1	1	1	0	0	0	0	1	1	0	0	0	1	0	0	0	1	0	0	1	0	0
Mp2g13990	neg	0	0	1	0	0	0	0	0	0	0	0	0	0	0	0	0	1	1	0	1	0	0	0	0	1	0	1	0	1	1	0	0	1	0	1	0	1	0	1	1	0	1	0	1	1	0
Mp2g17100	neg	0	0	1	1	0	1	0	0	0	0	0	0	0	1	0	0	0	1	0	1	1	0	0	0	1	0	0	0	0	1	1	1	1	0	0	1	1	0	0	0	1	1	0	0	1	1
Mp2g17450	neg	0	0	1	0	0	1	0	0	0	0	0	0	0	0	0	1	0	1	0	1	0	0	0	0	0	0	0	0	1	1	0	0	0	0	0	1	0	0	0	1	0	0	1	0	1	0
Mp2g17830	neg	0	0	0	1	0	0	0	1	0	0	0	0	1	1	0	0	0	0	1	1	1	0	1	1	1	1	0	0	1	0	0	0	0	0	0	0	0	0	0	1	1	1	0	0	1	0
Mp2g18040	neg	0	0	0	0	0	0	1	0	0	1	1	0	0	0	0	0	0	0	0	0	0	0	1	0	1	1	1	0	0	1	0	0	1	0	0	0	0	0	1	1	0	0	0	0	1	0
Mp2g22320	neg	0	0	1	0	0	0	0	1	0	0	0	0	0	0	1	1	0	0	1	0	0	0	1	0	0	0	1	0	0	1	1	0	0	0	0	0	0	0	1	1	1	0	1	0	1	0
Mp2g23130	neg	0	1	0	1	0	0	0	0	0	0	0	0	0	0	0	1	0	0	1	1	0	0	1	0	0	1	0	0	0	0	0	0	0	0	0	1	1	0	1	1	0	0	0	1	0	0
Mp2g23810	neg	0	1	0	0	0	0	1	0	0	0	0	0	0	1	0	1	0	0	0	0	0	0	1	0	0	0	0	0	0	0	0	0	0	0	0	0	0	0	1	1	1	0	1	1	0	0
Mp3g00280	neg	0	0	0	1	0	1	1	0	1	0	0	0	1	0	1	0	0	0	0	0	1	0	1	0	0	0	0	0	1	0	0	0	0	0	0	0	0	0	1	0	0	0	0	0	0	0
Mp3g00800	neg	0	0	1	1	0	0	1	0	1	0	0	0	1	0	0	0	1	0	1	1	0	0	0	0	0	1	1	0	1	0	0	0	0	0	0	0	0	0	1	0	0	0	0	1	1	0
Mp3g00920	neg	0	0	0	0	1	1	1	0	0	1	1	0	1	0	1	1	0	0	1	0	0	1	0	0	1	0	0	0	0	0	0	0	1	0	1	1	1	0	0	0	1	1	0	0	0	0
Mp3g01330	neg	0	0	1	1	0	0	1	1	1	0	0	0	0	0	0	0	0	0	1	0	0	0	1	0	1	1	0	1	0	0	1	1	0	0	0	1	0	0	0	0	0	0	1	1	1	0
Mp3g02140	neg	0	1	1	0	0	1	0	0	1	0	0	0	0	1	0	1	1	0	0	1	1	0	1	0	1	1	0	1	1	1	1	0	0	0	0	0	0	0	0	0	1	0	0	0	0	1
Mp3g04020	neg	0	1	1	1	1	0	0	0	0	0	0	0	0	1	1	0	0	0	0	1	0	0	0	0	1	0	0	0	1	0	0	0	1	0	1	1	1	0	1	0	1	0	0	0	0	0
Mp3g07170	neg	0	0	1	0	1	0	0	1	0	0	0	0	0	0	0	1	1	0	1	1	0	0	1	0	1	1	0	0	1	0	0	0	1	0	0	0	1	0	1	0	0	0	0	1	0	1
Mp3g10620	neg	0	1	1	1	0	0	1	0	1	0	0	0	0	0	1	0	0	0	0	0	0	0	0	0	0	0	1	0	0	0	0	0	0	0	0	1	0	0	1	0	0	0	0	0	0	0
Mp3g10970	neg	0	0	0	0	1	1	0	0	0	0	0	1	0	1	1	0	0	0	0	0	1	0	0	0	1	1	0	0	1	0	0	0	1	0	1	1	1	0	0	1	1	0	1	1	1	0
Mp3g13290	neg	0	1	1	0	1	1	1	0	0	0	0	0	0	0	0	1	0	0	0	0	0	0	0	0	1	1	1	0	1	0	0	0	1	0	0	1	0	0	1	0	0	0	1	0	0	0
Mp3g15890	neg	0	0	1	0	0	0	0	0	0	0	0	0	0	0	1	1	0	0	1	0	0	0	0	0	1	1	0	0	1	0	1	0	1	0	1	0	0	1	0	1	1	1	0	1	0	0
Mp3g16410	neg	0	0	1	1	0	0	0	0	1	0	0	0	1	0	1	1	0	0	0	1	1	0	0	0	1	1	0	0	1	1	0	0	0	0	0	0	1	0	0	0	0	1	1	0	0	0
Mp3g16880	neg	0	1	1	0	0	1	1	0	1	1	0	0	0	0	0	1	0	0	0	1	1	0	0	0	1	0	0	0	0	0	0	0	1	0	1	0	1	0	1	1	0	1	1	0	0	0
Mp3g18080	neg	0	1	0	0	1	0	1	0	1	0	0	0	0	1	1	0	0	1	0	1	0	0	1	0	1	1	0	0	0	0	0	1	0	0	0	0	0	0	0	0	0	1	1	1	0	1
Mp3g18580	neg	0	0	1	1	1	0	1	0	1	0	0	0	1	1	0	1	0	0	1	1	1	0	1	0	1	1	1	1	0	0	0	0	0	0	0	0	0	0	1	0	1	0	1	1	1	0
Mp3g19170	neg	0	0	1	1	1	0	0	1	1	0	0	0	0	0	1	1	0	0	1	0	0	0	1	1	1	1	1	0	1	1	0	0	0	0	0	0	0	1	1	1	0	0	1	0	0	0
Mp3g19400	neg	0	0	1	0	1	0	0	1	1	1	0	0	1	0	0	1	0	1	0	0	1	0	0	0	0	1	1	0	1	1	0	0	0	0	0	0	1	0	0	0	0	1	0	0	0	0
Mp3g20820	neg	0	1	0	1	0	1	1	0	0	1	1	0	1	0	1	1	0	0	0	1	0	0	0	0	0	1	0	0	0	0	0	0	1	0	0	1	1	1	0	0	0	0	0	0	0	1
Mp3g20850	neg	0	0	0	0	0	1	0	0	0	0	0	0	0	1	1	0	0	0	1	0	1	0	0	0	1	1	1	0	0	0	0	0	0	0	0	1	1	0	1	1	1	1	0	0	1	0
Mp3g21700	neg	0	0	1	1	0	1	0	1	0	0	0	0	1	0	0	1	1	0	0	0	0	1	0	0	0	1	0	0	0	0	0	0	1	0	0	1	1	0	0	1	1	1	0	0	1	0
Mp4g00440	neg	0	0	0	1	0	0	1	1	1	1	1	0	0	0	0	1	0	1	0	0	1	1	0	0	1	0	0	0	0	0	0	0	1	0	1	1	0	0	1	1	1	0	0	0	0	0
Mp4g04310	neg	0	1	1	1	1	0	0	0	0	0	0	0	1	0	1	0	0	0	0	1	1	0	0	0	1	1	0	0	0	0	0	0	1	0	0	1	1	0	1	1	1	0	1	1	1	0
Mp4g04480	neg	0	1	0	0	0	1	0	0	0	0	0	0	0	1	0	1	0	1	0	0	0	0	0	0	1	1	1	0	0	1	0	0	1	0	0	1	1	0	0	0	0	0	1	1	0	1
Mp4g07530	neg	0	1	1	1	1	1	1	1	0	0	0	0	1	1	1	0	0	1	0	1	1	0	0	0	1	0	1	0	1	1	0	0	1	1	0	1	0	0	1	1	0	1	0	0	1	0
Mp4g08680	neg	0	1	0	0	1	1	1	0	0	1	0	0	1	1	0	1	0	1	0	0	0	0	1	0	0	1	1	0	1	0	0	0	0	0	0	0	0	1	1	1	1	1	1	0	1	0
Mp4g14020	neg	0	0	0	0	1	0	1	0	0	0	0	1	1	1	1	0	0	0	0	1	0	0	0	0	1	0	0	0	1	0	1	0	0	0	0	1	0	1	1	0	0	0	0	0	1	0
Mp4g14070	neg	0	0	1	1	0	0	1	0	0	0	0	0	0	1	1	0	0	1	0	0	1	0	0	0	0	1	0	0	0	0	0	0	0	0	0	1	1	1	1	1	0	1	0	0	0	1
Mp4g14760	neg	0	1	1	0	1	0	1	0	1	1	0	0	0	0	1	1	0	0	0	1	0	0	0	0	1	1	0	0	1	0	0	0	1	0	1	0	1	0	1	0	1	1	1	0	0	0
Mp4g19300	neg	0	1	1	0	0	0	0	0	0	1	0	0	0	0	1	0	0	0	0	0	0	0	0	0	0	1	0	0	0	0	1	0	0	0	0	1	1	1	1	1	1	0	1	1	0	0
Mp4g20270	neg	0	1	1	1	0	0	1	0	0	1	0	0	0	0	1	1	0	0	1	1	0	0	0	0	0	1	0	0	0	0	0	0	0	0	0	0	0	0	0	1	1	0	0	0	1	0
Mp4g20630	neg	1	0	1	0	1	0	0	0	0	0	0	0	0	0	0	1	0	0	0	0	1	1	1	0	0	1	0	0	1	1	0	0	1	1	0	1	0	0	0	0	1	1	0	1	0	0
Mp4g20660	neg	0	1	0	0	0	0	0	0	0	1	0	0	0	1	0	0	0	1	0	1	0	1	0	0	1	1	1	0	1	0	1	1	1	0	0	1	0	0	0	1	0	0	0	0	0	0
Mp4g23680	neg	0	1	1	0	0	0	1	0	0	1	1	0	1	1	1	0	0	0	0	0	0	0	0	0	1	0	0	0	1	1	0	0	1	0	0	0	1	0	1	0	1	1	0	0	0	0
Mp5g02890	neg	1	0	1	0	0	0	1	0	0	1	0	0	0	0	1	0	0	1	1	0	0	0	0	0	0	1	0	0	0	1	0	0	0	0	0	1	1	1	0	0	0	0	0	0	1	1
Mp5g03980	neg	0	0	1	0	0	1	0	0	0	0	0	0	1	1	1	0	0	0	0	0	1	0	0	0	1	0	0	0	0	0	0	0	0	0	0	0	0	0	0	0	0	0	1	0	0	0
Mp5g04200	neg	0	0	1	0	0	0	1	0	0	0	0	0	0	1	0	0	0	0	0	0	1	0	1	0	1	1	1	0	0	1	1	0	0	0	0	0	1	0	1	1	0	0	1	0	1	1
Mp5g05580	neg	0	1	1	1	0	0	0	0	0	0	0	0	0	0	1	1	0	0	1	1	0	0	1	0	1	1	1	0	0	1	0	0	0	0	0	0	0	1	0	1	1	0	0	0	1	0
Mp5g06170	neg	1	0	0	0	0	0	1	0	0	1	0	0	0	0	1	0	0	0	0	0	1	0	1	0	1	0	0	1	1	1	0	1	0	0	0	1	0	0	1	0	0	0	1	0	1	0
Mp5g13920	neg	0	0	1	0	1	1	1	0	0	0	0	0	0	0	0	1	0	0	0	0	0	0	1	0	1	0	0	0	0	1	0	0	1	0	0	0	0	0	0	0	1	1	0	0	1	0
Mp5g15100	neg	0	1	1	1	1	1	0	0	0	0	0	0	0	1	1	0	0	1	0	0	1	0	0	0	1	0	1	1	1	0	0	0	1	0	1	0	1	0	1	0	0	0	0	0	0	1
Mp5g16610	neg	0	0	1	0	0	0	1	0	0	0	0	0	0	1	1	1	0	0	1	1	0	0	1	0	1	1	1	0	1	1	0	0	1	0	1	1	0	1	1	0	1	1	0	1	0	0
Mp5g21030	neg	0	0	0	0	0	0	0	0	1	0	0	0	1	1	0	0	0	0	0	1	1	0	1	0	1	0	0	0	1	1	0	0	0	0	0	1	1	0	0	0	0	1	1	1	1	1
Mp5g22450	neg	0	0	0	1	1	1	1	0	0	0	0	0	1	0	1	1	0	1	0	1	0	0	1	0	0	0	0	0	1	0	0	0	1	0	0	0	0	0	0	1	0	1	0	0	0	0
Mp5g23830	neg	0	0	1	1	1	0	1	0	0	0	0	0	0	0	1	1	0	1	0	0	0	1	1	1	0	1	0	0	0	0	1	0	1	0	0	1	0	0	0	0	1	0	0	0	1	0
Mp6g00070	neg	1	1	1	1	1	1	1	0	0	1	1	0	1	0	0	1	0	0	0	0	0	0	1	0	1	0	0	0	1	0	1	0	1	0	1	1	1	0	1	1	0	1	0	1	1	0
Mp6g00570	neg	0	0	1	1	0	0	0	0	0	0	0	0	0	0	0	1	0	1	0	0	0	0	0	0	1	1	0	0	1	0	0	1	0	0	0	0	1	0	0	0	0	0	1	1	0	0
Mp6g02310	neg	0	0	1	0	1	1	1	0	0	0	0	0	1	0	0	1	0	0	1	0	1	0	1	1	1	0	0	0	1	0	0	1	0	0	0	0	0	0	1	0	0	0	0	1	0	0
Mp6g02520	neg	1	0	0	1	1	0	1	0	0	0	0	0	0	0	1	0	0	1	0	0	0	0	0	0	1	0	1	0	0	0	0	0	1	0	0	0	0	0	0	0	1	0	0	1	1	0
Mp6g05420	neg	0	0	0	0	0	0	0	0	0	0	0	0	1	0	1	0	0	1	1	0	0	0	0	0	0	0	0	1	0	1	0	0	0	0	0	1	1	0	1	0	1	1	1	0	0	1
Mp6g06300	neg	0	0	1	1	0	1	0	0	0	1	0	0	0	1	0	1	0	1	0	0	0	0	0	0	0	1	1	0	0	1	0	0	1	0	0	0	0	1	0	0	0	1	1	1	0	1
Mp6g08600	neg	0	1	0	0	0	0	0	0	0	0	0	0	0	0	0	0	0	0	1	1	0	0	0	0	0	1	1	0	1	0	1	0	0	0	0	0	0	0	1	1	0	0	1	0	0	0
Mp6g08990	neg	0	1	1	0	1	0	1	0	0	1	1	0	1	1	0	1	0	0	0	1	0	0	1	0	1	0	0	0	1	0	1	1	1	0	0	1	1	0	1	0	0	0	0	1	1	0
Mp6g09130	neg	0	0	0	1	1	0	1	0	0	0	0	0	1	0	1	0	1	0	0	0	1	0	1	0	0	1	0	1	0	0	0	0	0	0	0	1	0	1	1	0	1	1	0	1	0	0
Mp6g14820	neg	0	0	0	1	0	0	0	0	0	0	0	0	0	0	1	1	0	0	0	0	0	0	0	0	0	1	1	0	1	0	0	1	0	0	0	1	1	0	1	0	1	0	0	0	1	0
Mp6g15430	neg	0	1	0	1	1	1	1	0	0	0	0	0	1	1	1	1	0	0	0	0	0	0	0	0	1	0	1	0	1	0	0	0	1	0	0	0	1	0	0	1	1	0	1	0	1	0
Mp6g15890	neg	0	0	1	1	0	0	1	0	1	0	0	0	0	0	0	0	0	0	0	1	0	0	1	0	0	0	1	0	1	0	0	0	1	1	0	0	0	0	0	1	0	1	1	0	0	0
Mp6g17010	neg	0	1	1	1	0	1	0	0	0	0	0	0	1	0	0	0	1	1	0	0	1	1	0	0	0	1	1	0	0	1	0	0	0	0	0	0	0	0	0	0	0	0	0	0	1	0
Mp6g17780	neg	0	1	0	1	0	0	0	0	0	0	0	0	0	1	1	0	0	0	0	0	1	0	1	0	1	0	1	0	1	0	1	1	1	0	0	0	1	0	1	1	1	1	0	1	0	0
Mp6g19430	neg	0	0	1	0	0	1	0	0	0	0	0	0	1	0	1	0	0	1	1	0	1	1	0	0	1	1	1	0	0	1	0	0	0	0	0	0	0	0	0	1	0	1	0	1	0	0
Mp6g21400	neg	0	0	1	0	0	0	1	0	0	0	0	0	0	0	1	0	0	1	0	0	1	0	0	0	0	1	0	0	1	0	1	0	0	0	0	0	0	0	1	0	1	0	1	0	0	0
Mp6g21410	neg	0	1	1	1	1	1	0	0	1	0	0	0	0	1	1	1	0	0	0	1	1	0	0	0	0	0	1	1	0	1	0	1	0	0	0	1	0	0	1	0	1	0	0	0	1	0
Mp7g03940	neg	0	0	1	0	1	0	0	0	0	0	0	0	0	1	0	1	0	1	0	1	0	0	0	0	1	1	0	1	0	0	1	1	1	0	1	1	1	0	0	0	0	1	0	0	0	0
Mp7g04400	neg	0	1	0	0	0	0	1	0	0	0	0	0	0	0	1	0	0	0	0	1	1	0	0	0	0	1	0	0	0	0	0	0	0	0	0	0	0	0	0	0	1	1	0	0	0	0
Mp7g06720	neg	0	1	0	1	1	0	1	0	0	1	0	0	0	0	0	0	0	0	0	1	0	0	0	0	1	0	0	0	1	1	0	0	0	0	0	1	0	0	0	1	0	1	0	0	0	1
Mp7g06740	neg	0	1	1	1	1	0	1	0	1	0	0	0	1	1	1	1	1	0	1	0	1	1	0	0	1	1	0	0	0	0	0	0	1	1	1	1	1	0	1	0	1	1	1	0	0	0
Mp7g07470	neg	0	0	1	1	0	1	0	0	0	1	0	1	0	1	1	0	0	1	0	1	0	0	0	0	1	0	0	0	0	1	0	0	1	1	0	0	0	0	0	1	0	1	0	0	0	0
Mp7g07750	neg	0	1	0	0	0	0	1	0	0	0	0	0	0	1	0	1	0	1	0	1	0	0	0	0	0	0	1	1	0	0	1	0	0	0	0	0	0	0	0	0	1	1	0	1	0	1
Mp7g07920	neg	0	0	1	0	0	1	0	0	0	0	0	0	1	1	0	1	0	0	1	1	0	0	1	0	1	1	1	1	0	1	0	0	1	0	0	0	0	0	1	1	1	1	0	0	1	0
Mp7g07930	neg	0	0	1	0	0	1	0	0	0	0	0	0	0	0	0	1	1	0	0	1	0	0	1	0	1	1	1	0	0	1	0	0	1	0	0	1	1	0	1	0	0	1	0	0	0	1
Mp7g09910	neg	0	1	0	0	1	1	1	0	1	0	0	0	0	1	1	1	0	0	0	1	0	1	0	0	0	1	0	0	0	0	0	0	1	0	0	0	1	0	0	1	1	1	0	1	0	1
Mp7g11340	neg	0	1	1	1	0	1	0	0	0	0	0	0	1	0	0	0	0	0	0	1	0	0	0	0	1	0	0	0	1	0	0	0	1	0	0	1	0	0	1	1	0	1	0	0	0	0
Mp7g12760	neg	0	1	1	1	1	1	0	0	0	1	1	0	0	1	0	1	0	0	0	0	1	0	0	0	1	1	1	0	1	0	0	0	1	0	0	0	1	0	1	0	1	0	0	0	0	0
Mp7g13240	neg	1	0	0	0	1	1	1	0	0	1	0	0	0	0	0	0	0	1	0	0	0	0	1	0	1	1	1	0	1	1	0	1	0	0	0	1	0	0	1	0	0	0	0	1	1	0
Mp7g13300	neg	0	0	0	0	0	1	0	0	0	0	0	0	1	0	0	1	0	1	0	0	0	0	0	0	1	0	1	0	0	1	0	0	0	0	0	1	1	1	0	1	0	0	0	0	1	0
Mp7g14250	neg	0	0	1	0	0	0	0	0	0	1	0	0	1	0	0	0	0	0	0	0	0	0	0	0	1	0	0	1	0	1	0	0	0	0	0	1	1	1	0	1	0	1	1	0	1	0
Mp7g15600	neg	1	0	1	1	0	0	0	0	0	0	0	0	0	1	0	1	0	0	0	0	1	1	0	0	0	0	0	0	0	0	0	0	0	0	0	1	1	0	1	1	0	0	0	0	0	0
Mp7g15650	neg	0	1	0	0	0	0	0	0	0	0	0	0	1	0	0	0	0	1	1	0	0	0	1	0	0	0	0	0	0	1	1	0	1	0	1	0	1	0	0	0	1	1	0	0	0	0
Mp7g16740	neg	0	0	1	1	1	0	0	0	1	1	0	0	0	0	1	0	0	1	0	1	1	0	1	0	1	1	0	0	0	1	1	0	1	0	0	1	0	1	0	0	0	0	0	1	1	1
Mp8g01930	neg	0	1	0	0	0	1	1	0	0	1	0	0	0	0	0	0	1	0	1	0	1	1	0	0	1	0	1	0	1	0	0	0	0	0	0	0	0	0	0	0	0	1	0	1	1	0
Mp8g03030	neg	0	0	1	1	0	0	1	0	0	0	0	0	1	1	1	0	0	0	1	0	1	0	1	0	0	0	0	0	1	0	0	0	1	0	0	0	0	0	1	1	0	0	0	0	0	0
Mp8g03130	neg	0	1	0	1	1	1	0	0	0	0	0	0	1	1	0	0	0	0	1	1	1	0	1	0	1	1	1	0	0	0	0	0	0	0	0	0	0	0	1	1	0	0	0	0	1	0
Mp8g03740	neg	0	0	1	0	1	0	1	0	0	1	0	0	1	1	0	1	0	1	0	0	0	0	1	0	1	0	0	0	1	0	0	0	0	0	0	1	0	0	1	0	0	1	1	0	1	0
Mp8g06290	neg	0	1	1	1	1	0	1	0	0	0	0	0	0	0	0	1	1	0	1	1	0	0	0	0	1	0	0	0	1	1	0	0	1	0	0	0	0	0	1	1	1	1	0	1	0	0
Mp8g06740	neg	0	1	0	1	0	1	1	0	0	0	0	0	0	0	0	1	0	0	1	1	1	0	1	1	0	0	0	0	0	0	0	0	1	0	0	0	1	0	0	0	0	0	0	0	1	0
Mp8g07480	neg	0	0	0	1	0	1	1	0	0	0	0	0	0	1	1	1	0	1	0	0	1	0	1	1	1	0	1	0	1	1	0	0	1	0	0	1	1	1	0	0	0	1	0	0	1	1
Mp8g09210	neg	0	0	1	1	1	0	0	0	0	0	0	0	0	0	0	1	1	0	0	0	0	0	0	0	0	0	1	1	0	0	0	0	0	0	0	0	0	1	1	0	1	0	1	0	0	0
Mp8g11270	neg	0	0	0	0	0	0	0	0	0	0	0	0	1	1	0	1	0	1	0	1	1	0	0	0	1	1	0	0	0	1	0	0	0	0	0	1	0	1	1	0	0	1	0	1	1	1
Mp8g11300	neg	0	0	0	0	0	0	1	0	0	1	0	0	0	1	0	1	0	0	0	0	0	0	0	0	1	0	0	0	0	0	0	0	0	0	0	0	0	0	0	0	0	1	0	0	0	1
Mp8g11710	neg	0	1	1	1	0	0	0	0	0	1	1	0	1	0	0	1	1	0	0	1	0	0	1	0	1	1	1	0	1	1	0	0	1	0	0	1	1	0	1	1	1	0	0	0	1	0
Mp8g13170	neg	0	0	0	0	0	0	0	0	0	0	0	0	1	0	1	0	0	0	1	1	1	0	1	1	1	1	1	0	0	1	0	0	1	0	0	0	0	0	1	1	1	1	1	0	1	0
Mp8g13410	neg	0	1	1	0	1	1	0	0	0	0	0	0	1	1	0	1	0	1	1	1	1	1	1	0	0	1	0	0	0	0	0	0	1	0	1	0	0	0	1	1	1	0	1	1	1	0
Mp8g14020	neg	0	0	0	1	1	1	0	0	0	0	0	0	1	0	1	1	1	1	0	0	1	0	0	0	1	0	1	0	1	0	0	1	0	0	0	0	0	0	1	1	1	0	0	0	0	0
Mp8g14340	neg	0	1	1	0	0	0	1	0	0	0	0	0	1	1	0	1	0	1	1	0	0	0	1	0	0	1	0	0	1	0	0	0	0	0	0	1	0	0	1	1	0	1	0	0	0	1
