X	Class	AAACAGT	AAAGCT	AAGCTCA	AAGCTCAG	AAGCTG	AAGCTT	AAGGTC	AAGTTC	ACAGGT	ACAGGTG	ACTACC	ACTGACG	AGAACC	AGAACG	AGAATC	AGATAA	AGCTAC	AGCTAG	AGCTAGC	AGCTGG	AGCTTG	AGGATC	AGGATCA	AGTACC	ATCAGA	ATCCAG	ATCTGA	ATGACG	ATGTCC	ATGTTC	ATTCTG	ATTGTGG	CAACAG	CAACTG	CAGCTA	CAGGTA	CCAAGA	CCTGAG	CCTGCAC	CCTTGA	CGATCC	CGTCAG	CTCAGA	CTCAGAA	CTCAGC	CTCCAGA	CTCTGA	CTGGACA	CTGTCA	CTGTGC	CTTGGA	GACACA	GACTGA	GAGATA	GAGTAC	GATCCA	GATGCC	GCTAGA	GCTGAC	GCTGGA	GGAGTA	GGCTGA	GGTAAC	TCTCAA	TCTGAA
Mp1g01040	pos	0	1	0	0	1	1	1	1	0	0	0	0	1	0	1	1	1	1	0	1	1	1	0	1	1	1	1	1	0	0	1	0	1	0	1	1	1	0	1	1	0	1	1	1	0	0	0	1	1	1	1	0	1	0	0	1	1	1	0	1	0	0	0	1	1
Mp1g01840	pos	1	1	0	0	1	1	0	0	1	0	1	0	1	1	1	1	1	0	0	1	1	1	0	1	1	1	1	0	1	1	1	1	1	0	1	0	1	1	0	1	1	1	1	1	1	1	1	0	1	0	1	1	1	1	1	0	0	1	1	1	1	1	0	1	1
Mp1g02070	pos	0	1	1	1	1	0	0	0	0	0	0	0	1	0	1	0	0	0	0	1	1	0	0	1	1	1	1	0	1	1	1	1	0	0	0	0	0	0	1	1	0	1	1	0	1	1	1	0	1	1	0	1	0	1	1	0	1	0	0	1	1	1	0	1	1
Mp1g02920	pos	0	0	0	0	0	0	1	1	1	0	0	0	1	0	1	0	0	0	0	1	0	0	0	0	1	1	0	0	0	1	1	0	1	0	0	0	1	0	1	0	1	0	0	0	1	0	1	1	0	1	1	1	1	0	1	1	1	1	1	1	1	0	0	0	0
Mp1g07900	pos	0	1	0	0	1	0	0	1	1	1	0	0	0	0	0	0	0	0	0	0	1	1	0	0	1	0	1	1	1	1	0	0	1	0	0	0	1	1	1	1	1	1	0	0	0	0	0	0	1	1	1	0	1	1	0	0	0	1	1	1	1	0	1	0	0
Mp1g09800	pos	0	0	0	0	1	0	0	0	0	0	0	1	0	1	0	1	0	1	0	1	0	1	0	0	0	1	0	1	0	1	1	0	0	1	0	0	0	0	0	0	1	1	0	0	0	0	1	0	1	0	1	1	1	1	1	1	1	1	0	1	1	1	1	0	1
Mp1g17560	pos	0	1	1	0	0	1	0	1	0	0	0	0	1	0	0	1	0	1	0	0	1	0	0	1	1	1	1	0	1	1	1	1	1	1	1	0	0	0	0	1	1	0	1	1	0	1	1	0	0	1	0	1	0	1	1	1	0	1	0	0	0	0	0	0	1
Mp1g17960	pos	1	1	0	0	1	0	1	1	0	0	0	0	0	1	0	1	1	0	0	1	0	1	1	0	1	1	1	0	1	0	0	0	1	1	1	0	0	1	0	1	1	0	1	0	1	0	1	0	1	1	1	0	1	1	0	1	1	0	0	1	0	0	0	1	1
Mp1g20050	pos	0	1	0	0	1	0	1	0	1	0	0	0	0	1	0	1	0	1	1	1	0	0	0	1	1	0	1	1	1	1	0	0	1	0	0	0	1	1	0	1	0	0	0	0	0	0	1	0	1	0	1	1	0	1	1	1	0	0	1	0	0	1	0	1	1
Mp1g20650	pos	0	1	0	0	1	1	1	1	1	0	0	0	0	1	1	1	1	0	0	1	1	1	1	0	1	1	1	1	1	1	1	0	1	0	0	1	1	0	0	1	0	0	1	1	0	1	0	0	0	0	1	1	1	1	0	0	0	1	0	1	0	0	0	1	1
Mp1g22130	pos	0	1	1	0	1	1	1	0	1	1	0	1	1	1	1	1	1	1	0	1	0	1	0	0	1	1	1	0	0	0	1	0	1	1	0	0	0	1	0	1	1	1	0	0	0	1	1	1	1	1	1	1	0	1	0	1	0	1	1	1	0	0	0	1	1
Mp1g22360	pos	1	1	0	0	0	1	0	1	0	0	1	0	0	0	1	1	0	0	0	0	1	0	0	0	1	0	1	1	1	1	1	1	1	1	0	0	0	1	0	1	0	0	1	1	0	1	1	0	1	0	1	0	1	1	1	0	1	0	1	1	0	0	1	1	1
Mp1g23220	pos	1	1	0	0	0	0	0	1	0	0	0	1	0	0	0	1	0	1	1	1	0	0	0	0	1	0	1	1	0	0	1	1	0	1	0	0	1	0	0	0	1	1	1	1	1	0	1	0	1	0	1	1	0	0	0	1	0	1	0	1	0	0	1	1	1
Mp1g23770	pos	0	0	0	0	0	0	0	1	1	0	1	0	0	1	0	1	0	1	0	1	0	0	0	0	1	0	1	0	0	0	0	0	1	0	0	1	1	0	0	0	0	0	0	0	0	0	0	0	0	1	0	1	1	0	0	0	1	1	0	1	1	1	0	0	1
Mp1g27640	pos	0	1	0	0	1	0	0	0	0	0	0	0	1	1	1	0	1	0	0	1	1	0	0	1	1	1	1	0	0	1	1	0	1	0	1	0	0	1	0	1	1	1	0	0	1	0	1	1	1	1	0	1	1	1	1	1	1	1	1	1	0	1	0	0	0
Mp2g00840	pos	1	1	0	0	0	1	1	1	0	0	0	0	0	0	0	0	0	1	0	1	0	0	0	0	1	0	0	1	1	1	1	0	1	1	0	1	0	1	0	1	0	1	0	0	1	0	1	1	1	1	1	1	1	0	1	0	1	1	1	1	1	0	0	0	1
Mp2g00860	pos	0	1	0	0	1	1	0	0	0	0	0	1	1	1	0	1	0	0	0	1	1	1	1	0	1	1	1	1	0	1	1	1	1	0	0	0	1	0	0	0	1	1	1	1	0	0	1	0	1	1	1	1	1	1	1	1	0	0	1	1	1	0	1	1	1
Mp2g01350	pos	0	0	0	0	1	0	0	0	1	1	0	1	1	1	0	1	0	0	0	1	0	1	0	0	1	0	1	1	0	1	1	0	1	1	0	0	0	1	0	1	1	1	0	0	1	1	1	0	1	1	0	0	0	1	1	1	1	0	1	0	0	0	0	1	1
Mp2g01850	pos	0	1	1	0	1	0	0	1	0	0	0	1	0	1	1	1	0	0	0	1	1	1	0	0	1	1	1	1	1	1	1	0	1	1	0	1	1	1	0	1	1	1	0	0	0	0	0	0	0	1	1	1	1	0	1	0	0	0	0	0	0	0	0	1	1
Mp2g02510	pos	0	1	0	0	1	1	0	0	0	0	1	0	1	1	0	0	1	1	1	0	1	1	1	1	1	1	0	1	1	1	1	1	0	1	1	0	1	0	1	1	1	0	1	1	1	0	1	0	1	1	1	0	1	1	1	1	0	1	1	1	1	1	0	1	0
Mp2g03240	pos	0	0	0	0	1	0	1	0	0	0	0	0	0	0	1	1	1	0	0	0	0	1	0	0	1	1	0	0	0	1	1	0	0	0	0	0	1	1	0	1	1	1	0	0	1	0	0	0	1	1	1	1	1	1	0	1	0	1	1	1	0	0	1	1	1
Mp2g04400	pos	0	1	1	1	1	0	1	0	0	0	0	0	1	0	1	1	0	1	0	1	1	1	1	1	1	1	0	1	1	1	1	1	1	1	0	1	0	1	1	1	1	0	0	0	1	0	0	1	1	1	0	0	1	0	1	1	1	0	1	1	0	0	1	0	0
Mp2g04480	pos	0	1	0	0	1	1	1	1	1	0	1	0	0	1	0	1	1	0	0	0	1	1	1	0	1	0	1	1	1	0	1	0	1	1	1	1	1	0	1	1	1	1	1	0	1	0	0	0	1	1	0	0	1	0	1	0	1	1	0	0	0	1	1	0	1
Mp2g06930	pos	0	1	0	0	1	1	1	1	1	0	0	0	0	1	1	0	0	1	0	0	0	0	0	0	1	0	1	1	0	1	0	0	0	1	0	1	0	1	1	0	1	0	1	0	1	1	1	1	1	0	1	0	1	1	0	0	1	1	1	0	0	1	0	0	1
Mp2g07840	pos	0	1	0	0	0	1	0	1	0	0	0	1	1	1	1	0	0	1	0	1	1	0	0	0	1	1	1	1	0	1	0	0	1	0	0	0	0	0	0	0	1	1	1	0	1	1	0	0	0	0	0	0	1	1	0	1	0	1	0	0	0	0	0	1	0
Mp2g08550	pos	0	0	1	0	1	1	1	0	1	1	0	0	1	0	1	1	0	0	0	1	1	0	0	0	1	0	1	0	1	1	1	1	0	0	0	1	0	0	0	0	1	1	1	1	1	1	1	1	1	1	1	1	0	1	0	1	0	0	0	1	1	1	0	0	1
Mp2g08570	pos	0	1	0	0	1	0	0	0	0	0	0	0	1	1	0	1	1	0	0	0	0	0	0	0	0	0	1	0	0	1	1	0	1	1	0	0	0	1	0	0	0	0	1	0	1	1	1	0	0	1	0	1	1	1	0	0	1	1	0	1	0	0	1	1	1
Mp2g08760	pos	0	1	0	0	1	0	0	0	0	0	0	0	0	1	0	0	0	0	0	0	1	1	0	1	1	0	1	0	0	1	1	1	0	0	0	0	0	0	1	0	0	1	1	0	1	1	1	0	1	0	1	1	0	0	1	1	1	0	1	0	1	0	1	1	1
Mp2g09380	pos	0	0	0	0	1	0	1	1	0	0	0	0	1	0	1	0	0	0	0	1	1	0	0	0	0	1	0	0	0	1	0	0	1	0	0	0	1	1	0	0	0	1	0	0	1	0	0	0	0	1	0	0	1	0	1	0	1	0	1	1	0	1	0	1	0
Mp2g10020	pos	1	0	0	0	0	0	1	1	0	0	1	0	0	0	1	0	1	0	0	0	0	1	1	0	1	0	1	1	1	1	1	0	1	1	0	0	1	1	0	1	0	0	1	1	1	0	1	0	1	1	1	1	1	0	1	0	0	0	1	0	1	1	0	1	1
Mp2g10330	pos	1	0	0	0	1	0	0	1	0	0	0	0	0	1	1	0	1	0	0	1	1	1	0	1	1	1	1	0	1	1	1	0	1	0	0	0	0	1	0	0	1	0	0	0	1	1	1	0	0	0	0	0	0	1	1	1	0	1	1	1	1	0	0	1	1
Mp2g10410	pos	1	1	1	1	0	1	1	1	1	0	1	0	1	0	1	1	1	1	0	0	0	0	0	0	1	1	1	1	1	1	1	0	0	1	1	1	1	1	0	1	1	0	1	0	0	0	1	0	0	1	1	1	0	1	0	0	0	1	0	0	1	1	0	1	1
Mp2g11830	pos	0	1	0	0	1	0	1	1	1	1	0	0	1	1	1	1	0	0	0	1	0	0	0	1	1	1	1	0	0	1	0	0	1	1	1	0	1	0	0	1	1	0	1	0	0	1	1	1	1	1	1	1	1	0	1	1	1	0	1	1	1	1	1	0	1
Mp2g12200	pos	0	1	1	1	1	1	0	0	1	0	0	0	1	1	0	0	1	1	0	0	1	1	0	1	0	0	1	1	1	1	0	0	1	0	0	1	0	1	0	1	0	0	1	0	1	0	1	0	0	0	0	0	0	0	1	0	1	1	1	1	1	1	1	1	1
Mp2g13740	pos	1	1	1	0	1	0	1	1	1	1	1	1	0	0	1	1	1	1	0	0	1	0	0	1	1	1	1	1	1	1	1	0	1	1	1	1	1	0	0	0	0	1	1	0	1	0	0	1	0	1	1	1	1	1	1	1	0	1	0	0	0	0	1	0	1
Mp2g18480	pos	0	0	0	0	0	0	0	0	1	1	1	1	1	1	1	1	0	1	0	0	1	0	0	0	1	1	1	1	0	1	1	0	0	1	0	0	0	0	0	1	1	1	1	0	1	0	1	1	1	1	0	1	1	0	1	1	0	0	1	1	0	1	1	1	0
Mp2g21520	pos	0	0	1	1	1	0	1	0	0	0	1	0	0	1	1	0	1	1	0	0	1	0	0	0	1	1	1	0	1	1	1	0	1	0	0	1	1	0	0	1	0	1	1	1	1	0	1	0	1	1	1	0	1	0	0	1	1	1	1	0	0	1	0	0	0
Mp2g21920	pos	0	1	0	0	1	0	0	1	1	0	0	1	0	0	1	1	0	1	0	1	1	0	0	1	1	1	1	1	0	0	1	0	1	1	1	0	1	1	0	0	1	1	1	0	0	1	1	0	0	1	1	0	1	0	1	1	0	1	1	0	0	1	1	1	1
Mp2g22900	pos	0	0	0	0	0	1	0	0	0	0	0	0	0	1	1	1	1	1	1	1	0	1	1	0	1	1	1	0	0	0	0	1	1	0	1	0	1	0	0	0	0	1	1	0	1	0	1	0	1	1	1	0	1	1	0	0	0	0	1	1	1	1	0	1	0
Mp2g26010	pos	0	1	0	0	1	1	0	1	1	0	1	0	1	0	1	1	1	1	0	1	1	0	0	1	1	0	1	0	0	1	1	0	1	1	0	0	0	0	0	1	0	0	1	0	0	1	1	0	1	0	1	0	1	0	0	1	0	1	1	1	0	0	0	1	1
Mp3g02410	pos	0	1	0	0	1	0	0	1	1	1	1	0	0	0	1	1	1	0	0	1	1	0	0	1	0	1	1	0	1	1	1	0	1	0	1	0	0	0	1	1	0	0	1	0	0	0	1	0	1	0	1	1	0	1	1	1	0	1	1	1	0	0	0	0	1
Mp3g03100	pos	0	1	0	0	0	0	0	1	1	1	0	0	1	0	1	1	1	1	0	1	1	1	0	0	1	0	0	1	1	1	1	0	1	0	1	0	1	1	1	0	1	1	1	1	0	0	1	0	1	0	0	0	0	1	1	0	1	1	0	1	1	0	0	1	0
Mp3g05490	pos	1	1	1	0	1	0	1	1	1	0	1	1	1	1	0	1	0	0	0	0	0	0	0	1	0	1	0	1	0	0	0	0	0	1	1	0	1	0	1	1	1	1	0	0	1	1	0	0	1	1	1	1	1	1	0	1	1	0	1	0	1	0	0	1	1
Mp3g11160	pos	1	1	0	0	1	1	1	0	1	0	1	1	0	1	1	0	1	1	1	1	1	0	0	0	1	1	1	1	0	1	1	0	1	0	1	1	1	1	0	1	1	1	1	1	1	0	1	0	0	1	1	0	1	0	0	1	1	0	0	1	0	1	0	0	1
Mp3g12930	pos	1	1	0	0	1	1	1	1	0	0	0	0	1	1	1	1	0	0	0	0	1	1	0	0	1	1	1	0	0	1	1	0	1	1	0	0	1	1	1	0	1	0	1	0	0	1	1	0	0	1	1	1	0	0	0	0	0	1	0	1	0	0	0	1	1
Mp3g15770	pos	0	1	1	0	0	0	1	1	0	0	1	1	1	1	1	0	1	1	1	1	0	1	0	1	1	0	1	0	1	1	0	1	1	0	1	0	1	0	1	0	0	1	1	1	0	0	1	0	1	1	1	1	1	1	1	0	0	0	0	1	0	0	1	1	1
Mp3g15910	pos	0	0	0	0	1	0	0	1	1	0	0	0	0	1	1	0	0	0	0	0	1	0	0	0	0	1	0	1	1	1	1	0	1	1	0	1	1	0	0	1	1	0	1	1	0	0	0	1	0	1	1	0	0	0	0	1	0	0	1	1	1	1	0	1	1
Mp3g17580	pos	0	1	1	0	1	0	1	0	0	0	0	1	0	0	1	1	0	0	0	0	1	1	1	0	1	1	1	0	1	1	1	1	1	1	1	0	0	1	0	0	0	1	1	0	0	1	1	1	0	1	1	1	1	1	0	1	1	0	1	1	1	0	0	0	1
Mp3g18190	pos	0	0	1	1	1	1	1	1	1	0	1	0	0	1	1	1	1	0	0	1	1	0	0	0	1	0	1	0	1	1	1	1	1	1	1	0	1	1	0	1	0	0	1	0	1	1	1	0	0	0	0	0	0	0	1	1	0	1	1	0	1	1	0	1	1
Mp3g18450	pos	0	0	0	0	0	1	1	1	1	0	1	0	0	0	1	1	0	0	0	1	0	1	0	0	1	1	1	1	1	1	1	0	0	1	0	1	0	1	0	1	1	0	1	0	1	0	1	0	1	0	1	0	1	1	1	1	1	0	1	1	0	0	1	1	1
Mp3g19380	pos	0	1	0	0	1	0	0	1	0	0	0	0	1	1	1	0	0	0	0	1	1	1	1	1	0	1	1	1	0	1	1	0	1	0	0	0	1	1	0	1	0	0	1	1	1	0	1	0	1	1	1	0	1	1	0	0	1	1	0	1	0	1	0	1	1
Mp3g20250	pos	0	1	0	0	0	1	0	1	1	0	0	0	0	1	1	0	1	0	0	0	1	0	0	1	0	1	1	1	1	0	1	1	1	1	0	1	1	1	0	1	0	1	1	1	1	1	0	1	1	1	1	1	1	1	1	0	1	0	1	0	1	0	0	1	1
Mp3g20260	pos	0	1	0	0	1	0	0	0	0	0	0	0	1	0	1	0	1	0	0	0	1	0	0	1	0	1	0	0	1	1	1	0	0	1	0	1	1	1	1	1	1	0	0	0	1	0	0	0	1	1	1	1	1	1	0	0	0	0	1	1	0	0	1	1	0
Mp3g20570	pos	0	0	0	0	1	0	0	1	1	0	1	0	0	1	1	0	0	0	0	1	1	0	0	0	1	1	1	0	1	0	1	1	0	1	1	1	1	0	1	0	1	0	1	1	1	1	1	1	0	1	0	1	1	0	0	1	1	0	1	1	1	1	0	1	1
Mp3g21010	pos	1	1	0	0	1	1	1	1	0	0	1	0	1	0	1	0	0	0	0	1	0	1	0	0	1	1	0	0	0	1	1	1	1	1	0	0	1	0	0	0	1	1	1	0	1	0	1	0	1	1	1	1	1	0	1	1	0	1	1	1	0	1	0	1	0
Mp3g23380	pos	1	0	0	0	1	1	1	1	0	0	0	0	0	0	0	0	0	1	1	1	1	1	1	0	1	1	1	1	1	1	1	0	1	1	1	0	1	0	0	1	1	1	1	1	1	0	1	0	1	0	1	1	0	1	0	1	1	0	0	1	0	0	1	1	1
Mp3g24940	pos	0	0	0	0	0	0	0	1	0	0	0	0	1	0	0	0	1	0	0	1	0	0	0	0	0	1	1	1	0	0	1	0	0	1	1	0	0	1	0	1	1	1	1	1	1	0	1	0	1	0	0	1	1	0	0	1	1	0	1	1	1	1	0	0	0
Mp4g01510	pos	0	0	0	0	1	0	1	1	0	0	0	1	1	1	1	0	0	1	0	1	0	1	0	0	1	1	0	0	1	0	1	0	0	1	0	1	1	0	1	1	1	1	1	1	1	1	1	0	1	1	1	1	1	0	1	1	1	1	0	1	1	1	1	1	1
Mp4g02070	pos	0	1	0	0	0	1	0	0	0	0	1	1	0	0	1	1	1	0	0	1	1	1	0	0	0	0	1	0	0	1	1	0	0	1	0	1	1	1	1	1	1	1	1	0	0	1	1	0	0	1	0	1	1	1	0	1	1	1	1	1	1	0	0	1	1
Mp4g03920	pos	0	0	0	0	1	1	1	1	1	0	0	0	0	1	0	0	0	0	0	1	1	1	0	1	0	1	0	1	1	0	0	0	0	0	0	1	1	1	1	1	0	1	1	0	1	0	1	0	1	1	0	0	0	1	1	1	1	0	1	1	0	1	1	0	1
Mp4g04210	pos	0	0	0	0	0	0	1	0	0	0	1	0	1	0	1	0	0	0	0	0	0	0	0	0	1	0	0	0	1	0	1	1	0	0	0	1	1	1	0	0	1	0	0	0	0	0	1	0	1	0	0	0	1	1	0	1	0	0	1	0	0	0	0	0	1
Mp4g05970	pos	0	1	1	0	1	0	0	0	1	0	1	0	0	0	1	0	0	0	0	1	1	0	0	1	1	0	1	0	0	1	1	0	1	0	0	1	1	0	1	1	0	1	1	0	1	0	0	1	0	0	1	0	1	0	1	1	0	0	0	1	0	0	1	1	0
Mp4g05980	pos	0	1	1	0	1	0	1	1	1	0	1	0	0	1	1	0	0	0	0	1	1	1	0	1	1	0	1	1	0	1	1	0	1	1	0	1	1	1	1	1	1	1	1	0	1	0	1	1	1	0	1	0	0	0	1	1	0	0	0	1	0	1	0	0	1
Mp4g05990	pos	0	0	0	0	0	1	1	1	1	0	0	0	1	1	0	1	1	0	0	1	1	1	0	1	1	0	1	1	0	1	1	0	1	1	1	1	1	1	1	1	0	1	1	1	0	0	1	0	1	0	1	0	1	1	0	0	0	1	1	1	0	0	0	1	0
Mp4g06040	pos	0	1	0	0	1	0	0	0	1	1	0	0	0	0	0	1	0	0	0	1	0	1	0	1	1	0	1	1	0	0	0	0	1	0	0	1	1	0	1	1	0	0	1	0	0	0	1	1	1	0	1	0	1	0	1	1	0	0	0	1	0	0	0	1	0
Mp4g08220	pos	0	1	0	0	1	1	0	1	0	0	0	1	0	1	1	1	1	1	0	1	0	1	0	0	1	1	1	0	0	0	1	0	1	0	1	1	0	1	1	0	0	1	0	0	1	1	1	0	1	1	1	1	1	0	0	0	0	1	1	1	0	0	0	1	1
Mp4g08470	pos	1	1	1	0	1	1	1	0	1	0	1	0	0	1	1	1	0	0	0	1	1	0	0	1	1	0	1	0	1	0	0	0	0	1	0	1	1	1	0	1	0	0	1	0	1	0	1	1	1	0	1	1	1	0	0	0	1	0	0	1	1	0	0	1	1
Mp4g08980	pos	0	1	0	0	0	0	0	0	0	0	0	0	0	1	1	1	0	0	0	0	0	0	0	0	0	0	0	0	0	1	0	0	0	1	0	0	1	0	0	0	0	0	0	0	0	0	0	0	0	0	1	0	0	1	0	0	1	1	0	1	1	0	0	1	0
Mp4g09300	pos	0	1	1	0	0	0	1	1	1	0	0	1	1	0	1	1	0	0	0	1	1	0	0	0	1	1	1	1	0	1	1	1	0	1	0	1	1	1	0	0	0	1	1	0	1	0	1	0	1	1	1	0	1	1	0	0	1	0	1	1	1	0	1	1	1
Mp4g10620	pos	1	1	1	1	1	1	1	1	0	0	1	0	1	0	1	1	1	0	0	1	1	0	0	0	1	0	1	0	0	1	1	0	1	1	1	1	1	1	1	0	0	0	1	0	1	0	0	0	0	0	0	1	1	1	1	0	0	1	1	1	1	0	1	0	1
Mp4g10800	pos	0	1	0	0	1	0	1	1	1	0	0	0	0	0	1	1	1	0	0	1	1	0	0	0	1	1	1	1	0	0	1	0	1	1	1	1	1	0	0	0	1	0	1	0	1	0	1	0	0	0	1	1	1	1	1	1	1	1	1	0	1	0	0	1	1
Mp4g11220	pos	0	0	0	0	1	0	0	1	0	0	0	1	1	1	1	0	0	0	0	1	0	0	0	0	1	1	1	0	0	1	1	0	0	1	1	0	0	1	1	0	1	1	1	0	0	0	1	1	0	1	0	0	1	1	1	1	1	0	1	1	0	0	0	1	1
Mp4g12230	pos	0	1	0	0	0	0	0	1	0	0	1	0	1	1	1	1	0	1	0	0	0	0	0	0	1	1	1	1	1	1	1	0	1	0	1	0	1	1	0	0	1	0	1	1	1	0	1	0	0	1	1	1	1	1	0	1	0	1	0	0	0	1	1	0	1
Mp4g13040	pos	0	1	1	1	1	1	0	0	0	0	0	0	1	0	1	1	1	0	0	1	1	1	1	0	1	0	0	1	1	1	0	0	0	1	0	0	1	0	0	1	0	0	1	0	0	0	1	0	0	1	1	1	0	1	0	1	0	0	0	0	0	0	1	0	1
Mp4g15570	pos	0	1	0	0	0	1	1	1	0	0	0	0	1	0	1	1	0	1	0	1	0	1	0	0	0	0	0	1	1	1	1	0	1	1	0	0	1	1	0	1	0	0	1	0	0	0	0	0	0	0	0	0	0	0	0	0	1	0	0	1	0	0	0	1	0
Mp4g16860	pos	0	1	0	0	1	1	1	1	0	0	0	0	0	0	0	0	0	0	0	1	1	0	0	0	1	1	1	1	1	1	1	0	1	1	0	0	0	0	0	1	0	1	1	0	1	0	1	1	0	0	1	1	1	0	0	1	0	0	0	0	0	0	0	1	1
Mp4g17350	pos	0	1	0	0	1	1	1	1	1	1	0	0	1	1	1	0	1	0	0	0	1	1	0	1	1	0	0	0	1	1	1	0	0	1	1	1	1	0	0	1	1	1	1	0	1	0	1	0	1	1	1	1	1	0	1	0	1	0	1	1	1	0	0	0	0
Mp4g17880	pos	1	1	1	1	0	1	0	1	0	0	1	1	1	1	0	0	0	1	0	0	1	0	0	0	1	1	0	1	1	1	1	0	1	1	0	0	1	0	0	0	1	1	0	0	0	0	1	0	0	0	1	1	1	0	1	1	1	1	0	1	1	1	0	1	1
Mp4g19840	pos	0	1	0	0	0	0	1	1	0	0	1	0	1	1	1	1	1	0	0	1	0	0	0	1	0	0	1	1	1	0	0	0	0	1	1	1	1	0	1	1	1	1	0	0	1	1	0	0	0	1	1	0	1	1	0	0	0	1	1	1	0	1	1	1	1
Mp4g20690	pos	0	0	0	0	0	0	0	0	0	0	0	0	0	0	0	1	0	0	0	1	0	1	1	0	0	0	1	0	0	0	0	0	0	0	0	0	0	0	0	0	1	1	1	0	1	0	1	0	1	0	1	0	1	1	0	0	1	0	1	1	0	0	1	1	0
Mp4g22420	pos	0	0	0	0	0	0	1	1	0	0	0	0	1	0	1	1	0	0	0	1	1	0	0	0	0	0	1	1	1	1	1	0	0	0	0	1	0	1	1	1	1	0	1	0	1	0	1	0	1	0	0	1	1	1	1	1	0	1	0	0	0	0	0	1	1
Mp5g02270	pos	0	0	1	0	0	0	1	0	0	0	0	1	0	1	1	0	0	0	0	0	0	0	0	1	0	1	1	1	1	1	1	1	0	0	1	0	1	0	0	0	1	1	0	0	1	0	0	0	0	1	0	1	1	1	0	1	0	1	0	1	0	1	1	1	0
Mp5g02510	pos	0	0	0	0	0	0	0	1	1	0	0	0	0	1	1	1	0	0	0	1	1	1	0	0	1	1	1	1	0	0	1	0	0	0	0	0	1	0	1	0	1	0	1	1	0	0	1	1	1	1	0	1	0	1	0	0	1	0	1	1	1	1	0	0	1
Mp5g03580	pos	1	1	0	0	1	0	0	1	0	0	0	0	0	1	0	1	1	1	0	0	1	1	0	1	1	0	1	1	1	1	0	0	1	1	1	0	0	0	0	1	0	0	1	0	1	0	1	0	1	1	0	0	1	1	1	0	1	0	0	1	0	0	0	1	1
Mp5g07330	pos	0	0	0	0	1	1	1	0	1	1	1	0	0	0	1	1	1	0	0	1	1	1	1	1	1	0	1	1	1	1	0	0	0	1	1	0	1	1	0	1	1	0	1	0	1	1	1	0	1	1	1	1	0	0	1	1	1	1	1	1	1	1	0	0	0
Mp5g09400	pos	1	1	1	0	1	1	1	1	1	0	1	0	1	0	0	1	0	1	0	1	1	1	1	0	1	1	1	0	1	0	0	0	0	1	1	1	0	1	1	0	0	0	0	0	1	0	1	1	1	1	1	1	1	1	0	1	1	0	0	1	0	1	0	1	1
Mp5g15650	pos	0	0	0	0	0	0	0	1	1	0	0	0	0	0	1	1	0	0	0	0	0	0	0	0	1	1	1	1	1	1	0	0	1	0	0	0	1	0	1	0	0	0	1	1	0	1	0	0	1	1	1	0	0	0	0	1	1	0	1	0	0	1	1	1	0
Mp5g16540	pos	1	1	0	0	0	1	1	1	0	0	1	0	0	1	1	0	0	0	0	1	1	1	1	0	0	1	1	0	1	0	0	1	1	0	0	0	1	1	0	1	0	0	1	1	1	0	1	0	0	0	1	1	0	1	1	1	1	0	1	1	1	0	0	0	1
Mp5g18380	pos	0	1	1	0	1	1	0	1	0	0	0	1	0	1	0	1	1	0	0	1	1	0	0	1	0	1	1	1	0	0	1	1	0	1	1	1	0	0	0	0	0	1	1	1	1	0	1	0	1	1	1	1	1	1	0	1	1	0	1	0	1	1	1	1	1
Mp5g21100	pos	0	1	0	0	0	1	1	1	1	1	0	0	0	1	1	0	1	1	0	0	0	0	0	0	1	1	1	0	1	1	0	0	0	0	0	0	1	0	0	0	1	0	1	1	1	0	1	0	1	1	1	0	1	1	1	1	0	0	0	1	1	1	0	0	0
Mp5g24210	pos	1	1	0	0	1	1	1	1	1	1	0	1	0	0	1	0	0	1	0	1	1	0	0	0	1	1	1	1	0	1	1	0	1	1	0	1	0	1	0	1	0	1	1	1	0	0	1	0	1	1	1	0	0	1	0	0	0	0	1	1	1	0	0	1	1
Mp6g02030	pos	0	1	1	1	1	1	1	0	0	0	1	0	0	0	0	1	1	1	0	1	0	1	1	1	0	0	1	0	0	1	1	0	0	1	0	1	1	1	0	0	0	0	1	1	0	0	1	0	1	1	1	1	1	1	0	1	0	1	0	0	0	0	1	0	0
Mp6g02060	pos	1	1	0	0	0	1	1	1	0	0	1	0	0	0	1	0	0	1	0	1	0	0	0	1	1	1	1	1	1	1	1	0	0	1	1	1	1	0	0	1	0	0	1	0	1	1	0	1	0	0	1	0	0	0	1	1	0	1	0	1	0	1	0	1	1
Mp6g02070	pos	0	1	0	0	0	1	1	1	0	0	1	0	0	0	1	0	0	1	0	1	0	0	0	1	1	1	1	1	1	1	1	0	0	1	1	1	1	0	0	1	0	0	1	0	1	1	0	1	0	0	1	0	0	0	1	1	0	1	0	1	0	1	0	1	1
Mp6g03030	pos	0	0	0	0	1	1	1	1	0	0	0	1	0	0	1	0	0	0	0	0	1	1	1	0	0	1	0	1	1	0	1	0	0	0	0	0	1	1	0	0	1	1	0	0	1	0	0	0	1	0	1	0	1	0	0	1	0	0	1	1	0	1	0	1	0
Mp6g03090	pos	1	0	0	0	0	0	1	0	1	1	0	0	1	0	0	1	1	1	1	0	0	0	0	1	0	0	1	1	1	1	0	0	1	1	1	1	1	1	0	0	0	0	1	0	1	0	1	0	1	1	0	0	0	0	0	0	1	1	0	1	1	0	1	1	1
Mp6g04710	pos	1	1	0	0	1	1	1	1	1	0	0	0	1	1	1	0	1	0	0	1	1	0	0	1	1	1	1	0	0	1	0	1	1	1	1	0	0	0	1	1	0	1	1	1	1	0	0	0	1	0	1	1	1	0	0	1	0	1	1	1	0	1	1	1	1
Mp6g05430	pos	0	1	0	0	0	0	1	1	0	0	0	0	1	0	1	1	1	0	0	0	0	0	0	0	1	1	1	0	1	1	1	0	1	1	0	0	1	1	0	1	1	0	1	0	0	0	0	0	1	1	0	1	1	0	0	1	1	1	0	1	0	0	0	1	1
Mp6g07950	pos	0	0	0	0	1	0	1	1	1	1	0	0	0	0	1	1	1	0	0	1	1	1	0	0	1	1	1	0	0	0	0	0	1	1	1	1	1	0	0	1	1	0	0	0	1	0	1	0	1	1	1	1	1	1	0	1	1	0	1	1	0	1	0	1	1
Mp6g09570	pos	0	1	0	0	1	0	1	1	0	0	1	0	1	1	1	1	1	0	0	0	0	1	0	1	1	1	1	1	1	1	1	0	0	1	1	0	1	1	0	1	1	0	1	0	1	1	1	1	1	1	1	1	0	1	0	1	1	1	1	1	1	1	1	1	1
Mp6g09630	pos	0	0	1	1	0	0	1	1	0	0	0	0	1	0	0	1	1	0	0	1	0	0	0	1	1	0	1	1	0	1	1	0	1	1	0	1	1	0	0	1	1	1	1	1	0	0	1	0	0	0	1	0	0	1	0	0	1	0	0	1	0	1	1	1	1
Mp6g10900	pos	0	1	0	0	1	1	0	1	1	1	1	0	0	1	1	1	1	1	0	1	1	0	0	0	0	1	1	1	0	1	0	0	1	1	0	1	0	0	0	1	1	0	1	0	1	0	0	1	1	1	1	1	0	1	0	1	0	0	1	1	0	1	0	1	1
Mp6g10990	pos	1	1	1	0	1	0	0	0	1	0	1	0	1	1	1	1	0	0	0	1	0	0	0	0	0	0	1	1	0	0	0	0	1	1	0	1	1	1	0	0	0	1	1	0	1	1	1	0	0	0	1	0	0	1	1	0	0	0	0	0	1	0	0	0	1
Mp6g11720	pos	0	0	0	0	1	0	0	0	1	0	1	0	1	1	0	1	0	0	0	1	1	0	0	0	1	1	1	0	0	1	1	0	0	0	0	1	0	0	0	1	0	0	1	0	0	0	1	1	1	1	1	0	0	0	0	0	1	0	0	0	1	1	0	1	1
Mp6g11790	pos	1	1	1	0	1	0	0	1	0	0	1	0	0	0	1	0	1	1	0	1	1	0	0	1	1	0	1	1	1	0	1	0	1	0	1	0	1	0	0	1	0	0	1	0	0	0	1	0	1	1	1	1	0	0	0	1	1	1	0	0	0	1	0	1	1
Mp6g13590	pos	0	0	0	0	0	1	1	1	1	0	1	0	1	0	1	1	0	1	0	1	0	1	0	0	0	0	1	1	1	1	0	0	0	0	0	1	0	0	1	0	1	0	1	1	1	0	1	0	0	1	1	0	1	1	1	0	0	0	1	1	0	1	0	0	1
Mp6g15460	pos	0	0	0	0	0	0	1	1	0	0	0	0	1	1	0	0	0	0	0	1	0	1	1	1	1	1	1	1	0	0	1	1	0	0	0	1	1	0	1	1	0	1	0	0	0	0	0	0	0	1	0	1	0	1	1	0	0	0	1	1	1	0	1	1	0
Mp6g17230	pos	0	0	0	0	1	0	0	0	0	0	0	0	1	1	1	1	1	1	0	0	0	1	0	0	0	1	0	1	0	0	0	0	0	0	0	0	1	1	0	0	1	0	0	0	1	0	0	0	1	1	1	1	1	1	0	1	1	1	1	1	0	1	1	0	0
Mp6g17240	pos	1	1	0	0	1	1	1	1	0	0	1	0	1	0	1	1	1	0	0	0	1	0	0	1	1	0	1	0	1	0	1	1	1	1	0	1	0	0	0	1	1	0	1	1	1	1	1	1	1	1	0	1	0	1	1	1	0	0	0	1	0	1	1	0	1
Mp6g17540	pos	0	1	0	0	0	1	0	1	0	0	0	0	0	1	1	1	1	1	0	0	1	0	0	1	1	0	1	0	0	1	0	1	1	1	1	0	1	1	0	0	1	0	1	1	1	0	1	0	1	0	1	0	1	0	1	0	1	1	0	0	0	1	0	1	1
Mp6g17700	pos	0	1	1	0	1	0	1	1	0	0	0	0	0	1	1	1	0	1	1	1	1	0	0	0	1	0	1	1	1	1	1	1	1	1	0	1	0	1	0	1	0	0	1	0	1	1	1	0	0	0	1	1	1	1	0	1	1	1	0	0	1	1	0	0	1
Mp6g17720	pos	1	0	1	0	1	0	0	1	0	0	0	0	0	0	1	1	0	1	1	1	1	0	0	1	0	1	0	1	0	1	1	0	0	0	1	0	1	1	0	1	1	1	1	1	1	0	1	0	0	0	1	1	1	0	0	0	0	0	1	1	0	1	0	1	1
Mp6g18030	pos	1	1	1	1	1	1	1	1	0	0	1	0	0	0	0	0	0	1	0	1	1	1	1	0	1	1	0	1	0	1	1	0	1	1	1	1	0	0	0	0	0	1	0	0	0	0	1	0	1	0	1	1	0	0	0	0	0	0	1	1	1	0	0	1	1
Mp6g18130	pos	1	0	1	0	1	1	0	1	0	0	1	0	1	0	1	1	0	1	1	1	1	1	0	0	1	0	1	1	0	1	1	0	0	1	0	1	0	0	0	1	0	1	1	0	1	1	1	1	0	0	1	0	1	0	0	1	1	0	0	1	1	0	0	0	1
Mp6g18450	pos	0	1	0	0	1	1	1	1	0	0	0	0	0	0	1	1	1	0	0	0	1	1	1	1	0	1	1	0	1	0	1	0	1	1	0	0	0	0	1	0	1	0	1	1	0	0	1	0	0	0	1	1	1	1	1	1	0	0	1	1	0	1	0	1	1
Mp6g20290	pos	0	1	0	0	1	1	1	1	1	0	0	0	1	1	0	0	0	0	0	1	1	1	0	1	0	1	0	0	1	0	0	0	0	0	0	1	0	0	0	0	1	0	1	1	1	0	1	0	1	1	0	1	0	0	1	1	1	0	0	1	1	1	1	1	1
Mp6g20490	pos	0	1	0	0	1	0	0	0	1	1	0	0	1	0	1	1	0	0	0	0	1	1	0	0	1	0	0	1	0	1	0	0	1	0	0	0	1	0	0	1	1	0	0	0	0	1	0	0	1	0	1	0	0	1	1	1	0	1	1	0	1	1	0	1	0
Mp6g20540	pos	1	0	0	0	1	0	0	1	0	0	1	0	1	0	1	1	0	1	0	0	1	1	0	0	1	0	1	0	1	1	1	0	1	1	0	1	1	0	0	1	0	1	1	0	1	1	1	0	0	0	1	1	0	0	1	0	0	1	0	0	0	1	1	1	1
Mp7g01590	pos	0	0	1	0	1	0	0	1	0	0	1	0	1	1	1	1	1	0	0	1	1	1	0	0	0	0	1	0	1	1	1	1	0	1	1	1	1	1	0	0	0	0	1	0	0	0	1	0	1	0	0	1	1	1	1	0	1	1	1	0	1	0	1	1	1
Mp7g03040	pos	0	0	0	0	1	0	1	0	0	0	1	0	1	1	1	0	0	0	0	0	0	1	0	0	1	1	0	0	1	1	0	1	0	0	0	0	0	0	0	0	1	1	0	0	1	0	1	0	0	0	0	0	0	0	0	1	0	1	1	1	0	1	0	1	1
Mp7g03650	pos	0	1	0	0	1	0	1	1	0	0	0	0	1	0	0	0	0	1	0	1	0	0	0	0	1	0	1	1	1	0	0	0	0	0	1	0	0	1	0	0	1	1	0	0	0	0	1	1	1	1	0	1	0	0	0	1	1	0	0	1	0	0	1	0	0
Mp7g04800	pos	0	0	1	0	0	0	0	0	0	0	0	0	1	1	1	0	1	0	0	0	1	1	0	0	0	1	0	1	1	0	1	0	0	0	1	0	1	0	1	0	1	0	1	1	1	0	0	0	0	1	1	1	0	0	0	1	0	0	1	1	0	1	0	1	1
Mp7g05640	pos	0	1	0	0	1	0	0	0	1	0	0	0	0	0	0	1	1	0	0	1	0	0	0	1	0	1	0	0	1	0	1	0	1	0	0	1	0	1	0	1	1	1	0	0	0	0	0	1	1	1	0	0	1	0	0	1	1	1	1	1	1	0	0	0	0
Mp7g06830	pos	0	1	0	0	1	1	0	1	1	1	0	0	1	1	1	0	0	0	0	0	0	1	1	1	1	0	1	1	1	0	0	0	0	1	0	0	0	0	0	1	0	1	0	0	1	1	0	0	1	0	0	0	1	1	1	0	0	1	1	0	1	0	0	1	1
Mp7g10210	pos	0	1	0	0	0	0	1	1	1	1	1	0	0	1	1	0	1	1	1	1	0	1	1	0	0	0	1	1	1	0	1	0	1	0	1	0	0	1	0	0	1	1	1	0	0	0	1	0	1	1	1	0	0	0	0	1	0	0	1	0	1	1	0	1	1
Mp7g10430	pos	0	1	1	0	1	1	1	1	0	0	1	0	1	0	1	1	0	1	1	0	1	0	0	1	1	0	0	1	0	1	0	0	1	1	1	0	0	0	1	0	0	0	0	0	1	0	1	0	0	1	1	1	0	0	1	0	0	0	0	1	0	0	0	1	1
Mp7g13630	pos	0	0	0	0	0	0	0	0	0	0	0	1	0	0	1	0	0	1	1	0	0	0	0	1	1	1	0	0	0	0	1	0	0	0	0	0	0	1	0	0	1	1	1	1	0	0	1	0	1	1	0	1	1	0	0	1	0	0	0	1	0	1	0	0	0
Mp7g14140	pos	0	0	0	0	0	0	1	1	0	0	0	0	0	0	1	1	0	0	0	1	0	0	0	0	1	0	1	0	0	1	0	0	0	1	0	0	1	1	1	0	0	1	0	0	0	1	0	0	0	0	0	0	0	0	1	0	1	0	0	1	1	0	0	1	0
Mp7g15270	pos	1	0	0	0	1	1	1	1	0	0	0	1	1	1	1	0	1	1	0	1	1	0	0	0	1	0	0	0	1	1	1	0	0	0	1	0	1	0	0	0	0	1	0	0	0	0	0	0	1	1	1	1	1	0	1	1	0	1	1	0	0	0	1	0	1
Mp7g19390	pos	1	1	0	0	1	1	1	0	1	0	0	0	1	0	1	0	1	0	0	1	1	1	0	1	1	1	1	1	1	1	0	1	1	1	0	0	1	1	0	1	1	0	0	0	1	0	1	1	0	1	0	0	0	0	1	0	0	1	1	1	1	1	0	1	1
Mp8g00110	pos	0	1	0	0	1	0	0	1	1	0	0	0	1	0	1	0	1	0	0	1	1	1	0	0	1	1	0	0	1	0	1	0	1	1	0	1	1	1	0	1	1	1	0	0	1	0	1	0	1	1	1	1	0	1	1	1	0	0	0	1	1	1	1	1	1
Mp8g00200	pos	0	1	0	0	1	1	0	1	1	0	1	0	1	0	1	0	0	0	0	1	1	0	0	1	1	0	1	0	1	1	1	0	1	1	0	1	0	1	1	1	0	1	1	0	1	1	1	0	1	1	1	0	1	1	0	0	1	1	1	0	0	1	1	1	1
Mp8g07710	pos	0	1	1	0	0	0	1	1	0	0	1	1	1	1	1	0	1	1	1	1	1	1	0	0	1	1	1	1	1	0	1	0	0	1	1	0	0	0	0	0	1	1	1	1	1	0	1	0	1	1	1	1	1	0	1	1	0	1	1	1	0	0	1	1	1
Mp8g08860	pos	1	1	0	0	0	1	0	1	1	0	0	0	0	1	1	1	1	0	0	1	1	1	1	1	1	0	1	0	1	1	1	0	1	0	1	1	1	0	0	1	1	1	1	1	1	0	0	1	1	1	1	1	1	0	0	0	1	0	1	1	0	1	0	0	1
Mp8g10370	pos	0	1	1	1	1	0	1	0	1	0	0	0	1	0	1	1	0	1	1	1	1	0	0	1	1	1	0	0	1	0	1	0	1	1	1	1	1	0	0	1	1	1	1	1	1	1	1	0	0	0	0	1	1	1	1	1	1	0	0	1	1	1	0	1	1
Mp8g10500	pos	1	1	0	0	0	0	0	1	1	0	0	0	1	1	0	1	1	1	0	1	1	1	0	0	1	0	1	1	1	1	1	0	0	0	0	0	1	0	0	0	1	1	0	0	1	0	1	0	1	0	1	1	1	1	1	1	1	1	1	0	0	0	1	1	1
Mp8g13070	pos	0	0	0	0	1	0	0	1	1	0	1	0	0	0	1	0	1	0	0	1	1	0	0	0	1	0	0	0	1	1	0	1	0	1	1	0	1	1	0	1	0	0	0	0	1	1	1	0	0	1	0	1	0	1	1	1	1	0	1	0	1	1	0	0	0
Mp8g13140	pos	0	0	0	0	0	0	1	1	0	0	0	0	1	1	1	0	1	1	1	1	1	0	0	0	0	0	1	0	1	0	1	0	1	0	1	0	0	0	0	0	0	1	1	0	1	0	1	0	0	1	1	1	1	0	0	0	1	0	1	0	1	1	1	0	0
Mp8g13510	pos	0	1	1	0	0	0	0	0	1	1	0	0	1	0	1	0	0	0	0	0	1	0	0	0	0	1	1	1	1	1	1	0	1	0	0	1	1	0	0	1	1	0	1	1	1	1	0	1	0	1	1	0	1	1	1	1	1	0	0	1	0	1	1	1	1
Mp8g15750	pos	0	1	1	0	0	0	0	1	0	0	0	0	0	0	1	0	0	1	0	1	0	1	0	0	1	1	0	1	1	1	1	1	1	1	1	0	1	1	0	0	1	0	1	1	0	0	1	0	1	0	1	1	0	1	1	1	0	1	0	1	1	0	0	0	1
Mp8g15970	pos	1	0	1	0	1	0	1	0	0	0	0	0	0	1	0	0	1	0	0	1	0	0	0	0	0	1	1	1	1	0	1	1	1	1	1	0	0	1	1	1	1	1	0	0	1	1	0	0	1	0	0	0	1	0	0	1	1	0	1	0	0	1	0	0	1
Mp8g17780	pos	0	1	0	0	1	1	1	1	0	0	0	1	1	0	1	0	0	1	0	1	0	0	0	0	1	0	1	1	0	0	0	0	0	1	0	0	1	1	0	0	0	1	0	0	1	1	0	1	1	0	0	0	1	1	1	0	1	1	1	1	0	0	1	1	0
Mp8g19040	pos	0	0	0	0	1	0	0	1	1	0	1	0	1	1	1	0	1	0	0	1	0	1	0	1	1	0	1	0	1	0	1	0	0	0	0	1	0	1	0	1	1	0	1	0	1	0	1	0	1	1	1	1	1	1	1	0	1	1	1	1	1	1	0	1	1
Mp1g01100	neg	0	0	0	0	1	0	0	1	0	0	0	0	0	0	1	0	0	0	0	0	1	0	0	1	0	1	1	1	1	0	1	0	1	1	0	0	0	0	0	0	0	0	1	0	1	0	1	0	1	1	0	0	0	0	1	0	1	0	0	0	0	0	0	0	1
Mp1g02230	neg	0	0	1	0	0	0	0	0	0	0	0	0	0	0	1	0	1	0	0	0	1	1	0	0	0	0	1	1	1	1	1	0	0	1	1	0	1	0	0	1	0	0	1	0	0	0	1	0	0	0	1	0	0	1	0	1	0	1	1	0	1	1	0	1	1
Mp1g05420	neg	1	1	0	0	1	0	0	0	1	0	1	0	0	0	1	0	1	1	0	1	1	0	0	0	1	1	1	1	0	0	1	0	0	0	0	1	0	0	0	0	0	0	1	0	0	0	1	0	1	1	0	1	0	1	1	1	0	0	1	1	0	0	0	1	1
Mp1g07450	neg	0	0	0	0	0	0	1	1	1	0	0	0	0	0	0	1	0	0	0	1	0	0	0	0	0	0	0	1	1	0	0	0	0	1	0	0	0	0	0	0	0	0	0	0	0	0	0	0	0	0	1	1	1	0	1	0	1	0	0	1	1	1	0	0	0
Mp1g07490	neg	0	0	0	0	1	1	0	0	0	0	0	0	0	0	0	0	1	0	0	1	1	0	0	0	0	1	0	1	1	0	0	0	0	0	1	0	0	0	0	0	0	1	1	0	1	0	0	0	0	0	0	0	0	1	1	1	1	0	1	1	0	0	1	1	1
Mp1g10710	neg	0	0	0	0	0	0	0	0	0	0	1	0	0	1	0	0	0	0	0	0	1	0	0	0	1	1	0	1	0	1	0	0	0	0	0	0	1	1	0	0	1	0	1	1	0	0	1	0	1	1	0	0	1	0	1	1	0	0	1	0	0	1	0	0	0
Mp1g10760	neg	0	0	0	0	0	0	0	0	0	0	0	0	0	1	0	0	0	0	0	0	0	0	0	1	0	1	0	0	0	0	0	0	0	0	0	1	0	0	0	0	0	0	1	1	1	0	0	0	0	0	1	1	0	1	0	0	0	0	0	1	0	1	0	1	0
Mp1g10890	neg	0	1	0	0	1	0	0	1	1	0	1	0	1	0	0	1	0	0	0	0	0	0	0	0	0	0	1	0	1	1	0	0	1	1	0	0	1	1	0	1	1	0	0	0	1	0	1	0	1	0	1	0	1	0	0	1	0	1	0	1	0	0	0	1	1
Mp1g11950	neg	0	0	0	0	0	0	1	1	0	0	0	0	1	1	1	1	0	0	0	0	0	1	1	0	0	1	1	1	0	0	1	0	1	0	0	0	1	0	0	1	0	1	1	0	1	1	1	0	0	1	1	0	0	1	0	1	0	1	1	0	0	0	0	1	1
Mp1g12020	neg	0	0	0	0	0	0	0	0	1	0	0	0	1	0	0	1	0	0	0	0	0	0	0	1	1	0	1	0	1	1	1	1	0	0	0	1	1	1	0	0	1	0	1	0	0	1	1	0	1	1	1	0	1	0	0	1	0	0	1	1	1	0	1	0	1
Mp1g12700	neg	0	1	0	0	1	0	0	1	0	0	0	0	1	0	0	0	0	0	0	1	0	0	0	0	0	0	0	0	0	0	1	0	0	1	0	0	1	0	0	0	1	1	0	0	1	0	1	0	0	0	1	0	0	0	0	1	1	0	1	0	1	0	0	0	1
Mp1g14440	neg	0	0	0	0	0	0	0	1	0	0	0	0	0	0	0	0	1	0	0	0	0	1	0	0	0	0	0	1	0	1	0	0	0	1	1	0	0	0	0	0	1	0	0	0	0	0	0	0	0	1	0	1	1	0	1	1	1	0	0	1	1	0	0	0	0
Mp1g14560	neg	0	1	0	0	1	0	1	1	1	1	0	0	1	0	1	1	0	0	0	1	0	0	0	0	1	0	1	0	0	1	1	0	1	0	1	0	1	1	0	0	0	0	0	0	0	0	1	0	1	1	0	0	0	0	0	0	0	0	0	0	0	0	0	0	0
Mp1g15130	neg	0	0	0	0	1	1	1	0	1	1	1	0	0	0	1	0	1	0	0	0	1	0	0	0	1	0	1	1	0	1	1	0	0	1	1	1	0	1	0	0	0	0	1	0	1	0	0	1	1	0	0	0	1	1	0	0	0	1	0	0	0	0	1	0	0
Mp1g15910	neg	0	0	1	0	0	0	0	0	0	0	0	0	0	0	0	1	0	0	0	0	1	1	0	1	1	0	1	1	0	1	1	0	1	0	0	0	0	0	0	1	0	1	0	0	0	0	0	0	1	0	0	1	0	1	1	1	0	0	0	0	0	0	0	1	1
Mp1g16070	neg	0	1	1	0	0	1	0	1	0	0	0	0	1	1	0	0	0	0	0	1	1	0	0	0	1	1	0	0	1	1	1	0	0	0	0	0	1	0	0	1	0	0	0	0	0	0	1	1	1	1	1	0	1	0	0	1	1	0	0	1	0	1	0	1	0
Mp1g16990	neg	0	1	0	0	0	0	1	1	1	0	1	0	0	0	0	0	0	1	0	0	1	1	0	0	0	1	1	1	0	0	0	0	0	0	1	0	0	0	0	1	1	1	1	1	1	0	1	0	0	1	0	1	1	0	0	0	0	0	1	1	1	1	0	0	1
Mp1g17040	neg	0	0	0	0	0	0	0	1	0	0	0	0	1	0	0	1	0	1	0	0	0	1	0	0	1	0	0	0	1	1	1	0	1	0	0	1	1	0	0	0	1	0	1	0	1	0	1	0	0	1	0	0	1	0	0	0	1	0	0	1	0	1	1	0	1
Mp1g17740	neg	0	1	0	0	1	1	1	0	1	0	0	0	1	0	1	1	0	0	0	0	1	1	0	0	1	1	1	1	0	0	0	0	1	1	0	0	1	0	0	0	1	0	0	0	0	0	1	1	0	1	1	0	0	1	0	1	0	0	0	1	0	0	0	0	1
Mp1g17980	neg	0	1	1	0	1	1	0	1	1	1	0	0	0	1	1	0	0	0	0	1	1	1	0	0	1	0	0	0	0	1	1	0	0	0	0	0	1	0	1	0	0	0	0	0	0	0	1	0	0	1	1	0	1	0	1	0	1	0	0	1	0	0	1	0	1
Mp1g18110	neg	0	1	0	0	0	1	1	0	0	0	0	1	0	0	0	1	0	0	0	0	0	0	0	1	0	1	0	1	0	0	1	0	0	0	0	0	0	1	1	0	1	1	0	0	1	0	0	0	0	0	0	0	0	0	1	1	0	0	0	1	0	1	0	0	0
Mp1g18280	neg	0	1	0	0	0	1	0	1	0	0	0	0	1	0	0	0	0	0	0	0	1	0	0	0	1	0	1	0	0	1	0	1	1	0	1	0	0	0	0	1	0	1	0	0	0	0	1	0	0	0	0	1	0	0	0	0	0	0	1	0	0	0	0	0	0
Mp1g20340	neg	0	0	0	0	0	0	0	1	0	0	0	0	1	1	0	0	0	1	0	0	0	0	0	0	1	0	0	1	0	1	0	0	0	1	0	0	0	0	0	0	1	0	0	0	0	0	1	1	0	1	1	1	1	1	0	0	0	1	0	0	1	0	0	0	1
Mp1g21780	neg	1	0	0	0	0	1	1	1	0	0	1	0	1	1	1	0	0	0	0	1	1	1	0	0	0	0	1	0	1	1	1	0	0	1	0	0	1	1	1	1	1	0	1	1	0	0	0	1	0	0	1	1	1	0	0	0	0	0	0	1	0	0	0	1	1
Mp1g22210	neg	0	0	0	0	1	1	1	0	0	0	1	0	0	1	1	0	0	0	0	1	1	0	0	0	0	0	0	1	1	1	1	1	0	1	0	0	1	1	0	0	1	1	0	0	1	0	0	0	1	1	1	0	0	0	0	0	0	0	1	1	0	1	0	0	1
Mp1g24000	neg	0	0	0	0	1	0	1	0	1	0	0	0	0	0	1	0	1	0	0	1	0	1	0	0	0	1	0	0	0	1	0	1	0	1	1	0	1	1	0	1	0	0	1	0	0	0	1	0	1	1	1	0	1	0	1	0	0	0	0	1	0	0	0	0	0
Mp1g24450	neg	0	0	0	0	0	1	0	0	1	0	0	0	0	1	0	0	0	0	0	0	1	1	0	0	0	1	0	1	0	1	1	0	1	0	0	0	0	1	0	1	1	0	0	0	0	0	1	0	1	1	0	1	0	0	0	1	1	0	0	1	0	1	0	0	1
Mp1g26270	neg	0	1	0	0	1	0	0	1	0	0	0	0	0	0	1	0	1	0	0	1	0	1	0	0	1	1	1	1	1	0	1	1	0	1	0	0	1	1	0	0	1	0	1	0	1	1	1	0	0	1	1	0	0	0	1	1	0	0	1	0	1	1	0	1	1
Mp1g26370	neg	0	0	0	0	0	0	0	1	0	0	0	1	1	0	0	1	0	0	0	0	1	0	0	0	1	0	1	1	0	0	0	1	1	0	0	0	1	0	0	0	0	1	0	0	0	1	0	0	1	0	0	1	1	0	0	0	1	0	1	0	0	1	0	1	1
Mp1g27470	neg	0	0	0	0	1	0	0	0	0	0	0	0	0	0	0	0	0	0	0	1	0	1	0	1	1	0	1	0	0	0	1	0	1	0	0	1	0	0	0	0	1	0	1	0	0	0	1	0	0	1	0	1	0	0	1	0	0	1	1	1	0	1	0	0	0
Mp1g29140	neg	1	1	0	0	1	0	1	1	0	0	0	0	1	1	1	1	0	0	0	0	0	1	0	0	1	0	1	1	0	1	1	0	0	0	0	1	1	0	0	0	1	0	1	0	0	0	1	0	1	0	1	1	1	0	0	1	0	0	0	0	1	0	0	1	1
Mp1g29520	neg	0	0	0	0	0	0	0	1	0	0	1	0	1	1	0	0	0	0	0	1	0	0	0	0	1	1	1	0	0	0	0	0	0	1	0	0	0	0	0	0	0	1	1	0	1	0	0	0	0	0	1	0	1	0	1	0	0	1	0	0	0	0	0	0	1
Mp2g00100	neg	0	1	0	0	1	0	0	1	0	0	0	0	0	0	1	1	0	0	0	0	1	1	0	0	0	1	0	1	1	1	1	0	1	0	0	0	0	0	0	1	0	0	1	1	0	0	1	0	0	0	1	1	0	1	0	0	0	0	0	0	1	0	0	1	1
Mp2g00120	neg	0	0	0	0	0	0	1	0	0	0	0	0	0	1	1	1	1	0	0	0	0	0	0	0	1	1	1	0	0	1	1	0	1	1	1	1	0	0	0	0	0	1	1	0	1	0	1	0	1	1	0	0	0	0	0	1	1	0	0	1	0	0	1	0	1
Mp2g00760	neg	0	0	0	0	1	0	1	1	1	0	1	0	0	0	1	1	0	0	0	1	0	1	1	0	1	1	0	1	0	0	1	0	1	0	0	0	1	0	0	1	1	0	0	0	0	0	0	0	1	0	1	1	0	0	0	0	0	1	0	1	0	0	0	0	0
Mp2g00790	neg	0	1	0	0	0	0	0	1	0	0	0	0	0	0	1	0	1	0	0	0	1	0	0	1	0	1	1	0	0	1	0	0	0	1	0	0	0	1	0	0	1	0	0	0	1	0	0	0	1	1	0	1	0	0	0	1	0	1	0	0	0	1	0	1	1
Mp2g02970	neg	0	1	1	0	1	0	1	1	1	0	0	0	1	1	0	1	1	0	0	1	0	0	0	1	0	0	0	0	0	0	0	0	0	1	1	0	1	0	1	0	0	1	0	0	0	0	0	0	1	1	1	0	0	0	0	0	0	0	1	1	0	0	1	0	1
Mp2g03280	neg	0	1	0	0	1	1	0	0	0	0	0	1	0	0	1	0	0	1	0	0	0	1	1	0	1	1	1	0	0	0	1	0	0	0	0	0	0	0	0	1	0	1	1	0	0	1	1	0	0	1	1	0	1	0	0	1	0	1	0	1	1	1	0	1	1
Mp2g04340	neg	0	0	0	0	0	0	0	0	0	0	0	0	0	0	0	1	1	0	0	0	0	0	0	0	0	0	0	0	0	0	0	0	0	0	1	0	0	0	0	1	0	1	0	0	1	0	0	0	1	0	1	0	0	1	0	1	0	1	1	1	0	0	1	0	0
Mp2g06970	neg	1	1	0	0	0	1	0	1	1	0	0	0	0	0	0	0	0	1	0	0	1	0	0	0	1	1	1	0	0	1	0	0	1	1	0	0	0	0	0	1	0	1	0	0	1	0	0	0	0	1	0	1	1	0	0	1	1	0	1	0	1	1	0	0	0
Mp2g07090	neg	0	1	0	0	1	0	0	0	0	0	0	0	0	1	1	0	0	0	0	1	0	0	0	0	1	0	1	1	1	1	1	1	0	0	0	0	1	0	0	1	0	0	1	0	0	0	1	0	0	1	1	0	1	0	0	0	0	1	0	0	1	0	0	0	0
Mp2g09250	neg	0	0	0	0	0	1	0	1	0	0	1	0	1	1	1	1	0	0	0	1	1	0	0	0	1	0	0	0	0	0	0	0	1	0	0	1	0	0	0	1	0	0	1	1	0	1	0	0	1	1	1	1	1	1	1	0	0	0	1	0	0	0	0	0	0
Mp2g10780	neg	0	0	0	0	0	0	0	0	0	0	0	1	1	0	1	0	0	0	0	1	0	0	0	1	1	1	0	0	0	1	1	0	1	1	0	0	1	1	0	0	0	1	1	1	0	1	1	0	0	0	1	1	1	0	1	1	0	1	1	0	0	0	0	1	0
Mp2g11630	neg	0	1	0	0	1	0	0	0	0	0	0	0	1	1	1	0	0	0	0	1	0	0	0	0	0	1	0	0	1	0	1	0	1	0	1	0	0	0	0	0	1	0	0	0	1	0	1	0	0	1	1	1	0	0	0	1	0	0	1	0	0	1	0	0	1
Mp2g12530	neg	0	0	0	0	0	0	1	1	0	0	0	0	0	1	0	0	0	0	0	0	0	1	0	1	1	0	0	1	1	0	0	0	0	0	0	1	0	1	0	1	1	1	0	0	1	0	1	0	1	0	1	1	1	0	1	1	0	0	1	0	0	1	0	0	1
Mp2g13660	neg	0	1	0	0	0	1	0	0	0	0	0	0	0	0	1	0	0	0	0	0	0	0	0	0	0	0	0	0	1	1	1	1	0	0	0	0	0	0	0	0	1	0	0	0	0	0	0	0	0	0	1	1	0	1	0	1	1	1	0	0	1	0	0	1	1
Mp2g13680	neg	0	1	0	0	0	1	0	1	1	0	0	0	1	0	0	1	0	1	0	0	0	0	0	0	1	0	0	0	1	1	1	0	0	0	1	0	0	0	0	0	0	0	1	0	0	0	1	0	0	0	0	1	0	1	0	0	0	1	0	0	1	0	0	1	1
Mp2g14160	neg	0	0	0	0	0	0	0	1	1	0	0	0	1	1	1	0	1	0	0	0	1	0	0	0	0	0	0	0	0	0	1	0	1	0	0	0	1	0	0	0	1	0	0	0	0	0	1	1	0	1	1	0	1	0	0	1	0	0	0	0	0	0	0	0	0
Mp2g14340	neg	0	0	0	0	0	0	1	0	0	0	0	0	1	1	0	1	0	0	0	0	0	0	0	1	1	0	0	0	1	1	1	0	0	1	0	0	0	0	0	0	0	1	1	1	0	0	1	0	1	1	0	0	1	0	1	0	0	0	1	1	0	0	0	1	1
Mp2g15520	neg	0	0	0	0	1	1	0	1	0	0	0	0	0	1	1	0	1	0	0	0	1	0	0	1	1	0	0	1	1	1	1	0	1	0	0	0	0	0	0	1	0	0	1	1	1	0	1	0	1	1	1	0	0	0	1	0	1	0	1	0	0	1	0	1	1
Mp2g15780	neg	0	1	0	0	1	0	0	0	0	0	0	0	0	1	1	0	0	0	0	0	0	1	0	0	0	1	0	0	0	0	0	0	1	1	0	0	1	0	1	0	1	0	0	0	1	0	0	0	0	1	0	1	0	0	0	0	1	1	1	0	1	1	0	1	0
Mp2g15900	neg	0	0	0	0	0	0	0	0	0	0	1	0	1	1	0	0	0	1	0	1	0	0	0	0	0	0	0	0	0	0	0	0	0	1	0	0	0	1	1	0	1	0	0	0	0	0	0	0	0	0	0	0	0	0	0	0	0	0	0	0	0	0	0	0	0
Mp2g16650	neg	0	1	0	0	0	0	0	0	0	0	0	0	0	0	1	0	0	1	0	1	0	0	0	0	1	1	1	0	0	1	1	0	1	0	0	0	0	0	0	1	1	1	1	0	1	0	1	0	1	0	1	0	1	0	0	1	1	1	1	1	0	0	1	0	1
Mp2g19310	neg	0	1	0	0	1	0	0	0	0	0	0	0	1	1	0	1	1	0	0	1	0	0	0	0	1	0	0	1	1	1	1	0	1	0	0	1	0	0	0	1	1	0	1	1	1	0	1	0	0	0	0	1	0	1	1	1	0	0	0	1	1	1	0	0	0
Mp2g19420	neg	0	0	0	0	0	0	0	0	1	0	1	0	0	0	1	1	0	0	0	0	0	0	0	0	0	1	0	0	1	0	1	0	0	0	0	0	0	0	0	0	1	0	1	1	0	0	0	0	1	0	0	1	1	0	0	1	0	1	0	1	0	0	0	0	0
Mp2g20320	neg	0	0	0	0	0	0	0	1	1	0	0	0	0	1	1	0	0	0	0	1	0	0	0	0	1	1	1	1	0	1	1	0	1	0	0	1	0	0	0	0	0	0	0	0	1	0	1	0	0	0	0	0	1	1	0	0	0	0	1	1	0	1	0	0	1
Mp2g22180	neg	1	0	0	0	0	0	1	1	0	0	0	0	0	0	1	0	0	0	0	1	1	0	0	0	0	0	0	0	0	0	1	0	1	1	0	1	0	0	0	1	0	0	0	0	0	0	0	0	1	0	0	1	0	1	0	0	0	0	0	0	0	0	0	1	0
Mp2g23130	neg	0	1	0	0	1	0	0	0	1	0	0	0	1	0	0	0	0	0	0	1	1	0	0	0	0	0	0	0	0	1	1	0	1	1	0	0	1	1	0	1	0	0	0	0	1	0	0	0	0	0	0	0	0	0	0	0	1	0	0	1	0	0	0	0	0
Mp2g23700	neg	0	1	0	0	1	1	0	1	1	0	1	0	0	0	1	0	0	0	0	1	1	0	0	1	1	0	1	1	1	0	1	0	1	1	0	1	0	1	0	0	1	0	1	0	1	0	1	0	0	0	0	1	1	0	1	0	1	0	0	1	1	1	0	1	1
Mp2g25680	neg	0	1	0	0	0	0	1	0	1	0	0	0	0	0	0	1	1	0	0	0	1	0	0	1	1	0	1	0	0	1	0	0	0	1	1	0	1	1	0	1	1	1	0	0	0	0	1	0	1	0	1	1	0	0	1	0	1	1	0	0	0	0	0	0	1
Mp3g02120	neg	0	0	0	0	1	0	1	1	0	0	0	0	0	1	1	0	0	0	0	0	0	0	0	0	1	0	1	1	1	1	1	0	1	1	0	0	0	1	0	0	1	0	1	0	0	0	0	0	1	0	0	1	0	0	0	1	0	0	0	1	0	0	0	0	1
Mp3g04080	neg	0	0	0	0	1	0	0	1	1	0	0	0	0	1	1	1	0	0	0	1	0	0	0	0	0	0	0	1	0	1	0	0	0	1	0	0	1	0	0	1	1	0	0	0	0	0	0	0	1	0	1	0	0	1	0	1	0	0	0	0	0	0	1	1	0
Mp3g10030	neg	1	1	0	0	1	1	1	1	0	0	1	0	1	0	1	0	0	0	0	1	1	1	0	0	0	1	1	0	0	0	1	0	1	1	0	0	1	0	0	1	1	1	1	0	0	0	1	0	0	0	1	1	1	0	0	0	1	0	1	1	0	1	0	0	1
Mp3g11110	neg	0	1	0	0	0	1	1	1	1	0	0	0	0	1	0	0	1	1	0	1	0	1	0	1	1	1	1	1	1	1	0	0	1	0	0	1	1	1	0	0	1	0	1	0	1	0	0	0	1	0	1	0	1	1	1	1	0	0	0	1	0	0	0	1	1
Mp3g11860	neg	0	1	1	0	1	1	1	0	1	0	0	0	0	1	0	1	0	1	0	1	1	0	0	0	1	1	1	0	0	1	0	0	0	1	1	1	0	0	1	0	1	0	1	1	1	0	1	0	0	1	1	1	1	1	0	1	1	1	0	1	0	0	1	1	0
Mp3g13920	neg	0	0	0	0	0	0	1	1	0	0	0	0	1	0	0	0	0	0	0	0	1	1	0	0	0	0	1	0	0	0	0	0	0	0	0	1	0	0	0	1	1	0	0	0	0	0	0	0	0	0	0	0	0	1	0	0	0	0	1	0	1	0	0	0	1
Mp3g13960	neg	0	0	0	0	0	1	1	0	0	0	0	0	1	1	1	1	0	0	0	0	1	0	0	0	1	1	0	0	0	1	0	0	0	0	1	0	1	1	0	1	0	1	0	0	0	0	1	0	0	1	1	0	0	0	1	0	1	1	1	1	0	0	0	1	0
Mp3g14280	neg	1	1	0	0	1	0	1	1	0	0	0	0	0	0	1	0	0	1	0	1	0	0	0	0	1	1	1	0	0	0	0	0	1	0	0	1	1	0	0	0	0	0	1	0	0	1	1	0	1	0	0	1	0	0	0	0	1	1	0	1	0	1	0	0	0
Mp3g15280	neg	0	0	0	0	1	0	1	1	0	0	0	0	0	0	0	1	0	0	0	1	1	0	0	0	1	0	0	1	1	0	0	0	0	0	0	0	0	1	0	0	1	0	0	0	1	0	0	0	1	0	0	0	1	1	0	0	1	0	0	0	1	0	0	0	0
Mp3g15400	neg	0	0	0	0	1	1	0	1	0	0	0	0	0	0	0	0	0	1	0	1	1	0	0	1	1	1	1	0	1	1	1	0	1	0	1	0	0	0	0	1	1	1	0	0	0	0	0	0	1	1	0	0	1	0	1	1	1	0	1	1	0	1	0	0	1
Mp3g15900	neg	0	1	0	0	1	1	1	0	0	0	1	0	0	1	1	0	0	1	0	1	1	0	0	1	1	0	1	0	0	0	0	0	1	0	0	1	0	0	0	0	0	1	1	1	1	1	1	0	1	0	1	0	1	0	0	0	1	1	0	1	0	0	1	1	1
Mp3g17030	neg	0	0	0	0	0	0	1	0	0	0	0	0	0	0	0	0	0	1	0	1	1	0	0	0	1	1	1	1	0	1	1	0	1	0	0	0	0	0	0	1	0	0	1	0	1	0	1	0	0	1	0	0	1	1	0	0	0	0	0	0	0	1	0	1	0
Mp3g18610	neg	0	1	0	0	0	1	1	0	1	0	0	0	0	0	1	1	0	0	0	1	1	0	0	0	0	1	1	1	1	1	1	1	0	1	0	0	1	0	0	0	0	1	0	0	0	0	1	0	1	0	1	0	0	1	0	0	0	0	1	1	0	1	0	0	1
Mp3g18680	neg	0	1	1	0	1	0	0	1	1	1	0	0	1	0	1	0	1	0	0	1	0	0	0	0	1	1	1	1	0	0	1	1	1	0	1	0	0	0	0	0	1	1	0	0	1	1	0	0	0	0	0	1	0	0	0	1	0	0	1	1	0	1	0	0	0
Mp3g20660	neg	0	0	0	0	0	0	0	1	0	0	0	0	0	1	0	0	1	0	0	0	1	1	0	0	1	1	1	0	0	1	1	0	1	0	0	0	1	0	0	0	1	0	1	1	0	0	0	0	0	0	1	1	0	1	1	0	0	0	0	0	0	0	0	1	1
Mp3g20840	neg	0	1	0	0	1	1	0	0	0	0	0	0	0	0	1	0	1	0	0	0	1	0	0	0	1	1	1	0	0	0	0	0	0	1	1	1	1	0	0	0	0	0	1	0	1	0	1	0	1	0	1	0	0	0	0	0	0	0	0	0	0	0	0	1	1
Mp3g21740	neg	0	1	1	0	1	1	1	0	0	0	0	1	0	0	0	1	0	1	0	1	0	0	0	1	1	0	1	0	1	0	0	0	1	1	0	0	1	0	1	0	0	1	0	0	1	1	0	0	1	1	1	0	1	1	1	0	0	1	1	1	1	0	0	0	1
Mp4g02180	neg	0	1	1	0	1	1	0	0	1	1	0	0	0	0	0	0	0	1	0	1	1	0	0	0	1	1	1	0	1	1	1	0	1	0	0	0	0	0	0	0	0	1	1	0	1	1	1	0	0	1	1	0	1	0	0	1	1	1	1	1	0	1	0	0	1
Mp4g03730	neg	0	0	0	0	0	1	1	0	0	0	0	1	1	1	0	0	0	0	0	0	1	0	0	0	1	0	0	0	0	1	0	0	1	1	1	0	0	0	0	1	0	1	0	0	1	0	0	0	1	0	0	1	0	0	0	0	0	0	1	1	0	1	0	1	1
Mp4g04360	neg	0	0	0	0	1	0	0	0	0	0	0	0	0	0	1	0	0	0	0	1	0	0	0	0	0	1	0	0	1	1	1	0	1	0	0	0	0	0	0	0	0	1	1	0	0	0	1	0	1	0	0	1	0	0	0	0	0	0	1	1	1	0	0	0	0
Mp4g04500	neg	0	0	0	0	1	0	0	1	0	0	0	0	1	0	0	0	0	0	0	1	0	1	0	0	0	0	0	0	1	0	0	0	0	0	0	1	1	0	1	0	1	1	1	0	0	0	1	0	1	0	1	0	1	0	0	1	1	0	0	0	0	0	0	1	0
Mp4g04520	neg	0	0	0	0	1	0	0	0	1	0	0	0	0	0	0	1	1	0	0	1	0	0	0	0	1	0	1	0	1	0	1	0	0	0	0	1	0	1	0	0	0	0	0	0	0	0	0	0	1	1	0	0	1	1	1	0	0	0	0	0	1	0	1	1	1
Mp4g05240	neg	0	1	0	0	1	1	0	0	0	0	0	0	0	0	1	1	1	1	0	1	1	0	0	0	0	0	1	0	0	1	1	0	0	0	0	1	1	0	0	1	0	0	0	0	0	0	0	0	0	1	1	1	1	0	0	1	1	1	0	0	0	0	0	1	1
Mp4g06130	neg	0	1	0	0	1	0	0	0	0	0	0	0	1	0	1	1	0	0	0	1	0	0	0	1	1	0	1	0	1	0	0	0	0	0	0	0	0	0	0	1	0	1	0	0	0	0	1	0	1	0	0	1	0	0	0	0	1	0	0	0	0	0	0	0	1
Mp4g10520	neg	0	0	0	0	0	0	0	0	0	0	0	0	0	0	0	1	1	0	0	1	1	1	0	0	1	0	1	1	1	0	0	0	0	0	1	0	0	0	0	1	0	1	0	0	0	0	0	0	0	1	0	0	1	0	0	1	0	0	0	0	0	0	0	1	1
Mp4g11160	neg	0	0	0	0	0	0	0	1	1	0	1	1	0	1	1	0	1	0	0	0	0	0	0	0	0	0	1	0	0	0	0	0	0	0	0	1	0	1	0	0	1	1	0	0	0	1	1	0	1	1	0	1	1	0	0	0	0	0	0	1	0	0	1	1	1
Mp4g12190	neg	1	1	0	0	0	0	0	1	0	0	0	0	0	0	0	0	1	1	0	0	0	0	0	0	0	0	0	1	0	0	1	0	0	0	0	0	0	0	0	1	0	1	0	0	1	1	1	0	1	0	1	0	1	0	1	0	0	1	1	1	0	0	0	1	0
Mp4g14300	neg	0	0	1	0	0	0	0	0	1	0	1	0	1	1	0	0	0	0	0	1	0	0	0	0	0	1	0	0	0	0	1	0	0	1	0	0	0	1	0	1	0	1	1	0	1	0	1	0	1	1	0	1	1	0	1	0	0	0	1	1	0	1	0	1	0
Mp4g17940	neg	0	1	0	0	1	1	0	1	0	0	1	0	0	0	0	1	0	1	0	0	1	0	0	0	1	0	1	0	0	0	1	1	1	0	0	0	1	0	0	0	1	0	1	1	0	0	0	0	1	0	1	1	1	1	0	0	0	1	0	0	0	0	1	1	0
Mp4g23100	neg	0	1	0	0	0	0	0	0	0	0	1	0	0	0	0	0	0	0	0	0	0	0	0	1	0	0	0	1	0	1	1	0	0	0	1	0	0	0	0	1	0	0	1	0	1	0	1	0	1	0	0	0	1	0	1	0	1	0	0	0	1	1	0	0	1
Mp5g04770	neg	0	0	0	0	0	0	0	0	0	0	0	0	1	1	1	0	0	0	0	1	0	1	1	0	1	0	1	0	1	1	1	0	0	0	0	0	0	0	0	0	1	0	1	0	0	0	1	0	1	0	1	0	1	0	1	1	1	0	1	1	0	0	0	0	1
Mp5g05250	neg	1	1	1	0	1	1	0	1	0	0	0	1	1	0	1	0	0	0	0	1	1	1	0	0	0	0	1	1	1	0	0	0	0	0	0	0	0	0	0	1	0	1	0	0	1	1	1	0	1	0	0	0	1	1	1	0	0	0	0	1	1	0	1	0	0
Mp5g11200	neg	0	1	0	0	1	0	0	1	0	0	1	0	0	0	0	1	1	0	0	1	1	1	0	0	1	1	1	0	1	0	1	0	0	0	1	1	0	0	0	0	1	0	1	0	0	0	1	1	1	1	1	1	0	1	0	1	0	0	1	1	0	0	0	1	1
Mp5g11890	neg	0	0	0	0	1	0	1	0	0	0	0	0	1	0	1	1	0	1	0	0	1	0	0	0	0	0	1	1	0	1	0	0	1	1	0	0	0	0	1	1	0	0	1	0	1	1	0	0	1	1	0	1	1	1	0	1	0	1	0	0	0	1	0	1	1
Mp5g14090	neg	0	1	0	0	1	0	0	1	0	0	0	0	0	1	1	0	0	0	0	0	0	1	0	0	1	1	1	1	1	1	1	0	0	0	0	0	0	0	0	0	1	0	1	0	0	1	1	0	0	1	0	0	1	1	0	1	1	0	0	1	0	0	0	1	1
Mp5g14190	neg	0	1	0	0	1	0	0	1	0	0	1	0	0	0	0	0	0	0	0	0	1	1	0	0	1	0	0	1	0	0	0	0	0	1	0	0	1	0	0	0	1	0	1	0	0	1	1	0	0	1	1	0	1	0	0	0	0	0	0	1	1	0	0	0	0
Mp5g15080	neg	0	0	0	0	1	0	1	1	0	0	0	0	0	0	0	1	0	1	0	0	0	0	0	0	1	1	0	0	1	1	0	0	1	1	1	1	0	1	0	0	0	0	1	1	1	0	1	0	0	0	0	1	0	0	0	1	1	1	1	1	0	1	0	0	1
Mp5g15630	neg	0	1	0	0	0	0	1	1	0	0	0	0	0	1	1	1	0	0	0	0	0	0	0	0	1	0	0	0	0	1	0	0	1	1	0	0	1	0	0	1	0	0	0	0	0	0	0	0	0	0	1	1	0	1	0	1	1	0	0	0	0	0	0	0	1
Mp5g16730	neg	0	0	0	0	0	0	1	1	0	0	0	0	0	0	1	0	0	0	0	0	0	0	0	0	1	1	1	0	1	1	1	1	0	0	0	1	1	0	0	0	0	0	1	0	0	0	1	0	0	1	0	1	0	0	0	1	0	1	0	1	1	0	0	1	1
Mp5g18340	neg	0	1	0	0	0	1	0	1	0	0	0	0	0	1	0	0	1	0	0	0	0	0	0	0	0	0	0	0	1	1	0	1	1	1	0	0	1	0	0	0	0	1	1	0	0	1	1	1	0	0	0	0	0	0	0	0	0	0	1	1	0	0	0	1	1
Mp5g20500	neg	1	0	0	0	1	0	0	1	0	0	0	1	1	0	0	1	0	1	0	0	0	0	0	0	1	0	0	0	0	1	1	0	0	1	0	0	1	0	1	1	1	1	1	0	0	0	1	0	1	1	1	0	1	0	1	1	0	0	0	0	1	1	0	1	1
Mp5g20630	neg	1	1	1	0	1	0	0	1	1	0	1	0	1	1	1	1	0	0	0	0	0	1	1	0	0	0	1	0	0	0	1	1	0	1	0	0	1	0	0	1	0	0	1	1	0	0	1	0	0	0	1	0	0	1	0	0	0	0	0	0	1	0	0	1	1
Mp5g20870	neg	0	1	0	0	1	1	1	1	1	0	0	0	1	1	1	1	1	1	1	1	0	0	0	1	0	0	1	0	0	0	1	0	1	0	1	0	1	0	0	1	0	1	0	0	1	0	1	0	1	0	0	0	0	1	0	0	0	1	0	0	0	0	1	1	1
Mp5g23530	neg	1	1	0	0	0	0	0	1	0	0	1	0	0	0	1	0	1	0	0	1	1	0	0	0	1	1	0	0	0	0	1	0	0	1	1	0	1	0	0	1	0	0	0	0	1	0	1	0	1	1	0	0	0	1	1	1	1	0	0	1	1	0	0	0	0
Mp5g23730	neg	1	0	0	0	0	0	0	0	0	0	1	0	0	0	0	0	0	1	0	0	1	0	0	0	1	0	1	0	1	1	0	0	1	1	0	1	0	0	0	1	1	0	1	0	0	0	0	0	0	0	1	0	1	1	0	1	0	1	0	0	0	0	0	1	0
Mp6g00220	neg	0	1	0	0	1	0	0	1	0	0	0	0	0	0	1	0	0	0	0	0	1	0	0	1	0	0	1	0	0	0	1	0	0	0	0	0	0	1	0	0	0	0	0	0	1	0	0	1	0	0	1	0	0	1	1	0	1	1	0	0	1	0	0	1	1
Mp6g00920	neg	0	1	0	0	0	1	1	1	0	0	0	0	1	1	1	0	0	0	0	0	0	0	0	0	0	1	1	1	0	0	1	0	0	1	0	0	1	0	0	0	1	1	0	0	1	0	0	0	1	1	0	1	1	0	0	0	1	0	1	1	1	1	0	0	0
Mp6g00950	neg	0	0	0	0	0	0	1	1	0	0	0	0	0	0	1	0	1	0	0	0	0	1	1	0	1	1	1	1	1	0	1	0	0	1	1	1	0	1	0	1	0	1	1	0	1	0	1	0	0	1	1	1	1	0	1	1	0	1	1	0	1	1	1	0	1
Mp6g01940	neg	0	1	0	0	1	0	1	0	0	0	0	0	1	0	1	1	0	1	0	0	1	0	0	0	0	1	1	0	0	1	0	0	1	0	1	1	1	1	0	1	0	1	1	0	0	0	1	0	0	0	1	0	0	1	0	1	1	1	0	1	0	0	1	0	0
Mp6g02440	neg	0	0	0	0	0	0	1	1	1	0	0	0	0	0	1	0	0	0	0	1	0	0	0	0	1	1	0	0	1	1	0	0	0	0	0	0	1	1	0	0	0	0	0	0	0	0	1	0	0	0	1	0	1	0	0	1	0	0	0	1	1	0	0	0	0
Mp6g02590	neg	0	1	0	0	1	0	0	0	0	0	0	0	1	0	0	0	0	1	0	1	1	0	0	1	0	0	0	0	0	0	1	0	0	0	0	0	0	0	0	0	1	1	0	0	1	0	0	0	0	0	1	0	1	0	0	0	1	1	0	1	0	0	0	1	1
Mp6g02700	neg	0	0	0	0	1	0	0	1	1	0	0	0	0	0	0	1	0	0	0	0	1	0	0	0	1	0	1	0	1	1	0	0	1	1	1	1	0	1	0	1	0	0	1	0	1	0	0	0	0	1	0	0	1	1	0	1	0	0	0	0	1	0	0	1	0
Mp6g15950	neg	1	1	0	0	1	0	0	0	1	1	0	0	1	0	0	1	0	0	0	1	0	1	0	0	1	1	1	1	0	0	0	0	1	1	0	0	1	0	1	0	1	1	1	1	1	0	0	1	0	0	1	0	0	0	1	1	0	0	1	0	0	0	1	0	0
Mp6g15980	neg	0	0	0	0	0	1	0	0	0	0	0	0	0	0	1	0	0	0	0	0	1	1	0	0	1	0	0	0	0	1	1	0	1	1	0	0	1	0	0	0	0	0	0	0	0	1	0	0	0	0	0	0	1	0	0	1	1	0	1	0	0	0	0	0	0
Mp6g21510	neg	0	1	0	0	1	0	0	0	1	1	0	0	1	1	0	1	0	1	0	1	1	1	0	0	0	1	0	1	1	0	0	0	1	0	0	0	0	0	0	1	0	0	1	0	1	0	1	0	1	1	1	0	1	0	0	0	0	0	1	1	1	1	0	1	0
Mp7g01490	neg	0	0	0	0	0	0	1	1	0	0	0	0	1	1	0	1	0	0	0	0	0	1	0	0	0	0	1	0	0	1	0	0	1	0	0	0	0	1	0	1	1	0	0	0	0	1	0	0	0	1	1	0	0	1	0	1	0	0	0	1	0	1	0	1	1
Mp7g04400	neg	0	0	0	0	0	0	0	0	0	0	0	1	0	0	0	0	0	0	0	0	0	0	0	0	0	0	0	0	0	0	0	0	0	1	0	0	1	0	0	1	0	1	0	0	0	0	1	0	1	1	1	0	1	0	0	0	0	0	0	1	0	0	0	0	1
Mp7g04880	neg	0	0	0	0	0	0	0	0	0	0	0	0	1	0	1	0	0	0	0	1	0	0	0	0	0	0	1	1	0	1	0	0	1	1	0	0	1	0	0	0	0	0	0	0	1	0	0	0	1	1	1	0	0	0	1	0	0	0	1	0	1	1	1	1	1
Mp7g06510	neg	0	1	0	0	0	1	0	0	0	0	0	0	0	0	0	0	1	1	0	0	0	0	0	0	1	0	1	0	0	1	0	0	0	1	0	0	1	0	0	1	1	1	1	1	1	0	1	0	0	1	1	1	0	1	0	0	1	0	1	0	0	1	0	1	1
Mp7g08090	neg	0	0	0	0	0	0	0	0	1	0	0	0	0	0	1	1	1	1	0	1	0	0	0	1	1	0	0	0	1	0	1	0	0	1	1	0	0	0	1	1	0	1	1	0	1	0	1	0	1	1	1	0	1	0	1	0	0	0	0	0	1	1	0	1	1
Mp7g10360	neg	0	0	0	0	1	0	0	1	0	0	0	1	1	0	1	1	0	0	0	0	1	1	1	0	0	0	1	0	1	0	1	0	0	1	0	0	1	0	0	0	0	1	0	0	1	0	0	0	1	0	0	0	1	1	0	0	1	1	0	0	1	0	0	1	0
Mp7g12290	neg	0	1	0	0	1	1	1	0	1	1	0	0	0	1	1	1	1	0	0	1	1	0	0	1	1	0	1	1	1	1	1	0	0	1	1	0	1	1	0	0	0	0	1	1	1	0	1	0	1	1	1	0	1	0	0	0	1	0	1	0	1	1	0	0	0
Mp7g14570	neg	0	0	0	0	0	0	0	0	0	0	0	0	1	1	1	0	0	0	0	0	0	0	0	1	1	1	0	0	0	0	0	0	0	0	0	1	0	0	1	0	1	0	1	0	0	0	0	0	0	1	0	0	0	0	1	0	0	0	0	0	0	0	0	1	0
Mp7g15300	neg	0	0	0	0	0	0	0	0	0	0	0	0	0	1	1	0	1	1	0	0	1	1	0	0	0	0	0	1	0	0	1	0	0	0	1	1	1	0	0	1	0	0	1	1	1	0	1	0	1	0	1	0	0	0	0	1	0	1	0	1	0	1	0	0	0
Mp7g15970	neg	0	0	0	0	0	0	0	1	0	0	0	0	0	0	0	0	0	0	0	0	0	0	0	1	0	0	0	1	1	0	0	0	1	0	0	1	1	0	0	0	0	0	0	0	0	0	0	1	1	1	0	1	0	0	0	0	1	0	0	0	0	1	0	0	0
Mp7g16950	neg	0	0	0	0	0	0	1	1	0	0	0	0	0	0	0	1	0	0	0	0	0	0	0	1	0	1	0	0	0	1	0	0	0	0	0	0	0	1	1	0	0	1	0	0	1	0	1	0	0	1	0	0	0	1	1	1	0	0	0	1	1	0	0	1	0
Mp7g16990	neg	0	0	0	0	0	0	1	0	0	0	1	0	0	1	1	0	0	1	0	0	1	1	0	0	0	1	1	0	1	1	1	0	0	0	1	1	1	0	0	1	0	0	1	1	0	1	0	0	0	0	0	1	0	0	0	0	1	1	0	1	0	0	1	0	0
Mp7g19290	neg	0	1	0	0	1	0	0	1	1	0	0	0	0	0	1	0	1	0	0	1	0	0	0	0	1	0	1	0	1	0	1	0	0	0	1	1	1	0	0	0	0	0	1	0	1	0	1	0	0	0	1	0	0	1	1	0	1	0	0	1	0	1	0	1	1
Mp7g19730	neg	0	1	0	0	0	0	0	1	0	0	0	0	1	1	0	0	1	0	0	0	1	0	0	0	0	1	0	1	0	0	1	0	1	0	0	0	0	0	0	0	0	1	1	0	1	0	0	0	0	1	0	0	1	0	0	0	0	0	1	1	1	1	0	1	0
Mp8g00950	neg	0	1	0	0	1	0	0	0	0	0	0	0	0	0	1	1	0	0	0	1	0	0	0	0	1	0	0	0	0	1	1	0	0	1	0	0	0	1	0	1	1	0	0	0	1	0	1	0	0	0	1	1	0	0	1	0	0	0	0	1	0	1	0	0	1
Mp8g03090	neg	1	0	0	0	1	0	1	0	1	0	1	0	1	0	0	0	0	0	0	1	0	0	0	0	1	0	1	1	0	0	1	0	0	1	0	1	0	0	0	0	0	1	0	0	0	0	0	1	0	1	0	0	0	0	0	0	0	0	0	1	0	0	0	1	0
Mp8g03790	neg	0	1	0	0	1	1	0	1	0	0	0	0	0	0	0	0	0	0	0	1	0	0	0	1	1	1	0	0	0	1	0	0	0	1	0	0	1	0	0	1	0	0	1	0	1	0	1	0	0	1	1	0	1	0	0	0	0	0	1	1	0	0	0	1	1
Mp8g06100	neg	0	1	0	0	0	0	0	1	0	0	0	0	0	0	1	1	1	1	0	0	0	1	0	0	1	1	0	0	0	1	0	1	0	0	1	0	1	0	0	0	0	0	0	0	0	1	1	0	1	0	1	1	0	1	0	1	0	0	0	0	0	0	0	1	1
Mp8g07920	neg	1	1	0	0	0	1	0	1	1	0	0	0	0	0	1	0	0	1	0	0	1	1	0	0	1	1	0	0	1	1	0	0	1	1	1	0	0	0	0	1	1	0	0	0	0	0	1	0	1	1	1	1	1	1	1	1	0	0	0	0	0	0	0	1	0
Mp8g10140	neg	1	0	0	0	1	0	0	0	0	0	0	0	0	0	1	0	1	0	0	1	1	0	0	0	1	0	1	1	0	1	1	0	1	0	0	0	0	0	0	0	0	0	0	0	0	0	1	0	0	0	0	1	0	0	0	0	1	0	0	0	0	0	0	0	1
Mp8g14010	neg	0	1	0	0	0	1	0	1	0	0	1	0	0	1	0	0	1	0	0	0	0	1	1	0	0	0	0	1	0	1	0	0	1	0	0	0	0	0	0	1	0	0	0	0	0	0	0	0	0	0	0	1	0	0	1	0	0	1	0	0	0	0	1	1	1
Mp8g14300	neg	0	0	1	0	1	0	1	0	1	0	1	0	1	0	0	1	1	0	0	0	1	1	0	0	1	1	1	0	0	1	0	0	1	0	0	0	1	0	1	0	1	0	1	0	0	0	0	0	0	1	0	1	0	1	0	1	0	0	0	0	0	1	0	1	1
Mp8g16070	neg	0	0	0	0	0	0	0	0	0	0	0	0	1	0	1	1	0	0	0	1	1	0	0	0	1	0	0	0	0	0	1	0	0	0	0	0	0	0	0	0	1	0	1	0	0	1	1	0	0	0	1	1	0	1	0	0	0	0	0	0	0	1	0	1	0
Mp8g16180	neg	0	1	1	0	1	0	1	0	0	0	1	0	0	0	1	1	1	0	0	0	1	1	0	1	1	0	0	0	1	1	0	0	0	1	0	0	1	0	0	1	1	0	0	0	1	1	0	0	1	0	1	1	0	1	1	1	0	0	0	0	0	1	0	1	0
Mp8g18890	neg	0	0	0	0	0	0	1	1	1	0	1	0	0	0	1	0	0	0	0	1	0	0	0	1	0	0	0	1	1	0	1	0	0	1	0	0	0	1	1	0	1	0	0	0	0	0	0	0	0	0	0	0	0	1	0	1	1	0	0	1	0	0	0	1	1
Mp8g19010	neg	0	1	0	0	1	1	0	1	0	0	0	0	0	1	0	0	1	0	0	0	1	0	0	0	1	0	1	1	1	0	0	0	0	0	0	0	0	0	0	1	0	1	1	0	1	1	0	1	1	0	1	0	1	0	0	0	0	1	0	0	0	0	1	1	1
MpVg01150	neg	1	0	0	0	1	0	1	0	0	0	0	0	0	0	1	1	0	0	0	1	0	0	0	0	1	1	1	0	0	0	1	0	0	1	0	0	1	1	0	0	0	1	0	0	0	0	0	1	1	0	0	1	1	0	0	1	0	0	0	0	0	0	0	1	1
Mpzg00240	neg	0	1	1	0	1	0	1	1	0	0	0	0	1	0	1	1	0	0	0	1	1	0	0	0	1	1	1	0	1	1	1	0	1	1	0	0	0	1	0	0	0	0	0	0	1	0	1	1	1	0	0	1	1	1	1	1	1	0	0	1	0	0	1	1	1
