X	Class	AAGATC	AAGCAG	ACAAGT	ACACTG	ACAGGA	ACCCAT	ACCTGCAA	ACGTGC	ACTCAG	ACTCAGA	AGACAA	AGACTC	AGAGTA	AGATCA	AGCTCAG	AGCTGA	AGCTGAG	AGCTGG	AGTATC	AGTTAC	ATCCGG	ATCTAGC	ATCTGA	CACAAC	CAGATC	CAGCTC	CCTCAG	CCTGAG	CCTTGC	CCTTGCA	CGCTCA	CTCTGA	CTGAGA	CTGTGC	CTTGAC	CTTGCC	GAAGAC	GGTGGA	GTAGTA	GTCCAC
Mp1g01040	pos	1	1	1	0	0	1	0	0	1	1	1	0	1	1	0	1	0	1	0	0	0	0	1	1	1	1	1	0	0	0	0	0	0	1	0	0	1	1	0	1
Mp1g01840	pos	1	0	1	1	0	1	0	0	1	0	1	1	1	0	1	1	1	1	0	0	0	0	1	1	0	1	1	1	1	1	0	1	1	0	0	1	1	0	0	1
Mp1g02070	pos	0	1	1	1	1	1	0	0	0	0	1	1	0	0	1	0	0	1	0	0	0	0	1	1	0	0	0	0	1	0	0	1	1	1	1	1	0	0	0	1
Mp1g02920	pos	1	0	0	0	1	0	0	0	0	0	0	0	1	1	1	0	0	1	0	0	1	1	0	0	1	1	0	0	0	0	1	1	0	1	0	1	1	1	0	1
Mp1g07900	pos	0	1	1	1	1	0	0	0	0	0	1	1	0	0	0	0	0	0	0	1	0	0	1	1	0	1	1	1	1	0	1	0	0	1	1	1	1	1	0	1
Mp1g09800	pos	0	0	1	1	0	0	0	1	0	0	1	0	0	1	0	0	0	1	1	1	0	0	0	1	0	1	0	0	0	0	0	1	1	0	1	0	0	1	0	1
Mp1g17560	pos	0	1	1	1	1	0	0	1	0	0	1	1	1	1	0	0	0	0	0	1	1	1	1	1	1	1	0	0	0	0	0	1	1	1	0	1	0	1	0	1
Mp1g17960	pos	0	1	1	1	0	1	0	0	1	0	1	0	1	0	0	0	0	1	0	1	0	0	1	0	1	1	1	1	1	0	0	1	1	1	1	1	1	1	0	0
Mp1g20050	pos	1	1	0	0	1	1	0	0	0	0	0	0	1	1	0	0	0	1	1	1	0	0	1	1	1	1	0	1	1	0	0	1	0	0	0	1	0	1	0	0
Mp1g20650	pos	1	1	1	0	1	1	0	0	1	1	1	0	1	1	0	1	0	1	1	1	0	1	1	0	1	1	0	0	1	1	0	0	0	0	0	1	1	0	0	0
Mp1g22130	pos	1	0	1	0	0	1	0	1	1	0	1	1	0	1	0	1	0	1	1	0	0	1	1	1	1	1	0	1	0	0	0	1	0	1	0	1	1	1	0	1
Mp1g22360	pos	1	1	0	0	0	0	0	1	0	0	0	0	0	0	0	0	0	0	0	1	0	0	1	1	0	0	1	1	1	0	1	1	1	0	1	0	1	1	1	1
Mp1g23220	pos	0	0	1	0	0	0	0	0	0	0	1	0	0	1	0	1	1	1	1	0	1	0	1	0	1	1	0	0	1	0	0	1	1	0	1	1	1	0	1	0
Mp1g23770	pos	1	1	0	0	0	0	0	1	0	0	1	1	0	1	0	1	0	1	0	0	1	0	1	1	0	1	1	0	1	0	0	0	0	1	1	1	1	0	0	1
Mp1g27640	pos	0	1	0	1	0	0	0	1	1	0	0	1	1	1	0	1	1	1	0	1	0	0	1	0	1	1	1	1	1	0	1	1	1	1	1	0	1	0	1	0
Mp2g00840	pos	0	1	1	1	0	0	0	0	1	0	1	0	1	0	0	1	1	1	0	1	1	0	0	1	1	1	1	1	0	0	0	1	1	1	1	0	0	1	1	1
Mp2g00860	pos	1	1	1	1	1	0	0	0	1	1	0	1	1	1	0	1	0	1	1	1	0	0	1	1	0	1	1	0	1	0	0	1	0	1	1	1	0	1	1	1
Mp2g01350	pos	1	1	1	1	0	1	0	1	0	0	0	0	1	1	0	1	1	1	1	1	0	0	1	1	0	0	1	1	0	0	1	1	1	1	1	1	1	0	0	1
Mp2g01850	pos	0	0	1	1	1	1	0	1	0	0	1	0	1	0	0	1	0	1	0	1	1	0	1	0	0	1	0	1	1	0	0	0	1	1	1	1	1	0	1	0
Mp2g02510	pos	0	1	1	1	0	0	0	1	1	1	1	0	1	0	0	1	1	0	0	0	0	1	0	1	0	0	0	0	0	0	1	1	1	1	1	0	1	0	0	1
Mp2g03240	pos	1	0	1	0	0	1	0	0	0	0	0	1	0	1	1	1	0	0	0	0	0	0	0	0	1	1	0	1	1	1	1	0	0	1	1	0	1	1	0	0
Mp2g04400	pos	0	1	0	0	1	1	0	0	0	0	0	1	1	0	1	1	1	1	0	0	0	0	0	1	1	1	1	1	1	1	1	0	1	1	1	1	0	1	0	1
Mp2g04480	pos	1	0	1	0	0	0	0	0	1	0	0	1	0	1	0	1	1	0	1	0	1	1	1	1	1	0	0	0	0	0	0	0	1	1	1	0	0	1	1	1
Mp2g06930	pos	0	1	0	1	1	1	1	1	1	1	1	0	0	1	0	0	0	0	1	0	0	1	1	1	1	1	0	1	0	0	0	1	1	0	1	0	0	0	0	0
Mp2g07840	pos	0	1	1	1	0	0	0	1	0	0	1	1	1	1	1	1	1	1	1	0	1	0	1	0	1	1	0	0	1	0	0	0	1	0	0	1	0	1	0	1
Mp2g08550	pos	0	1	1	0	0	0	0	0	0	0	1	0	0	1	1	1	0	1	1	1	0	0	1	0	1	0	1	0	0	0	0	1	1	1	1	1	1	1	0	1
Mp2g08570	pos	1	1	0	1	1	0	0	1	1	1	1	0	1	0	1	1	1	0	1	1	1	1	1	0	1	1	1	1	0	0	0	1	0	1	0	0	0	1	1	0
Mp2g08760	pos	1	1	0	0	0	1	1	1	1	1	0	1	1	0	0	1	1	0	0	1	1	0	1	0	0	1	0	0	0	0	1	1	1	0	0	1	1	1	0	1
Mp2g09380	pos	1	1	0	1	1	0	0	1	1	0	1	0	0	1	0	0	0	1	0	0	1	0	0	0	0	0	0	1	1	0	1	0	1	1	1	1	0	1	0	1
Mp2g10020	pos	0	1	1	1	0	0	0	1	1	1	1	0	1	1	1	1	1	0	0	0	1	0	1	1	0	1	1	1	1	1	1	1	1	1	0	1	0	1	1	1
Mp2g10330	pos	1	0	0	0	1	0	0	0	0	0	1	1	1	1	0	1	1	1	1	0	1	0	1	1	0	1	1	1	0	0	0	1	1	0	1	0	1	1	0	1
Mp2g10410	pos	1	1	1	1	0	0	0	0	1	0	0	1	1	0	1	0	0	0	1	1	0	0	1	0	1	0	1	1	1	0	0	1	0	1	0	1	1	0	1	1
Mp2g11830	pos	0	1	1	1	1	1	1	0	1	0	1	1	0	0	0	0	0	1	1	1	0	0	1	1	0	1	0	0	1	0	0	1	1	1	0	1	0	0	0	0
Mp2g12200	pos	1	1	1	1	1	0	0	1	0	0	1	1	1	1	1	1	0	0	1	1	0	0	1	1	1	0	1	1	0	0	1	1	1	0	1	1	1	1	1	0
Mp2g13740	pos	0	1	1	1	0	0	0	1	1	1	1	0	1	1	0	1	0	0	1	0	0	0	1	0	1	1	0	0	1	1	0	0	1	1	0	1	0	1	1	1
Mp2g18480	pos	1	0	0	1	1	0	0	0	0	0	0	0	0	0	0	0	0	0	1	1	0	0	1	1	1	1	1	0	0	0	1	1	0	1	1	1	0	1	1	0
Mp2g21520	pos	1	0	0	1	1	1	0	1	0	0	0	1	1	1	1	1	1	0	0	0	1	0	1	0	1	1	1	0	1	0	1	1	1	1	1	1	1	1	0	1
Mp2g21920	pos	1	1	1	1	1	1	0	1	1	1	1	1	1	1	0	1	0	1	1	1	1	0	1	0	1	1	0	1	1	1	0	1	1	1	1	0	0	0	0	1
Mp2g22900	pos	0	1	0	1	1	0	0	0	0	0	1	0	0	0	0	1	1	1	0	0	0	0	1	0	0	1	1	0	1	0	0	1	1	1	0	1	0	0	0	0
Mp2g26010	pos	0	1	1	1	1	0	1	0	0	0	1	0	1	1	1	1	0	1	0	0	1	0	1	1	0	0	1	0	1	1	0	1	1	0	1	0	1	1	1	0
Mp3g02410	pos	0	1	0	0	0	0	0	1	1	1	1	0	1	1	1	1	0	1	0	0	0	1	1	1	1	0	1	0	1	0	0	1	0	0	1	1	1	1	0	1
Mp3g03100	pos	1	1	0	0	1	0	0	0	0	0	0	1	1	1	0	0	0	1	1	1	0	0	0	1	0	1	1	1	0	0	0	1	1	0	1	0	1	1	0	0
Mp3g05490	pos	1	1	0	1	0	1	0	0	0	0	1	0	0	1	0	0	0	0	0	1	1	0	0	1	0	0	0	0	1	0	0	0	1	1	1	1	1	1	0	0
Mp3g11160	pos	1	1	1	1	0	0	0	1	1	1	1	0	1	1	1	1	0	1	0	0	0	0	1	1	1	1	1	1	1	1	0	1	1	1	1	1	1	0	0	1
Mp3g12930	pos	1	1	1	0	0	0	0	1	0	0	1	1	1	1	1	1	0	0	1	0	1	0	1	1	1	1	0	1	1	0	0	1	1	1	0	1	1	1	0	0
Mp3g15770	pos	1	1	0	1	1	1	1	1	1	0	0	1	1	0	0	1	0	1	0	1	1	0	1	1	0	0	1	0	0	0	1	1	1	1	0	0	1	0	0	1
Mp3g15910	pos	1	1	0	1	0	0	0	1	1	1	1	1	0	1	0	0	0	0	1	0	1	0	0	0	0	0	0	0	0	0	1	0	0	1	1	1	0	0	0	1
Mp3g17580	pos	1	1	0	1	1	0	0	0	0	0	1	1	1	1	0	1	0	0	0	0	0	0	1	1	1	0	1	1	1	1	0	1	1	1	0	0	1	1	0	1
Mp3g18190	pos	0	1	1	1	1	0	0	1	0	0	0	1	1	1	1	1	0	1	1	1	0	0	1	1	1	1	1	1	1	1	1	1	1	0	1	1	0	1	0	1
Mp3g18450	pos	0	1	1	0	1	0	1	1	1	0	0	1	1	1	1	1	1	1	1	0	1	0	1	1	1	1	1	1	1	1	0	1	1	0	0	1	1	1	0	1
Mp3g19380	pos	0	1	1	0	0	1	0	1	1	1	1	1	1	1	0	1	1	1	0	1	0	0	1	1	1	1	1	1	0	0	1	1	1	1	1	0	0	1	0	1
Mp3g20250	pos	1	1	1	0	0	1	0	1	1	1	0	1	1	1	0	0	0	0	0	1	0	0	1	1	1	0	1	1	0	0	0	0	1	1	1	1	1	1	0	1
Mp3g20260	pos	0	0	0	1	0	0	0	0	1	0	1	1	1	0	0	1	0	0	0	0	1	0	0	0	0	1	0	1	1	1	1	0	1	1	1	1	0	0	1	1
Mp3g20570	pos	1	1	1	0	0	0	1	0	1	1	0	0	0	1	0	1	0	1	1	0	0	0	1	1	1	1	0	0	0	0	0	1	1	1	0	1	1	1	1	1
Mp3g21010	pos	1	1	1	0	0	1	0	1	1	1	0	1	1	1	0	1	1	1	1	0	0	0	0	1	1	1	0	0	1	1	1	1	1	1	1	1	1	1	0	1
Mp3g23380	pos	1	1	0	1	0	0	0	1	1	1	0	1	0	1	0	1	1	1	1	1	1	0	1	0	0	1	1	0	1	1	0	1	0	0	1	1	1	1	0	1
Mp3g24940	pos	0	0	1	0	0	0	0	1	1	1	0	1	1	0	1	1	1	1	0	0	0	0	1	0	1	1	1	1	1	0	1	1	1	0	1	0	0	0	0	1
Mp4g01510	pos	1	1	1	1	0	0	0	1	0	0	0	1	1	1	0	1	1	1	0	1	0	0	0	1	1	1	1	0	1	1	1	1	0	1	1	0	0	1	0	1
Mp4g02070	pos	0	1	1	1	0	0	0	1	1	1	1	1	1	1	0	1	0	1	1	0	0	0	1	0	1	0	1	1	0	0	0	1	1	1	0	0	1	0	1	0
Mp4g03920	pos	1	1	0	1	1	1	0	1	1	1	1	0	0	0	0	1	0	1	0	0	1	0	0	1	0	1	0	1	0	0	1	1	1	1	1	1	0	0	0	0
Mp4g04210	pos	1	1	0	0	0	1	0	1	0	0	1	1	0	0	0	0	0	0	0	0	1	0	0	0	0	1	0	1	0	0	1	1	0	0	1	1	0	1	1	1
Mp4g05970	pos	1	1	0	1	1	1	0	0	1	0	1	0	0	0	1	0	0	1	0	1	0	0	1	1	1	1	1	0	0	0	0	0	1	0	1	1	1	1	1	0
Mp4g05980	pos	0	1	0	1	1	0	0	0	0	0	0	1	0	1	0	1	1	1	0	0	0	0	1	1	1	1	1	1	0	0	0	1	1	0	0	1	1	1	1	1
Mp4g05990	pos	1	1	1	1	0	0	0	1	1	0	1	0	0	1	0	1	0	1	0	1	0	0	1	0	1	1	1	1	1	0	0	1	0	0	0	1	1	1	1	0
Mp4g06040	pos	1	1	0	1	1	0	0	0	0	0	1	0	0	0	1	0	0	1	0	0	0	0	1	1	1	1	1	0	1	1	0	1	0	0	0	1	1	1	1	0
Mp4g08220	pos	1	1	1	1	1	1	1	1	1	0	1	0	0	1	0	0	0	1	1	0	0	0	1	1	1	1	0	1	1	1	1	1	0	1	1	0	1	1	0	1
Mp4g08470	pos	1	0	0	1	1	1	0	1	0	0	1	1	0	0	0	1	0	1	1	0	0	0	1	0	1	0	1	1	0	0	1	1	1	0	1	1	1	1	1	0
Mp4g08980	pos	0	1	1	0	0	0	0	1	0	0	0	1	1	1	0	0	0	0	0	0	1	1	0	0	0	0	0	0	1	1	1	0	0	0	0	0	1	1	0	0
Mp4g09300	pos	1	1	1	1	0	0	0	1	0	0	1	1	0	1	0	1	1	1	1	1	1	0	1	1	1	1	0	1	1	0	1	1	1	1	0	1	1	1	1	0
Mp4g10620	pos	1	0	1	0	1	1	0	0	1	1	0	1	0	1	1	1	1	1	0	1	0	0	1	1	1	1	1	1	0	0	1	0	1	0	1	1	1	1	1	1
Mp4g10800	pos	1	1	0	0	1	1	0	0	1	1	1	0	1	1	1	1	0	1	0	1	0	1	1	0	1	1	1	0	1	1	0	1	0	0	0	0	0	1	1	1
Mp4g11220	pos	1	1	1	1	1	1	0	0	1	0	1	0	1	1	0	1	0	1	0	0	1	0	1	1	1	0	1	1	0	0	1	1	0	1	0	0	1	0	0	1
Mp4g12230	pos	1	1	1	0	0	1	0	0	0	0	1	1	1	0	0	0	0	0	1	0	1	0	1	1	0	0	0	1	0	0	0	1	1	1	1	1	0	0	1	0
Mp4g13040	pos	1	0	1	1	0	1	0	1	0	0	0	1	0	1	1	0	0	1	1	0	0	0	0	1	1	0	0	0	0	0	0	1	0	1	1	1	0	1	1	0
Mp4g15570	pos	1	0	1	1	0	1	0	0	1	0	0	1	1	1	0	0	0	1	0	1	1	0	0	1	1	1	1	1	0	0	1	0	0	0	0	0	0	0	0	0
Mp4g16860	pos	0	1	1	1	1	0	0	0	1	1	0	1	1	1	0	1	1	1	1	1	0	0	1	1	1	1	0	0	0	0	0	1	1	0	1	0	1	0	1	1
Mp4g17350	pos	0	1	0	0	1	0	0	0	0	0	1	0	1	0	1	1	1	0	0	1	1	0	0	0	1	1	1	0	1	1	0	1	1	1	1	0	1	0	1	0
Mp4g17880	pos	0	0	1	0	0	0	0	0	1	0	1	0	1	1	1	0	0	0	1	1	0	1	0	1	1	0	0	0	0	0	0	1	0	0	1	0	0	1	0	0
Mp4g19840	pos	1	0	1	0	0	0	1	0	0	0	0	0	1	1	0	0	0	1	1	1	1	1	1	1	1	0	1	0	1	1	0	0	0	1	1	1	1	1	1	1
Mp4g20690	pos	0	1	1	0	1	0	0	1	0	0	1	1	1	1	1	1	1	1	0	1	1	0	1	0	1	1	1	0	0	0	0	1	1	0	0	1	1	1	0	0
Mp4g22420	pos	0	1	1	1	0	0	0	1	1	0	1	1	1	1	0	1	1	1	0	0	1	0	1	0	0	1	0	1	1	1	0	1	1	0	1	0	0	1	0	1
Mp5g02270	pos	1	1	1	0	1	1	0	1	0	0	1	1	1	1	0	0	0	0	0	1	0	0	1	0	1	0	0	0	0	0	0	0	0	1	0	0	1	1	0	1
Mp5g02510	pos	1	1	1	0	0	0	0	0	1	1	0	1	1	1	0	0	0	1	1	0	0	0	1	1	0	0	0	0	0	0	1	1	1	1	1	1	1	0	0	1
Mp5g03580	pos	1	0	1	1	1	1	0	0	0	0	0	1	1	1	1	1	0	0	1	0	0	0	1	1	1	1	1	0	0	0	0	1	1	1	0	1	1	1	1	1
Mp5g07330	pos	1	1	0	1	0	0	1	0	1	0	0	0	1	1	1	1	0	1	0	0	1	1	1	1	1	1	1	1	1	0	0	1	1	1	1	1	0	0	1	1
Mp5g09400	pos	1	0	1	1	1	0	0	1	1	0	1	1	0	1	0	1	1	1	1	0	0	0	1	1	1	1	0	1	1	0	0	1	1	1	0	1	1	0	1	0
Mp5g15650	pos	0	0	0	0	0	0	0	1	1	1	0	0	1	1	0	0	0	0	1	1	1	0	1	0	1	0	1	0	1	0	1	0	0	1	0	1	1	1	0	0
Mp5g16540	pos	1	1	1	0	1	1	1	0	1	0	1	1	1	1	0	1	1	1	1	1	0	0	1	0	1	1	1	1	1	0	1	1	0	0	0	1	1	0	1	1
Mp5g18380	pos	1	1	1	0	1	1	0	0	1	1	1	1	0	0	0	1	0	1	1	1	0	0	1	0	1	0	1	0	1	1	0	1	1	1	1	1	1	0	0	0
Mp5g21100	pos	1	1	0	0	1	1	0	1	1	0	1	0	1	1	0	1	1	0	1	0	0	0	1	1	1	1	1	0	1	0	1	1	1	1	0	0	1	0	1	1
Mp5g24210	pos	1	1	1	1	0	1	0	0	1	1	1	1	1	1	1	0	0	1	0	1	0	0	1	1	0	1	1	1	0	0	1	1	0	1	1	0	1	0	1	1
Mp6g02030	pos	0	1	1	1	0	1	0	1	1	1	1	1	0	1	1	0	0	1	0	1	0	0	1	0	1	0	0	1	0	0	1	1	0	1	0	1	0	1	1	1
Mp6g02060	pos	1	0	1	0	1	0	0	1	1	1	1	0	0	1	0	0	0	1	1	0	0	0	1	1	1	1	0	0	1	0	1	0	1	0	0	1	1	0	1	1
Mp6g02070	pos	1	0	1	1	1	0	0	1	1	1	1	0	0	1	0	0	0	1	1	0	0	0	1	1	1	1	0	0	1	0	1	0	1	0	0	1	0	0	0	1
Mp6g03030	pos	0	1	1	1	0	1	0	1	1	0	1	0	0	1	0	1	1	0	0	0	1	0	0	0	1	1	1	1	1	0	0	0	0	0	0	1	1	0	0	0
Mp6g03090	pos	1	1	1	1	1	0	0	0	1	0	1	0	1	1	1	1	1	0	0	1	0	1	1	1	0	1	0	1	0	0	1	1	1	1	0	0	1	0	1	1
Mp6g04710	pos	0	1	1	1	1	1	0	0	1	1	1	1	0	0	0	0	0	1	0	1	1	0	1	1	0	0	1	0	1	0	0	0	1	0	1	0	1	1	0	0
Mp6g05430	pos	0	1	0	1	1	0	0	0	0	0	0	1	0	1	1	1	0	0	0	0	0	0	1	1	1	1	1	1	0	0	0	0	1	1	0	1	1	1	0	0
Mp6g07950	pos	0	1	0	1	1	0	0	0	1	0	0	0	1	0	0	1	0	1	1	0	1	0	1	1	1	1	0	0	1	1	0	1	0	1	1	1	1	0	0	1
Mp6g09570	pos	1	1	1	1	0	0	0	0	1	1	0	1	0	1	1	1	1	0	0	1	1	0	1	1	1	1	1	1	1	0	1	1	0	1	1	0	1	0	1	1
Mp6g09630	pos	1	1	1	1	1	0	0	0	0	0	0	0	1	1	1	0	0	1	1	1	1	0	1	0	1	1	0	0	0	0	1	1	0	0	1	0	1	1	0	1
Mp6g10900	pos	1	1	1	0	1	1	0	0	1	0	0	1	1	1	1	1	1	1	0	0	1	0	1	1	1	1	1	0	0	0	1	0	0	1	1	0	1	1	1	0
Mp6g10990	pos	1	0	0	1	1	0	0	0	1	0	0	0	0	0	0	0	0	1	0	1	1	0	1	0	1	1	0	1	0	0	1	1	1	0	0	0	1	1	1	1
Mp6g11720	pos	1	1	0	0	1	0	0	0	0	0	1	1	1	1	0	0	0	1	0	0	0	0	1	0	1	1	0	0	1	0	1	1	1	1	0	1	0	0	1	1
Mp6g11790	pos	0	1	1	1	0	1	0	0	0	0	1	1	1	1	0	0	0	1	0	0	1	0	1	0	1	1	0	0	1	1	1	1	1	1	0	1	1	0	1	1
Mp6g13590	pos	1	1	1	0	0	1	0	1	1	1	0	0	1	1	1	1	1	1	1	1	0	0	1	0	1	1	1	0	0	0	1	1	1	1	0	0	0	0	0	1
Mp6g15460	pos	1	1	0	0	1	0	0	1	0	0	0	1	0	1	0	0	0	1	0	1	1	0	1	1	0	1	0	0	0	0	1	0	0	1	1	0	0	1	0	1
Mp6g17230	pos	1	1	1	1	0	1	0	0	0	0	0	0	0	1	0	0	0	0	0	0	1	0	0	0	1	1	0	1	1	0	0	0	1	1	0	1	1	1	0	1
Mp6g17240	pos	0	0	1	0	1	1	0	1	1	1	1	1	1	1	1	1	1	0	1	0	0	0	1	0	1	1	0	0	1	0	0	1	1	1	1	0	1	1	1	1
Mp6g17540	pos	0	0	1	1	1	1	0	0	1	1	1	0	1	0	0	0	0	0	0	0	1	0	1	1	0	0	1	1	1	0	1	1	1	0	1	1	1	1	1	0
Mp6g17700	pos	1	1	0	1	1	1	0	1	1	1	1	0	0	1	0	1	1	1	0	0	0	0	1	1	0	0	0	1	0	0	1	1	1	0	0	0	1	1	1	1
Mp6g17720	pos	0	1	0	1	1	0	0	1	1	0	0	1	1	0	1	1	0	1	1	0	0	0	0	1	0	1	1	1	0	0	1	1	1	0	1	1	1	1	0	1
Mp6g18030	pos	1	0	0	0	0	1	0	1	0	0	1	0	1	1	1	1	0	1	1	0	1	0	0	1	1	0	0	0	0	0	1	1	1	0	1	0	1	1	1	0
Mp6g18130	pos	1	1	1	0	1	1	0	1	1	1	1	1	0	1	0	0	0	1	0	1	1	0	1	0	1	1	1	0	0	0	0	1	0	0	0	0	0	1	0	1
Mp6g18450	pos	0	1	0	0	0	0	0	0	0	0	0	1	1	1	0	1	0	0	0	1	0	0	1	1	1	0	1	0	0	0	1	1	0	0	0	0	1	1	1	0
Mp6g20290	pos	1	1	1	1	1	0	0	0	0	0	0	0	1	1	0	1	0	1	1	0	1	0	0	0	1	1	0	0	1	0	0	1	1	1	1	1	1	0	1	1
Mp6g20490	pos	0	1	1	0	0	1	0	1	0	0	1	0	1	1	0	0	0	0	0	0	0	0	0	0	0	0	0	0	1	0	0	0	0	0	1	1	1	1	0	0
Mp6g20540	pos	1	0	1	0	0	1	0	0	0	0	1	0	0	1	1	0	0	0	1	1	0	1	1	1	1	0	1	0	1	0	0	1	1	0	0	1	1	0	1	0
Mp7g01590	pos	1	0	1	1	0	0	0	0	0	0	0	0	1	0	0	0	0	1	1	1	0	1	1	1	0	0	1	1	0	0	1	1	1	0	1	1	0	0	1	0
Mp7g03040	pos	1	0	0	0	1	0	0	0	0	0	1	0	1	1	0	1	0	0	1	0	0	1	0	1	0	0	1	0	0	0	1	1	0	0	0	1	1	1	1	0
Mp7g03650	pos	0	1	0	0	0	0	1	0	0	0	1	1	0	0	0	0	0	1	0	0	1	0	1	1	0	1	0	1	1	0	1	1	0	1	1	1	0	1	1	1
Mp7g04800	pos	1	1	0	0	1	0	0	1	0	0	1	1	0	0	0	0	0	0	0	0	0	0	0	0	1	1	1	0	1	0	0	0	0	1	1	0	1	0	1	0
Mp7g05640	pos	0	1	1	1	1	0	0	0	0	0	1	1	0	0	0	0	0	1	0	1	1	1	0	1	0	1	0	1	0	0	0	0	1	1	0	0	0	0	0	0
Mp7g06830	pos	0	0	1	0	0	1	0	1	1	0	0	0	1	0	1	1	1	0	1	0	0	0	1	0	1	1	0	0	1	1	0	0	1	0	1	0	0	0	0	1
Mp7g10210	pos	1	1	1	1	1	1	0	0	1	1	0	1	0	1	1	0	0	1	0	0	1	0	1	0	1	1	0	1	1	1	1	1	0	1	0	0	1	1	0	1
Mp7g10430	pos	1	0	1	0	1	0	0	0	1	0	1	0	0	1	0	1	1	0	1	1	0	0	0	1	0	1	0	0	1	1	0	1	0	1	0	1	1	0	1	1
Mp7g13630	pos	1	1	1	0	1	1	0	0	1	1	1	0	0	0	0	0	0	0	1	0	0	0	0	1	1	1	1	1	0	0	1	1	1	1	1	0	0	1	0	1
Mp7g14140	pos	0	1	0	1	1	0	0	1	0	0	1	0	1	0	1	0	0	1	0	0	1	0	1	1	0	1	0	1	1	1	1	0	1	0	1	1	0	1	0	1
Mp7g15270	pos	0	0	0	0	1	1	0	0	0	0	0	0	1	1	0	1	0	1	0	1	1	0	0	1	0	1	0	0	1	1	0	0	0	1	0	1	1	0	0	0
Mp7g19390	pos	0	1	1	1	0	1	0	0	1	0	1	1	1	1	1	1	1	1	1	1	1	1	1	0	1	1	1	1	0	0	0	1	0	1	1	0	1	1	1	1
Mp8g00110	pos	1	1	1	0	1	0	0	1	1	0	1	1	1	1	0	1	0	1	1	0	0	0	0	1	0	1	1	1	1	0	0	1	0	1	0	0	1	1	1	1
Mp8g00200	pos	0	1	1	1	1	0	0	0	0	0	1	1	0	0	0	1	1	1	0	0	1	0	1	1	1	1	1	1	1	0	1	1	0	1	0	0	0	1	0	1
Mp8g07710	pos	1	0	0	0	1	1	0	0	1	0	0	1	1	1	0	1	1	1	0	0	1	1	1	1	1	1	1	0	1	1	1	1	1	1	1	1	0	0	0	1
Mp8g08860	pos	0	1	1	1	1	1	1	0	1	1	1	1	1	1	0	1	0	1	1	1	1	0	1	1	0	1	0	0	1	0	0	0	1	1	1	1	1	1	0	1
Mp8g10370	pos	0	1	1	0	1	1	0	0	1	1	0	1	1	0	1	1	1	1	0	0	1	0	0	0	0	1	1	0	1	1	0	1	1	0	1	1	1	1	0	0
Mp8g10500	pos	0	0	1	0	1	0	0	0	1	0	1	1	0	1	0	0	0	1	1	0	1	0	1	0	1	1	1	0	0	0	0	1	0	0	1	1	1	0	1	0
Mp8g13070	pos	0	1	0	0	0	1	0	0	0	0	1	1	0	1	0	1	1	1	1	1	1	0	0	0	0	1	0	1	0	0	1	1	1	1	0	1	1	0	1	0
Mp8g13140	pos	1	0	0	0	1	1	0	1	0	0	0	0	1	1	0	1	0	1	0	0	0	0	1	1	1	1	1	0	1	0	0	1	1	1	0	1	1	1	1	1
Mp8g13510	pos	1	1	1	1	0	0	0	0	1	1	1	0	0	1	0	0	0	0	1	1	1	0	1	1	1	0	0	0	1	1	0	0	1	1	0	1	0	1	1	1
Mp8g15750	pos	1	0	1	1	1	0	0	0	1	0	1	1	0	0	1	0	0	1	1	1	0	0	0	0	0	0	0	1	0	0	0	1	0	0	0	0	1	1	0	1
Mp8g15970	pos	0	1	1	1	0	0	0	1	0	0	0	0	0	1	1	1	0	1	0	0	1	0	1	0	1	1	0	1	1	0	1	0	0	0	0	1	1	1	0	1
Mp8g17780	pos	1	0	0	1	0	1	0	0	1	0	1	1	1	0	1	1	1	1	0	1	0	1	1	1	1	1	1	1	1	0	0	0	1	0	0	0	1	1	0	1
Mp8g19040	pos	1	0	1	0	1	0	0	0	0	0	1	1	1	0	0	1	1	1	1	0	0	0	1	0	1	1	1	1	1	0	1	1	1	1	1	0	1	1	1	0
Mp1g03990	neg	0	1	0	0	1	1	0	1	1	0	0	1	0	1	0	1	0	0	0	1	1	0	1	0	1	1	0	0	0	0	1	0	0	1	1	1	1	0	0	1
Mp1g05660	neg	0	1	1	1	1	0	0	0	0	0	1	0	1	0	0	0	0	0	1	0	0	0	0	0	0	0	1	0	0	0	0	0	0	0	0	0	1	1	0	1
Mp1g06750	neg	0	1	0	0	0	0	0	0	0	0	0	0	1	0	0	0	0	1	0	0	0	1	0	1	1	0	0	0	0	0	0	0	0	1	1	0	0	0	0	1
Mp1g08780	neg	0	1	1	0	0	0	0	0	0	0	0	0	0	1	0	1	0	1	0	0	0	0	0	1	1	0	0	0	0	0	0	1	0	0	0	0	0	0	0	0
Mp1g10220	neg	0	0	0	1	0	0	0	0	0	0	1	1	1	0	0	0	0	0	0	0	0	0	1	1	0	0	0	0	0	0	1	1	0	0	0	1	0	0	1	0
Mp1g10280	neg	1	1	1	0	0	1	0	1	1	0	1	1	0	1	0	0	0	0	0	1	0	0	1	1	1	1	0	1	0	0	0	0	1	0	0	0	0	0	1	1
Mp1g10300	neg	0	1	0	0	1	0	0	0	1	0	0	0	1	0	0	0	0	0	1	0	0	0	0	1	0	0	0	0	0	0	0	0	0	0	1	1	1	1	0	0
Mp1g11470	neg	0	0	0	1	0	0	0	1	1	1	1	1	0	0	0	0	0	0	1	0	0	0	1	0	1	0	0	1	1	0	0	0	1	0	0	1	1	1	0	1
Mp1g12750	neg	0	1	0	1	0	0	0	0	0	0	0	1	0	1	0	1	0	0	0	0	0	0	1	0	1	0	0	1	1	0	1	0	1	1	0	1	0	1	0	0
Mp1g13030	neg	0	1	0	0	0	0	0	0	0	0	0	0	0	0	1	0	0	0	0	0	0	0	0	0	0	1	1	1	1	0	1	1	0	0	0	1	0	0	0	0
Mp1g15450	neg	0	0	1	0	0	1	0	1	0	0	1	0	0	0	0	1	0	0	1	1	0	0	1	0	0	0	0	0	1	0	0	0	0	0	1	1	1	0	0	0
Mp1g17020	neg	0	1	1	0	0	0	0	1	0	0	1	1	1	1	0	0	0	1	0	1	1	0	1	0	0	1	0	1	1	0	0	1	1	1	0	0	0	1	0	0
Mp1g17980	neg	0	0	1	0	1	0	0	0	0	0	1	0	1	1	0	0	0	1	0	0	0	0	0	0	0	0	0	0	0	0	1	1	0	1	1	0	1	1	0	0
Mp1g18310	neg	0	0	0	0	0	1	0	0	1	1	0	0	0	0	0	0	0	1	1	0	0	0	0	1	0	1	0	1	1	1	1	1	1	1	0	0	0	1	0	1
Mp1g18450	neg	0	1	1	0	0	0	0	1	0	0	0	0	1	0	0	1	0	1	1	0	0	0	0	1	1	1	0	0	0	0	0	0	1	1	0	0	0	1	0	1
Mp1g18810	neg	1	0	0	0	0	0	0	0	0	0	0	1	1	1	0	0	0	0	0	0	0	0	1	0	0	0	0	0	0	0	0	1	1	0	0	0	1	1	0	1
Mp1g19390	neg	0	1	1	1	1	0	0	1	1	0	0	1	0	1	0	1	1	0	1	1	0	0	0	1	0	1	1	0	0	0	0	1	0	0	1	0	1	0	0	1
Mp1g20800	neg	1	1	1	0	0	0	0	0	1	1	1	1	0	1	0	1	1	1	0	0	0	0	0	0	1	1	0	0	0	0	0	0	1	1	0	1	1	1	0	1
Mp1g21080	neg	0	1	0	1	0	1	0	0	0	0	0	0	1	0	0	1	0	0	1	0	0	0	1	1	0	0	0	0	1	0	0	1	0	1	0	1	0	1	0	1
Mp1g21370	neg	0	1	1	0	0	0	0	0	0	0	1	0	1	0	0	0	0	1	1	1	1	0	1	1	1	1	1	1	1	1	1	1	1	0	0	0	1	0	0	0
Mp1g21390	neg	0	1	1	0	1	0	0	0	0	0	1	0	1	0	0	1	0	0	0	0	0	0	0	1	0	1	0	0	0	0	0	1	0	0	0	0	1	1	0	1
Mp1g24440	neg	0	1	1	0	0	1	0	0	0	0	1	0	0	0	0	1	0	1	0	0	0	0	0	1	1	1	1	1	1	0	0	1	0	1	0	1	1	0	0	1
Mp1g25520	neg	0	0	0	0	1	0	0	0	0	0	0	1	1	0	0	0	0	0	0	0	0	1	0	0	0	0	1	1	1	0	0	1	0	0	0	1	0	1	0	1
Mp1g26700	neg	1	1	1	0	0	1	0	0	0	0	0	1	0	1	0	1	0	1	1	0	0	0	1	0	1	0	0	0	0	0	0	0	1	1	0	0	0	1	0	0
Mp1g26840	neg	1	0	0	1	1	0	0	0	1	0	1	1	1	1	0	0	0	1	0	0	0	0	1	0	1	1	0	1	1	0	0	0	1	0	1	0	0	0	1	0
Mp1g29710	neg	0	1	0	1	0	0	0	0	0	0	0	1	0	0	0	0	0	0	1	0	0	0	1	0	1	1	1	0	0	0	0	1	1	1	0	1	1	1	1	0
Mp2g00980	neg	1	0	0	0	0	0	0	0	0	0	0	0	0	1	0	0	0	0	0	1	0	0	0	0	0	0	0	0	1	0	0	1	0	0	1	1	1	1	1	1
Mp2g01190	neg	1	0	0	0	0	0	0	0	0	0	1	0	1	1	1	0	0	0	0	0	1	1	1	0	1	0	1	0	0	0	0	0	0	0	0	0	0	0	0	0
Mp2g05350	neg	1	1	1	0	0	0	0	0	0	0	1	1	0	1	0	0	0	0	0	0	0	0	1	0	1	1	0	0	1	0	0	1	1	0	0	1	0	0	1	1
Mp2g06730	neg	1	1	1	1	1	0	0	0	0	0	1	0	1	0	0	0	0	1	0	0	1	0	1	1	1	1	0	0	1	0	1	0	0	1	0	0	1	0	1	0
Mp2g06970	neg	1	0	0	0	1	1	0	1	0	0	1	1	0	1	0	1	0	0	0	0	1	0	1	1	1	0	0	0	0	0	0	0	1	1	1	0	0	0	0	0
Mp2g07460	neg	1	0	1	0	1	0	0	0	0	0	1	1	1	0	0	1	0	0	1	0	0	0	0	0	0	0	0	0	0	0	0	1	1	0	0	0	0	0	0	1
Mp2g09150	neg	0	1	0	1	1	1	0	1	0	0	0	0	0	0	0	1	1	0	0	0	1	0	1	0	1	1	1	0	0	0	0	1	1	1	0	0	0	1	1	0
Mp2g11260	neg	1	0	0	1	1	1	0	0	0	0	1	0	0	0	0	0	0	1	0	1	0	0	1	0	1	1	0	0	0	0	0	1	1	1	1	0	1	0	1	1
Mp2g11270	neg	0	1	0	0	1	0	0	0	0	0	1	1	1	1	0	1	0	0	0	0	1	0	1	1	1	0	0	0	1	0	0	0	0	1	1	1	1	0	0	0
Mp2g16010	neg	0	0	0	1	1	0	0	0	0	0	0	0	0	0	0	0	0	0	0	0	1	0	0	1	0	0	1	0	0	0	0	0	0	0	0	1	0	1	0	0
Mp2g16780	neg	1	0	0	0	1	0	0	1	0	0	1	0	1	1	0	0	0	0	0	0	1	0	1	1	1	0	0	0	1	0	1	1	0	1	1	1	1	1	1	1
Mp2g17040	neg	1	1	1	1	1	0	0	0	1	0	1	0	1	1	0	1	1	1	0	1	0	0	1	1	0	1	1	1	1	0	0	1	0	1	1	1	1	1	1	0
Mp2g20730	neg	0	1	0	0	0	1	0	0	0	0	1	0	0	0	0	0	0	0	0	1	0	0	1	0	0	0	0	0	0	0	0	0	1	0	0	0	1	0	0	0
Mp2g21190	neg	1	1	0	0	0	0	1	0	1	0	0	1	0	0	0	1	1	1	0	0	0	0	0	1	0	1	1	1	0	0	0	0	0	0	0	1	1	0	1	1
Mp2g22270	neg	0	1	0	1	0	0	0	0	0	0	1	0	0	0	0	0	0	1	0	0	0	0	0	0	0	0	0	0	1	1	1	0	0	1	0	0	0	1	1	1
Mp2g26590	neg	1	0	0	0	1	1	0	1	0	0	1	1	0	0	1	0	0	0	0	1	1	0	1	0	0	1	1	0	1	0	0	1	0	0	0	1	1	1	1	0
Mp3g01120	neg	1	1	1	0	0	0	0	0	0	0	0	0	0	1	0	0	0	1	0	1	0	0	0	1	0	1	1	0	0	0	0	1	0	0	1	0	0	1	0	0
Mp3g03830	neg	0	1	1	0	0	1	0	0	0	0	0	0	0	0	1	1	0	1	0	1	1	0	0	1	1	0	1	1	0	0	1	1	0	1	0	1	1	1	0	0
Mp3g04230	neg	0	0	1	0	1	0	0	0	0	0	1	1	1	0	0	0	0	0	0	0	0	0	1	0	0	1	0	0	1	0	0	0	0	0	0	1	0	0	0	0
Mp3g06120	neg	0	0	1	0	0	0	0	0	1	1	1	0	0	0	0	1	0	0	1	0	0	0	1	0	0	1	0	0	1	0	1	1	0	0	1	0	1	1	1	1
Mp3g07380	neg	0	0	0	0	0	0	0	0	0	0	0	0	1	0	0	0	0	1	0	0	1	0	0	0	1	1	0	0	1	0	1	0	0	0	1	0	0	1	0	1
Mp3g08820	neg	0	0	0	0	0	0	0	1	1	0	0	0	0	0	0	1	0	0	1	0	1	0	1	0	1	1	0	1	1	0	0	1	1	1	0	1	1	0	1	1
Mp3g09120	neg	1	1	0	0	0	1	0	0	1	0	0	0	0	0	0	0	0	0	0	0	1	0	1	1	1	0	1	1	0	0	0	0	0	0	0	0	0	1	1	1
Mp3g11250	neg	0	0	1	1	0	0	0	0	0	0	0	0	1	0	0	0	0	1	1	0	1	0	1	0	1	1	1	0	1	1	0	1	0	1	1	1	1	1	0	1
Mp3g11610	neg	1	0	0	1	1	0	0	0	0	0	1	0	1	1	0	1	0	0	0	0	0	0	1	0	1	0	0	0	0	0	1	1	0	0	1	0	0	0	1	0
Mp3g14820	neg	0	1	1	1	1	1	0	0	1	0	1	1	0	0	1	1	0	1	1	0	0	0	1	0	1	1	1	1	1	0	0	1	1	1	1	1	1	1	0	1
Mp3g15850	neg	1	0	0	0	0	1	0	0	0	0	0	0	1	0	0	0	0	1	1	1	0	0	1	0	0	0	0	1	1	1	1	0	1	0	1	1	1	1	0	0
Mp3g16510	neg	0	0	1	0	0	1	0	0	0	0	0	0	1	0	0	1	0	0	1	0	0	0	0	1	0	0	0	0	1	0	0	0	0	0	1	1	0	0	0	0
Mp3g17940	neg	1	0	1	0	0	0	0	0	0	0	0	0	1	1	0	0	0	1	0	1	0	0	0	0	0	0	1	1	0	0	0	0	0	0	0	1	0	0	0	1
Mp3g19300	neg	0	0	0	0	1	1	0	1	0	0	0	0	0	1	1	0	0	0	1	0	1	0	1	0	1	0	0	0	1	0	1	1	1	1	1	1	0	0	0	0
Mp3g20340	neg	0	1	0	0	1	0	0	0	0	0	0	0	0	1	0	1	0	1	0	0	0	1	1	1	1	1	0	0	0	0	0	1	0	1	0	0	1	1	0	1
Mp3g21350	neg	0	0	1	0	1	0	0	1	1	1	1	0	0	0	0	1	0	1	1	0	0	0	1	1	0	1	0	0	0	0	1	0	0	0	0	0	1	0	0	0
Mp3g22290	neg	1	1	0	1	0	0	0	0	0	0	0	1	1	0	0	0	0	1	1	1	0	0	0	0	1	0	0	0	0	0	0	1	1	0	0	0	0	0	0	0
Mp3g23210	neg	0	0	1	0	1	0	0	0	0	0	1	0	0	0	0	1	0	0	0	0	0	0	0	0	0	0	0	0	1	0	0	1	0	0	1	0	0	1	0	1
Mp3g23780	neg	0	0	0	0	0	1	0	0	0	0	0	0	1	1	0	0	0	0	0	0	0	0	0	0	1	1	0	0	1	0	0	1	0	0	0	1	1	0	0	0
Mp4g04940	neg	1	0	1	1	0	0	0	1	0	0	1	0	0	1	0	0	0	1	1	0	0	0	1	0	0	0	0	0	0	0	0	0	0	1	0	0	0	1	0	0
Mp4g05850	neg	1	0	0	0	0	0	0	1	0	0	1	1	1	0	0	1	1	1	0	1	0	0	0	0	0	1	0	0	1	0	1	1	0	1	0	1	0	1	0	0
Mp4g08910	neg	0	1	1	1	0	1	0	1	1	1	0	0	1	1	0	0	0	0	0	1	0	0	0	0	0	0	0	1	0	0	1	1	1	1	1	0	0	1	0	0
Mp4g10040	neg	0	1	0	0	0	0	0	0	0	0	1	1	0	0	1	1	1	0	0	1	0	0	1	0	1	1	0	1	0	0	0	1	1	1	0	1	0	1	0	0
Mp4g10390	neg	1	1	1	1	0	0	0	1	0	0	0	1	1	1	0	1	1	0	1	0	0	0	0	1	0	1	1	0	0	0	1	1	0	1	1	0	1	0	1	1
Mp4g13960	neg	1	1	1	0	1	0	0	0	1	0	0	1	1	1	0	1	1	1	0	1	0	0	1	1	0	1	1	1	0	0	1	0	1	1	0	0	1	0	1	0
Mp4g14380	neg	1	1	0	0	1	0	0	0	0	0	0	0	0	1	1	0	0	0	0	0	1	0	1	1	1	0	0	0	1	0	0	1	0	1	0	1	1	1	0	1
Mp4g16420	neg	1	1	0	0	0	0	0	0	0	0	1	1	1	1	0	0	0	1	0	0	0	1	1	0	1	0	0	0	1	0	1	1	0	0	0	1	1	0	1	1
Mp4g16650	neg	0	1	0	0	0	0	0	1	0	0	0	0	1	1	0	0	0	0	1	0	0	0	1	0	0	1	0	0	0	0	0	1	0	0	0	0	0	0	0	0
Mp4g18080	neg	0	0	0	0	0	0	0	0	0	0	0	0	1	1	0	0	0	0	0	1	0	0	0	1	1	0	0	0	1	1	0	1	0	0	0	1	1	0	0	1
Mp4g20800	neg	1	1	0	0	0	0	1	1	0	0	1	0	0	1	0	0	0	0	0	0	0	0	1	0	0	1	0	0	1	1	0	0	0	0	1	1	1	1	0	0
Mp4g23010	neg	0	0	0	0	1	0	0	0	1	1	1	0	0	0	0	0	0	0	0	1	1	0	1	1	1	1	0	1	1	0	1	0	1	0	1	0	0	1	0	0
Mp5g00090	neg	0	1	1	1	1	0	0	1	0	0	1	0	1	1	1	0	0	1	0	1	0	0	1	0	1	1	1	0	0	0	0	0	1	1	0	0	0	0	0	0
Mp5g00310	neg	1	1	1	1	1	0	0	1	1	0	0	0	1	1	0	1	1	1	0	0	1	0	1	0	1	1	1	0	0	0	0	1	1	1	1	0	0	0	1	0
Mp5g00440	neg	1	1	0	1	0	0	0	0	0	0	1	0	0	1	0	1	0	1	0	1	1	0	1	0	1	1	0	0	0	0	0	0	0	0	0	0	0	0	0	0
Mp5g01400	neg	1	1	1	1	0	1	0	0	1	0	1	1	1	1	0	1	0	1	0	1	0	0	0	1	0	1	1	0	0	0	0	1	1	1	0	0	1	1	0	1
Mp5g01860	neg	0	1	1	1	0	0	0	0	0	0	0	0	0	0	0	0	0	0	0	0	0	0	0	0	0	0	0	0	1	0	1	1	0	1	0	1	0	1	0	0
Mp5g02640	neg	1	1	0	0	0	0	0	0	0	0	1	1	1	1	0	1	1	1	1	0	0	0	0	1	1	1	1	0	0	0	0	1	0	0	1	1	0	0	1	1
Mp5g05920	neg	0	0	0	1	0	0	0	0	1	0	0	1	0	0	0	0	0	1	1	0	0	0	1	1	1	0	1	1	1	0	0	1	1	0	0	0	0	1	1	1
Mp5g06790	neg	0	1	1	1	0	0	0	1	0	0	0	1	1	0	0	0	0	1	1	0	0	0	1	1	0	1	1	1	0	0	1	0	1	0	1	0	0	1	0	1
Mp5g09160	neg	1	1	0	1	1	0	0	0	1	1	0	1	0	1	0	1	1	0	0	0	1	0	1	0	1	1	1	0	1	0	1	0	0	0	0	0	1	0	0	0
Mp5g09290	neg	1	1	0	0	0	1	0	0	0	0	0	1	0	0	0	1	0	0	0	1	1	0	1	0	0	0	0	0	0	0	0	0	0	0	0	1	0	1	0	1
Mp5g09680	neg	0	1	0	0	1	1	0	1	1	0	0	0	1	1	0	0	0	0	1	1	0	0	1	1	0	0	0	0	0	0	0	1	0	0	0	0	1	1	0	0
Mp5g11140	neg	1	0	1	0	0	0	0	0	0	0	1	1	0	0	0	0	0	1	1	0	0	0	1	1	0	1	0	0	1	1	0	1	0	1	0	0	1	1	0	0
Mp5g12900	neg	1	0	1	0	1	0	0	1	0	0	0	1	1	1	0	1	0	0	1	0	0	0	1	0	1	0	1	0	1	0	0	1	1	1	0	1	0	0	0	1
Mp5g12940	neg	1	1	1	0	0	0	0	0	0	0	1	0	1	0	0	0	0	0	1	1	1	0	0	1	1	0	0	0	1	1	0	1	0	0	1	0	0	1	1	0
Mp5g13410	neg	0	0	0	0	1	0	0	1	1	1	1	1	1	0	1	0	0	0	0	0	0	0	1	1	0	0	0	1	0	0	0	1	1	0	0	0	1	1	0	0
Mp5g13540	neg	1	1	1	1	0	1	0	0	0	0	0	0	1	0	1	1	1	1	0	1	1	0	1	0	0	1	1	0	0	0	1	1	1	1	0	1	1	0	0	1
Mp5g17330	neg	1	1	1	0	0	0	0	0	1	1	1	1	1	1	0	1	0	0	1	0	1	0	1	1	1	1	1	0	1	1	0	1	1	1	0	1	1	0	1	1
Mp5g19430	neg	1	1	0	1	0	0	0	0	0	0	0	0	0	0	0	0	0	1	1	0	0	0	1	0	1	1	0	0	1	0	0	0	0	0	0	0	1	0	1	0
Mp5g19650	neg	0	0	0	1	0	0	0	0	0	0	1	0	1	0	0	0	0	0	1	0	0	0	0	1	1	0	1	1	0	0	0	0	1	0	1	0	1	1	1	0
Mp5g22310	neg	0	1	0	1	0	1	0	0	0	0	0	1	0	0	1	0	0	0	0	0	1	0	1	1	1	1	0	0	0	0	0	1	0	1	0	0	1	0	0	1
Mp5g24080	neg	1	0	0	1	1	0	0	1	1	0	1	0	0	0	1	1	1	0	1	1	0	0	0	0	0	0	0	0	0	0	0	1	0	0	0	0	1	0	1	0
Mp6g00320	neg	0	0	1	0	0	0	0	0	1	0	0	0	0	1	1	1	1	0	1	0	0	0	0	1	1	1	1	1	0	0	0	0	0	0	1	0	1	0	0	1
Mp6g00430	neg	0	1	0	0	0	0	0	0	0	0	1	1	0	0	0	1	0	1	0	0	1	0	0	1	0	1	0	0	1	0	0	1	1	0	1	0	1	1	1	0
Mp6g02510	neg	0	1	0	0	1	0	0	0	0	0	0	0	0	0	0	0	0	0	0	0	1	0	0	1	0	0	1	0	1	0	0	0	0	1	0	1	0	1	0	1
Mp6g02690	neg	1	0	1	0	0	0	0	0	0	0	0	0	1	1	0	0	0	1	0	0	0	0	0	0	0	1	1	0	1	0	0	0	0	1	0	1	0	1	0	1
Mp6g03560	neg	1	1	0	1	0	0	0	1	0	0	0	1	0	1	0	0	0	1	0	1	0	0	0	0	0	1	0	0	0	0	0	1	1	1	1	0	0	1	1	1
Mp6g05420	neg	1	0	0	0	0	0	0	0	0	0	1	0	0	0	0	1	0	0	0	1	1	0	0	1	1	1	0	1	0	0	1	0	1	0	1	0	0	0	0	0
Mp6g05770	neg	1	1	0	1	0	1	0	0	0	0	1	0	1	1	0	1	1	1	0	0	0	0	1	0	1	0	1	0	0	0	0	1	1	1	0	0	1	0	0	1
Mp6g08210	neg	1	1	0	0	0	0	0	0	0	0	0	1	1	1	0	1	0	1	1	0	0	0	1	1	1	1	0	0	0	0	0	0	1	0	1	0	1	0	1	1
Mp6g08780	neg	1	1	1	0	0	1	0	0	0	0	0	1	0	1	0	0	0	0	0	0	0	0	0	1	1	0	1	1	0	0	0	0	1	0	0	1	0	1	1	1
Mp6g10950	neg	0	1	0	0	0	1	0	0	1	1	0	1	1	1	0	0	0	0	0	0	1	0	1	0	0	1	0	0	0	0	0	1	1	0	1	0	1	0	1	0
Mp6g12550	neg	0	0	0	1	0	1	0	0	1	1	0	0	1	0	0	1	0	1	0	0	0	0	1	1	0	1	0	0	0	0	0	1	1	0	0	0	0	1	1	0
Mp6g14230	neg	0	1	1	1	1	1	0	1	1	1	1	0	1	0	0	0	0	1	0	1	0	0	0	0	0	1	0	0	1	0	0	1	1	1	1	1	1	1	0	0
Mp6g14370	neg	0	0	0	0	0	1	0	0	0	0	1	1	0	0	1	1	1	1	0	0	0	0	0	1	0	1	0	0	0	0	0	1	1	0	1	0	1	1	0	1
Mp6g18800	neg	1	0	0	0	0	0	0	0	0	0	1	0	0	1	0	1	0	0	0	0	0	0	1	0	0	1	0	0	0	0	0	0	0	1	0	0	0	0	0	0
Mp6g20190	neg	1	1	0	0	1	0	0	0	0	0	1	0	0	0	0	0	0	1	0	1	0	0	1	1	0	1	0	0	0	0	1	1	0	1	1	0	1	1	0	0
Mp7g00290	neg	1	1	1	0	1	1	0	0	0	0	1	0	0	0	0	1	0	0	0	1	0	1	0	1	0	1	0	0	1	0	0	0	0	1	1	1	0	0	0	1
Mp7g01630	neg	0	1	1	1	0	0	0	0	1	1	0	1	0	1	1	1	1	1	1	1	0	0	1	1	1	1	0	0	0	0	1	0	1	0	0	1	1	0	0	1
Mp7g02920	neg	0	0	1	1	0	0	0	0	1	1	1	0	0	1	0	0	0	0	0	0	0	0	1	1	1	0	0	0	0	0	0	1	0	0	0	0	1	0	1	1
Mp7g03320	neg	1	0	1	1	1	1	0	0	0	0	0	1	0	1	0	1	0	1	0	1	1	0	1	0	1	1	0	0	0	0	0	1	0	0	0	1	1	1	0	1
Mp7g05370	neg	1	1	0	1	1	0	0	0	0	0	0	0	1	1	0	0	0	1	0	0	0	0	0	0	1	1	1	0	0	0	1	0	0	1	0	1	0	0	0	1
Mp7g05790	neg	1	1	1	0	0	1	0	0	1	0	0	0	0	0	0	0	0	0	0	0	0	0	0	1	0	0	1	1	0	0	0	0	0	0	1	0	0	1	0	1
Mp7g06190	neg	0	0	1	0	0	1	0	0	1	0	1	0	1	1	0	0	0	0	1	0	0	0	0	1	1	0	0	0	0	0	1	1	1	0	0	1	1	1	0	0
Mp7g07930	neg	0	1	0	0	1	1	0	0	0	0	0	1	0	0	0	0	0	1	1	0	1	0	1	1	0	1	1	1	0	0	1	0	1	1	0	0	0	1	0	1
Mp7g09520	neg	0	0	1	0	1	0	0	0	1	0	0	0	0	1	0	1	0	1	0	0	0	1	0	0	0	1	0	1	0	0	0	1	0	1	1	0	0	0	0	0
Mp7g10760	neg	0	0	0	0	1	0	0	1	0	0	0	1	0	0	0	1	0	0	0	0	1	0	1	1	1	1	0	0	1	0	1	0	1	0	0	1	0	0	0	1
Mp7g13010	neg	0	1	0	1	1	1	0	0	1	1	1	0	0	1	0	0	0	1	0	0	0	0	1	0	1	1	0	0	0	0	0	0	0	0	0	0	0	0	1	0
Mp7g13510	neg	1	0	1	0	1	0	0	0	1	0	0	1	0	1	0	0	0	1	1	1	0	0	1	1	1	0	0	0	0	0	1	1	1	0	0	0	0	0	0	1
Mp7g14480	neg	0	1	1	1	0	0	0	0	1	0	0	0	0	1	0	0	0	0	0	0	1	0	0	0	0	1	1	0	0	0	1	1	1	0	0	0	1	0	0	0
Mp7g16060	neg	0	1	1	0	0	0	0	0	0	0	0	1	0	1	1	1	0	1	0	0	1	0	1	1	1	1	1	1	1	1	0	0	1	1	0	0	1	0	0	0
Mp7g16310	neg	0	0	0	0	0	0	0	0	1	0	0	0	0	0	1	1	1	0	0	0	0	0	0	0	1	1	0	1	0	0	1	1	1	1	1	1	0	1	0	1
Mp7g16530	neg	1	1	0	0	0	0	0	0	0	0	1	1	1	1	0	0	0	0	0	1	0	0	0	0	0	0	0	1	0	0	1	1	1	1	1	0	0	0	0	1
Mp7g17480	neg	0	0	0	1	0	0	0	0	1	0	1	0	1	1	1	1	1	1	1	0	1	0	1	0	0	0	0	0	0	0	0	1	0	1	0	0	0	1	0	0
Mp7g17550	neg	0	1	0	0	0	0	0	0	0	0	0	0	0	0	0	1	0	1	0	0	0	0	0	0	0	1	0	0	0	0	0	0	1	1	0	1	0	1	0	1
Mp7g17980	neg	1	0	0	1	1	0	0	0	0	0	1	0	0	1	0	1	0	0	0	0	1	0	1	1	0	1	0	0	0	0	1	1	0	0	1	0	1	0	0	1
Mp7g18080	neg	1	1	1	0	1	0	0	1	0	0	1	0	0	0	1	0	0	0	0	0	0	0	0	1	0	0	0	0	0	0	0	0	0	0	0	1	0	0	0	0
Mp7g19250	neg	0	1	1	0	0	0	0	0	1	0	0	1	1	1	0	1	1	0	0	0	0	0	0	0	1	1	1	0	1	1	0	0	1	1	0	0	0	0	0	1
Mp8g00230	neg	0	1	1	1	0	0	0	0	1	0	0	0	0	1	0	0	0	1	0	0	0	0	1	0	1	0	0	0	1	0	0	0	1	1	0	1	0	0	1	0
Mp8g01220	neg	1	0	1	0	1	0	0	0	1	1	0	0	0	1	0	0	0	1	0	0	1	0	1	0	0	1	0	1	0	0	0	1	1	0	1	1	1	0	0	1
Mp8g01790	neg	1	0	1	1	0	1	0	0	1	0	1	0	0	1	0	0	0	1	0	1	0	0	1	0	1	1	0	1	0	0	0	1	0	0	0	0	1	1	1	1
Mp8g02270	neg	0	1	1	1	0	1	0	0	0	0	1	1	0	0	0	1	1	1	0	1	0	0	1	1	0	1	1	1	0	0	0	0	1	1	0	0	1	1	0	0
Mp8g03000	neg	0	1	0	0	0	1	0	0	1	0	0	1	0	0	0	0	0	1	0	1	0	1	0	1	0	0	0	1	0	0	0	1	0	1	0	0	1	0	0	0
Mp8g04070	neg	0	0	0	0	1	1	0	1	1	0	0	1	0	1	0	1	1	1	1	0	0	0	1	0	1	1	1	0	0	0	0	1	1	0	0	0	0	1	0	0
Mp8g08510	neg	1	0	0	1	1	0	0	0	0	0	1	1	1	1	0	1	0	0	1	0	0	0	1	1	1	1	0	1	1	0	1	0	1	0	0	0	1	0	0	0
Mp8g11940	neg	1	0	0	1	1	0	0	0	1	0	0	0	0	0	1	0	0	0	0	1	1	0	1	0	0	0	1	1	0	0	1	1	0	1	0	0	0	0	1	1
Mp8g12640	neg	0	0	0	0	1	0	0	0	0	0	1	1	1	0	0	1	0	1	0	0	0	0	1	1	1	1	0	0	1	0	0	0	1	0	0	1	1	1	0	0
Mp8g14050	neg	0	0	0	1	0	0	0	1	1	1	1	1	0	0	0	1	0	1	0	0	1	0	0	0	1	1	0	0	0	0	0	0	0	1	0	0	1	0	0	0
Mp8g14670	neg	1	1	0	0	0	0	0	1	0	0	1	0	1	1	0	1	0	1	0	0	0	0	0	0	0	0	1	0	1	0	1	1	0	1	0	1	1	0	0	0
Mp8g17690	neg	1	1	0	1	1	1	0	1	1	0	0	1	1	1	0	1	0	0	0	0	0	0	1	0	1	1	0	1	0	0	0	0	1	1	0	1	0	0	0	1
MpVg00230	neg	1	1	0	0	0	1	0	1	0	0	0	0	1	1	0	0	0	1	0	0	0	0	0	1	1	0	0	0	1	0	1	0	0	0	1	1	0	0	1	0
