peak	Class	H2Aub	H2AZ	H3	H3K4me1	H3K4me3	H3K9ac	H3K9me1	H3K14ac	H3K27me1	H3K27me3	H3K36me3
chr1.459709.460503	pos	1	1	0	0	1	1	0	0	0	0	1
chr1.542614.543334	pos	1	0	0	0	1	1	0	1	0	0	1
chr1.2390812.2391194	pos	0	0	0	0	0	0	0	0	0	0	0
chr1.3224276.3224565	pos	1	1	0	0	1	1	0	1	0	0	1
chr1.4142057.4142170	pos	1	1	0	1	1	1	0	1	0	0	1
chr1.5566571.5566721	pos	1	1	0	0	1	1	0	0	0	1	0
chr1.5566904.5567093	pos	1	1	0	0	1	1	0	0	0	1	0
chr1.5742065.5742738	pos	1	1	0	1	1	1	0	1	0	1	1
chr1.9779619.9780651	pos	1	1	0	0	1	1	0	1	0	0	0
chr1.9783368.9783525	pos	1	1	0	0	1	1	0	0	0	0	0
chr1.9953812.9953951	pos	0	1	0	0	1	1	0	1	0	0	1
chr1.14437866.14438768	pos	0	1	0	0	1	1	1	1	1	0	1
chr1.15202599.15202920	pos	0	1	0	1	1	1	0	1	1	1	1
chr1.17536819.17536945	pos	1	0	0	1	1	0	0	0	0	1	0
chr1.18018800.18019097	pos	1	1	0	1	1	1	0	1	0	0	1
chr1.19846982.19847246	pos	1	1	0	1	1	1	0	1	0	0	1
chr1.20745675.20745837	pos	1	1	0	0	1	1	0	0	0	0	0
chr1.21575422.21575723	pos	0	1	0	1	1	1	0	1	0	0	1
chr1.21810311.21810484	pos	1	1	1	1	1	1	0	1	1	0	1
chr1.21926313.21926533	pos	0	0	1	0	0	0	0	0	1	0	1
chr1.22304022.22304326	pos	0	0	1	0	0	1	0	0	0	0	1
chr1.24356162.24356881	pos	1	0	0	0	1	1	0	1	0	0	1
chr1.24594220.24594692	pos	0	0	1	0	1	1	0	0	0	0	1
chr1.29845536.29845708	pos	1	1	0	0	1	1	0	0	0	0	0
chr1.29877310.29877490	pos	1	1	0	1	1	0	0	1	1	0	0
chr2.2361548.2362286	pos	1	1	0	0	1	1	0	0	0	0	0
chr2.3984395.3984459	pos	1	1	0	1	1	0	0	1	0	1	0
chr2.5268845.5269133	pos	1	1	0	1	1	1	0	1	0	1	0
chr2.6706274.6706648	pos	1	1	0	1	1	1	0	1	0	0	1
chr2.7242980.7243312	pos	0	1	0	1	1	0	1	1	0	0	1
chr2.7446832.7447357	pos	1	1	0	0	1	1	0	1	0	1	1
chr2.9656189.9656408	pos	1	1	0	1	1	1	1	1	0	1	1
chr2.11461150.11461363	pos	0	1	0	1	1	1	0	1	0	0	1
chr2.11542183.11542298	pos	1	1	0	1	1	1	0	1	0	0	1
chr2.13823278.13823628	pos	1	1	0	1	1	1	0	1	0	0	0
chr2.14029145.14029389	pos	0	1	0	1	1	1	0	1	0	0	0
chr2.15787275.15787570	pos	1	1	0	1	1	1	1	1	0	0	0
chr2.19097349.19097544	pos	1	1	0	0	1	0	0	0	0	1	0
chr2.19356704.19356939	pos	0	1	0	1	0	0	1	1	0	1	0
chr2.20082850.20083637	pos	1	1	0	1	1	1	0	1	0	0	0
chr2.20560963.20561531	pos	1	1	0	1	1	1	0	0	0	0	0
chr2.20665045.20666596	pos	0	1	1	1	0	1	1	1	1	0	0
chr2.20666720.20666843	pos	0	1	1	0	0	1	0	1	0	0	0
chr2.20667346.20667789	pos	0	1	1	0	1	1	0	1	0	0	0
chr2.22848240.22848446	pos	0	0	0	0	1	1	0	0	0	0	0
chr2.24412371.24412471	pos	0	1	0	0	1	1	0	1	0	0	1
chr2.24475255.24475426	pos	1	1	0	1	1	1	0	1	1	0	1
chr2.24746954.24747449	pos	1	1	0	1	1	1	0	1	0	0	1
chr2.26490151.26490296	pos	1	1	0	0	1	1	0	1	0	0	0
chr2.26490665.26490781	pos	1	1	0	0	1	1	0	1	0	0	0
chr2.26494054.26494408	pos	1	1	0	1	1	1	0	1	0	0	0
chr2.27267617.27269366	pos	1	0	0	0	0	0	0	0	0	0	0
chr2.27306710.27307209	pos	1	1	0	0	1	1	0	0	0	0	1
chr2.27880465.27880718	pos	1	1	0	1	1	0	1	1	0	1	0
chr3.669748.670435	pos	1	1	0	1	1	1	0	1	0	0	0
chr3.670652.671495	pos	1	1	0	1	1	0	0	1	1	0	0
chr3.878616.880187	pos	0	1	0	1	1	1	1	1	1	0	1
chr3.1413597.1413996	pos	1	1	0	0	1	1	0	1	0	0	1
chr3.6356101.6356604	pos	0	0	0	0	1	1	0	0	0	0	1
chr3.6420645.6420815	pos	1	1	0	0	1	1	0	0	0	1	0
chr3.7667993.7668160	pos	1	1	0	0	1	0	1	0	0	1	0
chr3.8868657.8869524	pos	1	1	0	0	1	1	0	0	0	1	0
chr3.10828084.10828291	pos	1	1	0	0	1	1	0	1	0	0	1
chr3.11940457.11941427	pos	1	1	0	1	1	0	0	1	0	0	0
chr3.12274381.12274597	pos	0	0	0	0	0	0	0	0	0	1	0
chr3.13630297.13631068	pos	1	1	0	0	1	1	0	1	0	0	1
chr3.13724878.13725488	pos	1	1	0	1	1	1	0	1	0	1	0
chr3.17293367.17293813	pos	1	1	0	0	1	1	0	1	0	0	1
chr3.19174407.19174735	pos	1	1	0	0	1	1	0	1	0	0	0
chr3.19223749.19224027	pos	1	0	0	0	1	1	0	0	0	0	0
chr3.19631439.19631956	pos	1	1	1	0	1	1	1	1	0	1	1
chr3.20699658.20700708	pos	1	1	1	1	1	1	0	1	0	1	0
chr3.21434967.21435843	pos	0	1	1	1	1	1	0	1	0	0	1
chr3.21436295.21436442	pos	1	1	0	1	1	1	0	1	0	0	1
chr3.23325902.23326147	pos	1	1	0	1	1	0	1	1	0	1	0
chr3.26499429.26499695	pos	1	1	0	0	1	1	0	1	0	0	0
chr4.967891.968556	pos	1	1	0	1	1	1	0	1	0	0	0
chr4.3588486.3589351	pos	0	1	0	1	1	1	1	1	0	1	1
chr4.3809996.3810086	pos	1	1	0	0	1	1	0	1	0	1	0
chr4.5181811.5183014	pos	1	1	0	1	1	1	0	1	0	0	1
chr4.5183304.5183767	pos	1	1	0	1	1	1	0	1	0	0	0
chr4.5620243.5620324	pos	1	1	0	0	1	1	0	1	0	1	0
chr4.6852189.6852928	pos	1	1	0	0	1	1	0	0	0	0	1
chr4.7582139.7582334	pos	0	1	1	1	1	1	0	1	0	0	1
chr4.8602822.8603124	pos	1	1	0	1	1	1	0	1	0	0	0
chr4.10480531.10480977	pos	1	1	1	1	1	1	0	1	0	1	0
chr4.12117864.12118107	pos	1	1	0	0	1	1	0	1	0	0	1
chr4.14544589.14544845	pos	0	0	0	0	0	1	0	0	0	0	0
chr4.14596077.14596364	pos	0	0	0	0	0	0	0	0	0	0	0
chr4.18886060.18886202	pos	1	1	0	0	1	0	0	0	0	1	0
chr4.19578101.19578404	pos	0	1	0	0	0	1	0	0	0	0	0
chr4.22080208.22081254	pos	1	1	0	1	1	1	1	1	1	1	1
chr4.23876087.23876264	pos	1	1	1	1	1	1	0	1	0	0	1
chr5.2061020.2061417	pos	1	1	0	1	1	1	0	1	0	0	0
chr5.2474301.2474693	pos	1	1	1	1	1	1	0	1	0	0	1
chr5.3611853.3612093	pos	0	1	0	1	1	1	0	1	0	0	1
chr5.3972319.3972685	pos	1	1	0	0	1	1	0	1	0	0	0
chr5.4380012.4380131	pos	0	1	1	1	1	1	0	1	0	0	0
chr5.4388472.4388774	pos	1	1	0	0	1	1	0	1	0	0	1
chr5.10191948.10193372	pos	1	1	0	1	1	1	0	1	0	0	1
chr5.11777207.11777834	pos	0	1	0	0	1	1	0	1	0	0	1
chr5.12394894.12395404	pos	1	1	0	1	1	1	0	1	0	0	0
chr5.13173467.13173618	pos	0	1	1	1	1	1	0	1	0	0	1
chr5.13440090.13440237	pos	1	1	0	1	1	0	0	1	0	1	0
chr5.13617122.13617639	pos	1	1	1	1	1	1	0	1	0	0	0
chr5.13784520.13785024	pos	0	1	0	0	1	1	0	1	0	0	1
chr5.15886551.15887678	pos	1	1	0	1	1	1	1	1	1	0	1
chr5.17541547.17541953	pos	1	1	0	1	1	1	0	1	0	0	0
chr5.17779543.17779680	pos	1	1	1	0	1	1	0	1	0	0	1
chr5.19927743.19927939	pos	1	1	0	0	1	1	0	0	0	0	0
chr5.20192695.20192920	pos	1	1	0	1	1	0	0	0	1	0	0
chr5.21166882.21168025	pos	1	1	1	1	1	1	1	1	0	1	1
chr5.22649253.22649381	pos	1	0	0	0	1	1	0	1	0	1	1
chr5.23443979.23445058	pos	1	1	1	0	1	1	0	1	0	1	0
chr5.23668043.23668275	pos	1	1	0	1	1	1	0	0	0	1	0
chr5.24340897.24341507	pos	1	1	0	1	1	1	0	1	0	0	1
chr5.26140671.26140988	pos	0	0	1	0	0	0	1	0	1	1	0
chr6.1147861.1148743	pos	1	1	0	1	1	1	0	1	0	0	1
chr6.4560711.4561081	pos	0	1	0	0	1	1	1	0	1	0	1
chr6.4805206.4805368	pos	1	1	0	1	1	1	0	1	0	0	1
chr6.8063200.8063351	pos	0	0	0	0	1	0	0	0	0	0	0
chr6.8359241.8359408	pos	1	0	0	0	1	1	0	0	0	0	1
chr6.9819258.9819534	pos	0	1	0	1	1	1	0	1	0	0	1
chr6.9819774.9819949	pos	0	1	0	1	1	1	0	1	0	0	1
chr6.11269926.11270343	pos	1	1	0	1	1	1	0	1	0	0	1
chr6.13430203.13430771	pos	0	1	0	0	1	1	0	1	0	0	1
chr6.15927285.15927460	pos	0	1	1	1	1	1	0	1	0	0	1
chr6.17332656.17332811	pos	1	0	0	0	1	1	0	0	0	0	1
chr6.17333040.17333187	pos	1	0	0	0	1	1	0	0	0	0	1
chr6.21109363.21109732	pos	1	1	0	0	1	1	0	1	0	0	0
chr6.23157247.23157379	pos	1	1	0	1	1	1	0	1	0	0	1
chr6.23157677.23157805	pos	1	1	0	1	1	1	0	1	0	0	1
chr7.5911716.5913485	pos	1	1	0	1	1	1	0	1	0	1	0
chr7.6353109.6353580	pos	1	1	0	1	1	1	0	1	0	0	1
chr7.7863046.7863427	pos	1	1	0	0	1	1	0	0	0	0	1
chr7.8806716.8807077	pos	1	1	1	0	1	1	0	0	0	0	0
chr7.8807261.8807459	pos	1	1	0	1	1	0	0	1	0	1	0
chr7.14029725.14029915	pos	0	1	0	1	1	1	0	1	0	0	0
chr7.14030150.14031067	pos	0	1	0	0	1	1	0	1	0	0	0
chr7.14032095.14032532	pos	1	1	0	0	1	1	0	1	0	0	0
chr7.14864210.14864404	pos	1	1	0	1	1	1	0	1	0	0	0
chr7.14864942.14865747	pos	1	1	1	0	1	1	0	1	0	0	1
chr7.14871406.14871598	pos	1	1	1	0	1	1	0	1	0	0	1
chr7.16148662.16149125	pos	0	1	0	1	1	1	0	1	0	0	1
chr7.18215778.18215978	pos	1	1	0	1	1	1	0	1	0	0	1
chr7.19739673.19739819	pos	1	1	0	0	1	1	0	0	0	1	0
chr7.19740076.19740410	pos	1	1	0	0	1	1	0	0	0	0	0
chr7.19910944.19911817	pos	1	1	0	1	1	1	0	1	0	0	0
chr7.19911977.19912875	pos	1	1	0	1	1	1	0	1	0	0	0
chr7.21011385.21012640	pos	1	1	1	1	1	1	0	1	0	0	0
chr7.21430770.21430844	pos	1	1	0	1	1	1	0	1	0	0	0
chr8.1260987.1261519	pos	1	1	0	0	1	1	0	1	0	0	1
chr8.2339839.2339936	pos	0	1	1	0	0	0	1	0	1	0	1
chr8.4577833.4577954	pos	1	0	0	0	0	1	0	0	0	0	1
chr8.4578332.4578455	pos	0	1	0	0	0	1	1	0	0	1	1
chr8.4980625.4981033	pos	0	1	0	0	1	1	0	0	0	0	1
chr8.6156112.6156716	pos	1	1	1	1	1	1	0	1	0	0	0
chr8.7878813.7880577	pos	1	1	0	1	1	1	1	1	1	1	0
chr8.7953654.7953781	pos	1	1	1	1	1	1	0	1	1	0	0
chr8.10296203.10296610	pos	1	1	1	1	1	1	0	1	0	1	0
chr8.11797026.11798274	pos	1	1	0	1	1	1	0	1	0	0	0
chr8.14199693.14200634	pos	1	1	0	1	1	1	0	1	0	0	1
chr8.14209100.14210430	pos	1	1	0	1	1	1	0	1	0	0	1
chr8.14412490.14412813	pos	1	1	0	1	1	1	0	1	0	0	1
chr8.15614030.15614556	pos	0	1	0	0	1	1	0	1	0	0	1
chr8.17100175.17100398	pos	0	1	1	0	1	1	0	1	0	0	1
chr8.17154376.17154591	pos	1	0	0	0	1	1	0	0	0	0	1
chr8.19166124.19166282	pos	0	1	0	1	1	1	1	1	1	0	1
chr8.19540089.19540354	pos	1	1	0	1	1	0	0	1	0	0	0
chr8.19632004.19632464	pos	1	1	0	1	0	0	0	0	0	1	0
chr8.19853334.19853801	pos	1	1	0	0	1	0	0	0	0	1	0
chr8.20547653.20548089	pos	0	1	0	0	1	1	0	1	0	1	1
chr8.20726376.20727656	pos	1	1	1	1	1	1	1	1	0	1	1
chr1.59000.59500	neg	0	0	0	0	0	0	0	0	0	0	0
chr1.2405000.2405500	neg	0	0	1	0	0	0	1	0	1	0	0
chr1.3595500.3596000	neg	0	0	0	0	0	0	1	0	1	0	0
chr1.7253500.7254000	neg	0	0	1	1	0	0	1	0	1	0	0
chr1.8407000.8407500	neg	1	1	0	1	1	1	0	1	0	1	1
chr1.8752000.8752500	neg	0	0	0	0	0	1	1	0	1	0	0
chr1.8833000.8833500	neg	0	1	0	1	1	1	0	1	0	0	1
chr1.8921500.8922000	neg	0	1	0	1	1	0	0	1	0	0	1
chr1.10566500.10567000	neg	0	1	1	1	1	1	1	1	1	0	1
chr1.14484500.14485000	neg	0	0	0	0	0	0	1	0	1	0	0
chr1.15519500.15520000	neg	0	0	0	0	0	0	1	0	0	0	0
chr1.16027000.16027500	neg	0	1	1	0	0	0	1	0	1	0	0
chr1.16778000.16778500	neg	0	1	1	0	0	0	1	0	1	0	1
chr1.17721500.17722000	neg	0	0	1	0	0	0	1	0	1	0	0
chr1.17850500.17851000	neg	0	1	0	0	0	0	1	0	1	0	0
chr1.19190500.19191000	neg	0	0	0	0	0	0	1	0	1	0	0
chr1.20095500.20096000	neg	0	0	0	0	0	0	1	0	1	0	0
chr1.20325000.20325500	neg	0	1	0	0	1	0	1	0	1	0	1
chr1.22151000.22151500	neg	0	0	0	0	0	0	1	0	1	0	0
chr1.23118500.23119000	neg	0	1	1	1	1	1	1	1	1	0	1
chr1.26059000.26059500	neg	0	1	0	1	1	0	1	1	1	0	1
chr1.26617000.26617500	neg	0	0	0	1	0	0	1	0	1	0	1
chr1.27747000.27747500	neg	0	0	0	0	0	0	1	0	1	0	0
chr1.28739500.28740000	neg	0	0	1	0	0	0	1	0	1	0	0
chr1.29632500.29633000	neg	0	0	1	0	0	0	1	0	1	0	1
chr2.437000.437500	neg	0	1	0	1	1	1	1	1	1	0	1
chr2.2978000.2978500	neg	1	1	0	1	1	0	1	0	1	0	1
chr2.3915000.3915500	neg	1	1	0	1	1	0	0	1	0	1	0
chr2.4761500.4762000	neg	1	1	0	0	1	0	0	1	0	1	0
chr2.6136500.6137000	neg	0	0	0	0	0	0	1	0	1	0	0
chr2.7394000.7394500	neg	0	1	1	1	1	1	1	1	1	0	1
chr2.7662500.7663000	neg	1	1	1	1	1	1	1	1	1	1	0
chr2.8333000.8333500	neg	0	1	1	1	1	1	1	1	1	0	1
chr2.9745000.9745500	neg	0	1	0	0	0	0	1	0	1	0	0
chr2.10366500.10367000	neg	1	1	1	1	1	1	1	1	0	0	1
chr2.11640000.11640500	neg	0	0	0	0	0	0	0	0	0	0	0
chr2.12073000.12073500	neg	1	1	0	0	0	1	0	1	0	0	0
chr2.12737500.12738000	neg	1	1	0	1	1	0	0	1	0	1	0
chr2.15794500.15795000	neg	0	0	0	0	0	0	1	0	0	1	0
chr2.16036000.16036500	neg	1	1	0	1	1	0	0	0	0	1	0
chr2.16707500.16708000	neg	0	0	1	0	0	0	1	0	1	0	0
chr2.19957500.19958000	neg	0	1	0	0	0	0	1	0	1	0	0
chr2.21150500.21151000	neg	0	1	1	1	0	0	1	1	0	0	0
chr2.21649500.21650000	neg	0	1	1	1	1	1	1	0	0	0	1
chr2.23777500.23778000	neg	1	1	0	0	1	0	0	0	0	1	0
chr2.26964000.26964500	neg	0	0	0	0	0	0	0	0	0	1	0
chr2.27110500.27111000	neg	1	1	0	1	1	0	1	1	0	1	0
chr2.29262000.29262500	neg	0	1	0	1	0	0	1	1	1	1	0
chr3.898000.898500	neg	0	0	0	0	0	0	1	0	0	0	1
chr3.3180500.3181000	neg	1	1	0	1	1	0	1	1	0	1	0
chr3.3733000.3733500	neg	0	1	0	0	0	1	1	1	0	0	1
chr3.4170500.4171000	neg	0	1	1	1	1	1	1	1	1	0	1
chr3.4558500.4559000	neg	1	1	0	1	1	1	1	1	1	1	0
chr3.4888000.4888500	neg	0	1	0	1	1	1	1	1	0	1	1
chr3.6253000.6253500	neg	1	1	1	1	1	1	1	1	1	0	0
chr3.9038000.9038500	neg	0	0	0	0	0	0	0	1	0	1	0
chr3.10499000.10499500	neg	0	0	1	0	0	0	1	0	1	0	0
chr3.10789000.10789500	neg	0	0	0	0	0	0	1	0	1	1	0
chr3.14129000.14129500	neg	1	1	0	1	1	0	0	1	0	1	0
chr3.18993500.18994000	neg	1	1	0	1	1	0	0	1	0	1	0
chr3.21809000.21809500	neg	1	1	1	1	1	0	0	1	0	1	0
chr3.22325000.22325500	neg	0	1	0	1	1	0	1	1	0	1	0
chr3.22969500.22970000	neg	0	0	0	0	0	0	1	0	1	0	0
chr3.23471500.23472000	neg	1	1	0	1	1	0	0	1	1	0	0
chr3.24986000.24986500	neg	0	0	0	0	0	0	0	0	1	0	0
chr4.698000.698500	neg	0	0	0	0	0	0	1	0	0	0	0
chr4.2713000.2713500	neg	1	1	0	1	1	1	1	1	1	1	0
chr4.3657500.3658000	neg	1	1	1	0	1	0	1	0	0	1	0
chr4.5932500.5933000	neg	1	1	0	1	1	1	0	1	1	0	0
chr4.7672500.7673000	neg	0	1	0	1	1	0	1	1	0	0	1
chr4.7809500.7810000	neg	0	1	0	0	0	1	1	0	1	0	0
chr4.7810000.7810500	neg	0	1	0	0	1	1	1	0	0	0	1
chr4.7845000.7845500	neg	1	1	0	0	0	0	1	0	0	0	0
chr4.8179000.8179500	neg	0	1	0	1	1	1	1	1	0	0	0
chr4.12710000.12710500	neg	0	1	0	1	1	1	1	1	1	0	1
chr4.13397000.13397500	neg	0	1	1	1	1	1	1	1	0	0	1
chr4.14545000.14545500	neg	0	0	0	0	0	1	0	0	0	0	0
chr4.15866500.15867000	neg	1	1	1	1	1	1	1	1	1	1	0
chr4.16743500.16744000	neg	1	1	0	1	1	0	0	1	0	1	0
chr4.20005000.20005500	neg	1	1	1	1	0	1	1	1	1	0	0
chr4.20821500.20822000	neg	1	1	0	1	1	0	1	1	0	1	0
chr4.20955500.20956000	neg	0	0	1	0	0	0	1	0	0	1	0
chr4.22969500.22970000	neg	1	1	0	1	1	1	0	1	0	0	0
chr4.25338000.25338500	neg	0	1	0	1	1	1	1	1	1	0	0
chr4.26735000.26735500	neg	0	1	0	1	1	0	1	1	1	0	1
chr4.26792000.26792500	neg	0	0	0	0	0	0	1	0	1	0	0
chr4.26921000.26921500	neg	0	0	0	0	0	0	0	0	0	0	0
chr5.1125000.1125500	neg	0	1	1	1	1	1	1	1	1	1	0
chr5.1931500.1932000	neg	0	0	0	0	0	0	0	0	0	0	0
chr5.2021500.2022000	neg	0	1	1	0	0	0	1	0	1	1	0
chr5.3488000.3488500	neg	0	0	0	0	0	0	1	0	1	0	0
chr5.4584000.4584500	neg	0	0	0	0	0	0	0	0	0	0	0
chr5.4646500.4647000	neg	0	1	1	0	0	0	1	0	1	0	0
chr5.5725000.5725500	neg	0	1	0	1	0	0	1	0	1	0	1
chr5.7221000.7221500	neg	0	0	0	0	0	0	1	0	1	1	0
chr5.7469500.7470000	neg	1	1	1	1	1	1	0	1	0	0	1
chr5.9066500.9067000	neg	0	1	1	1	0	1	1	0	0	0	1
chr5.9151500.9152000	neg	0	1	0	1	1	1	1	0	0	0	1
chr5.9203000.9203500	neg	1	1	0	1	1	1	0	1	0	1	0
chr5.9599000.9599500	neg	0	0	0	0	0	0	1	0	0	1	0
chr5.10175500.10176000	neg	0	1	0	1	1	0	1	0	0	1	1
chr5.12468000.12468500	neg	1	0	0	0	1	1	0	0	0	0	0
chr5.12479500.12480000	neg	1	1	0	1	1	1	0	1	0	0	0
chr5.12965500.12966000	neg	0	0	1	0	0	0	1	0	1	1	0
chr5.14998500.14999000	neg	1	1	1	1	1	0	1	0	1	1	0
chr5.16815000.16815500	neg	0	0	1	0	0	0	1	0	1	1	0
chr5.17255500.17256000	neg	1	1	1	0	1	1	1	1	0	0	0
chr5.18985500.18986000	neg	1	1	0	1	1	1	1	0	0	0	1
chr5.19736500.19737000	neg	1	1	0	1	1	1	1	1	0	0	1
chr5.20123000.20123500	neg	1	1	0	1	1	1	0	1	0	0	1
chr5.20276000.20276500	neg	1	1	0	0	0	0	1	0	0	0	0
chr5.21285500.21286000	neg	0	1	0	0	0	0	1	0	1	1	0
chr5.22091000.22091500	neg	0	1	0	0	0	0	1	0	1	0	0
chr5.22719500.22720000	neg	0	0	0	0	0	0	1	0	1	0	0
chr6.72000.72500	neg	0	1	1	1	0	0	1	1	1	0	1
chr6.1335500.1336000	neg	0	0	0	0	0	0	1	0	1	0	0
chr6.2321000.2321500	neg	0	1	1	1	1	1	1	0	1	0	1
chr6.2606500.2607000	neg	1	1	1	0	0	0	1	1	0	1	0
chr6.2697000.2697500	neg	1	1	0	1	1	0	1	1	0	0	1
chr6.2823000.2823500	neg	0	1	0	1	1	0	1	1	1	0	1
chr6.3505000.3505500	neg	1	1	0	0	1	0	1	0	0	1	0
chr6.3516000.3516500	neg	1	1	1	0	1	0	0	0	0	1	0
chr6.3915500.3916000	neg	0	1	0	1	1	1	1	1	1	0	1
chr6.4057500.4058000	neg	1	1	0	1	1	1	0	1	0	1	0
chr6.6397000.6397500	neg	0	1	1	1	0	0	1	0	0	0	0
chr6.7476500.7477000	neg	0	1	0	1	1	0	0	1	0	1	0
chr6.8418500.8419000	neg	0	0	0	0	0	0	1	0	1	0	0
chr6.9736000.9736500	neg	0	1	0	1	0	0	1	0	1	0	1
chr6.9891500.9892000	neg	0	1	1	1	1	0	1	1	1	0	0
chr6.10356000.10356500	neg	0	1	1	0	0	0	1	0	1	0	0
chr6.10558000.10558500	neg	0	1	1	0	1	1	1	1	1	0	0
chr6.12474000.12474500	neg	0	1	1	1	0	1	1	0	1	0	0
chr6.13922000.13922500	neg	0	1	1	1	1	1	1	0	1	1	1
chr6.14735000.14735500	neg	0	1	0	1	0	0	0	1	1	0	0
chr6.18475000.18475500	neg	0	0	1	1	0	1	1	0	1	0	0
chr6.19666500.19667000	neg	1	1	0	1	1	0	1	1	0	1	0
chr6.22292500.22293000	neg	0	1	0	1	1	0	1	1	1	0	1
chr7.105000.105500	neg	0	1	1	1	0	0	1	1	1	0	1
chr7.3289500.3290000	neg	1	1	0	1	1	0	0	1	0	1	0
chr7.7785500.7786000	neg	0	1	0	1	1	0	1	1	0	1	0
chr7.8490500.8491000	neg	0	1	0	1	1	0	1	0	1	0	1
chr7.12840000.12840500	neg	0	0	0	0	0	0	1	0	1	0	0
chr7.13054000.13054500	neg	0	1	1	1	0	1	1	0	1	0	1
chr7.14043000.14043500	neg	1	1	0	1	1	1	0	1	0	0	1
chr7.19301000.19301500	neg	1	1	1	1	1	0	1	1	1	1	1
chr7.19457000.19457500	neg	0	0	0	1	0	0	1	0	1	0	1
chr7.19664500.19665000	neg	0	1	1	0	1	1	1	1	1	0	1
chr7.20202500.20203000	neg	0	1	0	1	1	1	1	1	1	0	1
chr7.20990000.20990500	neg	0	0	0	0	0	0	1	0	1	0	0
chr8.304500.305000	neg	0	0	1	1	0	0	1	0	1	0	0
chr8.381500.382000	neg	0	0	1	0	0	0	1	0	1	0	0
chr8.2576500.2577000	neg	0	0	0	0	0	0	1	0	1	0	0
chr8.3226500.3227000	neg	1	1	1	0	1	1	0	1	0	0	0
chr8.5787500.5788000	neg	0	1	1	0	0	1	1	0	1	1	0
chr8.5788000.5788500	neg	1	1	1	0	1	1	1	0	1	1	0
chr8.8229000.8229500	neg	0	0	0	0	0	0	1	0	1	0	0
chr8.8338500.8339000	neg	0	0	1	0	1	0	1	0	1	0	1
chr8.9566500.9567000	neg	0	0	0	0	0	0	1	0	1	0	0
chr8.10218500.10219000	neg	1	1	1	1	1	0	0	1	1	1	0
chr8.10310500.10311000	neg	1	1	0	1	1	1	0	1	0	1	0
chr8.10926500.10927000	neg	0	0	0	0	0	0	0	0	0	0	0
chr8.11544500.11545000	neg	0	0	0	0	0	0	1	0	1	0	0
chr8.13114000.13114500	neg	0	1	0	0	0	0	1	0	1	1	0
chr8.13559000.13559500	neg	0	1	1	1	1	1	1	1	1	0	1
chr8.15151500.15152000	neg	0	1	0	1	0	0	1	1	0	1	0
chr8.17684500.17685000	neg	0	0	0	1	0	0	0	1	0	0	1
chr8.18732500.18733000	neg	0	1	1	1	1	0	1	1	0	1	0
chr8.20232500.20233000	neg	0	1	0	0	0	0	1	0	0	1	0
chrU.2133000.2133500	neg	0	0	0	0	0	0	0	0	0	0	0
chrV.6210000.6210500	neg	0	0	0	0	0	0	1	0	1	0	0
unplaced-scaffold_010.17000.17500	neg	0	0	0	0	0	0	0	0	0	0	0
unplaced-scaffold_325.8000.8500	neg	0	0	0	0	0	0	0	0	0	0	0
unplaced-scaffold_380.15500.16000	neg	0	0	0	0	0	0	0	0	0	0	0
