peak	Class	H2Aub	H2AZ	H3	H3K4me1	H3K4me3	H3K9ac	H3K9me1	H3K14ac	H3K27me1	H3K27me3	H3K36me3
chr1.10789872.10789944	pos	0	0	0	1	0	0	1	0	1	0	0
chr1.15088745.15088898	pos	1	1	0	1	1	1	0	1	0	0	1
chr1.15313547.15314024	pos	0	0	0	0	0	0	1	0	1	0	0
chr1.21279161.21279394	pos	0	1	1	1	1	1	1	1	1	0	0
chr1.21633161.21633383	pos	0	1	0	1	0	0	1	0	1	0	0
chr1.22453457.22453608	pos	0	1	1	0	0	0	1	0	1	0	0
chr1.22684272.22684634	pos	0	1	1	0	0	0	1	0	1	0	0
chr1.25308183.25308281	pos	0	1	1	1	1	1	0	1	0	0	1
chr1.26741221.26741501	pos	0	0	1	1	0	1	0	0	0	0	1
chr1.27668428.27668605	pos	0	1	0	1	1	1	1	1	0	0	1
chr1.29420961.29421028	pos	1	1	0	1	1	1	1	1	0	1	0
chr2.773756.773985	pos	0	1	1	1	1	0	1	1	1	1	1
chr2.7745964.7746128	pos	1	1	1	1	1	0	1	0	0	1	0
chr2.16098411.16098574	pos	1	1	0	1	1	1	1	1	0	1	0
chr2.16101179.16101398	pos	1	1	0	0	1	0	0	0	0	1	0
chr2.16112719.16112813	pos	1	1	0	1	1	1	0	1	1	0	0
chr2.21239507.21239774	pos	0	1	0	0	0	0	1	0	1	0	0
chr2.23634061.23634244	pos	0	1	1	1	1	1	1	1	0	1	1
chr2.25330410.25330496	pos	1	1	1	1	1	0	0	1	0	1	0
chr2.25330625.25330788	pos	1	1	1	1	1	0	0	1	0	1	0
chr2.29425956.29426104	pos	0	0	1	0	0	0	1	0	1	0	0
chr3.2824636.2824931	pos	0	1	0	1	0	0	1	1	1	0	0
chr3.3434058.3434153	pos	0	1	0	1	1	1	1	1	1	1	0
chr3.14095967.14096056	pos	1	1	1	1	1	1	1	1	1	1	1
chr3.14290867.14291003	pos	0	1	0	1	0	0	0	1	0	0	1
chr3.23556484.23556648	pos	0	0	0	0	0	0	1	0	1	0	0
chr3.23961499.23961857	pos	0	0	0	0	0	0	1	0	1	0	0
chr3.24852349.24853734	pos	0	1	0	1	1	1	1	1	1	0	1
chr4.2511909.2512104	pos	0	0	0	0	0	0	1	0	1	0	0
chr4.6913933.6914067	pos	0	1	0	1	0	0	1	1	1	1	1
chr4.9493115.9493416	pos	0	1	0	1	1	0	0	1	0	1	0
chr4.11547098.11547169	pos	0	0	0	0	0	0	1	0	0	0	0
chr4.11549446.11549617	pos	0	1	1	0	0	1	1	0	0	0	0
chr4.20721393.20721600	pos	0	1	0	0	0	0	1	0	1	0	0
chr4.21784140.21784233	pos	0	1	1	1	1	0	1	0	1	0	1
chr4.24746817.24746894	pos	0	1	1	1	0	1	1	0	1	0	0
chr4.25485100.25485317	pos	0	1	1	1	1	0	1	1	0	1	0
chr5.3489335.3489584	pos	0	0	0	0	0	0	1	0	1	0	1
chr5.8850737.8851596	pos	0	1	1	1	1	1	1	1	1	0	1
chr5.12275341.12275875	pos	0	1	1	1	1	1	1	1	0	0	0
chr5.15225735.15225832	pos	0	0	0	0	0	1	1	0	0	0	0
chr5.15951843.15951910	pos	0	1	1	1	1	0	1	1	1	1	0
chr5.16847948.16848031	pos	0	0	0	0	0	0	1	0	1	0	0
chr5.17893921.17894234	pos	0	1	0	1	0	0	1	0	1	0	0
chr5.18748533.18748863	pos	0	1	0	1	1	0	0	1	1	1	0
chr5.20755297.20755715	pos	0	1	0	0	1	0	1	1	1	0	0
chr6.1700615.1700692	pos	0	1	0	1	1	0	0	1	0	0	1
chr6.7983207.7983426	pos	0	0	0	0	0	0	1	0	1	0	0
chr6.8603166.8603425	pos	0	1	1	1	0	0	1	1	1	0	0
chr6.15095777.15095866	pos	0	1	0	1	1	1	1	1	0	0	1
chr6.17409649.17409759	pos	0	1	0	0	1	0	1	0	1	0	0
chr6.19094139.19094364	pos	1	1	0	1	1	0	0	0	0	1	0
chr7.2583755.2583819	pos	0	0	1	1	0	0	0	0	0	0	1
chr7.2583978.2584048	pos	0	0	1	1	0	0	0	0	0	0	1
chr7.2585150.2585261	pos	0	0	1	0	0	1	0	0	0	0	1
chr7.2585522.2586455	pos	0	0	0	0	1	1	0	0	0	0	1
chr7.5586021.5586712	pos	0	0	0	0	0	0	0	0	0	1	0
chr7.6900541.6900709	pos	0	1	0	1	0	0	0	1	0	1	0
chr7.6901092.6901203	pos	0	1	0	1	0	0	0	1	0	1	0
chr7.6986567.6986682	pos	0	1	0	1	0	1	1	0	1	1	0
chr7.12176469.12176543	pos	0	1	1	0	0	0	1	0	1	0	0
chr7.12855390.12855484	pos	0	1	0	1	0	1	1	1	1	0	1
chr7.15009593.15009750	pos	0	0	0	0	0	0	1	0	1	0	0
chr7.17298582.17298661	pos	0	0	1	0	0	0	1	0	1	0	0
chr7.17299629.17299700	pos	0	0	1	0	0	0	1	0	1	0	0
chr8.1095384.1095529	pos	0	1	1	1	1	1	1	0	1	0	1
chr8.3493729.3493826	pos	0	1	1	0	0	1	1	0	0	0	0
chr8.11255350.11255548	pos	0	1	1	1	1	1	1	1	0	0	1
chr8.14081545.14081700	pos	1	1	0	0	1	0	0	1	0	1	0
chr8.16004952.16005089	pos	0	0	0	0	0	0	1	0	1	0	0
chr8.18067065.18067181	pos	0	1	0	0	1	1	0	0	0	0	0
chr1.2879000.2879500	neg	0	0	0	0	0	0	0	0	0	0	0
chr1.3057500.3058000	neg	0	0	0	0	0	0	0	0	0	0	0
chr1.4477000.4477500	neg	0	0	0	0	0	0	0	0	0	0	0
chr1.6942000.6942500	neg	0	0	0	0	0	0	0	0	0	0	0
chr1.7472000.7472500	neg	0	0	0	0	0	0	0	0	0	0	0
chr1.16678500.16679000	neg	0	0	0	0	0	0	0	0	0	0	0
chr1.20440000.20440500	neg	0	0	0	0	0	0	0	0	0	0	0
chr1.22231500.22232000	neg	0	0	0	0	0	0	0	0	0	0	0
chr1.26018500.26019000	neg	0	0	0	0	0	0	0	0	0	0	0
chr2.2861500.2862000	neg	0	0	0	0	0	0	0	0	0	0	0
chr2.3876500.3877000	neg	0	0	0	0	0	0	0	0	0	0	0
chr2.5719000.5719500	neg	0	0	0	0	0	0	0	0	0	0	0
chr2.6245000.6245500	neg	0	0	0	0	0	0	0	0	0	0	0
chr2.6904500.6905000	neg	0	0	0	0	0	0	0	0	0	0	0
chr2.8158500.8159000	neg	0	0	0	0	0	0	0	0	0	0	0
chr2.9236500.9237000	neg	0	0	0	0	0	0	0	0	0	0	0
chr2.9663500.9664000	neg	0	0	0	0	0	0	0	0	0	0	0
chr2.10240500.10241000	neg	0	0	0	0	0	0	0	0	0	0	0
chr2.16110500.16111000	neg	0	0	0	0	0	0	0	0	0	0	0
chr2.16212000.16212500	neg	0	0	0	0	0	0	0	0	0	0	0
chr2.16272000.16272500	neg	0	0	0	0	0	0	0	0	0	0	0
chr2.17240500.17241000	neg	0	0	0	0	0	0	0	0	0	0	0
chr2.25517500.25518000	neg	0	0	0	0	0	0	0	0	0	0	0
chr3.8157500.8158000	neg	0	0	0	0	0	0	0	0	0	0	0
chr3.10429000.10429500	neg	0	0	0	0	0	0	0	0	0	0	0
chr3.11480500.11481000	neg	0	0	0	0	0	0	0	0	0	0	0
chr3.12052500.12053000	neg	0	0	0	0	0	0	0	0	0	0	0
chr3.13127000.13127500	neg	0	0	0	0	0	0	0	0	0	0	0
chr3.14155500.14156000	neg	0	0	0	0	0	0	0	0	0	0	0
chr3.23471000.23471500	neg	0	0	0	0	0	0	0	0	0	0	0
chr3.26256000.26256500	neg	0	0	0	0	0	0	0	0	0	0	0
chr4.9745500.9746000	neg	0	0	0	0	0	0	0	0	0	0	0
chr4.11313000.11313500	neg	0	0	0	0	0	0	0	0	0	0	0
chr4.14073500.14074000	neg	0	0	0	0	0	0	0	0	0	0	0
chr4.19162500.19163000	neg	0	0	0	0	0	0	0	0	0	0	0
chr4.21430000.21430500	neg	0	0	0	0	0	0	0	0	0	0	0
chr4.25736500.25737000	neg	0	0	0	0	0	0	0	0	0	0	0
chr5.894500.895000	neg	0	0	0	0	0	0	0	0	0	0	0
chr5.2513000.2513500	neg	0	0	0	0	0	0	0	0	0	0	0
chr5.4996500.4997000	neg	0	0	0	0	0	0	0	0	0	0	0
chr5.9209000.9209500	neg	0	0	0	0	0	0	0	0	0	0	0
chr5.9661500.9662000	neg	0	0	0	0	0	0	0	0	0	0	0
chr5.10141500.10142000	neg	0	0	0	0	0	0	0	0	0	0	0
chr5.16929000.16929500	neg	0	0	0	0	0	0	0	0	0	0	0
chr5.18325000.18325500	neg	0	0	0	0	0	0	0	0	0	0	0
chr5.18774000.18774500	neg	0	0	0	0	0	0	0	0	0	0	0
chr5.20293500.20294000	neg	0	0	0	0	0	0	0	0	0	0	0
chr5.24676000.24676500	neg	0	0	0	0	0	0	0	0	0	0	0
chr5.25412000.25412500	neg	0	0	0	0	0	0	0	0	0	0	0
chr6.1995000.1995500	neg	0	0	0	0	0	0	0	0	0	0	0
chr6.2642000.2642500	neg	0	0	0	0	0	0	0	0	0	0	0
chr6.2743500.2744000	neg	0	0	0	0	0	0	0	0	0	0	0
chr6.4364000.4364500	neg	0	0	0	0	0	0	0	0	0	0	0
chr6.4787500.4788000	neg	0	0	0	0	0	0	0	0	0	0	0
chr6.8430000.8430500	neg	0	0	0	0	0	0	0	0	0	0	0
chr6.11339000.11339500	neg	0	0	0	0	0	0	0	0	0	0	0
chr6.15544000.15544500	neg	0	0	0	0	0	0	0	0	0	0	0
chr6.20524000.20524500	neg	0	0	0	0	0	0	0	0	0	0	0
chr7.2654500.2655000	neg	0	0	0	0	0	0	0	0	0	0	0
chr7.4959000.4959500	neg	0	0	0	0	0	0	0	0	0	0	0
chr7.7443000.7443500	neg	0	0	0	0	0	0	0	0	0	0	0
chr7.10464000.10464500	neg	0	0	0	0	0	0	0	0	0	0	0
chr7.11764000.11764500	neg	0	0	0	0	0	0	0	0	0	0	0
chr7.14417500.14418000	neg	0	0	0	0	0	0	0	0	0	0	0
chr7.17632000.17632500	neg	0	0	0	0	0	0	0	0	0	0	0
chr8.2102000.2102500	neg	0	0	0	0	0	0	0	0	0	0	0
chr8.2693500.2694000	neg	0	0	0	0	0	0	0	0	0	0	0
chr8.3924500.3925000	neg	0	0	0	0	0	0	0	0	0	0	0
chr8.8941000.8941500	neg	0	0	0	0	0	0	0	0	0	0	0
chrV.1734500.1735000	neg	0	0	0	0	0	0	0	0	0	0	0
unplaced-scaffold_385.2500.3000	neg	0	0	0	0	0	0	0	0	0	0	0
