peak	Class	H2Aub	H2AZ	H3	H3K4me1	H3K4me3	H3K9ac	H3K9me1	H3K14ac	H3K27me1	H3K27me3	H3K36me3
chr1.10789872.10789944	pos	0	0	0	1	0	0	1	0	1	0	0
chr1.15088745.15088898	pos	1	1	0	1	1	1	0	1	0	0	1
chr1.15313547.15314024	pos	0	0	0	0	0	0	1	0	1	0	0
chr1.21279161.21279394	pos	0	1	1	1	1	1	1	1	1	0	0
chr1.21633161.21633383	pos	0	1	0	1	0	0	1	0	1	0	0
chr1.22453457.22453608	pos	0	1	1	0	0	0	1	0	1	0	0
chr1.22684272.22684634	pos	0	1	1	0	0	0	1	0	1	0	0
chr1.25308183.25308281	pos	0	1	1	1	1	1	0	1	0	0	1
chr1.26741221.26741501	pos	0	0	1	1	0	1	0	0	0	0	1
chr1.27668428.27668605	pos	0	1	0	1	1	1	1	1	0	0	1
chr1.29420961.29421028	pos	1	1	0	1	1	1	1	1	0	1	0
chr2.773756.773985	pos	0	1	1	1	1	0	1	1	1	1	1
chr2.7745964.7746128	pos	1	1	1	1	1	0	1	0	0	1	0
chr2.16098411.16098574	pos	1	1	0	1	1	1	1	1	0	1	0
chr2.16101179.16101398	pos	1	1	0	0	1	0	0	0	0	1	0
chr2.16112719.16112813	pos	1	1	0	1	1	1	0	1	1	0	0
chr2.21239507.21239774	pos	0	1	0	0	0	0	1	0	1	0	0
chr2.23634061.23634244	pos	0	1	1	1	1	1	1	1	0	1	1
chr2.25330410.25330496	pos	1	1	1	1	1	0	0	1	0	1	0
chr2.25330625.25330788	pos	1	1	1	1	1	0	0	1	0	1	0
chr2.29425956.29426104	pos	0	0	1	0	0	0	1	0	1	0	0
chr3.2824636.2824931	pos	0	1	0	1	0	0	1	1	1	0	0
chr3.3434058.3434153	pos	0	1	0	1	1	1	1	1	1	1	0
chr3.14095967.14096056	pos	1	1	1	1	1	1	1	1	1	1	1
chr3.14290867.14291003	pos	0	1	0	1	0	0	0	1	0	0	1
chr3.23556484.23556648	pos	0	0	0	0	0	0	1	0	1	0	0
chr3.23961499.23961857	pos	0	0	0	0	0	0	1	0	1	0	0
chr3.24852349.24853734	pos	0	1	0	1	1	1	1	1	1	0	1
chr4.2511909.2512104	pos	0	0	0	0	0	0	1	0	1	0	0
chr4.6913933.6914067	pos	0	1	0	1	0	0	1	1	1	1	1
chr4.9493115.9493416	pos	0	1	0	1	1	0	0	1	0	1	0
chr4.11547098.11547169	pos	0	0	0	0	0	0	1	0	0	0	0
chr4.11549446.11549617	pos	0	1	1	0	0	1	1	0	0	0	0
chr4.20721393.20721600	pos	0	1	0	0	0	0	1	0	1	0	0
chr4.21784140.21784233	pos	0	1	1	1	1	0	1	0	1	0	1
chr4.24746817.24746894	pos	0	1	1	1	0	1	1	0	1	0	0
chr4.25485100.25485317	pos	0	1	1	1	1	0	1	1	0	1	0
chr5.3489335.3489584	pos	0	0	0	0	0	0	1	0	1	0	1
chr5.8850737.8851596	pos	0	1	1	1	1	1	1	1	1	0	1
chr5.12275341.12275875	pos	0	1	1	1	1	1	1	1	0	0	0
chr5.15225735.15225832	pos	0	0	0	0	0	1	1	0	0	0	0
chr5.15951843.15951910	pos	0	1	1	1	1	0	1	1	1	1	0
chr5.16847948.16848031	pos	0	0	0	0	0	0	1	0	1	0	0
chr5.17893921.17894234	pos	0	1	0	1	0	0	1	0	1	0	0
chr5.18748533.18748863	pos	0	1	0	1	1	0	0	1	1	1	0
chr5.20755297.20755715	pos	0	1	0	0	1	0	1	1	1	0	0
chr6.1700615.1700692	pos	0	1	0	1	1	0	0	1	0	0	1
chr6.7983207.7983426	pos	0	0	0	0	0	0	1	0	1	0	0
chr6.8603166.8603425	pos	0	1	1	1	0	0	1	1	1	0	0
chr6.15095777.15095866	pos	0	1	0	1	1	1	1	1	0	0	1
chr6.17409649.17409759	pos	0	1	0	0	1	0	1	0	1	0	0
chr6.19094139.19094364	pos	1	1	0	1	1	0	0	0	0	1	0
chr7.2583755.2583819	pos	0	0	1	1	0	0	0	0	0	0	1
chr7.2583978.2584048	pos	0	0	1	1	0	0	0	0	0	0	1
chr7.2585150.2585261	pos	0	0	1	0	0	1	0	0	0	0	1
chr7.2585522.2586455	pos	0	0	0	0	1	1	0	0	0	0	1
chr7.5586021.5586712	pos	0	0	0	0	0	0	0	0	0	1	0
chr7.6900541.6900709	pos	0	1	0	1	0	0	0	1	0	1	0
chr7.6901092.6901203	pos	0	1	0	1	0	0	0	1	0	1	0
chr7.6986567.6986682	pos	0	1	0	1	0	1	1	0	1	1	0
chr7.12176469.12176543	pos	0	1	1	0	0	0	1	0	1	0	0
chr7.12855390.12855484	pos	0	1	0	1	0	1	1	1	1	0	1
chr7.15009593.15009750	pos	0	0	0	0	0	0	1	0	1	0	0
chr7.17298582.17298661	pos	0	0	1	0	0	0	1	0	1	0	0
chr7.17299629.17299700	pos	0	0	1	0	0	0	1	0	1	0	0
chr8.1095384.1095529	pos	0	1	1	1	1	1	1	0	1	0	1
chr8.3493729.3493826	pos	0	1	1	0	0	1	1	0	0	0	0
chr8.11255350.11255548	pos	0	1	1	1	1	1	1	1	0	0	1
chr8.14081545.14081700	pos	1	1	0	0	1	0	0	1	0	1	0
chr8.16004952.16005089	pos	0	0	0	0	0	0	1	0	1	0	0
chr8.18067065.18067181	pos	0	1	0	0	1	1	0	0	0	0	0
chr1.59000.59500	neg	0	0	0	0	0	0	0	0	0	0	0
chr1.2405000.2405500	neg	0	0	0	0	0	0	0	0	0	0	0
chr1.3595500.3596000	neg	0	0	0	0	0	0	0	0	0	0	0
chr1.7253500.7254000	neg	0	0	0	0	0	0	0	0	0	0	0
chr1.8752000.8752500	neg	0	0	0	0	0	0	0	0	0	0	0
chr1.10566500.10567000	neg	0	0	0	0	0	0	0	0	0	0	0
chr1.14484500.14485000	neg	0	0	0	0	0	0	0	0	0	0	0
chr1.17721500.17722000	neg	0	0	0	0	0	0	0	0	0	0	0
chr1.19190500.19191000	neg	0	0	0	0	0	0	0	0	0	0	0
chr1.20095500.20096000	neg	0	0	0	0	0	0	0	0	0	0	0
chr1.22151000.22151500	neg	0	0	0	0	0	0	0	0	0	0	0
chr1.26059000.26059500	neg	0	0	0	0	0	0	0	0	0	0	0
chr1.29632500.29633000	neg	0	0	0	0	0	0	0	0	0	0	0
chr2.7394000.7394500	neg	0	0	0	0	0	0	0	0	0	0	0
chr2.10366500.10367000	neg	0	0	0	0	0	0	0	0	0	0	0
chr2.11640000.11640500	neg	0	0	0	0	0	0	0	0	0	0	0
chr2.15794500.15795000	neg	0	0	0	0	0	0	0	0	0	0	0
chr2.16036000.16036500	neg	0	0	0	0	0	0	0	0	0	0	0
chr2.16707500.16708000	neg	0	0	0	0	0	0	0	0	0	0	0
chr2.21649500.21650000	neg	0	0	0	0	0	0	0	0	0	0	0
chr2.23777500.23778000	neg	0	0	0	0	0	0	0	0	0	0	0
chr2.27110500.27111000	neg	0	0	0	0	0	0	0	0	0	0	0
chr3.3733000.3733500	neg	0	0	0	0	0	0	0	0	0	0	0
chr3.4170500.4171000	neg	0	0	0	0	0	0	0	0	0	0	0
chr3.4558500.4559000	neg	0	0	0	0	0	0	0	0	0	0	0
chr3.4888000.4888500	neg	0	0	0	0	0	0	0	0	0	0	0
chr3.9038000.9038500	neg	0	0	0	0	0	0	0	0	0	0	0
chr3.18993500.18994000	neg	0	0	0	0	0	0	0	0	0	0	0
chr3.24986000.24986500	neg	0	0	0	0	0	0	0	0	0	0	0
chr4.2713000.2713500	neg	0	0	0	0	0	0	0	0	0	0	0
chr4.5932500.5933000	neg	0	0	0	0	0	0	0	0	0	0	0
chr4.7672500.7673000	neg	0	0	0	0	0	0	0	0	0	0	0
chr4.7845000.7845500	neg	0	0	0	0	0	0	0	0	0	0	0
chr4.16743500.16744000	neg	0	0	0	0	0	0	0	0	0	0	0
chr4.20005000.20005500	neg	0	0	0	0	0	0	0	0	0	0	0
chr4.20821500.20822000	neg	0	0	0	0	0	0	0	0	0	0	0
chr4.26921000.26921500	neg	0	0	0	0	0	0	0	0	0	0	0
chr5.1125000.1125500	neg	0	0	0	0	0	0	0	0	0	0	0
chr5.2021500.2022000	neg	0	0	0	0	0	0	0	0	0	0	0
chr5.7221000.7221500	neg	0	0	0	0	0	0	0	0	0	0	0
chr5.9066500.9067000	neg	0	0	0	0	0	0	0	0	0	0	0
chr5.10175500.10176000	neg	0	0	0	0	0	0	0	0	0	0	0
chr5.12468000.12468500	neg	0	0	0	0	0	0	0	0	0	0	0
chr5.12479500.12480000	neg	0	0	0	0	0	0	0	0	0	0	0
chr5.17255500.17256000	neg	0	0	0	0	0	0	0	0	0	0	0
chr5.20276000.20276500	neg	0	0	0	0	0	0	0	0	0	0	0
chr5.21285500.21286000	neg	0	0	0	0	0	0	0	0	0	0	0
chr5.22719500.22720000	neg	0	0	0	0	0	0	0	0	0	0	0
chr6.72000.72500	neg	0	0	0	0	0	0	0	0	0	0	0
chr6.2321000.2321500	neg	0	0	0	0	0	0	0	0	0	0	0
chr6.3915500.3916000	neg	0	0	0	0	0	0	0	0	0	0	0
chr6.7476500.7477000	neg	0	0	0	0	0	0	0	0	0	0	0
chr6.8418500.8419000	neg	0	0	0	0	0	0	0	0	0	0	0
chr6.9736000.9736500	neg	0	0	0	0	0	0	0	0	0	0	0
chr6.9891500.9892000	neg	0	0	0	0	0	0	0	0	0	0	0
chr6.10356000.10356500	neg	0	0	0	0	0	0	0	0	0	0	0
chr6.10558000.10558500	neg	0	0	0	0	0	0	0	0	0	0	0
chr6.22292500.22293000	neg	0	0	0	0	0	0	0	0	0	0	0
chr7.105000.105500	neg	0	0	0	0	0	0	0	0	0	0	0
chr7.3289500.3290000	neg	0	0	0	0	0	0	0	0	0	0	0
chr7.13054000.13054500	neg	0	0	0	0	0	0	0	0	0	0	0
chr7.19457000.19457500	neg	0	0	0	0	0	0	0	0	0	0	0
chr7.20990000.20990500	neg	0	0	0	0	0	0	0	0	0	0	0
chr8.304500.305000	neg	0	0	0	0	0	0	0	0	0	0	0
chr8.9566500.9567000	neg	0	0	0	0	0	0	0	0	0	0	0
chr8.10218500.10219000	neg	0	0	0	0	0	0	0	0	0	0	0
chr8.10310500.10311000	neg	0	0	0	0	0	0	0	0	0	0	0
chr8.11544500.11545000	neg	0	0	0	0	0	0	0	0	0	0	0
chr8.13114000.13114500	neg	0	0	0	0	0	0	0	0	0	0	0
chr8.15151500.15152000	neg	0	0	0	0	0	0	0	0	0	0	0
chr8.20232500.20233000	neg	0	0	0	0	0	0	0	0	0	0	0
