peak	Class	H2Aub	H2AZ	H3	H3K4me1	H3K4me3	H3K9ac	H3K9me1	H3K14ac	H3K27me1	H3K27me3	H3K36me3
chr1.10789872.10789944	pos	0	0	0	1	0	0	1	0	1	0	0
chr1.15088745.15088898	pos	1	1	0	1	1	1	0	1	0	0	1
chr1.15313547.15314024	pos	0	0	0	0	0	0	1	0	1	0	0
chr1.21279161.21279394	pos	0	1	1	1	1	1	1	1	1	0	0
chr1.21633161.21633383	pos	0	1	0	1	0	0	1	0	1	0	0
chr1.22453457.22453608	pos	0	1	1	0	0	0	1	0	1	0	0
chr1.22684272.22684634	pos	0	1	1	0	0	0	1	0	1	0	0
chr1.25308183.25308281	pos	0	1	1	1	1	1	0	1	0	0	1
chr1.26741221.26741501	pos	0	0	1	1	0	1	0	0	0	0	1
chr1.27668428.27668605	pos	0	1	0	1	1	1	1	1	0	0	1
chr1.29420961.29421028	pos	1	1	0	1	1	1	1	1	0	1	0
chr2.773756.773985	pos	0	1	1	1	1	0	1	1	1	1	1
chr2.7745964.7746128	pos	1	1	1	1	1	0	1	0	0	1	0
chr2.16098411.16098574	pos	1	1	0	1	1	1	1	1	0	1	0
chr2.16101179.16101398	pos	1	1	0	0	1	0	0	0	0	1	0
chr2.16112719.16112813	pos	1	1	0	1	1	1	0	1	1	0	0
chr2.21239507.21239774	pos	0	1	0	0	0	0	1	0	1	0	0
chr2.23634061.23634244	pos	0	1	1	1	1	1	1	1	0	1	1
chr2.25330410.25330496	pos	1	1	1	1	1	0	0	1	0	1	0
chr2.25330625.25330788	pos	1	1	1	1	1	0	0	1	0	1	0
chr2.29425956.29426104	pos	0	0	1	0	0	0	1	0	1	0	0
chr3.2824636.2824931	pos	0	1	0	1	0	0	1	1	1	0	0
chr3.3434058.3434153	pos	0	1	0	1	1	1	1	1	1	1	0
chr3.14095967.14096056	pos	1	1	1	1	1	1	1	1	1	1	1
chr3.14290867.14291003	pos	0	1	0	1	0	0	0	1	0	0	1
chr3.23556484.23556648	pos	0	0	0	0	0	0	1	0	1	0	0
chr3.23961499.23961857	pos	0	0	0	0	0	0	1	0	1	0	0
chr3.24852349.24853734	pos	0	1	0	1	1	1	1	1	1	0	1
chr4.2511909.2512104	pos	0	0	0	0	0	0	1	0	1	0	0
chr4.6913933.6914067	pos	0	1	0	1	0	0	1	1	1	1	1
chr4.9493115.9493416	pos	0	1	0	1	1	0	0	1	0	1	0
chr4.11547098.11547169	pos	0	0	0	0	0	0	1	0	0	0	0
chr4.11549446.11549617	pos	0	1	1	0	0	1	1	0	0	0	0
chr4.20721393.20721600	pos	0	1	0	0	0	0	1	0	1	0	0
chr4.21784140.21784233	pos	0	1	1	1	1	0	1	0	1	0	1
chr4.24746817.24746894	pos	0	1	1	1	0	1	1	0	1	0	0
chr4.25485100.25485317	pos	0	1	1	1	1	0	1	1	0	1	0
chr5.3489335.3489584	pos	0	0	0	0	0	0	1	0	1	0	1
chr5.8850737.8851596	pos	0	1	1	1	1	1	1	1	1	0	1
chr5.12275341.12275875	pos	0	1	1	1	1	1	1	1	0	0	0
chr5.15225735.15225832	pos	0	0	0	0	0	1	1	0	0	0	0
chr5.15951843.15951910	pos	0	1	1	1	1	0	1	1	1	1	0
chr5.16847948.16848031	pos	0	0	0	0	0	0	1	0	1	0	0
chr5.17893921.17894234	pos	0	1	0	1	0	0	1	0	1	0	0
chr5.18748533.18748863	pos	0	1	0	1	1	0	0	1	1	1	0
chr5.20755297.20755715	pos	0	1	0	0	1	0	1	1	1	0	0
chr6.1700615.1700692	pos	0	1	0	1	1	0	0	1	0	0	1
chr6.7983207.7983426	pos	0	0	0	0	0	0	1	0	1	0	0
chr6.8603166.8603425	pos	0	1	1	1	0	0	1	1	1	0	0
chr6.15095777.15095866	pos	0	1	0	1	1	1	1	1	0	0	1
chr6.17409649.17409759	pos	0	1	0	0	1	0	1	0	1	0	0
chr6.19094139.19094364	pos	1	1	0	1	1	0	0	0	0	1	0
chr7.2583755.2583819	pos	0	0	1	1	0	0	0	0	0	0	1
chr7.2583978.2584048	pos	0	0	1	1	0	0	0	0	0	0	1
chr7.2585150.2585261	pos	0	0	1	0	0	1	0	0	0	0	1
chr7.2585522.2586455	pos	0	0	0	0	1	1	0	0	0	0	1
chr7.5586021.5586712	pos	0	0	0	0	0	0	0	0	0	1	0
chr7.6900541.6900709	pos	0	1	0	1	0	0	0	1	0	1	0
chr7.6901092.6901203	pos	0	1	0	1	0	0	0	1	0	1	0
chr7.6986567.6986682	pos	0	1	0	1	0	1	1	0	1	1	0
chr7.12176469.12176543	pos	0	1	1	0	0	0	1	0	1	0	0
chr7.12855390.12855484	pos	0	1	0	1	0	1	1	1	1	0	1
chr7.15009593.15009750	pos	0	0	0	0	0	0	1	0	1	0	0
chr7.17298582.17298661	pos	0	0	1	0	0	0	1	0	1	0	0
chr7.17299629.17299700	pos	0	0	1	0	0	0	1	0	1	0	0
chr8.1095384.1095529	pos	0	1	1	1	1	1	1	0	1	0	1
chr8.3493729.3493826	pos	0	1	1	0	0	1	1	0	0	0	0
chr8.11255350.11255548	pos	0	1	1	1	1	1	1	1	0	0	1
chr8.14081545.14081700	pos	1	1	0	0	1	0	0	1	0	1	0
chr8.16004952.16005089	pos	0	0	0	0	0	0	1	0	1	0	0
chr8.18067065.18067181	pos	0	1	0	0	1	1	0	0	0	0	0
chr1.530500.531000	neg	0	0	0	0	0	0	0	0	0	0	0
chr1.3422000.3422500	neg	0	0	0	0	0	0	0	0	0	0	0
chr1.5254500.5255000	neg	0	0	0	0	0	0	0	0	0	0	0
chr1.7179500.7180000	neg	0	0	0	0	0	0	0	0	0	0	0
chr1.7422000.7422500	neg	0	0	0	0	0	0	0	0	0	0	0
chr1.13693500.13694000	neg	0	0	0	0	0	0	0	0	0	0	0
chr1.24071000.24071500	neg	0	0	0	0	0	0	0	0	0	0	0
chr1.28512000.28512500	neg	0	0	0	0	0	0	0	0	0	0	0
chr1.30163000.30163500	neg	0	0	0	0	0	0	0	0	0	0	0
chr2.3776000.3776500	neg	0	0	0	0	0	0	0	0	0	0	0
chr2.6356500.6357000	neg	0	0	0	0	0	0	0	0	0	0	0
chr2.9993000.9993500	neg	0	0	0	0	0	0	0	0	0	0	0
chr2.10322000.10322500	neg	0	0	0	0	0	0	0	0	0	0	0
chr2.11222500.11223000	neg	0	0	0	0	0	0	0	0	0	0	0
chr3.4020500.4021000	neg	0	0	0	0	0	0	0	0	0	0	0
chr3.4432000.4432500	neg	0	0	0	0	0	0	0	0	0	0	0
chr3.9618500.9619000	neg	0	0	0	0	0	0	0	0	0	0	0
chr3.10635500.10636000	neg	0	0	0	0	0	0	0	0	0	0	0
chr3.11839000.11839500	neg	0	0	0	0	0	0	0	0	0	0	0
chr3.13740000.13740500	neg	0	0	0	0	0	0	0	0	0	0	0
chr3.23521500.23522000	neg	0	0	0	0	0	0	0	0	0	0	0
chr3.24238500.24239000	neg	0	0	0	0	0	0	0	0	0	0	0
chr3.24251000.24251500	neg	0	0	0	0	0	0	0	0	0	0	0
chr4.3141000.3141500	neg	0	0	0	0	0	0	0	0	0	0	0
chr4.4059500.4060000	neg	0	0	0	0	0	0	0	0	0	0	0
chr4.4787000.4787500	neg	0	0	0	0	0	0	0	0	0	0	0
chr4.6320500.6321000	neg	0	0	0	0	0	0	0	0	0	0	0
chr4.6604000.6604500	neg	0	0	0	0	0	0	0	0	0	0	0
chr4.8834500.8835000	neg	0	0	0	0	0	0	0	0	0	0	0
chr4.14058000.14058500	neg	0	0	0	0	0	0	0	0	0	0	0
chr4.15759500.15760000	neg	0	0	0	0	0	0	0	0	0	0	0
chr4.15760500.15761000	neg	0	0	0	0	0	0	0	0	0	0	0
chr4.16476500.16477000	neg	0	0	0	0	0	0	0	0	0	0	0
chr4.16586500.16587000	neg	0	0	0	0	0	0	0	0	0	0	0
chr4.24830500.24831000	neg	0	0	0	0	0	0	0	0	0	0	0
chr4.26496000.26496500	neg	0	0	0	0	0	0	0	0	0	0	0
chr5.2979000.2979500	neg	0	0	0	0	0	0	0	0	0	0	0
chr5.7098500.7099000	neg	0	0	0	0	0	0	0	0	0	0	0
chr5.10329500.10330000	neg	0	0	0	0	0	0	0	0	0	0	0
chr5.14176500.14177000	neg	0	0	0	0	0	0	0	0	0	0	0
chr5.16914000.16914500	neg	0	0	0	0	0	0	0	0	0	0	0
chr5.25826500.25827000	neg	0	0	0	0	0	0	0	0	0	0	0
chr6.1957000.1957500	neg	0	0	0	0	0	0	0	0	0	0	0
chr6.2075000.2075500	neg	0	0	0	0	0	0	0	0	0	0	0
chr6.7089500.7090000	neg	0	0	0	0	0	0	0	0	0	0	0
chr6.10486500.10487000	neg	0	0	0	0	0	0	0	0	0	0	0
chr6.10623000.10623500	neg	0	0	0	0	0	0	0	0	0	0	0
chr6.15035000.15035500	neg	0	0	0	0	0	0	0	0	0	0	0
chr6.15481000.15481500	neg	0	0	0	0	0	0	0	0	0	0	0
chr6.17179500.17180000	neg	0	0	0	0	0	0	0	0	0	0	0
chr6.21062500.21063000	neg	0	0	0	0	0	0	0	0	0	0	0
chr6.21934500.21935000	neg	0	0	0	0	0	0	0	0	0	0	0
chr7.5390500.5391000	neg	0	0	0	0	0	0	0	0	0	0	0
chr7.5493500.5494000	neg	0	0	0	0	0	0	0	0	0	0	0
chr7.5494000.5494500	neg	0	0	0	0	0	0	0	0	0	0	0
chr7.6368500.6369000	neg	0	0	0	0	0	0	0	0	0	0	0
chr7.13653500.13654000	neg	0	0	0	0	0	0	0	0	0	0	0
chr7.19300500.19301000	neg	0	0	0	0	0	0	0	0	0	0	0
chr7.21402000.21402500	neg	0	0	0	0	0	0	0	0	0	0	0
chr8.1085000.1085500	neg	0	0	0	0	0	0	0	0	0	0	0
chr8.3288000.3288500	neg	0	0	0	0	0	0	0	0	0	0	0
chr8.5228500.5229000	neg	0	0	0	0	0	0	0	0	0	0	0
chr8.6328500.6329000	neg	0	0	0	0	0	0	0	0	0	0	0
chr8.7225500.7226000	neg	0	0	0	0	0	0	0	0	0	0	0
chr8.8934500.8935000	neg	0	0	0	0	0	0	0	0	0	0	0
chr8.10707000.10707500	neg	0	0	0	0	0	0	0	0	0	0	0
chr8.11068500.11069000	neg	0	0	0	0	0	0	0	0	0	0	0
chr8.11959000.11959500	neg	0	0	0	0	0	0	0	0	0	0	0
chr8.16891000.16891500	neg	0	0	0	0	0	0	0	0	0	0	0
chr8.17647500.17648000	neg	0	0	0	0	0	0	0	0	0	0	0
chrV.7161500.7162000	neg	0	0	0	0	0	0	0	0	0	0	0
