peak	Class	H2Aub	H2AZ	H3	H3K4me1	H3K4me3	H3K9ac	H3K9me1	H3K14ac	H3K27me1	H3K27me3	H3K36me3
chr1.10789872.10789944	pos	0	0	0	1	0	0	1	0	1	0	0
chr1.15088745.15088898	pos	1	1	0	1	1	1	0	1	0	0	1
chr1.15313547.15314024	pos	0	0	0	0	0	0	1	0	1	0	0
chr1.21279161.21279394	pos	0	1	1	1	1	1	1	1	1	0	0
chr1.21633161.21633383	pos	0	1	0	1	0	0	1	0	1	0	0
chr1.22453457.22453608	pos	0	1	1	0	0	0	1	0	1	0	0
chr1.22684272.22684634	pos	0	1	1	0	0	0	1	0	1	0	0
chr1.25308183.25308281	pos	0	1	1	1	1	1	0	1	0	0	1
chr1.26741221.26741501	pos	0	0	1	1	0	1	0	0	0	0	1
chr1.27668428.27668605	pos	0	1	0	1	1	1	1	1	0	0	1
chr1.29420961.29421028	pos	1	1	0	1	1	1	1	1	0	1	0
chr2.773756.773985	pos	0	1	1	1	1	0	1	1	1	1	1
chr2.7745964.7746128	pos	1	1	1	1	1	0	1	0	0	1	0
chr2.16098411.16098574	pos	1	1	0	1	1	1	1	1	0	1	0
chr2.16101179.16101398	pos	1	1	0	0	1	0	0	0	0	1	0
chr2.16112719.16112813	pos	1	1	0	1	1	1	0	1	1	0	0
chr2.21239507.21239774	pos	0	1	0	0	0	0	1	0	1	0	0
chr2.23634061.23634244	pos	0	1	1	1	1	1	1	1	0	1	1
chr2.25330410.25330496	pos	1	1	1	1	1	0	0	1	0	1	0
chr2.25330625.25330788	pos	1	1	1	1	1	0	0	1	0	1	0
chr2.29425956.29426104	pos	0	0	1	0	0	0	1	0	1	0	0
chr3.2824636.2824931	pos	0	1	0	1	0	0	1	1	1	0	0
chr3.3434058.3434153	pos	0	1	0	1	1	1	1	1	1	1	0
chr3.14095967.14096056	pos	1	1	1	1	1	1	1	1	1	1	1
chr3.14290867.14291003	pos	0	1	0	1	0	0	0	1	0	0	1
chr3.23556484.23556648	pos	0	0	0	0	0	0	1	0	1	0	0
chr3.23961499.23961857	pos	0	0	0	0	0	0	1	0	1	0	0
chr3.24852349.24853734	pos	0	1	0	1	1	1	1	1	1	0	1
chr4.2511909.2512104	pos	0	0	0	0	0	0	1	0	1	0	0
chr4.6913933.6914067	pos	0	1	0	1	0	0	1	1	1	1	1
chr4.9493115.9493416	pos	0	1	0	1	1	0	0	1	0	1	0
chr4.11547098.11547169	pos	0	0	0	0	0	0	1	0	0	0	0
chr4.11549446.11549617	pos	0	1	1	0	0	1	1	0	0	0	0
chr4.20721393.20721600	pos	0	1	0	0	0	0	1	0	1	0	0
chr4.21784140.21784233	pos	0	1	1	1	1	0	1	0	1	0	1
chr4.24746817.24746894	pos	0	1	1	1	0	1	1	0	1	0	0
chr4.25485100.25485317	pos	0	1	1	1	1	0	1	1	0	1	0
chr5.3489335.3489584	pos	0	0	0	0	0	0	1	0	1	0	1
chr5.8850737.8851596	pos	0	1	1	1	1	1	1	1	1	0	1
chr5.12275341.12275875	pos	0	1	1	1	1	1	1	1	0	0	0
chr5.15225735.15225832	pos	0	0	0	0	0	1	1	0	0	0	0
chr5.15951843.15951910	pos	0	1	1	1	1	0	1	1	1	1	0
chr5.16847948.16848031	pos	0	0	0	0	0	0	1	0	1	0	0
chr5.17893921.17894234	pos	0	1	0	1	0	0	1	0	1	0	0
chr5.18748533.18748863	pos	0	1	0	1	1	0	0	1	1	1	0
chr5.20755297.20755715	pos	0	1	0	0	1	0	1	1	1	0	0
chr6.1700615.1700692	pos	0	1	0	1	1	0	0	1	0	0	1
chr6.7983207.7983426	pos	0	0	0	0	0	0	1	0	1	0	0
chr6.8603166.8603425	pos	0	1	1	1	0	0	1	1	1	0	0
chr6.15095777.15095866	pos	0	1	0	1	1	1	1	1	0	0	1
chr6.17409649.17409759	pos	0	1	0	0	1	0	1	0	1	0	0
chr6.19094139.19094364	pos	1	1	0	1	1	0	0	0	0	1	0
chr7.2583755.2583819	pos	0	0	1	1	0	0	0	0	0	0	1
chr7.2583978.2584048	pos	0	0	1	1	0	0	0	0	0	0	1
chr7.2585150.2585261	pos	0	0	1	0	0	1	0	0	0	0	1
chr7.2585522.2586455	pos	0	0	0	0	1	1	0	0	0	0	1
chr7.5586021.5586712	pos	0	0	0	0	0	0	0	0	0	1	0
chr7.6900541.6900709	pos	0	1	0	1	0	0	0	1	0	1	0
chr7.6901092.6901203	pos	0	1	0	1	0	0	0	1	0	1	0
chr7.6986567.6986682	pos	0	1	0	1	0	1	1	0	1	1	0
chr7.12176469.12176543	pos	0	1	1	0	0	0	1	0	1	0	0
chr7.12855390.12855484	pos	0	1	0	1	0	1	1	1	1	0	1
chr7.15009593.15009750	pos	0	0	0	0	0	0	1	0	1	0	0
chr7.17298582.17298661	pos	0	0	1	0	0	0	1	0	1	0	0
chr7.17299629.17299700	pos	0	0	1	0	0	0	1	0	1	0	0
chr8.1095384.1095529	pos	0	1	1	1	1	1	1	0	1	0	1
chr8.3493729.3493826	pos	0	1	1	0	0	1	1	0	0	0	0
chr8.11255350.11255548	pos	0	1	1	1	1	1	1	1	0	0	1
chr8.14081545.14081700	pos	1	1	0	0	1	0	0	1	0	1	0
chr8.16004952.16005089	pos	0	0	0	0	0	0	1	0	1	0	0
chr8.18067065.18067181	pos	0	1	0	0	1	1	0	0	0	0	0
chr1.71500.72000	neg	0	0	0	0	0	0	0	0	0	0	0
chr1.1849500.1850000	neg	0	0	0	0	0	0	0	0	0	0	0
chr1.4138000.4138500	neg	0	0	0	0	0	0	0	0	0	0	0
chr1.6293500.6294000	neg	0	0	0	0	0	0	0	0	0	0	0
chr1.11282500.11283000	neg	0	0	0	0	0	0	0	0	0	0	0
chr1.11701500.11702000	neg	0	0	0	0	0	0	0	0	0	0	0
chr1.13275500.13276000	neg	0	0	0	0	0	0	0	0	0	0	0
chr1.15936500.15937000	neg	0	0	0	0	0	0	0	0	0	0	0
chr1.20565000.20565500	neg	0	0	0	0	0	0	0	0	0	0	0
chr1.21176500.21177000	neg	0	0	0	0	0	0	0	0	0	0	0
chr1.29356000.29356500	neg	0	0	0	0	0	0	0	0	0	0	0
chr2.6765500.6766000	neg	0	0	0	0	0	0	0	0	0	0	0
chr2.7697500.7698000	neg	0	0	0	0	0	0	0	0	0	0	0
chr2.9801000.9801500	neg	0	0	0	0	0	0	0	0	0	0	0
chr2.11228000.11228500	neg	0	0	0	0	0	0	0	0	0	0	0
chr2.18945000.18945500	neg	0	0	0	0	0	0	0	0	0	0	0
chr2.23714000.23714500	neg	0	0	0	0	0	0	0	0	0	0	0
chr3.973500.974000	neg	0	0	0	0	0	0	0	0	0	0	0
chr3.3434500.3435000	neg	0	0	0	0	0	0	0	0	0	0	0
chr3.5936000.5936500	neg	0	0	0	0	0	0	0	0	0	0	0
chr3.7764500.7765000	neg	0	0	0	0	0	0	0	0	0	0	0
chr3.14547500.14548000	neg	0	0	0	0	0	0	0	0	0	0	0
chr3.18901500.18902000	neg	0	0	0	0	0	0	0	0	0	0	0
chr3.20207000.20207500	neg	0	0	0	0	0	0	0	0	0	0	0
chr3.20470000.20470500	neg	0	0	0	0	0	0	0	0	0	0	0
chr3.23390000.23390500	neg	0	0	0	0	0	0	0	0	0	0	0
chr3.23463000.23463500	neg	0	0	0	0	0	0	0	0	0	0	0
chr3.27119500.27120000	neg	0	0	0	0	0	0	0	0	0	0	0
chr4.1571000.1571500	neg	0	0	0	0	0	0	0	0	0	0	0
chr4.1833500.1834000	neg	0	0	0	0	0	0	0	0	0	0	0
chr4.3064500.3065000	neg	0	0	0	0	0	0	0	0	0	0	0
chr4.6775500.6776000	neg	0	0	0	0	0	0	0	0	0	0	0
chr4.12275000.12275500	neg	0	0	0	0	0	0	0	0	0	0	0
chr4.12503500.12504000	neg	0	0	0	0	0	0	0	0	0	0	0
chr4.13704000.13704500	neg	0	0	0	0	0	0	0	0	0	0	0
chr4.19676000.19676500	neg	0	0	0	0	0	0	0	0	0	0	0
chr4.25338000.25338500	neg	0	0	0	0	0	0	0	0	0	0	0
chr4.25495500.25496000	neg	0	0	0	0	0	0	0	0	0	0	0
chr5.1030000.1030500	neg	0	0	0	0	0	0	0	0	0	0	0
chr5.1244000.1244500	neg	0	0	0	0	0	0	0	0	0	0	0
chr5.2634000.2634500	neg	0	0	0	0	0	0	0	0	0	0	0
chr5.5705000.5705500	neg	0	0	0	0	0	0	0	0	0	0	0
chr5.6151500.6152000	neg	0	0	0	0	0	0	0	0	0	0	0
chr5.8282500.8283000	neg	0	0	0	0	0	0	0	0	0	0	0
chr5.8351000.8351500	neg	0	0	0	0	0	0	0	0	0	0	0
chr5.11506500.11507000	neg	0	0	0	0	0	0	0	0	0	0	0
chr5.12899000.12899500	neg	0	0	0	0	0	0	0	0	0	0	0
chr5.17290000.17290500	neg	0	0	0	0	0	0	0	0	0	0	0
chr5.17445000.17445500	neg	0	0	0	0	0	0	0	0	0	0	0
chr5.19062500.19063000	neg	0	0	0	0	0	0	0	0	0	0	0
chr5.21800000.21800500	neg	0	0	0	0	0	0	0	0	0	0	0
chr5.25532500.25533000	neg	0	0	0	0	0	0	0	0	0	0	0
chr5.26450500.26451000	neg	0	0	0	0	0	0	0	0	0	0	0
chr6.15565000.15565500	neg	0	0	0	0	0	0	0	0	0	0	0
chr6.20910500.20911000	neg	0	0	0	0	0	0	0	0	0	0	0
chr6.23658500.23659000	neg	0	0	0	0	0	0	0	0	0	0	0
chr7.6834000.6834500	neg	0	0	0	0	0	0	0	0	0	0	0
chr7.11203000.11203500	neg	0	0	0	0	0	0	0	0	0	0	0
chr7.11425500.11426000	neg	0	0	0	0	0	0	0	0	0	0	0
chr7.13187500.13188000	neg	0	0	0	0	0	0	0	0	0	0	0
chr7.16386000.16386500	neg	0	0	0	0	0	0	0	0	0	0	0
chr7.20334500.20335000	neg	0	0	0	0	0	0	0	0	0	0	0
chr8.6050500.6051000	neg	0	0	0	0	0	0	0	0	0	0	0
chr8.8590500.8591000	neg	0	0	0	0	0	0	0	0	0	0	0
chr8.11682500.11683000	neg	0	0	0	0	0	0	0	0	0	0	0
chr8.17924500.17925000	neg	0	0	0	0	0	0	0	0	0	0	0
chr8.19458000.19458500	neg	0	0	0	0	0	0	0	0	0	0	0
chrU.1494000.1494500	neg	0	0	0	0	0	0	0	0	0	0	0
chrV.2149500.2150000	neg	0	0	0	0	0	0	0	0	0	0	0
unplaced-scaffold_032.4000.4500	neg	0	0	0	0	0	0	0	0	0	0	0
unplaced-scaffold_198.7500.8000	neg	0	0	0	0	0	0	0	0	0	0	0
