peak	Class	H2Aub	H2AZ	H3	H3K4me1	H3K4me3	H3K9ac	H3K9me1	H3K14ac	H3K27me1	H3K27me3	H3K36me3
chr1.598704.599125	pos	1	1	0	1	1	1	0	1	0	0	0
chr1.997748.997982	pos	0	0	1	0	0	1	0	0	0	0	0
chr1.2376415.2376542	pos	1	1	0	0	1	1	0	1	0	0	1
chr1.6324720.6325022	pos	1	1	0	1	1	1	0	1	0	0	0
chr1.7064820.7065319	pos	1	0	0	0	1	1	0	0	0	0	1
chr1.8290917.8291030	pos	0	1	0	1	1	1	0	0	0	0	1
chr1.8304585.8304794	pos	0	0	1	1	1	1	0	1	0	0	1
chr1.9510583.9510697	pos	1	1	0	1	1	1	1	1	1	1	0
chr1.14512932.14513116	pos	1	1	1	1	1	1	0	1	0	0	1
chr1.16418431.16418769	pos	0	1	1	1	1	1	1	1	1	1	1
chr1.16697612.16698016	pos	1	0	0	0	0	1	0	0	0	0	1
chr1.20306471.20307126	pos	0	1	0	1	1	1	0	1	0	0	1
chr1.22547463.22547723	pos	1	0	0	1	1	1	0	0	0	0	1
chr1.23134941.23135589	pos	1	0	0	0	1	1	0	0	0	0	1
chr1.23404620.23404987	pos	0	0	0	1	0	0	0	1	0	0	1
chr1.26373221.26373328	pos	0	1	0	1	1	0	0	1	0	0	1
chr1.28009432.28010622	pos	1	0	0	0	0	1	0	0	0	0	0
chr1.28805660.28806228	pos	1	0	0	0	1	1	0	0	0	0	1
chr2.3652.4557	pos	0	1	1	1	1	1	0	1	0	1	1
chr2.625787.626472	pos	0	0	0	0	1	1	0	0	0	0	1
chr2.4528885.4529039	pos	0	0	1	1	0	0	0	0	0	0	1
chr2.6186388.6187275	pos	0	0	0	0	0	1	0	0	0	0	0
chr2.6788002.6788160	pos	0	1	0	0	1	1	0	0	0	1	1
chr2.12082096.12082667	pos	1	0	0	0	1	1	0	0	0	0	1
chr2.18198955.18199090	pos	1	1	0	1	1	1	0	1	0	0	1
chr2.21871754.21872014	pos	1	1	0	1	1	0	0	1	1	0	0
chr2.25456220.25456444	pos	1	0	1	0	1	1	0	1	0	0	0
chr3.517582.518069	pos	0	0	1	0	0	0	1	0	1	0	0
chr3.6628115.6628341	pos	1	1	1	1	1	1	1	1	0	1	0
chr3.8056442.8056625	pos	0	1	1	1	1	1	1	1	1	0	1
chr3.10821204.10821498	pos	0	0	0	0	0	1	0	0	0	0	0
chr3.13558069.13558228	pos	1	1	1	1	1	0	1	1	0	1	0
chr3.16029040.16029426	pos	0	0	1	0	0	1	0	0	0	0	0
chr3.16335382.16335847	pos	1	0	0	0	1	1	0	0	0	0	1
chr3.17788346.17788713	pos	1	1	1	1	1	1	0	1	0	0	0
chr3.24598532.24598697	pos	0	1	1	1	1	1	1	0	0	1	0
chr3.27102055.27102205	pos	0	0	1	0	0	0	0	0	0	1	0
chr3.27116535.27116973	pos	0	0	1	1	0	1	0	0	0	1	0
chr4.1240048.1240179	pos	1	1	1	1	1	1	0	1	0	0	1
chr4.4534445.4534586	pos	0	1	1	1	1	1	1	1	1	1	1
chr4.7949866.7950335	pos	1	1	0	1	1	1	0	1	0	0	1
chr4.14419305.14419681	pos	1	1	0	0	1	1	0	1	0	0	1
chr4.25402177.25402324	pos	1	0	0	0	0	1	0	0	0	0	0
chr5.26074.26492	pos	1	1	1	1	1	1	1	1	1	1	0
chr5.525003.525168	pos	1	1	1	1	1	1	0	1	0	1	0
chr5.1040200.1040399	pos	1	1	0	1	1	0	1	0	0	1	0
chr5.6172536.6172667	pos	0	1	1	1	1	1	1	1	1	1	0
chr5.9488983.9489091	pos	1	1	0	0	1	1	0	0	0	1	0
chr5.9929367.9929767	pos	0	0	0	0	0	0	1	0	1	0	0
chr5.12944424.12944589	pos	1	1	0	1	1	1	0	1	0	1	0
chr5.13433513.13433687	pos	1	1	0	0	1	0	0	0	0	1	0
chr5.13639015.13639115	pos	1	1	0	1	0	1	1	1	0	1	0
chr5.23584468.23584650	pos	0	1	1	1	1	1	1	1	0	1	1
chr5.24990599.24991648	pos	1	1	0	1	1	1	0	1	1	0	1
chr6.6022945.6023477	pos	0	1	1	1	1	1	1	0	1	1	1
chr6.8993856.8994281	pos	0	1	1	1	1	1	1	1	1	1	1
chr6.9818371.9819011	pos	0	1	0	1	1	1	0	1	0	0	1
chr6.10348938.10349169	pos	1	1	0	1	0	1	1	1	1	0	0
chr6.11243964.11244148	pos	1	1	0	1	1	1	0	1	0	0	0
chr6.15390403.15390579	pos	1	1	0	0	1	1	0	1	0	0	1
chr6.15502448.15502602	pos	0	1	1	0	0	1	0	1	0	0	0
chr6.16822128.16822446	pos	1	1	0	0	1	1	0	1	0	0	1
chr6.16822587.16822827	pos	1	1	1	0	1	1	0	1	0	0	1
chr6.20807107.20807805	pos	1	0	0	0	1	1	0	0	0	0	1
chr7.980063.980492	pos	1	1	0	1	1	1	0	1	1	0	1
chr7.1080523.1080787	pos	1	1	0	0	0	1	0	0	0	0	0
chr7.6837669.6837856	pos	0	0	0	0	0	0	1	0	1	0	0
chr7.8370788.8370962	pos	1	0	0	0	0	1	0	0	0	0	0
chr7.9467610.9467893	pos	0	0	0	0	0	1	0	1	0	0	0
chr7.11918012.11918255	pos	1	1	0	0	0	1	0	1	0	0	0
chr7.12442741.12442946	pos	1	1	0	0	1	1	0	0	0	0	0
chr7.14313709.14313861	pos	0	1	1	1	1	1	1	1	0	0	1
chr7.17922257.17922708	pos	1	0	0	0	1	1	0	0	0	0	0
chr7.19738883.19738987	pos	1	1	0	0	1	1	0	0	0	1	0
chr7.20403243.20403373	pos	1	1	0	0	1	1	0	0	0	0	0
chr7.21422743.21422924	pos	1	1	0	0	1	1	0	1	0	0	0
chr8.1793687.1793868	pos	1	1	0	0	1	1	0	0	0	0	0
chr8.1892534.1892675	pos	1	1	0	1	1	1	0	1	0	0	1
chr8.2876088.2876935	pos	1	1	0	0	1	1	0	0	0	0	0
chr8.13798323.13798469	pos	0	1	0	0	1	1	0	1	0	1	0
chr8.14932423.14932617	pos	1	1	1	1	1	0	0	1	0	1	0
chr8.16139110.16139421	pos	0	0	1	0	0	1	1	0	0	0	0
chrU.1724913.1725098	pos	0	0	0	0	0	0	0	0	0	0	0
unplaced-scaffold_330.130.540	pos	0	0	1	1	0	1	0	1	0	1	0
unplaced-scaffold_330.3107.4395	pos	1	1	1	1	1	1	1	1	1	1	1
chr1.7301500.7302000	neg	0	0	0	0	0	0	1	0	1	0	0
chr1.7893000.7893500	neg	1	0	0	0	0	0	0	1	0	0	0
chr1.10441000.10441500	neg	0	1	0	1	1	1	1	1	1	0	1
chr1.12282500.12283000	neg	0	0	1	0	0	0	1	0	1	0	0
chr1.15666500.15667000	neg	1	1	0	1	1	0	0	1	0	1	0
chr1.17346000.17346500	neg	1	1	0	0	1	1	1	1	1	0	1
chr1.18590000.18590500	neg	0	1	1	1	1	1	1	1	1	0	0
chr1.22080500.22081000	neg	0	1	1	1	0	0	1	0	1	0	0
chr1.28456000.28456500	neg	0	1	0	1	1	0	1	0	0	1	1
chr1.28557000.28557500	neg	0	1	0	0	1	0	0	0	0	1	0
chr2.875000.875500	neg	0	1	1	1	1	0	1	1	1	1	0
chr2.3151000.3151500	neg	0	1	0	1	0	1	1	1	1	0	0
chr2.3232000.3232500	neg	0	1	0	1	1	1	1	0	1	0	1
chr2.6564500.6565000	neg	1	1	0	1	1	1	0	1	0	0	1
chr2.7810500.7811000	neg	0	1	0	1	1	1	1	1	0	1	0
chr2.10941000.10941500	neg	0	0	0	0	0	0	1	0	1	0	0
chr2.20955000.20955500	neg	1	1	0	1	1	0	0	0	0	1	0
chr2.21292000.21292500	neg	1	1	1	1	1	1	0	1	0	1	1
chr2.23352500.23353000	neg	1	1	0	1	1	1	0	1	0	0	1
chr2.24535500.24536000	neg	0	0	0	0	0	0	0	0	0	0	0
chr2.27166500.27167000	neg	0	0	1	0	0	1	1	0	1	1	0
chr2.27971500.27972000	neg	0	1	1	1	1	1	1	1	0	0	1
chr3.2295500.2296000	neg	1	1	1	1	1	1	0	1	0	1	1
chr3.2754500.2755000	neg	0	0	0	0	0	1	1	0	1	0	0
chr3.9176500.9177000	neg	1	1	0	1	1	0	0	1	0	1	0
chr3.9821500.9822000	neg	1	1	0	1	1	1	1	1	1	1	0
chr3.11060500.11061000	neg	1	1	0	1	1	1	1	1	0	0	1
chr3.13937500.13938000	neg	0	1	0	1	1	1	1	1	0	0	1
chr3.15924500.15925000	neg	0	1	1	1	1	1	1	1	1	1	0
chr3.18220000.18220500	neg	0	0	1	0	0	0	1	0	1	0	0
chr3.19164500.19165000	neg	1	1	0	1	1	0	0	1	1	0	0
chr3.27139000.27139500	neg	0	0	0	0	0	0	0	0	0	0	0
chr4.698000.698500	neg	0	0	0	0	0	0	1	0	0	0	0
chr4.9718500.9719000	neg	0	0	0	0	0	0	1	0	1	0	0
chr4.11808500.11809000	neg	1	1	0	1	1	0	0	1	0	1	0
chr4.16686000.16686500	neg	1	1	0	1	1	0	1	1	0	1	0
chr4.17189500.17190000	neg	0	0	0	1	0	0	1	0	1	1	0
chr4.17951500.17952000	neg	1	1	0	1	1	0	0	0	0	1	0
chr4.22874500.22875000	neg	1	1	1	1	1	1	1	1	0	1	0
chr4.25058500.25059000	neg	0	0	0	0	0	0	1	0	1	1	0
chr4.25131500.25132000	neg	0	1	1	0	1	1	1	0	1	0	0
chr4.25573500.25574000	neg	1	1	1	0	1	0	1	0	0	1	0
chr4.26155500.26156000	neg	1	1	0	1	1	0	1	1	1	1	0
chr5.3410000.3410500	neg	1	1	0	1	0	0	1	0	0	1	0
chr5.3464500.3465000	neg	0	0	0	0	0	1	1	0	1	0	0
chr5.4489500.4490000	neg	1	1	1	1	1	0	0	1	0	1	0
chr5.6406000.6406500	neg	0	1	0	1	0	0	1	0	0	1	1
chr5.8027500.8028000	neg	1	1	0	1	1	0	0	1	0	1	0
chr5.8033500.8034000	neg	1	1	0	1	1	0	0	1	1	1	0
chr5.10247500.10248000	neg	1	1	0	1	1	1	0	1	1	1	0
chr5.14888000.14888500	neg	0	1	0	1	1	0	0	1	0	1	0
chr5.15130000.15130500	neg	0	1	0	0	1	1	1	0	0	1	0
chr5.26002000.26002500	neg	0	1	0	1	1	1	1	1	1	0	1
chr6.105000.105500	neg	0	0	0	0	0	0	1	0	1	0	0
chr6.1878000.1878500	neg	0	0	0	0	0	0	1	0	1	0	0
chr6.3272500.3273000	neg	0	1	0	1	1	1	1	1	0	0	1
chr6.9044000.9044500	neg	0	1	0	1	1	1	1	1	1	1	1
chr6.9810500.9811000	neg	0	0	1	0	0	0	1	0	0	0	0
chr6.10390500.10391000	neg	0	1	0	1	0	0	1	1	1	0	0
chr6.11210000.11210500	neg	0	0	1	1	0	0	1	0	1	0	0
chr6.14243000.14243500	neg	1	1	0	1	0	0	1	1	1	0	0
chr6.14866000.14866500	neg	1	1	0	1	1	0	1	1	0	1	0
chr6.20341000.20341500	neg	0	1	0	1	0	1	1	0	1	0	1
chr6.21472000.21472500	neg	0	1	0	1	1	0	1	1	0	1	0
chr7.1732000.1732500	neg	0	0	0	0	0	0	0	0	0	1	0
chr7.4095500.4096000	neg	1	1	1	0	1	1	1	0	0	0	0
chr7.7670000.7670500	neg	0	1	1	0	0	1	1	0	1	0	0
chr7.8829000.8829500	neg	0	0	0	0	0	0	1	0	1	0	0
chr7.8922500.8923000	neg	0	1	1	1	0	1	1	0	1	0	1
chr7.9167000.9167500	neg	0	0	0	0	0	0	0	0	0	1	0
chr7.10351000.10351500	neg	0	1	0	1	1	1	1	1	1	0	0
chr7.13054500.13055000	neg	0	0	1	0	0	0	1	0	1	0	0
chr7.13654500.13655000	neg	0	1	0	1	1	1	1	1	1	0	1
chr7.13883000.13883500	neg	1	1	0	0	1	1	1	0	0	0	0
chr7.15657000.15657500	neg	0	1	0	1	1	1	1	1	1	0	1
chr7.15687500.15688000	neg	1	1	0	1	0	0	1	1	1	0	0
chr7.16799500.16800000	neg	0	1	0	1	1	0	0	1	0	1	0
chr7.20774500.20775000	neg	0	1	0	1	1	1	1	1	0	0	1
chr7.20938000.20938500	neg	0	0	1	0	0	0	1	0	1	1	0
chr8.2310500.2311000	neg	1	1	0	1	1	1	0	1	0	0	0
chr8.4729500.4730000	neg	0	1	0	1	0	0	1	1	0	1	0
chr8.16109000.16109500	neg	0	0	0	1	0	0	1	0	1	0	0
chr8.18266000.18266500	neg	0	1	0	1	1	1	1	1	0	0	1
chrV.7388500.7389000	neg	0	0	0	0	0	0	0	0	0	0	0
unplaced-scaffold_274.5500.6000	neg	0	0	0	0	0	0	0	0	0	0	0
