peak	Class	H2Aub	H2AZ	H3	H3K4me1	H3K4me3	H3K9ac	H3K9me1	H3K14ac	H3K27me1	H3K27me3	H3K36me3
chr1.598704.599125	pos	1	1	0	1	1	1	0	1	0	0	0
chr1.997748.997982	pos	0	0	1	0	0	1	0	0	0	0	0
chr1.2376415.2376542	pos	1	1	0	0	1	1	0	1	0	0	1
chr1.6324720.6325022	pos	1	1	0	1	1	1	0	1	0	0	0
chr1.7064820.7065319	pos	1	0	0	0	1	1	0	0	0	0	1
chr1.8290917.8291030	pos	0	1	0	1	1	1	0	0	0	0	1
chr1.8304585.8304794	pos	0	0	1	1	1	1	0	1	0	0	1
chr1.9510583.9510697	pos	1	1	0	1	1	1	1	1	1	1	0
chr1.14512932.14513116	pos	1	1	1	1	1	1	0	1	0	0	1
chr1.16418431.16418769	pos	0	1	1	1	1	1	1	1	1	1	1
chr1.16697612.16698016	pos	1	0	0	0	0	1	0	0	0	0	1
chr1.20306471.20307126	pos	0	1	0	1	1	1	0	1	0	0	1
chr1.22547463.22547723	pos	1	0	0	1	1	1	0	0	0	0	1
chr1.23134941.23135589	pos	1	0	0	0	1	1	0	0	0	0	1
chr1.23404620.23404987	pos	0	0	0	1	0	0	0	1	0	0	1
chr1.26373221.26373328	pos	0	1	0	1	1	0	0	1	0	0	1
chr1.28009432.28010622	pos	1	0	0	0	0	1	0	0	0	0	0
chr1.28805660.28806228	pos	1	0	0	0	1	1	0	0	0	0	1
chr2.3652.4557	pos	0	1	1	1	1	1	0	1	0	1	1
chr2.625787.626472	pos	0	0	0	0	1	1	0	0	0	0	1
chr2.4528885.4529039	pos	0	0	1	1	0	0	0	0	0	0	1
chr2.6186388.6187275	pos	0	0	0	0	0	1	0	0	0	0	0
chr2.6788002.6788160	pos	0	1	0	0	1	1	0	0	0	1	1
chr2.12082096.12082667	pos	1	0	0	0	1	1	0	0	0	0	1
chr2.18198955.18199090	pos	1	1	0	1	1	1	0	1	0	0	1
chr2.21871754.21872014	pos	1	1	0	1	1	0	0	1	1	0	0
chr2.25456220.25456444	pos	1	0	1	0	1	1	0	1	0	0	0
chr3.517582.518069	pos	0	0	1	0	0	0	1	0	1	0	0
chr3.6628115.6628341	pos	1	1	1	1	1	1	1	1	0	1	0
chr3.8056442.8056625	pos	0	1	1	1	1	1	1	1	1	0	1
chr3.10821204.10821498	pos	0	0	0	0	0	1	0	0	0	0	0
chr3.13558069.13558228	pos	1	1	1	1	1	0	1	1	0	1	0
chr3.16029040.16029426	pos	0	0	1	0	0	1	0	0	0	0	0
chr3.16335382.16335847	pos	1	0	0	0	1	1	0	0	0	0	1
chr3.17788346.17788713	pos	1	1	1	1	1	1	0	1	0	0	0
chr3.24598532.24598697	pos	0	1	1	1	1	1	1	0	0	1	0
chr3.27102055.27102205	pos	0	0	1	0	0	0	0	0	0	1	0
chr3.27116535.27116973	pos	0	0	1	1	0	1	0	0	0	1	0
chr4.1240048.1240179	pos	1	1	1	1	1	1	0	1	0	0	1
chr4.4534445.4534586	pos	0	1	1	1	1	1	1	1	1	1	1
chr4.7949866.7950335	pos	1	1	0	1	1	1	0	1	0	0	1
chr4.14419305.14419681	pos	1	1	0	0	1	1	0	1	0	0	1
chr4.25402177.25402324	pos	1	0	0	0	0	1	0	0	0	0	0
chr5.26074.26492	pos	1	1	1	1	1	1	1	1	1	1	0
chr5.525003.525168	pos	1	1	1	1	1	1	0	1	0	1	0
chr5.1040200.1040399	pos	1	1	0	1	1	0	1	0	0	1	0
chr5.6172536.6172667	pos	0	1	1	1	1	1	1	1	1	1	0
chr5.9488983.9489091	pos	1	1	0	0	1	1	0	0	0	1	0
chr5.9929367.9929767	pos	0	0	0	0	0	0	1	0	1	0	0
chr5.12944424.12944589	pos	1	1	0	1	1	1	0	1	0	1	0
chr5.13433513.13433687	pos	1	1	0	0	1	0	0	0	0	1	0
chr5.13639015.13639115	pos	1	1	0	1	0	1	1	1	0	1	0
chr5.23584468.23584650	pos	0	1	1	1	1	1	1	1	0	1	1
chr5.24990599.24991648	pos	1	1	0	1	1	1	0	1	1	0	1
chr6.6022945.6023477	pos	0	1	1	1	1	1	1	0	1	1	1
chr6.8993856.8994281	pos	0	1	1	1	1	1	1	1	1	1	1
chr6.9818371.9819011	pos	0	1	0	1	1	1	0	1	0	0	1
chr6.10348938.10349169	pos	1	1	0	1	0	1	1	1	1	0	0
chr6.11243964.11244148	pos	1	1	0	1	1	1	0	1	0	0	0
chr6.15390403.15390579	pos	1	1	0	0	1	1	0	1	0	0	1
chr6.15502448.15502602	pos	0	1	1	0	0	1	0	1	0	0	0
chr6.16822128.16822446	pos	1	1	0	0	1	1	0	1	0	0	1
chr6.16822587.16822827	pos	1	1	1	0	1	1	0	1	0	0	1
chr6.20807107.20807805	pos	1	0	0	0	1	1	0	0	0	0	1
chr7.980063.980492	pos	1	1	0	1	1	1	0	1	1	0	1
chr7.1080523.1080787	pos	1	1	0	0	0	1	0	0	0	0	0
chr7.6837669.6837856	pos	0	0	0	0	0	0	1	0	1	0	0
chr7.8370788.8370962	pos	1	0	0	0	0	1	0	0	0	0	0
chr7.9467610.9467893	pos	0	0	0	0	0	1	0	1	0	0	0
chr7.11918012.11918255	pos	1	1	0	0	0	1	0	1	0	0	0
chr7.12442741.12442946	pos	1	1	0	0	1	1	0	0	0	0	0
chr7.14313709.14313861	pos	0	1	1	1	1	1	1	1	0	0	1
chr7.17922257.17922708	pos	1	0	0	0	1	1	0	0	0	0	0
chr7.19738883.19738987	pos	1	1	0	0	1	1	0	0	0	1	0
chr7.20403243.20403373	pos	1	1	0	0	1	1	0	0	0	0	0
chr7.21422743.21422924	pos	1	1	0	0	1	1	0	1	0	0	0
chr8.1793687.1793868	pos	1	1	0	0	1	1	0	0	0	0	0
chr8.1892534.1892675	pos	1	1	0	1	1	1	0	1	0	0	1
chr8.2876088.2876935	pos	1	1	0	0	1	1	0	0	0	0	0
chr8.13798323.13798469	pos	0	1	0	0	1	1	0	1	0	1	0
chr8.14932423.14932617	pos	1	1	1	1	1	0	0	1	0	1	0
chr8.16139110.16139421	pos	0	0	1	0	0	1	1	0	0	0	0
chrU.1724913.1725098	pos	0	0	0	0	0	0	0	0	0	0	0
unplaced-scaffold_330.130.540	pos	0	0	1	1	0	1	0	1	0	1	0
unplaced-scaffold_330.3107.4395	pos	1	1	1	1	1	1	1	1	1	1	1
chr1.59000.59500	neg	0	0	0	0	0	0	0	0	0	0	0
chr1.2405000.2405500	neg	0	0	1	0	0	0	1	0	1	0	0
chr1.3595500.3596000	neg	0	0	0	0	0	0	1	0	1	0	0
chr1.7253500.7254000	neg	0	0	1	1	0	0	1	0	1	0	0
chr1.8752000.8752500	neg	0	0	0	0	0	1	1	0	1	0	0
chr1.8833000.8833500	neg	0	1	0	1	1	1	0	1	0	0	1
chr1.10566500.10567000	neg	0	1	1	1	1	1	1	1	1	0	1
chr1.14484500.14485000	neg	0	0	0	0	0	0	1	0	1	0	0
chr1.16778000.16778500	neg	0	1	1	0	0	0	1	0	1	0	1
chr1.17721500.17722000	neg	0	0	1	0	0	0	1	0	1	0	0
chr1.19190500.19191000	neg	0	0	0	0	0	0	1	0	1	0	0
chr1.20095500.20096000	neg	0	0	0	0	0	0	1	0	1	0	0
chr1.22151000.22151500	neg	0	0	0	0	0	0	1	0	1	0	0
chr1.23118500.23119000	neg	0	1	1	1	1	1	1	1	1	0	1
chr1.26059000.26059500	neg	0	1	0	1	1	0	1	1	1	0	1
chr1.29632500.29633000	neg	0	0	1	0	0	0	1	0	1	0	1
chr2.3915000.3915500	neg	1	1	0	1	1	0	0	1	0	1	0
chr2.7394000.7394500	neg	0	1	1	1	1	1	1	1	1	0	1
chr2.10366500.10367000	neg	1	1	1	1	1	1	1	1	0	0	1
chr2.11640000.11640500	neg	0	0	0	0	0	0	0	0	0	0	0
chr2.15794500.15795000	neg	0	0	0	0	0	0	1	0	0	1	0
chr2.16036000.16036500	neg	1	1	0	1	1	0	0	0	0	1	0
chr2.16707500.16708000	neg	0	0	1	0	0	0	1	0	1	0	0
chr2.21150500.21151000	neg	0	1	1	1	0	0	1	1	0	0	0
chr2.21649500.21650000	neg	0	1	1	1	1	1	1	0	0	0	1
chr2.23777500.23778000	neg	1	1	0	0	1	0	0	0	0	1	0
chr2.27110500.27111000	neg	1	1	0	1	1	0	1	1	0	1	0
chr3.3733000.3733500	neg	0	1	0	0	0	1	1	1	0	0	1
chr3.4170500.4171000	neg	0	1	1	1	1	1	1	1	1	0	1
chr3.4558500.4559000	neg	1	1	0	1	1	1	1	1	1	1	0
chr3.4888000.4888500	neg	0	1	0	1	1	1	1	1	0	1	1
chr3.9038000.9038500	neg	0	0	0	0	0	0	0	1	0	1	0
chr3.18993500.18994000	neg	1	1	0	1	1	0	0	1	0	1	0
chr3.24986000.24986500	neg	0	0	0	0	0	0	0	0	1	0	0
chr4.2713000.2713500	neg	1	1	0	1	1	1	1	1	1	1	0
chr4.5932500.5933000	neg	1	1	0	1	1	1	0	1	1	0	0
chr4.7672500.7673000	neg	0	1	0	1	1	0	1	1	0	0	1
chr4.7845000.7845500	neg	1	1	0	0	0	0	1	0	0	0	0
chr4.16743500.16744000	neg	1	1	0	1	1	0	0	1	0	1	0
chr4.20005000.20005500	neg	1	1	1	1	0	1	1	1	1	0	0
chr4.20821500.20822000	neg	1	1	0	1	1	0	1	1	0	1	0
chr4.20955500.20956000	neg	0	0	1	0	0	0	1	0	0	1	0
chr4.26921000.26921500	neg	0	0	0	0	0	0	0	0	0	0	0
chr5.1125000.1125500	neg	0	1	1	1	1	1	1	1	1	1	0
chr5.2021500.2022000	neg	0	1	1	0	0	0	1	0	1	1	0
chr5.3488000.3488500	neg	0	0	0	0	0	0	1	0	1	0	0
chr5.7221000.7221500	neg	0	0	0	0	0	0	1	0	1	1	0
chr5.9066500.9067000	neg	0	1	1	1	0	1	1	0	0	0	1
chr5.10175500.10176000	neg	0	1	0	1	1	0	1	0	0	1	1
chr5.12468000.12468500	neg	1	0	0	0	1	1	0	0	0	0	0
chr5.12479500.12480000	neg	1	1	0	1	1	1	0	1	0	0	0
chr5.17255500.17256000	neg	1	1	1	0	1	1	1	1	0	0	0
chr5.18985500.18986000	neg	1	1	0	1	1	1	1	0	0	0	1
chr5.20276000.20276500	neg	1	1	0	0	0	0	1	0	0	0	0
chr5.21285500.21286000	neg	0	1	0	0	0	0	1	0	1	1	0
chr5.22091000.22091500	neg	0	1	0	0	0	0	1	0	1	0	0
chr5.22719500.22720000	neg	0	0	0	0	0	0	1	0	1	0	0
chr6.72000.72500	neg	0	1	1	1	0	0	1	1	1	0	1
chr6.2321000.2321500	neg	0	1	1	1	1	1	1	0	1	0	1
chr6.3915500.3916000	neg	0	1	0	1	1	1	1	1	1	0	1
chr6.7476500.7477000	neg	0	1	0	1	1	0	0	1	0	1	0
chr6.8418500.8419000	neg	0	0	0	0	0	0	1	0	1	0	0
chr6.9736000.9736500	neg	0	1	0	1	0	0	1	0	1	0	1
chr6.9891500.9892000	neg	0	1	1	1	1	0	1	1	1	0	0
chr6.10356000.10356500	neg	0	1	1	0	0	0	1	0	1	0	0
chr6.10558000.10558500	neg	0	1	1	0	1	1	1	1	1	0	0
chr6.14735000.14735500	neg	0	1	0	1	0	0	0	1	1	0	0
chr6.22292500.22293000	neg	0	1	0	1	1	0	1	1	1	0	1
chr7.105000.105500	neg	0	1	1	1	0	0	1	1	1	0	1
chr7.3289500.3290000	neg	1	1	0	1	1	0	0	1	0	1	0
chr7.13054000.13054500	neg	0	1	1	1	0	1	1	0	1	0	1
chr7.19457000.19457500	neg	0	0	0	1	0	0	1	0	1	0	1
chr7.20202500.20203000	neg	0	1	0	1	1	1	1	1	1	0	1
chr7.20990000.20990500	neg	0	0	0	0	0	0	1	0	1	0	0
chr8.304500.305000	neg	0	0	1	1	0	0	1	0	1	0	0
chr8.3226500.3227000	neg	1	1	1	0	1	1	0	1	0	0	0
chr8.9566500.9567000	neg	0	0	0	0	0	0	1	0	1	0	0
chr8.10218500.10219000	neg	1	1	1	1	1	0	0	1	1	1	0
chr8.10310500.10311000	neg	1	1	0	1	1	1	0	1	0	1	0
chr8.11544500.11545000	neg	0	0	0	0	0	0	1	0	1	0	0
chr8.13114000.13114500	neg	0	1	0	0	0	0	1	0	1	1	0
chr8.15151500.15152000	neg	0	1	0	1	0	0	1	1	0	1	0
chr8.17684500.17685000	neg	0	0	0	1	0	0	0	1	0	0	1
chr8.20232500.20233000	neg	0	1	0	0	0	0	1	0	0	1	0
unplaced-scaffold_010.17000.17500	neg	0	0	0	0	0	0	0	0	0	0	0
