peak	Class	H2Aub	H2AZ	H3	H3K4me1	H3K4me3	H3K9ac	H3K9me1	H3K14ac	H3K27me1	H3K27me3	H3K36me3
chr1.598704.599125	pos	1	1	0	1	1	1	0	1	0	0	0
chr1.997748.997982	pos	0	0	1	0	0	1	0	0	0	0	0
chr1.2376415.2376542	pos	1	1	0	0	1	1	0	1	0	0	1
chr1.6324720.6325022	pos	1	1	0	1	1	1	0	1	0	0	0
chr1.7064820.7065319	pos	1	0	0	0	1	1	0	0	0	0	1
chr1.8290917.8291030	pos	0	1	0	1	1	1	0	0	0	0	1
chr1.8304585.8304794	pos	0	0	1	1	1	1	0	1	0	0	1
chr1.9510583.9510697	pos	1	1	0	1	1	1	1	1	1	1	0
chr1.14512932.14513116	pos	1	1	1	1	1	1	0	1	0	0	1
chr1.16418431.16418769	pos	0	1	1	1	1	1	1	1	1	1	1
chr1.16697612.16698016	pos	1	0	0	0	0	1	0	0	0	0	1
chr1.20306471.20307126	pos	0	1	0	1	1	1	0	1	0	0	1
chr1.22547463.22547723	pos	1	0	0	1	1	1	0	0	0	0	1
chr1.23134941.23135589	pos	1	0	0	0	1	1	0	0	0	0	1
chr1.23404620.23404987	pos	0	0	0	1	0	0	0	1	0	0	1
chr1.26373221.26373328	pos	0	1	0	1	1	0	0	1	0	0	1
chr1.28009432.28010622	pos	1	0	0	0	0	1	0	0	0	0	0
chr1.28805660.28806228	pos	1	0	0	0	1	1	0	0	0	0	1
chr2.3652.4557	pos	0	1	1	1	1	1	0	1	0	1	1
chr2.625787.626472	pos	0	0	0	0	1	1	0	0	0	0	1
chr2.4528885.4529039	pos	0	0	1	1	0	0	0	0	0	0	1
chr2.6186388.6187275	pos	0	0	0	0	0	1	0	0	0	0	0
chr2.6788002.6788160	pos	0	1	0	0	1	1	0	0	0	1	1
chr2.12082096.12082667	pos	1	0	0	0	1	1	0	0	0	0	1
chr2.18198955.18199090	pos	1	1	0	1	1	1	0	1	0	0	1
chr2.21871754.21872014	pos	1	1	0	1	1	0	0	1	1	0	0
chr2.25456220.25456444	pos	1	0	1	0	1	1	0	1	0	0	0
chr3.517582.518069	pos	0	0	1	0	0	0	1	0	1	0	0
chr3.6628115.6628341	pos	1	1	1	1	1	1	1	1	0	1	0
chr3.8056442.8056625	pos	0	1	1	1	1	1	1	1	1	0	1
chr3.10821204.10821498	pos	0	0	0	0	0	1	0	0	0	0	0
chr3.13558069.13558228	pos	1	1	1	1	1	0	1	1	0	1	0
chr3.16029040.16029426	pos	0	0	1	0	0	1	0	0	0	0	0
chr3.16335382.16335847	pos	1	0	0	0	1	1	0	0	0	0	1
chr3.17788346.17788713	pos	1	1	1	1	1	1	0	1	0	0	0
chr3.24598532.24598697	pos	0	1	1	1	1	1	1	0	0	1	0
chr3.27102055.27102205	pos	0	0	1	0	0	0	0	0	0	1	0
chr3.27116535.27116973	pos	0	0	1	1	0	1	0	0	0	1	0
chr4.1240048.1240179	pos	1	1	1	1	1	1	0	1	0	0	1
chr4.4534445.4534586	pos	0	1	1	1	1	1	1	1	1	1	1
chr4.7949866.7950335	pos	1	1	0	1	1	1	0	1	0	0	1
chr4.14419305.14419681	pos	1	1	0	0	1	1	0	1	0	0	1
chr4.25402177.25402324	pos	1	0	0	0	0	1	0	0	0	0	0
chr5.26074.26492	pos	1	1	1	1	1	1	1	1	1	1	0
chr5.525003.525168	pos	1	1	1	1	1	1	0	1	0	1	0
chr5.1040200.1040399	pos	1	1	0	1	1	0	1	0	0	1	0
chr5.6172536.6172667	pos	0	1	1	1	1	1	1	1	1	1	0
chr5.9488983.9489091	pos	1	1	0	0	1	1	0	0	0	1	0
chr5.9929367.9929767	pos	0	0	0	0	0	0	1	0	1	0	0
chr5.12944424.12944589	pos	1	1	0	1	1	1	0	1	0	1	0
chr5.13433513.13433687	pos	1	1	0	0	1	0	0	0	0	1	0
chr5.13639015.13639115	pos	1	1	0	1	0	1	1	1	0	1	0
chr5.23584468.23584650	pos	0	1	1	1	1	1	1	1	0	1	1
chr5.24990599.24991648	pos	1	1	0	1	1	1	0	1	1	0	1
chr6.6022945.6023477	pos	0	1	1	1	1	1	1	0	1	1	1
chr6.8993856.8994281	pos	0	1	1	1	1	1	1	1	1	1	1
chr6.9818371.9819011	pos	0	1	0	1	1	1	0	1	0	0	1
chr6.10348938.10349169	pos	1	1	0	1	0	1	1	1	1	0	0
chr6.11243964.11244148	pos	1	1	0	1	1	1	0	1	0	0	0
chr6.15390403.15390579	pos	1	1	0	0	1	1	0	1	0	0	1
chr6.15502448.15502602	pos	0	1	1	0	0	1	0	1	0	0	0
chr6.16822128.16822446	pos	1	1	0	0	1	1	0	1	0	0	1
chr6.16822587.16822827	pos	1	1	1	0	1	1	0	1	0	0	1
chr6.20807107.20807805	pos	1	0	0	0	1	1	0	0	0	0	1
chr7.980063.980492	pos	1	1	0	1	1	1	0	1	1	0	1
chr7.1080523.1080787	pos	1	1	0	0	0	1	0	0	0	0	0
chr7.6837669.6837856	pos	0	0	0	0	0	0	1	0	1	0	0
chr7.8370788.8370962	pos	1	0	0	0	0	1	0	0	0	0	0
chr7.9467610.9467893	pos	0	0	0	0	0	1	0	1	0	0	0
chr7.11918012.11918255	pos	1	1	0	0	0	1	0	1	0	0	0
chr7.12442741.12442946	pos	1	1	0	0	1	1	0	0	0	0	0
chr7.14313709.14313861	pos	0	1	1	1	1	1	1	1	0	0	1
chr7.17922257.17922708	pos	1	0	0	0	1	1	0	0	0	0	0
chr7.19738883.19738987	pos	1	1	0	0	1	1	0	0	0	1	0
chr7.20403243.20403373	pos	1	1	0	0	1	1	0	0	0	0	0
chr7.21422743.21422924	pos	1	1	0	0	1	1	0	1	0	0	0
chr8.1793687.1793868	pos	1	1	0	0	1	1	0	0	0	0	0
chr8.1892534.1892675	pos	1	1	0	1	1	1	0	1	0	0	1
chr8.2876088.2876935	pos	1	1	0	0	1	1	0	0	0	0	0
chr8.13798323.13798469	pos	0	1	0	0	1	1	0	1	0	1	0
chr8.14932423.14932617	pos	1	1	1	1	1	0	0	1	0	1	0
chr8.16139110.16139421	pos	0	0	1	0	0	1	1	0	0	0	0
chrU.1724913.1725098	pos	0	0	0	0	0	0	0	0	0	0	0
unplaced-scaffold_330.130.540	pos	0	0	1	1	0	1	0	1	0	1	0
unplaced-scaffold_330.3107.4395	pos	1	1	1	1	1	1	1	1	1	1	1
chr1.2606000.2606500	neg	0	0	0	0	0	0	0	0	0	0	0
chr1.4900000.4900500	neg	0	0	0	0	0	0	0	0	0	0	0
chr1.9294500.9295000	neg	0	0	0	0	0	0	0	0	0	0	0
chr1.11719000.11719500	neg	0	0	0	0	0	0	0	0	0	0	0
chr1.24957500.24958000	neg	0	0	0	0	0	0	0	0	0	0	0
chr1.25270500.25271000	neg	0	0	0	0	0	0	0	0	0	0	0
chr2.276000.276500	neg	0	0	0	0	0	0	0	0	0	0	0
chr2.2333000.2333500	neg	0	0	0	0	0	0	0	0	0	0	0
chr2.3171000.3171500	neg	0	0	0	0	0	0	0	0	0	0	0
chr2.3668500.3669000	neg	0	0	0	0	0	0	0	0	0	0	0
chr2.4377000.4377500	neg	0	0	0	0	0	0	0	0	0	0	0
chr2.4766000.4766500	neg	0	0	0	0	0	0	0	0	0	0	0
chr2.5537000.5537500	neg	0	0	0	0	0	0	0	0	0	0	0
chr2.10971500.10972000	neg	0	0	0	0	0	0	0	0	0	0	0
chr2.11572000.11572500	neg	0	0	0	0	0	0	0	0	0	0	0
chr2.12399000.12399500	neg	0	0	0	0	0	0	0	0	0	0	0
chr2.13987500.13988000	neg	0	0	0	0	0	0	0	0	0	0	0
chr2.15472500.15473000	neg	0	0	0	0	0	0	0	0	0	0	0
chr2.16528500.16529000	neg	0	0	0	0	0	0	0	0	0	0	0
chr2.23435500.23436000	neg	0	0	0	0	0	0	0	0	0	0	0
chr2.24232500.24233000	neg	0	0	0	0	0	0	0	0	0	0	0
chr2.24482500.24483000	neg	0	0	0	0	0	0	0	0	0	0	0
chr2.29160000.29160500	neg	0	0	0	0	0	0	0	0	0	0	0
chr3.2376500.2377000	neg	0	0	0	0	0	0	0	0	0	0	0
chr3.5776500.5777000	neg	0	0	0	0	0	0	0	0	0	0	0
chr3.5986500.5987000	neg	0	0	0	0	0	0	0	0	0	0	0
chr3.6616000.6616500	neg	0	0	0	0	0	0	0	0	0	0	0
chr3.6755500.6756000	neg	0	0	0	0	0	0	0	0	0	0	0
chr3.7417500.7418000	neg	0	0	0	0	0	0	0	0	0	0	0
chr3.7661500.7662000	neg	0	0	0	0	0	0	0	0	0	0	0
chr3.10064000.10064500	neg	0	0	0	0	0	0	0	0	0	0	0
chr3.10113500.10114000	neg	0	0	0	0	0	0	0	0	0	0	0
chr3.16098500.16099000	neg	0	0	0	0	0	0	0	0	0	0	0
chr3.17638000.17638500	neg	0	0	0	0	0	0	0	0	0	0	0
chr3.20231500.20232000	neg	0	0	0	0	0	0	0	0	0	0	0
chr3.20988500.20989000	neg	0	0	0	0	0	0	0	0	0	0	0
chr3.22333000.22333500	neg	0	0	0	0	0	0	0	0	0	0	0
chr4.5685000.5685500	neg	0	0	0	0	0	0	0	0	0	0	0
chr4.5831000.5831500	neg	0	0	0	0	0	0	0	0	0	0	0
chr4.11900000.11900500	neg	0	0	0	0	0	0	0	0	0	0	0
chr4.11914500.11915000	neg	0	0	0	0	0	0	0	0	0	0	0
chr4.18202000.18202500	neg	0	0	0	0	0	0	0	0	0	0	0
chr4.18590000.18590500	neg	0	0	0	0	0	0	0	0	0	0	0
chr4.23326000.23326500	neg	0	0	0	0	0	0	0	0	0	0	0
chr4.23690000.23690500	neg	0	0	0	0	0	0	0	0	0	0	0
chr4.25306500.25307000	neg	0	0	0	0	0	0	0	0	0	0	0
chr4.25706500.25707000	neg	0	0	0	0	0	0	0	0	0	0	0
chr5.3045000.3045500	neg	0	0	0	0	0	0	0	0	0	0	0
chr5.5145500.5146000	neg	0	0	0	0	0	0	0	0	0	0	0
chr5.9202500.9203000	neg	0	0	0	0	0	0	0	0	0	0	0
chr5.11782000.11782500	neg	0	0	0	0	0	0	0	0	0	0	0
chr5.15522000.15522500	neg	0	0	0	0	0	0	0	0	0	0	0
chr5.16988500.16989000	neg	0	0	0	0	0	0	0	0	0	0	0
chr5.17572000.17572500	neg	0	0	0	0	0	0	0	0	0	0	0
chr5.18633500.18634000	neg	0	0	0	0	0	0	0	0	0	0	0
chr5.19145500.19146000	neg	0	0	0	0	0	0	0	0	0	0	0
chr5.23353500.23354000	neg	0	0	0	0	0	0	0	0	0	0	0
chr5.26115000.26115500	neg	0	0	0	0	0	0	0	0	0	0	0
chr6.1811000.1811500	neg	0	0	0	0	0	0	0	0	0	0	0
chr6.3353000.3353500	neg	0	0	0	0	0	0	0	0	0	0	0
chr6.3983500.3984000	neg	0	0	0	0	0	0	0	0	0	0	0
chr6.5063500.5064000	neg	0	0	0	0	0	0	0	0	0	0	0
chr6.6822500.6823000	neg	0	0	0	0	0	0	0	0	0	0	0
chr6.9822000.9822500	neg	0	0	0	0	0	0	0	0	0	0	0
chr6.10461000.10461500	neg	0	0	0	0	0	0	0	0	0	0	0
chr6.14884000.14884500	neg	0	0	0	0	0	0	0	0	0	0	0
chr6.16027500.16028000	neg	0	0	0	0	0	0	0	0	0	0	0
chr6.16901000.16901500	neg	0	0	0	0	0	0	0	0	0	0	0
chr6.21274000.21274500	neg	0	0	0	0	0	0	0	0	0	0	0
chr6.23392500.23393000	neg	0	0	0	0	0	0	0	0	0	0	0
chr7.3730500.3731000	neg	0	0	0	0	0	0	0	0	0	0	0
chr7.8789000.8789500	neg	0	0	0	0	0	0	0	0	0	0	0
chr7.13653000.13653500	neg	0	0	0	0	0	0	0	0	0	0	0
chr7.15582000.15582500	neg	0	0	0	0	0	0	0	0	0	0	0
chr7.16487000.16487500	neg	0	0	0	0	0	0	0	0	0	0	0
chr7.18999500.19000000	neg	0	0	0	0	0	0	0	0	0	0	0
chr7.19049000.19049500	neg	0	0	0	0	0	0	0	0	0	0	0
chr7.21299500.21300000	neg	0	0	0	0	0	0	0	0	0	0	0
chr8.1620000.1620500	neg	0	0	0	0	0	0	0	0	0	0	0
chr8.10466500.10467000	neg	0	0	0	0	0	0	0	0	0	0	0
chr8.12101000.12101500	neg	0	0	0	0	0	0	0	0	0	0	0
chr8.12742500.12743000	neg	0	0	0	0	0	0	0	0	0	0	0
chr8.20036500.20037000	neg	0	0	0	0	0	0	0	0	0	0	0
chrV.7169000.7169500	neg	0	0	0	0	0	0	0	0	0	0	0
unplaced-scaffold_403.2000.2500	neg	0	0	0	0	0	0	0	0	0	0	0
