peak	Class	H2Aub	H2AZ	H3	H3K4me1	H3K4me3	H3K9ac	H3K9me1	H3K14ac	H3K27me1	H3K27me3	H3K36me3
chr1.598704.599125	pos	1	1	0	1	1	1	0	1	0	0	0
chr1.997748.997982	pos	0	0	1	0	0	1	0	0	0	0	0
chr1.2376415.2376542	pos	1	1	0	0	1	1	0	1	0	0	1
chr1.6324720.6325022	pos	1	1	0	1	1	1	0	1	0	0	0
chr1.7064820.7065319	pos	1	0	0	0	1	1	0	0	0	0	1
chr1.8290917.8291030	pos	0	1	0	1	1	1	0	0	0	0	1
chr1.8304585.8304794	pos	0	0	1	1	1	1	0	1	0	0	1
chr1.9510583.9510697	pos	1	1	0	1	1	1	1	1	1	1	0
chr1.14512932.14513116	pos	1	1	1	1	1	1	0	1	0	0	1
chr1.16418431.16418769	pos	0	1	1	1	1	1	1	1	1	1	1
chr1.16697612.16698016	pos	1	0	0	0	0	1	0	0	0	0	1
chr1.20306471.20307126	pos	0	1	0	1	1	1	0	1	0	0	1
chr1.22547463.22547723	pos	1	0	0	1	1	1	0	0	0	0	1
chr1.23134941.23135589	pos	1	0	0	0	1	1	0	0	0	0	1
chr1.23404620.23404987	pos	0	0	0	1	0	0	0	1	0	0	1
chr1.26373221.26373328	pos	0	1	0	1	1	0	0	1	0	0	1
chr1.28009432.28010622	pos	1	0	0	0	0	1	0	0	0	0	0
chr1.28805660.28806228	pos	1	0	0	0	1	1	0	0	0	0	1
chr2.3652.4557	pos	0	1	1	1	1	1	0	1	0	1	1
chr2.625787.626472	pos	0	0	0	0	1	1	0	0	0	0	1
chr2.4528885.4529039	pos	0	0	1	1	0	0	0	0	0	0	1
chr2.6186388.6187275	pos	0	0	0	0	0	1	0	0	0	0	0
chr2.6788002.6788160	pos	0	1	0	0	1	1	0	0	0	1	1
chr2.12082096.12082667	pos	1	0	0	0	1	1	0	0	0	0	1
chr2.18198955.18199090	pos	1	1	0	1	1	1	0	1	0	0	1
chr2.21871754.21872014	pos	1	1	0	1	1	0	0	1	1	0	0
chr2.25456220.25456444	pos	1	0	1	0	1	1	0	1	0	0	0
chr3.517582.518069	pos	0	0	1	0	0	0	1	0	1	0	0
chr3.6628115.6628341	pos	1	1	1	1	1	1	1	1	0	1	0
chr3.8056442.8056625	pos	0	1	1	1	1	1	1	1	1	0	1
chr3.10821204.10821498	pos	0	0	0	0	0	1	0	0	0	0	0
chr3.13558069.13558228	pos	1	1	1	1	1	0	1	1	0	1	0
chr3.16029040.16029426	pos	0	0	1	0	0	1	0	0	0	0	0
chr3.16335382.16335847	pos	1	0	0	0	1	1	0	0	0	0	1
chr3.17788346.17788713	pos	1	1	1	1	1	1	0	1	0	0	0
chr3.24598532.24598697	pos	0	1	1	1	1	1	1	0	0	1	0
chr3.27102055.27102205	pos	0	0	1	0	0	0	0	0	0	1	0
chr3.27116535.27116973	pos	0	0	1	1	0	1	0	0	0	1	0
chr4.1240048.1240179	pos	1	1	1	1	1	1	0	1	0	0	1
chr4.4534445.4534586	pos	0	1	1	1	1	1	1	1	1	1	1
chr4.7949866.7950335	pos	1	1	0	1	1	1	0	1	0	0	1
chr4.14419305.14419681	pos	1	1	0	0	1	1	0	1	0	0	1
chr4.25402177.25402324	pos	1	0	0	0	0	1	0	0	0	0	0
chr5.26074.26492	pos	1	1	1	1	1	1	1	1	1	1	0
chr5.525003.525168	pos	1	1	1	1	1	1	0	1	0	1	0
chr5.1040200.1040399	pos	1	1	0	1	1	0	1	0	0	1	0
chr5.6172536.6172667	pos	0	1	1	1	1	1	1	1	1	1	0
chr5.9488983.9489091	pos	1	1	0	0	1	1	0	0	0	1	0
chr5.9929367.9929767	pos	0	0	0	0	0	0	1	0	1	0	0
chr5.12944424.12944589	pos	1	1	0	1	1	1	0	1	0	1	0
chr5.13433513.13433687	pos	1	1	0	0	1	0	0	0	0	1	0
chr5.13639015.13639115	pos	1	1	0	1	0	1	1	1	0	1	0
chr5.23584468.23584650	pos	0	1	1	1	1	1	1	1	0	1	1
chr5.24990599.24991648	pos	1	1	0	1	1	1	0	1	1	0	1
chr6.6022945.6023477	pos	0	1	1	1	1	1	1	0	1	1	1
chr6.8993856.8994281	pos	0	1	1	1	1	1	1	1	1	1	1
chr6.9818371.9819011	pos	0	1	0	1	1	1	0	1	0	0	1
chr6.10348938.10349169	pos	1	1	0	1	0	1	1	1	1	0	0
chr6.11243964.11244148	pos	1	1	0	1	1	1	0	1	0	0	0
chr6.15390403.15390579	pos	1	1	0	0	1	1	0	1	0	0	1
chr6.15502448.15502602	pos	0	1	1	0	0	1	0	1	0	0	0
chr6.16822128.16822446	pos	1	1	0	0	1	1	0	1	0	0	1
chr6.16822587.16822827	pos	1	1	1	0	1	1	0	1	0	0	1
chr6.20807107.20807805	pos	1	0	0	0	1	1	0	0	0	0	1
chr7.980063.980492	pos	1	1	0	1	1	1	0	1	1	0	1
chr7.1080523.1080787	pos	1	1	0	0	0	1	0	0	0	0	0
chr7.6837669.6837856	pos	0	0	0	0	0	0	1	0	1	0	0
chr7.8370788.8370962	pos	1	0	0	0	0	1	0	0	0	0	0
chr7.9467610.9467893	pos	0	0	0	0	0	1	0	1	0	0	0
chr7.11918012.11918255	pos	1	1	0	0	0	1	0	1	0	0	0
chr7.12442741.12442946	pos	1	1	0	0	1	1	0	0	0	0	0
chr7.14313709.14313861	pos	0	1	1	1	1	1	1	1	0	0	1
chr7.17922257.17922708	pos	1	0	0	0	1	1	0	0	0	0	0
chr7.19738883.19738987	pos	1	1	0	0	1	1	0	0	0	1	0
chr7.20403243.20403373	pos	1	1	0	0	1	1	0	0	0	0	0
chr7.21422743.21422924	pos	1	1	0	0	1	1	0	1	0	0	0
chr8.1793687.1793868	pos	1	1	0	0	1	1	0	0	0	0	0
chr8.1892534.1892675	pos	1	1	0	1	1	1	0	1	0	0	1
chr8.2876088.2876935	pos	1	1	0	0	1	1	0	0	0	0	0
chr8.13798323.13798469	pos	0	1	0	0	1	1	0	1	0	1	0
chr8.14932423.14932617	pos	1	1	1	1	1	0	0	1	0	1	0
chr8.16139110.16139421	pos	0	0	1	0	0	1	1	0	0	0	0
chrU.1724913.1725098	pos	0	0	0	0	0	0	0	0	0	0	0
unplaced-scaffold_330.130.540	pos	0	0	1	1	0	1	0	1	0	1	0
unplaced-scaffold_330.3107.4395	pos	1	1	1	1	1	1	1	1	1	1	1
chr1.530500.531000	neg	0	1	1	1	1	1	1	1	0	0	1
chr1.3422000.3422500	neg	0	1	1	1	1	0	1	0	1	0	1
chr1.5254500.5255000	neg	0	1	1	0	0	0	1	0	1	0	0
chr1.7179500.7180000	neg	1	1	1	1	1	0	0	1	1	1	0
chr1.7422000.7422500	neg	0	1	0	0	0	0	0	0	0	0	1
chr1.13503500.13504000	neg	0	1	0	0	0	0	1	0	1	0	0
chr1.13693500.13694000	neg	0	0	0	0	0	0	1	0	1	0	0
chr1.24071000.24071500	neg	0	0	0	1	0	1	1	0	1	0	1
chr1.28512000.28512500	neg	0	1	0	1	1	0	1	0	1	1	0
chr1.30163000.30163500	neg	0	0	1	0	0	0	1	0	1	0	0
chr2.3776000.3776500	neg	0	1	1	0	1	0	1	0	0	1	0
chr2.6356500.6357000	neg	0	1	1	0	0	1	1	1	1	0	0
chr2.9993000.9993500	neg	1	1	0	1	1	0	0	1	0	1	0
chr2.10322000.10322500	neg	0	1	0	1	1	0	1	1	1	0	1
chr2.10887500.10888000	neg	0	0	0	0	0	0	1	0	1	0	0
chr2.11222500.11223000	neg	0	1	1	1	1	1	1	1	0	0	1
chr2.21615500.21616000	neg	0	1	0	1	0	0	1	0	1	0	0
chr2.23777500.23778000	neg	1	1	0	0	1	0	0	0	0	1	0
chr3.4020500.4021000	neg	0	1	0	1	1	1	1	1	1	0	1
chr3.4432000.4432500	neg	1	1	0	1	1	0	0	1	0	1	0
chr3.4549500.4550000	neg	1	1	0	1	1	0	0	0	0	1	0
chr3.9618500.9619000	neg	0	1	0	1	1	1	1	1	1	0	1
chr3.10635500.10636000	neg	0	0	0	0	1	0	1	1	0	1	0
chr3.11617500.11618000	neg	0	1	0	1	0	1	1	0	1	1	1
chr3.11839000.11839500	neg	0	1	0	1	1	0	1	1	0	0	1
chr3.13740000.13740500	neg	1	1	1	1	1	1	1	0	0	0	0
chr3.22398000.22398500	neg	0	1	1	1	1	0	1	1	1	1	0
chr3.23521500.23522000	neg	0	0	0	0	0	0	1	0	1	0	0
chr3.24238500.24239000	neg	0	1	1	1	0	1	1	1	1	0	0
chr3.24251000.24251500	neg	0	1	0	1	0	1	1	0	1	0	1
chr4.3141000.3141500	neg	0	1	1	1	1	1	0	1	0	0	1
chr4.4059500.4060000	neg	0	0	0	0	0	0	1	0	1	1	0
chr4.4787000.4787500	neg	0	1	1	1	0	1	1	0	1	1	0
chr4.6320500.6321000	neg	0	1	0	1	1	0	1	1	0	0	1
chr4.6604000.6604500	neg	0	0	1	0	0	0	1	0	1	0	0
chr4.8834500.8835000	neg	1	1	1	0	1	1	0	1	0	1	0
chr4.14058000.14058500	neg	1	1	1	1	0	0	1	1	0	1	0
chr4.15759500.15760000	neg	1	1	0	1	1	0	1	1	0	1	0
chr4.15760500.15761000	neg	0	1	0	1	1	0	1	1	0	1	0
chr4.16476500.16477000	neg	0	0	0	0	0	0	1	0	1	0	0
chr4.16586500.16587000	neg	1	1	0	1	1	0	0	1	0	0	0
chr4.22789000.22789500	neg	0	1	1	1	0	1	1	1	1	0	1
chr4.24830500.24831000	neg	1	1	1	1	1	1	1	1	1	0	1
chr4.25506500.25507000	neg	1	1	0	0	1	0	0	1	0	1	0
chr4.26496000.26496500	neg	0	1	1	1	1	1	1	1	0	0	1
chr5.2979000.2979500	neg	0	1	0	1	1	1	0	1	0	0	1
chr5.7098500.7099000	neg	0	1	0	0	0	1	1	0	0	0	0
chr5.10329500.10330000	neg	1	1	0	1	1	1	1	1	1	0	1
chr5.14176500.14177000	neg	0	1	0	1	0	0	1	1	1	1	0
chr5.15777000.15777500	neg	1	1	0	1	1	0	0	0	0	1	0
chr5.16914000.16914500	neg	0	1	1	0	1	1	1	1	0	1	0
chr5.25826500.25827000	neg	0	1	1	0	0	0	1	0	1	1	0
chr6.1957000.1957500	neg	0	1	0	0	1	1	0	1	0	0	0
chr6.2075000.2075500	neg	1	1	0	0	1	1	1	0	0	1	0
chr6.7089500.7090000	neg	1	1	1	1	1	0	1	1	1	1	1
chr6.10486500.10487000	neg	0	1	1	1	1	1	1	1	1	1	1
chr6.10623000.10623500	neg	1	1	0	1	1	1	0	1	0	0	1
chr6.15035000.15035500	neg	0	1	0	1	1	1	1	1	0	0	1
chr6.15481000.15481500	neg	0	1	1	0	1	1	1	0	1	1	1
chr6.16313000.16313500	neg	0	0	0	0	0	0	0	0	0	0	0
chr6.17179500.17180000	neg	0	1	0	1	0	0	1	1	1	0	0
chr6.21062500.21063000	neg	0	1	0	0	0	1	1	1	1	0	0
chr6.21934500.21935000	neg	0	1	0	0	0	1	1	0	0	0	1
chr7.5390500.5391000	neg	0	0	1	0	1	0	1	0	0	0	0
chr7.5493500.5494000	neg	1	1	0	1	1	0	1	1	0	1	0
chr7.5494000.5494500	neg	0	1	1	1	0	0	1	0	0	1	0
chr7.6368500.6369000	neg	0	0	1	0	0	0	1	0	0	1	0
chr7.13653500.13654000	neg	0	1	0	1	1	1	1	1	1	0	0
chr7.14785500.14786000	neg	0	0	0	0	0	0	1	0	1	0	0
chr7.16650500.16651000	neg	0	1	1	0	0	0	1	0	0	1	0
chr7.19300500.19301000	neg	0	0	1	0	0	0	1	0	1	0	0
chr7.21402000.21402500	neg	0	1	0	1	1	1	1	1	1	0	1
chr8.1085000.1085500	neg	0	1	1	1	1	0	1	0	1	0	1
chr8.3288000.3288500	neg	0	1	1	1	1	1	1	0	1	0	1
chr8.5228500.5229000	neg	0	1	1	0	1	0	1	1	0	1	0
chr8.6328500.6329000	neg	0	1	0	1	1	1	1	1	0	0	1
chr8.7225500.7226000	neg	0	1	1	1	1	1	1	1	1	1	1
chr8.8934500.8935000	neg	1	1	1	1	1	0	0	1	1	1	0
chr8.10707000.10707500	neg	0	1	1	1	1	1	1	1	1	0	1
chr8.11068500.11069000	neg	0	1	1	1	1	0	1	0	1	1	0
chr8.11959000.11959500	neg	1	1	1	0	1	0	0	0	0	1	0
chr8.16891000.16891500	neg	0	0	0	0	0	0	0	0	0	0	0
chr8.17647500.17648000	neg	0	0	1	0	0	0	1	0	0	1	0
chr8.20525500.20526000	neg	1	1	0	1	1	0	1	1	1	1	0
chrV.7161500.7162000	neg	0	0	0	0	0	0	0	0	0	0	0
