peak	Class	H2Aub	H2AZ	H3	H3K4me1	H3K4me3	H3K9ac	H3K9me1	H3K14ac	H3K27me1	H3K27me3	H3K36me3
chr1.598704.599125	pos	1	1	0	1	1	1	0	1	0	0	0
chr1.997748.997982	pos	0	0	1	0	0	1	0	0	0	0	0
chr1.2376415.2376542	pos	1	1	0	0	1	1	0	1	0	0	1
chr1.6324720.6325022	pos	1	1	0	1	1	1	0	1	0	0	0
chr1.7064820.7065319	pos	1	0	0	0	1	1	0	0	0	0	1
chr1.8290917.8291030	pos	0	1	0	1	1	1	0	0	0	0	1
chr1.8304585.8304794	pos	0	0	1	1	1	1	0	1	0	0	1
chr1.9510583.9510697	pos	1	1	0	1	1	1	1	1	1	1	0
chr1.14512932.14513116	pos	1	1	1	1	1	1	0	1	0	0	1
chr1.16418431.16418769	pos	0	1	1	1	1	1	1	1	1	1	1
chr1.16697612.16698016	pos	1	0	0	0	0	1	0	0	0	0	1
chr1.20306471.20307126	pos	0	1	0	1	1	1	0	1	0	0	1
chr1.22547463.22547723	pos	1	0	0	1	1	1	0	0	0	0	1
chr1.23134941.23135589	pos	1	0	0	0	1	1	0	0	0	0	1
chr1.23404620.23404987	pos	0	0	0	1	0	0	0	1	0	0	1
chr1.26373221.26373328	pos	0	1	0	1	1	0	0	1	0	0	1
chr1.28009432.28010622	pos	1	0	0	0	0	1	0	0	0	0	0
chr1.28805660.28806228	pos	1	0	0	0	1	1	0	0	0	0	1
chr2.3652.4557	pos	0	1	1	1	1	1	0	1	0	1	1
chr2.625787.626472	pos	0	0	0	0	1	1	0	0	0	0	1
chr2.4528885.4529039	pos	0	0	1	1	0	0	0	0	0	0	1
chr2.6186388.6187275	pos	0	0	0	0	0	1	0	0	0	0	0
chr2.6788002.6788160	pos	0	1	0	0	1	1	0	0	0	1	1
chr2.12082096.12082667	pos	1	0	0	0	1	1	0	0	0	0	1
chr2.18198955.18199090	pos	1	1	0	1	1	1	0	1	0	0	1
chr2.21871754.21872014	pos	1	1	0	1	1	0	0	1	1	0	0
chr2.25456220.25456444	pos	1	0	1	0	1	1	0	1	0	0	0
chr3.517582.518069	pos	0	0	1	0	0	0	1	0	1	0	0
chr3.6628115.6628341	pos	1	1	1	1	1	1	1	1	0	1	0
chr3.8056442.8056625	pos	0	1	1	1	1	1	1	1	1	0	1
chr3.10821204.10821498	pos	0	0	0	0	0	1	0	0	0	0	0
chr3.13558069.13558228	pos	1	1	1	1	1	0	1	1	0	1	0
chr3.16029040.16029426	pos	0	0	1	0	0	1	0	0	0	0	0
chr3.16335382.16335847	pos	1	0	0	0	1	1	0	0	0	0	1
chr3.17788346.17788713	pos	1	1	1	1	1	1	0	1	0	0	0
chr3.24598532.24598697	pos	0	1	1	1	1	1	1	0	0	1	0
chr3.27102055.27102205	pos	0	0	1	0	0	0	0	0	0	1	0
chr3.27116535.27116973	pos	0	0	1	1	0	1	0	0	0	1	0
chr4.1240048.1240179	pos	1	1	1	1	1	1	0	1	0	0	1
chr4.4534445.4534586	pos	0	1	1	1	1	1	1	1	1	1	1
chr4.7949866.7950335	pos	1	1	0	1	1	1	0	1	0	0	1
chr4.14419305.14419681	pos	1	1	0	0	1	1	0	1	0	0	1
chr4.25402177.25402324	pos	1	0	0	0	0	1	0	0	0	0	0
chr5.26074.26492	pos	1	1	1	1	1	1	1	1	1	1	0
chr5.525003.525168	pos	1	1	1	1	1	1	0	1	0	1	0
chr5.1040200.1040399	pos	1	1	0	1	1	0	1	0	0	1	0
chr5.6172536.6172667	pos	0	1	1	1	1	1	1	1	1	1	0
chr5.9488983.9489091	pos	1	1	0	0	1	1	0	0	0	1	0
chr5.9929367.9929767	pos	0	0	0	0	0	0	1	0	1	0	0
chr5.12944424.12944589	pos	1	1	0	1	1	1	0	1	0	1	0
chr5.13433513.13433687	pos	1	1	0	0	1	0	0	0	0	1	0
chr5.13639015.13639115	pos	1	1	0	1	0	1	1	1	0	1	0
chr5.23584468.23584650	pos	0	1	1	1	1	1	1	1	0	1	1
chr5.24990599.24991648	pos	1	1	0	1	1	1	0	1	1	0	1
chr6.6022945.6023477	pos	0	1	1	1	1	1	1	0	1	1	1
chr6.8993856.8994281	pos	0	1	1	1	1	1	1	1	1	1	1
chr6.9818371.9819011	pos	0	1	0	1	1	1	0	1	0	0	1
chr6.10348938.10349169	pos	1	1	0	1	0	1	1	1	1	0	0
chr6.11243964.11244148	pos	1	1	0	1	1	1	0	1	0	0	0
chr6.15390403.15390579	pos	1	1	0	0	1	1	0	1	0	0	1
chr6.15502448.15502602	pos	0	1	1	0	0	1	0	1	0	0	0
chr6.16822128.16822446	pos	1	1	0	0	1	1	0	1	0	0	1
chr6.16822587.16822827	pos	1	1	1	0	1	1	0	1	0	0	1
chr6.20807107.20807805	pos	1	0	0	0	1	1	0	0	0	0	1
chr7.980063.980492	pos	1	1	0	1	1	1	0	1	1	0	1
chr7.1080523.1080787	pos	1	1	0	0	0	1	0	0	0	0	0
chr7.6837669.6837856	pos	0	0	0	0	0	0	1	0	1	0	0
chr7.8370788.8370962	pos	1	0	0	0	0	1	0	0	0	0	0
chr7.9467610.9467893	pos	0	0	0	0	0	1	0	1	0	0	0
chr7.11918012.11918255	pos	1	1	0	0	0	1	0	1	0	0	0
chr7.12442741.12442946	pos	1	1	0	0	1	1	0	0	0	0	0
chr7.14313709.14313861	pos	0	1	1	1	1	1	1	1	0	0	1
chr7.17922257.17922708	pos	1	0	0	0	1	1	0	0	0	0	0
chr7.19738883.19738987	pos	1	1	0	0	1	1	0	0	0	1	0
chr7.20403243.20403373	pos	1	1	0	0	1	1	0	0	0	0	0
chr7.21422743.21422924	pos	1	1	0	0	1	1	0	1	0	0	0
chr8.1793687.1793868	pos	1	1	0	0	1	1	0	0	0	0	0
chr8.1892534.1892675	pos	1	1	0	1	1	1	0	1	0	0	1
chr8.2876088.2876935	pos	1	1	0	0	1	1	0	0	0	0	0
chr8.13798323.13798469	pos	0	1	0	0	1	1	0	1	0	1	0
chr8.14932423.14932617	pos	1	1	1	1	1	0	0	1	0	1	0
chr8.16139110.16139421	pos	0	0	1	0	0	1	1	0	0	0	0
chrU.1724913.1725098	pos	0	0	0	0	0	0	0	0	0	0	0
unplaced-scaffold_330.130.540	pos	0	0	1	1	0	1	0	1	0	1	0
unplaced-scaffold_330.3107.4395	pos	1	1	1	1	1	1	1	1	1	1	1
chr1.2222000.2222500	neg	0	1	1	1	1	0	1	1	1	0	1
chr1.4179500.4180000	neg	0	0	0	0	0	0	1	0	1	0	0
chr1.5953500.5954000	neg	0	0	1	0	0	0	1	0	1	0	0
chr1.6071500.6072000	neg	0	0	1	1	0	0	1	0	1	0	0
chr1.7775000.7775500	neg	0	1	0	1	1	1	1	1	1	0	1
chr1.7803500.7804000	neg	0	0	0	0	0	0	1	0	1	0	0
chr1.18933500.18934000	neg	0	0	1	0	0	0	1	0	1	0	0
chr1.23123500.23124000	neg	0	1	1	0	0	1	1	0	1	0	1
chr1.27228000.27228500	neg	0	0	0	0	0	0	1	0	1	0	0
chr1.28290000.28290500	neg	1	1	0	1	1	1	0	1	0	0	0
chr2.2138500.2139000	neg	1	1	0	1	1	1	0	1	0	1	0
chr2.2281000.2281500	neg	1	1	0	1	1	0	0	1	0	1	0
chr2.3785000.3785500	neg	1	1	0	1	1	0	0	1	0	1	0
chr2.8993500.8994000	neg	0	0	0	0	0	0	1	0	1	0	0
chr2.12669500.12670000	neg	0	1	0	0	0	1	1	0	1	0	0
chr2.13556500.13557000	neg	0	1	0	1	1	0	1	1	1	0	1
chr2.21372000.21372500	neg	0	1	0	1	1	1	1	1	0	0	1
chr2.21759500.21760000	neg	1	1	1	1	1	1	0	1	1	0	0
chr2.25352000.25352500	neg	1	1	0	1	1	0	0	1	0	1	0
chr2.26824000.26824500	neg	1	1	0	1	1	0	1	1	0	1	0
chr2.27426500.27427000	neg	0	0	0	0	0	0	0	0	0	1	0
chr2.27875000.27875500	neg	1	1	0	1	1	0	1	1	0	1	0
chr3.2739500.2740000	neg	0	0	0	1	1	1	0	1	0	0	1
chr3.9520500.9521000	neg	0	0	0	0	0	0	0	0	0	1	0
chr3.11024500.11025000	neg	0	0	0	0	0	0	0	0	0	0	1
chr3.11815000.11815500	neg	1	1	0	0	1	1	0	1	0	1	0
chr3.12878500.12879000	neg	0	1	0	1	1	0	1	1	0	0	1
chr3.15816500.15817000	neg	0	1	0	0	1	1	1	1	1	0	1
chr3.26185500.26186000	neg	0	1	0	0	0	0	1	0	1	0	0
chr4.4253000.4253500	neg	0	0	0	0	0	0	1	0	1	1	0
chr4.4770000.4770500	neg	1	1	0	1	1	0	0	1	0	1	0
chr4.6599500.6600000	neg	0	1	0	1	1	0	1	1	1	1	0
chr4.7940000.7940500	neg	0	1	0	0	0	1	1	0	0	0	0
chr4.9301500.9302000	neg	1	1	0	1	1	0	1	1	1	1	1
chr4.16272000.16272500	neg	1	1	0	1	1	1	1	1	1	0	0
chr4.26173000.26173500	neg	0	1	1	0	0	0	1	0	1	0	0
chr4.26922000.26922500	neg	0	0	0	0	0	0	0	0	0	0	0
chr5.1506000.1506500	neg	0	0	0	0	0	0	0	0	0	1	0
chr5.4489000.4489500	neg	1	1	1	1	1	0	0	1	0	1	0
chr5.4662500.4663000	neg	0	1	0	1	1	1	1	1	1	1	1
chr5.9665000.9665500	neg	1	1	0	1	1	0	0	1	1	0	0
chr5.11945500.11946000	neg	1	1	0	1	1	1	0	1	0	1	0
chr5.12609000.12609500	neg	1	1	0	1	1	0	1	1	0	1	0
chr5.16080000.16080500	neg	0	1	1	0	1	0	1	0	1	0	1
chr5.23443000.23443500	neg	1	1	0	0	1	1	0	0	0	1	0
chr5.23494500.23495000	neg	0	1	0	1	0	0	1	1	1	1	1
chr5.26038000.26038500	neg	0	1	1	1	0	0	1	0	1	0	0
chr6.925000.925500	neg	0	1	1	1	0	1	1	0	1	0	0
chr6.1676000.1676500	neg	0	0	1	0	0	0	1	0	1	0	1
chr6.2237500.2238000	neg	0	1	1	1	1	1	1	1	1	0	1
chr6.4908500.4909000	neg	0	1	1	1	0	1	1	1	1	0	0
chr6.5441500.5442000	neg	0	1	1	1	0	1	1	1	0	0	0
chr6.5662000.5662500	neg	0	1	1	0	1	1	1	1	1	0	1
chr6.6585500.6586000	neg	0	1	0	1	1	1	1	0	1	0	0
chr6.12418000.12418500	neg	0	1	0	0	0	1	1	0	1	0	0
chr6.12431000.12431500	neg	1	1	1	0	1	1	0	1	0	0	1
chr6.13225000.13225500	neg	0	1	0	1	1	1	1	1	1	0	1
chr6.14774000.14774500	neg	0	0	0	0	0	0	0	0	0	1	0
chr6.15719000.15719500	neg	0	1	1	0	0	0	1	0	1	0	0
chr6.15761000.15761500	neg	0	1	1	0	0	0	1	0	1	0	1
chr6.18856000.18856500	neg	1	1	1	1	1	1	1	1	0	0	1
chr6.20930000.20930500	neg	0	1	1	1	1	1	1	1	0	0	1
chr6.23454000.23454500	neg	0	1	0	1	1	1	1	1	1	0	0
chr7.859000.859500	neg	0	1	0	0	1	0	1	0	1	0	0
chr7.2431000.2431500	neg	0	1	0	1	1	0	1	1	1	0	1
chr7.3020000.3020500	neg	1	1	0	1	1	1	0	1	1	1	0
chr7.3731500.3732000	neg	1	1	0	1	1	0	0	1	0	1	0
chr7.7785000.7785500	neg	0	1	0	1	1	0	1	1	0	1	0
chr7.8937500.8938000	neg	0	1	1	1	1	1	1	1	1	0	1
chr7.14131000.14131500	neg	0	1	1	0	1	1	1	1	1	0	1
chr7.16109000.16109500	neg	0	0	1	0	0	0	1	0	1	0	0
chr7.16845000.16845500	neg	1	1	0	0	1	1	0	1	1	0	0
chr7.16929000.16929500	neg	1	1	0	1	1	1	1	1	0	1	1
chr7.21069500.21070000	neg	1	1	0	1	1	1	0	1	0	0	1
chr8.397500.398000	neg	0	1	1	1	1	1	1	1	1	0	1
chr8.3204000.3204500	neg	0	0	0	0	0	0	1	0	1	0	0
chr8.13666500.13667000	neg	0	1	0	0	0	0	1	0	1	1	0
chr8.16924500.16925000	neg	0	1	0	1	1	1	1	1	1	0	1
chr8.19166500.19167000	neg	0	1	0	1	1	1	1	1	1	0	1
chr8.20462500.20463000	neg	1	1	0	1	1	0	1	1	0	1	0
chrU.3990500.3991000	neg	0	0	0	0	0	0	0	0	0	0	0
chrV.1883000.1883500	neg	0	0	0	0	0	0	1	0	1	0	0
chrV.5318000.5318500	neg	0	0	0	0	0	0	1	0	1	0	0
unplaced-scaffold_297.3000.3500	neg	0	0	0	0	0	0	0	0	0	0	0
unplaced-scaffold_436.0.500	neg	1	1	0	1	1	0	0	1	0	1	0
