peak	Class	H2Aub	H2AZ	H3	H3K4me1	H3K4me3	H3K9ac	H3K9me1	H3K14ac	H3K27me1	H3K27me3	H3K36me3
chr1.598704.599125	pos	1	1	0	1	1	1	0	1	0	0	0
chr1.997748.997982	pos	0	0	1	0	0	1	0	0	0	0	0
chr1.2376415.2376542	pos	1	1	0	0	1	1	0	1	0	0	1
chr1.6324720.6325022	pos	1	1	0	1	1	1	0	1	0	0	0
chr1.7064820.7065319	pos	1	0	0	0	1	1	0	0	0	0	1
chr1.8290917.8291030	pos	0	1	0	1	1	1	0	0	0	0	1
chr1.8304585.8304794	pos	0	0	1	1	1	1	0	1	0	0	1
chr1.9510583.9510697	pos	1	1	0	1	1	1	1	1	1	1	0
chr1.14512932.14513116	pos	1	1	1	1	1	1	0	1	0	0	1
chr1.16418431.16418769	pos	0	1	1	1	1	1	1	1	1	1	1
chr1.16697612.16698016	pos	1	0	0	0	0	1	0	0	0	0	1
chr1.20306471.20307126	pos	0	1	0	1	1	1	0	1	0	0	1
chr1.22547463.22547723	pos	1	0	0	1	1	1	0	0	0	0	1
chr1.23134941.23135589	pos	1	0	0	0	1	1	0	0	0	0	1
chr1.23404620.23404987	pos	0	0	0	1	0	0	0	1	0	0	1
chr1.26373221.26373328	pos	0	1	0	1	1	0	0	1	0	0	1
chr1.28009432.28010622	pos	1	0	0	0	0	1	0	0	0	0	0
chr1.28805660.28806228	pos	1	0	0	0	1	1	0	0	0	0	1
chr2.3652.4557	pos	0	1	1	1	1	1	0	1	0	1	1
chr2.625787.626472	pos	0	0	0	0	1	1	0	0	0	0	1
chr2.4528885.4529039	pos	0	0	1	1	0	0	0	0	0	0	1
chr2.6186388.6187275	pos	0	0	0	0	0	1	0	0	0	0	0
chr2.6788002.6788160	pos	0	1	0	0	1	1	0	0	0	1	1
chr2.12082096.12082667	pos	1	0	0	0	1	1	0	0	0	0	1
chr2.18198955.18199090	pos	1	1	0	1	1	1	0	1	0	0	1
chr2.21871754.21872014	pos	1	1	0	1	1	0	0	1	1	0	0
chr2.25456220.25456444	pos	1	0	1	0	1	1	0	1	0	0	0
chr3.517582.518069	pos	0	0	1	0	0	0	1	0	1	0	0
chr3.6628115.6628341	pos	1	1	1	1	1	1	1	1	0	1	0
chr3.8056442.8056625	pos	0	1	1	1	1	1	1	1	1	0	1
chr3.10821204.10821498	pos	0	0	0	0	0	1	0	0	0	0	0
chr3.13558069.13558228	pos	1	1	1	1	1	0	1	1	0	1	0
chr3.16029040.16029426	pos	0	0	1	0	0	1	0	0	0	0	0
chr3.16335382.16335847	pos	1	0	0	0	1	1	0	0	0	0	1
chr3.17788346.17788713	pos	1	1	1	1	1	1	0	1	0	0	0
chr3.24598532.24598697	pos	0	1	1	1	1	1	1	0	0	1	0
chr3.27102055.27102205	pos	0	0	1	0	0	0	0	0	0	1	0
chr3.27116535.27116973	pos	0	0	1	1	0	1	0	0	0	1	0
chr4.1240048.1240179	pos	1	1	1	1	1	1	0	1	0	0	1
chr4.4534445.4534586	pos	0	1	1	1	1	1	1	1	1	1	1
chr4.7949866.7950335	pos	1	1	0	1	1	1	0	1	0	0	1
chr4.14419305.14419681	pos	1	1	0	0	1	1	0	1	0	0	1
chr4.25402177.25402324	pos	1	0	0	0	0	1	0	0	0	0	0
chr5.26074.26492	pos	1	1	1	1	1	1	1	1	1	1	0
chr5.525003.525168	pos	1	1	1	1	1	1	0	1	0	1	0
chr5.1040200.1040399	pos	1	1	0	1	1	0	1	0	0	1	0
chr5.6172536.6172667	pos	0	1	1	1	1	1	1	1	1	1	0
chr5.9488983.9489091	pos	1	1	0	0	1	1	0	0	0	1	0
chr5.9929367.9929767	pos	0	0	0	0	0	0	1	0	1	0	0
chr5.12944424.12944589	pos	1	1	0	1	1	1	0	1	0	1	0
chr5.13433513.13433687	pos	1	1	0	0	1	0	0	0	0	1	0
chr5.13639015.13639115	pos	1	1	0	1	0	1	1	1	0	1	0
chr5.23584468.23584650	pos	0	1	1	1	1	1	1	1	0	1	1
chr5.24990599.24991648	pos	1	1	0	1	1	1	0	1	1	0	1
chr6.6022945.6023477	pos	0	1	1	1	1	1	1	0	1	1	1
chr6.8993856.8994281	pos	0	1	1	1	1	1	1	1	1	1	1
chr6.9818371.9819011	pos	0	1	0	1	1	1	0	1	0	0	1
chr6.10348938.10349169	pos	1	1	0	1	0	1	1	1	1	0	0
chr6.11243964.11244148	pos	1	1	0	1	1	1	0	1	0	0	0
chr6.15390403.15390579	pos	1	1	0	0	1	1	0	1	0	0	1
chr6.15502448.15502602	pos	0	1	1	0	0	1	0	1	0	0	0
chr6.16822128.16822446	pos	1	1	0	0	1	1	0	1	0	0	1
chr6.16822587.16822827	pos	1	1	1	0	1	1	0	1	0	0	1
chr6.20807107.20807805	pos	1	0	0	0	1	1	0	0	0	0	1
chr7.980063.980492	pos	1	1	0	1	1	1	0	1	1	0	1
chr7.1080523.1080787	pos	1	1	0	0	0	1	0	0	0	0	0
chr7.6837669.6837856	pos	0	0	0	0	0	0	1	0	1	0	0
chr7.8370788.8370962	pos	1	0	0	0	0	1	0	0	0	0	0
chr7.9467610.9467893	pos	0	0	0	0	0	1	0	1	0	0	0
chr7.11918012.11918255	pos	1	1	0	0	0	1	0	1	0	0	0
chr7.12442741.12442946	pos	1	1	0	0	1	1	0	0	0	0	0
chr7.14313709.14313861	pos	0	1	1	1	1	1	1	1	0	0	1
chr7.17922257.17922708	pos	1	0	0	0	1	1	0	0	0	0	0
chr7.19738883.19738987	pos	1	1	0	0	1	1	0	0	0	1	0
chr7.20403243.20403373	pos	1	1	0	0	1	1	0	0	0	0	0
chr7.21422743.21422924	pos	1	1	0	0	1	1	0	1	0	0	0
chr8.1793687.1793868	pos	1	1	0	0	1	1	0	0	0	0	0
chr8.1892534.1892675	pos	1	1	0	1	1	1	0	1	0	0	1
chr8.2876088.2876935	pos	1	1	0	0	1	1	0	0	0	0	0
chr8.13798323.13798469	pos	0	1	0	0	1	1	0	1	0	1	0
chr8.14932423.14932617	pos	1	1	1	1	1	0	0	1	0	1	0
chr8.16139110.16139421	pos	0	0	1	0	0	1	1	0	0	0	0
chrU.1724913.1725098	pos	0	0	0	0	0	0	0	0	0	0	0
unplaced-scaffold_330.130.540	pos	0	0	1	1	0	1	0	1	0	1	0
unplaced-scaffold_330.3107.4395	pos	1	1	1	1	1	1	1	1	1	1	1
chr1.1809000.1809500	neg	0	1	0	1	1	1	1	1	1	0	1
chr1.4129000.4129500	neg	0	1	1	0	0	0	1	0	1	0	0
chr1.4241000.4241500	neg	0	1	1	1	1	0	1	0	1	0	1
chr1.22694500.22695000	neg	0	1	0	1	1	1	1	1	1	0	1
chr1.24359500.24360000	neg	0	1	1	1	0	0	1	0	1	0	1
chr1.25105000.25105500	neg	1	1	0	1	1	1	0	1	0	1	0
chr2.2724500.2725000	neg	1	1	0	1	1	0	1	1	0	1	0
chr2.3817500.3818000	neg	0	1	0	1	1	0	0	1	0	1	0
chr2.6271000.6271500	neg	0	1	0	1	1	1	1	0	1	1	0
chr2.6339500.6340000	neg	1	0	0	0	0	0	1	0	0	1	0
chr2.7377500.7378000	neg	0	0	0	1	0	0	1	0	1	0	0
chr2.8520000.8520500	neg	0	0	0	0	0	1	1	0	1	0	0
chr2.9603500.9604000	neg	0	0	0	0	0	0	0	0	0	0	0
chr2.10177500.10178000	neg	0	1	1	0	0	0	1	1	1	0	0
chr2.13419000.13419500	neg	0	1	0	1	1	1	1	1	1	0	1
chr2.15485000.15485500	neg	1	1	1	1	1	1	1	1	0	1	0
chr2.16489500.16490000	neg	0	1	0	1	1	1	1	1	1	0	1
chr2.23161000.23161500	neg	1	1	0	1	1	1	0	1	0	1	0
chr2.23971000.23971500	neg	0	1	1	0	0	0	1	0	1	0	0
chr2.26219000.26219500	neg	0	0	1	0	0	0	1	0	1	0	0
chr3.4757000.4757500	neg	0	1	0	1	1	0	1	1	1	0	1
chr3.7579000.7579500	neg	0	1	1	1	1	0	0	1	0	0	1
chr3.9054000.9054500	neg	0	0	0	0	0	0	0	0	0	0	0
chr3.9562000.9562500	neg	1	1	0	1	1	0	0	0	0	1	0
chr3.10514500.10515000	neg	1	1	0	0	1	1	0	1	0	0	0
chr3.11009500.11010000	neg	0	0	1	1	0	0	1	0	1	0	1
chr3.11846500.11847000	neg	0	1	0	1	1	1	1	1	1	0	1
chr3.14849000.14849500	neg	0	1	1	1	1	0	1	1	1	0	0
chr3.17954500.17955000	neg	0	1	0	1	0	1	1	1	1	1	0
chr3.20099500.20100000	neg	0	1	1	0	1	1	1	0	1	0	1
chr4.1509500.1510000	neg	1	1	0	1	1	0	0	1	0	1	0
chr4.3781000.3781500	neg	1	0	0	0	0	0	0	0	0	1	0
chr4.5499000.5499500	neg	0	0	1	0	0	0	1	0	1	0	0
chr4.8749500.8750000	neg	1	1	0	1	1	0	0	1	0	1	0
chr4.13387500.13388000	neg	0	0	1	0	0	0	1	0	1	0	1
chr4.14747500.14748000	neg	0	0	0	0	0	0	0	0	0	0	0
chr4.16167000.16167500	neg	0	0	0	0	0	0	0	0	0	0	0
chr4.16508500.16509000	neg	0	1	1	1	1	1	1	1	1	0	1
chr4.16656000.16656500	neg	0	0	1	0	0	0	1	0	1	0	0
chr4.16922500.16923000	neg	1	1	0	1	1	1	0	1	0	0	1
chr4.17189000.17189500	neg	0	0	0	1	0	0	1	0	1	1	0
chr4.17807000.17807500	neg	0	1	0	1	1	1	1	1	1	0	1
chr4.20162000.20162500	neg	0	1	1	1	0	1	1	0	1	0	0
chr4.21010000.21010500	neg	0	0	0	0	0	0	1	0	0	1	0
chr4.26932500.26933000	neg	0	0	0	0	0	0	0	0	0	0	0
chr5.7687500.7688000	neg	0	0	0	0	0	0	1	0	0	1	0
chr5.9032000.9032500	neg	0	1	0	1	1	1	1	1	1	0	1
chr5.9112000.9112500	neg	1	1	0	1	1	1	1	1	1	0	1
chr5.13495500.13496000	neg	1	1	0	0	1	0	0	1	0	1	0
chr5.15769000.15769500	neg	0	0	0	0	0	0	0	0	0	1	0
chr5.17943500.17944000	neg	1	1	0	1	1	1	1	1	0	0	1
chr5.18325500.18326000	neg	1	1	0	1	1	0	0	1	0	1	0
chr5.18910000.18910500	neg	0	0	0	0	0	0	1	0	1	0	0
chr6.1629000.1629500	neg	0	1	0	1	1	1	1	1	1	0	1
chr6.2877000.2877500	neg	0	1	1	1	0	0	1	0	1	0	1
chr6.3743000.3743500	neg	0	1	0	1	0	1	1	0	1	0	0
chr6.3766000.3766500	neg	0	1	1	1	0	1	1	0	1	0	1
chr6.4324500.4325000	neg	0	1	0	0	0	1	1	0	1	0	1
chr6.8659000.8659500	neg	0	1	1	0	1	0	1	0	1	0	0
chr6.9393000.9393500	neg	0	1	0	1	0	1	1	0	1	0	1
chr6.9572500.9573000	neg	0	1	1	0	0	0	1	0	1	0	0
chr6.16314000.16314500	neg	0	0	0	0	0	0	0	0	0	1	0
chr6.17836500.17837000	neg	0	0	0	0	0	0	0	0	0	0	0
chr6.18475000.18475500	neg	0	0	1	1	0	1	1	0	1	0	0
chr6.19422500.19423000	neg	1	1	0	1	1	0	0	1	1	1	0
chr6.21189000.21189500	neg	0	1	0	1	0	1	1	1	1	0	1
chr6.23055000.23055500	neg	1	1	0	1	1	0	0	0	0	1	0
chr7.9071500.9072000	neg	0	1	0	0	0	0	1	0	0	0	0
chr7.9278500.9279000	neg	0	1	0	1	1	0	0	1	1	1	0
chr7.11181500.11182000	neg	0	1	1	0	0	1	1	1	1	0	0
chr7.14034500.14035000	neg	1	1	1	1	1	1	0	1	0	0	0
chr7.18986000.18986500	neg	0	1	1	0	1	0	1	1	1	0	0
chr7.21480500.21481000	neg	1	1	0	1	1	0	1	1	1	1	0
chr8.337500.338000	neg	1	1	1	1	1	0	0	1	1	1	0
chr8.1085000.1085500	neg	0	1	1	1	1	0	1	0	1	0	1
chr8.1460500.1461000	neg	1	1	0	1	1	0	1	1	1	1	1
chr8.2949500.2950000	neg	0	1	0	0	0	0	0	0	0	0	0
chr8.2999000.2999500	neg	1	1	1	1	1	1	1	1	0	1	0
chr8.5052500.5053000	neg	0	1	1	0	0	1	1	0	0	0	0
chr8.5631000.5631500	neg	0	1	0	1	1	0	1	1	0	1	0
chr8.9844500.9845000	neg	0	1	1	1	1	1	1	0	1	0	1
chr8.13589000.13589500	neg	0	0	0	0	0	0	1	0	1	0	0
chrV.3409000.3409500	neg	0	0	0	0	0	0	1	0	1	0	0
chrV.5470000.5470500	neg	0	0	0	0	0	0	1	0	1	0	0
unplaced-scaffold_035.8500.9000	neg	0	0	0	0	0	0	0	0	0	0	0
