peak	Class	H2Aub	H2AZ	H3	H3K4me1	H3K4me3	H3K9ac	H3K9me1	H3K14ac	H3K27me1	H3K27me3	H3K36me3
chr1.175209.175310	pos	0	1	1	1	1	1	1	0	1	1	1
chr1.175686.175887	pos	0	1	1	1	1	1	1	0	1	1	1
chr1.176121.179014	pos	1	1	1	1	1	1	1	1	1	1	1
chr1.196397.198246	pos	1	1	1	1	1	1	1	1	1	1	1
chr1.237492.237992	pos	1	1	0	1	1	1	1	1	1	0	1
chr1.560792.561061	pos	1	1	1	1	1	1	1	0	1	1	0
chr1.591612.591710	pos	0	1	1	1	1	0	1	1	1	0	1
chr1.761919.762012	pos	0	1	1	0	0	0	1	0	0	0	0
chr1.793972.795516	pos	1	1	1	1	1	1	1	1	1	1	1
chr1.1448365.1448534	pos	0	1	0	1	1	1	0	1	0	0	1
chr1.2411735.2412314	pos	0	1	1	1	1	1	1	1	1	1	1
chr1.2413240.2413393	pos	0	1	1	1	1	1	1	1	1	1	1
chr1.3538390.3538480	pos	0	1	1	1	1	1	1	1	1	0	1
chr1.3610287.3610379	pos	0	0	1	0	0	0	1	0	1	0	0
chr1.3759627.3759697	pos	0	0	0	1	0	0	0	0	0	0	1
chr1.3868881.3869418	pos	0	1	1	1	1	1	1	0	1	1	1
chr1.3878677.3879228	pos	0	1	1	1	1	1	1	1	1	1	1
chr1.4129684.4129789	pos	0	1	1	1	1	1	1	0	1	0	1
chr1.4348816.4348920	pos	0	0	0	0	0	0	0	0	0	0	0
chr1.5382584.5382696	pos	0	0	1	0	0	1	1	0	1	0	0
chr1.5557662.5557770	pos	0	0	1	0	0	0	1	0	1	0	0
chr1.5765425.5765736	pos	0	1	1	1	1	1	1	1	1	1	1
chr1.5945367.5945440	pos	0	1	1	1	1	1	1	1	1	1	1
chr1.5990165.5990234	pos	0	1	0	1	0	0	1	1	1	0	1
chr1.6148055.6148260	pos	1	1	1	1	1	1	1	1	1	0	1
chr1.6236227.6236302	pos	0	0	0	0	0	0	1	0	1	0	0
chr1.6505638.6505938	pos	0	1	1	1	0	0	1	1	1	1	1
chr1.6832853.6832943	pos	0	0	0	1	0	0	0	0	0	0	1
chr1.6964446.6964546	pos	0	1	1	1	1	1	1	1	1	0	1
chr1.7466169.7466296	pos	0	1	1	1	1	1	1	1	1	0	1
chr1.7626237.7626574	pos	0	1	1	1	1	1	1	0	1	1	1
chr1.7975788.7975920	pos	0	0	0	0	0	0	1	0	1	0	0
chr1.8317533.8317923	pos	1	1	1	1	1	1	0	1	0	0	1
chr1.8641073.8641220	pos	0	1	1	1	1	1	1	0	1	0	1
chr1.8710731.8711363	pos	1	1	0	0	1	1	0	0	0	0	1
chr1.8830631.8830769	pos	0	1	0	1	1	0	0	1	0	0	1
chr1.8983773.8983949	pos	0	0	0	0	0	0	1	0	1	0	0
chr1.9083409.9084019	pos	1	1	0	1	1	1	0	1	0	1	0
chr1.9142538.9142897	pos	0	0	1	0	0	0	1	0	1	0	0
chr1.9239527.9239612	pos	0	1	0	1	1	1	1	0	1	1	1
chr1.9952433.9952743	pos	0	0	0	0	0	0	0	0	0	0	0
chr1.10338157.10338314	pos	0	0	1	0	0	0	1	0	1	0	0
chr1.10440421.10440647	pos	1	1	0	1	1	0	1	1	1	0	1
chr1.11294506.11294832	pos	0	1	1	1	1	1	1	1	1	1	1
chr1.11399860.11400015	pos	0	1	0	0	0	1	1	1	1	0	1
chr1.11467551.11467869	pos	0	1	1	1	1	1	1	0	1	1	1
chr1.12349827.12349896	pos	0	0	0	0	0	1	1	0	1	0	0
chr1.12590653.12590763	pos	0	0	1	1	1	0	0	1	0	0	1
chr1.12708853.12709624	pos	1	0	0	0	1	1	0	1	0	0	1
chr1.12810398.12810518	pos	0	1	1	1	0	1	1	1	1	0	1
chr1.12938129.12938212	pos	0	1	0	1	1	1	1	0	1	1	1
chr1.13094299.13094389	pos	0	1	0	0	0	1	1	0	0	0	1
chr1.13168339.13168569	pos	0	0	0	0	0	0	1	0	1	0	0
chr1.13276555.13277171	pos	0	1	1	1	1	1	1	0	1	1	1
chr1.13666420.13666635	pos	0	0	1	0	0	0	1	0	1	0	0
chr1.14255371.14255645	pos	0	0	1	0	0	0	1	0	1	1	1
chr1.14658323.14658402	pos	0	0	1	0	0	0	1	0	1	0	0
chr1.15156220.15156853	pos	0	1	1	1	1	1	1	1	1	1	1
chr1.15157005.15157461	pos	0	1	1	1	1	1	1	1	1	1	1
chr1.15163394.15163554	pos	0	1	1	1	1	1	1	1	1	1	1
chr1.15164268.15164880	pos	0	1	1	1	1	1	1	1	1	1	1
chr1.15266297.15266573	pos	0	1	1	1	1	1	1	0	1	1	1
chr1.15779956.15780070	pos	0	0	1	0	0	0	1	0	1	0	0
chr1.16001392.16001508	pos	0	0	1	0	0	0	1	0	1	0	0
chr1.16002038.16002103	pos	0	0	1	0	0	0	1	0	1	0	0
chr1.16002413.16002512	pos	0	0	1	0	0	0	1	0	1	0	0
chr1.16237285.16237352	pos	0	0	1	0	0	0	1	0	1	0	0
chr1.16278648.16278787	pos	0	0	0	0	0	0	1	0	1	0	0
chr1.16419165.16419728	pos	0	1	1	1	1	1	1	1	1	1	1
chr1.16433393.16433779	pos	0	0	1	0	0	0	1	0	1	1	0
chr1.17120700.17120801	pos	0	1	0	1	1	0	1	0	1	0	1
chr1.17238425.17238543	pos	0	0	0	1	0	0	1	0	1	0	0
chr1.17756697.17757066	pos	1	1	0	0	1	1	0	1	0	1	0
chr1.18300139.18300291	pos	1	0	1	0	1	1	0	1	0	0	1
chr1.18936756.18936863	pos	0	0	1	0	0	0	1	0	1	0	0
chr1.19050489.19051234	pos	0	1	1	1	1	1	1	0	1	1	1
chr1.19511790.19511887	pos	0	0	1	0	0	0	1	0	1	0	0
chr1.19529075.19529172	pos	0	1	0	0	0	0	1	1	0	0	0
chr1.19750867.19751008	pos	0	1	1	0	0	0	1	0	0	0	0
chr1.19814856.19816154	pos	0	1	1	1	1	1	1	1	1	1	1
chr1.19816254.19816847	pos	0	1	1	1	1	1	1	1	1	1	1
chr1.19858731.19858935	pos	1	0	0	0	1	0	0	0	0	0	1
chr1.20225486.20225981	pos	1	1	0	1	1	0	0	1	0	1	0
chr1.20533041.20533197	pos	0	0	1	0	0	0	1	0	1	0	0
chr1.20703757.20704053	pos	0	1	1	1	1	1	0	1	1	0	1
chr1.20863164.20863706	pos	0	1	1	1	0	1	1	0	1	1	0
chr1.20864005.20864224	pos	0	1	1	1	0	1	1	0	1	1	0
chr1.20916307.20916657	pos	0	1	1	0	0	1	1	1	1	0	1
chr1.20933014.20933184	pos	1	1	0	1	1	0	0	1	0	0	1
chr1.21927963.21928093	pos	0	1	1	1	1	0	0	0	1	0	1
chr1.22103763.22103846	pos	0	0	0	1	1	1	0	1	0	0	1
chr1.22338863.22338932	pos	0	0	1	0	0	0	1	0	1	0	0
chr1.23024062.23024132	pos	0	1	0	1	0	0	1	0	0	1	0
chr1.23160944.23161083	pos	0	1	1	0	1	1	1	1	1	0	1
chr1.23641918.23642141	pos	0	0	1	1	1	0	0	1	0	0	1
chr1.23809194.23809263	pos	0	0	1	0	0	0	1	0	1	0	0
chr1.24437596.24437910	pos	1	1	0	0	1	1	0	1	0	0	0
chr1.24616012.24616276	pos	0	0	0	0	1	1	0	1	0	0	1
chr1.25085731.25085991	pos	1	1	1	1	1	1	1	1	0	0	1
chr1.25927108.25927256	pos	1	1	0	1	1	1	1	1	1	0	1
chr1.26317835.26317926	pos	1	1	1	1	1	1	1	1	1	1	1
chr1.26337523.26337674	pos	0	1	0	1	1	1	0	1	0	0	1
chr1.26366436.26366935	pos	0	1	1	1	1	1	1	1	1	1	1
chr1.26367127.26367318	pos	0	1	1	1	1	1	1	1	1	1	1
chr1.26390623.26390779	pos	0	1	1	0	0	1	1	0	1	0	0
chr1.26611262.26611327	pos	0	0	0	1	0	0	0	0	0	0	1
chr1.26845617.26845683	pos	0	0	1	1	0	0	0	1	0	0	1
chr1.26917023.26917138	pos	0	0	0	1	1	0	0	1	0	0	1
chr1.27003249.27003354	pos	0	1	0	1	1	0	0	1	0	1	0
chr1.27127993.27128513	pos	1	1	0	0	1	1	0	0	0	1	0
chr1.27464006.27464073	pos	0	1	0	1	1	1	1	1	1	0	1
chr1.27490828.27490893	pos	0	1	0	1	0	0	0	1	0	0	1
chr1.27552120.27552372	pos	1	1	1	1	1	1	1	1	1	0	0
chr1.27641254.27641324	pos	0	0	1	0	0	0	1	0	0	0	0
chr1.28108016.28108583	pos	0	1	0	1	1	1	1	1	1	0	1
chr1.28583455.28583853	pos	0	1	0	0	1	0	1	0	0	0	1
chr1.28850377.28850596	pos	0	1	1	0	0	1	1	0	1	0	0
chr1.29029400.29029564	pos	0	1	1	0	1	1	1	0	1	0	0
chr1.29431267.29431340	pos	0	0	0	0	0	0	1	0	1	1	0
chr1.29450099.29452272	pos	1	1	1	1	1	1	0	1	0	0	0
chr1.29453719.29453855	pos	0	1	0	1	1	0	0	1	0	0	1
chr1.29501483.29501582	pos	0	0	1	0	0	0	1	0	1	0	0
chr1.29866687.29866957	pos	0	1	0	1	1	1	1	1	0	0	1
chr1.30160694.30160839	pos	0	1	1	1	1	1	1	0	1	1	1
chr1.30401372.30401472	pos	1	1	0	0	1	1	0	1	0	0	1
chr1.30457470.30457565	pos	1	1	1	1	1	0	1	1	1	1	1
chr2.414495.414639	pos	0	0	0	1	1	0	0	1	0	0	1
chr2.424129.424209	pos	0	0	1	1	0	0	0	1	0	0	1
chr2.686158.686261	pos	1	1	0	0	1	0	0	1	0	1	0
chr2.1068233.1068444	pos	1	1	1	1	1	0	0	1	1	1	0
chr2.1798968.1799104	pos	1	1	0	1	1	0	1	1	0	1	0
chr2.1886763.1887381	pos	0	1	1	1	1	1	1	0	1	1	0
chr2.2228286.2228379	pos	0	1	0	0	1	1	1	0	0	0	1
chr2.2517805.2518022	pos	0	1	0	0	1	0	1	1	1	0	0
chr2.2555428.2555575	pos	1	1	0	1	1	0	0	1	0	1	0
chr2.2711634.2711721	pos	0	0	0	0	0	0	0	0	0	1	0
chr2.2863078.2863158	pos	1	1	0	1	1	0	1	1	0	1	0
chr2.2904726.2904794	pos	0	0	0	0	0	0	1	0	1	0	0
chr2.3718005.3718222	pos	0	1	1	0	0	0	1	0	1	1	0
chr2.3849731.3849911	pos	1	1	0	1	1	0	0	1	0	1	0
chr2.3983653.3984187	pos	1	1	0	1	1	0	0	1	0	1	0
chr2.4434035.4434341	pos	0	0	1	1	1	1	1	1	1	0	1
chr2.4478492.4478716	pos	0	0	1	0	0	0	1	0	1	0	0
chr2.4662233.4662305	pos	0	0	0	0	0	0	1	0	1	0	0
chr2.4720763.4720852	pos	0	0	1	0	0	0	1	0	0	1	0
chr2.4848061.4848126	pos	0	0	0	1	0	0	0	1	0	0	1
chr2.5679433.5680765	pos	0	1	1	1	1	1	1	0	1	1	1
chr2.6340145.6340213	pos	0	0	0	0	0	0	1	0	0	1	0
chr2.7340320.7340507	pos	0	0	1	0	0	0	1	0	1	1	0
chr2.7514282.7514469	pos	0	0	1	0	0	0	1	0	1	0	0
chr2.7852680.7852791	pos	0	1	0	1	0	1	0	1	0	0	1
chr2.8049891.8050009	pos	0	0	0	0	0	0	1	0	1	0	0
chr2.8334007.8334199	pos	0	0	1	1	0	1	1	1	1	0	0
chr2.8585751.8585815	pos	1	0	1	1	1	0	0	1	0	0	1
chr2.8612162.8612327	pos	1	0	0	0	1	0	0	0	0	0	0
chr2.8862430.8862496	pos	1	1	1	1	1	0	0	1	0	1	0
chr2.8870166.8870231	pos	1	1	0	1	1	0	0	1	0	1	0
chr2.9579405.9579554	pos	0	1	1	1	1	1	1	1	1	1	1
chr2.9579895.9581426	pos	0	1	1	1	1	1	1	1	1	1	1
chr2.9654315.9654514	pos	0	1	1	0	0	0	1	0	0	1	0
chr2.9701469.9701586	pos	1	1	0	1	1	0	0	1	0	0	1
chr2.9811609.9811778	pos	0	0	1	0	0	0	1	0	1	0	1
chr2.9940983.9941121	pos	1	1	1	1	1	1	1	1	1	1	1
chr2.10204307.10204431	pos	1	1	0	0	0	1	1	0	1	1	0
chr2.10668801.10669250	pos	0	1	1	1	1	1	1	1	0	1	0
chr2.10756111.10756239	pos	0	0	1	1	1	1	0	1	0	0	1
chr2.10864434.10864536	pos	0	1	0	1	1	1	1	1	1	0	1
chr2.11064831.11065231	pos	0	1	0	1	0	0	1	1	1	0	1
chr2.11108579.11108698	pos	0	0	0	1	1	0	0	1	0	0	1
chr2.11203344.11203434	pos	1	1	0	1	1	1	0	1	0	0	0
chr2.11241035.11241295	pos	1	1	0	1	1	0	1	0	1	1	0
chr2.11786874.11787059	pos	0	1	0	1	0	0	0	1	0	0	1
chr2.11861595.11862204	pos	0	1	0	1	1	1	1	1	1	0	1
chr2.11963230.11963338	pos	1	1	1	1	1	0	0	1	0	1	0
chr2.12274517.12275430	pos	0	1	1	1	0	1	1	0	1	1	0
chr2.12275547.12275914	pos	0	1	1	1	0	1	1	0	1	1	0
chr2.12514142.12514241	pos	0	0	1	0	0	0	1	0	0	1	0
chr2.12637812.12638072	pos	0	1	0	1	1	1	1	1	1	1	1
chr2.12916884.12917950	pos	0	1	1	1	1	1	1	1	1	1	1
chr2.12920013.12920076	pos	0	1	1	1	0	1	1	0	1	0	0
chr2.12948687.12948971	pos	0	1	1	1	0	1	1	0	1	0	1
chr2.13075223.13075384	pos	0	0	1	0	0	0	1	0	1	0	0
chr2.13075812.13075913	pos	0	0	1	0	0	0	1	0	1	0	0
chr2.13096669.13096788	pos	0	1	1	0	0	1	1	0	0	0	0
chr2.13207932.13207999	pos	0	0	0	0	0	0	1	0	1	0	0
chr2.13219107.13219219	pos	0	1	1	0	1	1	1	1	1	0	1
chr2.13501231.13501627	pos	1	1	0	1	1	1	0	1	0	1	0
chr2.13835146.13835316	pos	1	1	1	1	1	0	0	1	1	0	0
chr2.13921434.13921562	pos	1	1	1	1	1	0	1	1	1	1	0
chr2.13932535.13932635	pos	1	1	1	1	1	1	1	1	0	1	0
chr2.15631809.15631908	pos	1	1	0	1	1	1	0	1	0	1	0
chr2.15647936.15648120	pos	0	0	0	0	0	0	1	0	0	1	0
chr2.15689823.15690136	pos	0	1	1	0	0	1	1	0	1	1	0
chr2.15950014.15950288	pos	0	1	1	1	0	0	1	0	1	0	1
chr2.15952832.15952901	pos	0	0	1	0	0	0	1	0	1	0	0
chr2.16366594.16366716	pos	0	0	0	0	0	0	1	0	1	1	0
chr2.16685478.16685674	pos	0	1	1	0	0	0	1	0	1	0	1
chr2.16918903.16919035	pos	1	1	1	1	1	1	1	1	0	1	1
chr2.17239113.17239735	pos	0	1	1	1	1	1	1	1	1	0	1
chr2.17403574.17403870	pos	0	0	1	1	1	1	1	0	1	0	1
chr2.18068542.18068687	pos	0	0	0	0	0	0	1	0	1	0	0
chr2.18087989.18088218	pos	0	0	1	0	0	1	1	0	1	1	0
chr2.19061758.19061873	pos	0	0	1	0	0	0	1	0	1	0	0
chr2.19141932.19142094	pos	0	0	1	1	0	0	0	1	0	0	1
chr2.19722686.19723958	pos	1	1	1	1	1	1	1	1	1	1	1
chr2.19731247.19731358	pos	0	0	0	0	0	0	1	0	1	0	0
chr2.19809077.19809182	pos	1	1	1	1	1	1	1	1	1	1	1
chr2.20054028.20054158	pos	1	1	0	1	1	0	0	1	0	1	0
chr2.20186760.20186834	pos	0	0	0	0	0	0	1	0	1	1	0
chr2.21160046.21160615	pos	0	1	1	1	1	1	1	0	1	1	0
chr2.21293590.21293847	pos	1	1	0	0	1	0	0	0	0	1	0
chr2.21374452.21374519	pos	0	0	0	1	1	0	0	1	0	0	1
chr2.21476172.21476270	pos	0	0	1	0	0	0	1	0	1	0	0
chr2.22079772.22080102	pos	1	1	1	1	1	1	1	1	1	1	0
chr2.22601920.22602453	pos	0	0	1	0	0	0	1	0	0	1	0
chr2.23711696.23711831	pos	0	1	1	1	1	0	0	1	1	0	1
chr2.23742119.23742415	pos	1	1	0	1	1	1	1	1	0	0	1
chr2.24060499.24060758	pos	1	1	0	1	1	1	1	1	0	0	1
chr2.24318922.24319015	pos	0	1	1	1	1	1	1	1	1	1	1
chr2.24319160.24319542	pos	0	1	1	1	1	1	1	1	1	1	1
chr2.24441993.24442066	pos	0	0	1	1	0	1	0	0	0	0	1
chr2.25223613.25223702	pos	0	0	0	0	0	0	1	0	1	0	0
chr2.25784554.25784675	pos	0	0	1	1	0	1	1	0	1	0	0
chr2.26699577.26699642	pos	0	1	0	1	0	0	1	0	0	1	0
chr2.26887320.26887422	pos	1	1	0	1	1	0	0	1	0	1	0
chr2.27103504.27103615	pos	1	1	0	1	1	0	1	1	0	1	0
chr2.27138993.27139088	pos	0	1	0	1	0	0	0	1	0	1	0
chr2.27437868.27437966	pos	0	1	0	1	1	0	0	1	0	1	0
chr2.27473464.27473622	pos	0	0	1	1	1	0	1	1	1	0	1
chr2.27646462.27646724	pos	0	0	1	0	0	1	1	0	1	0	0
chr2.27965565.27965715	pos	1	1	0	0	1	1	1	1	1	0	1
chr2.27996196.27996496	pos	0	1	1	1	1	1	1	1	1	1	1
chr2.29192680.29192916	pos	0	1	1	1	1	1	1	1	1	1	1
chr2.29513282.29513356	pos	0	0	0	0	0	0	1	0	1	0	0
chr2.29616233.29616940	pos	0	1	1	1	0	1	1	0	1	1	0
chr3.11379.11857	pos	0	1	0	0	1	1	0	1	0	0	1
chr3.193586.193677	pos	0	0	0	0	0	0	1	0	1	0	0
chr3.419138.419284	pos	0	1	1	0	0	0	1	0	1	0	0
chr3.500272.500785	pos	1	0	0	0	1	1	0	0	0	1	0
chr3.871375.871524	pos	0	1	0	0	0	0	1	0	0	0	0
chr3.1289731.1290132	pos	0	1	0	1	1	1	1	1	1	0	1
chr3.1422932.1423212	pos	0	0	1	1	1	0	0	1	0	0	1
chr3.1487214.1487451	pos	0	1	1	1	0	1	1	0	1	1	0
chr3.1806985.1807091	pos	0	0	1	0	0	0	1	0	1	0	0
chr3.2002273.2002503	pos	0	0	1	0	0	0	1	0	0	1	0
chr3.2310147.2310296	pos	0	0	1	1	0	0	0	0	0	0	1
chr3.2398389.2398465	pos	0	1	0	1	1	1	1	1	1	0	1
chr3.2549222.2549302	pos	1	1	1	1	1	0	0	1	0	0	0
chr3.2659368.2659527	pos	1	1	0	1	1	0	1	1	1	1	1
chr3.2776064.2776457	pos	0	1	1	0	0	0	1	0	1	0	0
chr3.4388153.4388317	pos	1	1	0	1	1	0	0	0	0	1	0
chr3.4501485.4501559	pos	0	1	1	0	0	0	1	0	1	0	0
chr3.5378042.5378309	pos	0	1	1	0	0	0	1	0	1	1	0
chr3.6538422.6538544	pos	1	1	1	0	0	0	1	0	0	0	0
chr3.6741912.6742431	pos	1	1	1	0	1	1	1	1	0	1	1
chr3.6863644.6863782	pos	0	0	0	0	0	0	1	0	1	0	0
chr3.7516537.7517226	pos	1	1	0	0	1	1	0	1	0	0	1
chr3.7521657.7521830	pos	0	1	1	1	1	1	1	1	1	0	1
chr3.7668652.7668724	pos	1	1	1	0	0	0	1	0	0	1	0
chr3.7825862.7826010	pos	1	1	0	1	1	0	0	1	0	0	1
chr3.7919418.7919484	pos	0	1	0	1	1	1	1	1	1	1	1
chr3.7920067.7920163	pos	0	1	0	1	1	1	1	1	1	1	1
chr3.7984573.7984683	pos	1	1	0	1	1	1	1	1	1	0	1
chr3.8074090.8074294	pos	0	1	0	1	1	1	1	0	1	1	0
chr3.8393592.8393698	pos	0	0	1	1	1	1	0	0	0	0	1
chr3.8617423.8617528	pos	0	0	1	0	0	0	1	0	1	0	0
chr3.9462064.9462210	pos	0	1	1	1	1	1	1	0	1	1	1
chr3.9464539.9464754	pos	1	1	0	1	1	0	0	1	0	1	0
chr3.9765986.9766086	pos	1	1	1	1	1	1	1	1	1	0	1
chr3.9832726.9832851	pos	0	1	1	0	0	0	1	0	1	1	0
chr3.10120965.10121054	pos	1	1	0	1	1	0	0	1	0	1	0
chr3.10792063.10792363	pos	0	0	1	1	0	1	1	1	1	1	0
chr3.10910422.10910643	pos	0	0	1	0	0	0	1	0	1	0	0
chr3.10914311.10914396	pos	0	0	0	1	0	0	1	0	1	1	0
chr3.11546349.11546619	pos	0	0	1	0	0	0	1	0	1	1	0
chr3.11832510.11832854	pos	0	1	1	1	1	0	1	1	1	1	1
chr3.12124983.12125085	pos	0	0	1	0	0	0	1	0	1	1	0
chr3.12150914.12151062	pos	0	0	1	0	0	0	1	0	0	1	0
chr3.12509750.12509916	pos	1	1	1	1	1	0	1	0	0	1	0
chr3.13137968.13138085	pos	0	1	1	1	0	0	1	0	0	1	0
chr3.13325291.13326665	pos	1	1	1	1	1	1	1	0	1	1	1
chr3.13327508.13327581	pos	0	1	1	1	1	1	0	0	0	1	1
chr3.13549793.13550084	pos	1	1	1	1	1	1	1	0	0	1	0
chr3.13557781.13557934	pos	1	1	1	1	1	0	1	1	0	1	0
chr3.13558403.13558545	pos	1	1	1	1	1	0	1	1	0	1	0
chr3.13846851.13846953	pos	1	1	0	1	1	0	0	1	0	1	0
chr3.14102930.14103370	pos	0	1	1	1	1	1	1	1	1	1	1
chr3.14283304.14283374	pos	0	1	0	1	0	0	0	0	1	0	0
chr3.14798833.14798901	pos	0	0	1	1	0	0	0	0	0	0	1
chr3.15046542.15046684	pos	1	1	0	1	1	1	1	1	1	0	1
chr3.15054751.15055335	pos	0	0	1	1	1	1	1	1	1	1	1
chr3.15338040.15338121	pos	0	1	1	1	0	1	1	0	1	0	1
chr3.15359274.15359380	pos	0	1	0	1	1	1	0	1	0	0	1
chr3.15868336.15868399	pos	0	0	0	0	0	0	1	0	1	0	0
chr3.15924187.15924397	pos	0	1	1	1	1	1	1	1	1	1	0
chr3.16015044.16015113	pos	0	0	1	0	0	0	1	0	1	0	0
chr3.16122473.16122667	pos	1	0	1	1	1	0	0	1	0	0	1
chr3.16729517.16729769	pos	1	1	0	1	1	1	1	1	1	1	0
chr3.16908727.16908820	pos	0	0	1	0	0	0	1	0	1	0	0
chr3.17405619.17405775	pos	0	0	1	0	0	0	1	0	1	0	0
chr3.17416302.17416378	pos	0	0	1	0	0	0	1	0	1	0	0
chr3.17676422.17676514	pos	1	1	0	1	1	0	1	1	0	1	0
chr3.17987998.17988139	pos	1	1	1	1	1	0	1	1	1	0	0
chr3.17996053.17996182	pos	0	0	0	0	0	0	1	0	1	0	0
chr3.18010170.18010298	pos	1	1	0	1	1	1	0	1	0	0	1
chr3.18316572.18316685	pos	0	1	0	1	0	0	1	1	1	0	0
chr3.18721964.18722055	pos	0	1	0	1	1	0	0	1	0	1	0
chr3.18732210.18732346	pos	1	1	0	1	1	0	0	1	0	1	0
chr3.18732526.18732614	pos	1	1	0	1	1	0	0	1	0	1	0
chr3.19087616.19087804	pos	0	1	1	1	1	1	1	1	1	1	1
chr3.19390507.19390613	pos	0	0	0	0	0	0	1	0	1	0	0
chr3.19466305.19466385	pos	0	0	0	0	0	0	0	0	0	0	0
chr3.19893324.19893400	pos	0	0	1	0	0	0	1	0	0	1	0
chr3.19962730.19963006	pos	1	1	0	1	1	0	0	1	0	1	0
chr3.21212312.21212466	pos	0	1	1	1	0	0	1	0	1	1	1
chr3.22696049.22696216	pos	0	1	1	0	0	1	1	1	0	0	1
chr3.22769066.22769158	pos	1	0	0	0	1	1	0	1	0	0	1
chr3.22897006.22897174	pos	0	0	1	1	1	0	0	1	0	0	1
chr3.22994251.22994320	pos	1	1	1	1	1	0	1	1	1	1	0
chr3.23572094.23572179	pos	0	0	0	0	0	0	1	0	1	0	0
chr3.23754767.23754855	pos	0	1	1	1	0	0	1	1	1	0	0
chr3.24278302.24278636	pos	0	1	1	1	0	0	1	0	1	0	1
chr3.25463483.25464109	pos	1	1	1	1	1	1	1	1	1	1	1
chr3.25464511.25464820	pos	1	1	1	1	1	1	1	1	1	1	1
chr3.25559721.25560304	pos	0	1	1	1	1	1	1	1	1	1	1
chr3.25838707.25838951	pos	0	1	1	1	1	0	1	1	1	1	0
chr3.26134315.26134695	pos	0	0	1	0	0	0	1	0	1	0	0
chr3.26177324.26177397	pos	0	0	1	0	0	1	1	0	0	0	0
chr3.26266544.26266626	pos	0	1	1	1	1	1	1	1	1	1	0
chr3.26449091.26449379	pos	0	1	0	0	0	0	1	0	1	1	0
chr3.26477387.26477515	pos	0	0	1	0	0	0	1	0	1	0	0
chr3.26597390.26597635	pos	0	0	1	0	0	0	1	0	1	0	0
chr3.27076209.27076277	pos	0	0	0	0	0	0	1	0	1	0	0
chr4.51925.52023	pos	0	1	0	1	1	1	1	1	1	0	1
chr4.199357.199461	pos	0	1	1	1	1	1	1	1	1	0	0
chr4.297220.297353	pos	1	1	1	0	1	1	1	0	0	1	0
chr4.591591.591784	pos	1	1	0	1	1	1	0	0	0	1	0
chr4.784321.784649	pos	0	0	1	0	0	1	1	0	1	1	0
chr4.1276424.1276634	pos	0	0	1	0	0	0	1	0	1	1	0
chr4.1923130.1923736	pos	0	1	0	1	1	1	0	1	0	0	1
chr4.2063045.2063338	pos	1	1	0	1	1	1	1	0	1	0	1
chr4.2270861.2270985	pos	0	1	1	1	0	1	1	1	0	0	1
chr4.2345731.2345816	pos	0	0	1	0	0	0	0	0	0	1	0
chr4.2521743.2521928	pos	0	1	1	1	1	1	1	1	1	0	1
chr4.3146431.3146785	pos	1	1	0	0	1	1	0	1	0	0	1
chr4.3150509.3150660	pos	0	1	0	1	1	1	1	0	1	0	1
chr4.3622273.3622616	pos	0	1	1	1	1	0	1	1	1	1	1
chr4.3645714.3645903	pos	0	1	0	0	1	0	1	0	1	1	0
chr4.4533784.4534319	pos	0	1	1	1	1	1	1	1	1	1	1
chr4.4552697.4554677	pos	1	1	1	1	1	1	1	1	1	1	1
chr4.5262825.5262947	pos	0	1	0	0	0	0	1	0	0	1	0
chr4.5326421.5326719	pos	0	1	0	1	1	0	1	1	0	1	0
chr4.5400909.5400995	pos	1	1	1	1	1	0	1	1	0	1	0
chr4.5764531.5764606	pos	1	1	0	1	1	0	0	1	0	1	0
chr4.5952664.5952981	pos	0	0	1	1	1	1	1	0	1	1	0
chr4.5965391.5965455	pos	0	1	0	1	1	1	1	1	1	0	1
chr4.6245905.6246428	pos	0	1	1	1	1	1	1	1	1	1	1
chr4.6560792.6561082	pos	1	1	0	1	1	0	0	1	0	0	1
chr4.7250891.7251124	pos	0	0	1	0	0	0	1	0	1	0	0
chr4.7935389.7935492	pos	0	1	1	1	1	1	1	1	0	0	1
chr4.8681229.8681369	pos	0	1	0	0	0	0	1	0	0	1	0
chr4.9063459.9063876	pos	0	0	1	0	0	1	1	0	1	0	0
chr4.9064599.9064844	pos	0	1	1	1	1	1	0	1	1	0	1
chr4.9137276.9137349	pos	0	1	0	1	0	1	1	0	1	1	1
chr4.9151378.9151517	pos	0	0	0	0	0	0	1	0	1	1	0
chr4.9473461.9473900	pos	0	0	1	0	0	1	1	0	0	1	0
chr4.9611795.9611869	pos	1	1	0	1	1	0	1	1	1	1	0
chr4.9621422.9622820	pos	0	1	1	1	1	1	1	1	1	1	1
chr4.9673566.9673658	pos	0	0	0	1	1	1	0	0	0	0	1
chr4.10248032.10248126	pos	0	1	0	1	1	1	1	1	0	0	0
chr4.10539792.10539861	pos	1	1	0	0	1	1	0	1	0	1	0
chr4.11043747.11043873	pos	0	1	0	0	1	0	1	0	0	1	0
chr4.11274357.11274591	pos	0	1	1	1	1	1	0	1	0	1	1
chr4.12330411.12330513	pos	0	0	1	0	0	0	1	0	1	0	0
chr4.12718422.12718699	pos	0	1	0	1	1	1	1	1	1	0	1
chr4.12803311.12803414	pos	0	1	1	1	0	0	1	0	1	0	0
chr4.12869049.12869311	pos	0	1	1	1	1	1	1	0	1	0	0
chr4.12878516.12878629	pos	0	1	0	1	0	0	1	0	1	0	1
chr4.12918837.12918957	pos	0	1	1	1	1	0	1	1	1	0	1
chr4.13080356.13080477	pos	0	1	0	0	0	1	0	0	0	0	0
chr4.14178781.14178967	pos	0	0	1	0	0	0	1	0	1	0	0
chr4.14325903.14325977	pos	1	1	0	1	1	0	0	1	0	1	0
chr4.15000771.15000902	pos	1	0	0	0	1	1	0	0	0	0	1
chr4.15348544.15348607	pos	0	0	0	0	0	0	1	0	0	1	0
chr4.16050301.16050597	pos	0	1	1	1	1	1	1	1	1	1	1
chr4.16512000.16512207	pos	0	0	0	0	0	0	1	0	1	0	0
chr4.16578752.16578822	pos	0	0	0	0	0	0	1	0	0	0	0
chr4.16617224.16617896	pos	1	1	1	1	1	1	1	0	1	1	1
chr4.16621482.16621601	pos	1	1	0	1	1	0	0	0	0	1	0
chr4.16624312.16624560	pos	1	1	0	0	1	0	0	0	0	1	0
chr4.17475015.17475148	pos	0	0	1	1	1	1	1	1	1	0	1
chr4.17475351.17475536	pos	0	0	1	1	1	1	1	1	1	0	1
chr4.18366458.18367247	pos	0	0	0	0	1	1	0	0	0	0	1
chr4.18633319.18633398	pos	0	0	1	0	0	0	1	0	1	1	0
chr4.18643662.18644024	pos	1	1	0	1	1	1	0	1	0	0	1
chr4.18875749.18875846	pos	1	1	1	1	1	0	0	1	0	1	0
chr4.18965072.18965164	pos	1	1	1	1	1	0	0	1	0	1	0
chr4.19233318.19233406	pos	1	1	0	1	1	1	0	1	1	0	0
chr4.19744179.19744505	pos	0	1	1	1	0	0	1	0	1	0	0
chr4.19875393.19875470	pos	0	1	0	0	0	0	1	0	1	1	0
chr4.19885891.19885983	pos	0	0	0	0	0	0	1	0	1	0	0
chr4.20509722.20509901	pos	0	1	1	1	1	1	1	1	1	0	1
chr4.20609828.20610069	pos	0	1	0	0	1	1	1	1	1	0	1
chr4.20812267.20813154	pos	1	1	1	1	1	1	1	1	1	1	1
chr4.21098632.21098997	pos	1	1	1	1	1	0	1	1	1	1	0
chr4.21442937.21443004	pos	0	0	0	0	0	0	1	0	1	0	0
chr4.21462629.21462818	pos	0	1	1	1	0	0	1	1	1	0	0
chr4.21542836.21542901	pos	0	0	0	0	0	0	1	0	1	1	0
chr4.21659806.21660025	pos	0	0	1	1	1	1	0	1	0	0	1
chr4.21863810.21863905	pos	1	1	0	1	1	0	1	1	0	1	0
chr4.21875508.21875686	pos	1	1	0	1	1	1	1	1	1	1	0
chr4.22162089.22162585	pos	0	1	1	1	1	1	1	1	1	0	1
chr4.22433158.22433337	pos	0	1	1	1	1	0	0	1	0	0	1
chr4.22888432.22888495	pos	0	0	1	0	0	0	1	0	1	0	0
chr4.22941190.22941831	pos	0	1	1	1	1	1	1	1	1	1	1
chr4.22947870.22947940	pos	0	0	0	0	0	0	1	0	1	0	0
chr4.22998501.22998741	pos	0	0	1	0	0	0	1	0	1	0	0
chr4.22999226.22999299	pos	0	0	1	0	0	0	1	0	1	0	0
chr4.23032195.23032276	pos	0	1	1	1	1	0	1	0	1	0	0
chr4.23300363.23300608	pos	0	1	0	0	1	1	0	1	0	1	1
chr4.23544321.23544508	pos	0	1	1	1	1	1	0	1	0	0	0
chr4.23876670.23877225	pos	1	1	1	1	1	1	0	1	0	0	1
chr4.24335404.24335622	pos	0	1	1	1	0	1	1	0	1	1	1
chr4.24504177.24504277	pos	0	1	1	1	0	1	1	0	0	0	0
chr4.24890218.24890659	pos	1	1	0	1	1	0	1	0	1	1	0
chr4.25056417.25056570	pos	1	1	0	1	1	0	1	0	1	1	0
chr4.25087287.25087375	pos	0	0	0	0	0	0	1	0	1	0	0
chr4.25098476.25098558	pos	0	0	0	1	0	0	0	0	0	0	1
chr4.25114507.25114599	pos	1	1	1	1	1	1	1	1	1	0	0
chr4.25232594.25232694	pos	0	1	1	0	0	1	0	0	0	0	0
chr4.25315477.25315566	pos	0	1	1	1	1	0	1	1	0	1	1
chr4.25364819.25364973	pos	1	1	0	1	1	1	0	1	0	0	1
chr4.26180802.26180882	pos	0	0	1	0	0	0	1	0	1	0	0
chr4.26211307.26211820	pos	0	0	1	0	0	1	1	0	1	0	0
chr4.26398310.26398656	pos	1	1	0	0	1	1	0	1	0	0	1
chr4.26513021.26513093	pos	0	0	0	1	0	0	0	1	0	0	1
chr4.26591638.26591803	pos	0	0	0	0	0	0	0	0	1	0	0
chr4.26693454.26693527	pos	0	0	1	0	0	0	1	0	1	0	0
chr5.62773.63101	pos	0	1	0	0	1	1	1	1	1	0	1
chr5.124761.124924	pos	0	1	1	1	0	0	1	1	1	0	1
chr5.159646.159989	pos	0	1	0	1	1	1	0	1	0	0	1
chr5.186906.187058	pos	1	1	0	1	1	1	1	1	1	0	0
chr5.399483.399738	pos	0	0	0	0	0	0	1	0	0	1	0
chr5.2402256.2402326	pos	1	1	0	1	1	1	1	1	0	0	1
chr5.3079046.3079139	pos	1	1	1	1	1	1	1	1	1	1	0
chr5.3192467.3192844	pos	0	1	1	1	0	0	1	1	0	1	0
chr5.3227799.3228091	pos	1	1	0	1	1	0	0	1	0	1	0
chr5.3468726.3468829	pos	0	0	0	1	0	0	0	1	0	0	1
chr5.3866329.3866433	pos	1	1	0	1	1	1	0	1	0	1	0
chr5.4049167.4049596	pos	1	1	1	1	1	1	0	1	0	0	0
chr5.4710553.4710733	pos	0	1	0	0	0	1	1	1	0	1	0
chr5.4729917.4729997	pos	0	0	0	1	0	0	1	0	0	0	1
chr5.4744281.4744396	pos	0	1	1	1	1	1	1	1	0	1	1
chr5.4760940.4761160	pos	0	0	1	0	0	0	1	0	1	1	0
chr5.4804213.4804320	pos	1	1	0	1	1	0	1	0	0	1	0
chr5.4927010.4927312	pos	1	1	0	0	1	1	0	1	0	0	0
chr5.4939614.4939800	pos	1	1	1	1	1	1	1	1	1	0	0
chr5.5846565.5846740	pos	0	1	0	1	1	1	1	1	1	0	1
chr5.5875312.5875758	pos	0	1	0	1	1	1	0	1	0	0	1
chr5.6342887.6343019	pos	0	1	1	1	1	1	1	0	1	1	1
chr5.6618147.6618313	pos	0	1	1	1	1	0	1	0	1	1	1
chr5.6638434.6638860	pos	0	1	1	1	0	1	1	0	1	1	0
chr5.7472590.7472659	pos	1	1	1	1	1	1	0	1	1	0	1
chr5.7640858.7640962	pos	0	0	0	0	0	0	1	0	0	1	0
chr5.8534823.8534939	pos	0	1	0	1	0	0	0	1	0	1	0
chr5.8929277.8929340	pos	0	1	0	1	1	0	1	1	1	0	1
chr5.9238112.9238193	pos	0	1	1	1	0	0	1	0	1	1	0
chr5.9714714.9715533	pos	1	1	0	1	1	1	0	1	0	0	0
chr5.9904269.9904345	pos	0	0	0	0	0	0	1	0	1	0	0
chr5.10131915.10132417	pos	1	1	1	1	1	1	1	1	1	1	1
chr5.10286601.10286703	pos	0	1	0	1	1	0	1	0	1	0	0
chr5.10386306.10387038	pos	0	1	0	1	1	0	0	1	0	0	1
chr5.10643499.10643634	pos	0	0	1	0	0	0	1	0	1	0	0
chr5.10648864.10648995	pos	0	0	0	0	0	0	1	0	1	0	0
chr5.10649172.10649334	pos	0	0	0	0	0	0	1	0	1	0	0
chr5.10983134.10983351	pos	0	1	0	1	1	1	1	1	1	1	1
chr5.11402914.11403052	pos	0	1	1	1	1	0	0	1	0	1	0
chr5.11423271.11424398	pos	0	1	1	1	1	1	1	0	1	1	1
chr5.11424584.11424720	pos	0	1	1	1	1	1	1	0	1	1	1
chr5.11567912.11569660	pos	1	1	1	1	1	1	1	1	1	1	1
chr5.11570145.11571610	pos	1	1	1	1	1	1	1	1	1	1	1
chr5.11571800.11572098	pos	1	1	1	1	1	1	1	1	1	1	1
chr5.11572803.11572920	pos	0	1	1	1	1	1	1	1	1	1	1
chr5.11682573.11682682	pos	0	0	0	1	1	1	0	0	0	0	1
chr5.11950034.11950138	pos	1	1	1	1	1	0	1	1	1	1	0
chr5.12133842.12134087	pos	1	1	0	0	1	1	0	1	0	0	1
chr5.13196368.13196567	pos	0	1	1	1	1	0	1	1	1	1	1
chr5.13216830.13217102	pos	1	1	1	1	1	1	1	1	0	1	0
chr5.13302061.13302252	pos	0	0	1	0	0	0	1	0	0	1	0
chr5.13412363.13413176	pos	1	1	1	1	1	0	1	1	0	1	0
chr5.13416033.13416190	pos	1	1	1	1	1	1	0	1	0	1	0
chr5.13742627.13742863	pos	0	1	1	1	1	1	1	1	1	1	1
chr5.13902592.13902696	pos	0	0	1	0	0	0	1	0	1	0	0
chr5.14206125.14206214	pos	0	1	1	1	0	0	1	0	0	1	0
chr5.14354176.14354247	pos	0	0	1	0	0	0	1	0	1	1	0
chr5.14404598.14404716	pos	0	0	0	1	0	0	0	0	0	0	1
chr5.14989827.14990008	pos	1	1	1	1	1	0	0	1	0	1	0
chr5.15097693.15097793	pos	0	0	1	0	0	0	1	0	0	1	0
chr5.15486764.15486926	pos	1	1	0	1	1	1	0	1	0	1	0
chr5.15569041.15569107	pos	0	0	0	1	0	0	0	1	0	0	1
chr5.16222653.16222750	pos	0	0	0	1	0	0	0	0	1	1	0
chr5.16926467.16926546	pos	0	1	0	1	1	0	1	1	0	1	1
chr5.17025773.17025866	pos	0	1	1	0	1	0	1	0	0	0	0
chr5.17132841.17133321	pos	0	1	1	1	1	1	1	1	1	1	1
chr5.17652385.17652602	pos	0	1	1	1	1	1	1	1	1	0	0
chr5.17730901.17730975	pos	0	1	1	0	0	1	1	1	1	1	0
chr5.18245179.18245242	pos	0	0	0	0	0	0	1	0	0	1	0
chr5.18320950.18321023	pos	0	0	1	0	0	0	0	0	0	1	0
chr5.18615562.18615717	pos	0	1	0	1	0	0	1	1	0	1	0
chr5.19011671.19011744	pos	0	1	0	1	1	0	1	0	1	0	1
chr5.19195340.19195461	pos	0	0	1	0	0	0	1	0	1	0	0
chr5.19281649.19281816	pos	0	1	1	1	1	1	1	1	1	0	0
chr5.19903659.19903758	pos	0	0	0	0	0	0	1	0	1	0	0
chr5.20091110.20091258	pos	0	0	0	0	0	0	1	0	1	0	0
chr5.20444893.20445463	pos	1	1	1	0	1	1	0	1	0	0	1
chr5.20504710.20504910	pos	1	1	1	1	1	0	1	1	0	1	0
chr5.20780262.20780402	pos	1	1	0	1	1	1	1	1	1	0	0
chr5.21033022.21033536	pos	1	1	1	1	1	1	1	1	0	1	0
chr5.21199241.21199408	pos	0	1	1	1	1	1	1	1	1	1	1
chr5.21421312.21421469	pos	0	1	1	0	1	0	1	1	0	1	0
chr5.21771993.21772056	pos	1	1	0	1	1	1	0	1	0	1	1
chr5.21816968.21817237	pos	1	1	0	1	1	1	0	1	0	0	1
chr5.22488846.22488956	pos	0	0	1	1	1	1	1	0	1	1	1
chr5.22597486.22597591	pos	0	0	1	1	0	0	0	0	0	0	1
chr5.22791652.22791723	pos	1	1	0	1	1	0	1	0	1	1	0
chr5.22931395.22931538	pos	0	0	0	0	0	0	1	0	0	1	0
chr5.23018760.23018933	pos	0	1	1	1	1	1	1	1	0	1	1
chr5.23019771.23019960	pos	0	1	1	1	1	1	1	1	1	1	1
chr5.23350814.23350947	pos	0	1	1	1	1	0	1	1	0	1	0
chr5.23631228.23631353	pos	1	1	1	1	1	0	1	1	1	1	0
chr5.24245884.24246162	pos	1	1	1	1	1	1	0	1	0	0	1
chr5.24256671.24256865	pos	0	1	0	1	1	0	1	0	0	0	1
chr5.24413677.24413741	pos	0	0	1	1	1	0	0	1	0	0	1
chr5.24422515.24422685	pos	1	1	0	1	1	1	0	1	0	0	1
chr5.24476048.24476243	pos	1	1	1	0	0	1	1	0	0	1	0
chr5.24555924.24556736	pos	0	1	1	1	0	1	0	1	0	1	1
chr5.24626424.24626544	pos	0	0	1	0	0	0	1	0	1	0	0
chr5.25071575.25071730	pos	0	1	0	1	1	1	1	1	1	0	1
chr5.25241690.25241894	pos	0	0	1	0	0	0	1	0	0	1	0
chr5.25242598.25243291	pos	0	1	1	0	0	1	1	0	0	1	0
chr5.25555378.25555635	pos	1	1	0	1	1	0	1	1	1	1	0
chr5.25584865.25584971	pos	0	1	0	1	1	1	1	1	1	0	0
chr5.26009304.26009399	pos	0	1	0	1	1	0	0	1	0	0	1
chr5.26172489.26172795	pos	0	1	1	1	0	0	1	0	1	1	1
chr5.26247528.26247604	pos	0	0	0	0	0	0	1	0	1	0	0
chr5.26559137.26559248	pos	1	1	0	1	1	1	0	1	0	0	0
chr5.26647694.26647871	pos	0	0	1	1	1	0	1	1	1	0	1
chr5.26677367.26677506	pos	1	1	1	1	1	1	1	1	1	0	1
chr6.525835.525936	pos	0	1	1	1	0	0	1	0	1	1	1
chr6.577543.577928	pos	0	0	1	0	0	0	1	0	1	0	0
chr6.887750.888125	pos	0	1	0	1	1	1	1	1	1	0	1
chr6.931737.931842	pos	0	0	0	0	0	0	1	0	1	1	0
chr6.1097776.1097942	pos	1	1	0	1	1	0	1	1	1	1	0
chr6.1285272.1285361	pos	0	1	1	0	0	1	1	1	0	0	0
chr6.1417487.1417933	pos	0	0	0	0	0	0	1	0	1	0	0
chr6.1790646.1790957	pos	0	1	1	1	1	1	1	0	1	1	0
chr6.1945759.1945850	pos	0	1	1	1	1	1	1	1	1	1	1
chr6.2195655.2195731	pos	1	1	1	1	1	0	0	1	0	0	1
chr6.2547343.2547470	pos	0	1	0	0	1	1	1	0	0	1	0
chr6.2703946.2704048	pos	0	1	0	1	0	0	1	0	1	0	0
chr6.3328640.3328811	pos	1	1	1	1	1	1	1	1	1	0	0
chr6.3336821.3337371	pos	1	1	0	0	1	1	0	1	0	0	1
chr6.3398057.3398223	pos	1	1	0	1	1	0	0	0	0	1	0
chr6.3843002.3843177	pos	0	0	0	1	0	0	0	0	0	0	1
chr6.4185622.4185901	pos	0	1	0	1	1	1	1	1	1	1	0
chr6.4905259.4905377	pos	0	1	1	1	1	1	1	0	0	0	0
chr6.4961662.4961847	pos	0	0	0	0	0	0	1	0	1	1	0
chr6.5086430.5086548	pos	1	1	0	0	1	1	0	1	0	0	0
chr6.5555732.5555807	pos	0	0	0	1	0	0	0	0	0	0	1
chr6.5569885.5570174	pos	0	1	0	1	1	1	1	1	1	0	1
chr6.5591461.5591602	pos	0	0	1	0	0	0	1	0	1	1	0
chr6.5626131.5626355	pos	1	1	0	1	1	0	0	1	0	1	0
chr6.5681606.5681697	pos	0	1	0	1	0	0	1	1	0	1	0
chr6.5902242.5902323	pos	0	1	0	1	1	0	1	1	0	0	1
chr6.6018485.6018902	pos	0	1	1	1	1	1	1	1	1	1	1
chr6.6020241.6022787	pos	0	1	1	1	1	1	1	1	1	1	1
chr6.6026470.6027123	pos	0	1	1	0	0	1	1	0	1	1	0
chr6.6163075.6163738	pos	0	1	0	1	1	1	1	1	0	0	1
chr6.6354007.6354316	pos	0	0	0	0	0	0	1	0	0	0	0
chr6.6484996.6485174	pos	0	0	0	0	0	0	1	0	1	0	0
chr6.6583360.6583455	pos	0	0	1	0	0	0	1	0	1	0	0
chr6.6804364.6804484	pos	0	0	0	0	0	0	0	0	0	1	0
chr6.7059768.7059893	pos	0	0	0	0	0	0	1	0	0	1	0
chr6.7152261.7152359	pos	0	1	0	1	1	1	1	1	1	1	1
chr6.7264985.7265076	pos	1	1	0	1	1	1	0	0	0	1	0
chr6.7440267.7440562	pos	0	1	0	1	1	1	1	1	0	0	1
chr6.7894131.7894234	pos	0	0	1	0	0	1	1	0	0	0	0
chr6.8007690.8007943	pos	1	1	0	1	1	1	1	1	1	0	1
chr6.8112801.8112869	pos	0	1	0	0	0	0	1	1	0	1	0
chr6.8253434.8253697	pos	0	0	1	0	0	0	1	0	0	1	0
chr6.8654495.8654621	pos	1	1	0	1	1	0	0	1	1	0	1
chr6.8763692.8763943	pos	0	0	1	0	0	0	1	0	1	1	0
chr6.9088632.9089553	pos	1	1	1	1	1	1	1	1	1	1	1
chr6.9865548.9865814	pos	0	1	1	1	0	0	0	1	1	0	1
chr6.9969637.9969829	pos	0	0	1	0	0	0	1	0	1	0	0
chr6.10062713.10062857	pos	0	1	0	1	1	1	1	1	1	0	1
chr6.10689033.10689161	pos	0	0	1	0	0	0	1	0	1	0	0
chr6.10824272.10824453	pos	0	1	1	1	0	1	0	1	0	0	1
chr6.10826094.10826161	pos	0	0	1	1	0	0	0	1	0	0	1
chr6.11037140.11037228	pos	1	1	0	1	1	1	0	1	0	0	0
chr6.11327047.11327186	pos	1	1	0	1	1	1	1	1	1	0	0
chr6.11460950.11461127	pos	0	0	1	0	0	0	1	0	1	0	0
chr6.11779445.11780489	pos	0	1	1	1	1	1	0	1	0	1	1
chr6.12411545.12411714	pos	1	1	1	1	1	0	0	1	0	1	0
chr6.12580492.12580719	pos	0	1	1	1	0	0	1	0	1	0	0
chr6.12895525.12895622	pos	1	1	0	1	1	0	1	1	0	1	0
chr6.13480497.13480665	pos	1	0	0	0	0	0	0	0	0	0	0
chr6.13570746.13570916	pos	0	0	0	0	0	0	1	0	1	1	0
chr6.13628389.13628613	pos	0	1	0	0	0	0	1	0	1	1	0
chr6.13760151.13760589	pos	1	1	0	1	1	1	0	1	0	0	1
chr6.13905828.13906479	pos	1	0	0	0	1	1	0	1	0	0	1
chr6.13993631.13993840	pos	1	1	0	1	1	0	0	1	0	1	0
chr6.14175149.14175278	pos	1	0	1	1	1	1	0	1	0	0	1
chr6.14349708.14350678	pos	1	1	0	1	1	0	1	1	0	0	0
chr6.14499184.14499292	pos	0	0	1	0	0	0	1	0	1	0	0
chr6.14622758.14623065	pos	0	1	1	1	0	0	1	1	0	1	0
chr6.14751547.14751671	pos	0	0	0	0	0	0	1	0	1	1	0
chr6.15429742.15430008	pos	0	1	1	0	1	0	1	1	1	0	1
chr6.15444533.15444642	pos	0	0	1	0	0	0	1	0	1	0	0
chr6.15459109.15459187	pos	0	0	0	0	0	0	1	0	1	0	0
chr6.15966075.15966233	pos	1	0	0	0	1	1	0	0	0	0	1
chr6.16369736.16369800	pos	0	0	1	0	0	0	0	0	0	1	0
chr6.16425746.16425930	pos	0	1	0	1	1	1	1	1	0	1	1
chr6.18034060.18034199	pos	1	1	0	1	1	0	0	1	0	0	1
chr6.18099101.18099387	pos	0	1	0	1	1	1	1	1	0	0	1
chr6.18194877.18195013	pos	0	1	0	0	0	1	1	1	0	1	0
chr6.18476776.18476894	pos	0	0	1	0	0	0	1	0	1	0	0
chr6.18809755.18809874	pos	0	1	0	0	1	1	0	1	0	1	0
chr6.19542418.19542603	pos	1	1	1	1	1	0	0	1	0	1	0
chr6.19992835.19992981	pos	0	1	1	1	1	0	0	0	0	1	0
chr6.20315083.20315338	pos	0	1	1	1	1	0	0	1	1	1	1
chr6.20502740.20502818	pos	0	0	0	0	0	0	0	0	1	0	0
chr6.20929807.20929999	pos	0	1	1	1	1	1	0	1	0	0	1
chr6.21277574.21277656	pos	0	0	1	0	0	0	1	0	1	0	0
chr6.21626993.21627543	pos	0	1	1	1	1	1	1	0	1	1	1
chr6.21986765.21986918	pos	1	1	0	1	1	1	1	1	0	0	1
chr6.22544817.22544919	pos	0	0	0	1	1	0	0	1	0	0	1
chr6.22806484.22806566	pos	1	1	0	1	1	0	1	1	1	1	0
chr6.23009578.23009671	pos	0	1	1	1	1	1	0	1	0	1	0
chr6.23713402.23713528	pos	0	0	0	1	0	0	1	1	0	0	1
chr6.23744980.23745286	pos	0	1	1	1	1	1	1	1	1	1	1
chr6.23745492.23746792	pos	0	1	1	1	1	1	1	1	1	1	1
chr6.23810422.23810561	pos	0	0	1	0	0	0	1	0	1	0	0
chr7.391843.391956	pos	0	0	1	1	0	1	1	0	1	0	0
chr7.492442.492914	pos	0	1	1	1	1	0	1	1	1	0	1
chr7.914751.914819	pos	0	0	0	0	0	0	0	0	0	0	0
chr7.1204822.1205117	pos	0	1	1	1	1	1	1	1	1	0	1
chr7.1290532.1291045	pos	0	1	1	1	1	1	1	1	1	1	1
chr7.1706467.1706572	pos	1	1	1	1	1	1	1	1	0	1	0
chr7.2256526.2256791	pos	0	1	0	1	1	1	0	1	1	0	1
chr7.2258006.2258133	pos	0	0	0	0	0	0	1	0	1	0	0
chr7.2545724.2545840	pos	0	1	1	0	0	0	1	0	1	0	0
chr7.3134154.3134329	pos	0	0	0	0	0	0	1	0	1	0	0
chr7.3306661.3306768	pos	0	0	1	0	0	0	1	0	1	1	0
chr7.3572186.3572296	pos	1	1	1	1	1	0	0	1	0	1	0
chr7.3898000.3898105	pos	1	1	0	1	1	0	1	1	0	1	0
chr7.4121123.4121190	pos	0	0	0	1	0	0	1	0	1	0	0
chr7.4274693.4274818	pos	0	1	1	0	0	0	1	0	1	0	0
chr7.4728363.4728634	pos	0	0	1	0	0	0	1	0	1	1	0
chr7.5003199.5003786	pos	0	1	1	1	0	1	0	0	0	1	1
chr7.5907551.5908109	pos	1	1	0	1	1	1	0	0	0	1	0
chr7.6471515.6471614	pos	0	1	0	1	1	0	0	1	0	1	0
chr7.6773464.6773547	pos	0	0	1	0	0	0	1	0	1	0	0
chr7.7039444.7039605	pos	1	1	0	1	1	0	0	1	0	1	0
chr7.7471013.7471122	pos	0	1	0	0	0	0	1	1	1	1	1
chr7.7528953.7529055	pos	0	0	0	0	0	0	1	0	1	0	0
chr7.8372763.8373086	pos	1	1	0	0	1	1	0	0	0	0	0
chr7.8411666.8412149	pos	1	1	0	0	1	1	0	1	0	0	0
chr7.8763283.8763367	pos	0	0	0	0	0	0	1	0	1	0	0
chr7.9350973.9351216	pos	1	1	0	1	1	1	0	1	0	0	1
chr7.9461483.9462752	pos	0	1	1	0	1	1	0	1	0	0	1
chr7.9698810.9699325	pos	0	1	0	1	1	1	1	1	1	1	1
chr7.9863720.9863846	pos	0	0	0	0	0	0	1	0	0	1	0
chr7.10016223.10016355	pos	0	1	0	1	0	0	1	0	1	0	0
chr7.10173976.10174053	pos	0	1	1	1	0	0	1	0	1	1	1
chr7.10681845.10681975	pos	0	0	1	0	0	0	1	0	1	0	0
chr7.10868286.10868393	pos	0	0	0	0	0	0	1	0	1	0	0
chr7.10888232.10888572	pos	0	1	0	1	1	1	0	1	0	0	1
chr7.11032648.11032757	pos	0	0	1	1	1	0	0	1	0	0	1
chr7.11140871.11140940	pos	0	1	0	1	0	0	1	1	1	0	0
chr7.11556116.11556187	pos	0	0	1	1	0	0	1	0	1	0	0
chr7.11628516.11628630	pos	0	0	1	0	0	0	1	0	1	0	0
chr7.11691943.11692052	pos	0	1	0	1	1	0	1	0	1	0	1
chr7.12115824.12116167	pos	1	1	1	1	1	1	1	0	0	1	1
chr7.12218235.12218409	pos	1	1	1	1	0	1	1	1	0	0	0
chr7.12378545.12378616	pos	1	1	1	1	1	0	1	1	1	1	1
chr7.12569225.12569419	pos	0	0	0	1	0	0	1	0	1	0	0
chr7.12853274.12853415	pos	0	1	0	0	0	0	1	1	1	0	0
chr7.13664400.13664600	pos	0	0	1	0	0	0	1	0	1	0	0
chr7.13790792.13791040	pos	0	1	0	1	1	0	1	1	1	0	1
chr7.13806186.13806339	pos	0	0	0	0	0	0	1	0	0	1	0
chr7.13975559.13976085	pos	0	1	1	1	1	1	1	1	1	1	1
chr7.15239460.15240097	pos	1	1	1	1	1	1	1	1	1	1	1
chr7.15396648.15396984	pos	0	0	0	0	0	0	1	0	1	0	0
chr7.15515996.15516148	pos	0	0	0	1	1	1	1	1	1	0	1
chr7.15897472.15897627	pos	0	0	1	0	0	0	1	0	1	0	0
chr7.16162129.16162575	pos	1	1	0	1	1	1	0	1	0	0	1
chr7.16553894.16553988	pos	0	1	1	0	0	0	1	1	1	1	0
chr7.16635887.16635986	pos	0	1	1	1	1	1	1	1	1	1	1
chr7.17013152.17013220	pos	0	1	1	1	1	0	1	0	1	1	1
chr7.17713603.17713708	pos	0	0	1	0	0	0	1	0	1	0	0
chr7.18107717.18107830	pos	0	0	0	0	0	1	0	0	0	0	1
chr7.18256580.18256677	pos	1	1	1	1	1	1	1	1	1	0	1
chr7.19472344.19472543	pos	0	1	1	1	1	1	1	1	0	0	1
chr7.19486750.19487112	pos	0	0	1	0	0	0	1	0	1	0	0
chr7.19629155.19629277	pos	0	0	0	0	0	0	1	0	1	0	0
chr7.19751685.19751836	pos	0	0	0	0	0	0	1	0	1	0	0
chr7.19754962.19755058	pos	0	1	0	0	1	1	1	0	0	0	0
chr7.20035423.20035587	pos	1	1	0	1	1	1	1	1	1	0	1
chr7.20797759.20797880	pos	0	0	1	1	0	0	0	1	0	0	1
chr7.20940604.20941027	pos	0	1	1	0	0	0	1	0	0	1	0
chr7.21696942.21697008	pos	0	1	1	0	0	0	1	0	1	0	0
chr7.21856464.21856920	pos	0	1	0	1	1	1	1	1	1	0	1
chr8.81496.81727	pos	0	0	0	0	0	0	1	0	1	0	0
chr8.168644.169087	pos	0	1	1	1	1	1	1	1	1	0	1
chr8.250417.250650	pos	0	0	1	1	1	1	1	0	1	1	0
chr8.250864.250985	pos	0	0	1	1	1	1	1	0	1	1	0
chr8.261575.261657	pos	0	0	1	0	0	0	1	0	1	0	0
chr8.988313.988405	pos	0	0	1	0	0	0	1	0	1	0	0
chr8.1474048.1474193	pos	0	0	1	0	0	0	1	0	1	1	0
chr8.2459555.2460259	pos	1	1	0	1	1	0	0	1	0	1	0
chr8.2484789.2485189	pos	0	1	0	0	1	1	0	0	0	0	1
chr8.2578256.2578566	pos	0	0	1	1	1	0	1	0	1	1	0
chr8.2593421.2593533	pos	1	1	0	1	1	0	0	1	1	0	0
chr8.2609653.2609980	pos	0	1	1	1	1	1	1	1	1	0	0
chr8.2893037.2893136	pos	0	1	0	1	1	1	1	1	0	1	1
chr8.3016097.3016199	pos	0	1	1	0	0	1	1	0	0	0	0
chr8.3307281.3307392	pos	0	1	1	0	0	1	1	0	1	1	0
chr8.3665663.3665856	pos	0	1	1	1	1	1	1	1	1	0	0
chr8.3793949.3794016	pos	0	0	0	0	0	0	1	0	1	0	0
chr8.3980376.3980454	pos	0	0	0	0	0	0	1	0	1	0	0
chr8.4307561.4307661	pos	0	1	1	1	1	0	1	0	1	1	0
chr8.4707373.4707553	pos	0	1	1	0	0	1	1	0	0	1	0
chr8.5455836.5455929	pos	0	1	1	1	1	1	1	1	1	1	1
chr8.5797511.5798088	pos	0	1	1	1	1	1	1	0	1	1	1
chr8.6359350.6359621	pos	0	0	1	0	0	1	1	0	0	0	0
chr8.6623472.6623626	pos	0	0	0	0	0	0	0	0	1	0	0
chr8.6650446.6650685	pos	0	0	1	0	0	0	1	0	1	0	0
chr8.6912169.6912648	pos	0	0	1	0	0	0	1	0	1	1	0
chr8.7082682.7082782	pos	1	1	0	1	1	1	1	1	1	0	0
chr8.7096974.7097073	pos	0	0	0	0	0	0	1	0	1	0	0
chr8.7145760.7145974	pos	0	1	0	1	1	1	0	1	0	0	1
chr8.7725050.7725205	pos	0	0	0	0	0	0	1	0	1	0	0
chr8.7830791.7830881	pos	0	0	0	1	0	0	0	1	0	0	1
chr8.8031259.8031406	pos	0	1	1	1	1	0	1	1	1	0	1
chr8.8767750.8768036	pos	0	0	1	0	0	0	1	0	1	0	0
chr8.9031966.9032220	pos	0	1	0	1	1	1	0	1	0	0	0
chr8.9230959.9231098	pos	0	0	1	0	0	0	1	0	1	0	0
chr8.9671725.9671940	pos	0	1	0	1	1	1	1	1	1	0	1
chr8.9713011.9713405	pos	0	1	1	0	0	1	1	0	1	1	0
chr8.9842101.9842236	pos	1	1	0	0	1	1	0	1	0	0	0
chr8.9887992.9888062	pos	0	0	1	0	0	0	1	0	1	0	0
chr8.10692614.10692682	pos	0	0	0	0	0	0	1	0	1	0	0
chr8.11013068.11013328	pos	0	0	0	0	0	1	1	1	0	1	0
chr8.11674498.11674580	pos	1	1	1	1	1	1	1	0	0	1	0
chr8.11675549.11675617	pos	0	1	1	1	0	0	1	0	0	1	0
chr8.11823219.11823834	pos	0	1	1	1	1	1	1	1	1	1	1
chr8.12273057.12273221	pos	0	1	0	0	1	1	1	1	1	0	1
chr8.12853675.12853799	pos	0	0	1	0	0	0	1	0	1	0	0
chr8.13012873.13012941	pos	0	0	1	0	0	0	1	0	1	1	0
chr8.13602637.13602751	pos	0	1	0	1	1	1	1	0	1	0	1
chr8.13786773.13786934	pos	1	1	0	0	1	1	0	1	0	1	1
chr8.13796922.13797140	pos	0	1	1	1	1	1	1	1	1	1	1
chr8.14330753.14330982	pos	0	0	1	0	0	0	1	0	1	0	0
chr8.14769129.14769572	pos	1	1	1	1	1	1	1	1	0	0	1
chr8.15016995.15017217	pos	0	1	1	1	0	0	1	0	1	0	0
chr8.15177505.15177613	pos	1	1	0	1	1	0	1	1	1	1	0
chr8.15234044.15234234	pos	0	0	1	0	0	0	1	0	1	0	0
chr8.15427053.15427303	pos	1	1	1	1	1	0	0	1	0	1	0
chr8.17132335.17132823	pos	0	0	1	0	0	0	1	0	0	1	0
chr8.17132936.17133125	pos	0	0	1	0	0	0	1	0	0	1	0
chr8.17733250.17733332	pos	0	1	1	0	1	1	1	0	0	0	0
chr8.18202383.18202479	pos	0	0	0	0	0	1	0	1	0	1	0
chr8.18385527.18385642	pos	0	1	1	0	0	0	1	0	1	0	1
chr8.18778828.18778907	pos	0	0	0	0	0	0	0	0	0	0	0
chr8.19146996.19147080	pos	0	0	1	1	0	0	0	1	0	0	1
chr8.19796027.19796144	pos	0	0	0	0	0	0	1	0	1	0	0
chr8.20175483.20175546	pos	0	0	1	0	0	0	1	0	1	0	0
chr8.20194112.20194263	pos	0	0	0	0	0	0	1	0	1	0	0
chr8.20328076.20328215	pos	0	0	0	0	0	0	1	0	1	0	0
chr8.20398120.20398258	pos	1	1	0	1	1	0	0	1	0	1	0
chr8.20446489.20446703	pos	0	1	0	1	1	0	0	1	0	1	0
chr8.20504227.20504636	pos	0	1	1	1	0	1	1	0	1	1	1
chr8.20544717.20544850	pos	0	1	1	1	1	0	1	0	1	1	1
chr8.20915365.20915504	pos	1	1	0	1	1	0	1	1	0	1	0
chr8.21164998.21165203	pos	0	1	0	1	1	0	1	1	1	0	1
chrU.127601.127764	pos	0	0	0	0	0	0	0	0	0	0	0
chrU.256247.256344	pos	0	0	0	0	0	0	0	0	0	0	0
chrU.756518.756582	pos	0	0	0	0	0	0	0	0	0	0	0
chrU.1776806.1777052	pos	0	0	0	0	0	0	0	0	0	0	0
chrU.1793742.1794110	pos	0	0	0	0	0	0	0	0	0	0	0
chrU.2969655.2970034	pos	0	0	0	0	0	0	0	0	0	0	0
chrU.3440059.3440163	pos	0	0	1	0	0	0	0	0	0	0	0
chrU.3440658.3440732	pos	0	0	1	0	0	0	0	0	0	0	0
chrU.3845129.3845252	pos	0	0	0	0	0	0	0	0	0	0	0
chrU.4022100.4022173	pos	0	0	0	0	0	0	0	0	0	0	0
chrU.4309971.4310335	pos	0	0	1	0	0	0	0	0	0	0	0
chrU.4419115.4419311	pos	0	0	0	0	0	0	0	0	0	0	0
chrV.207943.208062	pos	0	0	0	0	0	0	1	0	1	0	1
chrV.244593.244781	pos	0	0	1	0	0	0	1	0	1	0	0
chrV.1305556.1305644	pos	0	0	0	0	0	0	1	0	1	0	0
chrV.1351649.1352056	pos	0	0	1	0	0	0	1	0	1	0	0
chrV.1632218.1632283	pos	0	0	0	1	0	0	0	0	0	0	1
chrV.1667667.1667859	pos	0	1	0	0	1	1	1	1	1	0	1
chrV.1900184.1900324	pos	0	0	0	0	0	0	1	1	1	0	0
chrV.2029897.2030170	pos	0	1	1	1	1	1	1	1	1	0	1
chrV.2276773.2276859	pos	0	0	1	1	0	0	0	0	0	0	1
chrV.2316931.2317035	pos	0	0	0	0	0	0	1	0	1	0	0
chrV.3090072.3090282	pos	0	0	1	0	0	0	1	0	1	0	0
chrV.3403298.3403361	pos	0	0	0	0	0	0	1	0	1	0	0
chrV.3456957.3457122	pos	0	0	0	0	0	0	1	0	1	0	0
chrV.3472420.3472560	pos	0	0	0	0	0	0	1	0	1	0	0
chrV.3608225.3608384	pos	0	0	0	0	0	0	1	0	1	0	0
chrV.3783816.3783915	pos	0	0	1	0	0	0	1	0	1	0	0
chrV.4080147.4080221	pos	0	0	1	1	0	0	0	0	0	0	1
chrV.4099879.4100292	pos	0	1	1	1	1	0	1	1	1	0	1
chrV.4175490.4175569	pos	0	0	0	0	0	0	1	0	1	0	0
chrV.4296348.4296499	pos	0	0	0	0	0	0	1	0	1	0	0
chrV.4317858.4318060	pos	0	1	1	0	1	1	1	1	1	0	1
chrV.4551239.4551302	pos	0	0	0	0	0	0	1	0	1	0	0
chrV.4572348.4572791	pos	0	1	1	1	0	0	1	0	1	1	0
chrV.5889834.5889897	pos	0	0	0	0	0	0	1	0	1	0	0
chrV.5950381.5950519	pos	0	0	0	0	0	0	1	0	1	0	0
chrV.6135525.6135816	pos	0	1	1	1	1	1	1	1	1	0	1
chrV.6208445.6208687	pos	0	0	0	0	0	0	1	0	1	0	1
chrV.7016553.7020140	pos	1	1	1	1	1	1	1	1	1	1	1
chrV.7021661.7022094	pos	1	1	1	1	1	1	1	1	1	1	1
chrV.7395203.7396734	pos	1	0	1	1	1	1	1	1	1	1	1
chrV.7396808.7397237	pos	1	0	1	1	1	1	1	1	1	1	1
chrV.7397677.7397935	pos	1	0	1	1	1	1	1	1	1	1	1
chrV.7398160.7400077	pos	1	0	1	1	1	1	1	1	1	1	1
chrV.7404076.7404474	pos	1	0	1	1	1	1	1	1	1	1	1
chrV.7408048.7409441	pos	1	0	1	1	1	1	1	1	1	1	1
unplaced-scaffold_056.5020.5093	pos	0	1	0	1	1	0	0	0	0	1	0
unplaced-scaffold_056.8605.8979	pos	0	1	1	1	1	0	0	1	0	1	0
unplaced-scaffold_250.16488.16632	pos	1	1	1	1	1	1	1	1	1	1	1
chr1.33500.34000	neg	0	0	0	0	0	0	0	0	0	0	0
chr1.312000.312500	neg	0	1	0	0	1	0	1	1	1	0	1
chr1.377000.377500	neg	0	1	1	1	1	0	1	1	1	0	1
chr1.400000.400500	neg	0	1	1	1	1	0	1	1	1	0	1
chr1.792500.793000	neg	0	0	0	0	0	0	0	0	0	0	0
chr1.864000.864500	neg	0	1	1	0	0	1	1	0	1	0	0
chr1.1442000.1442500	neg	0	1	1	0	1	1	1	0	1	0	1
chr1.1809000.1809500	neg	0	1	0	1	1	1	1	1	1	0	1
chr1.2291000.2291500	neg	0	1	0	1	1	0	1	0	1	0	1
chr1.2305000.2305500	neg	0	1	1	1	0	0	1	0	1	0	1
chr1.2649500.2650000	neg	0	0	0	0	0	0	1	0	1	0	0
chr1.2852000.2852500	neg	0	0	0	0	0	0	1	0	1	0	0
chr1.2864000.2864500	neg	0	1	0	0	0	1	1	1	1	0	1
chr1.3232500.3233000	neg	0	1	0	0	1	1	1	1	1	0	1
chr1.3521000.3521500	neg	1	1	0	1	1	0	0	1	0	1	0
chr1.4129000.4129500	neg	0	1	1	0	0	0	1	0	1	0	0
chr1.4241000.4241500	neg	0	1	1	1	1	0	1	0	1	0	1
chr1.4511500.4512000	neg	0	0	1	0	0	0	1	0	1	0	0
chr1.4825500.4826000	neg	0	1	1	0	1	1	1	0	1	0	1
chr1.4878000.4878500	neg	0	1	0	1	0	0	1	0	1	0	1
chr1.4943500.4944000	neg	0	0	0	0	0	0	1	0	1	0	0
chr1.4994500.4995000	neg	1	1	1	0	1	1	1	0	0	1	0
chr1.5272500.5273000	neg	0	1	0	1	0	1	1	1	0	1	0
chr1.5280000.5280500	neg	1	1	0	1	1	1	0	1	0	1	0
chr1.5488500.5489000	neg	0	1	0	0	0	0	1	1	1	0	0
chr1.5832000.5832500	neg	0	0	0	1	1	0	1	0	1	0	1
chr1.5933500.5934000	neg	0	1	0	1	1	0	1	1	0	0	1
chr1.6071500.6072000	neg	0	0	1	1	0	0	1	0	1	0	0
chr1.6144000.6144500	neg	1	1	0	1	1	1	0	1	1	0	1
chr1.6456500.6457000	neg	0	1	1	1	1	1	1	1	1	0	1
chr1.6734000.6734500	neg	1	1	0	1	1	0	1	1	0	0	0
chr1.7284000.7284500	neg	0	1	1	0	1	1	1	0	1	0	0
chr1.7442500.7443000	neg	0	0	1	0	1	1	1	0	0	0	1
chr1.7477500.7478000	neg	0	1	1	1	1	0	0	1	0	0	1
chr1.7982500.7983000	neg	1	1	1	1	1	0	0	0	0	1	0
chr1.8272000.8272500	neg	0	0	0	0	0	0	1	0	1	0	0
chr1.8641500.8642000	neg	0	1	1	1	1	1	1	1	1	0	1
chr1.8771500.8772000	neg	0	0	1	0	0	0	1	0	1	0	0
chr1.9546500.9547000	neg	1	1	0	1	1	0	1	1	1	1	0
chr1.9917000.9917500	neg	1	1	0	0	1	0	0	0	0	1	0
chr1.10698500.10699000	neg	0	1	0	1	1	1	1	0	1	0	1
chr1.11102500.11103000	neg	0	0	0	0	0	0	1	0	1	0	0
chr1.11322500.11323000	neg	0	0	0	0	0	0	0	0	0	0	0
chr1.11724000.11724500	neg	1	1	1	1	1	0	0	1	1	1	0
chr1.12210000.12210500	neg	1	1	1	1	1	0	1	1	0	1	0
chr1.12651500.12652000	neg	0	0	0	0	0	0	1	0	1	0	0
chr1.13095500.13096000	neg	0	1	0	1	1	1	1	1	0	0	1
chr1.13275000.13275500	neg	0	0	0	0	0	0	1	0	1	0	0
chr1.13503000.13503500	neg	1	1	0	1	1	0	1	1	1	0	1
chr1.13693500.13694000	neg	0	0	0	0	0	0	1	0	1	0	0
chr1.14621500.14622000	neg	0	1	0	1	1	1	1	1	0	0	1
chr1.15009000.15009500	neg	0	1	0	1	1	1	1	1	1	0	1
chr1.15521500.15522000	neg	0	1	1	1	0	0	1	0	0	0	1
chr1.15745500.15746000	neg	0	1	0	1	1	0	0	0	0	0	0
chr1.16126000.16126500	neg	0	0	0	0	0	0	1	0	1	0	0
chr1.16188500.16189000	neg	0	0	0	0	0	0	1	0	1	0	0
chr1.16772000.16772500	neg	0	1	0	1	1	1	1	1	1	0	1
chr1.16878000.16878500	neg	0	0	0	0	0	0	0	0	0	0	0
chr1.16957500.16958000	neg	0	1	0	1	1	1	1	1	1	0	1
chr1.16995500.16996000	neg	0	0	0	0	0	0	0	0	0	0	0
chr1.17290500.17291000	neg	0	1	0	1	1	1	0	1	0	0	1
chr1.17475000.17475500	neg	1	1	0	0	1	1	0	1	0	0	0
chr1.17848500.17849000	neg	0	0	0	0	0	0	1	0	1	0	0
chr1.17951000.17951500	neg	0	0	0	0	0	0	1	0	1	0	0
chr1.18378500.18379000	neg	0	1	0	1	1	1	1	0	0	0	1
chr1.18701000.18701500	neg	1	1	0	1	1	1	0	1	0	0	1
chr1.19048500.19049000	neg	0	0	1	0	0	0	1	0	1	0	0
chr1.19167000.19167500	neg	0	1	1	0	0	1	1	1	1	0	1
chr1.19168000.19168500	neg	0	0	1	0	0	0	1	0	1	0	0
chr1.19311500.19312000	neg	0	1	1	1	1	1	1	1	1	0	1
chr1.19581000.19581500	neg	0	0	1	0	0	0	1	0	1	0	0
chr1.20771500.20772000	neg	0	1	1	1	1	1	1	1	1	0	1
chr1.21097000.21097500	neg	0	1	1	0	0	0	1	0	1	0	1
chr1.21300500.21301000	neg	0	1	1	1	1	1	1	0	0	0	1
chr1.21917000.21917500	neg	0	1	0	1	0	1	1	0	1	0	1
chr1.22694500.22695000	neg	0	1	0	1	1	1	1	1	1	0	1
chr1.23834000.23834500	neg	0	1	1	0	0	0	1	1	1	0	1
chr1.24359500.24360000	neg	0	1	1	1	0	0	1	0	1	0	1
chr1.24666500.24667000	neg	0	1	0	1	1	1	1	0	1	0	1
chr1.24915000.24915500	neg	0	1	0	1	1	1	1	1	1	0	1
chr1.24939000.24939500	neg	0	1	1	0	1	1	1	0	0	0	0
chr1.25105000.25105500	neg	1	1	0	1	1	1	0	1	0	1	0
chr1.25558500.25559000	neg	1	1	1	1	1	1	1	1	1	0	0
chr1.25562500.25563000	neg	1	1	0	1	1	1	1	1	1	0	1
chr1.25676500.25677000	neg	0	0	1	0	0	0	1	0	1	0	0
chr1.26136000.26136500	neg	0	1	0	1	1	1	1	0	1	0	1
chr1.26333500.26334000	neg	0	1	0	1	1	1	1	0	1	0	1
chr1.26628500.26629000	neg	0	1	1	1	0	0	1	0	1	0	1
chr1.27185500.27186000	neg	0	1	1	1	1	1	1	1	1	0	1
chr1.27227000.27227500	neg	0	0	0	0	0	1	1	1	1	0	1
chr1.27289000.27289500	neg	1	1	1	1	1	0	0	1	0	0	1
chr1.27834500.27835000	neg	0	0	1	0	0	0	1	0	1	0	0
chr1.27989000.27989500	neg	0	1	1	1	1	1	1	1	1	1	1
chr1.28100000.28100500	neg	0	0	0	0	0	0	1	0	1	0	0
chr1.28289500.28290000	neg	1	1	1	1	1	1	0	1	0	0	0
chr1.28870500.28871000	neg	0	1	0	1	1	1	1	0	0	0	1
chr1.28941000.28941500	neg	1	1	0	1	1	0	1	1	0	1	0
chr1.29131500.29132000	neg	0	1	1	1	1	1	1	1	1	0	1
chr1.29356000.29356500	neg	0	1	1	1	1	0	1	0	0	1	1
chr1.29489500.29490000	neg	0	1	1	0	0	1	1	0	0	0	0
chr1.29633000.29633500	neg	0	1	1	1	1	0	1	0	1	0	1
chr1.29884000.29884500	neg	1	1	1	1	1	0	0	1	1	0	0
chr1.30120000.30120500	neg	0	1	0	1	0	1	1	0	1	1	0
chr1.30461000.30461500	neg	0	1	1	0	0	0	1	0	0	1	0
chr2.563500.564000	neg	0	0	1	0	0	0	1	0	1	0	0
chr2.603000.603500	neg	1	1	0	1	1	0	0	1	0	1	0
chr2.1059000.1059500	neg	0	0	1	0	0	0	1	0	1	0	0
chr2.1387000.1387500	neg	0	1	0	1	1	0	1	1	1	0	1
chr2.1524000.1524500	neg	1	1	1	1	1	0	0	1	0	1	0
chr2.1730000.1730500	neg	0	1	1	1	1	1	1	1	0	1	0
chr2.1852500.1853000	neg	0	0	0	0	0	0	0	0	0	0	0
chr2.2062000.2062500	neg	1	1	1	1	1	1	0	1	0	1	0
chr2.2341000.2341500	neg	0	0	0	0	1	0	1	0	1	0	1
chr2.2381500.2382000	neg	1	1	1	1	1	1	1	1	1	0	0
chr2.2438000.2438500	neg	1	1	1	1	1	0	0	1	0	0	0
chr2.2546500.2547000	neg	1	1	1	1	1	0	0	1	0	1	0
chr2.2724500.2725000	neg	1	1	0	1	1	0	1	1	0	1	0
chr2.2731500.2732000	neg	1	1	0	1	1	0	0	1	0	1	0
chr2.2864500.2865000	neg	1	1	0	1	1	0	0	1	0	1	0
chr2.3408500.3409000	neg	0	0	0	1	1	0	1	0	1	0	1
chr2.3520500.3521000	neg	0	1	0	1	1	1	0	1	0	0	1
chr2.3570000.3570500	neg	0	0	0	0	0	0	1	0	1	0	0
chr2.3570500.3571000	neg	0	0	0	0	0	0	1	0	1	0	0
chr2.3804500.3805000	neg	1	1	1	1	1	0	0	1	0	1	0
chr2.3817500.3818000	neg	0	1	0	1	1	0	0	1	0	1	0
chr2.3838000.3838500	neg	0	1	1	1	1	0	0	1	0	1	0
chr2.3984500.3985000	neg	1	1	0	1	1	0	0	1	1	1	0
chr2.4040000.4040500	neg	0	1	0	1	0	0	1	1	0	0	1
chr2.4040500.4041000	neg	0	1	0	1	0	0	1	1	0	0	1
chr2.4086000.4086500	neg	0	1	0	0	0	0	1	0	1	0	0
chr2.4566000.4566500	neg	1	1	0	1	1	1	0	1	0	0	1
chr2.4765500.4766000	neg	1	1	0	1	1	0	0	0	0	1	0
chr2.4855500.4856000	neg	0	1	0	0	0	0	1	0	1	0	1
chr2.5117500.5118000	neg	0	1	0	1	1	1	1	1	0	1	1
chr2.6251000.6251500	neg	0	1	1	1	0	1	1	0	1	0	1
chr2.6271000.6271500	neg	0	1	0	1	1	1	1	0	1	1	0
chr2.6339500.6340000	neg	1	0	0	0	0	0	1	0	0	1	0
chr2.6465000.6465500	neg	0	1	1	0	1	0	1	1	1	0	1
chr2.6465500.6466000	neg	0	1	1	0	0	0	1	0	1	0	1
chr2.6629500.6630000	neg	0	0	0	1	1	0	0	0	0	1	0
chr2.6904500.6905000	neg	1	1	0	1	1	1	0	1	0	1	0
chr2.7377500.7378000	neg	0	0	0	1	0	0	1	0	1	0	0
chr2.7482500.7483000	neg	1	1	0	0	1	0	1	1	0	1	0
chr2.7627000.7627500	neg	0	1	0	1	1	0	0	1	0	0	1
chr2.7638000.7638500	neg	1	1	0	0	1	1	1	0	0	1	0
chr2.7741000.7741500	neg	1	1	0	0	1	0	1	0	0	1	0
chr2.7840500.7841000	neg	0	0	1	1	0	0	1	0	1	0	0
chr2.8354000.8354500	neg	1	1	0	0	1	0	0	0	0	1	0
chr2.8520000.8520500	neg	0	0	0	0	0	1	1	0	1	0	0
chr2.8607500.8608000	neg	0	1	1	0	0	1	0	0	0	0	0
chr2.8637500.8638000	neg	0	1	0	1	1	1	1	1	1	0	1
chr2.8757500.8758000	neg	0	1	0	1	1	1	1	1	1	0	1
chr2.9184000.9184500	neg	0	0	1	0	0	0	1	0	1	0	0
chr2.9358000.9358500	neg	0	1	0	1	0	0	0	0	0	1	0
chr2.9481500.9482000	neg	1	1	1	1	0	1	1	1	1	0	0
chr2.9498500.9499000	neg	0	0	0	1	1	1	1	1	1	0	1
chr2.9588500.9589000	neg	0	0	0	1	1	0	0	0	0	0	0
chr2.9603500.9604000	neg	0	0	0	0	0	0	0	0	0	0	0
chr2.9942500.9943000	neg	1	1	0	1	1	0	0	1	0	1	0
chr2.10018000.10018500	neg	0	1	0	1	1	0	0	1	0	1	0
chr2.10177500.10178000	neg	0	1	1	0	0	0	1	1	1	0	0
chr2.10503500.10504000	neg	0	1	0	1	0	0	1	0	1	1	1
chr2.10683000.10683500	neg	0	1	0	1	1	0	1	1	1	1	1
chr2.10804500.10805000	neg	0	1	0	1	1	1	1	1	1	0	1
chr2.10956500.10957000	neg	1	1	0	0	1	1	1	1	1	0	0
chr2.12501500.12502000	neg	1	1	0	1	1	0	0	1	0	1	0
chr2.12937000.12937500	neg	0	1	0	1	0	0	0	1	0	0	0
chr2.13151500.13152000	neg	0	1	0	1	1	1	1	1	1	0	1
chr2.13385000.13385500	neg	0	0	1	0	0	0	1	0	1	0	0
chr2.13419000.13419500	neg	0	1	0	1	1	1	1	1	1	0	1
chr2.13927000.13927500	neg	1	1	0	1	1	0	1	1	0	1	0
chr2.14213000.14213500	neg	0	0	0	0	0	0	1	0	1	0	0
chr2.14476000.14476500	neg	1	1	0	0	1	0	1	1	1	1	0
chr2.14767500.14768000	neg	0	1	0	1	1	0	1	0	1	0	1
chr2.15251000.15251500	neg	1	1	0	1	1	0	0	0	0	1	0
chr2.15485000.15485500	neg	1	1	1	1	1	1	1	1	0	1	0
chr2.16110500.16111000	neg	1	1	0	1	1	0	0	1	1	0	0
chr2.16155500.16156000	neg	0	1	0	0	0	1	1	0	0	0	0
chr2.16489500.16490000	neg	0	1	0	1	1	1	1	1	1	0	1
chr2.18977000.18977500	neg	1	1	1	1	1	1	0	1	1	1	0
chr2.19037000.19037500	neg	0	1	1	0	1	0	1	0	1	0	1
chr2.19706500.19707000	neg	0	1	0	1	0	1	1	1	1	1	0
chr2.19807500.19808000	neg	0	1	1	1	1	1	1	1	1	1	0
chr2.20065000.20065500	neg	1	1	1	1	1	1	0	1	1	0	0
chr2.20212000.20212500	neg	0	0	0	1	0	0	1	1	0	1	0
chr2.20540500.20541000	neg	1	1	0	0	1	1	1	1	1	0	1
chr2.20550500.20551000	neg	0	1	0	1	0	0	1	1	1	0	1
chr2.20879000.20879500	neg	0	1	0	0	0	1	1	0	0	1	0
chr2.21333000.21333500	neg	0	1	0	0	0	0	1	0	1	1	0
chr2.21791000.21791500	neg	0	1	0	1	1	1	1	1	1	0	0
chr2.23099500.23100000	neg	1	1	0	1	1	0	0	1	0	1	0
chr2.23161000.23161500	neg	1	1	0	1	1	1	0	1	0	1	0
chr2.23442500.23443000	neg	0	1	1	0	1	1	1	0	0	0	1
chr2.23762500.23763000	neg	0	1	1	1	1	1	1	1	1	0	0
chr2.23776000.23776500	neg	1	1	0	1	1	0	0	1	1	1	0
chr2.23971000.23971500	neg	0	1	1	0	0	0	1	0	1	0	0
chr2.24012500.24013000	neg	1	1	0	1	1	0	0	0	0	1	0
chr2.24051000.24051500	neg	0	1	0	1	1	1	1	1	0	0	1
chr2.24576000.24576500	neg	0	1	1	0	0	1	1	1	1	0	0
chr2.24639500.24640000	neg	1	1	0	1	1	0	0	1	1	1	0
chr2.24778000.24778500	neg	1	1	0	0	1	1	0	1	0	1	0
chr2.26146500.26147000	neg	0	1	0	0	0	0	1	0	0	0	0
chr2.26219000.26219500	neg	0	0	1	0	0	0	1	0	1	0	0
chr2.26277000.26277500	neg	0	1	1	0	0	0	1	0	0	0	0
chr2.26841500.26842000	neg	1	1	0	0	1	0	1	0	0	1	0
chr2.27512000.27512500	neg	0	0	0	0	0	0	0	0	0	0	0
chr2.27875000.27875500	neg	1	1	0	1	1	0	1	1	0	1	0
chr2.27909500.27910000	neg	0	0	0	0	0	0	0	0	0	0	0
chr2.27916000.27916500	neg	0	1	0	1	1	1	1	1	0	1	0
chr2.28289500.28290000	neg	1	1	1	1	1	0	0	1	0	1	0
chr2.28760500.28761000	neg	0	1	1	1	0	0	1	1	1	0	1
chr2.28993000.28993500	neg	1	1	0	1	1	0	1	0	0	1	0
chr2.29262000.29262500	neg	0	1	0	1	0	0	1	1	1	1	0
chr3.519500.520000	neg	0	0	0	0	0	0	1	0	1	0	0
chr3.529500.530000	neg	1	1	1	1	1	1	0	1	1	0	0
chr3.812500.813000	neg	0	1	1	0	0	1	0	0	0	0	1
chr3.1112000.1112500	neg	0	1	1	1	1	1	1	1	1	0	1
chr3.1197500.1198000	neg	0	1	1	1	1	0	1	1	0	0	1
chr3.1326000.1326500	neg	0	1	0	1	1	1	1	1	0	0	1
chr3.2088000.2088500	neg	0	1	0	1	1	1	1	1	0	0	1
chr3.2093500.2094000	neg	0	1	1	1	0	1	1	1	0	0	1
chr3.2110000.2110500	neg	0	1	1	1	1	1	1	0	0	0	1
chr3.2735500.2736000	neg	0	1	0	1	1	1	1	1	1	0	1
chr3.2824000.2824500	neg	0	1	0	1	0	0	1	0	1	0	0
chr3.2913000.2913500	neg	1	1	1	1	1	0	0	1	0	1	0
chr3.3550500.3551000	neg	1	1	0	1	1	0	1	1	1	1	0
chr3.4141000.4141500	neg	0	1	0	0	0	0	1	0	1	0	0
chr3.4246500.4247000	neg	0	0	0	0	0	0	1	0	0	0	0
chr3.4279500.4280000	neg	0	1	1	1	1	1	1	0	1	1	1
chr3.4559000.4559500	neg	0	1	0	1	1	1	1	1	1	1	0
chr3.4668500.4669000	neg	0	0	0	1	0	0	1	0	0	0	1
chr3.4757000.4757500	neg	0	1	0	1	1	0	1	1	1	0	1
chr3.5579500.5580000	neg	0	0	0	1	0	0	1	0	1	0	0
chr3.5758000.5758500	neg	0	0	0	0	0	0	1	0	1	0	0
chr3.5764500.5765000	neg	0	1	1	1	1	1	1	0	1	0	1
chr3.6120500.6121000	neg	0	1	0	0	0	0	1	0	1	0	0
chr3.6142000.6142500	neg	0	1	0	1	1	1	1	1	1	0	1
chr3.6258500.6259000	neg	0	1	0	0	1	1	1	1	1	0	1
chr3.6903000.6903500	neg	0	1	0	0	1	1	1	1	1	0	1
chr3.6923500.6924000	neg	0	1	0	1	0	1	1	1	1	0	1
chr3.6981500.6982000	neg	0	1	0	1	1	1	1	1	1	1	1
chr3.7201000.7201500	neg	0	1	0	1	0	0	1	1	1	0	1
chr3.7579000.7579500	neg	0	1	1	1	1	0	0	1	0	0	1
chr3.7707000.7707500	neg	1	1	0	1	1	0	0	0	0	1	0
chr3.8141000.8141500	neg	1	1	1	1	1	1	0	1	0	1	0
chr3.8221500.8222000	neg	0	1	0	0	1	0	1	0	1	0	1
chr3.8242500.8243000	neg	0	1	1	0	0	0	1	0	1	0	1
chr3.8372000.8372500	neg	1	1	0	1	1	1	1	1	1	0	1
chr3.8874000.8874500	neg	1	1	0	1	1	0	0	1	0	1	0
chr3.8876500.8877000	neg	0	1	1	0	0	0	1	0	1	1	0
chr3.9054000.9054500	neg	0	0	0	0	0	0	0	0	0	0	0
chr3.9483500.9484000	neg	1	1	1	1	1	0	1	1	0	1	0
chr3.9518000.9518500	neg	0	1	1	1	1	0	1	1	0	1	0
chr3.9543500.9544000	neg	1	1	0	1	1	1	0	1	0	1	0
chr3.9562000.9562500	neg	1	1	0	1	1	0	0	0	0	1	0
chr3.9567500.9568000	neg	1	1	0	1	1	0	0	1	0	1	0
chr3.9584000.9584500	neg	1	1	0	0	1	1	0	0	0	0	0
chr3.9636500.9637000	neg	1	1	1	1	1	0	0	1	1	0	0
chr3.9869000.9869500	neg	0	1	0	1	1	1	0	1	0	1	0
chr3.10214500.10215000	neg	0	1	0	1	1	0	1	0	0	0	1
chr3.10317000.10317500	neg	1	1	0	1	1	1	1	1	1	0	0
chr3.10514500.10515000	neg	1	1	0	0	1	1	0	1	0	0	0
chr3.10569000.10569500	neg	0	1	0	1	1	1	1	1	1	0	1
chr3.11009500.11010000	neg	0	0	1	1	0	0	1	0	1	0	1
chr3.11357500.11358000	neg	0	1	0	1	1	1	1	0	1	0	1
chr3.11828000.11828500	neg	1	1	0	1	1	0	0	1	0	1	0
chr3.11846500.11847000	neg	0	1	0	1	1	1	1	1	1	0	1
chr3.11907000.11907500	neg	0	1	0	1	0	0	1	0	1	0	0
chr3.12143500.12144000	neg	1	1	0	1	1	0	0	1	0	1	0
chr3.12762500.12763000	neg	0	1	0	0	0	1	1	0	0	0	0
chr3.12860000.12860500	neg	0	1	1	1	1	1	1	1	0	0	1
chr3.12998000.12998500	neg	1	1	0	0	1	0	1	0	0	1	0
chr3.13164000.13164500	neg	1	1	1	1	1	0	1	0	0	1	0
chr3.13174000.13174500	neg	1	1	0	1	1	0	1	1	0	1	0
chr3.13488500.13489000	neg	0	1	0	0	0	0	1	0	1	0	0
chr3.14163500.14164000	neg	1	1	1	1	1	1	1	1	0	1	1
chr3.14542000.14542500	neg	1	1	1	1	1	1	0	1	0	0	0
chr3.14849000.14849500	neg	0	1	1	1	1	0	1	1	1	0	0
chr3.15046000.15046500	neg	0	1	1	1	1	1	1	1	1	0	1
chr3.15170000.15170500	neg	1	1	0	1	1	0	0	1	0	1	0
chr3.15269500.15270000	neg	0	0	0	1	1	0	1	0	1	0	1
chr3.15756500.15757000	neg	0	0	0	0	0	0	1	0	1	0	0
chr3.15989000.15989500	neg	0	1	1	1	1	1	1	0	1	0	0
chr3.16799000.16799500	neg	0	1	0	1	0	0	1	0	0	1	0
chr3.17304500.17305000	neg	1	1	1	0	1	1	0	1	0	0	1
chr3.17477000.17477500	neg	0	1	1	0	0	1	1	1	0	0	0
chr3.17732500.17733000	neg	0	1	0	1	0	1	1	1	0	1	0
chr3.17954500.17955000	neg	0	1	0	1	0	1	1	1	1	1	0
chr3.17958500.17959000	neg	1	1	0	1	1	1	0	1	0	1	0
chr3.18083500.18084000	neg	0	0	0	0	0	0	1	0	1	0	0
chr3.18110000.18110500	neg	0	1	1	1	1	0	1	1	1	0	1
chr3.18320500.18321000	neg	1	1	0	1	1	1	1	1	0	0	1
chr3.18459500.18460000	neg	1	1	1	1	1	1	0	1	1	0	1
chr3.18720000.18720500	neg	0	1	0	1	1	0	0	1	0	1	0
chr3.18900500.18901000	neg	1	1	0	0	1	0	0	1	0	1	0
chr3.19022000.19022500	neg	1	1	0	1	1	0	1	1	0	1	0
chr3.19075500.19076000	neg	0	1	1	1	1	0	1	1	1	0	0
chr3.19727500.19728000	neg	1	1	0	1	0	0	1	1	1	0	0
chr3.20099500.20100000	neg	0	1	1	0	1	1	1	0	1	0	1
chr3.20326500.20327000	neg	1	1	1	0	0	1	0	1	0	0	0
chr3.20997500.20998000	neg	1	1	0	1	1	0	1	1	0	1	0
chr3.21088500.21089000	neg	0	1	0	1	1	1	1	1	0	0	1
chr3.21578000.21578500	neg	1	1	0	1	1	0	0	1	0	0	0
chr3.23575500.23576000	neg	0	1	1	1	1	0	1	1	1	0	0
chr3.23937500.23938000	neg	1	1	1	0	1	1	1	0	0	0	0
chr3.24152500.24153000	neg	0	0	0	0	0	0	1	0	1	0	0
chr3.24225500.24226000	neg	0	1	0	1	1	1	0	1	0	0	0
chr3.24287000.24287500	neg	0	1	1	1	0	0	1	1	1	0	1
chr3.24338000.24338500	neg	0	0	1	1	0	0	1	1	1	0	1
chr3.24711500.24712000	neg	0	1	0	1	1	0	1	1	1	0	1
chr3.25404500.25405000	neg	1	1	0	0	1	0	0	0	0	1	0
chr3.25619500.25620000	neg	1	1	1	1	1	0	0	0	0	1	0
chr3.25995500.25996000	neg	1	1	0	1	1	0	1	1	0	1	0
chr3.26205500.26206000	neg	0	1	0	1	0	0	1	1	1	0	0
chr3.26384000.26384500	neg	0	0	1	1	0	1	1	0	0	0	1
chr3.26876500.26877000	neg	0	1	1	1	1	0	1	1	1	0	0
chr4.788500.789000	neg	0	1	0	1	1	1	0	1	0	0	0
chr4.901000.901500	neg	1	1	0	1	1	0	0	1	0	1	0
chr4.1176500.1177000	neg	1	1	1	1	1	1	1	1	1	0	0
chr4.1317500.1318000	neg	1	1	1	1	1	0	1	1	0	1	0
chr4.1318000.1318500	neg	1	1	0	1	1	0	1	1	0	1	0
chr4.1509500.1510000	neg	1	1	0	1	1	0	0	1	0	1	0
chr4.2275500.2276000	neg	0	1	1	0	1	1	1	1	1	0	1
chr4.2520500.2521000	neg	0	0	1	0	0	0	1	0	1	0	0
chr4.2677000.2677500	neg	0	1	0	1	1	1	1	1	1	0	1
chr4.3235000.3235500	neg	0	1	0	0	0	0	1	0	0	0	0
chr4.3431500.3432000	neg	0	0	0	0	0	0	0	0	0	1	0
chr4.3781000.3781500	neg	1	0	0	0	0	0	0	0	0	1	0
chr4.4019000.4019500	neg	0	1	1	1	0	0	1	1	1	0	0
chr4.4033000.4033500	neg	1	1	0	1	1	1	1	1	1	1	1
chr4.4060000.4060500	neg	0	0	0	0	0	0	1	0	1	1	0
chr4.4082000.4082500	neg	1	1	0	1	1	0	0	0	0	1	0
chr4.4754000.4754500	neg	0	1	0	1	1	1	1	1	0	0	1
chr4.5089000.5089500	neg	0	1	1	0	0	0	1	0	1	0	0
chr4.5243500.5244000	neg	1	1	1	1	1	0	1	1	0	1	0
chr4.5499000.5499500	neg	0	0	1	0	0	0	1	0	1	0	0
chr4.5684500.5685000	neg	1	1	1	0	0	0	1	0	0	1	0
chr4.5931500.5932000	neg	1	1	0	1	1	1	0	1	1	0	0
chr4.6282500.6283000	neg	0	1	1	0	0	1	1	0	0	0	0
chr4.6407500.6408000	neg	0	0	0	0	0	0	1	0	0	1	0
chr4.6416000.6416500	neg	1	1	0	1	1	0	0	1	0	1	0
chr4.6656000.6656500	neg	1	1	1	1	1	0	1	1	0	1	0
chr4.6702500.6703000	neg	1	1	0	1	1	0	0	1	0	1	0
chr4.6709500.6710000	neg	1	1	0	1	1	0	0	1	0	1	0
chr4.6727500.6728000	neg	0	1	0	1	1	1	1	1	0	0	1
chr4.6795500.6796000	neg	0	1	0	1	1	1	1	1	0	1	1
chr4.7102000.7102500	neg	1	1	1	1	1	1	0	1	0	0	0
chr4.7116000.7116500	neg	0	1	0	1	1	1	0	1	0	0	1
chr4.7793500.7794000	neg	1	1	0	1	1	1	0	1	1	0	1
chr4.8125500.8126000	neg	0	1	0	1	1	1	1	1	1	0	1
chr4.8215000.8215500	neg	0	1	1	0	0	1	1	0	1	0	1
chr4.8231500.8232000	neg	0	0	0	0	0	0	1	0	1	0	0
chr4.8544000.8544500	neg	0	1	0	0	1	1	1	1	1	0	1
chr4.8608500.8609000	neg	0	1	0	0	1	1	1	1	0	0	1
chr4.8749500.8750000	neg	1	1	0	1	1	0	0	1	0	1	0
chr4.8814000.8814500	neg	0	1	0	1	0	0	1	0	1	1	0
chr4.9438000.9438500	neg	1	1	0	1	1	0	1	1	0	1	0
chr4.9883000.9883500	neg	1	1	0	1	1	1	0	1	0	1	0
chr4.10017500.10018000	neg	0	0	0	0	0	1	1	0	0	0	0
chr4.11006000.11006500	neg	0	0	0	0	0	0	1	0	0	1	0
chr4.11022000.11022500	neg	1	1	0	1	1	0	1	1	0	1	0
chr4.11449000.11449500	neg	0	1	0	1	1	1	0	1	0	0	1
chr4.11458500.11459000	neg	0	0	0	0	0	0	1	0	0	0	0
chr4.12021500.12022000	neg	0	0	0	0	0	0	1	0	1	0	0
chr4.12570000.12570500	neg	0	1	1	0	0	0	1	0	1	0	0
chr4.12709500.12710000	neg	0	1	0	0	0	0	1	0	1	0	1
chr4.13185500.13186000	neg	0	1	1	1	0	0	1	0	1	0	1
chr4.13387500.13388000	neg	0	0	1	0	0	0	1	0	1	0	1
chr4.13955500.13956000	neg	0	1	1	1	1	1	1	1	1	1	1
chr4.14059000.14059500	neg	1	1	1	1	1	1	1	1	0	1	0
chr4.14233000.14233500	neg	1	1	0	1	1	1	1	1	1	1	0
chr4.14412500.14413000	neg	0	1	1	1	1	1	1	1	1	0	1
chr4.14484000.14484500	neg	0	1	0	1	0	0	1	1	1	0	1
chr4.14557000.14557500	neg	0	0	0	0	0	0	0	0	0	0	0
chr4.14747500.14748000	neg	0	0	0	0	0	0	0	0	0	0	0
chr4.14865500.14866000	neg	0	0	0	0	0	0	0	0	0	0	0
chr4.15002500.15003000	neg	0	0	0	0	0	0	0	0	0	0	0
chr4.15968500.15969000	neg	1	1	0	1	1	0	0	1	1	0	0
chr4.16167000.16167500	neg	0	0	0	0	0	0	0	0	0	0	0
chr4.16236000.16236500	neg	0	1	1	0	0	0	1	0	1	1	0
chr4.16434000.16434500	neg	0	0	0	0	0	0	1	0	1	0	0
chr4.16502500.16503000	neg	1	1	1	1	1	1	1	1	0	0	1
chr4.16508500.16509000	neg	0	1	1	1	1	1	1	1	1	0	1
chr4.16656000.16656500	neg	0	0	1	0	0	0	1	0	1	0	0
chr4.16686000.16686500	neg	1	1	0	1	1	0	1	1	0	1	0
chr4.16692000.16692500	neg	1	1	0	1	1	0	0	1	0	1	0
chr4.16731000.16731500	neg	1	1	0	1	1	0	0	1	0	1	0
chr4.16922500.16923000	neg	1	1	0	1	1	1	0	1	0	0	1
chr4.17162000.17162500	neg	1	1	0	1	1	0	1	1	1	1	0
chr4.17189000.17189500	neg	0	0	0	1	0	0	1	0	1	1	0
chr4.17339500.17340000	neg	0	1	1	1	1	1	0	1	0	0	1
chr4.17610000.17610500	neg	1	1	1	1	1	1	1	1	1	1	1
chr4.17617500.17618000	neg	0	1	0	1	0	0	1	0	1	0	0
chr4.17626000.17626500	neg	0	1	1	1	1	1	1	0	1	1	1
chr4.17627000.17627500	neg	0	0	0	0	0	0	1	0	1	1	0
chr4.17807000.17807500	neg	0	1	0	1	1	1	1	1	1	0	1
chr4.17807500.17808000	neg	0	1	0	1	1	1	1	1	1	0	1
chr4.17854000.17854500	neg	0	1	0	0	0	0	1	0	1	0	0
chr4.18389500.18390000	neg	1	1	0	1	1	1	0	1	0	0	0
chr4.18408500.18409000	neg	0	0	1	0	0	0	1	0	1	0	0
chr4.18547000.18547500	neg	0	0	0	0	0	1	0	0	0	0	0
chr4.18590500.18591000	neg	0	0	0	0	0	0	1	0	1	0	0
chr4.18920500.18921000	neg	1	1	0	1	1	0	0	1	0	1	0
chr4.19441000.19441500	neg	0	1	0	1	0	0	1	0	1	0	1
chr4.19739000.19739500	neg	1	1	0	1	1	1	0	1	0	0	0
chr4.20162000.20162500	neg	0	1	1	1	0	1	1	0	1	0	0
chr4.20238000.20238500	neg	0	1	1	1	1	1	1	1	1	0	1
chr4.20807000.20807500	neg	0	1	0	1	1	1	1	1	0	1	0
chr4.20856000.20856500	neg	1	1	1	1	1	0	0	1	0	1	0
chr4.20895000.20895500	neg	1	1	0	1	1	0	0	1	0	1	0
chr4.20899500.20900000	neg	1	1	1	1	1	0	0	1	0	1	0
chr4.21010000.21010500	neg	0	0	0	0	0	0	1	0	0	1	0
chr4.21103500.21104000	neg	1	1	1	1	1	0	1	1	0	1	0
chr4.21489500.21490000	neg	0	1	1	1	1	1	1	1	1	0	1
chr4.21723000.21723500	neg	0	0	0	0	0	0	1	0	1	0	0
chr4.23051500.23052000	neg	1	1	0	1	1	0	1	1	0	1	0
chr4.23802000.23802500	neg	1	1	1	1	0	0	1	1	1	0	0
chr4.24012500.24013000	neg	0	0	0	0	0	0	1	0	1	0	0
chr4.24059000.24059500	neg	0	1	0	0	0	1	1	0	1	0	1
chr4.24069500.24070000	neg	1	1	0	1	1	0	0	1	1	1	0
chr4.24212000.24212500	neg	0	1	0	1	1	0	1	1	1	0	1
chr4.24298500.24299000	neg	0	1	0	1	1	1	1	0	1	0	1
chr4.25059500.25060000	neg	0	0	0	0	0	0	1	0	1	1	0
chr4.25130500.25131000	neg	0	1	1	1	1	1	1	0	1	0	0
chr4.25148500.25149000	neg	1	1	0	1	0	1	1	1	1	0	0
chr4.25737500.25738000	neg	0	0	1	0	0	0	1	0	1	0	0
chr4.25799500.25800000	neg	0	0	0	0	0	0	1	0	1	0	0
chr4.25879000.25879500	neg	0	1	0	0	1	1	1	1	1	1	1
chr4.25918000.25918500	neg	0	1	1	1	0	0	1	0	1	0	1
chr4.26127500.26128000	neg	1	1	1	1	1	0	1	1	1	0	0
chr4.26416000.26416500	neg	1	1	0	1	1	1	1	1	0	1	1
chr4.26518500.26519000	neg	0	1	0	1	0	0	1	1	1	0	1
chr4.26618500.26619000	neg	0	1	1	0	0	1	1	0	0	0	1
chr4.26761000.26761500	neg	1	1	1	1	1	0	1	1	1	0	0
chr4.26913000.26913500	neg	0	0	0	0	0	0	0	0	0	0	0
chr4.26932500.26933000	neg	0	0	0	0	0	0	0	0	0	0	0
chr5.42000.42500	neg	0	0	1	0	0	0	1	0	1	0	0
chr5.212000.212500	neg	0	1	1	1	1	0	1	1	1	0	0
chr5.1141000.1141500	neg	1	1	0	1	1	0	1	1	0	1	0
chr5.1290000.1290500	neg	0	1	0	1	1	1	1	1	1	1	1
chr5.2147000.2147500	neg	1	1	1	1	1	0	0	0	0	1	0
chr5.2269500.2270000	neg	0	1	0	1	1	0	0	1	0	1	0
chr5.2270500.2271000	neg	0	1	0	1	1	0	0	1	0	1	0
chr5.2717000.2717500	neg	0	0	0	0	0	0	0	0	0	0	0
chr5.2979000.2979500	neg	0	1	0	1	1	1	0	1	0	0	1
chr5.3500000.3500500	neg	0	0	1	1	0	0	1	0	0	0	0
chr5.3665000.3665500	neg	1	1	1	1	1	0	0	1	0	1	0
chr5.3716000.3716500	neg	1	0	0	0	0	0	0	0	0	1	0
chr5.3864000.3864500	neg	1	1	0	1	1	0	0	1	0	1	0
chr5.4099500.4100000	neg	0	1	1	1	1	1	1	1	1	0	1
chr5.4803000.4803500	neg	1	0	0	0	0	0	0	0	0	1	0
chr5.4823000.4823500	neg	1	1	0	1	1	0	0	1	0	1	0
chr5.4846500.4847000	neg	0	0	0	0	0	0	0	0	0	0	0
chr5.4863000.4863500	neg	0	1	0	1	1	1	1	1	0	1	1
chr5.4914000.4914500	neg	0	1	0	1	0	0	1	0	1	1	0
chr5.5315000.5315500	neg	1	1	0	1	1	1	1	1	0	0	1
chr5.5826000.5826500	neg	1	1	0	1	1	1	0	1	0	1	0
chr5.6959000.6959500	neg	0	0	0	0	0	0	1	0	1	0	0
chr5.7076000.7076500	neg	1	1	0	1	1	1	0	1	1	0	0
chr5.7111000.7111500	neg	1	1	0	1	1	1	1	1	0	0	0
chr5.7185500.7186000	neg	0	1	0	0	0	1	1	0	0	0	0
chr5.7608000.7608500	neg	1	1	0	1	1	1	1	1	0	1	0
chr5.7687500.7688000	neg	0	0	0	0	0	0	1	0	0	1	0
chr5.8210500.8211000	neg	0	1	1	0	0	1	1	1	0	0	0
chr5.8295000.8295500	neg	0	1	1	0	1	1	1	0	1	0	1
chr5.8321000.8321500	neg	0	1	1	1	1	0	0	1	0	0	1
chr5.8341500.8342000	neg	0	1	0	1	1	1	1	1	1	1	1
chr5.8453000.8453500	neg	0	1	0	1	1	0	1	1	0	1	0
chr5.9032000.9032500	neg	0	1	0	1	1	1	1	1	1	0	1
chr5.9112000.9112500	neg	1	1	0	1	1	1	1	1	1	0	1
chr5.9124000.9124500	neg	0	1	0	1	1	1	1	1	1	0	1
chr5.9209000.9209500	neg	1	1	1	1	1	1	1	0	1	1	0
chr5.9472500.9473000	neg	0	1	0	1	0	0	1	0	0	1	0
chr5.9531500.9532000	neg	1	1	0	1	1	1	1	1	1	0	0
chr5.9682500.9683000	neg	1	1	0	1	1	0	1	1	1	1	0
chr5.9865500.9866000	neg	0	0	0	0	0	0	1	0	1	0	0
chr5.9904500.9905000	neg	0	0	0	0	0	0	1	0	1	0	0
chr5.9980000.9980500	neg	1	1	0	1	1	0	0	1	0	1	0
chr5.10541500.10542000	neg	0	0	0	0	0	0	1	0	1	0	0
chr5.11504500.11505000	neg	1	1	0	1	1	0	1	1	0	1	0
chr5.11788000.11788500	neg	0	1	0	1	0	0	0	1	0	0	0
chr5.11831000.11831500	neg	1	1	0	1	1	0	1	0	0	1	0
chr5.11908500.11909000	neg	0	1	1	0	0	0	1	0	0	1	0
chr5.12623000.12623500	neg	1	1	0	1	1	0	0	1	0	1	0
chr5.12655500.12656000	neg	0	1	1	1	1	1	0	1	1	0	0
chr5.12716000.12716500	neg	0	1	1	0	0	0	1	0	1	0	0
chr5.13267000.13267500	neg	1	1	0	1	1	0	0	1	0	1	0
chr5.13337500.13338000	neg	1	1	0	1	1	0	0	1	0	1	0
chr5.13495500.13496000	neg	1	1	0	0	1	0	0	1	0	1	0
chr5.13535500.13536000	neg	0	0	0	0	0	1	1	0	1	1	0
chr5.13539500.13540000	neg	0	0	0	0	0	0	1	0	1	1	0
chr5.13644000.13644500	neg	1	1	0	1	1	1	0	1	1	1	0
chr5.13815500.13816000	neg	0	0	1	0	0	0	1	0	1	0	0
chr5.14882500.14883000	neg	1	1	0	1	1	0	0	1	0	1	0
chr5.14986500.14987000	neg	0	1	0	0	0	0	1	0	0	1	0
chr5.15769000.15769500	neg	0	0	0	0	0	0	0	0	0	1	0
chr5.15815500.15816000	neg	1	1	0	1	1	0	0	0	0	1	0
chr5.17041000.17041500	neg	0	1	0	0	1	1	1	0	0	0	0
chr5.17311000.17311500	neg	1	1	1	1	1	1	1	1	0	1	0
chr5.17311500.17312000	neg	1	1	0	1	1	1	0	1	0	1	0
chr5.17523500.17524000	neg	0	1	1	0	0	0	1	1	1	1	0
chr5.17596000.17596500	neg	1	1	1	1	1	0	0	1	0	1	0
chr5.17599500.17600000	neg	1	1	0	1	1	0	0	0	0	1	0
chr5.17650000.17650500	neg	0	0	1	0	0	1	1	0	1	0	0
chr5.17943500.17944000	neg	1	1	0	1	1	1	1	1	0	0	1
chr5.18103500.18104000	neg	1	1	0	1	1	0	0	1	0	1	0
chr5.18190500.18191000	neg	1	1	0	1	1	0	0	1	0	1	0
chr5.18325500.18326000	neg	1	1	0	1	1	0	0	1	0	1	0
chr5.18329000.18329500	neg	1	1	0	1	1	0	0	1	0	1	0
chr5.18333500.18334000	neg	1	1	0	1	1	0	1	1	1	1	0
chr5.18910000.18910500	neg	0	0	0	0	0	0	1	0	1	0	0
chr5.19282000.19282500	neg	0	1	1	1	0	0	1	1	1	0	0
chr5.19401000.19401500	neg	0	1	1	1	1	1	1	1	1	0	1
chr5.19654000.19654500	neg	1	1	0	0	1	1	0	1	0	1	0
chr5.19754000.19754500	neg	1	1	0	1	1	1	1	1	0	0	1
chr5.19824000.19824500	neg	0	1	0	1	1	1	1	1	1	0	0
chr5.19898500.19899000	neg	0	0	1	0	0	1	1	0	1	0	0
chr5.20011500.20012000	neg	1	1	0	1	1	1	0	1	1	0	0
chr5.20536500.20537000	neg	0	0	0	0	0	0	1	0	0	1	0
chr5.20912000.20912500	neg	0	0	0	0	0	0	0	0	0	0	0
chr5.20951500.20952000	neg	0	0	0	0	0	0	0	0	0	0	0
chr5.21099500.21100000	neg	0	0	0	0	0	0	0	0	0	0	0
chr5.21687000.21687500	neg	1	1	0	1	1	0	0	1	0	1	0
chr5.22760000.22760500	neg	0	0	0	0	0	0	0	0	0	0	0
chr5.23130000.23130500	neg	1	1	0	1	1	0	0	0	0	1	0
chr5.23246000.23246500	neg	1	1	1	1	1	1	0	1	0	1	0
chr5.23289500.23290000	neg	1	1	1	1	1	0	1	1	0	1	0
chr5.23358500.23359000	neg	1	1	0	1	1	0	1	1	0	1	0
chr5.23402500.23403000	neg	1	1	0	0	1	1	0	1	0	1	0
chr5.23592500.23593000	neg	1	1	1	1	1	0	0	1	1	0	0
chr5.24108000.24108500	neg	1	1	0	1	1	0	0	1	0	1	0
chr5.24202500.24203000	neg	0	0	0	0	0	0	0	0	0	0	0
chr5.24389000.24389500	neg	0	1	0	1	1	0	1	0	1	0	1
chr5.24650500.24651000	neg	0	0	0	0	0	0	1	0	1	0	0
chr5.25248500.25249000	neg	1	1	1	1	1	0	0	1	0	1	0
chr5.25397500.25398000	neg	0	1	0	1	0	1	1	1	1	0	1
chr5.25466000.25466500	neg	0	0	0	0	0	0	0	0	1	0	0
chr5.25895000.25895500	neg	0	0	0	0	0	0	1	0	1	0	0
chr6.72000.72500	neg	0	1	1	1	0	0	1	1	1	0	1
chr6.589500.590000	neg	0	1	0	1	1	1	1	1	1	0	1
chr6.652500.653000	neg	0	1	0	1	1	1	1	1	1	0	1
chr6.664000.664500	neg	1	1	1	0	0	0	1	1	1	1	0
chr6.664500.665000	neg	1	0	1	0	0	0	1	0	1	1	0
chr6.761000.761500	neg	0	1	1	0	0	1	1	0	1	0	0
chr6.987000.987500	neg	0	0	0	0	0	0	1	0	1	0	0
chr6.1221500.1222000	neg	0	0	0	0	0	0	0	0	0	0	0
chr6.1387500.1388000	neg	0	1	1	0	0	0	1	0	1	0	0
chr6.1544500.1545000	neg	0	0	1	0	0	0	1	0	1	0	0
chr6.1629000.1629500	neg	0	1	0	1	1	1	1	1	1	0	1
chr6.2270500.2271000	neg	1	1	0	1	1	1	0	1	0	1	1
chr6.2323500.2324000	neg	0	1	1	1	1	1	1	0	1	0	1
chr6.2390000.2390500	neg	0	0	0	0	1	1	0	0	0	0	1
chr6.2390500.2391000	neg	0	0	0	1	1	1	0	1	0	0	1
chr6.2502500.2503000	neg	1	1	1	1	1	1	1	1	1	1	1
chr6.2772500.2773000	neg	0	1	1	0	0	1	1	0	0	0	0
chr6.2877000.2877500	neg	0	1	1	1	0	0	1	0	1	0	1
chr6.3743000.3743500	neg	0	1	0	1	0	1	1	0	1	0	0
chr6.3766000.3766500	neg	0	1	1	1	0	1	1	0	1	0	1
chr6.4119500.4120000	neg	0	0	0	0	0	0	1	0	1	0	0
chr6.4324500.4325000	neg	0	1	0	0	0	1	1	0	1	0	1
chr6.4562000.4562500	neg	0	0	0	0	0	0	1	0	1	0	0
chr6.4720000.4720500	neg	1	0	0	0	0	0	0	0	1	0	0
chr6.4907500.4908000	neg	0	1	1	0	0	1	1	0	1	0	0
chr6.4916000.4916500	neg	0	1	0	0	0	0	1	1	1	1	0
chr6.5070500.5071000	neg	0	1	1	0	0	0	1	0	1	0	0
chr6.5125500.5126000	neg	0	0	1	0	0	0	1	0	1	0	0
chr6.5343500.5344000	neg	0	0	0	1	0	1	1	1	1	0	1
chr6.5344000.5344500	neg	0	0	0	1	0	1	1	1	1	0	1
chr6.5811000.5811500	neg	0	1	1	1	1	1	1	1	1	1	1
chr6.6134000.6134500	neg	1	1	0	1	1	1	1	1	1	0	1
chr6.6225000.6225500	neg	0	0	1	0	0	0	1	0	1	0	0
chr6.6431000.6431500	neg	0	1	0	1	1	1	1	1	1	0	1
chr6.6820500.6821000	neg	1	1	1	1	1	0	1	1	0	1	0
chr6.7476500.7477000	neg	0	1	0	1	1	0	0	1	0	1	0
chr6.7533500.7534000	neg	0	1	1	1	1	1	1	0	1	0	1
chr6.7534000.7534500	neg	0	0	1	0	0	0	1	0	1	0	0
chr6.7678500.7679000	neg	1	1	0	1	1	0	0	1	1	0	1
chr6.7762000.7762500	neg	0	1	0	1	1	1	1	1	1	1	1
chr6.7908000.7908500	neg	0	0	1	0	0	0	1	0	1	0	0
chr6.7926000.7926500	neg	0	1	0	1	1	0	1	1	1	0	0
chr6.7956000.7956500	neg	1	1	1	1	1	0	0	1	1	1	0
chr6.8251000.8251500	neg	1	1	0	1	1	0	0	1	0	1	0
chr6.8659000.8659500	neg	0	1	1	0	1	0	1	0	1	0	0
chr6.9040500.9041000	neg	1	1	0	1	1	1	1	0	0	0	1
chr6.9393000.9393500	neg	0	1	0	1	0	1	1	0	1	0	1
chr6.9572500.9573000	neg	0	1	1	0	0	0	1	0	1	0	0
chr6.10029500.10030000	neg	0	1	0	1	1	1	1	1	1	0	1
chr6.10572000.10572500	neg	1	1	0	1	1	0	1	1	0	1	0
chr6.10610500.10611000	neg	0	1	1	1	1	1	1	0	1	0	1
chr6.11000500.11001000	neg	0	1	1	0	0	1	1	0	1	0	0
chr6.11111500.11112000	neg	0	1	1	1	1	1	1	1	1	0	1
chr6.11142000.11142500	neg	0	1	1	0	0	0	1	1	0	0	1
chr6.11209500.11210000	neg	0	0	1	1	0	0	1	0	1	0	0
chr6.11215000.11215500	neg	1	1	1	1	1	1	1	1	1	0	1
chr6.11608000.11608500	neg	0	1	0	1	1	0	1	1	1	0	1
chr6.11848000.11848500	neg	0	1	1	1	1	0	1	1	1	0	1
chr6.11916500.11917000	neg	1	1	0	1	1	0	1	1	0	1	0
chr6.11956000.11956500	neg	0	1	0	1	1	1	0	1	0	0	0
chr6.11976000.11976500	neg	1	1	1	0	1	1	1	0	1	0	0
chr6.11976500.11977000	neg	1	1	0	0	1	1	1	0	1	0	0
chr6.12151500.12152000	neg	0	1	0	1	1	0	1	1	1	0	0
chr6.12162000.12162500	neg	0	1	0	0	1	0	1	0	1	0	1
chr6.12240500.12241000	neg	1	1	0	0	1	1	0	1	0	0	0
chr6.12457500.12458000	neg	0	0	0	0	0	0	1	0	1	0	0
chr6.12558500.12559000	neg	0	0	1	0	0	0	1	0	1	0	0
chr6.12783000.12783500	neg	0	1	0	1	1	1	1	1	1	1	1
chr6.12840000.12840500	neg	0	0	0	0	0	0	0	0	0	1	0
chr6.13144000.13144500	neg	1	1	0	1	1	0	1	0	0	1	0
chr6.13188500.13189000	neg	0	1	1	1	1	1	1	1	1	0	1
chr6.13582000.13582500	neg	1	1	0	1	1	0	1	1	0	1	0
chr6.13922500.13923000	neg	0	1	1	1	1	1	1	0	1	1	1
chr6.13993000.13993500	neg	1	1	0	1	1	0	1	1	0	1	0
chr6.14232000.14232500	neg	0	0	0	0	0	0	0	0	0	1	0
chr6.14415000.14415500	neg	0	0	0	0	0	0	1	0	1	0	0
chr6.14960000.14960500	neg	0	1	0	1	1	0	1	0	1	1	0
chr6.15431000.15431500	neg	0	0	1	0	0	0	1	0	1	0	0
chr6.15537000.15537500	neg	0	1	1	1	1	1	1	1	0	0	1
chr6.16027500.16028000	neg	0	1	1	1	0	0	1	1	1	0	0
chr6.16314000.16314500	neg	0	0	0	0	0	0	0	0	0	1	0
chr6.16355500.16356000	neg	0	0	0	0	0	0	0	0	0	1	0
chr6.16794500.16795000	neg	0	0	0	0	0	0	1	0	1	0	0
chr6.16795500.16796000	neg	0	1	0	0	1	0	1	0	1	0	1
chr6.16946500.16947000	neg	0	1	1	0	1	0	1	1	0	0	1
chr6.17159000.17159500	neg	0	0	1	0	0	0	1	0	1	0	0
chr6.17198500.17199000	neg	0	1	0	0	0	0	1	0	1	0	0
chr6.17321000.17321500	neg	0	1	0	1	1	1	0	1	0	0	1
chr6.17368000.17368500	neg	0	1	0	1	1	0	0	1	0	1	0
chr6.17425000.17425500	neg	0	1	0	0	0	0	1	0	0	0	0
chr6.17756500.17757000	neg	0	0	0	0	0	0	1	0	1	1	0
chr6.17836500.17837000	neg	0	0	0	0	0	0	0	0	0	0	0
chr6.18143000.18143500	neg	1	1	0	1	1	0	0	1	1	1	0
chr6.18184000.18184500	neg	1	1	0	0	1	1	0	1	0	0	0
chr6.18475000.18475500	neg	0	0	1	1	0	1	1	0	1	0	0
chr6.18669500.18670000	neg	0	1	0	0	1	0	1	0	1	0	1
chr6.18851000.18851500	neg	1	1	0	1	1	1	1	1	1	0	0
chr6.19305500.19306000	neg	0	1	0	0	0	0	1	0	1	0	0
chr6.19422500.19423000	neg	1	1	0	1	1	0	0	1	1	1	0
chr6.19718000.19718500	neg	1	1	0	1	1	0	1	1	0	1	0
chr6.19718500.19719000	neg	1	1	0	1	1	0	1	1	0	1	0
chr6.19767500.19768000	neg	1	1	0	1	1	0	1	1	0	1	0
chr6.20052500.20053000	neg	1	1	0	1	1	0	1	1	0	1	0
chr6.20872500.20873000	neg	0	1	0	1	0	0	1	1	1	0	1
chr6.21036000.21036500	neg	0	1	1	0	1	1	1	0	1	0	1
chr6.21189000.21189500	neg	0	1	0	1	0	1	1	1	1	0	1
chr6.21248500.21249000	neg	0	1	0	0	0	0	1	0	0	0	0
chr6.21515500.21516000	neg	1	1	0	1	1	0	0	1	1	1	0
chr6.21935000.21935500	neg	0	1	0	0	0	1	1	1	0	0	1
chr6.22378500.22379000	neg	0	1	1	1	1	1	1	0	1	0	1
chr6.22615500.22616000	neg	0	1	1	0	0	0	1	0	0	1	0
chr6.23055000.23055500	neg	1	1	0	1	1	0	0	0	0	1	0
chr6.23084500.23085000	neg	1	1	1	1	1	1	1	1	0	0	0
chr6.23300000.23300500	neg	1	1	0	1	1	0	0	1	0	1	0
chr6.23314500.23315000	neg	0	0	0	0	0	0	1	0	0	1	0
chr6.23449500.23450000	neg	0	1	0	1	1	1	0	1	0	0	1
chr6.23564500.23565000	neg	1	1	0	1	1	1	0	1	0	0	0
chr6.23565000.23565500	neg	1	1	0	1	1	1	0	1	0	0	0
chr7.1000.1500	neg	0	0	0	0	0	0	0	0	0	0	0
chr7.745000.745500	neg	0	1	1	1	1	1	1	1	1	0	1
chr7.1250500.1251000	neg	0	1	0	1	0	0	1	0	0	0	0
chr7.1374500.1375000	neg	0	1	1	0	0	0	1	0	1	1	0
chr7.1848500.1849000	neg	1	1	0	0	1	1	1	0	0	0	1
chr7.1907000.1907500	neg	1	1	0	0	1	1	1	0	1	0	0
chr7.1972000.1972500	neg	0	1	1	1	1	1	1	1	1	0	0
chr7.2115000.2115500	neg	0	1	0	1	1	1	1	1	1	0	1
chr7.2183000.2183500	neg	0	1	0	1	1	1	0	1	0	0	0
chr7.2375500.2376000	neg	0	1	1	1	0	0	1	0	1	0	0
chr7.2622500.2623000	neg	1	1	0	1	1	0	0	1	1	1	0
chr7.2707500.2708000	neg	0	1	1	1	1	0	1	0	0	1	0
chr7.2826500.2827000	neg	0	1	0	0	0	0	1	1	0	1	0
chr7.3258500.3259000	neg	0	1	1	1	0	0	1	0	1	0	0
chr7.3290500.3291000	neg	1	1	1	1	1	0	1	1	0	1	0
chr7.3419500.3420000	neg	0	1	0	1	1	0	1	0	0	1	0
chr7.4626000.4626500	neg	0	0	0	0	0	0	1	0	1	0	0
chr7.5027500.5028000	neg	0	1	0	1	0	0	1	0	1	0	1
chr7.5134000.5134500	neg	0	0	0	0	0	0	1	0	1	0	0
chr7.5290000.5290500	neg	1	1	0	1	1	0	0	1	0	1	0
chr7.5291500.5292000	neg	0	1	1	1	1	0	1	1	0	1	0
chr7.5585500.5586000	neg	0	0	0	0	0	0	0	0	0	1	0
chr7.5782500.5783000	neg	0	1	0	1	1	0	0	1	0	0	1
chr7.6411000.6411500	neg	0	0	0	0	0	0	0	0	0	0	0
chr7.6938000.6938500	neg	0	1	1	0	0	1	1	0	0	1	0
chr7.7073000.7073500	neg	0	1	1	1	1	0	0	1	0	0	1
chr7.7355500.7356000	neg	1	1	0	0	1	0	0	1	0	0	0
chr7.7558000.7558500	neg	1	1	0	0	1	0	0	0	0	1	0
chr7.8700500.8701000	neg	0	1	1	0	0	0	1	0	0	0	0
chr7.9071500.9072000	neg	0	1	0	0	0	0	1	0	0	0	0
chr7.9278500.9279000	neg	0	1	0	1	1	0	0	1	1	1	0
chr7.9524000.9524500	neg	0	1	0	0	1	1	1	1	0	0	1
chr7.9967500.9968000	neg	0	0	1	0	0	1	1	0	1	0	0
chr7.10106000.10106500	neg	0	1	1	0	0	1	1	1	0	0	0
chr7.11181500.11182000	neg	0	1	1	0	0	1	1	1	1	0	0
chr7.11280500.11281000	neg	0	0	0	0	0	0	1	0	1	0	0
chr7.11420500.11421000	neg	0	1	1	0	0	1	1	0	0	0	0
chr7.11466000.11466500	neg	0	0	1	1	0	0	1	0	1	0	0
chr7.11549000.11549500	neg	0	1	0	1	1	0	1	1	1	0	1
chr7.11763500.11764000	neg	0	1	1	1	1	0	1	1	1	0	0
chr7.11811500.11812000	neg	1	1	0	1	1	1	1	1	0	0	1
chr7.12073500.12074000	neg	1	1	0	1	1	1	0	1	1	1	0
chr7.12685500.12686000	neg	1	1	1	1	1	1	0	1	0	0	0
chr7.13855500.13856000	neg	0	1	0	1	0	1	1	1	1	1	1
chr7.13941000.13941500	neg	0	1	0	0	1	0	1	0	1	0	1
chr7.14034500.14035000	neg	1	1	1	1	1	1	0	1	0	0	0
chr7.14091000.14091500	neg	0	1	1	1	1	0	1	0	1	0	0
chr7.15155000.15155500	neg	1	1	0	1	1	1	0	1	0	0	1
chr7.15627000.15627500	neg	1	1	0	1	1	1	0	1	0	0	0
chr7.16109000.16109500	neg	0	0	1	0	0	0	1	0	1	0	0
chr7.16332000.16332500	neg	0	1	0	0	1	1	1	1	1	1	1
chr7.16386500.16387000	neg	0	0	1	0	0	0	1	0	1	0	0
chr7.16493500.16494000	neg	1	1	1	1	1	1	1	1	1	0	0
chr7.17015000.17015500	neg	1	1	0	1	0	1	1	1	1	0	0
chr7.17483000.17483500	neg	0	0	1	0	1	0	1	0	1	0	0
chr7.17541500.17542000	neg	0	1	0	1	1	1	1	1	0	0	1
chr7.17654000.17654500	neg	0	0	1	0	0	0	1	0	1	0	0
chr7.18503500.18504000	neg	0	1	0	0	0	0	1	1	1	1	0
chr7.18562500.18563000	neg	0	0	0	0	0	0	1	0	1	0	0
chr7.18986000.18986500	neg	0	1	1	0	1	0	1	1	1	0	0
chr7.19084500.19085000	neg	1	0	0	0	1	1	0	0	0	0	0
chr7.19960500.19961000	neg	0	1	1	0	1	1	0	1	0	0	0
chr7.19979500.19980000	neg	0	1	0	0	1	1	0	0	0	0	1
chr7.20022500.20023000	neg	0	1	0	1	0	1	1	1	1	0	1
chr7.20248000.20248500	neg	0	0	0	0	0	0	1	0	1	0	0
chr7.20349500.20350000	neg	0	1	1	0	0	0	1	0	0	0	0
chr7.20643000.20643500	neg	0	1	1	0	1	1	1	1	1	0	0
chr7.20898500.20899000	neg	0	1	0	1	1	0	0	1	0	1	0
chr7.21137500.21138000	neg	0	1	0	0	0	1	1	0	1	0	1
chr7.21259500.21260000	neg	0	1	0	0	0	1	1	0	1	0	1
chr7.21299000.21299500	neg	0	0	0	0	0	0	1	0	1	0	0
chr7.21306500.21307000	neg	1	1	1	1	1	1	1	1	1	0	1
chr7.21480500.21481000	neg	1	1	0	1	1	0	1	1	1	1	0
chr7.21535000.21535500	neg	0	1	1	1	1	1	1	0	1	0	1
chr8.310500.311000	neg	0	0	0	0	0	0	1	0	1	0	0
chr8.337000.337500	neg	1	1	1	1	1	0	0	1	1	1	0
chr8.337500.338000	neg	1	1	1	1	1	0	0	1	1	1	0
chr8.381500.382000	neg	0	0	1	0	0	0	1	0	1	0	0
chr8.607000.607500	neg	0	1	1	1	1	0	1	1	1	1	0
chr8.773500.774000	neg	0	0	0	0	0	0	0	0	0	0	0
chr8.897000.897500	neg	0	1	1	1	1	0	1	1	1	0	1
chr8.1085000.1085500	neg	0	1	1	1	1	0	1	0	1	0	1
chr8.1102000.1102500	neg	0	0	0	0	0	0	1	0	1	0	0
chr8.1313500.1314000	neg	0	1	1	1	0	1	1	0	1	0	1
chr8.1460500.1461000	neg	1	1	0	1	1	0	1	1	1	1	1
chr8.2494000.2494500	neg	0	0	0	0	0	0	1	0	1	0	0
chr8.2539500.2540000	neg	0	0	0	0	0	0	1	0	1	0	0
chr8.2602000.2602500	neg	1	1	0	1	1	1	1	1	1	0	0
chr8.2742500.2743000	neg	0	1	0	0	1	1	0	1	0	1	0
chr8.2753000.2753500	neg	0	1	0	0	1	1	0	0	0	1	0
chr8.2949500.2950000	neg	0	1	0	0	0	0	0	0	0	0	0
chr8.2993000.2993500	neg	1	1	1	1	1	1	0	0	0	1	0
chr8.2994000.2994500	neg	1	1	1	1	1	1	0	0	0	1	0
chr8.2999000.2999500	neg	1	1	1	1	1	1	1	1	0	1	0
chr8.3504500.3505000	neg	1	1	0	1	1	0	0	1	0	0	0
chr8.3763500.3764000	neg	0	1	0	1	1	0	1	0	1	0	1
chr8.4090000.4090500	neg	0	1	0	1	0	1	1	0	1	0	0
chr8.4156500.4157000	neg	0	0	0	0	1	1	1	0	1	0	1
chr8.4729000.4729500	neg	0	1	0	1	1	0	1	1	0	1	0
chr8.5021000.5021500	neg	1	1	1	1	1	0	0	1	1	0	0
chr8.5052000.5052500	neg	0	1	1	0	0	1	1	0	0	0	0
chr8.5052500.5053000	neg	0	1	1	0	0	1	1	0	0	0	0
chr8.5631000.5631500	neg	0	1	0	1	1	0	1	1	0	1	0
chr8.5684500.5685000	neg	1	1	0	0	1	0	1	1	0	1	0
chr8.6188500.6189000	neg	1	1	0	1	1	1	0	1	0	0	1
chr8.6573500.6574000	neg	0	1	1	0	1	1	1	1	1	0	1
chr8.7119500.7120000	neg	0	0	1	1	0	0	1	0	1	0	1
chr8.7512500.7513000	neg	0	1	1	1	0	0	1	0	1	0	0
chr8.8344500.8345000	neg	0	0	1	0	0	0	1	0	1	0	0
chr8.9268500.9269000	neg	0	1	1	1	0	0	1	0	1	0	1
chr8.9594500.9595000	neg	0	1	0	1	1	1	1	1	1	0	1
chr8.9625000.9625500	neg	0	1	1	0	1	1	1	1	1	0	1
chr8.9844500.9845000	neg	0	1	1	1	1	1	1	0	1	0	1
chr8.9865000.9865500	neg	0	1	1	1	1	0	1	1	1	0	1
chr8.10222500.10223000	neg	1	1	0	1	1	0	0	1	0	1	0
chr8.10248500.10249000	neg	0	0	0	0	0	1	1	0	1	0	0
chr8.10287000.10287500	neg	1	1	0	1	1	1	0	1	0	1	0
chr8.10981500.10982000	neg	0	1	0	1	1	0	0	1	0	1	0
chr8.11346500.11347000	neg	1	0	0	0	0	0	0	0	0	1	0
chr8.11611500.11612000	neg	0	1	0	1	1	1	1	0	0	0	1
chr8.11683000.11683500	neg	1	1	0	1	1	0	0	1	1	0	0
chr8.11701500.11702000	neg	1	1	0	1	1	0	1	1	0	0	1
chr8.12551500.12552000	neg	1	1	0	1	1	1	0	1	1	1	0
chr8.12631500.12632000	neg	0	1	0	1	1	0	0	1	0	1	0
chr8.12788500.12789000	neg	0	0	1	0	0	0	1	0	1	0	0
chr8.12908500.12909000	neg	0	0	1	1	0	0	1	1	1	0	1
chr8.13207500.13208000	neg	0	1	0	0	1	1	1	1	1	0	0
chr8.13589000.13589500	neg	0	0	0	0	0	0	1	0	1	0	0
chr8.14063000.14063500	neg	1	1	0	1	1	0	0	0	0	1	0
chr8.14378500.14379000	neg	0	1	0	1	1	1	1	1	1	0	1
chr8.14570000.14570500	neg	0	0	1	1	0	1	1	0	1	0	0
chr8.14578000.14578500	neg	0	1	0	1	0	1	1	0	1	0	0
chr8.14596500.14597000	neg	1	1	0	1	1	1	0	1	0	0	1
chr8.15121500.15122000	neg	0	0	0	0	0	0	1	0	1	0	0
chr8.15142500.15143000	neg	1	1	0	1	1	0	0	1	0	1	0
chr8.15357000.15357500	neg	1	1	0	1	1	1	0	1	0	1	0
chr8.15698500.15699000	neg	1	1	1	1	1	1	1	1	0	1	0
chr8.16030000.16030500	neg	0	1	1	1	1	1	1	1	0	0	1
chr8.16034000.16034500	neg	0	1	0	1	1	1	1	1	1	0	1
chr8.16055000.16055500	neg	0	1	1	1	1	1	1	1	1	0	1
chr8.16245500.16246000	neg	0	0	0	0	0	0	0	0	0	0	0
chr8.16269000.16269500	neg	0	0	0	0	0	0	0	0	0	0	0
chr8.16860500.16861000	neg	0	0	0	0	0	0	0	0	0	0	0
chr8.17077500.17078000	neg	0	0	1	0	0	0	1	0	1	1	0
chr8.17078000.17078500	neg	0	1	1	1	1	1	1	1	1	0	1
chr8.17110500.17111000	neg	0	0	1	0	0	1	1	0	0	1	0
chr8.17343000.17343500	neg	0	1	0	1	0	0	1	1	0	1	0
chr8.17654500.17655000	neg	1	1	0	1	1	0	0	1	0	1	0
chr8.18653000.18653500	neg	0	0	0	0	0	0	0	0	0	0	0
chr8.19666000.19666500	neg	0	0	0	0	0	0	0	0	0	0	0
chr8.19666500.19667000	neg	0	0	0	0	0	0	0	0	0	0	0
chr8.20637000.20637500	neg	0	1	0	1	1	0	1	1	1	1	1
chr8.20728000.20728500	neg	0	1	0	1	1	1	1	1	0	1	0
chr8.20896000.20896500	neg	0	1	1	1	1	0	1	1	0	0	1
chr8.20974500.20975000	neg	1	1	0	1	1	0	1	1	1	1	0
chr8.21108500.21109000	neg	1	1	0	1	1	1	1	1	1	0	0
chr8.21146000.21146500	neg	0	1	0	0	0	0	1	0	1	0	1
chrU.1494000.1494500	neg	0	0	0	0	0	0	0	0	0	0	0
chrU.3484000.3484500	neg	0	0	0	0	0	0	0	0	0	0	0
chrU.4500000.4500500	neg	0	0	0	0	0	0	0	0	0	0	0
chrV.1239500.1240000	neg	1	0	1	0	1	1	1	1	1	0	1
chrV.1370500.1371000	neg	0	0	1	0	0	0	1	0	1	0	0
chrV.3409000.3409500	neg	0	0	0	0	0	0	1	0	1	0	0
chrV.5470000.5470500	neg	0	0	0	0	0	0	1	0	1	0	0
chrV.7210500.7211000	neg	0	0	0	0	0	0	0	0	0	0	0
chrV.7249500.7250000	neg	0	0	0	0	0	0	0	0	0	0	0
chrV.7348000.7348500	neg	0	0	0	0	0	0	0	0	0	0	0
chrV.7378000.7378500	neg	0	0	0	0	0	0	0	0	0	0	0
unplaced-scaffold_013.7000.7500	neg	0	0	0	0	0	0	0	0	0	0	0
unplaced-scaffold_035.8500.9000	neg	0	0	0	0	0	0	0	0	0	0	0
unplaced-scaffold_210.6500.7000	neg	0	0	0	0	0	0	0	0	0	0	0
unplaced-scaffold_221.27500.28000	neg	0	0	0	0	0	0	0	0	0	0	0
unplaced-scaffold_260.3000.3500	neg	0	0	0	0	0	0	0	0	0	0	0
unplaced-scaffold_262.500.1000	neg	0	0	0	0	0	0	0	0	0	0	0
unplaced-scaffold_291.2000.2500	neg	0	0	0	0	0	0	0	0	0	0	0
unplaced-scaffold_297.2000.2500	neg	0	0	0	0	0	0	0	0	0	0	0
unplaced-scaffold_308.500.1000	neg	0	0	0	0	0	0	0	0	0	0	0
unplaced-scaffold_405.3500.4000	neg	0	0	0	0	0	0	0	0	0	0	0
unplaced-scaffold_431.2000.2500	neg	1	1	0	1	1	1	0	1	0	0	1
unplaced-scaffold_441.1500.2000	neg	1	1	0	0	1	0	0	0	0	1	0
