peak	Class	H2Aub	H2AZ	H3	H3K4me1	H3K4me3	H3K9ac	H3K9me1	H3K14ac	H3K27me1	H3K27me3	H3K36me3
chr1.175209.175310	pos	0	1	1	1	1	1	1	0	1	1	1
chr1.175686.175887	pos	0	1	1	1	1	1	1	0	1	1	1
chr1.176121.179014	pos	1	1	1	1	1	1	1	1	1	1	1
chr1.196397.198246	pos	1	1	1	1	1	1	1	1	1	1	1
chr1.237492.237992	pos	1	1	0	1	1	1	1	1	1	0	1
chr1.560792.561061	pos	1	1	1	1	1	1	1	0	1	1	0
chr1.591612.591710	pos	0	1	1	1	1	0	1	1	1	0	1
chr1.761919.762012	pos	0	1	1	0	0	0	1	0	0	0	0
chr1.793972.795516	pos	1	1	1	1	1	1	1	1	1	1	1
chr1.1448365.1448534	pos	0	1	0	1	1	1	0	1	0	0	1
chr1.2411735.2412314	pos	0	1	1	1	1	1	1	1	1	1	1
chr1.2413240.2413393	pos	0	1	1	1	1	1	1	1	1	1	1
chr1.3538390.3538480	pos	0	1	1	1	1	1	1	1	1	0	1
chr1.3610287.3610379	pos	0	0	1	0	0	0	1	0	1	0	0
chr1.3759627.3759697	pos	0	0	0	1	0	0	0	0	0	0	1
chr1.3868881.3869418	pos	0	1	1	1	1	1	1	0	1	1	1
chr1.3878677.3879228	pos	0	1	1	1	1	1	1	1	1	1	1
chr1.4129684.4129789	pos	0	1	1	1	1	1	1	0	1	0	1
chr1.4348816.4348920	pos	0	0	0	0	0	0	0	0	0	0	0
chr1.5382584.5382696	pos	0	0	1	0	0	1	1	0	1	0	0
chr1.5557662.5557770	pos	0	0	1	0	0	0	1	0	1	0	0
chr1.5765425.5765736	pos	0	1	1	1	1	1	1	1	1	1	1
chr1.5945367.5945440	pos	0	1	1	1	1	1	1	1	1	1	1
chr1.5990165.5990234	pos	0	1	0	1	0	0	1	1	1	0	1
chr1.6148055.6148260	pos	1	1	1	1	1	1	1	1	1	0	1
chr1.6236227.6236302	pos	0	0	0	0	0	0	1	0	1	0	0
chr1.6505638.6505938	pos	0	1	1	1	0	0	1	1	1	1	1
chr1.6832853.6832943	pos	0	0	0	1	0	0	0	0	0	0	1
chr1.6964446.6964546	pos	0	1	1	1	1	1	1	1	1	0	1
chr1.7466169.7466296	pos	0	1	1	1	1	1	1	1	1	0	1
chr1.7626237.7626574	pos	0	1	1	1	1	1	1	0	1	1	1
chr1.7975788.7975920	pos	0	0	0	0	0	0	1	0	1	0	0
chr1.8317533.8317923	pos	1	1	1	1	1	1	0	1	0	0	1
chr1.8641073.8641220	pos	0	1	1	1	1	1	1	0	1	0	1
chr1.8710731.8711363	pos	1	1	0	0	1	1	0	0	0	0	1
chr1.8830631.8830769	pos	0	1	0	1	1	0	0	1	0	0	1
chr1.8983773.8983949	pos	0	0	0	0	0	0	1	0	1	0	0
chr1.9083409.9084019	pos	1	1	0	1	1	1	0	1	0	1	0
chr1.9142538.9142897	pos	0	0	1	0	0	0	1	0	1	0	0
chr1.9239527.9239612	pos	0	1	0	1	1	1	1	0	1	1	1
chr1.9952433.9952743	pos	0	0	0	0	0	0	0	0	0	0	0
chr1.10338157.10338314	pos	0	0	1	0	0	0	1	0	1	0	0
chr1.10440421.10440647	pos	1	1	0	1	1	0	1	1	1	0	1
chr1.11294506.11294832	pos	0	1	1	1	1	1	1	1	1	1	1
chr1.11399860.11400015	pos	0	1	0	0	0	1	1	1	1	0	1
chr1.11467551.11467869	pos	0	1	1	1	1	1	1	0	1	1	1
chr1.12349827.12349896	pos	0	0	0	0	0	1	1	0	1	0	0
chr1.12590653.12590763	pos	0	0	1	1	1	0	0	1	0	0	1
chr1.12708853.12709624	pos	1	0	0	0	1	1	0	1	0	0	1
chr1.12810398.12810518	pos	0	1	1	1	0	1	1	1	1	0	1
chr1.12938129.12938212	pos	0	1	0	1	1	1	1	0	1	1	1
chr1.13094299.13094389	pos	0	1	0	0	0	1	1	0	0	0	1
chr1.13168339.13168569	pos	0	0	0	0	0	0	1	0	1	0	0
chr1.13276555.13277171	pos	0	1	1	1	1	1	1	0	1	1	1
chr1.13666420.13666635	pos	0	0	1	0	0	0	1	0	1	0	0
chr1.14255371.14255645	pos	0	0	1	0	0	0	1	0	1	1	1
chr1.14658323.14658402	pos	0	0	1	0	0	0	1	0	1	0	0
chr1.15156220.15156853	pos	0	1	1	1	1	1	1	1	1	1	1
chr1.15157005.15157461	pos	0	1	1	1	1	1	1	1	1	1	1
chr1.15163394.15163554	pos	0	1	1	1	1	1	1	1	1	1	1
chr1.15164268.15164880	pos	0	1	1	1	1	1	1	1	1	1	1
chr1.15266297.15266573	pos	0	1	1	1	1	1	1	0	1	1	1
chr1.15779956.15780070	pos	0	0	1	0	0	0	1	0	1	0	0
chr1.16001392.16001508	pos	0	0	1	0	0	0	1	0	1	0	0
chr1.16002038.16002103	pos	0	0	1	0	0	0	1	0	1	0	0
chr1.16002413.16002512	pos	0	0	1	0	0	0	1	0	1	0	0
chr1.16237285.16237352	pos	0	0	1	0	0	0	1	0	1	0	0
chr1.16278648.16278787	pos	0	0	0	0	0	0	1	0	1	0	0
chr1.16419165.16419728	pos	0	1	1	1	1	1	1	1	1	1	1
chr1.16433393.16433779	pos	0	0	1	0	0	0	1	0	1	1	0
chr1.17120700.17120801	pos	0	1	0	1	1	0	1	0	1	0	1
chr1.17238425.17238543	pos	0	0	0	1	0	0	1	0	1	0	0
chr1.17756697.17757066	pos	1	1	0	0	1	1	0	1	0	1	0
chr1.18300139.18300291	pos	1	0	1	0	1	1	0	1	0	0	1
chr1.18936756.18936863	pos	0	0	1	0	0	0	1	0	1	0	0
chr1.19050489.19051234	pos	0	1	1	1	1	1	1	0	1	1	1
chr1.19511790.19511887	pos	0	0	1	0	0	0	1	0	1	0	0
chr1.19529075.19529172	pos	0	1	0	0	0	0	1	1	0	0	0
chr1.19750867.19751008	pos	0	1	1	0	0	0	1	0	0	0	0
chr1.19814856.19816154	pos	0	1	1	1	1	1	1	1	1	1	1
chr1.19816254.19816847	pos	0	1	1	1	1	1	1	1	1	1	1
chr1.19858731.19858935	pos	1	0	0	0	1	0	0	0	0	0	1
chr1.20225486.20225981	pos	1	1	0	1	1	0	0	1	0	1	0
chr1.20533041.20533197	pos	0	0	1	0	0	0	1	0	1	0	0
chr1.20703757.20704053	pos	0	1	1	1	1	1	0	1	1	0	1
chr1.20863164.20863706	pos	0	1	1	1	0	1	1	0	1	1	0
chr1.20864005.20864224	pos	0	1	1	1	0	1	1	0	1	1	0
chr1.20916307.20916657	pos	0	1	1	0	0	1	1	1	1	0	1
chr1.20933014.20933184	pos	1	1	0	1	1	0	0	1	0	0	1
chr1.21927963.21928093	pos	0	1	1	1	1	0	0	0	1	0	1
chr1.22103763.22103846	pos	0	0	0	1	1	1	0	1	0	0	1
chr1.22338863.22338932	pos	0	0	1	0	0	0	1	0	1	0	0
chr1.23024062.23024132	pos	0	1	0	1	0	0	1	0	0	1	0
chr1.23160944.23161083	pos	0	1	1	0	1	1	1	1	1	0	1
chr1.23641918.23642141	pos	0	0	1	1	1	0	0	1	0	0	1
chr1.23809194.23809263	pos	0	0	1	0	0	0	1	0	1	0	0
chr1.24437596.24437910	pos	1	1	0	0	1	1	0	1	0	0	0
chr1.24616012.24616276	pos	0	0	0	0	1	1	0	1	0	0	1
chr1.25085731.25085991	pos	1	1	1	1	1	1	1	1	0	0	1
chr1.25927108.25927256	pos	1	1	0	1	1	1	1	1	1	0	1
chr1.26317835.26317926	pos	1	1	1	1	1	1	1	1	1	1	1
chr1.26337523.26337674	pos	0	1	0	1	1	1	0	1	0	0	1
chr1.26366436.26366935	pos	0	1	1	1	1	1	1	1	1	1	1
chr1.26367127.26367318	pos	0	1	1	1	1	1	1	1	1	1	1
chr1.26390623.26390779	pos	0	1	1	0	0	1	1	0	1	0	0
chr1.26611262.26611327	pos	0	0	0	1	0	0	0	0	0	0	1
chr1.26845617.26845683	pos	0	0	1	1	0	0	0	1	0	0	1
chr1.26917023.26917138	pos	0	0	0	1	1	0	0	1	0	0	1
chr1.27003249.27003354	pos	0	1	0	1	1	0	0	1	0	1	0
chr1.27127993.27128513	pos	1	1	0	0	1	1	0	0	0	1	0
chr1.27464006.27464073	pos	0	1	0	1	1	1	1	1	1	0	1
chr1.27490828.27490893	pos	0	1	0	1	0	0	0	1	0	0	1
chr1.27552120.27552372	pos	1	1	1	1	1	1	1	1	1	0	0
chr1.27641254.27641324	pos	0	0	1	0	0	0	1	0	0	0	0
chr1.28108016.28108583	pos	0	1	0	1	1	1	1	1	1	0	1
chr1.28583455.28583853	pos	0	1	0	0	1	0	1	0	0	0	1
chr1.28850377.28850596	pos	0	1	1	0	0	1	1	0	1	0	0
chr1.29029400.29029564	pos	0	1	1	0	1	1	1	0	1	0	0
chr1.29431267.29431340	pos	0	0	0	0	0	0	1	0	1	1	0
chr1.29450099.29452272	pos	1	1	1	1	1	1	0	1	0	0	0
chr1.29453719.29453855	pos	0	1	0	1	1	0	0	1	0	0	1
chr1.29501483.29501582	pos	0	0	1	0	0	0	1	0	1	0	0
chr1.29866687.29866957	pos	0	1	0	1	1	1	1	1	0	0	1
chr1.30160694.30160839	pos	0	1	1	1	1	1	1	0	1	1	1
chr1.30401372.30401472	pos	1	1	0	0	1	1	0	1	0	0	1
chr1.30457470.30457565	pos	1	1	1	1	1	0	1	1	1	1	1
chr2.414495.414639	pos	0	0	0	1	1	0	0	1	0	0	1
chr2.424129.424209	pos	0	0	1	1	0	0	0	1	0	0	1
chr2.686158.686261	pos	1	1	0	0	1	0	0	1	0	1	0
chr2.1068233.1068444	pos	1	1	1	1	1	0	0	1	1	1	0
chr2.1798968.1799104	pos	1	1	0	1	1	0	1	1	0	1	0
chr2.1886763.1887381	pos	0	1	1	1	1	1	1	0	1	1	0
chr2.2228286.2228379	pos	0	1	0	0	1	1	1	0	0	0	1
chr2.2517805.2518022	pos	0	1	0	0	1	0	1	1	1	0	0
chr2.2555428.2555575	pos	1	1	0	1	1	0	0	1	0	1	0
chr2.2711634.2711721	pos	0	0	0	0	0	0	0	0	0	1	0
chr2.2863078.2863158	pos	1	1	0	1	1	0	1	1	0	1	0
chr2.2904726.2904794	pos	0	0	0	0	0	0	1	0	1	0	0
chr2.3718005.3718222	pos	0	1	1	0	0	0	1	0	1	1	0
chr2.3849731.3849911	pos	1	1	0	1	1	0	0	1	0	1	0
chr2.3983653.3984187	pos	1	1	0	1	1	0	0	1	0	1	0
chr2.4434035.4434341	pos	0	0	1	1	1	1	1	1	1	0	1
chr2.4478492.4478716	pos	0	0	1	0	0	0	1	0	1	0	0
chr2.4662233.4662305	pos	0	0	0	0	0	0	1	0	1	0	0
chr2.4720763.4720852	pos	0	0	1	0	0	0	1	0	0	1	0
chr2.4848061.4848126	pos	0	0	0	1	0	0	0	1	0	0	1
chr2.5679433.5680765	pos	0	1	1	1	1	1	1	0	1	1	1
chr2.6340145.6340213	pos	0	0	0	0	0	0	1	0	0	1	0
chr2.7340320.7340507	pos	0	0	1	0	0	0	1	0	1	1	0
chr2.7514282.7514469	pos	0	0	1	0	0	0	1	0	1	0	0
chr2.7852680.7852791	pos	0	1	0	1	0	1	0	1	0	0	1
chr2.8049891.8050009	pos	0	0	0	0	0	0	1	0	1	0	0
chr2.8334007.8334199	pos	0	0	1	1	0	1	1	1	1	0	0
chr2.8585751.8585815	pos	1	0	1	1	1	0	0	1	0	0	1
chr2.8612162.8612327	pos	1	0	0	0	1	0	0	0	0	0	0
chr2.8862430.8862496	pos	1	1	1	1	1	0	0	1	0	1	0
chr2.8870166.8870231	pos	1	1	0	1	1	0	0	1	0	1	0
chr2.9579405.9579554	pos	0	1	1	1	1	1	1	1	1	1	1
chr2.9579895.9581426	pos	0	1	1	1	1	1	1	1	1	1	1
chr2.9654315.9654514	pos	0	1	1	0	0	0	1	0	0	1	0
chr2.9701469.9701586	pos	1	1	0	1	1	0	0	1	0	0	1
chr2.9811609.9811778	pos	0	0	1	0	0	0	1	0	1	0	1
chr2.9940983.9941121	pos	1	1	1	1	1	1	1	1	1	1	1
chr2.10204307.10204431	pos	1	1	0	0	0	1	1	0	1	1	0
chr2.10668801.10669250	pos	0	1	1	1	1	1	1	1	0	1	0
chr2.10756111.10756239	pos	0	0	1	1	1	1	0	1	0	0	1
chr2.10864434.10864536	pos	0	1	0	1	1	1	1	1	1	0	1
chr2.11064831.11065231	pos	0	1	0	1	0	0	1	1	1	0	1
chr2.11108579.11108698	pos	0	0	0	1	1	0	0	1	0	0	1
chr2.11203344.11203434	pos	1	1	0	1	1	1	0	1	0	0	0
chr2.11241035.11241295	pos	1	1	0	1	1	0	1	0	1	1	0
chr2.11786874.11787059	pos	0	1	0	1	0	0	0	1	0	0	1
chr2.11861595.11862204	pos	0	1	0	1	1	1	1	1	1	0	1
chr2.11963230.11963338	pos	1	1	1	1	1	0	0	1	0	1	0
chr2.12274517.12275430	pos	0	1	1	1	0	1	1	0	1	1	0
chr2.12275547.12275914	pos	0	1	1	1	0	1	1	0	1	1	0
chr2.12514142.12514241	pos	0	0	1	0	0	0	1	0	0	1	0
chr2.12637812.12638072	pos	0	1	0	1	1	1	1	1	1	1	1
chr2.12916884.12917950	pos	0	1	1	1	1	1	1	1	1	1	1
chr2.12920013.12920076	pos	0	1	1	1	0	1	1	0	1	0	0
chr2.12948687.12948971	pos	0	1	1	1	0	1	1	0	1	0	1
chr2.13075223.13075384	pos	0	0	1	0	0	0	1	0	1	0	0
chr2.13075812.13075913	pos	0	0	1	0	0	0	1	0	1	0	0
chr2.13096669.13096788	pos	0	1	1	0	0	1	1	0	0	0	0
chr2.13207932.13207999	pos	0	0	0	0	0	0	1	0	1	0	0
chr2.13219107.13219219	pos	0	1	1	0	1	1	1	1	1	0	1
chr2.13501231.13501627	pos	1	1	0	1	1	1	0	1	0	1	0
chr2.13835146.13835316	pos	1	1	1	1	1	0	0	1	1	0	0
chr2.13921434.13921562	pos	1	1	1	1	1	0	1	1	1	1	0
chr2.13932535.13932635	pos	1	1	1	1	1	1	1	1	0	1	0
chr2.15631809.15631908	pos	1	1	0	1	1	1	0	1	0	1	0
chr2.15647936.15648120	pos	0	0	0	0	0	0	1	0	0	1	0
chr2.15689823.15690136	pos	0	1	1	0	0	1	1	0	1	1	0
chr2.15950014.15950288	pos	0	1	1	1	0	0	1	0	1	0	1
chr2.15952832.15952901	pos	0	0	1	0	0	0	1	0	1	0	0
chr2.16366594.16366716	pos	0	0	0	0	0	0	1	0	1	1	0
chr2.16685478.16685674	pos	0	1	1	0	0	0	1	0	1	0	1
chr2.16918903.16919035	pos	1	1	1	1	1	1	1	1	0	1	1
chr2.17239113.17239735	pos	0	1	1	1	1	1	1	1	1	0	1
chr2.17403574.17403870	pos	0	0	1	1	1	1	1	0	1	0	1
chr2.18068542.18068687	pos	0	0	0	0	0	0	1	0	1	0	0
chr2.18087989.18088218	pos	0	0	1	0	0	1	1	0	1	1	0
chr2.19061758.19061873	pos	0	0	1	0	0	0	1	0	1	0	0
chr2.19141932.19142094	pos	0	0	1	1	0	0	0	1	0	0	1
chr2.19722686.19723958	pos	1	1	1	1	1	1	1	1	1	1	1
chr2.19731247.19731358	pos	0	0	0	0	0	0	1	0	1	0	0
chr2.19809077.19809182	pos	1	1	1	1	1	1	1	1	1	1	1
chr2.20054028.20054158	pos	1	1	0	1	1	0	0	1	0	1	0
chr2.20186760.20186834	pos	0	0	0	0	0	0	1	0	1	1	0
chr2.21160046.21160615	pos	0	1	1	1	1	1	1	0	1	1	0
chr2.21293590.21293847	pos	1	1	0	0	1	0	0	0	0	1	0
chr2.21374452.21374519	pos	0	0	0	1	1	0	0	1	0	0	1
chr2.21476172.21476270	pos	0	0	1	0	0	0	1	0	1	0	0
chr2.22079772.22080102	pos	1	1	1	1	1	1	1	1	1	1	0
chr2.22601920.22602453	pos	0	0	1	0	0	0	1	0	0	1	0
chr2.23711696.23711831	pos	0	1	1	1	1	0	0	1	1	0	1
chr2.23742119.23742415	pos	1	1	0	1	1	1	1	1	0	0	1
chr2.24060499.24060758	pos	1	1	0	1	1	1	1	1	0	0	1
chr2.24318922.24319015	pos	0	1	1	1	1	1	1	1	1	1	1
chr2.24319160.24319542	pos	0	1	1	1	1	1	1	1	1	1	1
chr2.24441993.24442066	pos	0	0	1	1	0	1	0	0	0	0	1
chr2.25223613.25223702	pos	0	0	0	0	0	0	1	0	1	0	0
chr2.25784554.25784675	pos	0	0	1	1	0	1	1	0	1	0	0
chr2.26699577.26699642	pos	0	1	0	1	0	0	1	0	0	1	0
chr2.26887320.26887422	pos	1	1	0	1	1	0	0	1	0	1	0
chr2.27103504.27103615	pos	1	1	0	1	1	0	1	1	0	1	0
chr2.27138993.27139088	pos	0	1	0	1	0	0	0	1	0	1	0
chr2.27437868.27437966	pos	0	1	0	1	1	0	0	1	0	1	0
chr2.27473464.27473622	pos	0	0	1	1	1	0	1	1	1	0	1
chr2.27646462.27646724	pos	0	0	1	0	0	1	1	0	1	0	0
chr2.27965565.27965715	pos	1	1	0	0	1	1	1	1	1	0	1
chr2.27996196.27996496	pos	0	1	1	1	1	1	1	1	1	1	1
chr2.29192680.29192916	pos	0	1	1	1	1	1	1	1	1	1	1
chr2.29513282.29513356	pos	0	0	0	0	0	0	1	0	1	0	0
chr2.29616233.29616940	pos	0	1	1	1	0	1	1	0	1	1	0
chr3.11379.11857	pos	0	1	0	0	1	1	0	1	0	0	1
chr3.193586.193677	pos	0	0	0	0	0	0	1	0	1	0	0
chr3.419138.419284	pos	0	1	1	0	0	0	1	0	1	0	0
chr3.500272.500785	pos	1	0	0	0	1	1	0	0	0	1	0
chr3.871375.871524	pos	0	1	0	0	0	0	1	0	0	0	0
chr3.1289731.1290132	pos	0	1	0	1	1	1	1	1	1	0	1
chr3.1422932.1423212	pos	0	0	1	1	1	0	0	1	0	0	1
chr3.1487214.1487451	pos	0	1	1	1	0	1	1	0	1	1	0
chr3.1806985.1807091	pos	0	0	1	0	0	0	1	0	1	0	0
chr3.2002273.2002503	pos	0	0	1	0	0	0	1	0	0	1	0
chr3.2310147.2310296	pos	0	0	1	1	0	0	0	0	0	0	1
chr3.2398389.2398465	pos	0	1	0	1	1	1	1	1	1	0	1
chr3.2549222.2549302	pos	1	1	1	1	1	0	0	1	0	0	0
chr3.2659368.2659527	pos	1	1	0	1	1	0	1	1	1	1	1
chr3.2776064.2776457	pos	0	1	1	0	0	0	1	0	1	0	0
chr3.4388153.4388317	pos	1	1	0	1	1	0	0	0	0	1	0
chr3.4501485.4501559	pos	0	1	1	0	0	0	1	0	1	0	0
chr3.5378042.5378309	pos	0	1	1	0	0	0	1	0	1	1	0
chr3.6538422.6538544	pos	1	1	1	0	0	0	1	0	0	0	0
chr3.6741912.6742431	pos	1	1	1	0	1	1	1	1	0	1	1
chr3.6863644.6863782	pos	0	0	0	0	0	0	1	0	1	0	0
chr3.7516537.7517226	pos	1	1	0	0	1	1	0	1	0	0	1
chr3.7521657.7521830	pos	0	1	1	1	1	1	1	1	1	0	1
chr3.7668652.7668724	pos	1	1	1	0	0	0	1	0	0	1	0
chr3.7825862.7826010	pos	1	1	0	1	1	0	0	1	0	0	1
chr3.7919418.7919484	pos	0	1	0	1	1	1	1	1	1	1	1
chr3.7920067.7920163	pos	0	1	0	1	1	1	1	1	1	1	1
chr3.7984573.7984683	pos	1	1	0	1	1	1	1	1	1	0	1
chr3.8074090.8074294	pos	0	1	0	1	1	1	1	0	1	1	0
chr3.8393592.8393698	pos	0	0	1	1	1	1	0	0	0	0	1
chr3.8617423.8617528	pos	0	0	1	0	0	0	1	0	1	0	0
chr3.9462064.9462210	pos	0	1	1	1	1	1	1	0	1	1	1
chr3.9464539.9464754	pos	1	1	0	1	1	0	0	1	0	1	0
chr3.9765986.9766086	pos	1	1	1	1	1	1	1	1	1	0	1
chr3.9832726.9832851	pos	0	1	1	0	0	0	1	0	1	1	0
chr3.10120965.10121054	pos	1	1	0	1	1	0	0	1	0	1	0
chr3.10792063.10792363	pos	0	0	1	1	0	1	1	1	1	1	0
chr3.10910422.10910643	pos	0	0	1	0	0	0	1	0	1	0	0
chr3.10914311.10914396	pos	0	0	0	1	0	0	1	0	1	1	0
chr3.11546349.11546619	pos	0	0	1	0	0	0	1	0	1	1	0
chr3.11832510.11832854	pos	0	1	1	1	1	0	1	1	1	1	1
chr3.12124983.12125085	pos	0	0	1	0	0	0	1	0	1	1	0
chr3.12150914.12151062	pos	0	0	1	0	0	0	1	0	0	1	0
chr3.12509750.12509916	pos	1	1	1	1	1	0	1	0	0	1	0
chr3.13137968.13138085	pos	0	1	1	1	0	0	1	0	0	1	0
chr3.13325291.13326665	pos	1	1	1	1	1	1	1	0	1	1	1
chr3.13327508.13327581	pos	0	1	1	1	1	1	0	0	0	1	1
chr3.13549793.13550084	pos	1	1	1	1	1	1	1	0	0	1	0
chr3.13557781.13557934	pos	1	1	1	1	1	0	1	1	0	1	0
chr3.13558403.13558545	pos	1	1	1	1	1	0	1	1	0	1	0
chr3.13846851.13846953	pos	1	1	0	1	1	0	0	1	0	1	0
chr3.14102930.14103370	pos	0	1	1	1	1	1	1	1	1	1	1
chr3.14283304.14283374	pos	0	1	0	1	0	0	0	0	1	0	0
chr3.14798833.14798901	pos	0	0	1	1	0	0	0	0	0	0	1
chr3.15046542.15046684	pos	1	1	0	1	1	1	1	1	1	0	1
chr3.15054751.15055335	pos	0	0	1	1	1	1	1	1	1	1	1
chr3.15338040.15338121	pos	0	1	1	1	0	1	1	0	1	0	1
chr3.15359274.15359380	pos	0	1	0	1	1	1	0	1	0	0	1
chr3.15868336.15868399	pos	0	0	0	0	0	0	1	0	1	0	0
chr3.15924187.15924397	pos	0	1	1	1	1	1	1	1	1	1	0
chr3.16015044.16015113	pos	0	0	1	0	0	0	1	0	1	0	0
chr3.16122473.16122667	pos	1	0	1	1	1	0	0	1	0	0	1
chr3.16729517.16729769	pos	1	1	0	1	1	1	1	1	1	1	0
chr3.16908727.16908820	pos	0	0	1	0	0	0	1	0	1	0	0
chr3.17405619.17405775	pos	0	0	1	0	0	0	1	0	1	0	0
chr3.17416302.17416378	pos	0	0	1	0	0	0	1	0	1	0	0
chr3.17676422.17676514	pos	1	1	0	1	1	0	1	1	0	1	0
chr3.17987998.17988139	pos	1	1	1	1	1	0	1	1	1	0	0
chr3.17996053.17996182	pos	0	0	0	0	0	0	1	0	1	0	0
chr3.18010170.18010298	pos	1	1	0	1	1	1	0	1	0	0	1
chr3.18316572.18316685	pos	0	1	0	1	0	0	1	1	1	0	0
chr3.18721964.18722055	pos	0	1	0	1	1	0	0	1	0	1	0
chr3.18732210.18732346	pos	1	1	0	1	1	0	0	1	0	1	0
chr3.18732526.18732614	pos	1	1	0	1	1	0	0	1	0	1	0
chr3.19087616.19087804	pos	0	1	1	1	1	1	1	1	1	1	1
chr3.19390507.19390613	pos	0	0	0	0	0	0	1	0	1	0	0
chr3.19466305.19466385	pos	0	0	0	0	0	0	0	0	0	0	0
chr3.19893324.19893400	pos	0	0	1	0	0	0	1	0	0	1	0
chr3.19962730.19963006	pos	1	1	0	1	1	0	0	1	0	1	0
chr3.21212312.21212466	pos	0	1	1	1	0	0	1	0	1	1	1
chr3.22696049.22696216	pos	0	1	1	0	0	1	1	1	0	0	1
chr3.22769066.22769158	pos	1	0	0	0	1	1	0	1	0	0	1
chr3.22897006.22897174	pos	0	0	1	1	1	0	0	1	0	0	1
chr3.22994251.22994320	pos	1	1	1	1	1	0	1	1	1	1	0
chr3.23572094.23572179	pos	0	0	0	0	0	0	1	0	1	0	0
chr3.23754767.23754855	pos	0	1	1	1	0	0	1	1	1	0	0
chr3.24278302.24278636	pos	0	1	1	1	0	0	1	0	1	0	1
chr3.25463483.25464109	pos	1	1	1	1	1	1	1	1	1	1	1
chr3.25464511.25464820	pos	1	1	1	1	1	1	1	1	1	1	1
chr3.25559721.25560304	pos	0	1	1	1	1	1	1	1	1	1	1
chr3.25838707.25838951	pos	0	1	1	1	1	0	1	1	1	1	0
chr3.26134315.26134695	pos	0	0	1	0	0	0	1	0	1	0	0
chr3.26177324.26177397	pos	0	0	1	0	0	1	1	0	0	0	0
chr3.26266544.26266626	pos	0	1	1	1	1	1	1	1	1	1	0
chr3.26449091.26449379	pos	0	1	0	0	0	0	1	0	1	1	0
chr3.26477387.26477515	pos	0	0	1	0	0	0	1	0	1	0	0
chr3.26597390.26597635	pos	0	0	1	0	0	0	1	0	1	0	0
chr3.27076209.27076277	pos	0	0	0	0	0	0	1	0	1	0	0
chr4.51925.52023	pos	0	1	0	1	1	1	1	1	1	0	1
chr4.199357.199461	pos	0	1	1	1	1	1	1	1	1	0	0
chr4.297220.297353	pos	1	1	1	0	1	1	1	0	0	1	0
chr4.591591.591784	pos	1	1	0	1	1	1	0	0	0	1	0
chr4.784321.784649	pos	0	0	1	0	0	1	1	0	1	1	0
chr4.1276424.1276634	pos	0	0	1	0	0	0	1	0	1	1	0
chr4.1923130.1923736	pos	0	1	0	1	1	1	0	1	0	0	1
chr4.2063045.2063338	pos	1	1	0	1	1	1	1	0	1	0	1
chr4.2270861.2270985	pos	0	1	1	1	0	1	1	1	0	0	1
chr4.2345731.2345816	pos	0	0	1	0	0	0	0	0	0	1	0
chr4.2521743.2521928	pos	0	1	1	1	1	1	1	1	1	0	1
chr4.3146431.3146785	pos	1	1	0	0	1	1	0	1	0	0	1
chr4.3150509.3150660	pos	0	1	0	1	1	1	1	0	1	0	1
chr4.3622273.3622616	pos	0	1	1	1	1	0	1	1	1	1	1
chr4.3645714.3645903	pos	0	1	0	0	1	0	1	0	1	1	0
chr4.4533784.4534319	pos	0	1	1	1	1	1	1	1	1	1	1
chr4.4552697.4554677	pos	1	1	1	1	1	1	1	1	1	1	1
chr4.5262825.5262947	pos	0	1	0	0	0	0	1	0	0	1	0
chr4.5326421.5326719	pos	0	1	0	1	1	0	1	1	0	1	0
chr4.5400909.5400995	pos	1	1	1	1	1	0	1	1	0	1	0
chr4.5764531.5764606	pos	1	1	0	1	1	0	0	1	0	1	0
chr4.5952664.5952981	pos	0	0	1	1	1	1	1	0	1	1	0
chr4.5965391.5965455	pos	0	1	0	1	1	1	1	1	1	0	1
chr4.6245905.6246428	pos	0	1	1	1	1	1	1	1	1	1	1
chr4.6560792.6561082	pos	1	1	0	1	1	0	0	1	0	0	1
chr4.7250891.7251124	pos	0	0	1	0	0	0	1	0	1	0	0
chr4.7935389.7935492	pos	0	1	1	1	1	1	1	1	0	0	1
chr4.8681229.8681369	pos	0	1	0	0	0	0	1	0	0	1	0
chr4.9063459.9063876	pos	0	0	1	0	0	1	1	0	1	0	0
chr4.9064599.9064844	pos	0	1	1	1	1	1	0	1	1	0	1
chr4.9137276.9137349	pos	0	1	0	1	0	1	1	0	1	1	1
chr4.9151378.9151517	pos	0	0	0	0	0	0	1	0	1	1	0
chr4.9473461.9473900	pos	0	0	1	0	0	1	1	0	0	1	0
chr4.9611795.9611869	pos	1	1	0	1	1	0	1	1	1	1	0
chr4.9621422.9622820	pos	0	1	1	1	1	1	1	1	1	1	1
chr4.9673566.9673658	pos	0	0	0	1	1	1	0	0	0	0	1
chr4.10248032.10248126	pos	0	1	0	1	1	1	1	1	0	0	0
chr4.10539792.10539861	pos	1	1	0	0	1	1	0	1	0	1	0
chr4.11043747.11043873	pos	0	1	0	0	1	0	1	0	0	1	0
chr4.11274357.11274591	pos	0	1	1	1	1	1	0	1	0	1	1
chr4.12330411.12330513	pos	0	0	1	0	0	0	1	0	1	0	0
chr4.12718422.12718699	pos	0	1	0	1	1	1	1	1	1	0	1
chr4.12803311.12803414	pos	0	1	1	1	0	0	1	0	1	0	0
chr4.12869049.12869311	pos	0	1	1	1	1	1	1	0	1	0	0
chr4.12878516.12878629	pos	0	1	0	1	0	0	1	0	1	0	1
chr4.12918837.12918957	pos	0	1	1	1	1	0	1	1	1	0	1
chr4.13080356.13080477	pos	0	1	0	0	0	1	0	0	0	0	0
chr4.14178781.14178967	pos	0	0	1	0	0	0	1	0	1	0	0
chr4.14325903.14325977	pos	1	1	0	1	1	0	0	1	0	1	0
chr4.15000771.15000902	pos	1	0	0	0	1	1	0	0	0	0	1
chr4.15348544.15348607	pos	0	0	0	0	0	0	1	0	0	1	0
chr4.16050301.16050597	pos	0	1	1	1	1	1	1	1	1	1	1
chr4.16512000.16512207	pos	0	0	0	0	0	0	1	0	1	0	0
chr4.16578752.16578822	pos	0	0	0	0	0	0	1	0	0	0	0
chr4.16617224.16617896	pos	1	1	1	1	1	1	1	0	1	1	1
chr4.16621482.16621601	pos	1	1	0	1	1	0	0	0	0	1	0
chr4.16624312.16624560	pos	1	1	0	0	1	0	0	0	0	1	0
chr4.17475015.17475148	pos	0	0	1	1	1	1	1	1	1	0	1
chr4.17475351.17475536	pos	0	0	1	1	1	1	1	1	1	0	1
chr4.18366458.18367247	pos	0	0	0	0	1	1	0	0	0	0	1
chr4.18633319.18633398	pos	0	0	1	0	0	0	1	0	1	1	0
chr4.18643662.18644024	pos	1	1	0	1	1	1	0	1	0	0	1
chr4.18875749.18875846	pos	1	1	1	1	1	0	0	1	0	1	0
chr4.18965072.18965164	pos	1	1	1	1	1	0	0	1	0	1	0
chr4.19233318.19233406	pos	1	1	0	1	1	1	0	1	1	0	0
chr4.19744179.19744505	pos	0	1	1	1	0	0	1	0	1	0	0
chr4.19875393.19875470	pos	0	1	0	0	0	0	1	0	1	1	0
chr4.19885891.19885983	pos	0	0	0	0	0	0	1	0	1	0	0
chr4.20509722.20509901	pos	0	1	1	1	1	1	1	1	1	0	1
chr4.20609828.20610069	pos	0	1	0	0	1	1	1	1	1	0	1
chr4.20812267.20813154	pos	1	1	1	1	1	1	1	1	1	1	1
chr4.21098632.21098997	pos	1	1	1	1	1	0	1	1	1	1	0
chr4.21442937.21443004	pos	0	0	0	0	0	0	1	0	1	0	0
chr4.21462629.21462818	pos	0	1	1	1	0	0	1	1	1	0	0
chr4.21542836.21542901	pos	0	0	0	0	0	0	1	0	1	1	0
chr4.21659806.21660025	pos	0	0	1	1	1	1	0	1	0	0	1
chr4.21863810.21863905	pos	1	1	0	1	1	0	1	1	0	1	0
chr4.21875508.21875686	pos	1	1	0	1	1	1	1	1	1	1	0
chr4.22162089.22162585	pos	0	1	1	1	1	1	1	1	1	0	1
chr4.22433158.22433337	pos	0	1	1	1	1	0	0	1	0	0	1
chr4.22888432.22888495	pos	0	0	1	0	0	0	1	0	1	0	0
chr4.22941190.22941831	pos	0	1	1	1	1	1	1	1	1	1	1
chr4.22947870.22947940	pos	0	0	0	0	0	0	1	0	1	0	0
chr4.22998501.22998741	pos	0	0	1	0	0	0	1	0	1	0	0
chr4.22999226.22999299	pos	0	0	1	0	0	0	1	0	1	0	0
chr4.23032195.23032276	pos	0	1	1	1	1	0	1	0	1	0	0
chr4.23300363.23300608	pos	0	1	0	0	1	1	0	1	0	1	1
chr4.23544321.23544508	pos	0	1	1	1	1	1	0	1	0	0	0
chr4.23876670.23877225	pos	1	1	1	1	1	1	0	1	0	0	1
chr4.24335404.24335622	pos	0	1	1	1	0	1	1	0	1	1	1
chr4.24504177.24504277	pos	0	1	1	1	0	1	1	0	0	0	0
chr4.24890218.24890659	pos	1	1	0	1	1	0	1	0	1	1	0
chr4.25056417.25056570	pos	1	1	0	1	1	0	1	0	1	1	0
chr4.25087287.25087375	pos	0	0	0	0	0	0	1	0	1	0	0
chr4.25098476.25098558	pos	0	0	0	1	0	0	0	0	0	0	1
chr4.25114507.25114599	pos	1	1	1	1	1	1	1	1	1	0	0
chr4.25232594.25232694	pos	0	1	1	0	0	1	0	0	0	0	0
chr4.25315477.25315566	pos	0	1	1	1	1	0	1	1	0	1	1
chr4.25364819.25364973	pos	1	1	0	1	1	1	0	1	0	0	1
chr4.26180802.26180882	pos	0	0	1	0	0	0	1	0	1	0	0
chr4.26211307.26211820	pos	0	0	1	0	0	1	1	0	1	0	0
chr4.26398310.26398656	pos	1	1	0	0	1	1	0	1	0	0	1
chr4.26513021.26513093	pos	0	0	0	1	0	0	0	1	0	0	1
chr4.26591638.26591803	pos	0	0	0	0	0	0	0	0	1	0	0
chr4.26693454.26693527	pos	0	0	1	0	0	0	1	0	1	0	0
chr5.62773.63101	pos	0	1	0	0	1	1	1	1	1	0	1
chr5.124761.124924	pos	0	1	1	1	0	0	1	1	1	0	1
chr5.159646.159989	pos	0	1	0	1	1	1	0	1	0	0	1
chr5.186906.187058	pos	1	1	0	1	1	1	1	1	1	0	0
chr5.399483.399738	pos	0	0	0	0	0	0	1	0	0	1	0
chr5.2402256.2402326	pos	1	1	0	1	1	1	1	1	0	0	1
chr5.3079046.3079139	pos	1	1	1	1	1	1	1	1	1	1	0
chr5.3192467.3192844	pos	0	1	1	1	0	0	1	1	0	1	0
chr5.3227799.3228091	pos	1	1	0	1	1	0	0	1	0	1	0
chr5.3468726.3468829	pos	0	0	0	1	0	0	0	1	0	0	1
chr5.3866329.3866433	pos	1	1	0	1	1	1	0	1	0	1	0
chr5.4049167.4049596	pos	1	1	1	1	1	1	0	1	0	0	0
chr5.4710553.4710733	pos	0	1	0	0	0	1	1	1	0	1	0
chr5.4729917.4729997	pos	0	0	0	1	0	0	1	0	0	0	1
chr5.4744281.4744396	pos	0	1	1	1	1	1	1	1	0	1	1
chr5.4760940.4761160	pos	0	0	1	0	0	0	1	0	1	1	0
chr5.4804213.4804320	pos	1	1	0	1	1	0	1	0	0	1	0
chr5.4927010.4927312	pos	1	1	0	0	1	1	0	1	0	0	0
chr5.4939614.4939800	pos	1	1	1	1	1	1	1	1	1	0	0
chr5.5846565.5846740	pos	0	1	0	1	1	1	1	1	1	0	1
chr5.5875312.5875758	pos	0	1	0	1	1	1	0	1	0	0	1
chr5.6342887.6343019	pos	0	1	1	1	1	1	1	0	1	1	1
chr5.6618147.6618313	pos	0	1	1	1	1	0	1	0	1	1	1
chr5.6638434.6638860	pos	0	1	1	1	0	1	1	0	1	1	0
chr5.7472590.7472659	pos	1	1	1	1	1	1	0	1	1	0	1
chr5.7640858.7640962	pos	0	0	0	0	0	0	1	0	0	1	0
chr5.8534823.8534939	pos	0	1	0	1	0	0	0	1	0	1	0
chr5.8929277.8929340	pos	0	1	0	1	1	0	1	1	1	0	1
chr5.9238112.9238193	pos	0	1	1	1	0	0	1	0	1	1	0
chr5.9714714.9715533	pos	1	1	0	1	1	1	0	1	0	0	0
chr5.9904269.9904345	pos	0	0	0	0	0	0	1	0	1	0	0
chr5.10131915.10132417	pos	1	1	1	1	1	1	1	1	1	1	1
chr5.10286601.10286703	pos	0	1	0	1	1	0	1	0	1	0	0
chr5.10386306.10387038	pos	0	1	0	1	1	0	0	1	0	0	1
chr5.10643499.10643634	pos	0	0	1	0	0	0	1	0	1	0	0
chr5.10648864.10648995	pos	0	0	0	0	0	0	1	0	1	0	0
chr5.10649172.10649334	pos	0	0	0	0	0	0	1	0	1	0	0
chr5.10983134.10983351	pos	0	1	0	1	1	1	1	1	1	1	1
chr5.11402914.11403052	pos	0	1	1	1	1	0	0	1	0	1	0
chr5.11423271.11424398	pos	0	1	1	1	1	1	1	0	1	1	1
chr5.11424584.11424720	pos	0	1	1	1	1	1	1	0	1	1	1
chr5.11567912.11569660	pos	1	1	1	1	1	1	1	1	1	1	1
chr5.11570145.11571610	pos	1	1	1	1	1	1	1	1	1	1	1
chr5.11571800.11572098	pos	1	1	1	1	1	1	1	1	1	1	1
chr5.11572803.11572920	pos	0	1	1	1	1	1	1	1	1	1	1
chr5.11682573.11682682	pos	0	0	0	1	1	1	0	0	0	0	1
chr5.11950034.11950138	pos	1	1	1	1	1	0	1	1	1	1	0
chr5.12133842.12134087	pos	1	1	0	0	1	1	0	1	0	0	1
chr5.13196368.13196567	pos	0	1	1	1	1	0	1	1	1	1	1
chr5.13216830.13217102	pos	1	1	1	1	1	1	1	1	0	1	0
chr5.13302061.13302252	pos	0	0	1	0	0	0	1	0	0	1	0
chr5.13412363.13413176	pos	1	1	1	1	1	0	1	1	0	1	0
chr5.13416033.13416190	pos	1	1	1	1	1	1	0	1	0	1	0
chr5.13742627.13742863	pos	0	1	1	1	1	1	1	1	1	1	1
chr5.13902592.13902696	pos	0	0	1	0	0	0	1	0	1	0	0
chr5.14206125.14206214	pos	0	1	1	1	0	0	1	0	0	1	0
chr5.14354176.14354247	pos	0	0	1	0	0	0	1	0	1	1	0
chr5.14404598.14404716	pos	0	0	0	1	0	0	0	0	0	0	1
chr5.14989827.14990008	pos	1	1	1	1	1	0	0	1	0	1	0
chr5.15097693.15097793	pos	0	0	1	0	0	0	1	0	0	1	0
chr5.15486764.15486926	pos	1	1	0	1	1	1	0	1	0	1	0
chr5.15569041.15569107	pos	0	0	0	1	0	0	0	1	0	0	1
chr5.16222653.16222750	pos	0	0	0	1	0	0	0	0	1	1	0
chr5.16926467.16926546	pos	0	1	0	1	1	0	1	1	0	1	1
chr5.17025773.17025866	pos	0	1	1	0	1	0	1	0	0	0	0
chr5.17132841.17133321	pos	0	1	1	1	1	1	1	1	1	1	1
chr5.17652385.17652602	pos	0	1	1	1	1	1	1	1	1	0	0
chr5.17730901.17730975	pos	0	1	1	0	0	1	1	1	1	1	0
chr5.18245179.18245242	pos	0	0	0	0	0	0	1	0	0	1	0
chr5.18320950.18321023	pos	0	0	1	0	0	0	0	0	0	1	0
chr5.18615562.18615717	pos	0	1	0	1	0	0	1	1	0	1	0
chr5.19011671.19011744	pos	0	1	0	1	1	0	1	0	1	0	1
chr5.19195340.19195461	pos	0	0	1	0	0	0	1	0	1	0	0
chr5.19281649.19281816	pos	0	1	1	1	1	1	1	1	1	0	0
chr5.19903659.19903758	pos	0	0	0	0	0	0	1	0	1	0	0
chr5.20091110.20091258	pos	0	0	0	0	0	0	1	0	1	0	0
chr5.20444893.20445463	pos	1	1	1	0	1	1	0	1	0	0	1
chr5.20504710.20504910	pos	1	1	1	1	1	0	1	1	0	1	0
chr5.20780262.20780402	pos	1	1	0	1	1	1	1	1	1	0	0
chr5.21033022.21033536	pos	1	1	1	1	1	1	1	1	0	1	0
chr5.21199241.21199408	pos	0	1	1	1	1	1	1	1	1	1	1
chr5.21421312.21421469	pos	0	1	1	0	1	0	1	1	0	1	0
chr5.21771993.21772056	pos	1	1	0	1	1	1	0	1	0	1	1
chr5.21816968.21817237	pos	1	1	0	1	1	1	0	1	0	0	1
chr5.22488846.22488956	pos	0	0	1	1	1	1	1	0	1	1	1
chr5.22597486.22597591	pos	0	0	1	1	0	0	0	0	0	0	1
chr5.22791652.22791723	pos	1	1	0	1	1	0	1	0	1	1	0
chr5.22931395.22931538	pos	0	0	0	0	0	0	1	0	0	1	0
chr5.23018760.23018933	pos	0	1	1	1	1	1	1	1	0	1	1
chr5.23019771.23019960	pos	0	1	1	1	1	1	1	1	1	1	1
chr5.23350814.23350947	pos	0	1	1	1	1	0	1	1	0	1	0
chr5.23631228.23631353	pos	1	1	1	1	1	0	1	1	1	1	0
chr5.24245884.24246162	pos	1	1	1	1	1	1	0	1	0	0	1
chr5.24256671.24256865	pos	0	1	0	1	1	0	1	0	0	0	1
chr5.24413677.24413741	pos	0	0	1	1	1	0	0	1	0	0	1
chr5.24422515.24422685	pos	1	1	0	1	1	1	0	1	0	0	1
chr5.24476048.24476243	pos	1	1	1	0	0	1	1	0	0	1	0
chr5.24555924.24556736	pos	0	1	1	1	0	1	0	1	0	1	1
chr5.24626424.24626544	pos	0	0	1	0	0	0	1	0	1	0	0
chr5.25071575.25071730	pos	0	1	0	1	1	1	1	1	1	0	1
chr5.25241690.25241894	pos	0	0	1	0	0	0	1	0	0	1	0
chr5.25242598.25243291	pos	0	1	1	0	0	1	1	0	0	1	0
chr5.25555378.25555635	pos	1	1	0	1	1	0	1	1	1	1	0
chr5.25584865.25584971	pos	0	1	0	1	1	1	1	1	1	0	0
chr5.26009304.26009399	pos	0	1	0	1	1	0	0	1	0	0	1
chr5.26172489.26172795	pos	0	1	1	1	0	0	1	0	1	1	1
chr5.26247528.26247604	pos	0	0	0	0	0	0	1	0	1	0	0
chr5.26559137.26559248	pos	1	1	0	1	1	1	0	1	0	0	0
chr5.26647694.26647871	pos	0	0	1	1	1	0	1	1	1	0	1
chr5.26677367.26677506	pos	1	1	1	1	1	1	1	1	1	0	1
chr6.525835.525936	pos	0	1	1	1	0	0	1	0	1	1	1
chr6.577543.577928	pos	0	0	1	0	0	0	1	0	1	0	0
chr6.887750.888125	pos	0	1	0	1	1	1	1	1	1	0	1
chr6.931737.931842	pos	0	0	0	0	0	0	1	0	1	1	0
chr6.1097776.1097942	pos	1	1	0	1	1	0	1	1	1	1	0
chr6.1285272.1285361	pos	0	1	1	0	0	1	1	1	0	0	0
chr6.1417487.1417933	pos	0	0	0	0	0	0	1	0	1	0	0
chr6.1790646.1790957	pos	0	1	1	1	1	1	1	0	1	1	0
chr6.1945759.1945850	pos	0	1	1	1	1	1	1	1	1	1	1
chr6.2195655.2195731	pos	1	1	1	1	1	0	0	1	0	0	1
chr6.2547343.2547470	pos	0	1	0	0	1	1	1	0	0	1	0
chr6.2703946.2704048	pos	0	1	0	1	0	0	1	0	1	0	0
chr6.3328640.3328811	pos	1	1	1	1	1	1	1	1	1	0	0
chr6.3336821.3337371	pos	1	1	0	0	1	1	0	1	0	0	1
chr6.3398057.3398223	pos	1	1	0	1	1	0	0	0	0	1	0
chr6.3843002.3843177	pos	0	0	0	1	0	0	0	0	0	0	1
chr6.4185622.4185901	pos	0	1	0	1	1	1	1	1	1	1	0
chr6.4905259.4905377	pos	0	1	1	1	1	1	1	0	0	0	0
chr6.4961662.4961847	pos	0	0	0	0	0	0	1	0	1	1	0
chr6.5086430.5086548	pos	1	1	0	0	1	1	0	1	0	0	0
chr6.5555732.5555807	pos	0	0	0	1	0	0	0	0	0	0	1
chr6.5569885.5570174	pos	0	1	0	1	1	1	1	1	1	0	1
chr6.5591461.5591602	pos	0	0	1	0	0	0	1	0	1	1	0
chr6.5626131.5626355	pos	1	1	0	1	1	0	0	1	0	1	0
chr6.5681606.5681697	pos	0	1	0	1	0	0	1	1	0	1	0
chr6.5902242.5902323	pos	0	1	0	1	1	0	1	1	0	0	1
chr6.6018485.6018902	pos	0	1	1	1	1	1	1	1	1	1	1
chr6.6020241.6022787	pos	0	1	1	1	1	1	1	1	1	1	1
chr6.6026470.6027123	pos	0	1	1	0	0	1	1	0	1	1	0
chr6.6163075.6163738	pos	0	1	0	1	1	1	1	1	0	0	1
chr6.6354007.6354316	pos	0	0	0	0	0	0	1	0	0	0	0
chr6.6484996.6485174	pos	0	0	0	0	0	0	1	0	1	0	0
chr6.6583360.6583455	pos	0	0	1	0	0	0	1	0	1	0	0
chr6.6804364.6804484	pos	0	0	0	0	0	0	0	0	0	1	0
chr6.7059768.7059893	pos	0	0	0	0	0	0	1	0	0	1	0
chr6.7152261.7152359	pos	0	1	0	1	1	1	1	1	1	1	1
chr6.7264985.7265076	pos	1	1	0	1	1	1	0	0	0	1	0
chr6.7440267.7440562	pos	0	1	0	1	1	1	1	1	0	0	1
chr6.7894131.7894234	pos	0	0	1	0	0	1	1	0	0	0	0
chr6.8007690.8007943	pos	1	1	0	1	1	1	1	1	1	0	1
chr6.8112801.8112869	pos	0	1	0	0	0	0	1	1	0	1	0
chr6.8253434.8253697	pos	0	0	1	0	0	0	1	0	0	1	0
chr6.8654495.8654621	pos	1	1	0	1	1	0	0	1	1	0	1
chr6.8763692.8763943	pos	0	0	1	0	0	0	1	0	1	1	0
chr6.9088632.9089553	pos	1	1	1	1	1	1	1	1	1	1	1
chr6.9865548.9865814	pos	0	1	1	1	0	0	0	1	1	0	1
chr6.9969637.9969829	pos	0	0	1	0	0	0	1	0	1	0	0
chr6.10062713.10062857	pos	0	1	0	1	1	1	1	1	1	0	1
chr6.10689033.10689161	pos	0	0	1	0	0	0	1	0	1	0	0
chr6.10824272.10824453	pos	0	1	1	1	0	1	0	1	0	0	1
chr6.10826094.10826161	pos	0	0	1	1	0	0	0	1	0	0	1
chr6.11037140.11037228	pos	1	1	0	1	1	1	0	1	0	0	0
chr6.11327047.11327186	pos	1	1	0	1	1	1	1	1	1	0	0
chr6.11460950.11461127	pos	0	0	1	0	0	0	1	0	1	0	0
chr6.11779445.11780489	pos	0	1	1	1	1	1	0	1	0	1	1
chr6.12411545.12411714	pos	1	1	1	1	1	0	0	1	0	1	0
chr6.12580492.12580719	pos	0	1	1	1	0	0	1	0	1	0	0
chr6.12895525.12895622	pos	1	1	0	1	1	0	1	1	0	1	0
chr6.13480497.13480665	pos	1	0	0	0	0	0	0	0	0	0	0
chr6.13570746.13570916	pos	0	0	0	0	0	0	1	0	1	1	0
chr6.13628389.13628613	pos	0	1	0	0	0	0	1	0	1	1	0
chr6.13760151.13760589	pos	1	1	0	1	1	1	0	1	0	0	1
chr6.13905828.13906479	pos	1	0	0	0	1	1	0	1	0	0	1
chr6.13993631.13993840	pos	1	1	0	1	1	0	0	1	0	1	0
chr6.14175149.14175278	pos	1	0	1	1	1	1	0	1	0	0	1
chr6.14349708.14350678	pos	1	1	0	1	1	0	1	1	0	0	0
chr6.14499184.14499292	pos	0	0	1	0	0	0	1	0	1	0	0
chr6.14622758.14623065	pos	0	1	1	1	0	0	1	1	0	1	0
chr6.14751547.14751671	pos	0	0	0	0	0	0	1	0	1	1	0
chr6.15429742.15430008	pos	0	1	1	0	1	0	1	1	1	0	1
chr6.15444533.15444642	pos	0	0	1	0	0	0	1	0	1	0	0
chr6.15459109.15459187	pos	0	0	0	0	0	0	1	0	1	0	0
chr6.15966075.15966233	pos	1	0	0	0	1	1	0	0	0	0	1
chr6.16369736.16369800	pos	0	0	1	0	0	0	0	0	0	1	0
chr6.16425746.16425930	pos	0	1	0	1	1	1	1	1	0	1	1
chr6.18034060.18034199	pos	1	1	0	1	1	0	0	1	0	0	1
chr6.18099101.18099387	pos	0	1	0	1	1	1	1	1	0	0	1
chr6.18194877.18195013	pos	0	1	0	0	0	1	1	1	0	1	0
chr6.18476776.18476894	pos	0	0	1	0	0	0	1	0	1	0	0
chr6.18809755.18809874	pos	0	1	0	0	1	1	0	1	0	1	0
chr6.19542418.19542603	pos	1	1	1	1	1	0	0	1	0	1	0
chr6.19992835.19992981	pos	0	1	1	1	1	0	0	0	0	1	0
chr6.20315083.20315338	pos	0	1	1	1	1	0	0	1	1	1	1
chr6.20502740.20502818	pos	0	0	0	0	0	0	0	0	1	0	0
chr6.20929807.20929999	pos	0	1	1	1	1	1	0	1	0	0	1
chr6.21277574.21277656	pos	0	0	1	0	0	0	1	0	1	0	0
chr6.21626993.21627543	pos	0	1	1	1	1	1	1	0	1	1	1
chr6.21986765.21986918	pos	1	1	0	1	1	1	1	1	0	0	1
chr6.22544817.22544919	pos	0	0	0	1	1	0	0	1	0	0	1
chr6.22806484.22806566	pos	1	1	0	1	1	0	1	1	1	1	0
chr6.23009578.23009671	pos	0	1	1	1	1	1	0	1	0	1	0
chr6.23713402.23713528	pos	0	0	0	1	0	0	1	1	0	0	1
chr6.23744980.23745286	pos	0	1	1	1	1	1	1	1	1	1	1
chr6.23745492.23746792	pos	0	1	1	1	1	1	1	1	1	1	1
chr6.23810422.23810561	pos	0	0	1	0	0	0	1	0	1	0	0
chr7.391843.391956	pos	0	0	1	1	0	1	1	0	1	0	0
chr7.492442.492914	pos	0	1	1	1	1	0	1	1	1	0	1
chr7.914751.914819	pos	0	0	0	0	0	0	0	0	0	0	0
chr7.1204822.1205117	pos	0	1	1	1	1	1	1	1	1	0	1
chr7.1290532.1291045	pos	0	1	1	1	1	1	1	1	1	1	1
chr7.1706467.1706572	pos	1	1	1	1	1	1	1	1	0	1	0
chr7.2256526.2256791	pos	0	1	0	1	1	1	0	1	1	0	1
chr7.2258006.2258133	pos	0	0	0	0	0	0	1	0	1	0	0
chr7.2545724.2545840	pos	0	1	1	0	0	0	1	0	1	0	0
chr7.3134154.3134329	pos	0	0	0	0	0	0	1	0	1	0	0
chr7.3306661.3306768	pos	0	0	1	0	0	0	1	0	1	1	0
chr7.3572186.3572296	pos	1	1	1	1	1	0	0	1	0	1	0
chr7.3898000.3898105	pos	1	1	0	1	1	0	1	1	0	1	0
chr7.4121123.4121190	pos	0	0	0	1	0	0	1	0	1	0	0
chr7.4274693.4274818	pos	0	1	1	0	0	0	1	0	1	0	0
chr7.4728363.4728634	pos	0	0	1	0	0	0	1	0	1	1	0
chr7.5003199.5003786	pos	0	1	1	1	0	1	0	0	0	1	1
chr7.5907551.5908109	pos	1	1	0	1	1	1	0	0	0	1	0
chr7.6471515.6471614	pos	0	1	0	1	1	0	0	1	0	1	0
chr7.6773464.6773547	pos	0	0	1	0	0	0	1	0	1	0	0
chr7.7039444.7039605	pos	1	1	0	1	1	0	0	1	0	1	0
chr7.7471013.7471122	pos	0	1	0	0	0	0	1	1	1	1	1
chr7.7528953.7529055	pos	0	0	0	0	0	0	1	0	1	0	0
chr7.8372763.8373086	pos	1	1	0	0	1	1	0	0	0	0	0
chr7.8411666.8412149	pos	1	1	0	0	1	1	0	1	0	0	0
chr7.8763283.8763367	pos	0	0	0	0	0	0	1	0	1	0	0
chr7.9350973.9351216	pos	1	1	0	1	1	1	0	1	0	0	1
chr7.9461483.9462752	pos	0	1	1	0	1	1	0	1	0	0	1
chr7.9698810.9699325	pos	0	1	0	1	1	1	1	1	1	1	1
chr7.9863720.9863846	pos	0	0	0	0	0	0	1	0	0	1	0
chr7.10016223.10016355	pos	0	1	0	1	0	0	1	0	1	0	0
chr7.10173976.10174053	pos	0	1	1	1	0	0	1	0	1	1	1
chr7.10681845.10681975	pos	0	0	1	0	0	0	1	0	1	0	0
chr7.10868286.10868393	pos	0	0	0	0	0	0	1	0	1	0	0
chr7.10888232.10888572	pos	0	1	0	1	1	1	0	1	0	0	1
chr7.11032648.11032757	pos	0	0	1	1	1	0	0	1	0	0	1
chr7.11140871.11140940	pos	0	1	0	1	0	0	1	1	1	0	0
chr7.11556116.11556187	pos	0	0	1	1	0	0	1	0	1	0	0
chr7.11628516.11628630	pos	0	0	1	0	0	0	1	0	1	0	0
chr7.11691943.11692052	pos	0	1	0	1	1	0	1	0	1	0	1
chr7.12115824.12116167	pos	1	1	1	1	1	1	1	0	0	1	1
chr7.12218235.12218409	pos	1	1	1	1	0	1	1	1	0	0	0
chr7.12378545.12378616	pos	1	1	1	1	1	0	1	1	1	1	1
chr7.12569225.12569419	pos	0	0	0	1	0	0	1	0	1	0	0
chr7.12853274.12853415	pos	0	1	0	0	0	0	1	1	1	0	0
chr7.13664400.13664600	pos	0	0	1	0	0	0	1	0	1	0	0
chr7.13790792.13791040	pos	0	1	0	1	1	0	1	1	1	0	1
chr7.13806186.13806339	pos	0	0	0	0	0	0	1	0	0	1	0
chr7.13975559.13976085	pos	0	1	1	1	1	1	1	1	1	1	1
chr7.15239460.15240097	pos	1	1	1	1	1	1	1	1	1	1	1
chr7.15396648.15396984	pos	0	0	0	0	0	0	1	0	1	0	0
chr7.15515996.15516148	pos	0	0	0	1	1	1	1	1	1	0	1
chr7.15897472.15897627	pos	0	0	1	0	0	0	1	0	1	0	0
chr7.16162129.16162575	pos	1	1	0	1	1	1	0	1	0	0	1
chr7.16553894.16553988	pos	0	1	1	0	0	0	1	1	1	1	0
chr7.16635887.16635986	pos	0	1	1	1	1	1	1	1	1	1	1
chr7.17013152.17013220	pos	0	1	1	1	1	0	1	0	1	1	1
chr7.17713603.17713708	pos	0	0	1	0	0	0	1	0	1	0	0
chr7.18107717.18107830	pos	0	0	0	0	0	1	0	0	0	0	1
chr7.18256580.18256677	pos	1	1	1	1	1	1	1	1	1	0	1
chr7.19472344.19472543	pos	0	1	1	1	1	1	1	1	0	0	1
chr7.19486750.19487112	pos	0	0	1	0	0	0	1	0	1	0	0
chr7.19629155.19629277	pos	0	0	0	0	0	0	1	0	1	0	0
chr7.19751685.19751836	pos	0	0	0	0	0	0	1	0	1	0	0
chr7.19754962.19755058	pos	0	1	0	0	1	1	1	0	0	0	0
chr7.20035423.20035587	pos	1	1	0	1	1	1	1	1	1	0	1
chr7.20797759.20797880	pos	0	0	1	1	0	0	0	1	0	0	1
chr7.20940604.20941027	pos	0	1	1	0	0	0	1	0	0	1	0
chr7.21696942.21697008	pos	0	1	1	0	0	0	1	0	1	0	0
chr7.21856464.21856920	pos	0	1	0	1	1	1	1	1	1	0	1
chr8.81496.81727	pos	0	0	0	0	0	0	1	0	1	0	0
chr8.168644.169087	pos	0	1	1	1	1	1	1	1	1	0	1
chr8.250417.250650	pos	0	0	1	1	1	1	1	0	1	1	0
chr8.250864.250985	pos	0	0	1	1	1	1	1	0	1	1	0
chr8.261575.261657	pos	0	0	1	0	0	0	1	0	1	0	0
chr8.988313.988405	pos	0	0	1	0	0	0	1	0	1	0	0
chr8.1474048.1474193	pos	0	0	1	0	0	0	1	0	1	1	0
chr8.2459555.2460259	pos	1	1	0	1	1	0	0	1	0	1	0
chr8.2484789.2485189	pos	0	1	0	0	1	1	0	0	0	0	1
chr8.2578256.2578566	pos	0	0	1	1	1	0	1	0	1	1	0
chr8.2593421.2593533	pos	1	1	0	1	1	0	0	1	1	0	0
chr8.2609653.2609980	pos	0	1	1	1	1	1	1	1	1	0	0
chr8.2893037.2893136	pos	0	1	0	1	1	1	1	1	0	1	1
chr8.3016097.3016199	pos	0	1	1	0	0	1	1	0	0	0	0
chr8.3307281.3307392	pos	0	1	1	0	0	1	1	0	1	1	0
chr8.3665663.3665856	pos	0	1	1	1	1	1	1	1	1	0	0
chr8.3793949.3794016	pos	0	0	0	0	0	0	1	0	1	0	0
chr8.3980376.3980454	pos	0	0	0	0	0	0	1	0	1	0	0
chr8.4307561.4307661	pos	0	1	1	1	1	0	1	0	1	1	0
chr8.4707373.4707553	pos	0	1	1	0	0	1	1	0	0	1	0
chr8.5455836.5455929	pos	0	1	1	1	1	1	1	1	1	1	1
chr8.5797511.5798088	pos	0	1	1	1	1	1	1	0	1	1	1
chr8.6359350.6359621	pos	0	0	1	0	0	1	1	0	0	0	0
chr8.6623472.6623626	pos	0	0	0	0	0	0	0	0	1	0	0
chr8.6650446.6650685	pos	0	0	1	0	0	0	1	0	1	0	0
chr8.6912169.6912648	pos	0	0	1	0	0	0	1	0	1	1	0
chr8.7082682.7082782	pos	1	1	0	1	1	1	1	1	1	0	0
chr8.7096974.7097073	pos	0	0	0	0	0	0	1	0	1	0	0
chr8.7145760.7145974	pos	0	1	0	1	1	1	0	1	0	0	1
chr8.7725050.7725205	pos	0	0	0	0	0	0	1	0	1	0	0
chr8.7830791.7830881	pos	0	0	0	1	0	0	0	1	0	0	1
chr8.8031259.8031406	pos	0	1	1	1	1	0	1	1	1	0	1
chr8.8767750.8768036	pos	0	0	1	0	0	0	1	0	1	0	0
chr8.9031966.9032220	pos	0	1	0	1	1	1	0	1	0	0	0
chr8.9230959.9231098	pos	0	0	1	0	0	0	1	0	1	0	0
chr8.9671725.9671940	pos	0	1	0	1	1	1	1	1	1	0	1
chr8.9713011.9713405	pos	0	1	1	0	0	1	1	0	1	1	0
chr8.9842101.9842236	pos	1	1	0	0	1	1	0	1	0	0	0
chr8.9887992.9888062	pos	0	0	1	0	0	0	1	0	1	0	0
chr8.10692614.10692682	pos	0	0	0	0	0	0	1	0	1	0	0
chr8.11013068.11013328	pos	0	0	0	0	0	1	1	1	0	1	0
chr8.11674498.11674580	pos	1	1	1	1	1	1	1	0	0	1	0
chr8.11675549.11675617	pos	0	1	1	1	0	0	1	0	0	1	0
chr8.11823219.11823834	pos	0	1	1	1	1	1	1	1	1	1	1
chr8.12273057.12273221	pos	0	1	0	0	1	1	1	1	1	0	1
chr8.12853675.12853799	pos	0	0	1	0	0	0	1	0	1	0	0
chr8.13012873.13012941	pos	0	0	1	0	0	0	1	0	1	1	0
chr8.13602637.13602751	pos	0	1	0	1	1	1	1	0	1	0	1
chr8.13786773.13786934	pos	1	1	0	0	1	1	0	1	0	1	1
chr8.13796922.13797140	pos	0	1	1	1	1	1	1	1	1	1	1
chr8.14330753.14330982	pos	0	0	1	0	0	0	1	0	1	0	0
chr8.14769129.14769572	pos	1	1	1	1	1	1	1	1	0	0	1
chr8.15016995.15017217	pos	0	1	1	1	0	0	1	0	1	0	0
chr8.15177505.15177613	pos	1	1	0	1	1	0	1	1	1	1	0
chr8.15234044.15234234	pos	0	0	1	0	0	0	1	0	1	0	0
chr8.15427053.15427303	pos	1	1	1	1	1	0	0	1	0	1	0
chr8.17132335.17132823	pos	0	0	1	0	0	0	1	0	0	1	0
chr8.17132936.17133125	pos	0	0	1	0	0	0	1	0	0	1	0
chr8.17733250.17733332	pos	0	1	1	0	1	1	1	0	0	0	0
chr8.18202383.18202479	pos	0	0	0	0	0	1	0	1	0	1	0
chr8.18385527.18385642	pos	0	1	1	0	0	0	1	0	1	0	1
chr8.18778828.18778907	pos	0	0	0	0	0	0	0	0	0	0	0
chr8.19146996.19147080	pos	0	0	1	1	0	0	0	1	0	0	1
chr8.19796027.19796144	pos	0	0	0	0	0	0	1	0	1	0	0
chr8.20175483.20175546	pos	0	0	1	0	0	0	1	0	1	0	0
chr8.20194112.20194263	pos	0	0	0	0	0	0	1	0	1	0	0
chr8.20328076.20328215	pos	0	0	0	0	0	0	1	0	1	0	0
chr8.20398120.20398258	pos	1	1	0	1	1	0	0	1	0	1	0
chr8.20446489.20446703	pos	0	1	0	1	1	0	0	1	0	1	0
chr8.20504227.20504636	pos	0	1	1	1	0	1	1	0	1	1	1
chr8.20544717.20544850	pos	0	1	1	1	1	0	1	0	1	1	1
chr8.20915365.20915504	pos	1	1	0	1	1	0	1	1	0	1	0
chr8.21164998.21165203	pos	0	1	0	1	1	0	1	1	1	0	1
chrU.127601.127764	pos	0	0	0	0	0	0	0	0	0	0	0
chrU.256247.256344	pos	0	0	0	0	0	0	0	0	0	0	0
chrU.756518.756582	pos	0	0	0	0	0	0	0	0	0	0	0
chrU.1776806.1777052	pos	0	0	0	0	0	0	0	0	0	0	0
chrU.1793742.1794110	pos	0	0	0	0	0	0	0	0	0	0	0
chrU.2969655.2970034	pos	0	0	0	0	0	0	0	0	0	0	0
chrU.3440059.3440163	pos	0	0	1	0	0	0	0	0	0	0	0
chrU.3440658.3440732	pos	0	0	1	0	0	0	0	0	0	0	0
chrU.3845129.3845252	pos	0	0	0	0	0	0	0	0	0	0	0
chrU.4022100.4022173	pos	0	0	0	0	0	0	0	0	0	0	0
chrU.4309971.4310335	pos	0	0	1	0	0	0	0	0	0	0	0
chrU.4419115.4419311	pos	0	0	0	0	0	0	0	0	0	0	0
chrV.207943.208062	pos	0	0	0	0	0	0	1	0	1	0	1
chrV.244593.244781	pos	0	0	1	0	0	0	1	0	1	0	0
chrV.1305556.1305644	pos	0	0	0	0	0	0	1	0	1	0	0
chrV.1351649.1352056	pos	0	0	1	0	0	0	1	0	1	0	0
chrV.1632218.1632283	pos	0	0	0	1	0	0	0	0	0	0	1
chrV.1667667.1667859	pos	0	1	0	0	1	1	1	1	1	0	1
chrV.1900184.1900324	pos	0	0	0	0	0	0	1	1	1	0	0
chrV.2029897.2030170	pos	0	1	1	1	1	1	1	1	1	0	1
chrV.2276773.2276859	pos	0	0	1	1	0	0	0	0	0	0	1
chrV.2316931.2317035	pos	0	0	0	0	0	0	1	0	1	0	0
chrV.3090072.3090282	pos	0	0	1	0	0	0	1	0	1	0	0
chrV.3403298.3403361	pos	0	0	0	0	0	0	1	0	1	0	0
chrV.3456957.3457122	pos	0	0	0	0	0	0	1	0	1	0	0
chrV.3472420.3472560	pos	0	0	0	0	0	0	1	0	1	0	0
chrV.3608225.3608384	pos	0	0	0	0	0	0	1	0	1	0	0
chrV.3783816.3783915	pos	0	0	1	0	0	0	1	0	1	0	0
chrV.4080147.4080221	pos	0	0	1	1	0	0	0	0	0	0	1
chrV.4099879.4100292	pos	0	1	1	1	1	0	1	1	1	0	1
chrV.4175490.4175569	pos	0	0	0	0	0	0	1	0	1	0	0
chrV.4296348.4296499	pos	0	0	0	0	0	0	1	0	1	0	0
chrV.4317858.4318060	pos	0	1	1	0	1	1	1	1	1	0	1
chrV.4551239.4551302	pos	0	0	0	0	0	0	1	0	1	0	0
chrV.4572348.4572791	pos	0	1	1	1	0	0	1	0	1	1	0
chrV.5889834.5889897	pos	0	0	0	0	0	0	1	0	1	0	0
chrV.5950381.5950519	pos	0	0	0	0	0	0	1	0	1	0	0
chrV.6135525.6135816	pos	0	1	1	1	1	1	1	1	1	0	1
chrV.6208445.6208687	pos	0	0	0	0	0	0	1	0	1	0	1
chrV.7016553.7020140	pos	1	1	1	1	1	1	1	1	1	1	1
chrV.7021661.7022094	pos	1	1	1	1	1	1	1	1	1	1	1
chrV.7395203.7396734	pos	1	0	1	1	1	1	1	1	1	1	1
chrV.7396808.7397237	pos	1	0	1	1	1	1	1	1	1	1	1
chrV.7397677.7397935	pos	1	0	1	1	1	1	1	1	1	1	1
chrV.7398160.7400077	pos	1	0	1	1	1	1	1	1	1	1	1
chrV.7404076.7404474	pos	1	0	1	1	1	1	1	1	1	1	1
chrV.7408048.7409441	pos	1	0	1	1	1	1	1	1	1	1	1
unplaced-scaffold_056.5020.5093	pos	0	1	0	1	1	0	0	0	0	1	0
unplaced-scaffold_056.8605.8979	pos	0	1	1	1	1	0	0	1	0	1	0
unplaced-scaffold_250.16488.16632	pos	1	1	1	1	1	1	1	1	1	1	1
chr1.19000.19500	neg	0	0	0	0	0	0	0	0	0	0	0
chr1.456500.457000	neg	0	1	0	1	1	1	1	0	1	0	1
chr1.477000.477500	neg	0	0	1	0	0	0	1	0	1	0	0
chr1.1512000.1512500	neg	0	0	1	1	0	0	1	0	1	0	0
chr1.2147500.2148000	neg	0	0	1	1	0	0	0	1	0	0	1
chr1.2222000.2222500	neg	0	1	1	1	1	0	1	1	1	0	1
chr1.2328500.2329000	neg	0	0	0	0	0	0	1	0	1	0	0
chr1.2380000.2380500	neg	0	0	0	0	0	0	1	0	1	0	0
chr1.2389500.2390000	neg	0	0	0	0	0	1	1	0	0	0	0
chr1.2470500.2471000	neg	0	0	1	0	0	0	1	0	1	0	1
chr1.2545500.2546000	neg	0	1	1	0	0	0	1	0	1	0	0
chr1.2606000.2606500	neg	0	0	0	1	1	0	0	1	0	0	1
chr1.2841500.2842000	neg	0	1	0	1	1	1	1	1	1	1	1
chr1.3778000.3778500	neg	0	1	0	1	0	0	0	1	0	0	1
chr1.3845500.3846000	neg	0	1	0	1	1	0	1	1	1	0	1
chr1.3942500.3943000	neg	0	0	1	1	0	0	1	1	1	0	0
chr1.3975000.3975500	neg	1	1	0	0	0	0	1	0	1	0	0
chr1.4179500.4180000	neg	0	0	0	0	0	0	1	0	1	0	0
chr1.4914000.4914500	neg	0	1	0	1	0	1	1	0	1	0	1
chr1.5042500.5043000	neg	1	1	0	1	1	1	1	1	1	0	0
chr1.5617500.5618000	neg	0	0	1	0	0	0	1	0	1	0	0
chr1.5783000.5783500	neg	0	0	1	1	0	0	1	0	1	0	1
chr1.5953500.5954000	neg	0	0	1	0	0	0	1	0	1	0	0
chr1.6071500.6072000	neg	0	0	1	1	0	0	1	0	1	0	0
chr1.6330000.6330500	neg	1	1	0	1	1	1	0	1	0	1	0
chr1.6447500.6448000	neg	0	1	0	1	1	1	1	1	1	0	1
chr1.6810000.6810500	neg	0	1	0	1	1	0	1	1	1	0	1
chr1.6827000.6827500	neg	0	0	0	0	0	1	1	0	1	0	1
chr1.6998500.6999000	neg	0	1	1	1	1	1	1	1	0	0	1
chr1.7125500.7126000	neg	1	1	0	1	1	1	1	1	0	0	1
chr1.7158000.7158500	neg	1	1	0	1	1	1	0	1	1	0	0
chr1.7775000.7775500	neg	0	1	0	1	1	1	1	1	1	0	1
chr1.7803500.7804000	neg	0	0	0	0	0	0	1	0	1	0	0
chr1.7862500.7863000	neg	0	0	0	0	0	0	1	0	1	1	0
chr1.8192500.8193000	neg	1	0	0	0	0	0	0	0	0	0	0
chr1.8980500.8981000	neg	0	0	0	0	0	0	1	0	1	0	0
chr1.9106500.9107000	neg	0	1	0	1	0	0	1	0	1	0	0
chr1.9195000.9195500	neg	0	0	0	0	0	0	1	0	1	0	0
chr1.9464000.9464500	neg	0	0	0	0	0	0	1	0	1	0	0
chr1.9754000.9754500	neg	0	1	0	0	0	1	1	1	0	0	0
chr1.9876000.9876500	neg	1	1	0	1	1	1	1	1	1	0	1
chr1.10020000.10020500	neg	0	0	1	0	0	0	1	1	1	0	0
chr1.10847500.10848000	neg	0	1	1	1	1	1	1	1	1	0	1
chr1.11265000.11265500	neg	0	1	0	0	0	1	1	1	1	0	0
chr1.11282000.11282500	neg	0	1	0	1	1	1	1	0	1	0	1
chr1.12618500.12619000	neg	1	1	0	0	1	1	0	0	1	1	0
chr1.12644000.12644500	neg	0	1	0	1	1	1	1	1	1	0	1
chr1.12652000.12652500	neg	0	1	0	1	1	1	1	1	1	0	1
chr1.12952000.12952500	neg	0	1	1	1	1	1	1	1	1	0	1
chr1.13182500.13183000	neg	0	1	1	1	1	0	1	0	0	0	1
chr1.13316000.13316500	neg	0	1	0	1	1	1	1	1	1	0	0
chr1.13407000.13407500	neg	0	0	0	0	0	0	1	0	1	0	0
chr1.13549000.13549500	neg	0	0	1	0	0	0	1	0	1	0	0
chr1.14574000.14574500	neg	0	1	0	0	1	0	1	1	1	0	1
chr1.15077500.15078000	neg	0	0	0	0	0	0	1	0	1	0	0
chr1.15246500.15247000	neg	0	1	0	0	1	1	1	1	1	0	1
chr1.15298000.15298500	neg	1	1	0	1	1	0	0	1	1	0	0
chr1.15330000.15330500	neg	0	1	0	0	0	0	1	0	1	0	0
chr1.16156000.16156500	neg	1	1	0	0	1	0	0	0	0	1	0
chr1.16615500.16616000	neg	1	1	1	1	1	1	0	1	0	1	1
chr1.16754500.16755000	neg	0	0	0	0	0	0	1	0	1	0	0
chr1.16771500.16772000	neg	0	1	1	1	1	1	1	1	1	0	1
chr1.17937500.17938000	neg	0	0	0	0	0	0	1	0	1	0	0
chr1.18100000.18100500	neg	0	1	0	1	1	1	1	1	0	0	1
chr1.18101000.18101500	neg	0	1	0	1	1	1	0	1	0	0	1
chr1.18300500.18301000	neg	0	0	0	0	1	0	0	0	0	0	0
chr1.18301500.18302000	neg	0	0	0	0	0	1	1	0	1	0	0
chr1.18481500.18482000	neg	0	1	0	1	0	0	1	0	1	0	1
chr1.18933500.18934000	neg	0	0	1	0	0	0	1	0	1	0	0
chr1.19035000.19035500	neg	0	0	0	0	0	0	1	0	1	0	0
chr1.19964000.19964500	neg	0	0	0	0	0	0	1	0	1	0	0
chr1.20219000.20219500	neg	0	1	1	1	1	1	1	1	1	0	1
chr1.21050000.21050500	neg	1	1	0	1	1	1	0	1	0	0	1
chr1.21348000.21348500	neg	1	1	0	1	1	1	1	1	1	0	1
chr1.21512500.21513000	neg	0	1	1	1	1	1	1	0	1	0	1
chr1.21600500.21601000	neg	0	1	0	0	0	0	1	0	1	0	0
chr1.21863500.21864000	neg	0	1	0	1	1	1	1	1	0	0	1
chr1.21887000.21887500	neg	0	0	0	0	0	0	1	0	1	0	0
chr1.21966000.21966500	neg	0	1	1	1	1	1	1	1	1	0	1
chr1.22038500.22039000	neg	0	1	0	1	1	1	1	1	1	0	1
chr1.22600500.22601000	neg	0	0	1	1	1	1	1	1	1	0	1
chr1.23123500.23124000	neg	0	1	1	0	0	1	1	0	1	0	1
chr1.23251000.23251500	neg	0	1	1	1	0	1	1	0	1	0	1
chr1.23385500.23386000	neg	0	1	1	0	0	1	1	0	1	0	0
chr1.23396000.23396500	neg	0	1	1	1	1	1	0	1	0	0	1
chr1.23502000.23502500	neg	1	1	1	0	1	0	1	0	0	1	0
chr1.23785000.23785500	neg	0	1	0	0	1	0	1	0	1	0	1
chr1.24094500.24095000	neg	0	1	1	0	1	1	1	1	1	0	0
chr1.24700000.24700500	neg	0	0	0	0	0	0	1	0	1	0	0
chr1.24923000.24923500	neg	0	0	1	0	0	0	1	0	1	0	0
chr1.24960500.24961000	neg	1	1	0	0	1	1	0	1	0	0	0
chr1.25030500.25031000	neg	0	0	0	0	1	1	0	0	0	0	0
chr1.25088500.25089000	neg	0	1	1	0	1	1	1	0	0	0	0
chr1.25114000.25114500	neg	1	1	0	1	1	0	0	1	0	1	0
chr1.25718000.25718500	neg	1	1	0	1	1	0	0	1	1	0	0
chr1.25907000.25907500	neg	0	0	0	0	0	0	1	0	1	0	0
chr1.26016000.26016500	neg	0	1	1	1	0	0	1	1	1	0	1
chr1.26266500.26267000	neg	0	1	0	0	0	0	1	0	1	0	1
chr1.26283000.26283500	neg	0	0	1	1	1	1	1	0	1	0	0
chr1.26577500.26578000	neg	1	1	0	1	1	1	1	1	1	0	1
chr1.26860500.26861000	neg	1	1	0	1	1	0	0	1	0	0	0
chr1.26947000.26947500	neg	0	1	1	0	0	0	1	0	1	0	1
chr1.27228000.27228500	neg	0	0	0	0	0	0	1	0	1	0	0
chr1.27385000.27385500	neg	0	1	0	1	1	0	1	0	1	0	1
chr1.27418000.27418500	neg	0	0	0	0	0	0	1	0	1	0	0
chr1.27542500.27543000	neg	1	1	1	0	1	1	1	1	1	0	0
chr1.27786500.27787000	neg	0	1	0	1	1	1	1	1	1	0	1
chr1.28252000.28252500	neg	1	1	1	1	1	1	1	0	0	0	0
chr1.28290000.28290500	neg	1	1	0	1	1	1	0	1	0	0	0
chr1.28319000.28319500	neg	0	1	0	0	1	1	1	0	0	1	1
chr1.28693500.28694000	neg	0	1	1	1	1	1	1	1	0	0	1
chr1.28933000.28933500	neg	1	1	0	1	1	0	0	1	0	1	0
chr1.29025500.29026000	neg	0	1	0	0	1	1	0	0	0	0	0
chr1.29043000.29043500	neg	1	1	1	0	1	1	0	1	0	0	1
chr1.29121500.29122000	neg	0	1	0	1	1	1	1	1	0	0	1
chr1.29277500.29278000	neg	1	0	0	0	0	0	0	0	0	0	0
chr1.29297500.29298000	neg	0	1	0	1	1	0	1	1	0	1	0
chr1.29326500.29327000	neg	0	1	0	0	1	0	1	0	1	1	0
chr1.29900500.29901000	neg	1	1	0	1	1	1	0	1	1	0	0
chr1.30556500.30557000	neg	1	1	0	0	1	0	1	0	1	1	0
chr2.40500.41000	neg	0	0	0	1	0	0	0	0	1	0	1
chr2.715000.715500	neg	0	1	0	1	1	1	1	1	0	1	0
chr2.1040000.1040500	neg	0	1	0	1	1	1	1	1	1	0	1
chr2.1059500.1060000	neg	0	0	0	0	0	0	1	0	0	0	0
chr2.1524500.1525000	neg	1	1	0	1	1	0	0	0	0	1	0
chr2.1775500.1776000	neg	0	0	0	0	0	0	0	0	0	0	0
chr2.1896500.1897000	neg	1	1	0	1	1	0	1	0	0	1	0
chr2.2025500.2026000	neg	0	1	0	1	1	1	1	1	0	1	0
chr2.2036000.2036500	neg	1	1	1	0	1	1	1	0	0	1	0
chr2.2078500.2079000	neg	0	1	1	0	1	1	1	1	0	1	1
chr2.2138500.2139000	neg	1	1	0	1	1	1	0	1	0	1	0
chr2.2281000.2281500	neg	1	1	0	1	1	0	0	1	0	1	0
chr2.2546500.2547000	neg	1	1	1	1	1	0	0	1	0	1	0
chr2.3248500.3249000	neg	0	1	1	1	1	1	1	1	1	0	1
chr2.3785000.3785500	neg	1	1	0	1	1	0	0	1	0	1	0
chr2.4173000.4173500	neg	0	1	0	1	0	1	1	0	1	0	0
chr2.4404000.4404500	neg	0	0	0	0	0	0	1	0	1	0	0
chr2.5995500.5996000	neg	0	1	1	1	0	1	1	1	1	1	0
chr2.6621500.6622000	neg	0	1	0	1	0	1	1	0	0	1	0
chr2.6750500.6751000	neg	1	1	1	0	0	0	1	1	0	1	0
chr2.7017000.7017500	neg	1	1	0	1	1	1	1	1	1	0	1
chr2.7081500.7082000	neg	0	1	0	1	0	0	1	0	1	0	1
chr2.7089000.7089500	neg	1	1	0	1	1	1	0	1	1	1	0
chr2.7098500.7099000	neg	0	0	0	0	0	0	1	0	0	1	0
chr2.7230000.7230500	neg	0	1	0	1	1	0	1	1	0	0	1
chr2.7244000.7244500	neg	1	1	1	1	1	1	1	1	0	0	1
chr2.7482000.7482500	neg	1	1	0	0	1	1	1	0	0	1	0
chr2.7946500.7947000	neg	0	1	1	1	0	0	1	0	1	0	1
chr2.8993500.8994000	neg	0	0	0	0	0	0	1	0	1	0	0
chr2.9811000.9811500	neg	0	1	1	0	1	1	1	1	1	0	1
chr2.10597000.10597500	neg	0	1	0	1	1	1	1	1	1	1	0
chr2.10630500.10631000	neg	0	1	0	1	1	0	1	0	0	1	0
chr2.11026000.11026500	neg	0	1	1	0	0	0	1	0	0	0	0
chr2.11117500.11118000	neg	0	1	0	1	1	1	1	1	1	0	1
chr2.11138000.11138500	neg	1	1	0	1	1	1	1	1	1	0	0
chr2.11439500.11440000	neg	1	1	0	1	1	0	0	1	0	0	1
chr2.11628000.11628500	neg	0	1	0	1	1	0	0	1	0	1	0
chr2.11692000.11692500	neg	1	1	0	1	1	0	0	0	0	1	0
chr2.11856000.11856500	neg	0	1	0	1	1	1	1	1	1	0	1
chr2.12072000.12072500	neg	1	1	1	1	1	1	0	1	0	0	0
chr2.12384500.12385000	neg	0	1	1	0	0	0	1	0	1	1	0
chr2.12436500.12437000	neg	0	0	0	0	0	0	0	0	0	1	0
chr2.12669500.12670000	neg	0	1	0	0	0	1	1	0	1	0	0
chr2.12756000.12756500	neg	1	1	0	1	1	0	1	0	0	1	0
chr2.12766500.12767000	neg	1	1	0	1	1	0	0	1	0	1	0
chr2.12949000.12949500	neg	0	1	1	1	1	1	1	0	1	0	1
chr2.13453500.13454000	neg	1	1	0	1	1	1	0	1	0	1	0
chr2.13556500.13557000	neg	0	1	0	1	1	0	1	1	1	0	1
chr2.13987500.13988000	neg	0	1	0	0	0	0	1	0	1	0	0
chr2.14832500.14833000	neg	1	1	0	1	1	1	1	1	1	0	1
chr2.14833000.14833500	neg	1	1	0	1	1	1	1	1	0	0	1
chr2.14959000.14959500	neg	0	1	1	1	1	1	1	1	1	0	1
chr2.15036500.15037000	neg	0	1	0	1	1	1	1	0	1	0	0
chr2.15187000.15187500	neg	0	1	0	1	1	1	1	1	1	0	1
chr2.15922500.15923000	neg	1	1	1	1	1	1	1	1	1	0	1
chr2.16045500.16046000	neg	0	0	0	0	0	0	1	0	1	0	0
chr2.16083000.16083500	neg	0	1	1	0	0	0	1	0	1	0	0
chr2.16769000.16769500	neg	0	1	1	1	1	1	1	1	1	0	1
chr2.16837000.16837500	neg	0	0	0	0	0	0	0	0	0	0	0
chr2.16915500.16916000	neg	0	0	0	0	0	0	0	0	0	0	0
chr2.16916500.16917000	neg	0	0	0	0	0	0	0	0	0	1	0
chr2.17266500.17267000	neg	1	1	0	1	1	1	1	1	0	0	1
chr2.17384000.17384500	neg	1	1	1	1	1	1	0	1	0	0	1
chr2.17886000.17886500	neg	0	1	1	1	1	0	1	0	1	0	1
chr2.18254000.18254500	neg	0	1	1	0	0	0	1	1	0	0	0
chr2.18588500.18589000	neg	1	1	0	1	1	1	0	1	0	0	0
chr2.19073500.19074000	neg	0	1	1	1	0	1	1	1	0	0	0
chr2.19623000.19623500	neg	0	1	0	1	1	1	1	1	1	0	1
chr2.19693000.19693500	neg	0	1	0	0	1	0	1	0	1	0	1
chr2.19763000.19763500	neg	0	1	0	1	1	1	1	1	0	0	1
chr2.20017000.20017500	neg	1	1	0	1	1	0	0	0	0	1	0
chr2.20163500.20164000	neg	0	1	1	0	1	0	1	0	1	1	0
chr2.20705500.20706000	neg	0	0	0	0	0	0	0	0	0	0	0
chr2.20848000.20848500	neg	1	1	0	1	1	0	0	0	0	1	0
chr2.20895000.20895500	neg	1	1	0	1	1	0	0	0	0	1	0
chr2.20967500.20968000	neg	0	0	0	0	0	0	1	0	1	1	0
chr2.21028500.21029000	neg	0	1	1	1	1	1	1	1	1	1	1
chr2.21034000.21034500	neg	0	1	1	0	1	1	1	0	1	0	1
chr2.21261000.21261500	neg	0	1	0	1	0	1	1	0	1	1	0
chr2.21372000.21372500	neg	0	1	0	1	1	1	1	1	0	0	1
chr2.21456500.21457000	neg	0	0	0	0	0	0	1	0	0	1	0
chr2.21616000.21616500	neg	0	1	0	0	0	0	1	0	1	0	0
chr2.21759500.21760000	neg	1	1	1	1	1	1	0	1	1	0	0
chr2.21815000.21815500	neg	0	0	0	0	0	0	1	0	1	0	0
chr2.22169000.22169500	neg	0	0	1	0	0	0	1	0	1	1	0
chr2.22498500.22499000	neg	0	0	0	0	0	0	1	0	0	1	0
chr2.22583000.22583500	neg	1	1	0	1	1	1	1	1	0	1	0
chr2.23219000.23219500	neg	1	1	1	1	1	1	0	1	0	1	0
chr2.23220000.23220500	neg	1	1	1	1	1	1	0	1	1	1	0
chr2.23308000.23308500	neg	0	0	0	0	0	0	1	0	1	0	0
chr2.23700000.23700500	neg	1	1	0	1	1	0	1	1	1	1	0
chr2.23714500.23715000	neg	0	1	0	1	1	0	1	1	1	0	0
chr2.23824500.23825000	neg	1	1	0	1	1	1	0	1	0	1	0
chr2.24667000.24667500	neg	1	1	1	1	1	0	0	1	1	0	0
chr2.24668000.24668500	neg	1	1	1	1	1	0	0	1	1	0	0
chr2.24790000.24790500	neg	1	1	1	1	1	1	1	1	1	1	1
chr2.24811500.24812000	neg	1	1	0	1	1	0	1	1	1	0	0
chr2.24938500.24939000	neg	0	1	0	1	0	1	1	0	1	1	0
chr2.25054000.25054500	neg	0	1	0	1	1	0	1	1	0	1	0
chr2.25241500.25242000	neg	1	1	0	1	1	0	0	1	1	0	0
chr2.25352000.25352500	neg	1	1	0	1	1	0	0	1	0	1	0
chr2.25850000.25850500	neg	0	1	0	0	1	1	1	1	0	0	0
chr2.25903000.25903500	neg	1	1	0	1	1	0	0	1	0	1	0
chr2.26124000.26124500	neg	1	1	1	1	1	1	0	1	0	0	0
chr2.26210500.26211000	neg	0	0	0	1	1	0	1	1	0	0	1
chr2.26824000.26824500	neg	1	1	0	1	1	0	1	1	0	1	0
chr2.27087500.27088000	neg	0	1	0	1	1	1	1	1	1	1	1
chr2.27227500.27228000	neg	0	0	0	0	0	0	0	0	0	0	0
chr2.27426500.27427000	neg	0	0	0	0	0	0	0	0	0	1	0
chr2.27434000.27434500	neg	0	1	0	1	1	0	1	1	0	1	0
chr2.27645000.27645500	neg	0	1	1	1	1	1	1	1	0	0	1
chr2.27875000.27875500	neg	1	1	0	1	1	0	1	1	0	1	0
chr2.28234500.28235000	neg	0	1	1	1	0	0	1	0	1	0	0
chr2.28299500.28300000	neg	1	1	0	1	1	0	1	1	0	1	0
chr2.28451500.28452000	neg	0	1	0	1	0	1	1	1	1	0	1
chr2.28992500.28993000	neg	1	1	0	1	1	1	1	1	0	1	0
chr2.29508000.29508500	neg	0	0	1	0	0	0	1	0	1	0	0
chr2.29596500.29597000	neg	0	0	0	1	0	0	1	1	1	0	0
chr3.491500.492000	neg	0	1	1	1	1	1	1	1	1	0	1
chr3.783500.784000	neg	1	1	1	1	1	1	1	1	0	0	1
chr3.1408500.1409000	neg	0	1	1	0	1	1	1	1	0	0	1
chr3.1607500.1608000	neg	0	0	0	0	1	1	0	0	0	0	1
chr3.1791500.1792000	neg	1	1	0	0	1	1	0	1	0	0	1
chr3.1814000.1814500	neg	0	0	0	0	0	0	0	0	0	0	0
chr3.1862000.1862500	neg	0	1	0	1	1	1	1	1	1	0	1
chr3.1874000.1874500	neg	1	1	0	1	1	1	0	1	0	1	0
chr3.2739500.2740000	neg	0	0	0	1	1	1	0	1	0	0	1
chr3.2941000.2941500	neg	1	1	1	1	1	0	1	1	1	1	0
chr3.3091500.3092000	neg	0	0	0	0	0	0	0	0	0	0	0
chr3.3187000.3187500	neg	1	1	0	1	1	0	0	1	0	1	0
chr3.3626000.3626500	neg	0	1	1	0	0	0	1	0	1	0	0
chr3.3760000.3760500	neg	0	1	0	1	0	1	1	0	1	0	0
chr3.3814000.3814500	neg	0	1	0	1	1	1	1	1	1	0	1
chr3.4007000.4007500	neg	0	1	0	0	1	0	1	1	1	0	1
chr3.4061500.4062000	neg	0	1	1	1	1	1	1	1	1	1	1
chr3.4906000.4906500	neg	1	1	0	1	1	1	0	1	0	1	0
chr3.5194000.5194500	neg	0	1	0	1	1	1	1	1	1	1	1
chr3.5509000.5509500	neg	0	0	0	0	0	1	1	0	1	0	0
chr3.5753500.5754000	neg	0	1	1	1	1	0	1	1	1	0	1
chr3.5759000.5759500	neg	0	1	0	0	1	1	1	0	1	0	1
chr3.5915500.5916000	neg	0	1	0	0	0	1	1	1	0	0	1
chr3.6055000.6055500	neg	0	1	0	0	1	1	1	1	0	0	1
chr3.6089000.6089500	neg	0	0	1	0	0	0	1	0	1	0	0
chr3.6252500.6253000	neg	1	1	1	1	1	1	1	1	1	0	0
chr3.6368000.6368500	neg	1	1	0	1	1	1	0	1	0	0	1
chr3.6597000.6597500	neg	0	1	0	1	0	0	1	0	0	0	0
chr3.6623000.6623500	neg	1	1	0	1	1	0	1	1	0	1	0
chr3.6808000.6808500	neg	0	1	1	1	1	1	1	1	1	0	0
chr3.6864000.6864500	neg	0	0	0	0	0	0	1	0	1	0	0
chr3.6951500.6952000	neg	0	1	1	0	0	1	1	0	1	0	0
chr3.7158000.7158500	neg	1	1	0	0	1	0	0	1	0	0	0
chr3.7417500.7418000	neg	1	1	0	1	1	0	0	1	1	0	0
chr3.7530500.7531000	neg	0	1	0	1	1	1	1	0	1	0	1
chr3.8047000.8047500	neg	0	0	1	0	0	0	1	0	1	0	0
chr3.8241500.8242000	neg	1	1	0	1	1	1	1	1	1	1	1
chr3.8864000.8864500	neg	1	0	0	0	1	1	0	0	0	0	1
chr3.8901000.8901500	neg	0	1	0	0	0	0	1	0	1	0	0
chr3.9172000.9172500	neg	1	1	1	1	1	0	1	1	1	1	1
chr3.9520500.9521000	neg	0	0	0	0	0	0	0	0	0	1	0
chr3.9636500.9637000	neg	1	1	1	1	1	0	0	1	1	0	0
chr3.10381500.10382000	neg	1	1	0	1	1	0	0	0	0	1	0
chr3.10568000.10568500	neg	0	0	0	0	0	0	1	0	1	0	0
chr3.10650500.10651000	neg	0	1	1	1	1	0	1	1	1	1	0
chr3.11024500.11025000	neg	0	0	0	0	0	0	0	0	0	0	1
chr3.11815000.11815500	neg	1	1	0	0	1	1	0	1	0	1	0
chr3.11882500.11883000	neg	0	1	1	1	0	0	1	0	1	0	0
chr3.12021000.12021500	neg	0	1	0	0	1	0	1	0	0	1	0
chr3.12169500.12170000	neg	1	1	1	1	1	0	1	0	0	1	0
chr3.12202500.12203000	neg	1	1	1	1	1	0	1	1	0	1	0
chr3.12571500.12572000	neg	0	0	0	0	0	0	1	0	1	0	0
chr3.12878500.12879000	neg	0	1	0	1	1	0	1	1	0	0	1
chr3.12890000.12890500	neg	1	1	0	0	1	0	0	0	0	1	0
chr3.12942000.12942500	neg	0	1	0	0	1	1	0	1	0	0	1
chr3.13262500.13263000	neg	0	0	0	0	0	0	0	0	0	0	0
chr3.13747000.13747500	neg	0	1	0	1	0	0	1	0	1	0	0
chr3.13930000.13930500	neg	0	1	0	0	1	1	0	0	0	0	0
chr3.14119000.14119500	neg	1	1	0	1	1	0	0	1	0	1	0
chr3.14300500.14301000	neg	0	1	1	1	0	1	1	1	1	0	1
chr3.14311500.14312000	neg	0	1	1	1	1	0	1	1	1	0	0
chr3.14353000.14353500	neg	0	0	1	0	0	0	1	0	1	0	0
chr3.14500500.14501000	neg	1	1	1	1	1	1	1	1	1	1	0
chr3.14831500.14832000	neg	1	1	0	1	1	1	0	1	0	0	0
chr3.15323000.15323500	neg	0	1	0	1	1	1	1	0	0	0	1
chr3.15816500.15817000	neg	0	1	0	0	1	1	1	1	1	0	1
chr3.16008000.16008500	neg	0	0	1	0	0	0	1	0	1	0	1
chr3.16754500.16755000	neg	0	1	0	1	1	0	1	1	1	0	0
chr3.16881000.16881500	neg	1	1	1	1	1	0	1	0	0	0	0
chr3.16970500.16971000	neg	1	1	0	0	1	0	1	0	1	0	0
chr3.17278000.17278500	neg	0	1	1	0	0	1	1	0	0	0	1
chr3.17776500.17777000	neg	0	1	1	1	1	0	1	0	1	0	1
chr3.18129000.18129500	neg	0	0	0	0	0	0	1	0	1	0	0
chr3.19075500.19076000	neg	0	1	1	1	1	0	1	1	1	0	0
chr3.20201000.20201500	neg	0	0	1	0	0	1	1	0	1	0	0
chr3.20207000.20207500	neg	1	1	0	0	1	1	1	1	1	0	0
chr3.20571000.20571500	neg	0	1	0	1	0	0	1	1	1	0	1
chr3.20640500.20641000	neg	1	1	0	1	1	0	0	1	1	0	0
chr3.20760500.20761000	neg	0	0	0	0	0	0	1	0	1	0	0
chr3.22399000.22399500	neg	0	1	0	0	0	0	1	0	1	1	0
chr3.23471500.23472000	neg	1	1	0	1	1	0	0	1	1	0	0
chr3.23532000.23532500	neg	1	1	0	1	1	1	1	1	1	0	0
chr3.23628000.23628500	neg	0	1	1	1	1	1	1	1	1	0	1
chr3.24090000.24090500	neg	1	1	1	1	1	0	1	1	0	0	0
chr3.24134500.24135000	neg	0	1	0	1	1	1	1	1	1	0	1
chr3.24145000.24145500	neg	1	1	0	1	1	1	0	1	0	0	1
chr3.24178500.24179000	neg	1	1	1	0	1	0	1	1	1	0	0
chr3.24495500.24496000	neg	0	1	0	0	1	1	1	1	1	1	1
chr3.25055500.25056000	neg	0	0	0	1	1	1	0	1	0	0	1
chr3.25364000.25364500	neg	0	1	1	1	1	1	1	1	1	0	1
chr3.25375000.25375500	neg	0	1	1	0	1	1	1	1	1	0	1
chr3.25630500.25631000	neg	1	1	0	1	1	0	0	0	0	1	0
chr3.25803500.25804000	neg	0	0	0	0	0	0	1	0	1	1	0
chr3.26117500.26118000	neg	1	1	0	1	1	0	0	0	0	1	0
chr3.26167500.26168000	neg	0	1	0	0	0	0	1	1	1	0	0
chr3.26185500.26186000	neg	0	1	0	0	0	0	1	0	1	0	0
chr3.26749500.26750000	neg	0	1	1	0	1	1	1	1	0	0	0
chr3.27052000.27052500	neg	0	0	0	0	0	0	1	0	1	0	0
chr4.17000.17500	neg	0	0	0	0	0	0	0	0	1	0	0
chr4.21000.21500	neg	0	0	1	0	0	0	1	0	1	0	0
chr4.611000.611500	neg	0	0	0	0	0	0	1	0	1	0	0
chr4.977000.977500	neg	1	1	0	1	1	1	0	1	0	1	0
chr4.1113500.1114000	neg	0	1	0	1	1	1	1	1	0	0	1
chr4.1128000.1128500	neg	1	1	0	1	1	0	1	0	1	0	0
chr4.1482000.1482500	neg	0	1	0	0	1	1	1	1	0	1	0
chr4.1562500.1563000	neg	1	1	0	1	1	0	1	0	0	1	0
chr4.2058500.2059000	neg	0	1	0	1	1	1	1	1	1	0	1
chr4.2100000.2100500	neg	0	0	1	0	0	0	1	0	0	1	0
chr4.2692500.2693000	neg	1	1	1	1	1	0	0	1	1	1	0
chr4.2975500.2976000	neg	0	1	0	0	0	0	1	0	1	0	0
chr4.3145500.3146000	neg	1	1	0	1	1	1	1	1	0	0	1
chr4.3275500.3276000	neg	0	0	0	0	0	0	0	0	0	0	0
chr4.3587500.3588000	neg	0	0	1	0	0	0	1	0	1	1	0
chr4.3683500.3684000	neg	0	1	1	0	0	0	1	0	1	1	0
chr4.4146500.4147000	neg	0	0	1	0	0	0	1	0	1	1	0
chr4.4253000.4253500	neg	0	0	0	0	0	0	1	0	1	1	0
chr4.4770000.4770500	neg	1	1	0	1	1	0	0	1	0	1	0
chr4.5090500.5091000	neg	0	1	1	1	1	1	1	1	1	0	1
chr4.5248500.5249000	neg	0	1	0	1	1	0	1	1	1	1	0
chr4.5301000.5301500	neg	1	1	0	1	1	0	0	1	0	1	0
chr4.5498000.5498500	neg	0	0	1	0	0	0	1	0	1	0	0
chr4.5522000.5522500	neg	0	1	1	1	1	1	1	1	1	1	1
chr4.5690500.5691000	neg	1	1	0	1	1	0	1	1	1	1	0
chr4.5837500.5838000	neg	0	1	1	1	0	1	1	0	1	0	1
chr4.5937500.5938000	neg	1	1	1	1	1	0	0	1	1	0	0
chr4.6360500.6361000	neg	0	0	1	0	0	0	1	0	1	0	0
chr4.6599500.6600000	neg	0	1	0	1	1	0	1	1	1	1	0
chr4.6656500.6657000	neg	1	1	1	1	1	0	1	1	0	1	0
chr4.7038000.7038500	neg	0	1	0	0	1	1	1	1	0	0	1
chr4.7109000.7109500	neg	0	0	0	1	0	1	1	0	1	0	0
chr4.7672500.7673000	neg	0	1	0	1	1	0	1	1	0	0	1
chr4.7738000.7738500	neg	1	1	1	1	1	1	0	1	0	0	1
chr4.7844000.7844500	neg	0	0	0	0	0	0	1	0	1	0	0
chr4.7940000.7940500	neg	0	1	0	0	0	1	1	0	0	0	0
chr4.8217000.8217500	neg	0	1	0	0	0	1	1	0	0	0	0
chr4.8375000.8375500	neg	1	1	0	1	1	0	0	1	0	0	0
chr4.9301500.9302000	neg	1	1	0	1	1	0	1	1	1	1	1
chr4.9581500.9582000	neg	0	1	0	1	1	1	1	1	1	0	1
chr4.9973500.9974000	neg	1	1	1	1	1	1	0	1	0	0	1
chr4.11121500.11122000	neg	0	1	1	1	0	1	1	1	1	0	0
chr4.11185500.11186000	neg	1	1	1	1	1	0	0	1	0	1	1
chr4.11523000.11523500	neg	1	1	1	1	1	1	0	1	0	1	0
chr4.11855500.11856000	neg	0	1	0	1	1	1	1	0	0	0	1
chr4.12300000.12300500	neg	1	1	0	1	1	1	0	1	1	0	0
chr4.12421500.12422000	neg	0	0	1	0	0	0	1	0	1	0	0
chr4.12477500.12478000	neg	1	1	0	1	1	1	1	0	0	0	0
chr4.12883500.12884000	neg	0	1	0	1	0	0	1	1	1	0	1
chr4.13210000.13210500	neg	1	1	0	1	1	0	1	1	1	1	1
chr4.13303500.13304000	neg	0	1	1	1	1	1	1	1	1	0	1
chr4.13356000.13356500	neg	1	1	0	0	1	1	0	1	0	0	1
chr4.13610000.13610500	neg	1	1	1	1	1	1	0	1	0	1	0
chr4.14217500.14218000	neg	0	1	1	1	1	1	1	1	1	0	1
chr4.14738000.14738500	neg	0	0	0	0	0	1	0	0	0	0	0
chr4.15363500.15364000	neg	1	1	1	1	1	0	1	1	0	1	0
chr4.15707500.15708000	neg	0	0	0	0	0	0	0	0	0	1	0
chr4.15716500.15717000	neg	0	1	1	1	1	0	0	1	0	1	0
chr4.16012500.16013000	neg	1	1	0	1	1	1	1	1	0	1	0
chr4.16048500.16049000	neg	0	0	0	0	0	0	1	0	1	1	0
chr4.16168000.16168500	neg	0	1	0	1	1	1	1	1	1	0	1
chr4.16272000.16272500	neg	1	1	0	1	1	1	1	1	1	0	0
chr4.16565500.16566000	neg	0	1	0	1	1	1	1	1	1	0	1
chr4.17594500.17595000	neg	0	0	0	0	0	0	1	0	1	0	0
chr4.17636000.17636500	neg	0	1	0	0	0	0	1	0	1	1	0
chr4.17883000.17883500	neg	0	1	1	0	0	0	1	0	1	0	0
chr4.17955000.17955500	neg	1	1	0	1	1	0	0	1	0	1	0
chr4.17973500.17974000	neg	0	1	0	1	1	1	1	1	0	0	1
chr4.17974000.17974500	neg	0	1	0	1	1	0	1	1	0	0	1
chr4.18217000.18217500	neg	1	1	0	1	1	0	1	1	1	1	0
chr4.18953000.18953500	neg	1	1	0	0	1	0	0	0	0	1	0
chr4.19027000.19027500	neg	0	0	0	0	0	0	0	0	0	1	0
chr4.19212500.19213000	neg	1	1	0	1	1	1	0	1	0	1	0
chr4.19254000.19254500	neg	0	1	1	1	1	1	1	0	1	0	1
chr4.19260500.19261000	neg	0	1	0	1	0	1	1	1	1	0	1
chr4.19818500.19819000	neg	0	0	0	0	0	0	1	0	0	1	0
chr4.20857000.20857500	neg	1	1	1	1	1	1	0	1	0	1	0
chr4.21086500.21087000	neg	0	0	0	0	0	0	1	0	0	1	0
chr4.21507000.21507500	neg	1	1	0	1	1	0	0	1	1	1	0
chr4.21868500.21869000	neg	0	1	0	1	0	0	0	1	0	1	0
chr4.22059000.22059500	neg	1	1	1	1	1	1	1	1	0	1	0
chr4.22600000.22600500	neg	1	1	0	0	1	0	1	1	0	1	0
chr4.22708500.22709000	neg	1	1	0	0	1	0	1	0	1	0	0
chr4.23051500.23052000	neg	1	1	0	1	1	0	1	1	0	1	0
chr4.23199000.23199500	neg	0	0	0	0	0	0	1	0	1	0	0
chr4.23868500.23869000	neg	0	1	1	1	1	1	1	1	1	0	1
chr4.24070000.24070500	neg	1	1	0	1	1	0	0	1	1	1	0
chr4.24205000.24205500	neg	0	1	1	1	0	1	1	0	1	0	0
chr4.24212000.24212500	neg	0	1	0	1	1	0	1	1	1	0	1
chr4.24818000.24818500	neg	0	1	0	0	1	0	1	1	1	0	1
chr4.25580000.25580500	neg	1	1	0	0	1	0	0	0	0	1	0
chr4.25901500.25902000	neg	0	1	1	1	0	0	1	1	1	0	1
chr4.26173000.26173500	neg	0	1	1	0	0	0	1	0	1	0	0
chr4.26403500.26404000	neg	0	1	1	1	1	1	1	1	0	0	1
chr4.26901500.26902000	neg	0	0	0	0	0	0	0	0	0	0	0
chr4.26922000.26922500	neg	0	0	0	0	0	0	0	0	0	0	0
chr5.287500.288000	neg	0	0	0	0	0	0	1	0	1	0	0
chr5.312000.312500	neg	0	1	1	1	0	0	1	1	1	0	0
chr5.860500.861000	neg	1	1	0	1	1	1	1	1	1	1	0
chr5.1012000.1012500	neg	1	1	0	1	0	0	0	0	0	1	0
chr5.1069000.1069500	neg	1	1	1	1	1	0	0	1	0	1	0
chr5.1118000.1118500	neg	1	1	0	1	1	1	1	1	0	1	0
chr5.1125000.1125500	neg	0	1	1	1	1	1	1	1	1	1	0
chr5.1221500.1222000	neg	1	1	0	0	1	0	0	0	0	1	0
chr5.1506000.1506500	neg	0	0	0	0	0	0	0	0	0	1	0
chr5.1651000.1651500	neg	0	0	0	0	0	0	1	0	0	1	0
chr5.1931500.1932000	neg	0	0	0	0	0	0	0	0	0	0	0
chr5.2147500.2148000	neg	1	1	1	1	1	0	0	0	0	1	0
chr5.2444000.2444500	neg	1	1	0	1	1	0	1	0	1	1	0
chr5.2461500.2462000	neg	0	0	1	0	0	0	1	0	1	0	0
chr5.2504500.2505000	neg	1	1	0	1	1	0	0	1	0	1	0
chr5.2787000.2787500	neg	0	1	0	1	1	1	1	1	0	0	1
chr5.3248000.3248500	neg	1	1	1	1	1	1	0	1	1	1	0
chr5.3500000.3500500	neg	0	0	1	1	0	0	1	0	0	0	0
chr5.3802000.3802500	neg	0	1	0	1	1	0	0	1	0	1	0
chr5.3874500.3875000	neg	0	0	0	0	0	0	1	0	1	1	0
chr5.4489000.4489500	neg	1	1	1	1	1	0	0	1	0	1	0
chr5.4662500.4663000	neg	0	1	0	1	1	1	1	1	1	1	1
chr5.4767000.4767500	neg	0	0	0	0	0	0	1	0	0	1	0
chr5.5777000.5777500	neg	1	1	0	1	1	1	0	1	1	0	0
chr5.5813500.5814000	neg	0	1	0	1	1	1	1	1	1	0	0
chr5.6131000.6131500	neg	1	1	0	1	1	0	0	1	1	0	0
chr5.6135500.6136000	neg	1	1	0	1	1	1	1	1	1	1	0
chr5.6148000.6148500	neg	1	1	0	1	1	1	0	1	0	1	0
chr5.6685500.6686000	neg	0	0	0	0	0	0	0	0	0	1	0
chr5.7085000.7085500	neg	0	1	0	1	1	1	1	1	0	1	0
chr5.8268000.8268500	neg	0	1	0	1	1	1	1	1	1	0	1
chr5.9003500.9004000	neg	0	1	0	1	0	0	1	1	1	0	1
chr5.9031500.9032000	neg	0	1	0	1	0	1	1	0	1	0	1
chr5.9087500.9088000	neg	0	0	0	0	0	1	1	0	1	0	0
chr5.9247500.9248000	neg	0	1	1	1	0	1	1	0	1	0	0
chr5.9418500.9419000	neg	0	1	0	1	0	0	1	1	1	0	0
chr5.9665000.9665500	neg	1	1	0	1	1	0	0	1	1	0	0
chr5.10223500.10224000	neg	0	1	0	1	0	1	1	1	1	0	1
chr5.10858000.10858500	neg	0	0	1	0	0	0	1	0	1	0	0
chr5.10873500.10874000	neg	1	1	1	1	1	0	0	1	0	1	0
chr5.10890000.10890500	neg	1	1	0	1	1	0	0	1	0	1	0
chr5.10981500.10982000	neg	0	0	1	0	0	0	1	0	1	0	0
chr5.11945500.11946000	neg	1	1	0	1	1	1	0	1	0	1	0
chr5.11997500.11998000	neg	0	1	0	1	1	0	1	0	0	1	0
chr5.12103000.12103500	neg	1	1	0	1	1	0	0	1	1	0	0
chr5.12215500.12216000	neg	1	1	0	1	1	1	0	1	0	1	0
chr5.12609000.12609500	neg	1	1	0	1	1	0	1	1	0	1	0
chr5.12818500.12819000	neg	1	1	0	1	1	0	0	1	1	1	0
chr5.13163000.13163500	neg	0	1	0	0	0	1	1	1	1	1	0
chr5.13179500.13180000	neg	1	1	1	1	1	1	0	1	0	0	1
chr5.13220500.13221000	neg	1	1	0	1	1	0	0	1	0	1	0
chr5.13338000.13338500	neg	1	1	0	1	1	0	0	1	0	1	0
chr5.13501000.13501500	neg	1	1	0	1	1	1	0	1	0	1	0
chr5.13992000.13992500	neg	0	0	0	0	0	0	0	0	1	0	0
chr5.14769500.14770000	neg	0	0	0	0	0	0	1	0	0	0	0
chr5.14874000.14874500	neg	1	1	0	1	1	0	0	1	0	1	0
chr5.15033500.15034000	neg	1	1	0	1	1	0	1	0	1	1	0
chr5.15263500.15264000	neg	0	1	0	1	1	0	1	1	1	0	1
chr5.15777000.15777500	neg	1	1	0	1	1	0	0	0	0	1	0
chr5.15860000.15860500	neg	0	1	1	0	0	0	1	0	0	0	0
chr5.16080000.16080500	neg	0	1	1	0	1	0	1	0	1	0	1
chr5.16306500.16307000	neg	0	1	0	0	0	0	1	0	1	0	0
chr5.16451000.16451500	neg	1	1	0	1	1	0	0	1	0	1	0
chr5.16762000.16762500	neg	1	1	0	1	1	0	0	1	0	1	0
chr5.17616000.17616500	neg	0	1	0	1	1	1	0	1	0	1	0
chr5.18233000.18233500	neg	0	0	0	0	0	0	0	0	0	0	0
chr5.18325000.18325500	neg	1	1	0	1	1	0	0	1	0	1	0
chr5.18909000.18909500	neg	0	1	0	1	1	1	1	1	1	0	1
chr5.19401500.19402000	neg	0	1	1	1	1	1	1	1	1	0	1
chr5.19492500.19493000	neg	0	1	0	1	1	0	1	1	0	1	0
chr5.20301000.20301500	neg	1	1	0	1	1	0	0	1	1	0	0
chr5.20389500.20390000	neg	0	1	1	0	1	1	1	0	0	0	0
chr5.20488500.20489000	neg	0	0	0	1	0	0	0	0	0	1	0
chr5.20672000.20672500	neg	0	1	1	0	0	1	1	0	0	0	0
chr5.20695000.20695500	neg	0	1	1	1	0	0	1	0	1	0	1
chr5.20911500.20912000	neg	0	0	0	0	0	0	0	0	0	0	0
chr5.21109000.21109500	neg	0	0	0	0	0	0	0	0	0	0	0
chr5.21495000.21495500	neg	1	1	0	1	1	0	0	1	0	1	0
chr5.22848500.22849000	neg	1	1	1	1	1	1	0	1	0	0	1
chr5.22947500.22948000	neg	0	1	0	0	0	0	1	0	0	1	0
chr5.23131000.23131500	neg	1	1	0	0	1	0	0	0	0	1	0
chr5.23359000.23359500	neg	1	1	0	1	1	0	1	1	0	1	0
chr5.23443000.23443500	neg	1	1	0	0	1	1	0	0	0	1	0
chr5.23494500.23495000	neg	0	1	0	1	0	0	1	1	1	1	1
chr5.24202000.24202500	neg	0	0	0	0	0	0	0	0	0	0	0
chr5.24409000.24409500	neg	0	1	1	1	1	1	1	0	0	0	1
chr5.24410000.24410500	neg	0	1	0	1	1	1	1	1	0	0	1
chr5.24535000.24535500	neg	1	1	1	1	0	0	0	0	0	0	0
chr5.24650500.24651000	neg	0	0	0	0	0	0	1	0	1	0	0
chr5.24675500.24676000	neg	0	1	1	1	0	1	1	0	1	0	0
chr5.24794500.24795000	neg	0	1	1	1	1	1	1	1	1	0	1
chr5.24895000.24895500	neg	1	1	0	1	1	0	0	1	1	1	0
chr5.25229500.25230000	neg	1	1	1	1	1	0	0	1	0	1	0
chr5.25265500.25266000	neg	1	1	0	1	1	0	1	1	0	1	0
chr5.25631000.25631500	neg	0	1	1	1	1	1	1	0	1	0	1
chr5.26038000.26038500	neg	0	1	1	1	0	0	1	0	1	0	0
chr5.26038500.26039000	neg	0	1	1	1	1	1	1	1	1	0	1
chr5.26158000.26158500	neg	0	1	0	1	0	0	1	1	1	0	1
chr6.124500.125000	neg	0	0	1	0	0	0	1	0	1	0	0
chr6.761000.761500	neg	0	1	1	0	0	1	1	0	1	0	0
chr6.925000.925500	neg	0	1	1	1	0	1	1	0	1	0	0
chr6.1141000.1141500	neg	0	0	1	0	0	0	1	0	1	0	0
chr6.1361000.1361500	neg	0	0	0	0	0	1	1	0	1	0	0
chr6.1544000.1544500	neg	0	0	1	0	0	0	1	0	1	0	0
chr6.1576000.1576500	neg	0	1	1	1	1	1	1	1	1	0	1
chr6.1676000.1676500	neg	0	0	1	0	0	0	1	0	1	0	1
chr6.1763000.1763500	neg	0	1	0	1	0	0	1	0	1	0	1
chr6.1917500.1918000	neg	0	1	1	1	1	1	1	0	1	0	1
chr6.2237500.2238000	neg	0	1	1	1	1	1	1	1	1	0	1
chr6.2292500.2293000	neg	0	1	0	1	1	1	1	1	1	0	1
chr6.2306000.2306500	neg	0	0	1	0	0	0	1	0	1	0	0
chr6.3061500.3062000	neg	0	1	1	1	0	0	1	1	0	0	0
chr6.3732000.3732500	neg	0	0	0	0	0	0	1	0	1	0	0
chr6.3906500.3907000	neg	0	0	1	1	0	0	1	0	0	0	0
chr6.4019000.4019500	neg	0	1	1	1	1	1	1	1	1	0	1
chr6.4019500.4020000	neg	0	1	0	1	1	1	1	1	1	0	1
chr6.4121000.4121500	neg	0	0	1	0	0	0	1	0	1	0	0
chr6.4189500.4190000	neg	0	1	0	1	0	1	1	1	1	0	0
chr6.4719500.4720000	neg	1	1	0	1	0	1	1	1	1	0	0
chr6.4908500.4909000	neg	0	1	1	1	0	1	1	1	1	0	0
chr6.4994000.4994500	neg	0	0	0	0	0	0	1	0	0	1	0
chr6.5343500.5344000	neg	0	0	0	1	0	1	1	1	1	0	1
chr6.5441500.5442000	neg	0	1	1	1	0	1	1	1	0	0	0
chr6.5662000.5662500	neg	0	1	1	0	1	1	1	1	1	0	1
chr6.5679000.5679500	neg	0	1	0	1	0	0	1	1	0	1	0
chr6.5810000.5810500	neg	0	1	1	1	1	1	1	1	1	1	1
chr6.6585500.6586000	neg	0	1	0	1	1	1	1	0	1	0	0
chr6.6592000.6592500	neg	1	1	0	1	1	1	0	1	0	1	0
chr6.6635000.6635500	neg	0	1	0	0	1	0	1	0	1	0	0
chr6.7889000.7889500	neg	0	1	0	0	0	1	1	0	0	0	0
chr6.8102500.8103000	neg	1	1	0	1	1	0	1	1	0	1	0
chr6.8572500.8573000	neg	0	1	1	0	0	0	0	0	0	0	0
chr6.10572500.10573000	neg	1	1	0	1	1	0	1	1	0	1	0
chr6.10653000.10653500	neg	1	1	1	1	1	0	0	1	0	1	0
chr6.10970500.10971000	neg	1	1	0	1	1	1	0	1	1	0	0
chr6.11022000.11022500	neg	0	1	0	1	1	1	1	0	0	0	1
chr6.11023000.11023500	neg	0	1	0	1	1	1	1	1	1	0	1
chr6.11276000.11276500	neg	1	1	1	1	1	1	0	0	0	1	0
chr6.11764500.11765000	neg	0	0	1	0	0	0	1	0	0	0	0
chr6.11773000.11773500	neg	0	1	0	1	1	1	1	1	0	0	1
chr6.12024000.12024500	neg	0	1	1	1	1	1	1	1	1	0	1
chr6.12174500.12175000	neg	1	1	1	1	1	0	1	1	1	0	0
chr6.12418000.12418500	neg	0	1	0	0	0	1	1	0	1	0	0
chr6.12431000.12431500	neg	1	1	1	0	1	1	0	1	0	0	1
chr6.12558000.12558500	neg	0	0	1	0	0	0	1	0	1	0	0
chr6.12696500.12697000	neg	0	1	0	1	1	0	1	1	0	1	0
chr6.13225000.13225500	neg	0	1	0	1	1	1	1	1	1	0	1
chr6.13261500.13262000	neg	0	1	1	1	0	1	1	0	0	0	0
chr6.13315000.13315500	neg	0	1	1	1	1	0	0	1	0	0	1
chr6.13842500.13843000	neg	1	1	1	1	1	1	0	1	0	0	1
chr6.14042500.14043000	neg	0	1	1	1	1	1	1	1	0	0	1
chr6.14613000.14613500	neg	1	1	0	1	1	1	0	0	0	1	0
chr6.14774000.14774500	neg	0	0	0	0	0	0	0	0	0	1	0
chr6.15058000.15058500	neg	0	1	0	1	1	1	1	1	1	0	1
chr6.15719000.15719500	neg	0	1	1	0	0	0	1	0	1	0	0
chr6.15760500.15761000	neg	0	0	1	0	0	0	1	0	1	0	0
chr6.15761000.15761500	neg	0	1	1	0	0	0	1	0	1	0	1
chr6.15846000.15846500	neg	0	1	1	1	1	0	1	1	1	0	1
chr6.17159000.17159500	neg	0	0	1	0	0	0	1	0	1	0	0
chr6.17436500.17437000	neg	0	1	1	1	0	1	1	1	1	0	0
chr6.17676500.17677000	neg	0	0	0	1	0	0	1	0	1	0	0
chr6.18181500.18182000	neg	1	1	1	1	1	1	0	1	0	0	1
chr6.18349500.18350000	neg	0	0	0	0	0	0	0	0	0	1	0
chr6.18811000.18811500	neg	1	1	0	0	1	0	0	1	0	1	0
chr6.18827000.18827500	neg	0	0	0	0	0	0	0	0	0	0	0
chr6.18856000.18856500	neg	1	1	1	1	1	1	1	1	0	0	1
chr6.18996000.18996500	neg	0	0	0	0	0	0	0	0	0	1	0
chr6.19397500.19398000	neg	1	1	1	1	1	0	1	1	1	1	0
chr6.19666500.19667000	neg	1	1	0	1	1	0	1	1	0	1	0
chr6.20590000.20590500	neg	0	1	1	0	0	0	1	0	1	0	0
chr6.20930000.20930500	neg	0	1	1	1	1	1	1	1	0	0	1
chr6.21585000.21585500	neg	0	1	0	1	1	0	1	1	0	1	0
chr6.21635000.21635500	neg	1	1	0	1	1	0	0	1	0	1	0
chr6.21680500.21681000	neg	0	1	1	0	0	0	1	0	1	0	0
chr6.21690000.21690500	neg	1	1	0	1	1	1	0	1	0	1	0
chr6.21986000.21986500	neg	1	1	0	1	1	1	1	1	0	0	1
chr6.22139000.22139500	neg	0	1	0	1	0	0	1	0	0	1	0
chr6.22259500.22260000	neg	1	1	0	1	1	0	0	0	0	1	0
chr6.22378500.22379000	neg	0	1	1	1	1	1	1	0	1	0	1
chr6.22501500.22502000	neg	0	1	1	1	1	1	1	1	1	0	1
chr6.23153500.23154000	neg	0	1	0	0	1	1	1	1	0	1	1
chr6.23454000.23454500	neg	0	1	0	1	1	1	1	1	1	0	0
chr6.23743500.23744000	neg	0	1	1	1	0	0	1	0	1	0	0
chr6.23772000.23772500	neg	0	1	0	1	1	1	1	1	1	0	1
chr7.562000.562500	neg	0	0	1	0	0	0	1	0	1	0	0
chr7.859000.859500	neg	0	1	0	0	1	0	1	0	1	0	0
chr7.897500.898000	neg	0	1	0	1	0	1	1	1	1	0	1
chr7.1147500.1148000	neg	0	0	1	0	0	0	1	0	1	0	0
chr7.1268000.1268500	neg	0	0	1	0	0	1	1	0	1	0	0
chr7.2093500.2094000	neg	1	1	0	1	1	0	1	1	1	0	1
chr7.2431000.2431500	neg	0	1	0	1	1	0	1	1	1	0	1
chr7.2607500.2608000	neg	1	1	1	1	1	1	1	1	0	0	1
chr7.3020000.3020500	neg	1	1	0	1	1	1	0	1	1	1	0
chr7.3050000.3050500	neg	0	1	1	1	0	0	1	1	1	0	0
chr7.3145000.3145500	neg	0	1	0	0	0	0	1	0	1	0	0
chr7.3181500.3182000	neg	0	0	0	0	0	1	1	0	1	0	0
chr7.3662500.3663000	neg	0	0	0	0	0	0	1	0	0	1	0
chr7.3731500.3732000	neg	1	1	0	1	1	0	0	1	0	1	0
chr7.3945000.3945500	neg	1	1	0	1	1	0	1	1	0	1	0
chr7.4505000.4505500	neg	0	0	0	0	0	0	1	0	0	0	0
chr7.5058000.5058500	neg	0	0	0	0	0	0	1	0	0	0	0
chr7.5473000.5473500	neg	0	1	0	1	1	0	0	1	1	1	0
chr7.5503000.5503500	neg	1	1	0	1	1	0	0	1	0	1	0
chr7.5635000.5635500	neg	1	1	1	1	1	0	1	0	0	1	1
chr7.5933500.5934000	neg	1	1	0	1	1	0	0	0	0	1	0
chr7.5965500.5966000	neg	0	1	0	0	0	1	1	0	1	0	0
chr7.6410000.6410500	neg	0	0	0	0	0	0	0	0	0	1	0
chr7.6485500.6486000	neg	0	1	1	1	1	0	1	1	0	1	0
chr7.6569000.6569500	neg	0	0	0	0	0	0	0	0	0	0	0
chr7.6742000.6742500	neg	0	1	1	1	1	0	1	0	1	0	0
chr7.6833500.6834000	neg	0	1	1	1	1	1	1	0	1	0	1
chr7.7158000.7158500	neg	1	1	1	1	1	1	0	1	0	0	1
chr7.7541500.7542000	neg	0	1	0	1	0	0	1	1	1	1	1
chr7.7671000.7671500	neg	0	1	1	0	0	1	1	0	0	0	0
chr7.7680000.7680500	neg	0	1	0	0	1	1	1	1	0	1	0
chr7.7773500.7774000	neg	1	1	0	1	1	0	1	0	1	1	0
chr7.7785000.7785500	neg	0	1	0	1	1	0	1	1	0	1	0
chr7.7790000.7790500	neg	1	1	1	1	1	0	0	1	0	1	0
chr7.8534000.8534500	neg	1	1	1	0	1	0	0	0	0	1	0
chr7.8937500.8938000	neg	0	1	1	1	1	1	1	1	1	0	1
chr7.9077500.9078000	neg	0	1	1	1	0	1	1	0	1	0	0
chr7.9107000.9107500	neg	0	1	0	0	0	0	0	0	0	1	0
chr7.9270500.9271000	neg	1	1	0	1	1	1	0	1	0	1	0
chr7.9458500.9459000	neg	0	1	1	0	1	1	0	0	0	0	0
chr7.10156000.10156500	neg	0	1	0	1	1	1	1	0	0	0	1
chr7.10657500.10658000	neg	0	0	0	0	0	0	1	0	1	0	0
chr7.10838000.10838500	neg	0	1	0	1	1	0	1	1	1	0	1
chr7.10958000.10958500	neg	0	1	0	1	1	1	1	1	1	0	1
chr7.10958500.10959000	neg	0	0	0	0	0	0	1	0	1	0	0
chr7.11089500.11090000	neg	0	1	0	0	0	0	1	0	1	0	0
chr7.11132500.11133000	neg	0	1	1	0	1	1	1	0	1	0	1
chr7.11207000.11207500	neg	1	1	1	1	1	1	1	1	1	0	0
chr7.11245000.11245500	neg	0	1	0	0	1	1	1	1	1	0	1
chr7.11256000.11256500	neg	0	0	0	1	0	0	1	0	1	0	0
chr7.11504000.11504500	neg	0	1	1	1	0	0	1	1	1	0	0
chr7.11718500.11719000	neg	0	1	1	1	0	1	0	1	0	0	1
chr7.11822000.11822500	neg	0	1	1	1	0	1	1	1	0	0	1
chr7.11822500.11823000	neg	0	1	1	1	0	1	1	1	0	0	1
chr7.12015000.12015500	neg	1	1	0	0	1	0	0	0	0	1	0
chr7.12072500.12073000	neg	1	1	0	1	1	1	0	1	1	1	0
chr7.12194000.12194500	neg	0	1	0	0	0	0	1	0	1	0	0
chr7.12211500.12212000	neg	0	1	1	1	1	1	1	1	1	0	0
chr7.12351500.12352000	neg	0	1	1	0	1	0	1	0	0	0	1
chr7.12372000.12372500	neg	0	1	1	0	1	0	1	0	0	0	1
chr7.12458000.12458500	neg	1	1	1	1	1	1	1	1	1	0	0
chr7.12459000.12459500	neg	0	0	1	1	0	0	1	0	1	0	0
chr7.12565500.12566000	neg	0	0	0	1	1	0	0	0	0	0	1
chr7.12721000.12721500	neg	0	0	1	0	1	1	0	0	0	0	1
chr7.13074500.13075000	neg	1	1	0	1	1	1	0	1	0	0	1
chr7.13112000.13112500	neg	0	0	1	0	0	0	1	0	1	0	0
chr7.13397000.13397500	neg	0	0	0	0	1	1	0	1	0	0	0
chr7.13680000.13680500	neg	0	0	1	0	0	1	1	0	1	0	0
chr7.14062500.14063000	neg	0	0	0	0	0	0	1	0	1	0	0
chr7.14091000.14091500	neg	0	1	1	1	1	0	1	0	1	0	0
chr7.14131000.14131500	neg	0	1	1	0	1	1	1	1	1	0	1
chr7.14204000.14204500	neg	0	1	1	1	1	0	1	1	0	0	1
chr7.14641500.14642000	neg	1	1	0	0	1	1	1	1	1	1	1
chr7.14764000.14764500	neg	1	1	0	1	1	1	1	1	1	0	1
chr7.14948500.14949000	neg	0	0	0	0	0	0	0	0	1	0	0
chr7.14952500.14953000	neg	1	1	0	1	1	0	0	1	0	0	1
chr7.15140500.15141000	neg	0	1	0	1	1	0	1	1	0	0	1
chr7.15149500.15150000	neg	0	1	0	1	1	1	1	1	0	0	1
chr7.15474500.15475000	neg	0	1	0	1	0	0	1	1	1	0	1
chr7.15610000.15610500	neg	1	1	0	1	1	1	0	1	1	1	0
chr7.15751000.15751500	neg	0	1	0	0	1	1	1	0	1	0	1
chr7.16109000.16109500	neg	0	0	1	0	0	0	1	0	1	0	0
chr7.16241500.16242000	neg	0	1	0	1	1	1	1	1	1	0	1
chr7.16704000.16704500	neg	0	0	0	0	0	0	1	0	1	0	0
chr7.16845000.16845500	neg	1	1	0	0	1	1	0	1	1	0	0
chr7.16919000.16919500	neg	0	0	0	0	0	0	1	0	1	0	0
chr7.16929000.16929500	neg	1	1	0	1	1	1	1	1	0	1	1
chr7.17345500.17346000	neg	1	1	1	1	1	0	0	1	1	1	0
chr7.17375500.17376000	neg	0	0	1	0	0	0	1	0	0	1	0
chr7.17696500.17697000	neg	1	1	0	0	1	1	0	1	0	0	1
chr7.17761500.17762000	neg	0	1	1	0	1	1	1	0	1	0	1
chr7.17997500.17998000	neg	1	1	0	0	0	0	1	0	1	0	0
chr7.18146500.18147000	neg	0	1	1	1	1	1	1	1	1	0	0
chr7.18839500.18840000	neg	0	1	1	1	1	1	1	1	1	0	1
chr7.18971000.18971500	neg	0	1	0	1	1	0	1	1	1	0	1
chr7.19292000.19292500	neg	1	1	0	1	1	0	0	1	0	1	0
chr7.19590000.19590500	neg	0	0	1	1	0	1	0	1	0	0	1
chr7.20914000.20914500	neg	1	1	0	0	1	0	1	0	0	1	0
chr7.20952000.20952500	neg	0	1	0	1	1	0	1	1	1	1	0
chr7.21069500.21070000	neg	1	1	0	1	1	1	0	1	0	0	1
chr7.21647000.21647500	neg	1	1	1	1	1	1	0	1	0	0	1
chr7.21870000.21870500	neg	0	0	1	0	0	0	1	0	1	0	0
chr7.21894000.21894500	neg	0	1	0	1	1	0	1	1	1	0	0
chr8.337500.338000	neg	1	1	1	1	1	0	0	1	1	1	0
chr8.397500.398000	neg	0	1	1	1	1	1	1	1	1	0	1
chr8.889000.889500	neg	1	1	0	1	1	1	1	1	0	0	1
chr8.896500.897000	neg	0	1	1	1	1	1	1	1	1	0	1
chr8.1372500.1373000	neg	1	1	1	0	1	1	1	0	0	1	0
chr8.1447500.1448000	neg	0	1	1	0	1	1	1	1	1	0	1
chr8.1844000.1844500	neg	1	1	0	0	1	1	0	1	0	1	0
chr8.1916500.1917000	neg	1	1	0	1	1	1	0	1	0	1	0
chr8.1981000.1981500	neg	1	1	0	1	1	0	0	1	0	1	0
chr8.2040500.2041000	neg	1	1	0	1	1	0	0	1	0	1	0
chr8.2208500.2209000	neg	0	1	1	1	0	1	1	1	1	0	0
chr8.2294000.2294500	neg	1	1	0	1	1	0	0	1	1	0	0
chr8.2322000.2322500	neg	0	1	0	1	1	1	1	1	1	0	1
chr8.2374000.2374500	neg	1	1	1	1	1	1	0	1	0	1	0
chr8.2577000.2577500	neg	0	0	0	0	0	0	1	0	1	0	0
chr8.2949500.2950000	neg	0	1	0	0	0	0	0	0	0	0	0
chr8.2997500.2998000	neg	1	1	0	1	1	1	0	1	0	1	0
chr8.3204000.3204500	neg	0	0	0	0	0	0	1	0	1	0	0
chr8.3412500.3413000	neg	0	1	0	0	1	1	1	0	1	0	1
chr8.3628000.3628500	neg	0	0	1	0	0	0	1	0	1	0	0
chr8.3875000.3875500	neg	0	0	0	0	0	0	1	0	0	1	0
chr8.4090000.4090500	neg	0	1	0	1	0	1	1	0	1	0	0
chr8.4994500.4995000	neg	1	1	0	1	1	1	0	1	0	0	0
chr8.5113000.5113500	neg	0	1	0	1	1	1	1	1	1	0	1
chr8.5122500.5123000	neg	1	1	1	1	1	1	0	1	0	0	0
chr8.5367500.5368000	neg	0	1	1	1	1	0	1	1	0	1	0
chr8.5380500.5381000	neg	1	1	1	1	1	0	0	1	0	1	0
chr8.5724500.5725000	neg	0	1	0	0	0	1	1	0	1	1	0
chr8.6266500.6267000	neg	0	1	1	1	1	1	1	1	1	0	1
chr8.6515000.6515500	neg	0	1	0	1	0	0	1	0	1	0	0
chr8.6523500.6524000	neg	0	0	0	0	0	0	1	0	1	0	1
chr8.6764500.6765000	neg	0	1	0	1	1	0	1	1	1	0	1
chr8.7114000.7114500	neg	0	0	0	1	0	0	1	0	1	0	1
chr8.7142000.7142500	neg	1	1	0	0	1	1	0	1	0	0	1
chr8.7491000.7491500	neg	1	1	0	0	1	1	0	0	0	0	0
chr8.8054500.8055000	neg	0	1	1	1	1	1	1	1	1	0	1
chr8.8138500.8139000	neg	0	1	0	1	1	1	1	1	1	0	1
chr8.8403000.8403500	neg	0	0	0	0	0	0	1	1	1	0	0
chr8.9143500.9144000	neg	1	1	0	1	1	0	0	1	1	1	0
chr8.9176000.9176500	neg	0	1	1	1	0	0	1	1	1	0	0
chr8.9311000.9311500	neg	0	0	0	0	0	0	0	0	1	0	0
chr8.9569000.9569500	neg	0	0	0	0	0	0	1	0	1	0	0
chr8.9607000.9607500	neg	0	1	0	1	1	1	1	1	1	0	1
chr8.9651000.9651500	neg	1	1	0	1	1	1	0	0	1	0	1
chr8.10209000.10209500	neg	1	1	1	1	1	1	0	1	0	0	0
chr8.10431500.10432000	neg	1	1	0	1	1	1	0	1	0	1	0
chr8.10432000.10432500	neg	1	1	0	1	1	1	0	1	0	1	0
chr8.10707000.10707500	neg	0	1	1	1	1	1	1	1	1	0	1
chr8.11456500.11457000	neg	1	1	0	0	1	0	0	0	0	1	0
chr8.11511000.11511500	neg	0	1	0	1	0	1	0	1	0	0	0
chr8.11882500.11883000	neg	1	1	0	1	1	0	0	1	0	1	0
chr8.12225000.12225500	neg	0	1	1	0	1	1	1	1	1	0	0
chr8.12420500.12421000	neg	0	1	1	1	1	0	1	1	1	0	1
chr8.12535500.12536000	neg	0	1	0	0	0	0	1	0	1	0	0
chr8.12630500.12631000	neg	1	1	0	1	0	0	0	1	0	1	0
chr8.12908500.12909000	neg	0	0	1	1	0	0	1	1	1	0	1
chr8.13213000.13213500	neg	1	1	0	1	1	1	1	1	1	0	1
chr8.13336500.13337000	neg	0	0	0	1	1	1	0	1	0	0	1
chr8.13636000.13636500	neg	0	1	1	0	0	0	1	1	0	1	0
chr8.13636500.13637000	neg	0	1	1	0	0	0	1	0	0	1	0
chr8.13648500.13649000	neg	0	1	1	1	1	1	1	1	1	1	0
chr8.13666500.13667000	neg	0	1	0	0	0	0	1	0	1	1	0
chr8.13893000.13893500	neg	0	0	1	0	0	0	1	0	0	0	0
chr8.14074500.14075000	neg	0	1	1	0	1	1	1	0	0	1	1
chr8.14454000.14454500	neg	0	1	0	0	0	0	1	0	1	0	0
chr8.15155000.15155500	neg	0	1	0	1	1	1	0	1	1	1	0
chr8.15538000.15538500	neg	0	0	0	1	0	0	1	1	1	0	1
chr8.15752500.15753000	neg	0	1	0	1	1	1	1	1	1	0	1
chr8.16924500.16925000	neg	0	1	0	1	1	1	1	1	1	0	1
chr8.17078000.17078500	neg	0	1	1	1	1	1	1	1	1	0	1
chr8.17698500.17699000	neg	0	1	1	0	0	1	1	1	1	0	1
chr8.17800000.17800500	neg	0	1	0	1	1	1	1	1	1	0	1
chr8.17934500.17935000	neg	1	1	0	1	1	1	0	1	0	1	0
chr8.19166500.19167000	neg	0	1	0	1	1	1	1	1	1	0	1
chr8.19357500.19358000	neg	0	1	0	0	0	0	1	0	0	0	1
chr8.19708000.19708500	neg	1	1	0	1	1	1	0	1	1	0	0
chr8.20047500.20048000	neg	1	1	1	1	1	0	1	1	0	1	0
chr8.20097000.20097500	neg	0	1	0	0	0	0	1	0	1	0	0
chr8.20420500.20421000	neg	1	1	0	1	1	0	0	1	0	1	0
chr8.20462500.20463000	neg	1	1	0	1	1	0	1	1	0	1	0
chr8.20587000.20587500	neg	1	1	0	1	1	0	0	1	0	1	0
chr8.20789500.20790000	neg	0	1	1	0	1	0	1	0	0	1	0
chr8.21016000.21016500	neg	0	1	1	1	1	0	1	1	1	1	0
chrU.2134000.2134500	neg	0	0	0	0	0	0	0	0	0	0	0
chrU.2406500.2407000	neg	0	0	0	0	0	0	0	0	0	0	0
chrU.2755500.2756000	neg	0	0	0	0	0	0	0	0	0	0	0
chrU.3334000.3334500	neg	0	0	0	0	0	0	0	0	0	0	0
chrU.3747500.3748000	neg	0	0	0	0	0	0	0	0	0	0	0
chrU.3843500.3844000	neg	0	0	0	0	0	0	0	0	0	0	0
chrU.3990500.3991000	neg	0	0	0	0	0	0	0	0	0	0	0
chrV.666000.666500	neg	0	0	1	0	0	0	1	0	1	1	0
chrV.1502500.1503000	neg	0	1	0	1	1	0	1	1	1	0	1
chrV.1661500.1662000	neg	0	0	1	0	0	0	1	0	1	0	0
chrV.1667000.1667500	neg	0	1	0	0	1	0	1	1	1	0	1
chrV.1855000.1855500	neg	0	0	0	0	0	0	1	0	1	0	0
chrV.1883000.1883500	neg	0	0	0	0	0	0	1	0	1	0	0
chrV.4701000.4701500	neg	0	0	0	0	0	0	1	0	1	0	0
chrV.5318000.5318500	neg	0	0	0	0	0	0	1	0	1	0	0
chrV.6134500.6135000	neg	0	0	1	1	1	1	1	0	1	0	0
chrV.6209000.6209500	neg	0	0	0	0	0	0	1	0	1	0	0
chrV.7126000.7126500	neg	0	0	0	0	0	0	0	0	0	0	0
chrV.7131500.7132000	neg	0	0	0	0	0	0	0	0	0	0	0
chrV.7210000.7210500	neg	0	0	0	0	0	0	0	0	0	0	0
chrV.7502000.7502500	neg	0	0	0	0	0	0	0	0	0	0	0
unplaced-scaffold_031.20500.21000	neg	0	0	0	0	0	0	0	0	0	0	0
unplaced-scaffold_081.5000.5500	neg	0	0	0	0	0	0	0	0	0	0	0
unplaced-scaffold_190.3000.3500	neg	0	0	0	0	0	0	0	0	0	0	0
unplaced-scaffold_198.7500.8000	neg	0	0	0	0	0	0	0	0	0	0	0
unplaced-scaffold_210.6500.7000	neg	0	0	0	0	0	0	0	0	0	0	0
unplaced-scaffold_233.4500.5000	neg	0	0	0	0	0	0	0	0	0	0	0
unplaced-scaffold_263.3500.4000	neg	0	0	1	0	0	0	0	0	0	1	0
unplaced-scaffold_272.1500.2000	neg	0	0	0	0	0	0	0	0	0	0	0
unplaced-scaffold_297.3000.3500	neg	0	0	0	0	0	0	0	0	0	0	0
unplaced-scaffold_325.9000.9057	neg	0	0	0	0	0	0	0	0	0	0	0
unplaced-scaffold_399.3500.4000	neg	0	0	0	0	0	0	0	0	0	0	0
unplaced-scaffold_405.12500.13000	neg	0	0	0	0	0	0	0	0	0	0	0
unplaced-scaffold_436.0.500	neg	1	1	0	1	1	0	0	1	0	1	0
