peak	Class	H2Aub	H2AZ	H3	H3K4me1	H3K4me3	H3K9ac	H3K9me1	H3K14ac	H3K27me1	H3K27me3	H3K36me3
chr1.175209.175310	pos	0	1	1	1	1	1	1	0	1	1	1
chr1.175686.175887	pos	0	1	1	1	1	1	1	0	1	1	1
chr1.176121.179014	pos	1	1	1	1	1	1	1	1	1	1	1
chr1.196397.198246	pos	1	1	1	1	1	1	1	1	1	1	1
chr1.237492.237992	pos	1	1	0	1	1	1	1	1	1	0	1
chr1.560792.561061	pos	1	1	1	1	1	1	1	0	1	1	0
chr1.591612.591710	pos	0	1	1	1	1	0	1	1	1	0	1
chr1.761919.762012	pos	0	1	1	0	0	0	1	0	0	0	0
chr1.793972.795516	pos	1	1	1	1	1	1	1	1	1	1	1
chr1.1448365.1448534	pos	0	1	0	1	1	1	0	1	0	0	1
chr1.2411735.2412314	pos	0	1	1	1	1	1	1	1	1	1	1
chr1.2413240.2413393	pos	0	1	1	1	1	1	1	1	1	1	1
chr1.3538390.3538480	pos	0	1	1	1	1	1	1	1	1	0	1
chr1.3610287.3610379	pos	0	0	1	0	0	0	1	0	1	0	0
chr1.3759627.3759697	pos	0	0	0	1	0	0	0	0	0	0	1
chr1.3868881.3869418	pos	0	1	1	1	1	1	1	0	1	1	1
chr1.3878677.3879228	pos	0	1	1	1	1	1	1	1	1	1	1
chr1.4129684.4129789	pos	0	1	1	1	1	1	1	0	1	0	1
chr1.4348816.4348920	pos	0	0	0	0	0	0	0	0	0	0	0
chr1.5382584.5382696	pos	0	0	1	0	0	1	1	0	1	0	0
chr1.5557662.5557770	pos	0	0	1	0	0	0	1	0	1	0	0
chr1.5765425.5765736	pos	0	1	1	1	1	1	1	1	1	1	1
chr1.5945367.5945440	pos	0	1	1	1	1	1	1	1	1	1	1
chr1.5990165.5990234	pos	0	1	0	1	0	0	1	1	1	0	1
chr1.6148055.6148260	pos	1	1	1	1	1	1	1	1	1	0	1
chr1.6236227.6236302	pos	0	0	0	0	0	0	1	0	1	0	0
chr1.6505638.6505938	pos	0	1	1	1	0	0	1	1	1	1	1
chr1.6832853.6832943	pos	0	0	0	1	0	0	0	0	0	0	1
chr1.6964446.6964546	pos	0	1	1	1	1	1	1	1	1	0	1
chr1.7466169.7466296	pos	0	1	1	1	1	1	1	1	1	0	1
chr1.7626237.7626574	pos	0	1	1	1	1	1	1	0	1	1	1
chr1.7975788.7975920	pos	0	0	0	0	0	0	1	0	1	0	0
chr1.8317533.8317923	pos	1	1	1	1	1	1	0	1	0	0	1
chr1.8641073.8641220	pos	0	1	1	1	1	1	1	0	1	0	1
chr1.8710731.8711363	pos	1	1	0	0	1	1	0	0	0	0	1
chr1.8830631.8830769	pos	0	1	0	1	1	0	0	1	0	0	1
chr1.8983773.8983949	pos	0	0	0	0	0	0	1	0	1	0	0
chr1.9083409.9084019	pos	1	1	0	1	1	1	0	1	0	1	0
chr1.9142538.9142897	pos	0	0	1	0	0	0	1	0	1	0	0
chr1.9239527.9239612	pos	0	1	0	1	1	1	1	0	1	1	1
chr1.9952433.9952743	pos	0	0	0	0	0	0	0	0	0	0	0
chr1.10338157.10338314	pos	0	0	1	0	0	0	1	0	1	0	0
chr1.10440421.10440647	pos	1	1	0	1	1	0	1	1	1	0	1
chr1.11294506.11294832	pos	0	1	1	1	1	1	1	1	1	1	1
chr1.11399860.11400015	pos	0	1	0	0	0	1	1	1	1	0	1
chr1.11467551.11467869	pos	0	1	1	1	1	1	1	0	1	1	1
chr1.12349827.12349896	pos	0	0	0	0	0	1	1	0	1	0	0
chr1.12590653.12590763	pos	0	0	1	1	1	0	0	1	0	0	1
chr1.12708853.12709624	pos	1	0	0	0	1	1	0	1	0	0	1
chr1.12810398.12810518	pos	0	1	1	1	0	1	1	1	1	0	1
chr1.12938129.12938212	pos	0	1	0	1	1	1	1	0	1	1	1
chr1.13094299.13094389	pos	0	1	0	0	0	1	1	0	0	0	1
chr1.13168339.13168569	pos	0	0	0	0	0	0	1	0	1	0	0
chr1.13276555.13277171	pos	0	1	1	1	1	1	1	0	1	1	1
chr1.13666420.13666635	pos	0	0	1	0	0	0	1	0	1	0	0
chr1.14255371.14255645	pos	0	0	1	0	0	0	1	0	1	1	1
chr1.14658323.14658402	pos	0	0	1	0	0	0	1	0	1	0	0
chr1.15156220.15156853	pos	0	1	1	1	1	1	1	1	1	1	1
chr1.15157005.15157461	pos	0	1	1	1	1	1	1	1	1	1	1
chr1.15163394.15163554	pos	0	1	1	1	1	1	1	1	1	1	1
chr1.15164268.15164880	pos	0	1	1	1	1	1	1	1	1	1	1
chr1.15266297.15266573	pos	0	1	1	1	1	1	1	0	1	1	1
chr1.15779956.15780070	pos	0	0	1	0	0	0	1	0	1	0	0
chr1.16001392.16001508	pos	0	0	1	0	0	0	1	0	1	0	0
chr1.16002038.16002103	pos	0	0	1	0	0	0	1	0	1	0	0
chr1.16002413.16002512	pos	0	0	1	0	0	0	1	0	1	0	0
chr1.16237285.16237352	pos	0	0	1	0	0	0	1	0	1	0	0
chr1.16278648.16278787	pos	0	0	0	0	0	0	1	0	1	0	0
chr1.16419165.16419728	pos	0	1	1	1	1	1	1	1	1	1	1
chr1.16433393.16433779	pos	0	0	1	0	0	0	1	0	1	1	0
chr1.17120700.17120801	pos	0	1	0	1	1	0	1	0	1	0	1
chr1.17238425.17238543	pos	0	0	0	1	0	0	1	0	1	0	0
chr1.17756697.17757066	pos	1	1	0	0	1	1	0	1	0	1	0
chr1.18300139.18300291	pos	1	0	1	0	1	1	0	1	0	0	1
chr1.18936756.18936863	pos	0	0	1	0	0	0	1	0	1	0	0
chr1.19050489.19051234	pos	0	1	1	1	1	1	1	0	1	1	1
chr1.19511790.19511887	pos	0	0	1	0	0	0	1	0	1	0	0
chr1.19529075.19529172	pos	0	1	0	0	0	0	1	1	0	0	0
chr1.19750867.19751008	pos	0	1	1	0	0	0	1	0	0	0	0
chr1.19814856.19816154	pos	0	1	1	1	1	1	1	1	1	1	1
chr1.19816254.19816847	pos	0	1	1	1	1	1	1	1	1	1	1
chr1.19858731.19858935	pos	1	0	0	0	1	0	0	0	0	0	1
chr1.20225486.20225981	pos	1	1	0	1	1	0	0	1	0	1	0
chr1.20533041.20533197	pos	0	0	1	0	0	0	1	0	1	0	0
chr1.20703757.20704053	pos	0	1	1	1	1	1	0	1	1	0	1
chr1.20863164.20863706	pos	0	1	1	1	0	1	1	0	1	1	0
chr1.20864005.20864224	pos	0	1	1	1	0	1	1	0	1	1	0
chr1.20916307.20916657	pos	0	1	1	0	0	1	1	1	1	0	1
chr1.20933014.20933184	pos	1	1	0	1	1	0	0	1	0	0	1
chr1.21927963.21928093	pos	0	1	1	1	1	0	0	0	1	0	1
chr1.22103763.22103846	pos	0	0	0	1	1	1	0	1	0	0	1
chr1.22338863.22338932	pos	0	0	1	0	0	0	1	0	1	0	0
chr1.23024062.23024132	pos	0	1	0	1	0	0	1	0	0	1	0
chr1.23160944.23161083	pos	0	1	1	0	1	1	1	1	1	0	1
chr1.23641918.23642141	pos	0	0	1	1	1	0	0	1	0	0	1
chr1.23809194.23809263	pos	0	0	1	0	0	0	1	0	1	0	0
chr1.24437596.24437910	pos	1	1	0	0	1	1	0	1	0	0	0
chr1.24616012.24616276	pos	0	0	0	0	1	1	0	1	0	0	1
chr1.25085731.25085991	pos	1	1	1	1	1	1	1	1	0	0	1
chr1.25927108.25927256	pos	1	1	0	1	1	1	1	1	1	0	1
chr1.26317835.26317926	pos	1	1	1	1	1	1	1	1	1	1	1
chr1.26337523.26337674	pos	0	1	0	1	1	1	0	1	0	0	1
chr1.26366436.26366935	pos	0	1	1	1	1	1	1	1	1	1	1
chr1.26367127.26367318	pos	0	1	1	1	1	1	1	1	1	1	1
chr1.26390623.26390779	pos	0	1	1	0	0	1	1	0	1	0	0
chr1.26611262.26611327	pos	0	0	0	1	0	0	0	0	0	0	1
chr1.26845617.26845683	pos	0	0	1	1	0	0	0	1	0	0	1
chr1.26917023.26917138	pos	0	0	0	1	1	0	0	1	0	0	1
chr1.27003249.27003354	pos	0	1	0	1	1	0	0	1	0	1	0
chr1.27127993.27128513	pos	1	1	0	0	1	1	0	0	0	1	0
chr1.27464006.27464073	pos	0	1	0	1	1	1	1	1	1	0	1
chr1.27490828.27490893	pos	0	1	0	1	0	0	0	1	0	0	1
chr1.27552120.27552372	pos	1	1	1	1	1	1	1	1	1	0	0
chr1.27641254.27641324	pos	0	0	1	0	0	0	1	0	0	0	0
chr1.28108016.28108583	pos	0	1	0	1	1	1	1	1	1	0	1
chr1.28583455.28583853	pos	0	1	0	0	1	0	1	0	0	0	1
chr1.28850377.28850596	pos	0	1	1	0	0	1	1	0	1	0	0
chr1.29029400.29029564	pos	0	1	1	0	1	1	1	0	1	0	0
chr1.29431267.29431340	pos	0	0	0	0	0	0	1	0	1	1	0
chr1.29450099.29452272	pos	1	1	1	1	1	1	0	1	0	0	0
chr1.29453719.29453855	pos	0	1	0	1	1	0	0	1	0	0	1
chr1.29501483.29501582	pos	0	0	1	0	0	0	1	0	1	0	0
chr1.29866687.29866957	pos	0	1	0	1	1	1	1	1	0	0	1
chr1.30160694.30160839	pos	0	1	1	1	1	1	1	0	1	1	1
chr1.30401372.30401472	pos	1	1	0	0	1	1	0	1	0	0	1
chr1.30457470.30457565	pos	1	1	1	1	1	0	1	1	1	1	1
chr2.414495.414639	pos	0	0	0	1	1	0	0	1	0	0	1
chr2.424129.424209	pos	0	0	1	1	0	0	0	1	0	0	1
chr2.686158.686261	pos	1	1	0	0	1	0	0	1	0	1	0
chr2.1068233.1068444	pos	1	1	1	1	1	0	0	1	1	1	0
chr2.1798968.1799104	pos	1	1	0	1	1	0	1	1	0	1	0
chr2.1886763.1887381	pos	0	1	1	1	1	1	1	0	1	1	0
chr2.2228286.2228379	pos	0	1	0	0	1	1	1	0	0	0	1
chr2.2517805.2518022	pos	0	1	0	0	1	0	1	1	1	0	0
chr2.2555428.2555575	pos	1	1	0	1	1	0	0	1	0	1	0
chr2.2711634.2711721	pos	0	0	0	0	0	0	0	0	0	1	0
chr2.2863078.2863158	pos	1	1	0	1	1	0	1	1	0	1	0
chr2.2904726.2904794	pos	0	0	0	0	0	0	1	0	1	0	0
chr2.3718005.3718222	pos	0	1	1	0	0	0	1	0	1	1	0
chr2.3849731.3849911	pos	1	1	0	1	1	0	0	1	0	1	0
chr2.3983653.3984187	pos	1	1	0	1	1	0	0	1	0	1	0
chr2.4434035.4434341	pos	0	0	1	1	1	1	1	1	1	0	1
chr2.4478492.4478716	pos	0	0	1	0	0	0	1	0	1	0	0
chr2.4662233.4662305	pos	0	0	0	0	0	0	1	0	1	0	0
chr2.4720763.4720852	pos	0	0	1	0	0	0	1	0	0	1	0
chr2.4848061.4848126	pos	0	0	0	1	0	0	0	1	0	0	1
chr2.5679433.5680765	pos	0	1	1	1	1	1	1	0	1	1	1
chr2.6340145.6340213	pos	0	0	0	0	0	0	1	0	0	1	0
chr2.7340320.7340507	pos	0	0	1	0	0	0	1	0	1	1	0
chr2.7514282.7514469	pos	0	0	1	0	0	0	1	0	1	0	0
chr2.7852680.7852791	pos	0	1	0	1	0	1	0	1	0	0	1
chr2.8049891.8050009	pos	0	0	0	0	0	0	1	0	1	0	0
chr2.8334007.8334199	pos	0	0	1	1	0	1	1	1	1	0	0
chr2.8585751.8585815	pos	1	0	1	1	1	0	0	1	0	0	1
chr2.8612162.8612327	pos	1	0	0	0	1	0	0	0	0	0	0
chr2.8862430.8862496	pos	1	1	1	1	1	0	0	1	0	1	0
chr2.8870166.8870231	pos	1	1	0	1	1	0	0	1	0	1	0
chr2.9579405.9579554	pos	0	1	1	1	1	1	1	1	1	1	1
chr2.9579895.9581426	pos	0	1	1	1	1	1	1	1	1	1	1
chr2.9654315.9654514	pos	0	1	1	0	0	0	1	0	0	1	0
chr2.9701469.9701586	pos	1	1	0	1	1	0	0	1	0	0	1
chr2.9811609.9811778	pos	0	0	1	0	0	0	1	0	1	0	1
chr2.9940983.9941121	pos	1	1	1	1	1	1	1	1	1	1	1
chr2.10204307.10204431	pos	1	1	0	0	0	1	1	0	1	1	0
chr2.10668801.10669250	pos	0	1	1	1	1	1	1	1	0	1	0
chr2.10756111.10756239	pos	0	0	1	1	1	1	0	1	0	0	1
chr2.10864434.10864536	pos	0	1	0	1	1	1	1	1	1	0	1
chr2.11064831.11065231	pos	0	1	0	1	0	0	1	1	1	0	1
chr2.11108579.11108698	pos	0	0	0	1	1	0	0	1	0	0	1
chr2.11203344.11203434	pos	1	1	0	1	1	1	0	1	0	0	0
chr2.11241035.11241295	pos	1	1	0	1	1	0	1	0	1	1	0
chr2.11786874.11787059	pos	0	1	0	1	0	0	0	1	0	0	1
chr2.11861595.11862204	pos	0	1	0	1	1	1	1	1	1	0	1
chr2.11963230.11963338	pos	1	1	1	1	1	0	0	1	0	1	0
chr2.12274517.12275430	pos	0	1	1	1	0	1	1	0	1	1	0
chr2.12275547.12275914	pos	0	1	1	1	0	1	1	0	1	1	0
chr2.12514142.12514241	pos	0	0	1	0	0	0	1	0	0	1	0
chr2.12637812.12638072	pos	0	1	0	1	1	1	1	1	1	1	1
chr2.12916884.12917950	pos	0	1	1	1	1	1	1	1	1	1	1
chr2.12920013.12920076	pos	0	1	1	1	0	1	1	0	1	0	0
chr2.12948687.12948971	pos	0	1	1	1	0	1	1	0	1	0	1
chr2.13075223.13075384	pos	0	0	1	0	0	0	1	0	1	0	0
chr2.13075812.13075913	pos	0	0	1	0	0	0	1	0	1	0	0
chr2.13096669.13096788	pos	0	1	1	0	0	1	1	0	0	0	0
chr2.13207932.13207999	pos	0	0	0	0	0	0	1	0	1	0	0
chr2.13219107.13219219	pos	0	1	1	0	1	1	1	1	1	0	1
chr2.13501231.13501627	pos	1	1	0	1	1	1	0	1	0	1	0
chr2.13835146.13835316	pos	1	1	1	1	1	0	0	1	1	0	0
chr2.13921434.13921562	pos	1	1	1	1	1	0	1	1	1	1	0
chr2.13932535.13932635	pos	1	1	1	1	1	1	1	1	0	1	0
chr2.15631809.15631908	pos	1	1	0	1	1	1	0	1	0	1	0
chr2.15647936.15648120	pos	0	0	0	0	0	0	1	0	0	1	0
chr2.15689823.15690136	pos	0	1	1	0	0	1	1	0	1	1	0
chr2.15950014.15950288	pos	0	1	1	1	0	0	1	0	1	0	1
chr2.15952832.15952901	pos	0	0	1	0	0	0	1	0	1	0	0
chr2.16366594.16366716	pos	0	0	0	0	0	0	1	0	1	1	0
chr2.16685478.16685674	pos	0	1	1	0	0	0	1	0	1	0	1
chr2.16918903.16919035	pos	1	1	1	1	1	1	1	1	0	1	1
chr2.17239113.17239735	pos	0	1	1	1	1	1	1	1	1	0	1
chr2.17403574.17403870	pos	0	0	1	1	1	1	1	0	1	0	1
chr2.18068542.18068687	pos	0	0	0	0	0	0	1	0	1	0	0
chr2.18087989.18088218	pos	0	0	1	0	0	1	1	0	1	1	0
chr2.19061758.19061873	pos	0	0	1	0	0	0	1	0	1	0	0
chr2.19141932.19142094	pos	0	0	1	1	0	0	0	1	0	0	1
chr2.19722686.19723958	pos	1	1	1	1	1	1	1	1	1	1	1
chr2.19731247.19731358	pos	0	0	0	0	0	0	1	0	1	0	0
chr2.19809077.19809182	pos	1	1	1	1	1	1	1	1	1	1	1
chr2.20054028.20054158	pos	1	1	0	1	1	0	0	1	0	1	0
chr2.20186760.20186834	pos	0	0	0	0	0	0	1	0	1	1	0
chr2.21160046.21160615	pos	0	1	1	1	1	1	1	0	1	1	0
chr2.21293590.21293847	pos	1	1	0	0	1	0	0	0	0	1	0
chr2.21374452.21374519	pos	0	0	0	1	1	0	0	1	0	0	1
chr2.21476172.21476270	pos	0	0	1	0	0	0	1	0	1	0	0
chr2.22079772.22080102	pos	1	1	1	1	1	1	1	1	1	1	0
chr2.22601920.22602453	pos	0	0	1	0	0	0	1	0	0	1	0
chr2.23711696.23711831	pos	0	1	1	1	1	0	0	1	1	0	1
chr2.23742119.23742415	pos	1	1	0	1	1	1	1	1	0	0	1
chr2.24060499.24060758	pos	1	1	0	1	1	1	1	1	0	0	1
chr2.24318922.24319015	pos	0	1	1	1	1	1	1	1	1	1	1
chr2.24319160.24319542	pos	0	1	1	1	1	1	1	1	1	1	1
chr2.24441993.24442066	pos	0	0	1	1	0	1	0	0	0	0	1
chr2.25223613.25223702	pos	0	0	0	0	0	0	1	0	1	0	0
chr2.25784554.25784675	pos	0	0	1	1	0	1	1	0	1	0	0
chr2.26699577.26699642	pos	0	1	0	1	0	0	1	0	0	1	0
chr2.26887320.26887422	pos	1	1	0	1	1	0	0	1	0	1	0
chr2.27103504.27103615	pos	1	1	0	1	1	0	1	1	0	1	0
chr2.27138993.27139088	pos	0	1	0	1	0	0	0	1	0	1	0
chr2.27437868.27437966	pos	0	1	0	1	1	0	0	1	0	1	0
chr2.27473464.27473622	pos	0	0	1	1	1	0	1	1	1	0	1
chr2.27646462.27646724	pos	0	0	1	0	0	1	1	0	1	0	0
chr2.27965565.27965715	pos	1	1	0	0	1	1	1	1	1	0	1
chr2.27996196.27996496	pos	0	1	1	1	1	1	1	1	1	1	1
chr2.29192680.29192916	pos	0	1	1	1	1	1	1	1	1	1	1
chr2.29513282.29513356	pos	0	0	0	0	0	0	1	0	1	0	0
chr2.29616233.29616940	pos	0	1	1	1	0	1	1	0	1	1	0
chr3.11379.11857	pos	0	1	0	0	1	1	0	1	0	0	1
chr3.193586.193677	pos	0	0	0	0	0	0	1	0	1	0	0
chr3.419138.419284	pos	0	1	1	0	0	0	1	0	1	0	0
chr3.500272.500785	pos	1	0	0	0	1	1	0	0	0	1	0
chr3.871375.871524	pos	0	1	0	0	0	0	1	0	0	0	0
chr3.1289731.1290132	pos	0	1	0	1	1	1	1	1	1	0	1
chr3.1422932.1423212	pos	0	0	1	1	1	0	0	1	0	0	1
chr3.1487214.1487451	pos	0	1	1	1	0	1	1	0	1	1	0
chr3.1806985.1807091	pos	0	0	1	0	0	0	1	0	1	0	0
chr3.2002273.2002503	pos	0	0	1	0	0	0	1	0	0	1	0
chr3.2310147.2310296	pos	0	0	1	1	0	0	0	0	0	0	1
chr3.2398389.2398465	pos	0	1	0	1	1	1	1	1	1	0	1
chr3.2549222.2549302	pos	1	1	1	1	1	0	0	1	0	0	0
chr3.2659368.2659527	pos	1	1	0	1	1	0	1	1	1	1	1
chr3.2776064.2776457	pos	0	1	1	0	0	0	1	0	1	0	0
chr3.4388153.4388317	pos	1	1	0	1	1	0	0	0	0	1	0
chr3.4501485.4501559	pos	0	1	1	0	0	0	1	0	1	0	0
chr3.5378042.5378309	pos	0	1	1	0	0	0	1	0	1	1	0
chr3.6538422.6538544	pos	1	1	1	0	0	0	1	0	0	0	0
chr3.6741912.6742431	pos	1	1	1	0	1	1	1	1	0	1	1
chr3.6863644.6863782	pos	0	0	0	0	0	0	1	0	1	0	0
chr3.7516537.7517226	pos	1	1	0	0	1	1	0	1	0	0	1
chr3.7521657.7521830	pos	0	1	1	1	1	1	1	1	1	0	1
chr3.7668652.7668724	pos	1	1	1	0	0	0	1	0	0	1	0
chr3.7825862.7826010	pos	1	1	0	1	1	0	0	1	0	0	1
chr3.7919418.7919484	pos	0	1	0	1	1	1	1	1	1	1	1
chr3.7920067.7920163	pos	0	1	0	1	1	1	1	1	1	1	1
chr3.7984573.7984683	pos	1	1	0	1	1	1	1	1	1	0	1
chr3.8074090.8074294	pos	0	1	0	1	1	1	1	0	1	1	0
chr3.8393592.8393698	pos	0	0	1	1	1	1	0	0	0	0	1
chr3.8617423.8617528	pos	0	0	1	0	0	0	1	0	1	0	0
chr3.9462064.9462210	pos	0	1	1	1	1	1	1	0	1	1	1
chr3.9464539.9464754	pos	1	1	0	1	1	0	0	1	0	1	0
chr3.9765986.9766086	pos	1	1	1	1	1	1	1	1	1	0	1
chr3.9832726.9832851	pos	0	1	1	0	0	0	1	0	1	1	0
chr3.10120965.10121054	pos	1	1	0	1	1	0	0	1	0	1	0
chr3.10792063.10792363	pos	0	0	1	1	0	1	1	1	1	1	0
chr3.10910422.10910643	pos	0	0	1	0	0	0	1	0	1	0	0
chr3.10914311.10914396	pos	0	0	0	1	0	0	1	0	1	1	0
chr3.11546349.11546619	pos	0	0	1	0	0	0	1	0	1	1	0
chr3.11832510.11832854	pos	0	1	1	1	1	0	1	1	1	1	1
chr3.12124983.12125085	pos	0	0	1	0	0	0	1	0	1	1	0
chr3.12150914.12151062	pos	0	0	1	0	0	0	1	0	0	1	0
chr3.12509750.12509916	pos	1	1	1	1	1	0	1	0	0	1	0
chr3.13137968.13138085	pos	0	1	1	1	0	0	1	0	0	1	0
chr3.13325291.13326665	pos	1	1	1	1	1	1	1	0	1	1	1
chr3.13327508.13327581	pos	0	1	1	1	1	1	0	0	0	1	1
chr3.13549793.13550084	pos	1	1	1	1	1	1	1	0	0	1	0
chr3.13557781.13557934	pos	1	1	1	1	1	0	1	1	0	1	0
chr3.13558403.13558545	pos	1	1	1	1	1	0	1	1	0	1	0
chr3.13846851.13846953	pos	1	1	0	1	1	0	0	1	0	1	0
chr3.14102930.14103370	pos	0	1	1	1	1	1	1	1	1	1	1
chr3.14283304.14283374	pos	0	1	0	1	0	0	0	0	1	0	0
chr3.14798833.14798901	pos	0	0	1	1	0	0	0	0	0	0	1
chr3.15046542.15046684	pos	1	1	0	1	1	1	1	1	1	0	1
chr3.15054751.15055335	pos	0	0	1	1	1	1	1	1	1	1	1
chr3.15338040.15338121	pos	0	1	1	1	0	1	1	0	1	0	1
chr3.15359274.15359380	pos	0	1	0	1	1	1	0	1	0	0	1
chr3.15868336.15868399	pos	0	0	0	0	0	0	1	0	1	0	0
chr3.15924187.15924397	pos	0	1	1	1	1	1	1	1	1	1	0
chr3.16015044.16015113	pos	0	0	1	0	0	0	1	0	1	0	0
chr3.16122473.16122667	pos	1	0	1	1	1	0	0	1	0	0	1
chr3.16729517.16729769	pos	1	1	0	1	1	1	1	1	1	1	0
chr3.16908727.16908820	pos	0	0	1	0	0	0	1	0	1	0	0
chr3.17405619.17405775	pos	0	0	1	0	0	0	1	0	1	0	0
chr3.17416302.17416378	pos	0	0	1	0	0	0	1	0	1	0	0
chr3.17676422.17676514	pos	1	1	0	1	1	0	1	1	0	1	0
chr3.17987998.17988139	pos	1	1	1	1	1	0	1	1	1	0	0
chr3.17996053.17996182	pos	0	0	0	0	0	0	1	0	1	0	0
chr3.18010170.18010298	pos	1	1	0	1	1	1	0	1	0	0	1
chr3.18316572.18316685	pos	0	1	0	1	0	0	1	1	1	0	0
chr3.18721964.18722055	pos	0	1	0	1	1	0	0	1	0	1	0
chr3.18732210.18732346	pos	1	1	0	1	1	0	0	1	0	1	0
chr3.18732526.18732614	pos	1	1	0	1	1	0	0	1	0	1	0
chr3.19087616.19087804	pos	0	1	1	1	1	1	1	1	1	1	1
chr3.19390507.19390613	pos	0	0	0	0	0	0	1	0	1	0	0
chr3.19466305.19466385	pos	0	0	0	0	0	0	0	0	0	0	0
chr3.19893324.19893400	pos	0	0	1	0	0	0	1	0	0	1	0
chr3.19962730.19963006	pos	1	1	0	1	1	0	0	1	0	1	0
chr3.21212312.21212466	pos	0	1	1	1	0	0	1	0	1	1	1
chr3.22696049.22696216	pos	0	1	1	0	0	1	1	1	0	0	1
chr3.22769066.22769158	pos	1	0	0	0	1	1	0	1	0	0	1
chr3.22897006.22897174	pos	0	0	1	1	1	0	0	1	0	0	1
chr3.22994251.22994320	pos	1	1	1	1	1	0	1	1	1	1	0
chr3.23572094.23572179	pos	0	0	0	0	0	0	1	0	1	0	0
chr3.23754767.23754855	pos	0	1	1	1	0	0	1	1	1	0	0
chr3.24278302.24278636	pos	0	1	1	1	0	0	1	0	1	0	1
chr3.25463483.25464109	pos	1	1	1	1	1	1	1	1	1	1	1
chr3.25464511.25464820	pos	1	1	1	1	1	1	1	1	1	1	1
chr3.25559721.25560304	pos	0	1	1	1	1	1	1	1	1	1	1
chr3.25838707.25838951	pos	0	1	1	1	1	0	1	1	1	1	0
chr3.26134315.26134695	pos	0	0	1	0	0	0	1	0	1	0	0
chr3.26177324.26177397	pos	0	0	1	0	0	1	1	0	0	0	0
chr3.26266544.26266626	pos	0	1	1	1	1	1	1	1	1	1	0
chr3.26449091.26449379	pos	0	1	0	0	0	0	1	0	1	1	0
chr3.26477387.26477515	pos	0	0	1	0	0	0	1	0	1	0	0
chr3.26597390.26597635	pos	0	0	1	0	0	0	1	0	1	0	0
chr3.27076209.27076277	pos	0	0	0	0	0	0	1	0	1	0	0
chr4.51925.52023	pos	0	1	0	1	1	1	1	1	1	0	1
chr4.199357.199461	pos	0	1	1	1	1	1	1	1	1	0	0
chr4.297220.297353	pos	1	1	1	0	1	1	1	0	0	1	0
chr4.591591.591784	pos	1	1	0	1	1	1	0	0	0	1	0
chr4.784321.784649	pos	0	0	1	0	0	1	1	0	1	1	0
chr4.1276424.1276634	pos	0	0	1	0	0	0	1	0	1	1	0
chr4.1923130.1923736	pos	0	1	0	1	1	1	0	1	0	0	1
chr4.2063045.2063338	pos	1	1	0	1	1	1	1	0	1	0	1
chr4.2270861.2270985	pos	0	1	1	1	0	1	1	1	0	0	1
chr4.2345731.2345816	pos	0	0	1	0	0	0	0	0	0	1	0
chr4.2521743.2521928	pos	0	1	1	1	1	1	1	1	1	0	1
chr4.3146431.3146785	pos	1	1	0	0	1	1	0	1	0	0	1
chr4.3150509.3150660	pos	0	1	0	1	1	1	1	0	1	0	1
chr4.3622273.3622616	pos	0	1	1	1	1	0	1	1	1	1	1
chr4.3645714.3645903	pos	0	1	0	0	1	0	1	0	1	1	0
chr4.4533784.4534319	pos	0	1	1	1	1	1	1	1	1	1	1
chr4.4552697.4554677	pos	1	1	1	1	1	1	1	1	1	1	1
chr4.5262825.5262947	pos	0	1	0	0	0	0	1	0	0	1	0
chr4.5326421.5326719	pos	0	1	0	1	1	0	1	1	0	1	0
chr4.5400909.5400995	pos	1	1	1	1	1	0	1	1	0	1	0
chr4.5764531.5764606	pos	1	1	0	1	1	0	0	1	0	1	0
chr4.5952664.5952981	pos	0	0	1	1	1	1	1	0	1	1	0
chr4.5965391.5965455	pos	0	1	0	1	1	1	1	1	1	0	1
chr4.6245905.6246428	pos	0	1	1	1	1	1	1	1	1	1	1
chr4.6560792.6561082	pos	1	1	0	1	1	0	0	1	0	0	1
chr4.7250891.7251124	pos	0	0	1	0	0	0	1	0	1	0	0
chr4.7935389.7935492	pos	0	1	1	1	1	1	1	1	0	0	1
chr4.8681229.8681369	pos	0	1	0	0	0	0	1	0	0	1	0
chr4.9063459.9063876	pos	0	0	1	0	0	1	1	0	1	0	0
chr4.9064599.9064844	pos	0	1	1	1	1	1	0	1	1	0	1
chr4.9137276.9137349	pos	0	1	0	1	0	1	1	0	1	1	1
chr4.9151378.9151517	pos	0	0	0	0	0	0	1	0	1	1	0
chr4.9473461.9473900	pos	0	0	1	0	0	1	1	0	0	1	0
chr4.9611795.9611869	pos	1	1	0	1	1	0	1	1	1	1	0
chr4.9621422.9622820	pos	0	1	1	1	1	1	1	1	1	1	1
chr4.9673566.9673658	pos	0	0	0	1	1	1	0	0	0	0	1
chr4.10248032.10248126	pos	0	1	0	1	1	1	1	1	0	0	0
chr4.10539792.10539861	pos	1	1	0	0	1	1	0	1	0	1	0
chr4.11043747.11043873	pos	0	1	0	0	1	0	1	0	0	1	0
chr4.11274357.11274591	pos	0	1	1	1	1	1	0	1	0	1	1
chr4.12330411.12330513	pos	0	0	1	0	0	0	1	0	1	0	0
chr4.12718422.12718699	pos	0	1	0	1	1	1	1	1	1	0	1
chr4.12803311.12803414	pos	0	1	1	1	0	0	1	0	1	0	0
chr4.12869049.12869311	pos	0	1	1	1	1	1	1	0	1	0	0
chr4.12878516.12878629	pos	0	1	0	1	0	0	1	0	1	0	1
chr4.12918837.12918957	pos	0	1	1	1	1	0	1	1	1	0	1
chr4.13080356.13080477	pos	0	1	0	0	0	1	0	0	0	0	0
chr4.14178781.14178967	pos	0	0	1	0	0	0	1	0	1	0	0
chr4.14325903.14325977	pos	1	1	0	1	1	0	0	1	0	1	0
chr4.15000771.15000902	pos	1	0	0	0	1	1	0	0	0	0	1
chr4.15348544.15348607	pos	0	0	0	0	0	0	1	0	0	1	0
chr4.16050301.16050597	pos	0	1	1	1	1	1	1	1	1	1	1
chr4.16512000.16512207	pos	0	0	0	0	0	0	1	0	1	0	0
chr4.16578752.16578822	pos	0	0	0	0	0	0	1	0	0	0	0
chr4.16617224.16617896	pos	1	1	1	1	1	1	1	0	1	1	1
chr4.16621482.16621601	pos	1	1	0	1	1	0	0	0	0	1	0
chr4.16624312.16624560	pos	1	1	0	0	1	0	0	0	0	1	0
chr4.17475015.17475148	pos	0	0	1	1	1	1	1	1	1	0	1
chr4.17475351.17475536	pos	0	0	1	1	1	1	1	1	1	0	1
chr4.18366458.18367247	pos	0	0	0	0	1	1	0	0	0	0	1
chr4.18633319.18633398	pos	0	0	1	0	0	0	1	0	1	1	0
chr4.18643662.18644024	pos	1	1	0	1	1	1	0	1	0	0	1
chr4.18875749.18875846	pos	1	1	1	1	1	0	0	1	0	1	0
chr4.18965072.18965164	pos	1	1	1	1	1	0	0	1	0	1	0
chr4.19233318.19233406	pos	1	1	0	1	1	1	0	1	1	0	0
chr4.19744179.19744505	pos	0	1	1	1	0	0	1	0	1	0	0
chr4.19875393.19875470	pos	0	1	0	0	0	0	1	0	1	1	0
chr4.19885891.19885983	pos	0	0	0	0	0	0	1	0	1	0	0
chr4.20509722.20509901	pos	0	1	1	1	1	1	1	1	1	0	1
chr4.20609828.20610069	pos	0	1	0	0	1	1	1	1	1	0	1
chr4.20812267.20813154	pos	1	1	1	1	1	1	1	1	1	1	1
chr4.21098632.21098997	pos	1	1	1	1	1	0	1	1	1	1	0
chr4.21442937.21443004	pos	0	0	0	0	0	0	1	0	1	0	0
chr4.21462629.21462818	pos	0	1	1	1	0	0	1	1	1	0	0
chr4.21542836.21542901	pos	0	0	0	0	0	0	1	0	1	1	0
chr4.21659806.21660025	pos	0	0	1	1	1	1	0	1	0	0	1
chr4.21863810.21863905	pos	1	1	0	1	1	0	1	1	0	1	0
chr4.21875508.21875686	pos	1	1	0	1	1	1	1	1	1	1	0
chr4.22162089.22162585	pos	0	1	1	1	1	1	1	1	1	0	1
chr4.22433158.22433337	pos	0	1	1	1	1	0	0	1	0	0	1
chr4.22888432.22888495	pos	0	0	1	0	0	0	1	0	1	0	0
chr4.22941190.22941831	pos	0	1	1	1	1	1	1	1	1	1	1
chr4.22947870.22947940	pos	0	0	0	0	0	0	1	0	1	0	0
chr4.22998501.22998741	pos	0	0	1	0	0	0	1	0	1	0	0
chr4.22999226.22999299	pos	0	0	1	0	0	0	1	0	1	0	0
chr4.23032195.23032276	pos	0	1	1	1	1	0	1	0	1	0	0
chr4.23300363.23300608	pos	0	1	0	0	1	1	0	1	0	1	1
chr4.23544321.23544508	pos	0	1	1	1	1	1	0	1	0	0	0
chr4.23876670.23877225	pos	1	1	1	1	1	1	0	1	0	0	1
chr4.24335404.24335622	pos	0	1	1	1	0	1	1	0	1	1	1
chr4.24504177.24504277	pos	0	1	1	1	0	1	1	0	0	0	0
chr4.24890218.24890659	pos	1	1	0	1	1	0	1	0	1	1	0
chr4.25056417.25056570	pos	1	1	0	1	1	0	1	0	1	1	0
chr4.25087287.25087375	pos	0	0	0	0	0	0	1	0	1	0	0
chr4.25098476.25098558	pos	0	0	0	1	0	0	0	0	0	0	1
chr4.25114507.25114599	pos	1	1	1	1	1	1	1	1	1	0	0
chr4.25232594.25232694	pos	0	1	1	0	0	1	0	0	0	0	0
chr4.25315477.25315566	pos	0	1	1	1	1	0	1	1	0	1	1
chr4.25364819.25364973	pos	1	1	0	1	1	1	0	1	0	0	1
chr4.26180802.26180882	pos	0	0	1	0	0	0	1	0	1	0	0
chr4.26211307.26211820	pos	0	0	1	0	0	1	1	0	1	0	0
chr4.26398310.26398656	pos	1	1	0	0	1	1	0	1	0	0	1
chr4.26513021.26513093	pos	0	0	0	1	0	0	0	1	0	0	1
chr4.26591638.26591803	pos	0	0	0	0	0	0	0	0	1	0	0
chr4.26693454.26693527	pos	0	0	1	0	0	0	1	0	1	0	0
chr5.62773.63101	pos	0	1	0	0	1	1	1	1	1	0	1
chr5.124761.124924	pos	0	1	1	1	0	0	1	1	1	0	1
chr5.159646.159989	pos	0	1	0	1	1	1	0	1	0	0	1
chr5.186906.187058	pos	1	1	0	1	1	1	1	1	1	0	0
chr5.399483.399738	pos	0	0	0	0	0	0	1	0	0	1	0
chr5.2402256.2402326	pos	1	1	0	1	1	1	1	1	0	0	1
chr5.3079046.3079139	pos	1	1	1	1	1	1	1	1	1	1	0
chr5.3192467.3192844	pos	0	1	1	1	0	0	1	1	0	1	0
chr5.3227799.3228091	pos	1	1	0	1	1	0	0	1	0	1	0
chr5.3468726.3468829	pos	0	0	0	1	0	0	0	1	0	0	1
chr5.3866329.3866433	pos	1	1	0	1	1	1	0	1	0	1	0
chr5.4049167.4049596	pos	1	1	1	1	1	1	0	1	0	0	0
chr5.4710553.4710733	pos	0	1	0	0	0	1	1	1	0	1	0
chr5.4729917.4729997	pos	0	0	0	1	0	0	1	0	0	0	1
chr5.4744281.4744396	pos	0	1	1	1	1	1	1	1	0	1	1
chr5.4760940.4761160	pos	0	0	1	0	0	0	1	0	1	1	0
chr5.4804213.4804320	pos	1	1	0	1	1	0	1	0	0	1	0
chr5.4927010.4927312	pos	1	1	0	0	1	1	0	1	0	0	0
chr5.4939614.4939800	pos	1	1	1	1	1	1	1	1	1	0	0
chr5.5846565.5846740	pos	0	1	0	1	1	1	1	1	1	0	1
chr5.5875312.5875758	pos	0	1	0	1	1	1	0	1	0	0	1
chr5.6342887.6343019	pos	0	1	1	1	1	1	1	0	1	1	1
chr5.6618147.6618313	pos	0	1	1	1	1	0	1	0	1	1	1
chr5.6638434.6638860	pos	0	1	1	1	0	1	1	0	1	1	0
chr5.7472590.7472659	pos	1	1	1	1	1	1	0	1	1	0	1
chr5.7640858.7640962	pos	0	0	0	0	0	0	1	0	0	1	0
chr5.8534823.8534939	pos	0	1	0	1	0	0	0	1	0	1	0
chr5.8929277.8929340	pos	0	1	0	1	1	0	1	1	1	0	1
chr5.9238112.9238193	pos	0	1	1	1	0	0	1	0	1	1	0
chr5.9714714.9715533	pos	1	1	0	1	1	1	0	1	0	0	0
chr5.9904269.9904345	pos	0	0	0	0	0	0	1	0	1	0	0
chr5.10131915.10132417	pos	1	1	1	1	1	1	1	1	1	1	1
chr5.10286601.10286703	pos	0	1	0	1	1	0	1	0	1	0	0
chr5.10386306.10387038	pos	0	1	0	1	1	0	0	1	0	0	1
chr5.10643499.10643634	pos	0	0	1	0	0	0	1	0	1	0	0
chr5.10648864.10648995	pos	0	0	0	0	0	0	1	0	1	0	0
chr5.10649172.10649334	pos	0	0	0	0	0	0	1	0	1	0	0
chr5.10983134.10983351	pos	0	1	0	1	1	1	1	1	1	1	1
chr5.11402914.11403052	pos	0	1	1	1	1	0	0	1	0	1	0
chr5.11423271.11424398	pos	0	1	1	1	1	1	1	0	1	1	1
chr5.11424584.11424720	pos	0	1	1	1	1	1	1	0	1	1	1
chr5.11567912.11569660	pos	1	1	1	1	1	1	1	1	1	1	1
chr5.11570145.11571610	pos	1	1	1	1	1	1	1	1	1	1	1
chr5.11571800.11572098	pos	1	1	1	1	1	1	1	1	1	1	1
chr5.11572803.11572920	pos	0	1	1	1	1	1	1	1	1	1	1
chr5.11682573.11682682	pos	0	0	0	1	1	1	0	0	0	0	1
chr5.11950034.11950138	pos	1	1	1	1	1	0	1	1	1	1	0
chr5.12133842.12134087	pos	1	1	0	0	1	1	0	1	0	0	1
chr5.13196368.13196567	pos	0	1	1	1	1	0	1	1	1	1	1
chr5.13216830.13217102	pos	1	1	1	1	1	1	1	1	0	1	0
chr5.13302061.13302252	pos	0	0	1	0	0	0	1	0	0	1	0
chr5.13412363.13413176	pos	1	1	1	1	1	0	1	1	0	1	0
chr5.13416033.13416190	pos	1	1	1	1	1	1	0	1	0	1	0
chr5.13742627.13742863	pos	0	1	1	1	1	1	1	1	1	1	1
chr5.13902592.13902696	pos	0	0	1	0	0	0	1	0	1	0	0
chr5.14206125.14206214	pos	0	1	1	1	0	0	1	0	0	1	0
chr5.14354176.14354247	pos	0	0	1	0	0	0	1	0	1	1	0
chr5.14404598.14404716	pos	0	0	0	1	0	0	0	0	0	0	1
chr5.14989827.14990008	pos	1	1	1	1	1	0	0	1	0	1	0
chr5.15097693.15097793	pos	0	0	1	0	0	0	1	0	0	1	0
chr5.15486764.15486926	pos	1	1	0	1	1	1	0	1	0	1	0
chr5.15569041.15569107	pos	0	0	0	1	0	0	0	1	0	0	1
chr5.16222653.16222750	pos	0	0	0	1	0	0	0	0	1	1	0
chr5.16926467.16926546	pos	0	1	0	1	1	0	1	1	0	1	1
chr5.17025773.17025866	pos	0	1	1	0	1	0	1	0	0	0	0
chr5.17132841.17133321	pos	0	1	1	1	1	1	1	1	1	1	1
chr5.17652385.17652602	pos	0	1	1	1	1	1	1	1	1	0	0
chr5.17730901.17730975	pos	0	1	1	0	0	1	1	1	1	1	0
chr5.18245179.18245242	pos	0	0	0	0	0	0	1	0	0	1	0
chr5.18320950.18321023	pos	0	0	1	0	0	0	0	0	0	1	0
chr5.18615562.18615717	pos	0	1	0	1	0	0	1	1	0	1	0
chr5.19011671.19011744	pos	0	1	0	1	1	0	1	0	1	0	1
chr5.19195340.19195461	pos	0	0	1	0	0	0	1	0	1	0	0
chr5.19281649.19281816	pos	0	1	1	1	1	1	1	1	1	0	0
chr5.19903659.19903758	pos	0	0	0	0	0	0	1	0	1	0	0
chr5.20091110.20091258	pos	0	0	0	0	0	0	1	0	1	0	0
chr5.20444893.20445463	pos	1	1	1	0	1	1	0	1	0	0	1
chr5.20504710.20504910	pos	1	1	1	1	1	0	1	1	0	1	0
chr5.20780262.20780402	pos	1	1	0	1	1	1	1	1	1	0	0
chr5.21033022.21033536	pos	1	1	1	1	1	1	1	1	0	1	0
chr5.21199241.21199408	pos	0	1	1	1	1	1	1	1	1	1	1
chr5.21421312.21421469	pos	0	1	1	0	1	0	1	1	0	1	0
chr5.21771993.21772056	pos	1	1	0	1	1	1	0	1	0	1	1
chr5.21816968.21817237	pos	1	1	0	1	1	1	0	1	0	0	1
chr5.22488846.22488956	pos	0	0	1	1	1	1	1	0	1	1	1
chr5.22597486.22597591	pos	0	0	1	1	0	0	0	0	0	0	1
chr5.22791652.22791723	pos	1	1	0	1	1	0	1	0	1	1	0
chr5.22931395.22931538	pos	0	0	0	0	0	0	1	0	0	1	0
chr5.23018760.23018933	pos	0	1	1	1	1	1	1	1	0	1	1
chr5.23019771.23019960	pos	0	1	1	1	1	1	1	1	1	1	1
chr5.23350814.23350947	pos	0	1	1	1	1	0	1	1	0	1	0
chr5.23631228.23631353	pos	1	1	1	1	1	0	1	1	1	1	0
chr5.24245884.24246162	pos	1	1	1	1	1	1	0	1	0	0	1
chr5.24256671.24256865	pos	0	1	0	1	1	0	1	0	0	0	1
chr5.24413677.24413741	pos	0	0	1	1	1	0	0	1	0	0	1
chr5.24422515.24422685	pos	1	1	0	1	1	1	0	1	0	0	1
chr5.24476048.24476243	pos	1	1	1	0	0	1	1	0	0	1	0
chr5.24555924.24556736	pos	0	1	1	1	0	1	0	1	0	1	1
chr5.24626424.24626544	pos	0	0	1	0	0	0	1	0	1	0	0
chr5.25071575.25071730	pos	0	1	0	1	1	1	1	1	1	0	1
chr5.25241690.25241894	pos	0	0	1	0	0	0	1	0	0	1	0
chr5.25242598.25243291	pos	0	1	1	0	0	1	1	0	0	1	0
chr5.25555378.25555635	pos	1	1	0	1	1	0	1	1	1	1	0
chr5.25584865.25584971	pos	0	1	0	1	1	1	1	1	1	0	0
chr5.26009304.26009399	pos	0	1	0	1	1	0	0	1	0	0	1
chr5.26172489.26172795	pos	0	1	1	1	0	0	1	0	1	1	1
chr5.26247528.26247604	pos	0	0	0	0	0	0	1	0	1	0	0
chr5.26559137.26559248	pos	1	1	0	1	1	1	0	1	0	0	0
chr5.26647694.26647871	pos	0	0	1	1	1	0	1	1	1	0	1
chr5.26677367.26677506	pos	1	1	1	1	1	1	1	1	1	0	1
chr6.525835.525936	pos	0	1	1	1	0	0	1	0	1	1	1
chr6.577543.577928	pos	0	0	1	0	0	0	1	0	1	0	0
chr6.887750.888125	pos	0	1	0	1	1	1	1	1	1	0	1
chr6.931737.931842	pos	0	0	0	0	0	0	1	0	1	1	0
chr6.1097776.1097942	pos	1	1	0	1	1	0	1	1	1	1	0
chr6.1285272.1285361	pos	0	1	1	0	0	1	1	1	0	0	0
chr6.1417487.1417933	pos	0	0	0	0	0	0	1	0	1	0	0
chr6.1790646.1790957	pos	0	1	1	1	1	1	1	0	1	1	0
chr6.1945759.1945850	pos	0	1	1	1	1	1	1	1	1	1	1
chr6.2195655.2195731	pos	1	1	1	1	1	0	0	1	0	0	1
chr6.2547343.2547470	pos	0	1	0	0	1	1	1	0	0	1	0
chr6.2703946.2704048	pos	0	1	0	1	0	0	1	0	1	0	0
chr6.3328640.3328811	pos	1	1	1	1	1	1	1	1	1	0	0
chr6.3336821.3337371	pos	1	1	0	0	1	1	0	1	0	0	1
chr6.3398057.3398223	pos	1	1	0	1	1	0	0	0	0	1	0
chr6.3843002.3843177	pos	0	0	0	1	0	0	0	0	0	0	1
chr6.4185622.4185901	pos	0	1	0	1	1	1	1	1	1	1	0
chr6.4905259.4905377	pos	0	1	1	1	1	1	1	0	0	0	0
chr6.4961662.4961847	pos	0	0	0	0	0	0	1	0	1	1	0
chr6.5086430.5086548	pos	1	1	0	0	1	1	0	1	0	0	0
chr6.5555732.5555807	pos	0	0	0	1	0	0	0	0	0	0	1
chr6.5569885.5570174	pos	0	1	0	1	1	1	1	1	1	0	1
chr6.5591461.5591602	pos	0	0	1	0	0	0	1	0	1	1	0
chr6.5626131.5626355	pos	1	1	0	1	1	0	0	1	0	1	0
chr6.5681606.5681697	pos	0	1	0	1	0	0	1	1	0	1	0
chr6.5902242.5902323	pos	0	1	0	1	1	0	1	1	0	0	1
chr6.6018485.6018902	pos	0	1	1	1	1	1	1	1	1	1	1
chr6.6020241.6022787	pos	0	1	1	1	1	1	1	1	1	1	1
chr6.6026470.6027123	pos	0	1	1	0	0	1	1	0	1	1	0
chr6.6163075.6163738	pos	0	1	0	1	1	1	1	1	0	0	1
chr6.6354007.6354316	pos	0	0	0	0	0	0	1	0	0	0	0
chr6.6484996.6485174	pos	0	0	0	0	0	0	1	0	1	0	0
chr6.6583360.6583455	pos	0	0	1	0	0	0	1	0	1	0	0
chr6.6804364.6804484	pos	0	0	0	0	0	0	0	0	0	1	0
chr6.7059768.7059893	pos	0	0	0	0	0	0	1	0	0	1	0
chr6.7152261.7152359	pos	0	1	0	1	1	1	1	1	1	1	1
chr6.7264985.7265076	pos	1	1	0	1	1	1	0	0	0	1	0
chr6.7440267.7440562	pos	0	1	0	1	1	1	1	1	0	0	1
chr6.7894131.7894234	pos	0	0	1	0	0	1	1	0	0	0	0
chr6.8007690.8007943	pos	1	1	0	1	1	1	1	1	1	0	1
chr6.8112801.8112869	pos	0	1	0	0	0	0	1	1	0	1	0
chr6.8253434.8253697	pos	0	0	1	0	0	0	1	0	0	1	0
chr6.8654495.8654621	pos	1	1	0	1	1	0	0	1	1	0	1
chr6.8763692.8763943	pos	0	0	1	0	0	0	1	0	1	1	0
chr6.9088632.9089553	pos	1	1	1	1	1	1	1	1	1	1	1
chr6.9865548.9865814	pos	0	1	1	1	0	0	0	1	1	0	1
chr6.9969637.9969829	pos	0	0	1	0	0	0	1	0	1	0	0
chr6.10062713.10062857	pos	0	1	0	1	1	1	1	1	1	0	1
chr6.10689033.10689161	pos	0	0	1	0	0	0	1	0	1	0	0
chr6.10824272.10824453	pos	0	1	1	1	0	1	0	1	0	0	1
chr6.10826094.10826161	pos	0	0	1	1	0	0	0	1	0	0	1
chr6.11037140.11037228	pos	1	1	0	1	1	1	0	1	0	0	0
chr6.11327047.11327186	pos	1	1	0	1	1	1	1	1	1	0	0
chr6.11460950.11461127	pos	0	0	1	0	0	0	1	0	1	0	0
chr6.11779445.11780489	pos	0	1	1	1	1	1	0	1	0	1	1
chr6.12411545.12411714	pos	1	1	1	1	1	0	0	1	0	1	0
chr6.12580492.12580719	pos	0	1	1	1	0	0	1	0	1	0	0
chr6.12895525.12895622	pos	1	1	0	1	1	0	1	1	0	1	0
chr6.13480497.13480665	pos	1	0	0	0	0	0	0	0	0	0	0
chr6.13570746.13570916	pos	0	0	0	0	0	0	1	0	1	1	0
chr6.13628389.13628613	pos	0	1	0	0	0	0	1	0	1	1	0
chr6.13760151.13760589	pos	1	1	0	1	1	1	0	1	0	0	1
chr6.13905828.13906479	pos	1	0	0	0	1	1	0	1	0	0	1
chr6.13993631.13993840	pos	1	1	0	1	1	0	0	1	0	1	0
chr6.14175149.14175278	pos	1	0	1	1	1	1	0	1	0	0	1
chr6.14349708.14350678	pos	1	1	0	1	1	0	1	1	0	0	0
chr6.14499184.14499292	pos	0	0	1	0	0	0	1	0	1	0	0
chr6.14622758.14623065	pos	0	1	1	1	0	0	1	1	0	1	0
chr6.14751547.14751671	pos	0	0	0	0	0	0	1	0	1	1	0
chr6.15429742.15430008	pos	0	1	1	0	1	0	1	1	1	0	1
chr6.15444533.15444642	pos	0	0	1	0	0	0	1	0	1	0	0
chr6.15459109.15459187	pos	0	0	0	0	0	0	1	0	1	0	0
chr6.15966075.15966233	pos	1	0	0	0	1	1	0	0	0	0	1
chr6.16369736.16369800	pos	0	0	1	0	0	0	0	0	0	1	0
chr6.16425746.16425930	pos	0	1	0	1	1	1	1	1	0	1	1
chr6.18034060.18034199	pos	1	1	0	1	1	0	0	1	0	0	1
chr6.18099101.18099387	pos	0	1	0	1	1	1	1	1	0	0	1
chr6.18194877.18195013	pos	0	1	0	0	0	1	1	1	0	1	0
chr6.18476776.18476894	pos	0	0	1	0	0	0	1	0	1	0	0
chr6.18809755.18809874	pos	0	1	0	0	1	1	0	1	0	1	0
chr6.19542418.19542603	pos	1	1	1	1	1	0	0	1	0	1	0
chr6.19992835.19992981	pos	0	1	1	1	1	0	0	0	0	1	0
chr6.20315083.20315338	pos	0	1	1	1	1	0	0	1	1	1	1
chr6.20502740.20502818	pos	0	0	0	0	0	0	0	0	1	0	0
chr6.20929807.20929999	pos	0	1	1	1	1	1	0	1	0	0	1
chr6.21277574.21277656	pos	0	0	1	0	0	0	1	0	1	0	0
chr6.21626993.21627543	pos	0	1	1	1	1	1	1	0	1	1	1
chr6.21986765.21986918	pos	1	1	0	1	1	1	1	1	0	0	1
chr6.22544817.22544919	pos	0	0	0	1	1	0	0	1	0	0	1
chr6.22806484.22806566	pos	1	1	0	1	1	0	1	1	1	1	0
chr6.23009578.23009671	pos	0	1	1	1	1	1	0	1	0	1	0
chr6.23713402.23713528	pos	0	0	0	1	0	0	1	1	0	0	1
chr6.23744980.23745286	pos	0	1	1	1	1	1	1	1	1	1	1
chr6.23745492.23746792	pos	0	1	1	1	1	1	1	1	1	1	1
chr6.23810422.23810561	pos	0	0	1	0	0	0	1	0	1	0	0
chr7.391843.391956	pos	0	0	1	1	0	1	1	0	1	0	0
chr7.492442.492914	pos	0	1	1	1	1	0	1	1	1	0	1
chr7.914751.914819	pos	0	0	0	0	0	0	0	0	0	0	0
chr7.1204822.1205117	pos	0	1	1	1	1	1	1	1	1	0	1
chr7.1290532.1291045	pos	0	1	1	1	1	1	1	1	1	1	1
chr7.1706467.1706572	pos	1	1	1	1	1	1	1	1	0	1	0
chr7.2256526.2256791	pos	0	1	0	1	1	1	0	1	1	0	1
chr7.2258006.2258133	pos	0	0	0	0	0	0	1	0	1	0	0
chr7.2545724.2545840	pos	0	1	1	0	0	0	1	0	1	0	0
chr7.3134154.3134329	pos	0	0	0	0	0	0	1	0	1	0	0
chr7.3306661.3306768	pos	0	0	1	0	0	0	1	0	1	1	0
chr7.3572186.3572296	pos	1	1	1	1	1	0	0	1	0	1	0
chr7.3898000.3898105	pos	1	1	0	1	1	0	1	1	0	1	0
chr7.4121123.4121190	pos	0	0	0	1	0	0	1	0	1	0	0
chr7.4274693.4274818	pos	0	1	1	0	0	0	1	0	1	0	0
chr7.4728363.4728634	pos	0	0	1	0	0	0	1	0	1	1	0
chr7.5003199.5003786	pos	0	1	1	1	0	1	0	0	0	1	1
chr7.5907551.5908109	pos	1	1	0	1	1	1	0	0	0	1	0
chr7.6471515.6471614	pos	0	1	0	1	1	0	0	1	0	1	0
chr7.6773464.6773547	pos	0	0	1	0	0	0	1	0	1	0	0
chr7.7039444.7039605	pos	1	1	0	1	1	0	0	1	0	1	0
chr7.7471013.7471122	pos	0	1	0	0	0	0	1	1	1	1	1
chr7.7528953.7529055	pos	0	0	0	0	0	0	1	0	1	0	0
chr7.8372763.8373086	pos	1	1	0	0	1	1	0	0	0	0	0
chr7.8411666.8412149	pos	1	1	0	0	1	1	0	1	0	0	0
chr7.8763283.8763367	pos	0	0	0	0	0	0	1	0	1	0	0
chr7.9350973.9351216	pos	1	1	0	1	1	1	0	1	0	0	1
chr7.9461483.9462752	pos	0	1	1	0	1	1	0	1	0	0	1
chr7.9698810.9699325	pos	0	1	0	1	1	1	1	1	1	1	1
chr7.9863720.9863846	pos	0	0	0	0	0	0	1	0	0	1	0
chr7.10016223.10016355	pos	0	1	0	1	0	0	1	0	1	0	0
chr7.10173976.10174053	pos	0	1	1	1	0	0	1	0	1	1	1
chr7.10681845.10681975	pos	0	0	1	0	0	0	1	0	1	0	0
chr7.10868286.10868393	pos	0	0	0	0	0	0	1	0	1	0	0
chr7.10888232.10888572	pos	0	1	0	1	1	1	0	1	0	0	1
chr7.11032648.11032757	pos	0	0	1	1	1	0	0	1	0	0	1
chr7.11140871.11140940	pos	0	1	0	1	0	0	1	1	1	0	0
chr7.11556116.11556187	pos	0	0	1	1	0	0	1	0	1	0	0
chr7.11628516.11628630	pos	0	0	1	0	0	0	1	0	1	0	0
chr7.11691943.11692052	pos	0	1	0	1	1	0	1	0	1	0	1
chr7.12115824.12116167	pos	1	1	1	1	1	1	1	0	0	1	1
chr7.12218235.12218409	pos	1	1	1	1	0	1	1	1	0	0	0
chr7.12378545.12378616	pos	1	1	1	1	1	0	1	1	1	1	1
chr7.12569225.12569419	pos	0	0	0	1	0	0	1	0	1	0	0
chr7.12853274.12853415	pos	0	1	0	0	0	0	1	1	1	0	0
chr7.13664400.13664600	pos	0	0	1	0	0	0	1	0	1	0	0
chr7.13790792.13791040	pos	0	1	0	1	1	0	1	1	1	0	1
chr7.13806186.13806339	pos	0	0	0	0	0	0	1	0	0	1	0
chr7.13975559.13976085	pos	0	1	1	1	1	1	1	1	1	1	1
chr7.15239460.15240097	pos	1	1	1	1	1	1	1	1	1	1	1
chr7.15396648.15396984	pos	0	0	0	0	0	0	1	0	1	0	0
chr7.15515996.15516148	pos	0	0	0	1	1	1	1	1	1	0	1
chr7.15897472.15897627	pos	0	0	1	0	0	0	1	0	1	0	0
chr7.16162129.16162575	pos	1	1	0	1	1	1	0	1	0	0	1
chr7.16553894.16553988	pos	0	1	1	0	0	0	1	1	1	1	0
chr7.16635887.16635986	pos	0	1	1	1	1	1	1	1	1	1	1
chr7.17013152.17013220	pos	0	1	1	1	1	0	1	0	1	1	1
chr7.17713603.17713708	pos	0	0	1	0	0	0	1	0	1	0	0
chr7.18107717.18107830	pos	0	0	0	0	0	1	0	0	0	0	1
chr7.18256580.18256677	pos	1	1	1	1	1	1	1	1	1	0	1
chr7.19472344.19472543	pos	0	1	1	1	1	1	1	1	0	0	1
chr7.19486750.19487112	pos	0	0	1	0	0	0	1	0	1	0	0
chr7.19629155.19629277	pos	0	0	0	0	0	0	1	0	1	0	0
chr7.19751685.19751836	pos	0	0	0	0	0	0	1	0	1	0	0
chr7.19754962.19755058	pos	0	1	0	0	1	1	1	0	0	0	0
chr7.20035423.20035587	pos	1	1	0	1	1	1	1	1	1	0	1
chr7.20797759.20797880	pos	0	0	1	1	0	0	0	1	0	0	1
chr7.20940604.20941027	pos	0	1	1	0	0	0	1	0	0	1	0
chr7.21696942.21697008	pos	0	1	1	0	0	0	1	0	1	0	0
chr7.21856464.21856920	pos	0	1	0	1	1	1	1	1	1	0	1
chr8.81496.81727	pos	0	0	0	0	0	0	1	0	1	0	0
chr8.168644.169087	pos	0	1	1	1	1	1	1	1	1	0	1
chr8.250417.250650	pos	0	0	1	1	1	1	1	0	1	1	0
chr8.250864.250985	pos	0	0	1	1	1	1	1	0	1	1	0
chr8.261575.261657	pos	0	0	1	0	0	0	1	0	1	0	0
chr8.988313.988405	pos	0	0	1	0	0	0	1	0	1	0	0
chr8.1474048.1474193	pos	0	0	1	0	0	0	1	0	1	1	0
chr8.2459555.2460259	pos	1	1	0	1	1	0	0	1	0	1	0
chr8.2484789.2485189	pos	0	1	0	0	1	1	0	0	0	0	1
chr8.2578256.2578566	pos	0	0	1	1	1	0	1	0	1	1	0
chr8.2593421.2593533	pos	1	1	0	1	1	0	0	1	1	0	0
chr8.2609653.2609980	pos	0	1	1	1	1	1	1	1	1	0	0
chr8.2893037.2893136	pos	0	1	0	1	1	1	1	1	0	1	1
chr8.3016097.3016199	pos	0	1	1	0	0	1	1	0	0	0	0
chr8.3307281.3307392	pos	0	1	1	0	0	1	1	0	1	1	0
chr8.3665663.3665856	pos	0	1	1	1	1	1	1	1	1	0	0
chr8.3793949.3794016	pos	0	0	0	0	0	0	1	0	1	0	0
chr8.3980376.3980454	pos	0	0	0	0	0	0	1	0	1	0	0
chr8.4307561.4307661	pos	0	1	1	1	1	0	1	0	1	1	0
chr8.4707373.4707553	pos	0	1	1	0	0	1	1	0	0	1	0
chr8.5455836.5455929	pos	0	1	1	1	1	1	1	1	1	1	1
chr8.5797511.5798088	pos	0	1	1	1	1	1	1	0	1	1	1
chr8.6359350.6359621	pos	0	0	1	0	0	1	1	0	0	0	0
chr8.6623472.6623626	pos	0	0	0	0	0	0	0	0	1	0	0
chr8.6650446.6650685	pos	0	0	1	0	0	0	1	0	1	0	0
chr8.6912169.6912648	pos	0	0	1	0	0	0	1	0	1	1	0
chr8.7082682.7082782	pos	1	1	0	1	1	1	1	1	1	0	0
chr8.7096974.7097073	pos	0	0	0	0	0	0	1	0	1	0	0
chr8.7145760.7145974	pos	0	1	0	1	1	1	0	1	0	0	1
chr8.7725050.7725205	pos	0	0	0	0	0	0	1	0	1	0	0
chr8.7830791.7830881	pos	0	0	0	1	0	0	0	1	0	0	1
chr8.8031259.8031406	pos	0	1	1	1	1	0	1	1	1	0	1
chr8.8767750.8768036	pos	0	0	1	0	0	0	1	0	1	0	0
chr8.9031966.9032220	pos	0	1	0	1	1	1	0	1	0	0	0
chr8.9230959.9231098	pos	0	0	1	0	0	0	1	0	1	0	0
chr8.9671725.9671940	pos	0	1	0	1	1	1	1	1	1	0	1
chr8.9713011.9713405	pos	0	1	1	0	0	1	1	0	1	1	0
chr8.9842101.9842236	pos	1	1	0	0	1	1	0	1	0	0	0
chr8.9887992.9888062	pos	0	0	1	0	0	0	1	0	1	0	0
chr8.10692614.10692682	pos	0	0	0	0	0	0	1	0	1	0	0
chr8.11013068.11013328	pos	0	0	0	0	0	1	1	1	0	1	0
chr8.11674498.11674580	pos	1	1	1	1	1	1	1	0	0	1	0
chr8.11675549.11675617	pos	0	1	1	1	0	0	1	0	0	1	0
chr8.11823219.11823834	pos	0	1	1	1	1	1	1	1	1	1	1
chr8.12273057.12273221	pos	0	1	0	0	1	1	1	1	1	0	1
chr8.12853675.12853799	pos	0	0	1	0	0	0	1	0	1	0	0
chr8.13012873.13012941	pos	0	0	1	0	0	0	1	0	1	1	0
chr8.13602637.13602751	pos	0	1	0	1	1	1	1	0	1	0	1
chr8.13786773.13786934	pos	1	1	0	0	1	1	0	1	0	1	1
chr8.13796922.13797140	pos	0	1	1	1	1	1	1	1	1	1	1
chr8.14330753.14330982	pos	0	0	1	0	0	0	1	0	1	0	0
chr8.14769129.14769572	pos	1	1	1	1	1	1	1	1	0	0	1
chr8.15016995.15017217	pos	0	1	1	1	0	0	1	0	1	0	0
chr8.15177505.15177613	pos	1	1	0	1	1	0	1	1	1	1	0
chr8.15234044.15234234	pos	0	0	1	0	0	0	1	0	1	0	0
chr8.15427053.15427303	pos	1	1	1	1	1	0	0	1	0	1	0
chr8.17132335.17132823	pos	0	0	1	0	0	0	1	0	0	1	0
chr8.17132936.17133125	pos	0	0	1	0	0	0	1	0	0	1	0
chr8.17733250.17733332	pos	0	1	1	0	1	1	1	0	0	0	0
chr8.18202383.18202479	pos	0	0	0	0	0	1	0	1	0	1	0
chr8.18385527.18385642	pos	0	1	1	0	0	0	1	0	1	0	1
chr8.18778828.18778907	pos	0	0	0	0	0	0	0	0	0	0	0
chr8.19146996.19147080	pos	0	0	1	1	0	0	0	1	0	0	1
chr8.19796027.19796144	pos	0	0	0	0	0	0	1	0	1	0	0
chr8.20175483.20175546	pos	0	0	1	0	0	0	1	0	1	0	0
chr8.20194112.20194263	pos	0	0	0	0	0	0	1	0	1	0	0
chr8.20328076.20328215	pos	0	0	0	0	0	0	1	0	1	0	0
chr8.20398120.20398258	pos	1	1	0	1	1	0	0	1	0	1	0
chr8.20446489.20446703	pos	0	1	0	1	1	0	0	1	0	1	0
chr8.20504227.20504636	pos	0	1	1	1	0	1	1	0	1	1	1
chr8.20544717.20544850	pos	0	1	1	1	1	0	1	0	1	1	1
chr8.20915365.20915504	pos	1	1	0	1	1	0	1	1	0	1	0
chr8.21164998.21165203	pos	0	1	0	1	1	0	1	1	1	0	1
chrU.127601.127764	pos	0	0	0	0	0	0	0	0	0	0	0
chrU.256247.256344	pos	0	0	0	0	0	0	0	0	0	0	0
chrU.756518.756582	pos	0	0	0	0	0	0	0	0	0	0	0
chrU.1776806.1777052	pos	0	0	0	0	0	0	0	0	0	0	0
chrU.1793742.1794110	pos	0	0	0	0	0	0	0	0	0	0	0
chrU.2969655.2970034	pos	0	0	0	0	0	0	0	0	0	0	0
chrU.3440059.3440163	pos	0	0	1	0	0	0	0	0	0	0	0
chrU.3440658.3440732	pos	0	0	1	0	0	0	0	0	0	0	0
chrU.3845129.3845252	pos	0	0	0	0	0	0	0	0	0	0	0
chrU.4022100.4022173	pos	0	0	0	0	0	0	0	0	0	0	0
chrU.4309971.4310335	pos	0	0	1	0	0	0	0	0	0	0	0
chrU.4419115.4419311	pos	0	0	0	0	0	0	0	0	0	0	0
chrV.207943.208062	pos	0	0	0	0	0	0	1	0	1	0	1
chrV.244593.244781	pos	0	0	1	0	0	0	1	0	1	0	0
chrV.1305556.1305644	pos	0	0	0	0	0	0	1	0	1	0	0
chrV.1351649.1352056	pos	0	0	1	0	0	0	1	0	1	0	0
chrV.1632218.1632283	pos	0	0	0	1	0	0	0	0	0	0	1
chrV.1667667.1667859	pos	0	1	0	0	1	1	1	1	1	0	1
chrV.1900184.1900324	pos	0	0	0	0	0	0	1	1	1	0	0
chrV.2029897.2030170	pos	0	1	1	1	1	1	1	1	1	0	1
chrV.2276773.2276859	pos	0	0	1	1	0	0	0	0	0	0	1
chrV.2316931.2317035	pos	0	0	0	0	0	0	1	0	1	0	0
chrV.3090072.3090282	pos	0	0	1	0	0	0	1	0	1	0	0
chrV.3403298.3403361	pos	0	0	0	0	0	0	1	0	1	0	0
chrV.3456957.3457122	pos	0	0	0	0	0	0	1	0	1	0	0
chrV.3472420.3472560	pos	0	0	0	0	0	0	1	0	1	0	0
chrV.3608225.3608384	pos	0	0	0	0	0	0	1	0	1	0	0
chrV.3783816.3783915	pos	0	0	1	0	0	0	1	0	1	0	0
chrV.4080147.4080221	pos	0	0	1	1	0	0	0	0	0	0	1
chrV.4099879.4100292	pos	0	1	1	1	1	0	1	1	1	0	1
chrV.4175490.4175569	pos	0	0	0	0	0	0	1	0	1	0	0
chrV.4296348.4296499	pos	0	0	0	0	0	0	1	0	1	0	0
chrV.4317858.4318060	pos	0	1	1	0	1	1	1	1	1	0	1
chrV.4551239.4551302	pos	0	0	0	0	0	0	1	0	1	0	0
chrV.4572348.4572791	pos	0	1	1	1	0	0	1	0	1	1	0
chrV.5889834.5889897	pos	0	0	0	0	0	0	1	0	1	0	0
chrV.5950381.5950519	pos	0	0	0	0	0	0	1	0	1	0	0
chrV.6135525.6135816	pos	0	1	1	1	1	1	1	1	1	0	1
chrV.6208445.6208687	pos	0	0	0	0	0	0	1	0	1	0	1
chrV.7016553.7020140	pos	1	1	1	1	1	1	1	1	1	1	1
chrV.7021661.7022094	pos	1	1	1	1	1	1	1	1	1	1	1
chrV.7395203.7396734	pos	1	0	1	1	1	1	1	1	1	1	1
chrV.7396808.7397237	pos	1	0	1	1	1	1	1	1	1	1	1
chrV.7397677.7397935	pos	1	0	1	1	1	1	1	1	1	1	1
chrV.7398160.7400077	pos	1	0	1	1	1	1	1	1	1	1	1
chrV.7404076.7404474	pos	1	0	1	1	1	1	1	1	1	1	1
chrV.7408048.7409441	pos	1	0	1	1	1	1	1	1	1	1	1
unplaced-scaffold_056.5020.5093	pos	0	1	0	1	1	0	0	0	0	1	0
unplaced-scaffold_056.8605.8979	pos	0	1	1	1	1	0	0	1	0	1	0
unplaced-scaffold_250.16488.16632	pos	1	1	1	1	1	1	1	1	1	1	1
chr1.23000.23500	neg	0	0	0	0	0	0	0	0	0	0	0
chr1.148000.148500	neg	0	0	0	0	0	0	0	0	0	0	0
chr1.231000.231500	neg	0	0	0	0	0	0	0	0	0	0	0
chr1.263500.264000	neg	0	1	0	0	0	0	1	0	0	0	0
chr1.478500.479000	neg	0	0	0	0	0	0	0	0	0	0	0
chr1.530000.530500	neg	0	0	0	0	0	0	0	0	0	0	0
chr1.550000.550500	neg	0	0	0	0	0	0	0	0	0	0	0
chr1.736500.737000	neg	0	0	0	0	0	0	0	0	0	0	0
chr1.1194500.1195000	neg	0	1	0	0	0	0	0	0	0	0	0
chr1.1304500.1305000	neg	0	0	0	0	0	0	0	0	0	0	0
chr1.1346000.1346500	neg	0	0	0	0	0	0	1	0	0	0	0
chr1.1808500.1809000	neg	0	0	0	0	0	0	1	0	0	0	0
chr1.1906500.1907000	neg	0	0	0	0	0	0	1	0	0	0	0
chr1.2066500.2067000	neg	0	0	0	0	0	0	0	0	0	0	0
chr1.2520500.2521000	neg	0	1	0	0	0	0	1	0	0	0	0
chr1.3184000.3184500	neg	0	0	0	0	0	0	0	0	0	0	0
chr1.3380500.3381000	neg	0	0	0	0	0	0	0	0	0	0	0
chr1.3566500.3567000	neg	0	1	0	0	0	0	0	0	0	0	0
chr1.3572000.3572500	neg	0	0	0	0	0	0	0	0	0	0	0
chr1.3943000.3943500	neg	0	0	0	0	0	0	0	0	0	0	0
chr1.3974500.3975000	neg	0	1	0	0	0	0	1	0	0	0	0
chr1.4826000.4826500	neg	0	1	0	0	0	0	1	0	0	0	0
chr1.4981500.4982000	neg	0	0	0	0	0	0	0	0	0	0	0
chr1.5038500.5039000	neg	0	0	0	0	0	0	0	0	0	0	0
chr1.5574500.5575000	neg	0	0	0	0	0	0	0	0	0	0	0
chr1.6072000.6072500	neg	0	0	0	0	0	0	0	0	0	0	0
chr1.6294500.6295000	neg	0	0	0	0	0	0	0	0	0	0	0
chr1.6456500.6457000	neg	0	0	0	0	0	0	0	0	0	0	0
chr1.6546000.6546500	neg	0	0	0	0	0	0	1	0	0	0	0
chr1.7301500.7302000	neg	0	0	0	0	0	0	1	0	0	0	0
chr1.7863000.7863500	neg	0	1	0	0	0	0	1	0	0	0	0
chr1.7893000.7893500	neg	0	0	0	0	0	0	0	0	0	0	0
chr1.8192500.8193000	neg	0	0	0	0	0	0	0	0	0	0	0
chr1.8243500.8244000	neg	0	0	0	0	0	0	0	0	0	0	0
chr1.8542000.8542500	neg	0	0	0	0	0	0	0	0	0	0	0
chr1.8964500.8965000	neg	0	0	0	0	0	0	1	0	0	0	0
chr1.8980500.8981000	neg	0	0	0	0	0	0	0	0	0	0	0
chr1.9135000.9135500	neg	0	1	0	0	0	0	0	0	0	0	0
chr1.10441000.10441500	neg	0	1	0	0	0	0	1	0	0	0	0
chr1.10450500.10451000	neg	0	0	0	0	0	0	0	0	0	0	0
chr1.10556000.10556500	neg	0	0	0	0	0	0	0	0	0	0	0
chr1.10991500.10992000	neg	0	0	0	0	0	0	0	0	0	0	0
chr1.11297500.11298000	neg	0	1	0	0	0	0	1	0	0	0	0
chr1.11508500.11509000	neg	0	0	0	0	0	0	1	0	0	0	0
chr1.12282500.12283000	neg	0	0	0	0	0	0	1	0	0	0	0
chr1.12582000.12582500	neg	0	1	0	0	0	0	1	0	0	0	0
chr1.13080000.13080500	neg	0	0	0	0	0	0	0	0	0	0	0
chr1.13117000.13117500	neg	0	1	0	0	0	0	1	0	0	0	0
chr1.13409000.13409500	neg	0	1	0	0	0	0	1	0	0	0	0
chr1.13504000.13504500	neg	0	0	0	0	0	0	1	0	0	0	0
chr1.13563500.13564000	neg	0	0	0	0	0	0	0	0	0	0	0
chr1.14014000.14014500	neg	0	0	0	0	0	0	0	0	0	0	0
chr1.14866000.14866500	neg	0	1	0	0	0	0	1	0	0	0	0
chr1.15055000.15055500	neg	0	0	0	0	0	0	0	0	0	0	0
chr1.15108000.15108500	neg	0	0	0	0	0	0	1	0	0	0	0
chr1.15463000.15463500	neg	0	1	0	0	0	0	1	0	0	0	0
chr1.15636000.15636500	neg	0	0	0	0	0	0	0	0	0	0	0
chr1.15666500.15667000	neg	0	1	0	0	0	0	0	0	0	0	0
chr1.15667000.15667500	neg	0	0	0	0	0	0	0	0	0	0	0
chr1.15721000.15721500	neg	0	0	0	0	0	0	0	0	0	0	0
chr1.15973500.15974000	neg	0	0	0	0	0	0	1	0	0	0	0
chr1.16366500.16367000	neg	0	0	0	0	0	0	1	0	0	0	0
chr1.16390500.16391000	neg	0	0	0	0	0	0	0	0	0	0	0
chr1.16632000.16632500	neg	0	0	0	0	0	0	0	0	0	0	0
chr1.16685500.16686000	neg	0	1	0	0	0	0	1	0	0	0	0
chr1.16886500.16887000	neg	0	0	0	0	0	0	0	0	0	0	0
chr1.16897000.16897500	neg	0	0	0	0	0	0	0	0	0	0	0
chr1.16995500.16996000	neg	0	0	0	0	0	0	0	0	0	0	0
chr1.16996500.16997000	neg	0	0	0	0	0	0	0	0	0	0	0
chr1.17346000.17346500	neg	0	1	0	0	0	0	1	0	0	0	0
chr1.17847500.17848000	neg	0	1	0	0	0	0	1	0	0	0	0
chr1.18186000.18186500	neg	0	1	0	0	0	0	1	0	0	0	0
chr1.18253000.18253500	neg	0	1	0	0	0	0	1	0	0	0	0
chr1.18590000.18590500	neg	0	1	0	0	0	0	1	0	0	0	0
chr1.18696000.18696500	neg	0	0	0	0	0	0	0	0	0	0	0
chr1.18850000.18850500	neg	0	0	0	0	0	0	0	0	0	0	0
chr1.18858500.18859000	neg	0	0	0	0	0	0	0	0	0	0	0
chr1.19337000.19337500	neg	0	0	0	0	0	0	0	0	0	0	0
chr1.19844500.19845000	neg	0	0	0	0	0	0	0	0	0	0	0
chr1.20258000.20258500	neg	0	0	0	0	0	0	0	0	0	0	0
chr1.20478500.20479000	neg	0	1	0	0	0	0	1	0	0	0	0
chr1.20948500.20949000	neg	0	0	0	0	0	0	0	0	0	0	0
chr1.21183000.21183500	neg	0	1	0	0	0	0	1	0	0	0	0
chr1.21214000.21214500	neg	0	1	0	0	0	0	0	0	0	0	0
chr1.21504000.21504500	neg	0	0	0	0	0	0	0	0	0	0	0
chr1.22026000.22026500	neg	0	1	0	0	0	0	1	0	0	0	0
chr1.22080000.22080500	neg	0	0	0	0	0	0	0	0	0	0	0
chr1.22080500.22081000	neg	0	1	0	0	0	0	1	0	0	0	0
chr1.22105000.22105500	neg	0	1	0	0	0	0	1	0	0	0	0
chr1.22151000.22151500	neg	0	0	0	0	0	0	0	0	0	0	0
chr1.22601000.22601500	neg	0	0	0	0	0	0	1	0	0	0	0
chr1.22602500.22603000	neg	0	1	0	0	0	0	1	0	0	0	0
chr1.23160000.23160500	neg	0	1	0	0	0	0	1	0	0	0	0
chr1.23164500.23165000	neg	0	0	0	0	0	0	0	0	0	0	0
chr1.23734000.23734500	neg	0	0	0	0	0	0	1	0	0	0	0
chr1.23845000.23845500	neg	0	0	0	0	0	0	0	0	0	0	0
chr1.24071500.24072000	neg	0	1	0	0	0	0	1	0	0	0	0
chr1.24117000.24117500	neg	0	1	0	0	0	0	1	0	0	0	0
chr1.24939000.24939500	neg	0	1	0	0	0	0	1	0	0	0	0
chr1.25445000.25445500	neg	0	0	0	0	0	0	0	0	0	0	0
chr1.25562000.25562500	neg	0	0	0	0	0	0	0	0	0	0	0
chr1.25807000.25807500	neg	0	1	0	0	0	0	1	0	0	0	0
chr1.25907000.25907500	neg	0	0	0	0	0	0	1	0	0	0	0
chr1.26578000.26578500	neg	0	0	0	0	0	0	0	0	0	0	0
chr1.27389500.27390000	neg	0	1	0	0	0	0	1	0	0	0	0
chr1.28456000.28456500	neg	0	1	0	0	0	0	1	0	0	0	0
chr1.28557000.28557500	neg	0	1	0	0	0	0	0	0	0	0	0
chr1.28659500.28660000	neg	0	1	0	0	0	0	1	0	0	0	0
chr1.29631500.29632000	neg	0	0	0	0	0	0	0	0	0	0	0
chr1.30351000.30351500	neg	0	0	0	0	0	0	0	0	0	0	0
chr2.679500.680000	neg	0	1	0	0	0	0	0	0	0	0	0
chr2.875000.875500	neg	0	1	0	0	0	0	1	0	0	0	0
chr2.1059000.1059500	neg	0	0	0	0	0	0	0	0	0	0	0
chr2.1072000.1072500	neg	0	1	0	0	0	0	0	0	0	0	0
chr2.1370500.1371000	neg	0	0	0	0	0	0	1	0	0	0	0
chr2.1534000.1534500	neg	0	0	0	0	0	0	0	0	0	0	0
chr2.1573500.1574000	neg	0	0	0	0	0	0	0	0	0	0	0
chr2.1802000.1802500	neg	0	0	0	0	0	0	0	0	0	0	0
chr2.2123000.2123500	neg	0	1	0	0	0	0	0	0	0	0	0
chr2.2137500.2138000	neg	0	1	0	0	0	0	1	0	0	0	0
chr2.2143500.2144000	neg	0	1	0	0	0	0	0	0	0	0	0
chr2.2281000.2281500	neg	0	1	0	0	0	0	0	0	0	0	0
chr2.3151000.3151500	neg	0	1	0	0	0	0	1	0	0	0	0
chr2.3232000.3232500	neg	0	1	0	0	0	0	1	0	0	0	0
chr2.3569500.3570000	neg	0	1	0	0	0	0	1	0	0	0	0
chr2.3615000.3615500	neg	0	0	0	0	0	0	1	0	0	0	0
chr2.3798000.3798500	neg	0	0	0	0	0	0	0	0	0	0	0
chr2.3829500.3830000	neg	0	1	0	0	0	0	0	0	0	0	0
chr2.3893500.3894000	neg	0	0	0	0	0	0	0	0	0	0	0
chr2.3903500.3904000	neg	0	1	0	0	0	0	0	0	0	0	0
chr2.3938000.3938500	neg	0	1	0	0	0	0	1	0	0	0	0
chr2.4040500.4041000	neg	0	0	0	0	0	0	0	0	0	0	0
chr2.4344500.4345000	neg	0	0	0	0	0	0	0	0	0	0	0
chr2.4358000.4358500	neg	0	1	0	0	0	0	0	0	0	0	0
chr2.4813000.4813500	neg	0	1	0	0	0	0	1	0	0	0	0
chr2.5184000.5184500	neg	0	0	0	0	0	0	0	0	0	0	0
chr2.5719000.5719500	neg	0	0	0	0	0	0	0	0	0	0	0
chr2.5962000.5962500	neg	0	1	0	0	0	0	1	0	0	0	0
chr2.6182500.6183000	neg	0	0	0	0	0	0	0	0	0	0	0
chr2.6290500.6291000	neg	0	0	0	0	0	0	0	0	0	0	0
chr2.6309000.6309500	neg	0	1	0	0	0	0	1	0	0	0	0
chr2.6564500.6565000	neg	0	1	0	0	0	0	0	0	0	0	0
chr2.6904500.6905000	neg	0	0	0	0	0	0	0	0	0	0	0
chr2.7810500.7811000	neg	0	1	0	0	0	0	1	0	0	0	0
chr2.8476000.8476500	neg	0	0	0	0	0	0	1	0	0	0	0
chr2.8607500.8608000	neg	0	0	0	0	0	0	0	0	0	0	0
chr2.8628500.8629000	neg	0	0	0	0	0	0	0	0	0	0	0
chr2.8916000.8916500	neg	0	1	0	0	0	0	0	0	0	0	0
chr2.8930000.8930500	neg	0	0	0	0	0	0	0	0	0	0	0
chr2.9230000.9230500	neg	0	0	0	0	0	0	0	0	0	0	0
chr2.9368500.9369000	neg	0	1	0	0	0	0	0	0	0	0	0
chr2.10018000.10018500	neg	0	1	0	0	0	0	0	0	0	0	0
chr2.10251500.10252000	neg	0	1	0	0	0	0	1	0	0	0	0
chr2.10339000.10339500	neg	0	0	0	0	0	0	0	0	0	0	0
chr2.10605000.10605500	neg	0	1	0	0	0	0	1	0	0	0	0
chr2.10846500.10847000	neg	0	1	0	0	0	0	1	0	0	0	0
chr2.10941000.10941500	neg	0	0	0	0	0	0	1	0	0	0	0
chr2.11037500.11038000	neg	0	1	0	0	0	0	0	0	0	0	0
chr2.11111000.11111500	neg	0	1	0	0	0	0	1	0	0	0	0
chr2.11207000.11207500	neg	0	1	0	0	0	0	1	0	0	0	0
chr2.11264500.11265000	neg	0	1	0	0	0	0	1	0	0	0	0
chr2.11265000.11265500	neg	0	1	0	0	0	0	1	0	0	0	0
chr2.11910500.11911000	neg	0	0	0	0	0	0	0	0	0	0	0
chr2.12385500.12386000	neg	0	1	0	0	0	0	1	0	0	0	0
chr2.12455000.12455500	neg	0	0	0	0	0	0	0	0	0	0	0
chr2.13092500.13093000	neg	0	1	0	0	0	0	1	0	0	0	0
chr2.13395500.13396000	neg	0	0	0	0	0	0	0	0	0	0	0
chr2.13419500.13420000	neg	0	0	0	0	0	0	0	0	0	0	0
chr2.13504000.13504500	neg	0	0	0	0	0	0	0	0	0	0	0
chr2.13579000.13579500	neg	0	1	0	0	0	0	1	0	0	0	0
chr2.13677500.13678000	neg	0	0	0	0	0	0	0	0	0	0	0
chr2.13837000.13837500	neg	0	0	0	0	0	0	0	0	0	0	0
chr2.13911500.13912000	neg	0	0	0	0	0	0	0	0	0	0	0
chr2.14585500.14586000	neg	0	1	0	0	0	0	1	0	0	0	0
chr2.15201000.15201500	neg	0	0	0	0	0	0	0	0	0	0	0
chr2.15485000.15485500	neg	0	1	0	0	0	0	1	0	0	0	0
chr2.15881000.15881500	neg	0	1	0	0	0	0	0	0	0	0	0
chr2.15949000.15949500	neg	0	1	0	0	0	0	1	0	0	0	0
chr2.16110500.16111000	neg	0	0	0	0	0	0	0	0	0	0	0
chr2.16218500.16219000	neg	0	1	0	0	0	0	1	0	0	0	0
chr2.16494000.16494500	neg	0	0	0	0	0	0	0	0	0	0	0
chr2.16968500.16969000	neg	0	0	0	0	0	0	0	0	0	0	0
chr2.17116500.17117000	neg	0	0	0	0	0	0	0	0	0	0	0
chr2.17266500.17267000	neg	0	1	0	0	0	0	1	0	0	0	0
chr2.17881500.17882000	neg	0	1	0	0	0	0	1	0	0	0	0
chr2.18119500.18120000	neg	0	0	0	0	0	0	0	0	0	0	0
chr2.18508000.18508500	neg	0	0	0	0	0	0	0	0	0	0	0
chr2.19037000.19037500	neg	0	1	0	0	0	0	1	0	0	0	0
chr2.19126500.19127000	neg	0	0	0	0	0	0	1	0	0	0	0
chr2.19759000.19759500	neg	0	1	0	0	0	0	1	0	0	0	0
chr2.20212500.20213000	neg	0	0	0	0	0	0	0	0	0	0	0
chr2.20334000.20334500	neg	0	0	0	0	0	0	0	0	0	0	0
chr2.20551000.20551500	neg	0	0	0	0	0	0	0	0	0	0	0
chr2.20848000.20848500	neg	0	0	0	0	0	0	0	0	0	0	0
chr2.20955000.20955500	neg	0	1	0	0	0	0	0	0	0	0	0
chr2.21292000.21292500	neg	0	1	0	0	0	0	0	0	0	0	0
chr2.21299000.21299500	neg	0	1	0	0	0	0	0	0	0	0	0
chr2.22156500.22157000	neg	0	1	0	0	0	0	1	0	0	0	0
chr2.22567000.22567500	neg	0	0	0	0	0	0	0	0	0	0	0
chr2.23077500.23078000	neg	0	0	0	0	0	0	0	0	0	0	0
chr2.23352500.23353000	neg	0	1	0	0	0	0	0	0	0	0	0
chr2.23435500.23436000	neg	0	0	0	0	0	0	0	0	0	0	0
chr2.23714000.23714500	neg	0	1	0	0	0	0	1	0	0	0	0
chr2.23742500.23743000	neg	0	1	0	0	0	0	1	0	0	0	0
chr2.24498500.24499000	neg	0	0	0	0	0	0	0	0	0	0	0
chr2.24535500.24536000	neg	0	0	0	0	0	0	0	0	0	0	0
chr2.24568000.24568500	neg	0	0	0	0	0	0	0	0	0	0	0
chr2.24810500.24811000	neg	0	0	0	0	0	0	0	0	0	0	0
chr2.24875000.24875500	neg	0	1	0	0	0	0	1	0	0	0	0
chr2.25083000.25083500	neg	0	1	0	0	0	0	1	0	0	0	0
chr2.25732000.25732500	neg	0	0	0	0	0	0	0	0	0	0	0
chr2.25733000.25733500	neg	0	0	0	0	0	0	0	0	0	0	0
chr2.26547000.26547500	neg	0	0	0	0	0	0	1	0	0	0	0
chr2.26647500.26648000	neg	0	0	0	0	0	0	0	0	0	0	0
chr2.26928500.26929000	neg	0	0	0	0	0	0	0	0	0	0	0
chr2.27099500.27100000	neg	0	0	0	0	0	0	0	0	0	0	0
chr2.27136000.27136500	neg	0	0	0	0	0	0	1	0	0	0	0
chr2.27166500.27167000	neg	0	0	0	0	0	0	1	0	0	0	0
chr2.27579500.27580000	neg	0	0	0	0	0	0	0	0	0	0	0
chr2.27971500.27972000	neg	0	1	0	0	0	0	1	0	0	0	0
chr2.28026000.28026500	neg	0	0	0	0	0	0	0	0	0	0	0
chr2.28144500.28145000	neg	0	0	0	0	0	0	0	0	0	0	0
chr2.28844000.28844500	neg	0	1	0	0	0	0	1	0	0	0	0
chr2.29529000.29529500	neg	0	0	0	0	0	0	1	0	0	0	0
chr3.581000.581500	neg	0	1	0	0	0	0	1	0	0	0	0
chr3.639000.639500	neg	0	0	0	0	0	0	0	0	0	0	0
chr3.735000.735500	neg	0	1	0	0	0	0	1	0	0	0	0
chr3.820500.821000	neg	0	0	0	0	0	0	0	0	0	0	0
chr3.1198000.1198500	neg	0	1	0	0	0	0	1	0	0	0	0
chr3.1297500.1298000	neg	0	0	0	0	0	0	1	0	0	0	0
chr3.1470000.1470500	neg	0	0	0	0	0	0	0	0	0	0	0
chr3.1488500.1489000	neg	0	0	0	0	0	0	0	0	0	0	0
chr3.1884500.1885000	neg	0	0	0	0	0	0	0	0	0	0	0
chr3.2295500.2296000	neg	0	1	0	0	0	0	0	0	0	0	0
chr3.2754500.2755000	neg	0	0	0	0	0	0	1	0	0	0	0
chr3.2872000.2872500	neg	0	1	0	0	0	0	1	0	0	0	0
chr3.3290500.3291000	neg	0	0	0	0	0	0	0	0	0	0	0
chr3.3310000.3310500	neg	0	1	0	0	0	0	0	0	0	0	0
chr3.3638000.3638500	neg	0	1	0	0	0	0	1	0	0	0	0
chr3.3871500.3872000	neg	0	0	0	0	0	0	0	0	0	0	0
chr3.4024500.4025000	neg	0	0	0	0	0	0	1	0	0	0	0
chr3.4043000.4043500	neg	0	1	0	0	0	0	1	0	0	0	0
chr3.4053000.4053500	neg	0	0	0	0	0	0	1	0	0	0	0
chr3.4279500.4280000	neg	0	0	0	0	0	0	0	0	0	0	0
chr3.4359500.4360000	neg	0	0	0	0	0	0	0	0	0	0	0
chr3.5027500.5028000	neg	0	0	0	0	0	0	1	0	0	0	0
chr3.5040000.5040500	neg	0	0	0	0	0	0	0	0	0	0	0
chr3.5070500.5071000	neg	0	0	0	0	0	0	0	0	0	0	0
chr3.5377000.5377500	neg	0	0	0	0	0	0	0	0	0	0	0
chr3.5692500.5693000	neg	0	0	0	0	0	0	1	0	0	0	0
chr3.5915000.5915500	neg	0	1	0	0	0	0	1	0	0	0	0
chr3.6904000.6904500	neg	0	1	0	0	0	0	1	0	0	0	0
chr3.7563500.7564000	neg	0	0	0	0	0	0	0	0	0	0	0
chr3.7692500.7693000	neg	0	0	0	0	0	0	0	0	0	0	0
chr3.7764500.7765000	neg	0	1	0	0	0	0	0	0	0	0	0
chr3.7777500.7778000	neg	0	0	0	0	0	0	0	0	0	0	0
chr3.8243000.8243500	neg	0	0	0	0	0	0	1	0	0	0	0
chr3.8405000.8405500	neg	0	0	0	0	0	0	0	0	0	0	0
chr3.8673000.8673500	neg	0	0	0	0	0	0	0	0	0	0	0
chr3.8787000.8787500	neg	0	0	0	0	0	0	1	0	0	0	0
chr3.8901500.8902000	neg	0	1	0	0	0	0	1	0	0	0	0
chr3.9176500.9177000	neg	0	1	0	0	0	0	0	0	0	0	0
chr3.9344000.9344500	neg	0	1	0	0	0	0	1	0	0	0	0
chr3.9821500.9822000	neg	0	1	0	0	0	0	1	0	0	0	0
chr3.9869000.9869500	neg	0	1	0	0	0	0	0	0	0	0	0
chr3.10171500.10172000	neg	0	0	0	0	0	0	0	0	0	0	0
chr3.11024500.11025000	neg	0	0	0	0	0	0	0	0	0	0	0
chr3.11060500.11061000	neg	0	1	0	0	0	0	1	0	0	0	0
chr3.11107000.11107500	neg	0	0	0	0	0	0	0	0	0	0	0
chr3.11883000.11883500	neg	0	1	0	0	0	0	1	0	0	0	0
chr3.12059000.12059500	neg	0	0	0	0	0	0	0	0	0	0	0
chr3.12100500.12101000	neg	0	1	0	0	0	0	0	0	0	0	0
chr3.12270000.12270500	neg	0	1	0	0	0	0	0	0	0	0	0
chr3.12313500.12314000	neg	0	0	0	0	0	0	0	0	0	0	0
chr3.12370000.12370500	neg	0	1	0	0	0	0	0	0	0	0	0
chr3.12712000.12712500	neg	0	0	0	0	0	0	0	0	0	0	0
chr3.12879500.12880000	neg	0	0	0	0	0	0	0	0	0	0	0
chr3.13543000.13543500	neg	0	0	0	0	0	0	0	0	0	0	0
chr3.13672000.13672500	neg	0	1	0	0	0	0	1	0	0	0	0
chr3.13811000.13811500	neg	0	0	0	0	0	0	0	0	0	0	0
chr3.13818500.13819000	neg	0	0	0	0	0	0	0	0	0	0	0
chr3.13937500.13938000	neg	0	1	0	0	0	0	1	0	0	0	0
chr3.14301500.14302000	neg	0	0	0	0	0	0	0	0	0	0	0
chr3.14521000.14521500	neg	0	0	0	0	0	0	0	0	0	0	0
chr3.14871000.14871500	neg	0	1	0	0	0	0	1	0	0	0	0
chr3.15112500.15113000	neg	0	0	0	0	0	0	0	0	0	0	0
chr3.15170500.15171000	neg	0	0	0	0	0	0	0	0	0	0	0
chr3.15505000.15505500	neg	0	0	0	0	0	0	0	0	0	0	0
chr3.15511500.15512000	neg	0	1	0	0	0	0	0	0	0	0	0
chr3.15725000.15725500	neg	0	0	0	0	0	0	0	0	0	0	0
chr3.15908000.15908500	neg	0	0	0	0	0	0	0	0	0	0	0
chr3.15924500.15925000	neg	0	1	0	0	0	0	1	0	0	0	0
chr3.16099000.16099500	neg	0	1	0	0	0	0	1	0	0	0	0
chr3.17133000.17133500	neg	0	0	0	0	0	0	0	0	0	0	0
chr3.17284500.17285000	neg	0	0	0	0	0	0	1	0	0	0	0
chr3.17830000.17830500	neg	0	0	0	0	0	0	0	0	0	0	0
chr3.18083500.18084000	neg	0	0	0	0	0	0	1	0	0	0	0
chr3.18220000.18220500	neg	0	0	0	0	0	0	1	0	0	0	0
chr3.18459500.18460000	neg	0	0	0	0	0	0	0	0	0	0	0
chr3.19005500.19006000	neg	0	1	0	0	0	0	1	0	0	0	0
chr3.19051500.19052000	neg	0	1	0	0	0	0	1	0	0	0	0
chr3.19164500.19165000	neg	0	1	0	0	0	0	0	0	0	0	0
chr3.19555500.19556000	neg	0	0	0	0	0	0	1	0	0	0	0
chr3.19557500.19558000	neg	0	1	0	0	0	0	1	0	0	0	0
chr3.19838000.19838500	neg	0	1	0	0	0	0	1	0	0	0	0
chr3.20361000.20361500	neg	0	0	0	0	0	0	0	0	0	0	0
chr3.20422000.20422500	neg	0	1	0	0	0	0	1	0	0	0	0
chr3.20640500.20641000	neg	0	1	0	0	0	0	0	0	0	0	0
chr3.20935500.20936000	neg	0	1	0	0	0	0	0	0	0	0	0
chr3.20988500.20989000	neg	0	0	0	0	0	0	0	0	0	0	0
chr3.21000500.21001000	neg	0	0	0	0	0	0	0	0	0	0	0
chr3.21102500.21103000	neg	0	1	0	0	0	0	1	0	0	0	0
chr3.21234000.21234500	neg	0	1	0	0	0	0	1	0	0	0	0
chr3.22188000.22188500	neg	0	0	0	0	0	0	0	0	0	0	0
chr3.22398500.22399000	neg	0	1	0	0	0	0	1	0	0	0	0
chr3.22637000.22637500	neg	0	0	0	0	0	0	0	0	0	0	0
chr3.22641500.22642000	neg	0	0	0	0	0	0	0	0	0	0	0
chr3.22780000.22780500	neg	0	0	0	0	0	0	0	0	0	0	0
chr3.23352000.23352500	neg	0	1	0	0	0	0	0	0	0	0	0
chr3.23584500.23585000	neg	0	1	0	0	0	0	1	0	0	0	0
chr3.23670500.23671000	neg	0	0	0	0	0	0	0	0	0	0	0
chr3.24178500.24179000	neg	0	0	0	0	0	0	0	0	0	0	0
chr3.25251000.25251500	neg	0	0	0	0	0	0	0	0	0	0	0
chr3.25405000.25405500	neg	0	1	0	0	0	0	0	0	0	0	0
chr3.25995500.25996000	neg	0	1	0	0	0	0	1	0	0	0	0
chr3.26131500.26132000	neg	0	0	0	0	0	0	0	0	0	0	0
chr3.26296500.26297000	neg	0	0	0	0	0	0	0	0	0	0	0
chr3.26942000.26942500	neg	0	0	0	0	0	0	1	0	0	0	0
chr3.26976000.26976500	neg	0	0	0	0	0	0	0	0	0	0	0
chr3.27139000.27139500	neg	0	0	0	0	0	0	0	0	0	0	0
chr4.225000.225500	neg	0	0	0	0	0	0	0	0	0	0	0
chr4.429000.429500	neg	0	1	0	0	0	0	1	0	0	0	0
chr4.698000.698500	neg	0	0	0	0	0	0	1	0	0	0	0
chr4.867000.867500	neg	0	0	0	0	0	0	0	0	0	0	0
chr4.1318000.1318500	neg	0	1	0	0	0	0	1	0	0	0	0
chr4.1699500.1700000	neg	0	1	0	0	0	0	0	0	0	0	0
chr4.1830500.1831000	neg	0	1	0	0	0	0	1	0	0	0	0
chr4.2059000.2059500	neg	0	1	0	0	0	0	1	0	0	0	0
chr4.2094000.2094500	neg	0	0	0	0	0	0	0	0	0	0	0
chr4.2307000.2307500	neg	0	0	0	0	0	0	1	0	0	0	0
chr4.2410000.2410500	neg	0	0	0	0	0	0	0	0	0	0	0
chr4.2506000.2506500	neg	0	1	0	0	0	0	1	0	0	0	0
chr4.2713500.2714000	neg	0	1	0	0	0	0	1	0	0	0	0
chr4.3145000.3145500	neg	0	1	0	0	0	0	1	0	0	0	0
chr4.3435500.3436000	neg	0	1	0	0	0	0	0	0	0	0	0
chr4.3915000.3915500	neg	0	0	0	0	0	0	0	0	0	0	0
chr4.4082500.4083000	neg	0	0	0	0	0	0	0	0	0	0	0
chr4.4237000.4237500	neg	0	0	0	0	0	0	0	0	0	0	0
chr4.4699500.4700000	neg	0	0	0	0	0	0	0	0	0	0	0
chr4.5690500.5691000	neg	0	0	0	0	0	0	0	0	0	0	0
chr4.5918000.5918500	neg	0	1	0	0	0	0	1	0	0	0	0
chr4.6745000.6745500	neg	0	1	0	0	0	0	1	0	0	0	0
chr4.6747500.6748000	neg	0	0	0	0	0	0	0	0	0	0	0
chr4.6875000.6875500	neg	0	0	0	0	0	0	1	0	0	0	0
chr4.7980000.7980500	neg	0	1	0	0	0	0	1	0	0	0	0
chr4.7995000.7995500	neg	0	0	0	0	0	0	0	0	0	0	0
chr4.8285500.8286000	neg	0	0	0	0	0	0	0	0	0	0	0
chr4.8628500.8629000	neg	0	0	0	0	0	0	0	0	0	0	0
chr4.8700500.8701000	neg	0	1	0	0	0	0	0	0	0	0	0
chr4.8748500.8749000	neg	0	0	0	0	0	0	0	0	0	0	0
chr4.9271000.9271500	neg	0	0	0	0	0	0	1	0	0	0	0
chr4.9718500.9719000	neg	0	0	0	0	0	0	1	0	0	0	0
chr4.9883500.9884000	neg	0	1	0	0	0	0	0	0	0	0	0
chr4.9985500.9986000	neg	0	1	0	0	0	0	1	0	0	0	0
chr4.10053500.10054000	neg	0	0	0	0	0	0	0	0	0	0	0
chr4.10127000.10127500	neg	0	1	0	0	0	0	1	0	0	0	0
chr4.10583500.10584000	neg	0	0	0	0	0	0	0	0	0	0	0
chr4.10752000.10752500	neg	0	0	0	0	0	0	0	0	0	0	0
chr4.10870000.10870500	neg	0	1	0	0	0	0	1	0	0	0	0
chr4.11017000.11017500	neg	0	0	0	0	0	0	0	0	0	0	0
chr4.11212500.11213000	neg	0	0	0	0	0	0	0	0	0	0	0
chr4.11232000.11232500	neg	0	0	0	0	0	0	0	0	0	0	0
chr4.11389000.11389500	neg	0	0	0	0	0	0	0	0	0	0	0
chr4.11389500.11390000	neg	0	0	0	0	0	0	0	0	0	0	0
chr4.11449000.11449500	neg	0	0	0	0	0	0	0	0	0	0	0
chr4.11669000.11669500	neg	0	0	0	0	0	0	0	0	0	0	0
chr4.11748500.11749000	neg	0	0	0	0	0	0	1	0	0	0	0
chr4.11793500.11794000	neg	0	1	0	0	0	0	0	0	0	0	0
chr4.11808500.11809000	neg	0	1	0	0	0	0	0	0	0	0	0
chr4.12188000.12188500	neg	0	0	0	0	0	0	0	0	0	0	0
chr4.12249500.12250000	neg	0	0	0	0	0	0	0	0	0	0	0
chr4.12350000.12350500	neg	0	0	0	0	0	0	1	0	0	0	0
chr4.12421500.12422000	neg	0	0	0	0	0	0	0	0	0	0	0
chr4.12710000.12710500	neg	0	1	0	0	0	0	1	0	0	0	0
chr4.13268500.13269000	neg	0	0	0	0	0	0	0	0	0	0	0
chr4.13665000.13665500	neg	0	0	0	0	0	0	0	0	0	0	0
chr4.13865500.13866000	neg	0	0	0	0	0	0	0	0	0	0	0
chr4.14443500.14444000	neg	0	0	0	0	0	0	0	0	0	0	0
chr4.14963000.14963500	neg	0	0	0	0	0	0	0	0	0	0	0
chr4.15526000.15526500	neg	0	0	0	0	0	0	0	0	0	0	0
chr4.15697500.15698000	neg	0	0	0	0	0	0	0	0	0	0	0
chr4.16433000.16433500	neg	0	1	0	0	0	0	1	0	0	0	0
chr4.16686000.16686500	neg	0	1	0	0	0	0	1	0	0	0	0
chr4.17166500.17167000	neg	0	1	0	0	0	0	1	0	0	0	0
chr4.17189500.17190000	neg	0	0	0	0	0	0	1	0	0	0	0
chr4.17595000.17595500	neg	0	1	0	0	0	0	1	0	0	0	0
chr4.17951500.17952000	neg	0	1	0	0	0	0	0	0	0	0	0
chr4.18317500.18318000	neg	0	0	0	0	0	0	1	0	0	0	0
chr4.18514500.18515000	neg	0	0	0	0	0	0	0	0	0	0	0
chr4.18525500.18526000	neg	0	0	0	0	0	0	1	0	0	0	0
chr4.18526000.18526500	neg	0	0	0	0	0	0	0	0	0	0	0
chr4.18674000.18674500	neg	0	0	0	0	0	0	0	0	0	0	0
chr4.18741000.18741500	neg	0	0	0	0	0	0	0	0	0	0	0
chr4.18906500.18907000	neg	0	0	0	0	0	0	0	0	0	0	0
chr4.19260000.19260500	neg	0	0	0	0	0	0	1	0	0	0	0
chr4.19260500.19261000	neg	0	0	0	0	0	0	0	0	0	0	0
chr4.19676500.19677000	neg	0	1	0	0	0	0	1	0	0	0	0
chr4.19746000.19746500	neg	0	1	0	0	0	0	1	0	0	0	0
chr4.19928000.19928500	neg	0	0	0	0	0	0	0	0	0	0	0
chr4.19979500.19980000	neg	0	0	0	0	0	0	0	0	0	0	0
chr4.20368500.20369000	neg	0	0	0	0	0	0	0	0	0	0	0
chr4.20692500.20693000	neg	0	0	0	0	0	0	0	0	0	0	0
chr4.20807000.20807500	neg	0	0	0	0	0	0	0	0	0	0	0
chr4.20826000.20826500	neg	0	0	0	0	0	0	0	0	0	0	0
chr4.21151500.21152000	neg	0	0	0	0	0	0	0	0	0	0	0
chr4.21523000.21523500	neg	0	0	0	0	0	0	0	0	0	0	0
chr4.21541500.21542000	neg	0	0	0	0	0	0	1	0	0	0	0
chr4.22041500.22042000	neg	0	0	0	0	0	0	0	0	0	0	0
chr4.22507500.22508000	neg	0	1	0	0	0	0	1	0	0	0	0
chr4.22874500.22875000	neg	0	1	0	0	0	0	1	0	0	0	0
chr4.22951000.22951500	neg	0	1	0	0	0	0	1	0	0	0	0
chr4.23037000.23037500	neg	0	1	0	0	0	0	1	0	0	0	0
chr4.23072000.23072500	neg	0	0	0	0	0	0	0	0	0	0	0
chr4.23400000.23400500	neg	0	1	0	0	0	0	0	0	0	0	0
chr4.24059500.24060000	neg	0	0	0	0	0	0	0	0	0	0	0
chr4.24070000.24070500	neg	0	0	0	0	0	0	0	0	0	0	0
chr4.24297500.24298000	neg	0	0	0	0	0	0	1	0	0	0	0
chr4.24298500.24299000	neg	0	0	0	0	0	0	0	0	0	0	0
chr4.24697500.24698000	neg	0	0	0	0	0	0	0	0	0	0	0
chr4.24817000.24817500	neg	0	1	0	0	0	0	1	0	0	0	0
chr4.25058500.25059000	neg	0	0	0	0	0	0	1	0	0	0	0
chr4.25131500.25132000	neg	0	1	0	0	0	0	1	0	0	0	0
chr4.25573500.25574000	neg	0	1	0	0	0	0	1	0	0	0	0
chr4.25627000.25627500	neg	0	1	0	0	0	0	1	0	0	0	0
chr4.25918000.25918500	neg	0	0	0	0	0	0	0	0	0	0	0
chr4.26155500.26156000	neg	0	1	0	0	0	0	1	0	0	0	0
chr4.26259500.26260000	neg	0	1	0	0	0	0	1	0	0	0	0
chr4.26555000.26555500	neg	0	0	0	0	0	0	0	0	0	0	0
chr4.26673500.26674000	neg	0	1	0	0	0	0	1	0	0	0	0
chr4.26792500.26793000	neg	0	0	0	0	0	0	0	0	0	0	0
chr4.26902500.26903000	neg	0	0	0	0	0	0	0	0	0	0	0
chr4.26928500.26929000	neg	0	0	0	0	0	0	0	0	0	0	0
chr4.26933000.26933500	neg	0	0	0	0	0	0	0	0	0	0	0
chr4.26946000.26946500	neg	0	0	0	0	0	0	0	0	0	0	0
chr5.83500.84000	neg	0	1	0	0	0	0	1	0	0	0	0
chr5.120000.120500	neg	0	1	0	0	0	0	1	0	0	0	0
chr5.288000.288500	neg	0	0	0	0	0	0	0	0	0	0	0
chr5.480500.481000	neg	0	1	0	0	0	0	1	0	0	0	0
chr5.884000.884500	neg	0	0	0	0	0	0	0	0	0	0	0
chr5.1073500.1074000	neg	0	1	0	0	0	0	1	0	0	0	0
chr5.1141000.1141500	neg	0	0	0	0	0	0	0	0	0	0	0
chr5.1931500.1932000	neg	0	0	0	0	0	0	0	0	0	0	0
chr5.2940000.2940500	neg	0	0	0	0	0	0	0	0	0	0	0
chr5.3173000.3173500	neg	0	1	0	0	0	0	0	0	0	0	0
chr5.3214000.3214500	neg	0	1	0	0	0	0	0	0	0	0	0
chr5.3410000.3410500	neg	0	1	0	0	0	0	1	0	0	0	0
chr5.3428500.3429000	neg	0	1	0	0	0	0	1	0	0	0	0
chr5.3464500.3465000	neg	0	0	0	0	0	0	1	0	0	0	0
chr5.3487000.3487500	neg	0	0	0	0	0	0	0	0	0	0	0
chr5.3526500.3527000	neg	0	0	0	0	0	0	0	0	0	0	0
chr5.3639500.3640000	neg	0	0	0	0	0	0	0	0	0	0	0
chr5.3874000.3874500	neg	0	0	0	0	0	0	0	0	0	0	0
chr5.4047000.4047500	neg	0	0	0	0	0	0	1	0	0	0	0
chr5.4054500.4055000	neg	0	0	0	0	0	0	1	0	0	0	0
chr5.4291500.4292000	neg	0	0	0	0	0	0	1	0	0	0	0
chr5.4489500.4490000	neg	0	1	0	0	0	0	0	0	0	0	0
chr5.4931500.4932000	neg	0	0	0	0	0	0	0	0	0	0	0
chr5.5603500.5604000	neg	0	0	0	0	0	0	0	0	0	0	0
chr5.5819500.5820000	neg	0	1	0	0	0	0	0	0	0	0	0
chr5.6406000.6406500	neg	0	1	0	0	0	0	1	0	0	0	0
chr5.6454000.6454500	neg	0	0	0	0	0	0	0	0	0	0	0
chr5.6488500.6489000	neg	0	0	0	0	0	0	0	0	0	0	0
chr5.7220500.7221000	neg	0	0	0	0	0	0	1	0	0	0	0
chr5.7344500.7345000	neg	0	0	0	0	0	0	0	0	0	0	0
chr5.7362500.7363000	neg	0	1	0	0	0	0	1	0	0	0	0
chr5.7620500.7621000	neg	0	1	0	0	0	0	0	0	0	0	0
chr5.8011000.8011500	neg	0	0	0	0	0	0	0	0	0	0	0
chr5.8027500.8028000	neg	0	1	0	0	0	0	0	0	0	0	0
chr5.8033500.8034000	neg	0	1	0	0	0	0	0	0	0	0	0
chr5.8060500.8061000	neg	0	0	0	0	0	0	0	0	0	0	0
chr5.8333500.8334000	neg	0	0	0	0	0	0	0	0	0	0	0
chr5.8826500.8827000	neg	0	1	0	0	0	0	1	0	0	0	0
chr5.8990500.8991000	neg	0	1	0	0	0	0	1	0	0	0	0
chr5.9325000.9325500	neg	0	1	0	0	0	0	1	0	0	0	0
chr5.9482500.9483000	neg	0	1	0	0	0	0	0	0	0	0	0
chr5.9532000.9532500	neg	0	0	0	0	0	0	0	0	0	0	0
chr5.9980500.9981000	neg	0	0	0	0	0	0	0	0	0	0	0
chr5.10078500.10079000	neg	0	1	0	0	0	0	1	0	0	0	0
chr5.10199000.10199500	neg	0	1	0	0	0	0	0	0	0	0	0
chr5.10247500.10248000	neg	0	1	0	0	0	0	0	0	0	0	0
chr5.10345000.10345500	neg	0	1	0	0	0	0	1	0	0	0	0
chr5.10540000.10540500	neg	0	0	0	0	0	0	0	0	0	0	0
chr5.10858500.10859000	neg	0	0	0	0	0	0	0	0	0	0	0
chr5.10874500.10875000	neg	0	1	0	0	0	0	0	0	0	0	0
chr5.11194000.11194500	neg	0	0	0	0	0	0	0	0	0	0	0
chr5.11714000.11714500	neg	0	1	0	0	0	0	0	0	0	0	0
chr5.12618500.12619000	neg	0	0	0	0	0	0	0	0	0	0	0
chr5.12623000.12623500	neg	0	1	0	0	0	0	0	0	0	0	0
chr5.12924000.12924500	neg	0	0	0	0	0	0	0	0	0	0	0
chr5.12965500.12966000	neg	0	0	0	0	0	0	0	0	0	0	0
chr5.13051500.13052000	neg	0	0	0	0	0	0	0	0	0	0	0
chr5.13061000.13061500	neg	0	0	0	0	0	0	1	0	0	0	0
chr5.13663500.13664000	neg	0	0	0	0	0	0	0	0	0	0	0
chr5.13777000.13777500	neg	0	1	0	0	0	0	1	0	0	0	0
chr5.13816000.13816500	neg	0	0	0	0	0	0	1	0	0	0	0
chr5.14312500.14313000	neg	0	1	0	0	0	0	1	0	0	0	0
chr5.14888000.14888500	neg	0	1	0	0	0	0	0	0	0	0	0
chr5.15130000.15130500	neg	0	1	0	0	0	0	1	0	0	0	0
chr5.15227000.15227500	neg	0	0	0	0	0	0	1	0	0	0	0
chr5.15500500.15501000	neg	0	0	0	0	0	0	0	0	0	0	0
chr5.15697500.15698000	neg	0	0	0	0	0	0	0	0	0	0	0
chr5.15762000.15762500	neg	0	0	0	0	0	0	0	0	0	0	0
chr5.16152500.16153000	neg	0	1	0	0	0	0	1	0	0	0	0
chr5.16156000.16156500	neg	0	0	0	0	0	0	0	0	0	0	0
chr5.16333500.16334000	neg	0	0	0	0	0	0	0	0	0	0	0
chr5.16378500.16379000	neg	0	0	0	0	0	0	0	0	0	0	0
chr5.16478500.16479000	neg	0	0	0	0	0	0	0	0	0	0	0
chr5.16511000.16511500	neg	0	0	0	0	0	0	0	0	0	0	0
chr5.16530500.16531000	neg	0	0	0	0	0	0	0	0	0	0	0
chr5.16847000.16847500	neg	0	0	0	0	0	0	1	0	0	0	0
chr5.17222000.17222500	neg	0	1	0	0	0	0	1	0	0	0	0
chr5.17387500.17388000	neg	0	1	0	0	0	0	0	0	0	0	0
chr5.18055500.18056000	neg	0	0	0	0	0	0	0	0	0	0	0
chr5.18070000.18070500	neg	0	0	0	0	0	0	0	0	0	0	0
chr5.18100500.18101000	neg	0	1	0	0	0	0	0	0	0	0	0
chr5.18523500.18524000	neg	0	1	0	0	0	0	0	0	0	0	0
chr5.18624500.18625000	neg	0	1	0	0	0	0	0	0	0	0	0
chr5.18746000.18746500	neg	0	0	0	0	0	0	0	0	0	0	0
chr5.18825000.18825500	neg	0	1	0	0	0	0	0	0	0	0	0
chr5.19513500.19514000	neg	0	1	0	0	0	0	0	0	0	0	0
chr5.19636500.19637000	neg	0	0	0	0	0	0	0	0	0	0	0
chr5.20416500.20417000	neg	0	0	0	0	0	0	1	0	0	0	0
chr5.20446000.20446500	neg	0	1	0	0	0	0	0	0	0	0	0
chr5.20536500.20537000	neg	0	0	0	0	0	0	0	0	0	0	0
chr5.20823000.20823500	neg	0	1	0	0	0	0	1	0	0	0	0
chr5.20912000.20912500	neg	0	0	0	0	0	0	0	0	0	0	0
chr5.21287500.21288000	neg	0	1	0	0	0	0	1	0	0	0	0
chr5.21858000.21858500	neg	0	1	0	0	0	0	0	0	0	0	0
chr5.21956500.21957000	neg	0	0	0	0	0	0	0	0	0	0	0
chr5.22101500.22102000	neg	0	0	0	0	0	0	0	0	0	0	0
chr5.22837000.22837500	neg	0	0	0	0	0	0	0	0	0	0	0
chr5.22840500.22841000	neg	0	0	0	0	0	0	0	0	0	0	0
chr5.23012500.23013000	neg	0	0	0	0	0	0	0	0	0	0	0
chr5.23040500.23041000	neg	0	1	0	0	0	0	1	0	0	0	0
chr5.23052500.23053000	neg	0	0	0	0	0	0	1	0	0	0	0
chr5.23130000.23130500	neg	0	1	0	0	0	0	0	0	0	0	0
chr5.23289000.23289500	neg	0	1	0	0	0	0	1	0	0	0	0
chr5.23502500.23503000	neg	0	0	0	0	0	0	0	0	0	0	0
chr5.24223000.24223500	neg	0	1	0	0	0	0	1	0	0	0	0
chr5.24997500.24998000	neg	0	0	0	0	0	0	0	0	0	0	0
chr5.24998000.24998500	neg	0	1	0	0	0	0	0	0	0	0	0
chr5.25041500.25042000	neg	0	0	0	0	0	0	0	0	0	0	0
chr5.25467000.25467500	neg	0	0	0	0	0	0	0	0	0	0	0
chr5.25606500.25607000	neg	0	0	0	0	0	0	1	0	0	0	0
chr5.25630000.25630500	neg	0	0	0	0	0	0	0	0	0	0	0
chr5.26002000.26002500	neg	0	1	0	0	0	0	1	0	0	0	0
chr5.26171500.26172000	neg	0	1	0	0	0	0	1	0	0	0	0
chr5.26347000.26347500	neg	0	1	0	0	0	0	1	0	0	0	0
chr5.26388000.26388500	neg	0	0	0	0	0	0	0	0	0	0	0
chr5.26704500.26705000	neg	0	0	0	0	0	0	0	0	0	0	0
chr6.105000.105500	neg	0	0	0	0	0	0	1	0	0	0	0
chr6.124500.125000	neg	0	0	0	0	0	0	1	0	0	0	0
chr6.204500.205000	neg	0	1	0	0	0	0	1	0	0	0	0
chr6.1004000.1004500	neg	0	0	0	0	0	0	0	0	0	0	0
chr6.1360500.1361000	neg	0	0	0	0	0	0	0	0	0	0	0
chr6.1787000.1787500	neg	0	0	0	0	0	0	1	0	0	0	0
chr6.1878000.1878500	neg	0	0	0	0	0	0	1	0	0	0	0
chr6.2286500.2287000	neg	0	0	0	0	0	0	0	0	0	0	0
chr6.2427500.2428000	neg	0	0	0	0	0	0	1	0	0	0	0
chr6.3124500.3125000	neg	0	1	0	0	0	0	0	0	0	0	0
chr6.3215500.3216000	neg	0	1	0	0	0	0	1	0	0	0	0
chr6.3272500.3273000	neg	0	1	0	0	0	0	1	0	0	0	0
chr6.3388000.3388500	neg	0	1	0	0	0	0	1	0	0	0	0
chr6.3402500.3403000	neg	0	1	0	0	0	0	0	0	0	0	0
chr6.3992000.3992500	neg	0	1	0	0	0	0	1	0	0	0	0
chr6.4375500.4376000	neg	0	1	0	0	0	0	0	0	0	0	0
chr6.4390000.4390500	neg	0	0	0	0	0	0	0	0	0	0	0
chr6.4686000.4686500	neg	0	0	0	0	0	0	1	0	0	0	0
chr6.5097500.5098000	neg	0	0	0	0	0	0	1	0	0	0	0
chr6.5314500.5315000	neg	0	0	0	0	0	0	0	0	0	0	0
chr6.5670500.5671000	neg	0	0	0	0	0	0	0	0	0	0	0
chr6.5879500.5880000	neg	0	0	0	0	0	0	1	0	0	0	0
chr6.5956000.5956500	neg	0	1	0	0	0	0	0	0	0	0	0
chr6.6098500.6099000	neg	0	0	0	0	0	0	0	0	0	0	0
chr6.6684000.6684500	neg	0	1	0	0	0	0	1	0	0	0	0
chr6.7088500.7089000	neg	0	0	0	0	0	0	0	0	0	0	0
chr6.7097500.7098000	neg	0	0	0	0	0	0	0	0	0	0	0
chr6.7343000.7343500	neg	0	1	0	0	0	0	1	0	0	0	0
chr6.7358000.7358500	neg	0	0	0	0	0	0	1	0	0	0	0
chr6.8103000.8103500	neg	0	0	0	0	0	0	0	0	0	0	0
chr6.8202000.8202500	neg	0	0	0	0	0	0	0	0	0	0	0
chr6.8301000.8301500	neg	0	0	0	0	0	0	0	0	0	0	0
chr6.8429500.8430000	neg	0	0	0	0	0	0	0	0	0	0	0
chr6.9044000.9044500	neg	0	1	0	0	0	0	1	0	0	0	0
chr6.9090000.9090500	neg	0	1	0	0	0	0	0	0	0	0	0
chr6.9201500.9202000	neg	0	1	0	0	0	0	1	0	0	0	0
chr6.9393000.9393500	neg	0	1	0	0	0	0	1	0	0	0	0
chr6.9810500.9811000	neg	0	0	0	0	0	0	1	0	0	0	0
chr6.9852500.9853000	neg	0	0	0	0	0	0	0	0	0	0	0
chr6.10390500.10391000	neg	0	1	0	0	0	0	1	0	0	0	0
chr6.10461500.10462000	neg	0	1	0	0	0	0	0	0	0	0	0
chr6.10637000.10637500	neg	0	0	0	0	0	0	0	0	0	0	0
chr6.10707000.10707500	neg	0	1	0	0	0	0	0	0	0	0	0
chr6.11168000.11168500	neg	0	0	0	0	0	0	0	0	0	0	0
chr6.11210000.11210500	neg	0	0	0	0	0	0	1	0	0	0	0
chr6.11215000.11215500	neg	0	0	0	0	0	0	0	0	0	0	0
chr6.11234000.11234500	neg	0	0	0	0	0	0	0	0	0	0	0
chr6.11938500.11939000	neg	0	0	0	0	0	0	1	0	0	0	0
chr6.11989000.11989500	neg	0	1	0	0	0	0	0	0	0	0	0
chr6.12033500.12034000	neg	0	1	0	0	0	0	1	0	0	0	0
chr6.12410500.12411000	neg	0	0	0	0	0	0	0	0	0	0	0
chr6.13242000.13242500	neg	0	1	0	0	0	0	0	0	0	0	0
chr6.13429500.13430000	neg	0	1	0	0	0	0	0	0	0	0	0
chr6.14243000.14243500	neg	0	1	0	0	0	0	1	0	0	0	0
chr6.14866000.14866500	neg	0	1	0	0	0	0	1	0	0	0	0
chr6.14935000.14935500	neg	0	0	0	0	0	0	0	0	0	0	0
chr6.15017000.15017500	neg	0	0	0	0	0	0	0	0	0	0	0
chr6.15210500.15211000	neg	0	1	0	0	0	0	1	0	0	0	0
chr6.16036500.16037000	neg	0	1	0	0	0	0	1	0	0	0	0
chr6.16059000.16059500	neg	0	1	0	0	0	0	1	0	0	0	0
chr6.17015500.17016000	neg	0	1	0	0	0	0	1	0	0	0	0
chr6.17295500.17296000	neg	0	1	0	0	0	0	0	0	0	0	0
chr6.18156500.18157000	neg	0	0	0	0	0	0	1	0	0	0	0
chr6.18232000.18232500	neg	0	0	0	0	0	0	0	0	0	0	0
chr6.18453500.18454000	neg	0	0	0	0	0	0	1	0	0	0	0
chr6.18458500.18459000	neg	0	1	0	0	0	0	1	0	0	0	0
chr6.18851000.18851500	neg	0	0	0	0	0	0	0	0	0	0	0
chr6.19778500.19779000	neg	0	1	0	0	0	0	0	0	0	0	0
chr6.20341000.20341500	neg	0	1	0	0	0	0	1	0	0	0	0
chr6.20599500.20600000	neg	0	0	0	0	0	0	0	0	0	0	0
chr6.20849500.20850000	neg	0	0	0	0	0	0	0	0	0	0	0
chr6.20887000.20887500	neg	0	0	0	0	0	0	1	0	0	0	0
chr6.20903000.20903500	neg	0	1	0	0	0	0	0	0	0	0	0
chr6.20911000.20911500	neg	0	0	0	0	0	0	0	0	0	0	0
chr6.21062500.21063000	neg	0	0	0	0	0	0	0	0	0	0	0
chr6.21099500.21100000	neg	0	1	0	0	0	0	1	0	0	0	0
chr6.21100000.21100500	neg	0	1	0	0	0	0	1	0	0	0	0
chr6.21251500.21252000	neg	0	0	0	0	0	0	0	0	0	0	0
chr6.21471000.21471500	neg	0	0	0	0	0	0	0	0	0	0	0
chr6.21472000.21472500	neg	0	1	0	0	0	0	1	0	0	0	0
chr6.21975500.21976000	neg	0	0	0	0	0	0	0	0	0	0	0
chr6.22179000.22179500	neg	0	1	0	0	0	0	1	0	0	0	0
chr6.22753000.22753500	neg	0	0	0	0	0	0	0	0	0	0	0
chr6.22859500.22860000	neg	0	0	0	0	0	0	0	0	0	0	0
chr6.23389500.23390000	neg	0	0	0	0	0	0	0	0	0	0	0
chr6.23601000.23601500	neg	0	1	0	0	0	0	1	0	0	0	0
chr6.23787000.23787500	neg	0	0	0	0	0	0	0	0	0	0	0
chr7.726000.726500	neg	0	1	0	0	0	0	1	0	0	0	0
chr7.1198000.1198500	neg	0	0	0	0	0	0	1	0	0	0	0
chr7.1268000.1268500	neg	0	0	0	0	0	0	0	0	0	0	0
chr7.1732000.1732500	neg	0	0	0	0	0	0	0	0	0	0	0
chr7.1743500.1744000	neg	0	0	0	0	0	0	0	0	0	0	0
chr7.2035000.2035500	neg	0	0	0	0	0	0	0	0	0	0	0
chr7.2335500.2336000	neg	0	1	0	0	0	0	1	0	0	0	0
chr7.2589500.2590000	neg	0	0	0	0	0	0	0	0	0	0	0
chr7.2950000.2950500	neg	0	0	0	0	0	0	0	0	0	0	0
chr7.3062500.3063000	neg	0	0	0	0	0	0	0	0	0	0	0
chr7.3172500.3173000	neg	0	0	0	0	0	0	0	0	0	0	0
chr7.3181500.3182000	neg	0	0	0	0	0	0	0	0	0	0	0
chr7.3710500.3711000	neg	0	0	0	0	0	0	0	0	0	0	0
chr7.3730000.3730500	neg	0	0	0	0	0	0	0	0	0	0	0
chr7.4095500.4096000	neg	0	1	0	0	0	0	1	0	0	0	0
chr7.5179000.5179500	neg	0	0	0	0	0	0	0	0	0	0	0
chr7.5465000.5465500	neg	0	1	0	0	0	0	1	0	0	0	0
chr7.5867500.5868000	neg	0	0	0	0	0	0	0	0	0	0	0
chr7.6369000.6369500	neg	0	1	0	0	0	0	1	0	0	0	0
chr7.6380500.6381000	neg	0	1	0	0	0	0	1	0	0	0	0
chr7.6661000.6661500	neg	0	0	0	0	0	0	0	0	0	0	0
chr7.7278500.7279000	neg	0	1	0	0	0	0	0	0	0	0	0
chr7.7464500.7465000	neg	0	1	0	0	0	0	1	0	0	0	0
chr7.7470500.7471000	neg	0	0	0	0	0	0	0	0	0	0	0
chr7.7541500.7542000	neg	0	1	0	0	0	0	1	0	0	0	0
chr7.7670000.7670500	neg	0	1	0	0	0	0	1	0	0	0	0
chr7.7865000.7865500	neg	0	1	0	0	0	0	0	0	0	0	0
chr7.8027500.8028000	neg	0	0	0	0	0	0	0	0	0	0	0
chr7.8829000.8829500	neg	0	0	0	0	0	0	1	0	0	0	0
chr7.8922500.8923000	neg	0	1	0	0	0	0	1	0	0	0	0
chr7.9013000.9013500	neg	0	1	0	0	0	0	1	0	0	0	0
chr7.9167000.9167500	neg	0	0	0	0	0	0	0	0	0	0	0
chr7.9661500.9662000	neg	0	1	0	0	0	0	1	0	0	0	0
chr7.10058000.10058500	neg	0	1	0	0	0	0	1	0	0	0	0
chr7.10311500.10312000	neg	0	0	0	0	0	0	1	0	0	0	0
chr7.10351000.10351500	neg	0	1	0	0	0	0	1	0	0	0	0
chr7.10683000.10683500	neg	0	1	0	0	0	0	1	0	0	0	0
chr7.10897000.10897500	neg	0	0	0	0	0	0	0	0	0	0	0
chr7.11526500.11527000	neg	0	1	0	0	0	0	1	0	0	0	0
chr7.11897000.11897500	neg	0	1	0	0	0	0	1	0	0	0	0
chr7.12358500.12359000	neg	0	0	0	0	0	0	0	0	0	0	0
chr7.12888500.12889000	neg	0	0	0	0	0	0	0	0	0	0	0
chr7.12922000.12922500	neg	0	0	0	0	0	0	0	0	0	0	0
chr7.13054500.13055000	neg	0	0	0	0	0	0	1	0	0	0	0
chr7.13148500.13149000	neg	0	1	0	0	0	0	1	0	0	0	0
chr7.13300500.13301000	neg	0	0	0	0	0	0	0	0	0	0	0
chr7.13506500.13507000	neg	0	1	0	0	0	0	1	0	0	0	0
chr7.13654500.13655000	neg	0	1	0	0	0	0	1	0	0	0	0
chr7.13883000.13883500	neg	0	1	0	0	0	0	1	0	0	0	0
chr7.14059000.14059500	neg	0	1	0	0	0	0	1	0	0	0	0
chr7.14062000.14062500	neg	0	1	0	0	0	0	1	0	0	0	0
chr7.14239500.14240000	neg	0	0	0	0	0	0	0	0	0	0	0
chr7.14417500.14418000	neg	0	0	0	0	0	0	0	0	0	0	0
chr7.14528000.14528500	neg	0	0	0	0	0	0	0	0	0	0	0
chr7.14642500.14643000	neg	0	0	0	0	0	0	1	0	0	0	0
chr7.14917000.14917500	neg	0	1	0	0	0	0	1	0	0	0	0
chr7.15073000.15073500	neg	0	1	0	0	0	0	1	0	0	0	0
chr7.15223500.15224000	neg	0	0	0	0	0	0	0	0	0	0	0
chr7.15650500.15651000	neg	0	1	0	0	0	0	0	0	0	0	0
chr7.15657000.15657500	neg	0	1	0	0	0	0	1	0	0	0	0
chr7.15687500.15688000	neg	0	1	0	0	0	0	1	0	0	0	0
chr7.15982500.15983000	neg	0	0	0	0	0	0	0	0	0	0	0
chr7.16122000.16122500	neg	0	0	0	0	0	0	0	0	0	0	0
chr7.16155500.16156000	neg	0	0	0	0	0	0	0	0	0	0	0
chr7.16159000.16159500	neg	0	0	0	0	0	0	0	0	0	0	0
chr7.16168500.16169000	neg	0	1	0	0	0	0	1	0	0	0	0
chr7.16589000.16589500	neg	0	1	0	0	0	0	1	0	0	0	0
chr7.16739500.16740000	neg	0	0	0	0	0	0	0	0	0	0	0
chr7.16799500.16800000	neg	0	1	0	0	0	0	0	0	0	0	0
chr7.17217500.17218000	neg	0	0	0	0	0	0	0	0	0	0	0
chr7.17488500.17489000	neg	0	0	0	0	0	0	1	0	0	0	0
chr7.17632500.17633000	neg	0	1	0	0	0	0	1	0	0	0	0
chr7.17728000.17728500	neg	0	0	0	0	0	0	0	0	0	0	0
chr7.18226000.18226500	neg	0	1	0	0	0	0	1	0	0	0	0
chr7.18842500.18843000	neg	0	1	0	0	0	0	0	0	0	0	0
chr7.18999500.19000000	neg	0	0	0	0	0	0	0	0	0	0	0
chr7.19149500.19150000	neg	0	1	0	0	0	0	1	0	0	0	0
chr7.19198000.19198500	neg	0	1	0	0	0	0	0	0	0	0	0
chr7.19437000.19437500	neg	0	0	0	0	0	0	0	0	0	0	0
chr7.19563000.19563500	neg	0	1	0	0	0	0	0	0	0	0	0
chr7.19789500.19790000	neg	0	1	0	0	0	0	1	0	0	0	0
chr7.19926500.19927000	neg	0	0	0	0	0	0	1	0	0	0	0
chr7.20248000.20248500	neg	0	0	0	0	0	0	1	0	0	0	0
chr7.20385500.20386000	neg	0	0	0	0	0	0	1	0	0	0	0
chr7.20623000.20623500	neg	0	1	0	0	0	0	1	0	0	0	0
chr7.20774500.20775000	neg	0	1	0	0	0	0	1	0	0	0	0
chr7.20908500.20909000	neg	0	1	0	0	0	0	0	0	0	0	0
chr7.20938000.20938500	neg	0	0	0	0	0	0	1	0	0	0	0
chr7.20959000.20959500	neg	0	1	0	0	0	0	0	0	0	0	0
chr7.21417000.21417500	neg	0	1	0	0	0	0	1	0	0	0	0
chr7.21479500.21480000	neg	0	1	0	0	0	0	0	0	0	0	0
chr7.21798000.21798500	neg	0	0	0	0	0	0	1	0	0	0	0
chr8.29000.29500	neg	0	1	0	0	0	0	1	0	0	0	0
chr8.41500.42000	neg	0	1	0	0	0	0	1	0	0	0	0
chr8.496500.497000	neg	0	1	0	0	0	0	1	0	0	0	0
chr8.568000.568500	neg	0	1	0	0	0	0	0	0	0	0	0
chr8.1912500.1913000	neg	0	1	0	0	0	0	1	0	0	0	0
chr8.2064000.2064500	neg	0	0	0	0	0	0	0	0	0	0	0
chr8.2123000.2123500	neg	0	0	0	0	0	0	0	0	0	0	0
chr8.2310500.2311000	neg	0	1	0	0	0	0	0	0	0	0	0
chr8.2539500.2540000	neg	0	0	0	0	0	0	0	0	0	0	0
chr8.3171500.3172000	neg	0	0	0	0	0	0	1	0	0	0	0
chr8.3244500.3245000	neg	0	0	0	0	0	0	0	0	0	0	0
chr8.3288000.3288500	neg	0	0	0	0	0	0	0	0	0	0	0
chr8.3412500.3413000	neg	0	1	0	0	0	0	1	0	0	0	0
chr8.3455000.3455500	neg	0	0	0	0	0	0	0	0	0	0	0
chr8.3702000.3702500	neg	0	0	0	0	0	0	0	0	0	0	0
chr8.3885000.3885500	neg	0	1	0	0	0	0	1	0	0	0	0
chr8.3921000.3921500	neg	0	0	0	0	0	0	0	0	0	0	0
chr8.3924000.3924500	neg	0	0	0	0	0	0	1	0	0	0	0
chr8.4033000.4033500	neg	0	0	0	0	0	0	0	0	0	0	0
chr8.4729500.4730000	neg	0	1	0	0	0	0	1	0	0	0	0
chr8.4915000.4915500	neg	0	0	0	0	0	0	0	0	0	0	0
chr8.4950500.4951000	neg	0	0	0	0	0	0	0	0	0	0	0
chr8.5033000.5033500	neg	0	1	0	0	0	0	0	0	0	0	0
chr8.5231000.5231500	neg	0	1	0	0	0	0	0	0	0	0	0
chr8.5432500.5433000	neg	0	1	0	0	0	0	0	0	0	0	0
chr8.6267000.6267500	neg	0	0	0	0	0	0	0	0	0	0	0
chr8.6559000.6559500	neg	0	0	0	0	0	0	0	0	0	0	0
chr8.6681000.6681500	neg	0	0	0	0	0	0	0	0	0	0	0
chr8.6721500.6722000	neg	0	0	0	0	0	0	0	0	0	0	0
chr8.7119500.7120000	neg	0	0	0	0	0	0	1	0	0	0	0
chr8.7495500.7496000	neg	0	1	0	0	0	0	0	0	0	0	0
chr8.7644500.7645000	neg	0	0	0	0	0	0	0	0	0	0	0
chr8.8083000.8083500	neg	0	1	0	0	0	0	1	0	0	0	0
chr8.8228000.8228500	neg	0	0	0	0	0	0	0	0	0	0	0
chr8.8228500.8229000	neg	0	0	0	0	0	0	1	0	0	0	0
chr8.8344500.8345000	neg	0	0	0	0	0	0	0	0	0	0	0
chr8.8744000.8744500	neg	0	0	0	0	0	0	0	0	0	0	0
chr8.9524000.9524500	neg	0	0	0	0	0	0	1	0	0	0	0
chr8.9636000.9636500	neg	0	0	0	0	0	0	1	0	0	0	0
chr8.9987000.9987500	neg	0	1	0	0	0	0	1	0	0	0	0
chr8.10106000.10106500	neg	0	1	0	0	0	0	1	0	0	0	0
chr8.10180000.10180500	neg	0	0	0	0	0	0	0	0	0	0	0
chr8.10598500.10599000	neg	0	0	0	0	0	0	0	0	0	0	0
chr8.10798500.10799000	neg	0	1	0	0	0	0	1	0	0	0	0
chr8.10992500.10993000	neg	0	0	0	0	0	0	0	0	0	0	0
chr8.11345000.11345500	neg	0	0	0	0	0	0	0	0	0	0	0
chr8.11434000.11434500	neg	0	1	0	0	0	0	0	0	0	0	0
chr8.11545500.11546000	neg	0	0	0	0	0	0	1	0	0	0	0
chr8.11683000.11683500	neg	0	1	0	0	0	0	0	0	0	0	0
chr8.11825000.11825500	neg	0	0	0	0	0	0	0	0	0	0	0
chr8.11930500.11931000	neg	0	0	0	0	0	0	0	0	0	0	0
chr8.12294000.12294500	neg	0	0	0	0	0	0	0	0	0	0	0
chr8.12770500.12771000	neg	0	1	0	0	0	0	1	0	0	0	0
chr8.12912500.12913000	neg	0	0	0	0	0	0	0	0	0	0	0
chr8.13636500.13637000	neg	0	0	0	0	0	0	0	0	0	0	0
chr8.13949500.13950000	neg	0	0	0	0	0	0	0	0	0	0	0
chr8.14321000.14321500	neg	0	0	0	0	0	0	1	0	0	0	0
chr8.14321500.14322000	neg	0	0	0	0	0	0	0	0	0	0	0
chr8.14724000.14724500	neg	0	1	0	0	0	0	1	0	0	0	0
chr8.14877500.14878000	neg	0	0	0	0	0	0	0	0	0	0	0
chr8.15080000.15080500	neg	0	1	0	0	0	0	1	0	0	0	0
chr8.16092500.16093000	neg	0	0	0	0	0	0	1	0	0	0	0
chr8.16109000.16109500	neg	0	0	0	0	0	0	1	0	0	0	0
chr8.16280000.16280500	neg	0	0	0	0	0	0	1	0	0	0	0
chr8.16848500.16849000	neg	0	0	0	0	0	0	0	0	0	0	0
chr8.17360500.17361000	neg	0	1	0	0	0	0	1	0	0	0	0
chr8.18266000.18266500	neg	0	1	0	0	0	0	1	0	0	0	0
chr8.18348000.18348500	neg	0	1	0	0	0	0	1	0	0	0	0
chr8.18739000.18739500	neg	0	0	0	0	0	0	0	0	0	0	0
chr8.18894500.18895000	neg	0	0	0	0	0	0	0	0	0	0	0
chr8.19707000.19707500	neg	0	1	0	0	0	0	0	0	0	0	0
chr8.20808000.20808500	neg	0	1	0	0	0	0	1	0	0	0	0
chr8.21081000.21081500	neg	0	0	0	0	0	0	0	0	0	0	0
chr8.21164000.21164500	neg	0	0	0	0	0	0	0	0	0	0	0
chrU.3772500.3773000	neg	0	0	0	0	0	0	0	0	0	0	0
chrV.625000.625500	neg	0	0	0	0	0	0	0	0	0	0	0
chrV.1503000.1503500	neg	0	0	0	0	0	0	1	0	0	0	0
chrV.1855500.1856000	neg	0	0	0	0	0	0	0	0	0	0	0
chrV.4184500.4185000	neg	0	0	0	0	0	0	0	0	0	0	0
chrV.4448000.4448500	neg	0	0	0	0	0	0	1	0	0	0	0
chrV.5318000.5318500	neg	0	0	0	0	0	0	1	0	0	0	0
chrV.7160000.7160500	neg	0	0	0	0	0	0	0	0	0	0	0
chrV.7178000.7178500	neg	0	0	0	0	0	0	0	0	0	0	0
chrV.7203500.7204000	neg	0	0	0	0	0	0	0	0	0	0	0
chrV.7347500.7348000	neg	0	0	0	0	0	0	0	0	0	0	0
chrV.7388500.7389000	neg	0	0	0	0	0	0	0	0	0	0	0
chrV.7502500.7503000	neg	0	0	0	0	0	0	0	0	0	0	0
unplaced-scaffold_054.1500.2000	neg	0	0	0	0	0	0	0	0	0	0	0
unplaced-scaffold_221.24000.24500	neg	0	0	0	0	0	0	0	0	0	0	0
unplaced-scaffold_231.3000.3500	neg	0	0	0	0	0	0	0	0	0	0	0
unplaced-scaffold_274.5500.6000	neg	0	0	0	0	0	0	0	0	0	0	0
unplaced-scaffold_291.2000.2500	neg	0	0	0	0	0	0	0	0	0	0	0
unplaced-scaffold_376.1000.1500	neg	0	0	0	0	0	0	0	0	0	0	0
unplaced-scaffold_380.7500.8000	neg	0	0	0	0	0	0	0	0	0	0	0
unplaced-scaffold_380.14500.15000	neg	0	0	0	0	0	0	0	0	0	0	0
unplaced-scaffold_399.8000.8500	neg	0	0	0	0	0	0	0	0	0	0	0
unplaced-scaffold_403.2500.3000	neg	0	0	0	0	0	0	0	0	0	0	0
