peak	Class	H2Aub	H2AZ	H3	H3K4me1	H3K4me3	H3K9ac	H3K9me1	H3K14ac	H3K27me1	H3K27me3	H3K36me3
chr1.175209.175310	pos	0	1	1	1	1	1	1	0	1	1	1
chr1.175686.175887	pos	0	1	1	1	1	1	1	0	1	1	1
chr1.176121.179014	pos	1	1	1	1	1	1	1	1	1	1	1
chr1.196397.198246	pos	1	1	1	1	1	1	1	1	1	1	1
chr1.237492.237992	pos	1	1	0	1	1	1	1	1	1	0	1
chr1.560792.561061	pos	1	1	1	1	1	1	1	0	1	1	0
chr1.591612.591710	pos	0	1	1	1	1	0	1	1	1	0	1
chr1.761919.762012	pos	0	1	1	0	0	0	1	0	0	0	0
chr1.793972.795516	pos	1	1	1	1	1	1	1	1	1	1	1
chr1.1448365.1448534	pos	0	1	0	1	1	1	0	1	0	0	1
chr1.2411735.2412314	pos	0	1	1	1	1	1	1	1	1	1	1
chr1.2413240.2413393	pos	0	1	1	1	1	1	1	1	1	1	1
chr1.3538390.3538480	pos	0	1	1	1	1	1	1	1	1	0	1
chr1.3610287.3610379	pos	0	0	1	0	0	0	1	0	1	0	0
chr1.3759627.3759697	pos	0	0	0	1	0	0	0	0	0	0	1
chr1.3868881.3869418	pos	0	1	1	1	1	1	1	0	1	1	1
chr1.3878677.3879228	pos	0	1	1	1	1	1	1	1	1	1	1
chr1.4129684.4129789	pos	0	1	1	1	1	1	1	0	1	0	1
chr1.4348816.4348920	pos	0	0	0	0	0	0	0	0	0	0	0
chr1.5382584.5382696	pos	0	0	1	0	0	1	1	0	1	0	0
chr1.5557662.5557770	pos	0	0	1	0	0	0	1	0	1	0	0
chr1.5765425.5765736	pos	0	1	1	1	1	1	1	1	1	1	1
chr1.5945367.5945440	pos	0	1	1	1	1	1	1	1	1	1	1
chr1.5990165.5990234	pos	0	1	0	1	0	0	1	1	1	0	1
chr1.6148055.6148260	pos	1	1	1	1	1	1	1	1	1	0	1
chr1.6236227.6236302	pos	0	0	0	0	0	0	1	0	1	0	0
chr1.6505638.6505938	pos	0	1	1	1	0	0	1	1	1	1	1
chr1.6832853.6832943	pos	0	0	0	1	0	0	0	0	0	0	1
chr1.6964446.6964546	pos	0	1	1	1	1	1	1	1	1	0	1
chr1.7466169.7466296	pos	0	1	1	1	1	1	1	1	1	0	1
chr1.7626237.7626574	pos	0	1	1	1	1	1	1	0	1	1	1
chr1.7975788.7975920	pos	0	0	0	0	0	0	1	0	1	0	0
chr1.8317533.8317923	pos	1	1	1	1	1	1	0	1	0	0	1
chr1.8641073.8641220	pos	0	1	1	1	1	1	1	0	1	0	1
chr1.8710731.8711363	pos	1	1	0	0	1	1	0	0	0	0	1
chr1.8830631.8830769	pos	0	1	0	1	1	0	0	1	0	0	1
chr1.8983773.8983949	pos	0	0	0	0	0	0	1	0	1	0	0
chr1.9083409.9084019	pos	1	1	0	1	1	1	0	1	0	1	0
chr1.9142538.9142897	pos	0	0	1	0	0	0	1	0	1	0	0
chr1.9239527.9239612	pos	0	1	0	1	1	1	1	0	1	1	1
chr1.9952433.9952743	pos	0	0	0	0	0	0	0	0	0	0	0
chr1.10338157.10338314	pos	0	0	1	0	0	0	1	0	1	0	0
chr1.10440421.10440647	pos	1	1	0	1	1	0	1	1	1	0	1
chr1.11294506.11294832	pos	0	1	1	1	1	1	1	1	1	1	1
chr1.11399860.11400015	pos	0	1	0	0	0	1	1	1	1	0	1
chr1.11467551.11467869	pos	0	1	1	1	1	1	1	0	1	1	1
chr1.12349827.12349896	pos	0	0	0	0	0	1	1	0	1	0	0
chr1.12590653.12590763	pos	0	0	1	1	1	0	0	1	0	0	1
chr1.12708853.12709624	pos	1	0	0	0	1	1	0	1	0	0	1
chr1.12810398.12810518	pos	0	1	1	1	0	1	1	1	1	0	1
chr1.12938129.12938212	pos	0	1	0	1	1	1	1	0	1	1	1
chr1.13094299.13094389	pos	0	1	0	0	0	1	1	0	0	0	1
chr1.13168339.13168569	pos	0	0	0	0	0	0	1	0	1	0	0
chr1.13276555.13277171	pos	0	1	1	1	1	1	1	0	1	1	1
chr1.13666420.13666635	pos	0	0	1	0	0	0	1	0	1	0	0
chr1.14255371.14255645	pos	0	0	1	0	0	0	1	0	1	1	1
chr1.14658323.14658402	pos	0	0	1	0	0	0	1	0	1	0	0
chr1.15156220.15156853	pos	0	1	1	1	1	1	1	1	1	1	1
chr1.15157005.15157461	pos	0	1	1	1	1	1	1	1	1	1	1
chr1.15163394.15163554	pos	0	1	1	1	1	1	1	1	1	1	1
chr1.15164268.15164880	pos	0	1	1	1	1	1	1	1	1	1	1
chr1.15266297.15266573	pos	0	1	1	1	1	1	1	0	1	1	1
chr1.15779956.15780070	pos	0	0	1	0	0	0	1	0	1	0	0
chr1.16001392.16001508	pos	0	0	1	0	0	0	1	0	1	0	0
chr1.16002038.16002103	pos	0	0	1	0	0	0	1	0	1	0	0
chr1.16002413.16002512	pos	0	0	1	0	0	0	1	0	1	0	0
chr1.16237285.16237352	pos	0	0	1	0	0	0	1	0	1	0	0
chr1.16278648.16278787	pos	0	0	0	0	0	0	1	0	1	0	0
chr1.16419165.16419728	pos	0	1	1	1	1	1	1	1	1	1	1
chr1.16433393.16433779	pos	0	0	1	0	0	0	1	0	1	1	0
chr1.17120700.17120801	pos	0	1	0	1	1	0	1	0	1	0	1
chr1.17238425.17238543	pos	0	0	0	1	0	0	1	0	1	0	0
chr1.17756697.17757066	pos	1	1	0	0	1	1	0	1	0	1	0
chr1.18300139.18300291	pos	1	0	1	0	1	1	0	1	0	0	1
chr1.18936756.18936863	pos	0	0	1	0	0	0	1	0	1	0	0
chr1.19050489.19051234	pos	0	1	1	1	1	1	1	0	1	1	1
chr1.19511790.19511887	pos	0	0	1	0	0	0	1	0	1	0	0
chr1.19529075.19529172	pos	0	1	0	0	0	0	1	1	0	0	0
chr1.19750867.19751008	pos	0	1	1	0	0	0	1	0	0	0	0
chr1.19814856.19816154	pos	0	1	1	1	1	1	1	1	1	1	1
chr1.19816254.19816847	pos	0	1	1	1	1	1	1	1	1	1	1
chr1.19858731.19858935	pos	1	0	0	0	1	0	0	0	0	0	1
chr1.20225486.20225981	pos	1	1	0	1	1	0	0	1	0	1	0
chr1.20533041.20533197	pos	0	0	1	0	0	0	1	0	1	0	0
chr1.20703757.20704053	pos	0	1	1	1	1	1	0	1	1	0	1
chr1.20863164.20863706	pos	0	1	1	1	0	1	1	0	1	1	0
chr1.20864005.20864224	pos	0	1	1	1	0	1	1	0	1	1	0
chr1.20916307.20916657	pos	0	1	1	0	0	1	1	1	1	0	1
chr1.20933014.20933184	pos	1	1	0	1	1	0	0	1	0	0	1
chr1.21927963.21928093	pos	0	1	1	1	1	0	0	0	1	0	1
chr1.22103763.22103846	pos	0	0	0	1	1	1	0	1	0	0	1
chr1.22338863.22338932	pos	0	0	1	0	0	0	1	0	1	0	0
chr1.23024062.23024132	pos	0	1	0	1	0	0	1	0	0	1	0
chr1.23160944.23161083	pos	0	1	1	0	1	1	1	1	1	0	1
chr1.23641918.23642141	pos	0	0	1	1	1	0	0	1	0	0	1
chr1.23809194.23809263	pos	0	0	1	0	0	0	1	0	1	0	0
chr1.24437596.24437910	pos	1	1	0	0	1	1	0	1	0	0	0
chr1.24616012.24616276	pos	0	0	0	0	1	1	0	1	0	0	1
chr1.25085731.25085991	pos	1	1	1	1	1	1	1	1	0	0	1
chr1.25927108.25927256	pos	1	1	0	1	1	1	1	1	1	0	1
chr1.26317835.26317926	pos	1	1	1	1	1	1	1	1	1	1	1
chr1.26337523.26337674	pos	0	1	0	1	1	1	0	1	0	0	1
chr1.26366436.26366935	pos	0	1	1	1	1	1	1	1	1	1	1
chr1.26367127.26367318	pos	0	1	1	1	1	1	1	1	1	1	1
chr1.26390623.26390779	pos	0	1	1	0	0	1	1	0	1	0	0
chr1.26611262.26611327	pos	0	0	0	1	0	0	0	0	0	0	1
chr1.26845617.26845683	pos	0	0	1	1	0	0	0	1	0	0	1
chr1.26917023.26917138	pos	0	0	0	1	1	0	0	1	0	0	1
chr1.27003249.27003354	pos	0	1	0	1	1	0	0	1	0	1	0
chr1.27127993.27128513	pos	1	1	0	0	1	1	0	0	0	1	0
chr1.27464006.27464073	pos	0	1	0	1	1	1	1	1	1	0	1
chr1.27490828.27490893	pos	0	1	0	1	0	0	0	1	0	0	1
chr1.27552120.27552372	pos	1	1	1	1	1	1	1	1	1	0	0
chr1.27641254.27641324	pos	0	0	1	0	0	0	1	0	0	0	0
chr1.28108016.28108583	pos	0	1	0	1	1	1	1	1	1	0	1
chr1.28583455.28583853	pos	0	1	0	0	1	0	1	0	0	0	1
chr1.28850377.28850596	pos	0	1	1	0	0	1	1	0	1	0	0
chr1.29029400.29029564	pos	0	1	1	0	1	1	1	0	1	0	0
chr1.29431267.29431340	pos	0	0	0	0	0	0	1	0	1	1	0
chr1.29450099.29452272	pos	1	1	1	1	1	1	0	1	0	0	0
chr1.29453719.29453855	pos	0	1	0	1	1	0	0	1	0	0	1
chr1.29501483.29501582	pos	0	0	1	0	0	0	1	0	1	0	0
chr1.29866687.29866957	pos	0	1	0	1	1	1	1	1	0	0	1
chr1.30160694.30160839	pos	0	1	1	1	1	1	1	0	1	1	1
chr1.30401372.30401472	pos	1	1	0	0	1	1	0	1	0	0	1
chr1.30457470.30457565	pos	1	1	1	1	1	0	1	1	1	1	1
chr2.414495.414639	pos	0	0	0	1	1	0	0	1	0	0	1
chr2.424129.424209	pos	0	0	1	1	0	0	0	1	0	0	1
chr2.686158.686261	pos	1	1	0	0	1	0	0	1	0	1	0
chr2.1068233.1068444	pos	1	1	1	1	1	0	0	1	1	1	0
chr2.1798968.1799104	pos	1	1	0	1	1	0	1	1	0	1	0
chr2.1886763.1887381	pos	0	1	1	1	1	1	1	0	1	1	0
chr2.2228286.2228379	pos	0	1	0	0	1	1	1	0	0	0	1
chr2.2517805.2518022	pos	0	1	0	0	1	0	1	1	1	0	0
chr2.2555428.2555575	pos	1	1	0	1	1	0	0	1	0	1	0
chr2.2711634.2711721	pos	0	0	0	0	0	0	0	0	0	1	0
chr2.2863078.2863158	pos	1	1	0	1	1	0	1	1	0	1	0
chr2.2904726.2904794	pos	0	0	0	0	0	0	1	0	1	0	0
chr2.3718005.3718222	pos	0	1	1	0	0	0	1	0	1	1	0
chr2.3849731.3849911	pos	1	1	0	1	1	0	0	1	0	1	0
chr2.3983653.3984187	pos	1	1	0	1	1	0	0	1	0	1	0
chr2.4434035.4434341	pos	0	0	1	1	1	1	1	1	1	0	1
chr2.4478492.4478716	pos	0	0	1	0	0	0	1	0	1	0	0
chr2.4662233.4662305	pos	0	0	0	0	0	0	1	0	1	0	0
chr2.4720763.4720852	pos	0	0	1	0	0	0	1	0	0	1	0
chr2.4848061.4848126	pos	0	0	0	1	0	0	0	1	0	0	1
chr2.5679433.5680765	pos	0	1	1	1	1	1	1	0	1	1	1
chr2.6340145.6340213	pos	0	0	0	0	0	0	1	0	0	1	0
chr2.7340320.7340507	pos	0	0	1	0	0	0	1	0	1	1	0
chr2.7514282.7514469	pos	0	0	1	0	0	0	1	0	1	0	0
chr2.7852680.7852791	pos	0	1	0	1	0	1	0	1	0	0	1
chr2.8049891.8050009	pos	0	0	0	0	0	0	1	0	1	0	0
chr2.8334007.8334199	pos	0	0	1	1	0	1	1	1	1	0	0
chr2.8585751.8585815	pos	1	0	1	1	1	0	0	1	0	0	1
chr2.8612162.8612327	pos	1	0	0	0	1	0	0	0	0	0	0
chr2.8862430.8862496	pos	1	1	1	1	1	0	0	1	0	1	0
chr2.8870166.8870231	pos	1	1	0	1	1	0	0	1	0	1	0
chr2.9579405.9579554	pos	0	1	1	1	1	1	1	1	1	1	1
chr2.9579895.9581426	pos	0	1	1	1	1	1	1	1	1	1	1
chr2.9654315.9654514	pos	0	1	1	0	0	0	1	0	0	1	0
chr2.9701469.9701586	pos	1	1	0	1	1	0	0	1	0	0	1
chr2.9811609.9811778	pos	0	0	1	0	0	0	1	0	1	0	1
chr2.9940983.9941121	pos	1	1	1	1	1	1	1	1	1	1	1
chr2.10204307.10204431	pos	1	1	0	0	0	1	1	0	1	1	0
chr2.10668801.10669250	pos	0	1	1	1	1	1	1	1	0	1	0
chr2.10756111.10756239	pos	0	0	1	1	1	1	0	1	0	0	1
chr2.10864434.10864536	pos	0	1	0	1	1	1	1	1	1	0	1
chr2.11064831.11065231	pos	0	1	0	1	0	0	1	1	1	0	1
chr2.11108579.11108698	pos	0	0	0	1	1	0	0	1	0	0	1
chr2.11203344.11203434	pos	1	1	0	1	1	1	0	1	0	0	0
chr2.11241035.11241295	pos	1	1	0	1	1	0	1	0	1	1	0
chr2.11786874.11787059	pos	0	1	0	1	0	0	0	1	0	0	1
chr2.11861595.11862204	pos	0	1	0	1	1	1	1	1	1	0	1
chr2.11963230.11963338	pos	1	1	1	1	1	0	0	1	0	1	0
chr2.12274517.12275430	pos	0	1	1	1	0	1	1	0	1	1	0
chr2.12275547.12275914	pos	0	1	1	1	0	1	1	0	1	1	0
chr2.12514142.12514241	pos	0	0	1	0	0	0	1	0	0	1	0
chr2.12637812.12638072	pos	0	1	0	1	1	1	1	1	1	1	1
chr2.12916884.12917950	pos	0	1	1	1	1	1	1	1	1	1	1
chr2.12920013.12920076	pos	0	1	1	1	0	1	1	0	1	0	0
chr2.12948687.12948971	pos	0	1	1	1	0	1	1	0	1	0	1
chr2.13075223.13075384	pos	0	0	1	0	0	0	1	0	1	0	0
chr2.13075812.13075913	pos	0	0	1	0	0	0	1	0	1	0	0
chr2.13096669.13096788	pos	0	1	1	0	0	1	1	0	0	0	0
chr2.13207932.13207999	pos	0	0	0	0	0	0	1	0	1	0	0
chr2.13219107.13219219	pos	0	1	1	0	1	1	1	1	1	0	1
chr2.13501231.13501627	pos	1	1	0	1	1	1	0	1	0	1	0
chr2.13835146.13835316	pos	1	1	1	1	1	0	0	1	1	0	0
chr2.13921434.13921562	pos	1	1	1	1	1	0	1	1	1	1	0
chr2.13932535.13932635	pos	1	1	1	1	1	1	1	1	0	1	0
chr2.15631809.15631908	pos	1	1	0	1	1	1	0	1	0	1	0
chr2.15647936.15648120	pos	0	0	0	0	0	0	1	0	0	1	0
chr2.15689823.15690136	pos	0	1	1	0	0	1	1	0	1	1	0
chr2.15950014.15950288	pos	0	1	1	1	0	0	1	0	1	0	1
chr2.15952832.15952901	pos	0	0	1	0	0	0	1	0	1	0	0
chr2.16366594.16366716	pos	0	0	0	0	0	0	1	0	1	1	0
chr2.16685478.16685674	pos	0	1	1	0	0	0	1	0	1	0	1
chr2.16918903.16919035	pos	1	1	1	1	1	1	1	1	0	1	1
chr2.17239113.17239735	pos	0	1	1	1	1	1	1	1	1	0	1
chr2.17403574.17403870	pos	0	0	1	1	1	1	1	0	1	0	1
chr2.18068542.18068687	pos	0	0	0	0	0	0	1	0	1	0	0
chr2.18087989.18088218	pos	0	0	1	0	0	1	1	0	1	1	0
chr2.19061758.19061873	pos	0	0	1	0	0	0	1	0	1	0	0
chr2.19141932.19142094	pos	0	0	1	1	0	0	0	1	0	0	1
chr2.19722686.19723958	pos	1	1	1	1	1	1	1	1	1	1	1
chr2.19731247.19731358	pos	0	0	0	0	0	0	1	0	1	0	0
chr2.19809077.19809182	pos	1	1	1	1	1	1	1	1	1	1	1
chr2.20054028.20054158	pos	1	1	0	1	1	0	0	1	0	1	0
chr2.20186760.20186834	pos	0	0	0	0	0	0	1	0	1	1	0
chr2.21160046.21160615	pos	0	1	1	1	1	1	1	0	1	1	0
chr2.21293590.21293847	pos	1	1	0	0	1	0	0	0	0	1	0
chr2.21374452.21374519	pos	0	0	0	1	1	0	0	1	0	0	1
chr2.21476172.21476270	pos	0	0	1	0	0	0	1	0	1	0	0
chr2.22079772.22080102	pos	1	1	1	1	1	1	1	1	1	1	0
chr2.22601920.22602453	pos	0	0	1	0	0	0	1	0	0	1	0
chr2.23711696.23711831	pos	0	1	1	1	1	0	0	1	1	0	1
chr2.23742119.23742415	pos	1	1	0	1	1	1	1	1	0	0	1
chr2.24060499.24060758	pos	1	1	0	1	1	1	1	1	0	0	1
chr2.24318922.24319015	pos	0	1	1	1	1	1	1	1	1	1	1
chr2.24319160.24319542	pos	0	1	1	1	1	1	1	1	1	1	1
chr2.24441993.24442066	pos	0	0	1	1	0	1	0	0	0	0	1
chr2.25223613.25223702	pos	0	0	0	0	0	0	1	0	1	0	0
chr2.25784554.25784675	pos	0	0	1	1	0	1	1	0	1	0	0
chr2.26699577.26699642	pos	0	1	0	1	0	0	1	0	0	1	0
chr2.26887320.26887422	pos	1	1	0	1	1	0	0	1	0	1	0
chr2.27103504.27103615	pos	1	1	0	1	1	0	1	1	0	1	0
chr2.27138993.27139088	pos	0	1	0	1	0	0	0	1	0	1	0
chr2.27437868.27437966	pos	0	1	0	1	1	0	0	1	0	1	0
chr2.27473464.27473622	pos	0	0	1	1	1	0	1	1	1	0	1
chr2.27646462.27646724	pos	0	0	1	0	0	1	1	0	1	0	0
chr2.27965565.27965715	pos	1	1	0	0	1	1	1	1	1	0	1
chr2.27996196.27996496	pos	0	1	1	1	1	1	1	1	1	1	1
chr2.29192680.29192916	pos	0	1	1	1	1	1	1	1	1	1	1
chr2.29513282.29513356	pos	0	0	0	0	0	0	1	0	1	0	0
chr2.29616233.29616940	pos	0	1	1	1	0	1	1	0	1	1	0
chr3.11379.11857	pos	0	1	0	0	1	1	0	1	0	0	1
chr3.193586.193677	pos	0	0	0	0	0	0	1	0	1	0	0
chr3.419138.419284	pos	0	1	1	0	0	0	1	0	1	0	0
chr3.500272.500785	pos	1	0	0	0	1	1	0	0	0	1	0
chr3.871375.871524	pos	0	1	0	0	0	0	1	0	0	0	0
chr3.1289731.1290132	pos	0	1	0	1	1	1	1	1	1	0	1
chr3.1422932.1423212	pos	0	0	1	1	1	0	0	1	0	0	1
chr3.1487214.1487451	pos	0	1	1	1	0	1	1	0	1	1	0
chr3.1806985.1807091	pos	0	0	1	0	0	0	1	0	1	0	0
chr3.2002273.2002503	pos	0	0	1	0	0	0	1	0	0	1	0
chr3.2310147.2310296	pos	0	0	1	1	0	0	0	0	0	0	1
chr3.2398389.2398465	pos	0	1	0	1	1	1	1	1	1	0	1
chr3.2549222.2549302	pos	1	1	1	1	1	0	0	1	0	0	0
chr3.2659368.2659527	pos	1	1	0	1	1	0	1	1	1	1	1
chr3.2776064.2776457	pos	0	1	1	0	0	0	1	0	1	0	0
chr3.4388153.4388317	pos	1	1	0	1	1	0	0	0	0	1	0
chr3.4501485.4501559	pos	0	1	1	0	0	0	1	0	1	0	0
chr3.5378042.5378309	pos	0	1	1	0	0	0	1	0	1	1	0
chr3.6538422.6538544	pos	1	1	1	0	0	0	1	0	0	0	0
chr3.6741912.6742431	pos	1	1	1	0	1	1	1	1	0	1	1
chr3.6863644.6863782	pos	0	0	0	0	0	0	1	0	1	0	0
chr3.7516537.7517226	pos	1	1	0	0	1	1	0	1	0	0	1
chr3.7521657.7521830	pos	0	1	1	1	1	1	1	1	1	0	1
chr3.7668652.7668724	pos	1	1	1	0	0	0	1	0	0	1	0
chr3.7825862.7826010	pos	1	1	0	1	1	0	0	1	0	0	1
chr3.7919418.7919484	pos	0	1	0	1	1	1	1	1	1	1	1
chr3.7920067.7920163	pos	0	1	0	1	1	1	1	1	1	1	1
chr3.7984573.7984683	pos	1	1	0	1	1	1	1	1	1	0	1
chr3.8074090.8074294	pos	0	1	0	1	1	1	1	0	1	1	0
chr3.8393592.8393698	pos	0	0	1	1	1	1	0	0	0	0	1
chr3.8617423.8617528	pos	0	0	1	0	0	0	1	0	1	0	0
chr3.9462064.9462210	pos	0	1	1	1	1	1	1	0	1	1	1
chr3.9464539.9464754	pos	1	1	0	1	1	0	0	1	0	1	0
chr3.9765986.9766086	pos	1	1	1	1	1	1	1	1	1	0	1
chr3.9832726.9832851	pos	0	1	1	0	0	0	1	0	1	1	0
chr3.10120965.10121054	pos	1	1	0	1	1	0	0	1	0	1	0
chr3.10792063.10792363	pos	0	0	1	1	0	1	1	1	1	1	0
chr3.10910422.10910643	pos	0	0	1	0	0	0	1	0	1	0	0
chr3.10914311.10914396	pos	0	0	0	1	0	0	1	0	1	1	0
chr3.11546349.11546619	pos	0	0	1	0	0	0	1	0	1	1	0
chr3.11832510.11832854	pos	0	1	1	1	1	0	1	1	1	1	1
chr3.12124983.12125085	pos	0	0	1	0	0	0	1	0	1	1	0
chr3.12150914.12151062	pos	0	0	1	0	0	0	1	0	0	1	0
chr3.12509750.12509916	pos	1	1	1	1	1	0	1	0	0	1	0
chr3.13137968.13138085	pos	0	1	1	1	0	0	1	0	0	1	0
chr3.13325291.13326665	pos	1	1	1	1	1	1	1	0	1	1	1
chr3.13327508.13327581	pos	0	1	1	1	1	1	0	0	0	1	1
chr3.13549793.13550084	pos	1	1	1	1	1	1	1	0	0	1	0
chr3.13557781.13557934	pos	1	1	1	1	1	0	1	1	0	1	0
chr3.13558403.13558545	pos	1	1	1	1	1	0	1	1	0	1	0
chr3.13846851.13846953	pos	1	1	0	1	1	0	0	1	0	1	0
chr3.14102930.14103370	pos	0	1	1	1	1	1	1	1	1	1	1
chr3.14283304.14283374	pos	0	1	0	1	0	0	0	0	1	0	0
chr3.14798833.14798901	pos	0	0	1	1	0	0	0	0	0	0	1
chr3.15046542.15046684	pos	1	1	0	1	1	1	1	1	1	0	1
chr3.15054751.15055335	pos	0	0	1	1	1	1	1	1	1	1	1
chr3.15338040.15338121	pos	0	1	1	1	0	1	1	0	1	0	1
chr3.15359274.15359380	pos	0	1	0	1	1	1	0	1	0	0	1
chr3.15868336.15868399	pos	0	0	0	0	0	0	1	0	1	0	0
chr3.15924187.15924397	pos	0	1	1	1	1	1	1	1	1	1	0
chr3.16015044.16015113	pos	0	0	1	0	0	0	1	0	1	0	0
chr3.16122473.16122667	pos	1	0	1	1	1	0	0	1	0	0	1
chr3.16729517.16729769	pos	1	1	0	1	1	1	1	1	1	1	0
chr3.16908727.16908820	pos	0	0	1	0	0	0	1	0	1	0	0
chr3.17405619.17405775	pos	0	0	1	0	0	0	1	0	1	0	0
chr3.17416302.17416378	pos	0	0	1	0	0	0	1	0	1	0	0
chr3.17676422.17676514	pos	1	1	0	1	1	0	1	1	0	1	0
chr3.17987998.17988139	pos	1	1	1	1	1	0	1	1	1	0	0
chr3.17996053.17996182	pos	0	0	0	0	0	0	1	0	1	0	0
chr3.18010170.18010298	pos	1	1	0	1	1	1	0	1	0	0	1
chr3.18316572.18316685	pos	0	1	0	1	0	0	1	1	1	0	0
chr3.18721964.18722055	pos	0	1	0	1	1	0	0	1	0	1	0
chr3.18732210.18732346	pos	1	1	0	1	1	0	0	1	0	1	0
chr3.18732526.18732614	pos	1	1	0	1	1	0	0	1	0	1	0
chr3.19087616.19087804	pos	0	1	1	1	1	1	1	1	1	1	1
chr3.19390507.19390613	pos	0	0	0	0	0	0	1	0	1	0	0
chr3.19466305.19466385	pos	0	0	0	0	0	0	0	0	0	0	0
chr3.19893324.19893400	pos	0	0	1	0	0	0	1	0	0	1	0
chr3.19962730.19963006	pos	1	1	0	1	1	0	0	1	0	1	0
chr3.21212312.21212466	pos	0	1	1	1	0	0	1	0	1	1	1
chr3.22696049.22696216	pos	0	1	1	0	0	1	1	1	0	0	1
chr3.22769066.22769158	pos	1	0	0	0	1	1	0	1	0	0	1
chr3.22897006.22897174	pos	0	0	1	1	1	0	0	1	0	0	1
chr3.22994251.22994320	pos	1	1	1	1	1	0	1	1	1	1	0
chr3.23572094.23572179	pos	0	0	0	0	0	0	1	0	1	0	0
chr3.23754767.23754855	pos	0	1	1	1	0	0	1	1	1	0	0
chr3.24278302.24278636	pos	0	1	1	1	0	0	1	0	1	0	1
chr3.25463483.25464109	pos	1	1	1	1	1	1	1	1	1	1	1
chr3.25464511.25464820	pos	1	1	1	1	1	1	1	1	1	1	1
chr3.25559721.25560304	pos	0	1	1	1	1	1	1	1	1	1	1
chr3.25838707.25838951	pos	0	1	1	1	1	0	1	1	1	1	0
chr3.26134315.26134695	pos	0	0	1	0	0	0	1	0	1	0	0
chr3.26177324.26177397	pos	0	0	1	0	0	1	1	0	0	0	0
chr3.26266544.26266626	pos	0	1	1	1	1	1	1	1	1	1	0
chr3.26449091.26449379	pos	0	1	0	0	0	0	1	0	1	1	0
chr3.26477387.26477515	pos	0	0	1	0	0	0	1	0	1	0	0
chr3.26597390.26597635	pos	0	0	1	0	0	0	1	0	1	0	0
chr3.27076209.27076277	pos	0	0	0	0	0	0	1	0	1	0	0
chr4.51925.52023	pos	0	1	0	1	1	1	1	1	1	0	1
chr4.199357.199461	pos	0	1	1	1	1	1	1	1	1	0	0
chr4.297220.297353	pos	1	1	1	0	1	1	1	0	0	1	0
chr4.591591.591784	pos	1	1	0	1	1	1	0	0	0	1	0
chr4.784321.784649	pos	0	0	1	0	0	1	1	0	1	1	0
chr4.1276424.1276634	pos	0	0	1	0	0	0	1	0	1	1	0
chr4.1923130.1923736	pos	0	1	0	1	1	1	0	1	0	0	1
chr4.2063045.2063338	pos	1	1	0	1	1	1	1	0	1	0	1
chr4.2270861.2270985	pos	0	1	1	1	0	1	1	1	0	0	1
chr4.2345731.2345816	pos	0	0	1	0	0	0	0	0	0	1	0
chr4.2521743.2521928	pos	0	1	1	1	1	1	1	1	1	0	1
chr4.3146431.3146785	pos	1	1	0	0	1	1	0	1	0	0	1
chr4.3150509.3150660	pos	0	1	0	1	1	1	1	0	1	0	1
chr4.3622273.3622616	pos	0	1	1	1	1	0	1	1	1	1	1
chr4.3645714.3645903	pos	0	1	0	0	1	0	1	0	1	1	0
chr4.4533784.4534319	pos	0	1	1	1	1	1	1	1	1	1	1
chr4.4552697.4554677	pos	1	1	1	1	1	1	1	1	1	1	1
chr4.5262825.5262947	pos	0	1	0	0	0	0	1	0	0	1	0
chr4.5326421.5326719	pos	0	1	0	1	1	0	1	1	0	1	0
chr4.5400909.5400995	pos	1	1	1	1	1	0	1	1	0	1	0
chr4.5764531.5764606	pos	1	1	0	1	1	0	0	1	0	1	0
chr4.5952664.5952981	pos	0	0	1	1	1	1	1	0	1	1	0
chr4.5965391.5965455	pos	0	1	0	1	1	1	1	1	1	0	1
chr4.6245905.6246428	pos	0	1	1	1	1	1	1	1	1	1	1
chr4.6560792.6561082	pos	1	1	0	1	1	0	0	1	0	0	1
chr4.7250891.7251124	pos	0	0	1	0	0	0	1	0	1	0	0
chr4.7935389.7935492	pos	0	1	1	1	1	1	1	1	0	0	1
chr4.8681229.8681369	pos	0	1	0	0	0	0	1	0	0	1	0
chr4.9063459.9063876	pos	0	0	1	0	0	1	1	0	1	0	0
chr4.9064599.9064844	pos	0	1	1	1	1	1	0	1	1	0	1
chr4.9137276.9137349	pos	0	1	0	1	0	1	1	0	1	1	1
chr4.9151378.9151517	pos	0	0	0	0	0	0	1	0	1	1	0
chr4.9473461.9473900	pos	0	0	1	0	0	1	1	0	0	1	0
chr4.9611795.9611869	pos	1	1	0	1	1	0	1	1	1	1	0
chr4.9621422.9622820	pos	0	1	1	1	1	1	1	1	1	1	1
chr4.9673566.9673658	pos	0	0	0	1	1	1	0	0	0	0	1
chr4.10248032.10248126	pos	0	1	0	1	1	1	1	1	0	0	0
chr4.10539792.10539861	pos	1	1	0	0	1	1	0	1	0	1	0
chr4.11043747.11043873	pos	0	1	0	0	1	0	1	0	0	1	0
chr4.11274357.11274591	pos	0	1	1	1	1	1	0	1	0	1	1
chr4.12330411.12330513	pos	0	0	1	0	0	0	1	0	1	0	0
chr4.12718422.12718699	pos	0	1	0	1	1	1	1	1	1	0	1
chr4.12803311.12803414	pos	0	1	1	1	0	0	1	0	1	0	0
chr4.12869049.12869311	pos	0	1	1	1	1	1	1	0	1	0	0
chr4.12878516.12878629	pos	0	1	0	1	0	0	1	0	1	0	1
chr4.12918837.12918957	pos	0	1	1	1	1	0	1	1	1	0	1
chr4.13080356.13080477	pos	0	1	0	0	0	1	0	0	0	0	0
chr4.14178781.14178967	pos	0	0	1	0	0	0	1	0	1	0	0
chr4.14325903.14325977	pos	1	1	0	1	1	0	0	1	0	1	0
chr4.15000771.15000902	pos	1	0	0	0	1	1	0	0	0	0	1
chr4.15348544.15348607	pos	0	0	0	0	0	0	1	0	0	1	0
chr4.16050301.16050597	pos	0	1	1	1	1	1	1	1	1	1	1
chr4.16512000.16512207	pos	0	0	0	0	0	0	1	0	1	0	0
chr4.16578752.16578822	pos	0	0	0	0	0	0	1	0	0	0	0
chr4.16617224.16617896	pos	1	1	1	1	1	1	1	0	1	1	1
chr4.16621482.16621601	pos	1	1	0	1	1	0	0	0	0	1	0
chr4.16624312.16624560	pos	1	1	0	0	1	0	0	0	0	1	0
chr4.17475015.17475148	pos	0	0	1	1	1	1	1	1	1	0	1
chr4.17475351.17475536	pos	0	0	1	1	1	1	1	1	1	0	1
chr4.18366458.18367247	pos	0	0	0	0	1	1	0	0	0	0	1
chr4.18633319.18633398	pos	0	0	1	0	0	0	1	0	1	1	0
chr4.18643662.18644024	pos	1	1	0	1	1	1	0	1	0	0	1
chr4.18875749.18875846	pos	1	1	1	1	1	0	0	1	0	1	0
chr4.18965072.18965164	pos	1	1	1	1	1	0	0	1	0	1	0
chr4.19233318.19233406	pos	1	1	0	1	1	1	0	1	1	0	0
chr4.19744179.19744505	pos	0	1	1	1	0	0	1	0	1	0	0
chr4.19875393.19875470	pos	0	1	0	0	0	0	1	0	1	1	0
chr4.19885891.19885983	pos	0	0	0	0	0	0	1	0	1	0	0
chr4.20509722.20509901	pos	0	1	1	1	1	1	1	1	1	0	1
chr4.20609828.20610069	pos	0	1	0	0	1	1	1	1	1	0	1
chr4.20812267.20813154	pos	1	1	1	1	1	1	1	1	1	1	1
chr4.21098632.21098997	pos	1	1	1	1	1	0	1	1	1	1	0
chr4.21442937.21443004	pos	0	0	0	0	0	0	1	0	1	0	0
chr4.21462629.21462818	pos	0	1	1	1	0	0	1	1	1	0	0
chr4.21542836.21542901	pos	0	0	0	0	0	0	1	0	1	1	0
chr4.21659806.21660025	pos	0	0	1	1	1	1	0	1	0	0	1
chr4.21863810.21863905	pos	1	1	0	1	1	0	1	1	0	1	0
chr4.21875508.21875686	pos	1	1	0	1	1	1	1	1	1	1	0
chr4.22162089.22162585	pos	0	1	1	1	1	1	1	1	1	0	1
chr4.22433158.22433337	pos	0	1	1	1	1	0	0	1	0	0	1
chr4.22888432.22888495	pos	0	0	1	0	0	0	1	0	1	0	0
chr4.22941190.22941831	pos	0	1	1	1	1	1	1	1	1	1	1
chr4.22947870.22947940	pos	0	0	0	0	0	0	1	0	1	0	0
chr4.22998501.22998741	pos	0	0	1	0	0	0	1	0	1	0	0
chr4.22999226.22999299	pos	0	0	1	0	0	0	1	0	1	0	0
chr4.23032195.23032276	pos	0	1	1	1	1	0	1	0	1	0	0
chr4.23300363.23300608	pos	0	1	0	0	1	1	0	1	0	1	1
chr4.23544321.23544508	pos	0	1	1	1	1	1	0	1	0	0	0
chr4.23876670.23877225	pos	1	1	1	1	1	1	0	1	0	0	1
chr4.24335404.24335622	pos	0	1	1	1	0	1	1	0	1	1	1
chr4.24504177.24504277	pos	0	1	1	1	0	1	1	0	0	0	0
chr4.24890218.24890659	pos	1	1	0	1	1	0	1	0	1	1	0
chr4.25056417.25056570	pos	1	1	0	1	1	0	1	0	1	1	0
chr4.25087287.25087375	pos	0	0	0	0	0	0	1	0	1	0	0
chr4.25098476.25098558	pos	0	0	0	1	0	0	0	0	0	0	1
chr4.25114507.25114599	pos	1	1	1	1	1	1	1	1	1	0	0
chr4.25232594.25232694	pos	0	1	1	0	0	1	0	0	0	0	0
chr4.25315477.25315566	pos	0	1	1	1	1	0	1	1	0	1	1
chr4.25364819.25364973	pos	1	1	0	1	1	1	0	1	0	0	1
chr4.26180802.26180882	pos	0	0	1	0	0	0	1	0	1	0	0
chr4.26211307.26211820	pos	0	0	1	0	0	1	1	0	1	0	0
chr4.26398310.26398656	pos	1	1	0	0	1	1	0	1	0	0	1
chr4.26513021.26513093	pos	0	0	0	1	0	0	0	1	0	0	1
chr4.26591638.26591803	pos	0	0	0	0	0	0	0	0	1	0	0
chr4.26693454.26693527	pos	0	0	1	0	0	0	1	0	1	0	0
chr5.62773.63101	pos	0	1	0	0	1	1	1	1	1	0	1
chr5.124761.124924	pos	0	1	1	1	0	0	1	1	1	0	1
chr5.159646.159989	pos	0	1	0	1	1	1	0	1	0	0	1
chr5.186906.187058	pos	1	1	0	1	1	1	1	1	1	0	0
chr5.399483.399738	pos	0	0	0	0	0	0	1	0	0	1	0
chr5.2402256.2402326	pos	1	1	0	1	1	1	1	1	0	0	1
chr5.3079046.3079139	pos	1	1	1	1	1	1	1	1	1	1	0
chr5.3192467.3192844	pos	0	1	1	1	0	0	1	1	0	1	0
chr5.3227799.3228091	pos	1	1	0	1	1	0	0	1	0	1	0
chr5.3468726.3468829	pos	0	0	0	1	0	0	0	1	0	0	1
chr5.3866329.3866433	pos	1	1	0	1	1	1	0	1	0	1	0
chr5.4049167.4049596	pos	1	1	1	1	1	1	0	1	0	0	0
chr5.4710553.4710733	pos	0	1	0	0	0	1	1	1	0	1	0
chr5.4729917.4729997	pos	0	0	0	1	0	0	1	0	0	0	1
chr5.4744281.4744396	pos	0	1	1	1	1	1	1	1	0	1	1
chr5.4760940.4761160	pos	0	0	1	0	0	0	1	0	1	1	0
chr5.4804213.4804320	pos	1	1	0	1	1	0	1	0	0	1	0
chr5.4927010.4927312	pos	1	1	0	0	1	1	0	1	0	0	0
chr5.4939614.4939800	pos	1	1	1	1	1	1	1	1	1	0	0
chr5.5846565.5846740	pos	0	1	0	1	1	1	1	1	1	0	1
chr5.5875312.5875758	pos	0	1	0	1	1	1	0	1	0	0	1
chr5.6342887.6343019	pos	0	1	1	1	1	1	1	0	1	1	1
chr5.6618147.6618313	pos	0	1	1	1	1	0	1	0	1	1	1
chr5.6638434.6638860	pos	0	1	1	1	0	1	1	0	1	1	0
chr5.7472590.7472659	pos	1	1	1	1	1	1	0	1	1	0	1
chr5.7640858.7640962	pos	0	0	0	0	0	0	1	0	0	1	0
chr5.8534823.8534939	pos	0	1	0	1	0	0	0	1	0	1	0
chr5.8929277.8929340	pos	0	1	0	1	1	0	1	1	1	0	1
chr5.9238112.9238193	pos	0	1	1	1	0	0	1	0	1	1	0
chr5.9714714.9715533	pos	1	1	0	1	1	1	0	1	0	0	0
chr5.9904269.9904345	pos	0	0	0	0	0	0	1	0	1	0	0
chr5.10131915.10132417	pos	1	1	1	1	1	1	1	1	1	1	1
chr5.10286601.10286703	pos	0	1	0	1	1	0	1	0	1	0	0
chr5.10386306.10387038	pos	0	1	0	1	1	0	0	1	0	0	1
chr5.10643499.10643634	pos	0	0	1	0	0	0	1	0	1	0	0
chr5.10648864.10648995	pos	0	0	0	0	0	0	1	0	1	0	0
chr5.10649172.10649334	pos	0	0	0	0	0	0	1	0	1	0	0
chr5.10983134.10983351	pos	0	1	0	1	1	1	1	1	1	1	1
chr5.11402914.11403052	pos	0	1	1	1	1	0	0	1	0	1	0
chr5.11423271.11424398	pos	0	1	1	1	1	1	1	0	1	1	1
chr5.11424584.11424720	pos	0	1	1	1	1	1	1	0	1	1	1
chr5.11567912.11569660	pos	1	1	1	1	1	1	1	1	1	1	1
chr5.11570145.11571610	pos	1	1	1	1	1	1	1	1	1	1	1
chr5.11571800.11572098	pos	1	1	1	1	1	1	1	1	1	1	1
chr5.11572803.11572920	pos	0	1	1	1	1	1	1	1	1	1	1
chr5.11682573.11682682	pos	0	0	0	1	1	1	0	0	0	0	1
chr5.11950034.11950138	pos	1	1	1	1	1	0	1	1	1	1	0
chr5.12133842.12134087	pos	1	1	0	0	1	1	0	1	0	0	1
chr5.13196368.13196567	pos	0	1	1	1	1	0	1	1	1	1	1
chr5.13216830.13217102	pos	1	1	1	1	1	1	1	1	0	1	0
chr5.13302061.13302252	pos	0	0	1	0	0	0	1	0	0	1	0
chr5.13412363.13413176	pos	1	1	1	1	1	0	1	1	0	1	0
chr5.13416033.13416190	pos	1	1	1	1	1	1	0	1	0	1	0
chr5.13742627.13742863	pos	0	1	1	1	1	1	1	1	1	1	1
chr5.13902592.13902696	pos	0	0	1	0	0	0	1	0	1	0	0
chr5.14206125.14206214	pos	0	1	1	1	0	0	1	0	0	1	0
chr5.14354176.14354247	pos	0	0	1	0	0	0	1	0	1	1	0
chr5.14404598.14404716	pos	0	0	0	1	0	0	0	0	0	0	1
chr5.14989827.14990008	pos	1	1	1	1	1	0	0	1	0	1	0
chr5.15097693.15097793	pos	0	0	1	0	0	0	1	0	0	1	0
chr5.15486764.15486926	pos	1	1	0	1	1	1	0	1	0	1	0
chr5.15569041.15569107	pos	0	0	0	1	0	0	0	1	0	0	1
chr5.16222653.16222750	pos	0	0	0	1	0	0	0	0	1	1	0
chr5.16926467.16926546	pos	0	1	0	1	1	0	1	1	0	1	1
chr5.17025773.17025866	pos	0	1	1	0	1	0	1	0	0	0	0
chr5.17132841.17133321	pos	0	1	1	1	1	1	1	1	1	1	1
chr5.17652385.17652602	pos	0	1	1	1	1	1	1	1	1	0	0
chr5.17730901.17730975	pos	0	1	1	0	0	1	1	1	1	1	0
chr5.18245179.18245242	pos	0	0	0	0	0	0	1	0	0	1	0
chr5.18320950.18321023	pos	0	0	1	0	0	0	0	0	0	1	0
chr5.18615562.18615717	pos	0	1	0	1	0	0	1	1	0	1	0
chr5.19011671.19011744	pos	0	1	0	1	1	0	1	0	1	0	1
chr5.19195340.19195461	pos	0	0	1	0	0	0	1	0	1	0	0
chr5.19281649.19281816	pos	0	1	1	1	1	1	1	1	1	0	0
chr5.19903659.19903758	pos	0	0	0	0	0	0	1	0	1	0	0
chr5.20091110.20091258	pos	0	0	0	0	0	0	1	0	1	0	0
chr5.20444893.20445463	pos	1	1	1	0	1	1	0	1	0	0	1
chr5.20504710.20504910	pos	1	1	1	1	1	0	1	1	0	1	0
chr5.20780262.20780402	pos	1	1	0	1	1	1	1	1	1	0	0
chr5.21033022.21033536	pos	1	1	1	1	1	1	1	1	0	1	0
chr5.21199241.21199408	pos	0	1	1	1	1	1	1	1	1	1	1
chr5.21421312.21421469	pos	0	1	1	0	1	0	1	1	0	1	0
chr5.21771993.21772056	pos	1	1	0	1	1	1	0	1	0	1	1
chr5.21816968.21817237	pos	1	1	0	1	1	1	0	1	0	0	1
chr5.22488846.22488956	pos	0	0	1	1	1	1	1	0	1	1	1
chr5.22597486.22597591	pos	0	0	1	1	0	0	0	0	0	0	1
chr5.22791652.22791723	pos	1	1	0	1	1	0	1	0	1	1	0
chr5.22931395.22931538	pos	0	0	0	0	0	0	1	0	0	1	0
chr5.23018760.23018933	pos	0	1	1	1	1	1	1	1	0	1	1
chr5.23019771.23019960	pos	0	1	1	1	1	1	1	1	1	1	1
chr5.23350814.23350947	pos	0	1	1	1	1	0	1	1	0	1	0
chr5.23631228.23631353	pos	1	1	1	1	1	0	1	1	1	1	0
chr5.24245884.24246162	pos	1	1	1	1	1	1	0	1	0	0	1
chr5.24256671.24256865	pos	0	1	0	1	1	0	1	0	0	0	1
chr5.24413677.24413741	pos	0	0	1	1	1	0	0	1	0	0	1
chr5.24422515.24422685	pos	1	1	0	1	1	1	0	1	0	0	1
chr5.24476048.24476243	pos	1	1	1	0	0	1	1	0	0	1	0
chr5.24555924.24556736	pos	0	1	1	1	0	1	0	1	0	1	1
chr5.24626424.24626544	pos	0	0	1	0	0	0	1	0	1	0	0
chr5.25071575.25071730	pos	0	1	0	1	1	1	1	1	1	0	1
chr5.25241690.25241894	pos	0	0	1	0	0	0	1	0	0	1	0
chr5.25242598.25243291	pos	0	1	1	0	0	1	1	0	0	1	0
chr5.25555378.25555635	pos	1	1	0	1	1	0	1	1	1	1	0
chr5.25584865.25584971	pos	0	1	0	1	1	1	1	1	1	0	0
chr5.26009304.26009399	pos	0	1	0	1	1	0	0	1	0	0	1
chr5.26172489.26172795	pos	0	1	1	1	0	0	1	0	1	1	1
chr5.26247528.26247604	pos	0	0	0	0	0	0	1	0	1	0	0
chr5.26559137.26559248	pos	1	1	0	1	1	1	0	1	0	0	0
chr5.26647694.26647871	pos	0	0	1	1	1	0	1	1	1	0	1
chr5.26677367.26677506	pos	1	1	1	1	1	1	1	1	1	0	1
chr6.525835.525936	pos	0	1	1	1	0	0	1	0	1	1	1
chr6.577543.577928	pos	0	0	1	0	0	0	1	0	1	0	0
chr6.887750.888125	pos	0	1	0	1	1	1	1	1	1	0	1
chr6.931737.931842	pos	0	0	0	0	0	0	1	0	1	1	0
chr6.1097776.1097942	pos	1	1	0	1	1	0	1	1	1	1	0
chr6.1285272.1285361	pos	0	1	1	0	0	1	1	1	0	0	0
chr6.1417487.1417933	pos	0	0	0	0	0	0	1	0	1	0	0
chr6.1790646.1790957	pos	0	1	1	1	1	1	1	0	1	1	0
chr6.1945759.1945850	pos	0	1	1	1	1	1	1	1	1	1	1
chr6.2195655.2195731	pos	1	1	1	1	1	0	0	1	0	0	1
chr6.2547343.2547470	pos	0	1	0	0	1	1	1	0	0	1	0
chr6.2703946.2704048	pos	0	1	0	1	0	0	1	0	1	0	0
chr6.3328640.3328811	pos	1	1	1	1	1	1	1	1	1	0	0
chr6.3336821.3337371	pos	1	1	0	0	1	1	0	1	0	0	1
chr6.3398057.3398223	pos	1	1	0	1	1	0	0	0	0	1	0
chr6.3843002.3843177	pos	0	0	0	1	0	0	0	0	0	0	1
chr6.4185622.4185901	pos	0	1	0	1	1	1	1	1	1	1	0
chr6.4905259.4905377	pos	0	1	1	1	1	1	1	0	0	0	0
chr6.4961662.4961847	pos	0	0	0	0	0	0	1	0	1	1	0
chr6.5086430.5086548	pos	1	1	0	0	1	1	0	1	0	0	0
chr6.5555732.5555807	pos	0	0	0	1	0	0	0	0	0	0	1
chr6.5569885.5570174	pos	0	1	0	1	1	1	1	1	1	0	1
chr6.5591461.5591602	pos	0	0	1	0	0	0	1	0	1	1	0
chr6.5626131.5626355	pos	1	1	0	1	1	0	0	1	0	1	0
chr6.5681606.5681697	pos	0	1	0	1	0	0	1	1	0	1	0
chr6.5902242.5902323	pos	0	1	0	1	1	0	1	1	0	0	1
chr6.6018485.6018902	pos	0	1	1	1	1	1	1	1	1	1	1
chr6.6020241.6022787	pos	0	1	1	1	1	1	1	1	1	1	1
chr6.6026470.6027123	pos	0	1	1	0	0	1	1	0	1	1	0
chr6.6163075.6163738	pos	0	1	0	1	1	1	1	1	0	0	1
chr6.6354007.6354316	pos	0	0	0	0	0	0	1	0	0	0	0
chr6.6484996.6485174	pos	0	0	0	0	0	0	1	0	1	0	0
chr6.6583360.6583455	pos	0	0	1	0	0	0	1	0	1	0	0
chr6.6804364.6804484	pos	0	0	0	0	0	0	0	0	0	1	0
chr6.7059768.7059893	pos	0	0	0	0	0	0	1	0	0	1	0
chr6.7152261.7152359	pos	0	1	0	1	1	1	1	1	1	1	1
chr6.7264985.7265076	pos	1	1	0	1	1	1	0	0	0	1	0
chr6.7440267.7440562	pos	0	1	0	1	1	1	1	1	0	0	1
chr6.7894131.7894234	pos	0	0	1	0	0	1	1	0	0	0	0
chr6.8007690.8007943	pos	1	1	0	1	1	1	1	1	1	0	1
chr6.8112801.8112869	pos	0	1	0	0	0	0	1	1	0	1	0
chr6.8253434.8253697	pos	0	0	1	0	0	0	1	0	0	1	0
chr6.8654495.8654621	pos	1	1	0	1	1	0	0	1	1	0	1
chr6.8763692.8763943	pos	0	0	1	0	0	0	1	0	1	1	0
chr6.9088632.9089553	pos	1	1	1	1	1	1	1	1	1	1	1
chr6.9865548.9865814	pos	0	1	1	1	0	0	0	1	1	0	1
chr6.9969637.9969829	pos	0	0	1	0	0	0	1	0	1	0	0
chr6.10062713.10062857	pos	0	1	0	1	1	1	1	1	1	0	1
chr6.10689033.10689161	pos	0	0	1	0	0	0	1	0	1	0	0
chr6.10824272.10824453	pos	0	1	1	1	0	1	0	1	0	0	1
chr6.10826094.10826161	pos	0	0	1	1	0	0	0	1	0	0	1
chr6.11037140.11037228	pos	1	1	0	1	1	1	0	1	0	0	0
chr6.11327047.11327186	pos	1	1	0	1	1	1	1	1	1	0	0
chr6.11460950.11461127	pos	0	0	1	0	0	0	1	0	1	0	0
chr6.11779445.11780489	pos	0	1	1	1	1	1	0	1	0	1	1
chr6.12411545.12411714	pos	1	1	1	1	1	0	0	1	0	1	0
chr6.12580492.12580719	pos	0	1	1	1	0	0	1	0	1	0	0
chr6.12895525.12895622	pos	1	1	0	1	1	0	1	1	0	1	0
chr6.13480497.13480665	pos	1	0	0	0	0	0	0	0	0	0	0
chr6.13570746.13570916	pos	0	0	0	0	0	0	1	0	1	1	0
chr6.13628389.13628613	pos	0	1	0	0	0	0	1	0	1	1	0
chr6.13760151.13760589	pos	1	1	0	1	1	1	0	1	0	0	1
chr6.13905828.13906479	pos	1	0	0	0	1	1	0	1	0	0	1
chr6.13993631.13993840	pos	1	1	0	1	1	0	0	1	0	1	0
chr6.14175149.14175278	pos	1	0	1	1	1	1	0	1	0	0	1
chr6.14349708.14350678	pos	1	1	0	1	1	0	1	1	0	0	0
chr6.14499184.14499292	pos	0	0	1	0	0	0	1	0	1	0	0
chr6.14622758.14623065	pos	0	1	1	1	0	0	1	1	0	1	0
chr6.14751547.14751671	pos	0	0	0	0	0	0	1	0	1	1	0
chr6.15429742.15430008	pos	0	1	1	0	1	0	1	1	1	0	1
chr6.15444533.15444642	pos	0	0	1	0	0	0	1	0	1	0	0
chr6.15459109.15459187	pos	0	0	0	0	0	0	1	0	1	0	0
chr6.15966075.15966233	pos	1	0	0	0	1	1	0	0	0	0	1
chr6.16369736.16369800	pos	0	0	1	0	0	0	0	0	0	1	0
chr6.16425746.16425930	pos	0	1	0	1	1	1	1	1	0	1	1
chr6.18034060.18034199	pos	1	1	0	1	1	0	0	1	0	0	1
chr6.18099101.18099387	pos	0	1	0	1	1	1	1	1	0	0	1
chr6.18194877.18195013	pos	0	1	0	0	0	1	1	1	0	1	0
chr6.18476776.18476894	pos	0	0	1	0	0	0	1	0	1	0	0
chr6.18809755.18809874	pos	0	1	0	0	1	1	0	1	0	1	0
chr6.19542418.19542603	pos	1	1	1	1	1	0	0	1	0	1	0
chr6.19992835.19992981	pos	0	1	1	1	1	0	0	0	0	1	0
chr6.20315083.20315338	pos	0	1	1	1	1	0	0	1	1	1	1
chr6.20502740.20502818	pos	0	0	0	0	0	0	0	0	1	0	0
chr6.20929807.20929999	pos	0	1	1	1	1	1	0	1	0	0	1
chr6.21277574.21277656	pos	0	0	1	0	0	0	1	0	1	0	0
chr6.21626993.21627543	pos	0	1	1	1	1	1	1	0	1	1	1
chr6.21986765.21986918	pos	1	1	0	1	1	1	1	1	0	0	1
chr6.22544817.22544919	pos	0	0	0	1	1	0	0	1	0	0	1
chr6.22806484.22806566	pos	1	1	0	1	1	0	1	1	1	1	0
chr6.23009578.23009671	pos	0	1	1	1	1	1	0	1	0	1	0
chr6.23713402.23713528	pos	0	0	0	1	0	0	1	1	0	0	1
chr6.23744980.23745286	pos	0	1	1	1	1	1	1	1	1	1	1
chr6.23745492.23746792	pos	0	1	1	1	1	1	1	1	1	1	1
chr6.23810422.23810561	pos	0	0	1	0	0	0	1	0	1	0	0
chr7.391843.391956	pos	0	0	1	1	0	1	1	0	1	0	0
chr7.492442.492914	pos	0	1	1	1	1	0	1	1	1	0	1
chr7.914751.914819	pos	0	0	0	0	0	0	0	0	0	0	0
chr7.1204822.1205117	pos	0	1	1	1	1	1	1	1	1	0	1
chr7.1290532.1291045	pos	0	1	1	1	1	1	1	1	1	1	1
chr7.1706467.1706572	pos	1	1	1	1	1	1	1	1	0	1	0
chr7.2256526.2256791	pos	0	1	0	1	1	1	0	1	1	0	1
chr7.2258006.2258133	pos	0	0	0	0	0	0	1	0	1	0	0
chr7.2545724.2545840	pos	0	1	1	0	0	0	1	0	1	0	0
chr7.3134154.3134329	pos	0	0	0	0	0	0	1	0	1	0	0
chr7.3306661.3306768	pos	0	0	1	0	0	0	1	0	1	1	0
chr7.3572186.3572296	pos	1	1	1	1	1	0	0	1	0	1	0
chr7.3898000.3898105	pos	1	1	0	1	1	0	1	1	0	1	0
chr7.4121123.4121190	pos	0	0	0	1	0	0	1	0	1	0	0
chr7.4274693.4274818	pos	0	1	1	0	0	0	1	0	1	0	0
chr7.4728363.4728634	pos	0	0	1	0	0	0	1	0	1	1	0
chr7.5003199.5003786	pos	0	1	1	1	0	1	0	0	0	1	1
chr7.5907551.5908109	pos	1	1	0	1	1	1	0	0	0	1	0
chr7.6471515.6471614	pos	0	1	0	1	1	0	0	1	0	1	0
chr7.6773464.6773547	pos	0	0	1	0	0	0	1	0	1	0	0
chr7.7039444.7039605	pos	1	1	0	1	1	0	0	1	0	1	0
chr7.7471013.7471122	pos	0	1	0	0	0	0	1	1	1	1	1
chr7.7528953.7529055	pos	0	0	0	0	0	0	1	0	1	0	0
chr7.8372763.8373086	pos	1	1	0	0	1	1	0	0	0	0	0
chr7.8411666.8412149	pos	1	1	0	0	1	1	0	1	0	0	0
chr7.8763283.8763367	pos	0	0	0	0	0	0	1	0	1	0	0
chr7.9350973.9351216	pos	1	1	0	1	1	1	0	1	0	0	1
chr7.9461483.9462752	pos	0	1	1	0	1	1	0	1	0	0	1
chr7.9698810.9699325	pos	0	1	0	1	1	1	1	1	1	1	1
chr7.9863720.9863846	pos	0	0	0	0	0	0	1	0	0	1	0
chr7.10016223.10016355	pos	0	1	0	1	0	0	1	0	1	0	0
chr7.10173976.10174053	pos	0	1	1	1	0	0	1	0	1	1	1
chr7.10681845.10681975	pos	0	0	1	0	0	0	1	0	1	0	0
chr7.10868286.10868393	pos	0	0	0	0	0	0	1	0	1	0	0
chr7.10888232.10888572	pos	0	1	0	1	1	1	0	1	0	0	1
chr7.11032648.11032757	pos	0	0	1	1	1	0	0	1	0	0	1
chr7.11140871.11140940	pos	0	1	0	1	0	0	1	1	1	0	0
chr7.11556116.11556187	pos	0	0	1	1	0	0	1	0	1	0	0
chr7.11628516.11628630	pos	0	0	1	0	0	0	1	0	1	0	0
chr7.11691943.11692052	pos	0	1	0	1	1	0	1	0	1	0	1
chr7.12115824.12116167	pos	1	1	1	1	1	1	1	0	0	1	1
chr7.12218235.12218409	pos	1	1	1	1	0	1	1	1	0	0	0
chr7.12378545.12378616	pos	1	1	1	1	1	0	1	1	1	1	1
chr7.12569225.12569419	pos	0	0	0	1	0	0	1	0	1	0	0
chr7.12853274.12853415	pos	0	1	0	0	0	0	1	1	1	0	0
chr7.13664400.13664600	pos	0	0	1	0	0	0	1	0	1	0	0
chr7.13790792.13791040	pos	0	1	0	1	1	0	1	1	1	0	1
chr7.13806186.13806339	pos	0	0	0	0	0	0	1	0	0	1	0
chr7.13975559.13976085	pos	0	1	1	1	1	1	1	1	1	1	1
chr7.15239460.15240097	pos	1	1	1	1	1	1	1	1	1	1	1
chr7.15396648.15396984	pos	0	0	0	0	0	0	1	0	1	0	0
chr7.15515996.15516148	pos	0	0	0	1	1	1	1	1	1	0	1
chr7.15897472.15897627	pos	0	0	1	0	0	0	1	0	1	0	0
chr7.16162129.16162575	pos	1	1	0	1	1	1	0	1	0	0	1
chr7.16553894.16553988	pos	0	1	1	0	0	0	1	1	1	1	0
chr7.16635887.16635986	pos	0	1	1	1	1	1	1	1	1	1	1
chr7.17013152.17013220	pos	0	1	1	1	1	0	1	0	1	1	1
chr7.17713603.17713708	pos	0	0	1	0	0	0	1	0	1	0	0
chr7.18107717.18107830	pos	0	0	0	0	0	1	0	0	0	0	1
chr7.18256580.18256677	pos	1	1	1	1	1	1	1	1	1	0	1
chr7.19472344.19472543	pos	0	1	1	1	1	1	1	1	0	0	1
chr7.19486750.19487112	pos	0	0	1	0	0	0	1	0	1	0	0
chr7.19629155.19629277	pos	0	0	0	0	0	0	1	0	1	0	0
chr7.19751685.19751836	pos	0	0	0	0	0	0	1	0	1	0	0
chr7.19754962.19755058	pos	0	1	0	0	1	1	1	0	0	0	0
chr7.20035423.20035587	pos	1	1	0	1	1	1	1	1	1	0	1
chr7.20797759.20797880	pos	0	0	1	1	0	0	0	1	0	0	1
chr7.20940604.20941027	pos	0	1	1	0	0	0	1	0	0	1	0
chr7.21696942.21697008	pos	0	1	1	0	0	0	1	0	1	0	0
chr7.21856464.21856920	pos	0	1	0	1	1	1	1	1	1	0	1
chr8.81496.81727	pos	0	0	0	0	0	0	1	0	1	0	0
chr8.168644.169087	pos	0	1	1	1	1	1	1	1	1	0	1
chr8.250417.250650	pos	0	0	1	1	1	1	1	0	1	1	0
chr8.250864.250985	pos	0	0	1	1	1	1	1	0	1	1	0
chr8.261575.261657	pos	0	0	1	0	0	0	1	0	1	0	0
chr8.988313.988405	pos	0	0	1	0	0	0	1	0	1	0	0
chr8.1474048.1474193	pos	0	0	1	0	0	0	1	0	1	1	0
chr8.2459555.2460259	pos	1	1	0	1	1	0	0	1	0	1	0
chr8.2484789.2485189	pos	0	1	0	0	1	1	0	0	0	0	1
chr8.2578256.2578566	pos	0	0	1	1	1	0	1	0	1	1	0
chr8.2593421.2593533	pos	1	1	0	1	1	0	0	1	1	0	0
chr8.2609653.2609980	pos	0	1	1	1	1	1	1	1	1	0	0
chr8.2893037.2893136	pos	0	1	0	1	1	1	1	1	0	1	1
chr8.3016097.3016199	pos	0	1	1	0	0	1	1	0	0	0	0
chr8.3307281.3307392	pos	0	1	1	0	0	1	1	0	1	1	0
chr8.3665663.3665856	pos	0	1	1	1	1	1	1	1	1	0	0
chr8.3793949.3794016	pos	0	0	0	0	0	0	1	0	1	0	0
chr8.3980376.3980454	pos	0	0	0	0	0	0	1	0	1	0	0
chr8.4307561.4307661	pos	0	1	1	1	1	0	1	0	1	1	0
chr8.4707373.4707553	pos	0	1	1	0	0	1	1	0	0	1	0
chr8.5455836.5455929	pos	0	1	1	1	1	1	1	1	1	1	1
chr8.5797511.5798088	pos	0	1	1	1	1	1	1	0	1	1	1
chr8.6359350.6359621	pos	0	0	1	0	0	1	1	0	0	0	0
chr8.6623472.6623626	pos	0	0	0	0	0	0	0	0	1	0	0
chr8.6650446.6650685	pos	0	0	1	0	0	0	1	0	1	0	0
chr8.6912169.6912648	pos	0	0	1	0	0	0	1	0	1	1	0
chr8.7082682.7082782	pos	1	1	0	1	1	1	1	1	1	0	0
chr8.7096974.7097073	pos	0	0	0	0	0	0	1	0	1	0	0
chr8.7145760.7145974	pos	0	1	0	1	1	1	0	1	0	0	1
chr8.7725050.7725205	pos	0	0	0	0	0	0	1	0	1	0	0
chr8.7830791.7830881	pos	0	0	0	1	0	0	0	1	0	0	1
chr8.8031259.8031406	pos	0	1	1	1	1	0	1	1	1	0	1
chr8.8767750.8768036	pos	0	0	1	0	0	0	1	0	1	0	0
chr8.9031966.9032220	pos	0	1	0	1	1	1	0	1	0	0	0
chr8.9230959.9231098	pos	0	0	1	0	0	0	1	0	1	0	0
chr8.9671725.9671940	pos	0	1	0	1	1	1	1	1	1	0	1
chr8.9713011.9713405	pos	0	1	1	0	0	1	1	0	1	1	0
chr8.9842101.9842236	pos	1	1	0	0	1	1	0	1	0	0	0
chr8.9887992.9888062	pos	0	0	1	0	0	0	1	0	1	0	0
chr8.10692614.10692682	pos	0	0	0	0	0	0	1	0	1	0	0
chr8.11013068.11013328	pos	0	0	0	0	0	1	1	1	0	1	0
chr8.11674498.11674580	pos	1	1	1	1	1	1	1	0	0	1	0
chr8.11675549.11675617	pos	0	1	1	1	0	0	1	0	0	1	0
chr8.11823219.11823834	pos	0	1	1	1	1	1	1	1	1	1	1
chr8.12273057.12273221	pos	0	1	0	0	1	1	1	1	1	0	1
chr8.12853675.12853799	pos	0	0	1	0	0	0	1	0	1	0	0
chr8.13012873.13012941	pos	0	0	1	0	0	0	1	0	1	1	0
chr8.13602637.13602751	pos	0	1	0	1	1	1	1	0	1	0	1
chr8.13786773.13786934	pos	1	1	0	0	1	1	0	1	0	1	1
chr8.13796922.13797140	pos	0	1	1	1	1	1	1	1	1	1	1
chr8.14330753.14330982	pos	0	0	1	0	0	0	1	0	1	0	0
chr8.14769129.14769572	pos	1	1	1	1	1	1	1	1	0	0	1
chr8.15016995.15017217	pos	0	1	1	1	0	0	1	0	1	0	0
chr8.15177505.15177613	pos	1	1	0	1	1	0	1	1	1	1	0
chr8.15234044.15234234	pos	0	0	1	0	0	0	1	0	1	0	0
chr8.15427053.15427303	pos	1	1	1	1	1	0	0	1	0	1	0
chr8.17132335.17132823	pos	0	0	1	0	0	0	1	0	0	1	0
chr8.17132936.17133125	pos	0	0	1	0	0	0	1	0	0	1	0
chr8.17733250.17733332	pos	0	1	1	0	1	1	1	0	0	0	0
chr8.18202383.18202479	pos	0	0	0	0	0	1	0	1	0	1	0
chr8.18385527.18385642	pos	0	1	1	0	0	0	1	0	1	0	1
chr8.18778828.18778907	pos	0	0	0	0	0	0	0	0	0	0	0
chr8.19146996.19147080	pos	0	0	1	1	0	0	0	1	0	0	1
chr8.19796027.19796144	pos	0	0	0	0	0	0	1	0	1	0	0
chr8.20175483.20175546	pos	0	0	1	0	0	0	1	0	1	0	0
chr8.20194112.20194263	pos	0	0	0	0	0	0	1	0	1	0	0
chr8.20328076.20328215	pos	0	0	0	0	0	0	1	0	1	0	0
chr8.20398120.20398258	pos	1	1	0	1	1	0	0	1	0	1	0
chr8.20446489.20446703	pos	0	1	0	1	1	0	0	1	0	1	0
chr8.20504227.20504636	pos	0	1	1	1	0	1	1	0	1	1	1
chr8.20544717.20544850	pos	0	1	1	1	1	0	1	0	1	1	1
chr8.20915365.20915504	pos	1	1	0	1	1	0	1	1	0	1	0
chr8.21164998.21165203	pos	0	1	0	1	1	0	1	1	1	0	1
chrU.127601.127764	pos	0	0	0	0	0	0	0	0	0	0	0
chrU.256247.256344	pos	0	0	0	0	0	0	0	0	0	0	0
chrU.756518.756582	pos	0	0	0	0	0	0	0	0	0	0	0
chrU.1776806.1777052	pos	0	0	0	0	0	0	0	0	0	0	0
chrU.1793742.1794110	pos	0	0	0	0	0	0	0	0	0	0	0
chrU.2969655.2970034	pos	0	0	0	0	0	0	0	0	0	0	0
chrU.3440059.3440163	pos	0	0	1	0	0	0	0	0	0	0	0
chrU.3440658.3440732	pos	0	0	1	0	0	0	0	0	0	0	0
chrU.3845129.3845252	pos	0	0	0	0	0	0	0	0	0	0	0
chrU.4022100.4022173	pos	0	0	0	0	0	0	0	0	0	0	0
chrU.4309971.4310335	pos	0	0	1	0	0	0	0	0	0	0	0
chrU.4419115.4419311	pos	0	0	0	0	0	0	0	0	0	0	0
chrV.207943.208062	pos	0	0	0	0	0	0	1	0	1	0	1
chrV.244593.244781	pos	0	0	1	0	0	0	1	0	1	0	0
chrV.1305556.1305644	pos	0	0	0	0	0	0	1	0	1	0	0
chrV.1351649.1352056	pos	0	0	1	0	0	0	1	0	1	0	0
chrV.1632218.1632283	pos	0	0	0	1	0	0	0	0	0	0	1
chrV.1667667.1667859	pos	0	1	0	0	1	1	1	1	1	0	1
chrV.1900184.1900324	pos	0	0	0	0	0	0	1	1	1	0	0
chrV.2029897.2030170	pos	0	1	1	1	1	1	1	1	1	0	1
chrV.2276773.2276859	pos	0	0	1	1	0	0	0	0	0	0	1
chrV.2316931.2317035	pos	0	0	0	0	0	0	1	0	1	0	0
chrV.3090072.3090282	pos	0	0	1	0	0	0	1	0	1	0	0
chrV.3403298.3403361	pos	0	0	0	0	0	0	1	0	1	0	0
chrV.3456957.3457122	pos	0	0	0	0	0	0	1	0	1	0	0
chrV.3472420.3472560	pos	0	0	0	0	0	0	1	0	1	0	0
chrV.3608225.3608384	pos	0	0	0	0	0	0	1	0	1	0	0
chrV.3783816.3783915	pos	0	0	1	0	0	0	1	0	1	0	0
chrV.4080147.4080221	pos	0	0	1	1	0	0	0	0	0	0	1
chrV.4099879.4100292	pos	0	1	1	1	1	0	1	1	1	0	1
chrV.4175490.4175569	pos	0	0	0	0	0	0	1	0	1	0	0
chrV.4296348.4296499	pos	0	0	0	0	0	0	1	0	1	0	0
chrV.4317858.4318060	pos	0	1	1	0	1	1	1	1	1	0	1
chrV.4551239.4551302	pos	0	0	0	0	0	0	1	0	1	0	0
chrV.4572348.4572791	pos	0	1	1	1	0	0	1	0	1	1	0
chrV.5889834.5889897	pos	0	0	0	0	0	0	1	0	1	0	0
chrV.5950381.5950519	pos	0	0	0	0	0	0	1	0	1	0	0
chrV.6135525.6135816	pos	0	1	1	1	1	1	1	1	1	0	1
chrV.6208445.6208687	pos	0	0	0	0	0	0	1	0	1	0	1
chrV.7016553.7020140	pos	1	1	1	1	1	1	1	1	1	1	1
chrV.7021661.7022094	pos	1	1	1	1	1	1	1	1	1	1	1
chrV.7395203.7396734	pos	1	0	1	1	1	1	1	1	1	1	1
chrV.7396808.7397237	pos	1	0	1	1	1	1	1	1	1	1	1
chrV.7397677.7397935	pos	1	0	1	1	1	1	1	1	1	1	1
chrV.7398160.7400077	pos	1	0	1	1	1	1	1	1	1	1	1
chrV.7404076.7404474	pos	1	0	1	1	1	1	1	1	1	1	1
chrV.7408048.7409441	pos	1	0	1	1	1	1	1	1	1	1	1
unplaced-scaffold_056.5020.5093	pos	0	1	0	1	1	0	0	0	0	1	0
unplaced-scaffold_056.8605.8979	pos	0	1	1	1	1	0	0	1	0	1	0
unplaced-scaffold_250.16488.16632	pos	1	1	1	1	1	1	1	1	1	1	1
chr1.74500.75000	neg	0	0	0	0	0	0	0	0	0	0	0
chr1.106500.107000	neg	0	0	0	0	0	0	0	0	0	0	0
chr1.146000.146500	neg	0	0	0	0	0	0	0	0	0	0	0
chr1.498000.498500	neg	0	0	0	0	0	0	1	0	1	0	0
chr1.530500.531000	neg	0	1	1	1	1	1	1	1	0	0	1
chr1.746500.747000	neg	0	0	0	0	0	0	1	0	1	0	0
chr1.750500.751000	neg	0	1	0	1	1	1	1	1	1	0	1
chr1.1077500.1078000	neg	0	0	0	0	0	0	1	0	1	0	0
chr1.1194500.1195000	neg	1	1	0	1	1	0	0	1	0	1	0
chr1.1195000.1195500	neg	1	1	0	1	1	1	1	1	1	1	1
chr1.1678000.1678500	neg	0	0	0	1	0	0	1	0	1	0	0
chr1.2082500.2083000	neg	0	1	0	0	0	0	1	1	1	0	0
chr1.3422000.3422500	neg	0	1	1	1	1	0	1	0	1	0	1
chr1.3533500.3534000	neg	0	1	0	1	1	1	1	1	0	0	1
chr1.3703500.3704000	neg	0	1	1	0	0	1	1	1	0	0	0
chr1.4538000.4538500	neg	0	1	0	0	0	0	0	0	0	0	1
chr1.5074500.5075000	neg	0	1	0	1	1	1	1	1	1	0	1
chr1.5254500.5255000	neg	0	1	1	0	0	0	1	0	1	0	0
chr1.5272000.5272500	neg	0	1	0	1	1	1	1	1	0	1	1
chr1.6169000.6169500	neg	0	0	1	0	0	0	1	0	1	0	0
chr1.6317500.6318000	neg	0	1	0	1	1	1	1	1	1	0	1
chr1.6321500.6322000	neg	1	1	1	1	0	1	1	1	1	0	0
chr1.6864500.6865000	neg	0	1	1	1	1	1	1	1	0	0	1
chr1.6985500.6986000	neg	0	0	1	0	0	0	1	0	1	0	0
chr1.7038000.7038500	neg	0	1	0	1	1	1	1	1	1	0	1
chr1.7092000.7092500	neg	0	1	0	1	0	0	1	0	1	0	0
chr1.7179500.7180000	neg	1	1	1	1	1	0	0	1	1	1	0
chr1.7240500.7241000	neg	0	0	0	1	1	0	1	0	1	0	1
chr1.7404500.7405000	neg	0	1	0	1	0	1	1	1	0	0	1
chr1.7422000.7422500	neg	0	1	0	0	0	0	0	0	0	0	1
chr1.7486500.7487000	neg	0	0	0	1	0	0	1	0	1	0	0
chr1.7524500.7525000	neg	0	0	0	0	0	0	1	0	1	0	0
chr1.8307500.8308000	neg	0	1	1	1	1	1	1	0	0	0	1
chr1.8542000.8542500	neg	1	1	0	1	1	0	0	1	0	1	0
chr1.8562000.8562500	neg	1	1	0	1	1	0	1	1	0	1	0
chr1.8981000.8981500	neg	0	0	1	0	0	0	1	0	1	0	0
chr1.9146500.9147000	neg	0	1	1	1	1	0	1	0	1	0	0
chr1.9294500.9295000	neg	0	0	0	0	0	1	1	0	1	0	0
chr1.9321000.9321500	neg	0	1	0	1	1	0	0	1	0	1	0
chr1.9421500.9422000	neg	0	1	0	0	1	1	1	1	1	0	1
chr1.9573500.9574000	neg	0	1	0	1	1	1	1	1	1	0	1
chr1.10250500.10251000	neg	1	1	1	1	0	1	1	1	1	0	0
chr1.10510000.10510500	neg	1	1	0	1	1	0	0	0	0	0	0
chr1.10591000.10591500	neg	0	0	0	0	0	0	1	0	1	0	0
chr1.11102500.11103000	neg	0	0	0	0	0	0	1	0	1	0	0
chr1.11282000.11282500	neg	0	1	0	1	1	1	1	0	1	0	1
chr1.11640000.11640500	neg	0	0	1	0	0	0	1	0	1	0	0
chr1.11675000.11675500	neg	1	1	0	1	1	1	1	1	1	1	0
chr1.11701500.11702000	neg	0	0	0	0	0	0	1	0	1	0	0
chr1.11789500.11790000	neg	0	0	0	0	0	0	1	0	1	0	0
chr1.12068000.12068500	neg	0	1	1	1	1	1	1	1	1	0	1
chr1.12258500.12259000	neg	1	1	0	1	1	1	1	1	1	1	1
chr1.12282500.12283000	neg	0	0	1	0	0	0	1	0	1	0	0
chr1.12376000.12376500	neg	0	1	0	0	1	0	1	1	1	0	1
chr1.13143000.13143500	neg	0	0	0	0	0	1	1	0	1	0	0
chr1.13274000.13274500	neg	0	1	0	1	0	1	1	0	1	0	1
chr1.13276000.13276500	neg	0	1	1	1	1	1	1	0	1	1	1
chr1.13297500.13298000	neg	1	1	0	1	1	1	1	1	1	0	1
chr1.13425500.13426000	neg	0	1	1	0	1	1	1	1	1	0	1
chr1.13486000.13486500	neg	1	1	0	0	1	0	1	0	1	0	0
chr1.13503500.13504000	neg	0	1	0	0	0	0	1	0	1	0	0
chr1.13549500.13550000	neg	0	1	1	1	0	0	1	0	1	0	0
chr1.13693500.13694000	neg	0	0	0	0	0	0	1	0	1	0	0
chr1.13901000.13901500	neg	0	1	1	1	1	1	1	1	0	0	1
chr1.14050500.14051000	neg	1	1	0	1	1	0	0	1	0	1	0
chr1.14635500.14636000	neg	0	0	1	0	0	0	1	0	1	0	0
chr1.14888500.14889000	neg	0	0	1	1	0	0	1	0	1	0	1
chr1.15064000.15064500	neg	0	1	1	1	1	1	1	1	1	0	1
chr1.15126500.15127000	neg	0	1	1	1	1	0	1	0	0	0	1
chr1.15503500.15504000	neg	0	1	0	0	0	0	1	0	0	0	1
chr1.15560000.15560500	neg	1	1	0	1	1	0	1	1	1	0	1
chr1.15709500.15710000	neg	0	1	0	1	1	1	1	1	1	0	1
chr1.16143000.16143500	neg	0	1	0	1	1	1	1	1	1	0	1
chr1.16616000.16616500	neg	1	1	1	1	1	1	0	1	0	1	0
chr1.16631500.16632000	neg	0	1	1	0	0	0	1	0	0	0	0
chr1.16730000.16730500	neg	0	0	0	0	0	0	1	0	1	0	0
chr1.16996000.16996500	neg	0	0	0	0	0	0	0	0	0	0	0
chr1.17298000.17298500	neg	0	1	0	0	0	0	1	1	0	0	1
chr1.17500500.17501000	neg	1	1	0	1	1	1	1	1	1	0	1
chr1.17833500.17834000	neg	0	0	1	0	0	0	1	0	1	0	0
chr1.18647000.18647500	neg	1	1	0	0	1	0	0	1	0	1	0
chr1.18965500.18966000	neg	0	1	0	0	0	1	1	1	1	0	1
chr1.19521000.19521500	neg	0	1	0	1	1	1	1	1	0	0	1
chr1.19820000.19820500	neg	0	0	0	0	0	0	1	1	1	0	0
chr1.19963000.19963500	neg	0	1	0	1	1	1	1	1	1	0	1
chr1.20010000.20010500	neg	0	1	1	1	1	0	0	1	0	0	1
chr1.20864500.20865000	neg	0	1	1	1	0	1	1	1	1	0	0
chr1.20980500.20981000	neg	0	1	0	1	1	1	1	1	1	0	1
chr1.21177000.21177500	neg	1	1	0	1	1	1	1	1	1	0	1
chr1.21707000.21707500	neg	0	0	1	1	0	0	1	0	1	0	0
chr1.22002500.22003000	neg	0	0	1	0	0	0	1	0	1	0	0
chr1.22420000.22420500	neg	0	0	0	0	0	0	1	0	1	0	0
chr1.23159500.23160000	neg	0	1	0	0	0	0	1	0	1	0	0
chr1.23324000.23324500	neg	1	1	1	0	1	1	0	0	0	0	0
chr1.24071000.24071500	neg	0	0	0	1	0	1	1	0	1	0	1
chr1.24117000.24117500	neg	1	1	0	1	1	1	1	0	1	0	0
chr1.24117500.24118000	neg	0	1	0	1	1	1	1	0	1	0	0
chr1.24155000.24155500	neg	0	0	0	0	0	0	1	0	1	0	0
chr1.24227000.24227500	neg	0	1	1	1	1	1	1	1	0	0	1
chr1.24542500.24543000	neg	0	1	1	1	0	0	1	0	1	0	0
chr1.25072500.25073000	neg	1	1	0	1	1	0	1	1	1	0	1
chr1.25477000.25477500	neg	0	1	0	0	0	0	1	0	1	0	0
chr1.25548000.25548500	neg	0	1	1	1	0	1	1	1	1	0	1
chr1.25651500.25652000	neg	0	1	0	0	0	0	1	0	1	0	1
chr1.26033000.26033500	neg	0	0	0	0	0	0	0	0	0	0	0
chr1.26171500.26172000	neg	0	0	0	1	0	0	1	1	1	0	0
chr1.26237000.26237500	neg	0	1	0	0	1	1	1	1	1	0	1
chr1.26616500.26617000	neg	0	1	0	1	1	0	1	0	1	0	1
chr1.26970500.26971000	neg	1	1	0	1	1	0	1	1	0	0	1
chr1.27083000.27083500	neg	0	0	0	0	0	0	1	0	1	0	1
chr1.27417500.27418000	neg	0	0	0	0	0	0	1	0	1	0	0
chr1.27970500.27971000	neg	1	1	0	1	1	0	1	1	0	1	0
chr1.28512000.28512500	neg	0	1	0	1	1	0	1	0	1	1	0
chr1.28925500.28926000	neg	0	0	1	1	0	0	1	0	0	1	0
chr1.29100500.29101000	neg	0	1	0	1	1	1	1	1	1	1	0
chr1.29356000.29356500	neg	0	1	1	1	1	0	1	0	0	1	1
chr1.29631500.29632000	neg	0	0	1	1	0	0	1	0	1	0	1
chr1.29883500.29884000	neg	1	1	0	1	1	1	0	1	1	0	1
chr1.30163000.30163500	neg	0	0	1	0	0	0	1	0	1	0	0
chr1.30188500.30189000	neg	0	1	0	1	1	1	0	0	0	0	1
chr1.30298500.30299000	neg	0	0	0	0	0	0	1	0	1	0	0
chr2.90500.91000	neg	0	1	0	1	1	1	1	0	1	0	1
chr2.667500.668000	neg	1	1	1	1	1	1	1	1	0	0	1
chr2.854000.854500	neg	0	0	0	0	0	0	1	0	1	0	0
chr2.1053500.1054000	neg	0	0	1	0	0	1	1	0	1	0	0
chr2.1071500.1072000	neg	1	1	0	1	1	0	0	1	1	1	0
chr2.1136500.1137000	neg	0	1	1	0	1	1	1	0	1	0	0
chr2.1665500.1666000	neg	0	1	1	1	1	1	1	0	0	0	1
chr2.1771000.1771500	neg	0	0	0	0	0	0	0	0	0	0	0
chr2.1853000.1853500	neg	0	0	0	0	0	0	0	0	0	0	0
chr2.1935500.1936000	neg	1	1	0	1	1	0	0	1	0	1	0
chr2.2062000.2062500	neg	1	1	1	1	1	1	0	1	0	1	0
chr2.2111500.2112000	neg	0	1	1	1	1	1	1	1	1	1	1
chr2.2292000.2292500	neg	1	1	0	1	1	0	1	0	0	1	0
chr2.2295500.2296000	neg	1	1	0	1	1	0	1	1	0	1	0
chr2.2520000.2520500	neg	1	1	0	1	0	0	1	1	1	0	0
chr2.2581000.2581500	neg	0	1	0	0	0	0	1	0	0	1	0
chr2.3171000.3171500	neg	0	0	1	1	0	1	1	0	1	0	1
chr2.3408000.3408500	neg	0	0	0	0	0	0	1	0	1	0	0
chr2.3421500.3422000	neg	0	1	0	1	1	1	1	1	1	0	1
chr2.3472000.3472500	neg	1	0	0	0	1	1	0	0	0	0	1
chr2.3556000.3556500	neg	1	1	1	0	1	1	0	1	0	0	1
chr2.3776000.3776500	neg	0	1	1	0	1	0	1	0	0	1	0
chr2.3868500.3869000	neg	1	1	1	1	1	0	0	1	0	1	0
chr2.3903500.3904000	neg	1	1	0	1	1	0	0	1	0	1	0
chr2.3976500.3977000	neg	0	1	0	0	0	1	1	0	1	0	0
chr2.4608500.4609000	neg	1	1	0	1	1	0	0	1	0	0	0
chr2.4609500.4610000	neg	1	1	0	1	1	0	0	1	0	0	0
chr2.4726500.4727000	neg	0	0	0	0	0	0	0	0	0	1	0
chr2.4966000.4966500	neg	0	1	1	0	0	0	1	0	1	0	0
chr2.5662500.5663000	neg	1	1	0	1	1	0	1	1	0	1	0
chr2.5947000.5947500	neg	0	1	1	1	1	1	1	1	1	0	1
chr2.6356500.6357000	neg	0	1	1	0	0	1	1	1	1	0	0
chr2.6636000.6636500	neg	0	1	0	1	1	0	0	1	0	1	0
chr2.6787000.6787500	neg	0	1	0	0	0	0	0	0	0	1	0
chr2.7151000.7151500	neg	0	1	1	0	1	0	1	0	1	0	1
chr2.7215500.7216000	neg	0	1	0	1	0	0	1	1	1	0	1
chr2.8033500.8034000	neg	0	1	0	1	1	1	1	1	0	0	1
chr2.8054500.8055000	neg	0	1	0	0	0	1	1	1	1	0	0
chr2.8059000.8059500	neg	1	1	1	0	1	1	0	1	0	1	0
chr2.8319000.8319500	neg	0	1	1	1	1	0	1	0	1	0	1
chr2.8757000.8757500	neg	0	1	0	0	0	0	1	1	1	0	1
chr2.8799000.8799500	neg	0	1	1	1	1	1	1	0	0	0	1
chr2.9490000.9490500	neg	1	1	0	1	1	0	1	1	1	0	1
chr2.9588000.9588500	neg	0	1	0	1	1	0	0	1	0	0	1
chr2.9745500.9746000	neg	0	1	0	0	1	1	1	1	1	0	1
chr2.9993000.9993500	neg	1	1	0	1	1	0	0	1	0	1	0
chr2.10018000.10018500	neg	0	1	0	1	1	0	0	1	0	1	0
chr2.10144500.10145000	neg	1	1	0	0	1	1	0	0	0	0	0
chr2.10322000.10322500	neg	0	1	0	1	1	0	1	1	1	0	1
chr2.10514500.10515000	neg	0	1	0	0	1	1	1	0	1	0	1
chr2.10887500.10888000	neg	0	0	0	0	0	0	1	0	1	0	0
chr2.11207000.11207500	neg	1	1	0	1	1	0	1	0	0	0	0
chr2.11222500.11223000	neg	0	1	1	1	1	1	1	1	0	0	1
chr2.11281500.11282000	neg	0	1	1	1	1	1	1	1	1	0	1
chr2.11699000.11699500	neg	1	1	0	1	1	0	1	1	1	1	1
chr2.12454500.12455000	neg	1	1	0	0	1	1	0	0	0	1	0
chr2.12455000.12455500	neg	1	1	0	0	1	1	0	1	0	1	0
chr2.12571500.12572000	neg	1	1	0	1	1	0	1	0	1	0	0
chr2.12683000.12683500	neg	1	1	0	1	1	0	0	1	0	1	0
chr2.13586500.13587000	neg	0	0	0	0	0	0	1	0	1	0	0
chr2.13762500.13763000	neg	0	1	0	1	1	1	1	0	1	0	1
chr2.14571500.14572000	neg	1	1	1	1	1	1	0	1	1	0	0
chr2.14693000.14693500	neg	1	1	1	1	1	0	1	1	1	1	1
chr2.14701500.14702000	neg	0	1	0	1	1	0	1	1	1	0	1
chr2.14702000.14702500	neg	0	1	0	1	0	0	1	1	1	0	0
chr2.14768000.14768500	neg	0	0	1	0	0	0	1	0	1	0	0
chr2.15131500.15132000	neg	0	1	0	0	0	1	1	0	0	0	1
chr2.15282500.15283000	neg	1	1	0	1	1	0	0	0	0	1	0
chr2.15659000.15659500	neg	0	1	1	0	0	0	1	1	0	1	0
chr2.15888000.15888500	neg	1	1	0	1	1	0	0	1	0	1	0
chr2.16252000.16252500	neg	0	1	0	1	0	1	1	1	0	0	1
chr2.16533500.16534000	neg	0	1	0	1	1	1	1	1	1	0	1
chr2.16617500.16618000	neg	0	0	0	0	0	0	1	0	1	0	0
chr2.16831000.16831500	neg	0	0	0	0	0	0	0	0	0	1	0
chr2.17117000.17117500	neg	1	1	0	1	0	0	1	1	1	1	0
chr2.17817000.17817500	neg	0	0	1	0	0	0	1	0	1	0	0
chr2.18102500.18103000	neg	1	1	0	1	1	1	0	1	0	0	0
chr2.18171500.18172000	neg	1	1	0	1	1	1	0	1	0	1	1
chr2.18216000.18216500	neg	1	1	0	1	1	0	0	1	0	0	0
chr2.19073000.19073500	neg	0	1	1	0	0	1	1	1	0	0	0
chr2.19136500.19137000	neg	1	1	1	1	1	1	1	0	0	0	1
chr2.19194000.19194500	neg	1	1	1	1	1	1	1	1	1	0	1
chr2.19623500.19624000	neg	0	1	0	0	1	1	1	1	1	0	1
chr2.19799000.19799500	neg	1	1	0	0	1	0	0	0	0	1	0
chr2.20391500.20392000	neg	1	1	1	1	1	1	1	1	1	1	1
chr2.20879500.20880000	neg	0	0	0	0	0	0	1	0	0	1	0
chr2.20914500.20915000	neg	0	0	0	0	0	0	1	0	0	1	0
chr2.21135500.21136000	neg	0	1	0	0	1	1	1	0	0	0	1
chr2.21372000.21372500	neg	0	1	0	1	1	1	1	1	0	0	1
chr2.21416500.21417000	neg	0	1	1	1	1	0	1	1	1	0	1
chr2.21615500.21616000	neg	0	1	0	1	0	0	1	0	1	0	0
chr2.21886500.21887000	neg	0	0	1	0	0	0	1	0	1	0	0
chr2.22537000.22537500	neg	0	1	1	1	1	0	1	1	0	1	0
chr2.22582500.22583000	neg	1	1	0	1	1	1	1	1	0	1	0
chr2.23006000.23006500	neg	1	1	0	1	1	0	1	0	0	1	0
chr2.23031000.23031500	neg	1	1	1	1	1	1	0	1	0	1	0
chr2.23031500.23032000	neg	1	1	1	1	1	0	0	1	0	1	0
chr2.23035000.23035500	neg	1	1	0	0	1	0	0	1	0	1	0
chr2.23294000.23294500	neg	0	1	0	0	0	0	1	1	1	0	0
chr2.23695500.23696000	neg	1	1	1	1	1	0	0	1	0	1	0
chr2.23777500.23778000	neg	1	1	0	0	1	0	0	0	0	1	0
chr2.24434500.24435000	neg	0	0	1	0	0	0	1	0	1	0	0
chr2.24517000.24517500	neg	1	1	0	1	1	0	1	1	1	0	0
chr2.24776000.24776500	neg	1	1	0	1	1	0	1	1	1	1	0
chr2.24818500.24819000	neg	0	1	0	1	1	1	1	0	1	0	0
chr2.24991000.24991500	neg	0	1	0	0	0	0	1	0	1	0	0
chr2.25401000.25401500	neg	1	1	0	1	1	0	0	1	0	1	0
chr2.25485500.25486000	neg	0	1	0	1	1	1	1	0	1	1	1
chr2.26150500.26151000	neg	1	1	0	1	1	1	1	1	0	1	1
chr2.26570500.26571000	neg	0	1	0	1	1	1	1	1	0	0	1
chr2.27099000.27099500	neg	0	1	0	1	1	0	1	1	0	1	0
chr2.27426500.27427000	neg	0	0	0	0	0	0	0	0	0	1	0
chr2.27939500.27940000	neg	0	0	1	0	0	1	1	0	1	0	0
chr2.27965000.27965500	neg	1	1	0	0	1	1	1	1	1	0	1
chr2.27996500.27997000	neg	0	1	1	1	1	1	1	1	1	1	1
chr2.28035500.28036000	neg	0	1	0	0	1	1	1	1	1	0	1
chr2.28084000.28084500	neg	0	1	1	1	0	1	1	1	0	0	0
chr2.28144000.28144500	neg	0	0	0	1	0	0	1	0	1	0	0
chr2.28539500.28540000	neg	0	1	0	0	0	0	1	0	1	0	0
chr3.675000.675500	neg	1	1	0	1	1	1	1	1	1	0	1
chr3.828500.829000	neg	1	1	0	1	1	0	0	1	0	0	1
chr3.1138000.1138500	neg	0	1	0	1	1	1	1	1	0	0	1
chr3.1479500.1480000	neg	1	1	0	1	1	1	1	1	1	0	0
chr3.1615000.1615500	neg	0	0	1	1	0	0	0	0	0	0	1
chr3.2031500.2032000	neg	0	1	0	1	1	1	1	1	0	1	0
chr3.2101000.2101500	neg	0	1	0	1	1	0	1	1	0	0	1
chr3.2385000.2385500	neg	0	1	0	0	0	1	1	1	1	0	0
chr3.2505000.2505500	neg	0	1	0	1	1	1	1	1	0	0	1
chr3.2751000.2751500	neg	1	1	1	0	1	1	1	0	1	0	1
chr3.3328000.3328500	neg	0	1	0	1	1	0	1	1	0	1	0
chr3.4020500.4021000	neg	0	1	0	1	1	1	1	1	1	0	1
chr3.4113500.4114000	neg	0	0	0	1	0	0	1	0	1	0	1
chr3.4182500.4183000	neg	0	0	0	0	0	0	1	0	1	0	0
chr3.4402000.4402500	neg	1	1	0	1	1	1	0	1	0	1	0
chr3.4432000.4432500	neg	1	1	0	1	1	0	0	1	0	1	0
chr3.4539000.4539500	neg	0	1	0	1	0	0	1	0	0	1	0
chr3.4549500.4550000	neg	1	1	0	1	1	0	0	0	0	1	0
chr3.5027500.5028000	neg	0	0	1	0	0	0	1	0	0	1	0
chr3.5028000.5028500	neg	0	0	1	0	0	0	1	0	0	1	0
chr3.5194000.5194500	neg	0	1	0	1	1	1	1	1	1	1	1
chr3.5246500.5247000	neg	0	1	1	1	1	1	1	0	1	0	1
chr3.5394000.5394500	neg	0	0	0	0	0	0	1	0	1	0	0
chr3.5692000.5692500	neg	0	0	0	0	0	0	1	0	1	0	0
chr3.6088500.6089000	neg	0	1	1	0	0	0	1	0	0	0	1
chr3.6259500.6260000	neg	0	0	1	0	0	0	1	0	1	0	0
chr3.6327500.6328000	neg	0	0	0	0	0	0	1	0	1	0	0
chr3.6403500.6404000	neg	0	1	1	0	0	1	1	0	1	0	0
chr3.6831000.6831500	neg	0	1	0	1	1	1	1	1	1	0	1
chr3.7418000.7418500	neg	1	1	0	1	1	0	0	1	1	0	0
chr3.7706500.7707000	neg	1	1	0	1	1	0	1	0	0	1	0
chr3.8260500.8261000	neg	0	1	1	1	1	1	1	1	1	0	1
chr3.8330000.8330500	neg	0	0	0	0	0	0	1	0	1	0	0
chr3.9246500.9247000	neg	0	1	1	1	1	1	1	0	1	0	1
chr3.9618500.9619000	neg	0	1	0	1	1	1	1	1	1	0	1
chr3.10064000.10064500	neg	1	1	0	1	1	0	0	1	0	1	0
chr3.10123500.10124000	neg	1	1	0	1	1	1	0	1	0	1	0
chr3.10150500.10151000	neg	0	1	1	1	1	1	1	1	0	0	1
chr3.10245500.10246000	neg	0	1	0	0	0	0	1	0	1	0	0
chr3.10500000.10500500	neg	0	0	1	0	0	1	1	0	1	0	0
chr3.10635500.10636000	neg	0	0	0	0	1	0	1	1	0	1	0
chr3.10636500.10637000	neg	0	0	0	0	0	0	1	0	0	1	0
chr3.11617500.11618000	neg	0	1	0	1	0	1	1	0	1	1	1
chr3.11729500.11730000	neg	0	0	0	0	0	0	0	0	0	1	0
chr3.11839000.11839500	neg	0	1	0	1	1	0	1	1	0	0	1
chr3.11975000.11975500	neg	1	1	1	1	1	1	0	1	0	0	0
chr3.11979500.11980000	neg	0	1	0	1	1	1	1	1	0	1	1
chr3.12058000.12058500	neg	1	1	0	0	1	0	0	0	0	1	0
chr3.12100500.12101000	neg	1	1	1	1	1	0	0	1	0	1	0
chr3.12627000.12627500	neg	1	1	0	1	1	0	0	1	1	0	0
chr3.13186500.13187000	neg	0	1	0	1	1	0	1	0	0	1	0
chr3.13548500.13549000	neg	1	1	0	0	1	0	0	0	0	1	0
chr3.13718500.13719000	neg	1	1	0	1	1	0	1	0	1	1	0
chr3.13740000.13740500	neg	1	1	1	1	1	1	1	0	0	0	0
chr3.13818500.13819000	neg	1	1	1	1	1	1	0	1	0	1	0
chr3.14140000.14140500	neg	0	1	0	0	1	0	1	0	0	1	0
chr3.14563500.14564000	neg	0	0	0	0	1	0	0	1	0	1	0
chr3.14871500.14872000	neg	1	1	0	1	1	0	1	1	0	1	0
chr3.14917500.14918000	neg	1	1	0	1	1	0	0	1	0	1	0
chr3.15373000.15373500	neg	0	1	1	1	0	0	1	1	0	0	1
chr3.15763500.15764000	neg	0	1	1	1	1	1	1	1	0	0	1
chr3.15967000.15967500	neg	0	1	0	1	1	1	1	1	1	0	1
chr3.16311500.16312000	neg	0	1	0	0	0	0	1	0	0	0	1
chr3.16803500.16804000	neg	1	1	0	1	1	1	1	1	0	1	0
chr3.17501000.17501500	neg	1	1	1	1	1	0	1	1	1	0	0
chr3.17647500.17648000	neg	1	1	0	1	1	0	0	1	0	1	0
chr3.18320500.18321000	neg	1	1	0	1	1	1	1	1	0	0	1
chr3.18372000.18372500	neg	1	1	0	1	1	1	0	1	1	0	0
chr3.18505000.18505500	neg	0	1	0	1	1	1	1	0	0	0	1
chr3.19068000.19068500	neg	0	1	0	0	0	1	1	0	1	0	0
chr3.19163500.19164000	neg	1	1	0	1	1	0	0	1	0	0	0
chr3.19484000.19484500	neg	0	1	1	0	1	1	1	1	1	0	0
chr3.19484500.19485000	neg	0	1	0	1	1	1	1	1	1	0	0
chr3.19736500.19737000	neg	1	1	0	1	1	0	0	1	0	0	0
chr3.20599500.20600000	neg	0	1	0	1	1	1	1	1	0	0	1
chr3.21082500.21083000	neg	0	1	0	0	0	0	1	0	1	0	0
chr3.21136500.21137000	neg	1	1	0	1	1	1	0	1	0	0	1
chr3.21382000.21382500	neg	0	1	1	1	1	1	1	1	0	0	1
chr3.21588500.21589000	neg	1	1	1	1	1	1	1	1	0	0	0
chr3.21829500.21830000	neg	0	0	0	0	0	0	0	0	0	1	0
chr3.22030000.22030500	neg	1	1	0	0	1	1	1	1	1	0	1
chr3.22084000.22084500	neg	1	1	0	1	1	1	0	1	0	1	0
chr3.22398000.22398500	neg	0	1	1	1	1	0	1	1	1	1	0
chr3.22875000.22875500	neg	1	1	0	1	1	0	0	1	0	1	0
chr3.23397000.23397500	neg	0	1	1	1	0	0	1	0	1	1	1
chr3.23521500.23522000	neg	0	0	0	0	0	0	1	0	1	0	0
chr3.23621000.23621500	neg	1	1	0	1	1	0	0	1	1	0	0
chr3.24238500.24239000	neg	0	1	1	1	0	1	1	1	1	0	0
chr3.24251000.24251500	neg	0	1	0	1	0	1	1	0	1	0	1
chr3.24338000.24338500	neg	0	0	1	1	0	0	1	1	1	0	1
chr3.24594000.24594500	neg	1	1	1	1	1	0	0	0	0	1	0
chr3.24875000.24875500	neg	0	0	0	0	0	0	1	0	1	0	0
chr3.24890000.24890500	neg	0	0	1	1	0	0	1	0	1	0	0
chr3.25282500.25283000	neg	0	0	1	0	0	0	1	0	1	0	0
chr3.25420000.25420500	neg	1	1	0	0	0	1	0	0	0	0	0
chr3.25545000.25545500	neg	1	1	0	1	1	0	0	1	0	1	0
chr3.25570500.25571000	neg	0	0	0	0	0	0	0	0	0	0	0
chr3.26039500.26040000	neg	1	1	0	0	1	0	0	0	0	1	0
chr3.26380500.26381000	neg	0	0	0	0	0	0	1	0	0	0	0
chr3.26495000.26495500	neg	1	1	0	1	1	1	0	1	0	0	0
chr3.26781500.26782000	neg	0	1	1	1	0	1	1	0	1	0	1
chr3.27118000.27118500	neg	0	0	0	0	0	0	0	0	0	0	0
chr4.15500.16000	neg	0	0	0	0	0	0	0	0	1	0	0
chr4.57500.58000	neg	0	0	1	1	0	1	1	1	1	0	1
chr4.237500.238000	neg	0	1	0	1	1	0	1	1	1	1	1
chr4.956000.956500	neg	0	1	0	1	1	0	1	1	0	1	0
chr4.1198500.1199000	neg	0	1	0	0	1	0	1	0	0	0	1
chr4.1482000.1482500	neg	0	1	0	0	1	1	1	1	0	1	0
chr4.1614000.1614500	neg	0	1	1	0	1	0	1	0	1	1	1
chr4.1699500.1700000	neg	1	1	0	1	1	0	0	1	0	1	0
chr4.1704000.1704500	neg	1	1	0	1	1	1	1	1	1	1	1
chr4.2453000.2453500	neg	1	1	0	1	1	1	1	1	1	0	1
chr4.3141000.3141500	neg	0	1	1	1	1	1	0	1	0	0	1
chr4.3432500.3433000	neg	0	0	0	0	0	0	0	0	0	1	0
chr4.3467000.3467500	neg	1	1	0	1	1	0	0	1	0	1	0
chr4.4059500.4060000	neg	0	0	0	0	0	0	1	0	1	1	0
chr4.4095500.4096000	neg	1	1	0	1	1	0	0	1	0	1	0
chr4.4366000.4366500	neg	0	1	1	1	1	0	1	1	1	1	0
chr4.4546500.4547000	neg	0	1	1	1	1	0	1	1	0	0	1
chr4.4787000.4787500	neg	0	1	1	1	0	1	1	0	1	1	0
chr4.4856000.4856500	neg	0	1	1	1	0	0	1	1	1	0	0
chr4.5090500.5091000	neg	0	1	1	1	1	1	1	1	1	0	1
chr4.5102000.5102500	neg	0	1	1	1	1	1	1	1	0	0	1
chr4.5335000.5335500	neg	0	1	0	1	0	0	1	1	0	1	0
chr4.5628000.5628500	neg	0	0	1	0	0	0	1	0	1	0	0
chr4.5704500.5705000	neg	1	1	0	1	1	0	0	1	0	1	0
chr4.5982500.5983000	neg	1	1	0	1	1	0	1	1	0	1	0
chr4.6038000.6038500	neg	0	1	0	1	0	1	1	1	1	0	1
chr4.6066500.6067000	neg	0	0	0	0	0	0	0	0	0	0	0
chr4.6320500.6321000	neg	0	1	0	1	1	0	1	1	0	0	1
chr4.6604000.6604500	neg	0	0	1	0	0	0	1	0	1	0	0
chr4.6656500.6657000	neg	1	1	1	1	1	0	1	1	0	1	0
chr4.7810000.7810500	neg	0	1	0	0	1	1	1	0	0	0	1
chr4.8110000.8110500	neg	0	0	1	0	0	0	1	0	1	0	0
chr4.8231000.8231500	neg	0	0	0	0	0	0	1	0	1	0	0
chr4.8292500.8293000	neg	1	1	0	1	1	1	0	1	1	0	0
chr4.8293000.8293500	neg	1	1	0	1	1	0	0	1	1	0	0
chr4.8548500.8549000	neg	1	1	0	1	1	0	0	1	0	0	1
chr4.8627500.8628000	neg	1	1	0	1	1	0	1	1	0	1	0
chr4.8709000.8709500	neg	0	0	0	0	0	0	0	0	0	0	0
chr4.8834500.8835000	neg	1	1	1	0	1	1	0	1	0	1	0
chr4.8943500.8944000	neg	0	0	0	0	0	0	0	0	0	1	0
chr4.9178000.9178500	neg	0	0	0	0	0	0	1	0	1	0	0
chr4.9482500.9483000	neg	0	0	0	0	0	0	0	0	0	1	0
chr4.10053000.10053500	neg	0	0	0	0	0	0	0	0	0	0	0
chr4.10315500.10316000	neg	0	1	1	0	1	0	1	1	1	1	0
chr4.10400000.10400500	neg	0	1	0	1	0	1	1	1	1	0	0
chr4.10408000.10408500	neg	1	1	1	1	1	0	1	1	1	0	0
chr4.10473000.10473500	neg	0	1	1	1	1	1	1	0	1	0	0
chr4.10924500.10925000	neg	0	1	0	1	1	1	1	1	1	0	1
chr4.11579000.11579500	neg	0	1	1	1	1	1	1	1	0	0	1
chr4.11895000.11895500	neg	0	1	0	1	1	1	1	1	0	0	1
chr4.12022500.12023000	neg	0	1	0	1	1	1	1	1	1	0	1
chr4.12275000.12275500	neg	0	1	1	1	1	1	1	1	1	0	1
chr4.12448500.12449000	neg	0	0	0	0	0	0	1	0	1	1	0
chr4.12680000.12680500	neg	0	0	1	0	0	0	1	0	0	0	0
chr4.13446000.13446500	neg	0	1	1	1	1	1	1	0	1	0	1
chr4.13851000.13851500	neg	0	1	1	0	0	0	1	0	1	0	0
chr4.14058000.14058500	neg	1	1	1	1	0	0	1	1	0	1	0
chr4.14351500.14352000	neg	0	1	0	1	0	0	1	0	1	1	1
chr4.14739000.14739500	neg	0	0	0	0	0	1	0	0	0	0	0
chr4.15086000.15086500	neg	0	0	0	0	0	0	0	0	0	0	0
chr4.15370000.15370500	neg	0	1	1	1	1	1	1	1	1	1	1
chr4.15530500.15531000	neg	1	1	0	1	1	0	1	1	0	1	0
chr4.15703000.15703500	neg	0	1	0	1	1	0	1	1	0	1	0
chr4.15759500.15760000	neg	1	1	0	1	1	0	1	1	0	1	0
chr4.15760500.15761000	neg	0	1	0	1	1	0	1	1	0	1	0
chr4.16476500.16477000	neg	0	0	0	0	0	0	1	0	1	0	0
chr4.16586500.16587000	neg	1	1	0	1	1	0	0	1	0	0	0
chr4.16691000.16691500	neg	1	1	1	1	1	0	0	1	0	1	0
chr4.16721000.16721500	neg	1	1	0	1	1	0	0	1	0	1	0
chr4.16730500.16731000	neg	1	1	0	1	1	0	0	1	0	1	0
chr4.16922000.16922500	neg	1	1	0	0	1	1	0	1	0	0	1
chr4.17527000.17527500	neg	0	1	1	1	1	0	1	0	1	0	0
chr4.17617000.17617500	neg	0	1	0	1	1	1	1	1	1	0	0
chr4.17951500.17952000	neg	1	1	0	1	1	0	0	0	0	1	0
chr4.18353500.18354000	neg	0	1	1	0	0	1	1	0	0	0	0
chr4.18702500.18703000	neg	0	0	0	0	0	0	0	0	0	0	0
chr4.18899000.18899500	neg	0	1	1	1	1	1	1	0	0	1	0
chr4.19162000.19162500	neg	0	1	0	1	1	0	1	1	0	1	0
chr4.19950500.19951000	neg	0	1	1	0	0	0	1	0	1	0	0
chr4.20062000.20062500	neg	0	1	0	1	0	0	1	0	1	0	1
chr4.20183000.20183500	neg	1	1	0	1	1	1	1	1	1	0	0
chr4.20369000.20369500	neg	1	1	0	1	1	1	0	1	0	0	1
chr4.20538000.20538500	neg	0	0	0	0	0	0	1	0	1	1	0
chr4.20559000.20559500	neg	1	1	0	1	1	0	0	1	0	1	0
chr4.20964500.20965000	neg	1	1	0	1	1	0	1	1	0	1	0
chr4.21009500.21010000	neg	0	1	0	1	0	0	1	0	0	1	0
chr4.21104000.21104500	neg	1	1	1	1	1	0	1	1	0	1	0
chr4.21129500.21130000	neg	0	0	0	0	0	0	1	0	0	1	0
chr4.21135500.21136000	neg	0	1	0	1	0	0	0	1	0	1	0
chr4.21429000.21429500	neg	0	1	1	1	1	1	1	1	0	0	1
chr4.22293500.22294000	neg	0	0	0	0	0	0	1	0	1	0	0
chr4.22789000.22789500	neg	0	1	1	1	0	1	1	1	1	0	1
chr4.22811000.22811500	neg	1	1	0	1	1	1	1	1	0	1	1
chr4.22969000.22969500	neg	1	1	0	1	1	1	0	1	1	0	0
chr4.23072000.23072500	neg	1	1	1	1	1	0	0	1	0	1	0
chr4.24268500.24269000	neg	0	1	1	1	1	1	1	1	0	0	1
chr4.24371500.24372000	neg	1	1	1	1	1	0	1	0	0	1	0
chr4.24414000.24414500	neg	1	1	1	1	1	1	1	1	1	0	1
chr4.24720500.24721000	neg	0	1	0	1	0	1	1	1	1	0	0
chr4.24830500.24831000	neg	1	1	1	1	1	1	1	1	1	0	1
chr4.25058500.25059000	neg	0	0	0	0	0	0	1	0	1	1	0
chr4.25114000.25114500	neg	1	1	1	1	1	1	1	1	1	0	0
chr4.25320000.25320500	neg	1	1	0	1	1	1	1	1	0	1	0
chr4.25450500.25451000	neg	1	1	0	1	1	0	1	0	0	1	0
chr4.25506500.25507000	neg	1	1	0	0	1	0	0	1	0	1	0
chr4.25573500.25574000	neg	1	1	1	0	1	0	1	0	0	1	0
chr4.25963500.25964000	neg	0	1	0	1	0	0	1	1	0	1	0
chr4.26172500.26173000	neg	0	1	1	0	0	0	1	0	1	0	0
chr4.26415500.26416000	neg	1	1	0	1	1	1	1	1	1	1	1
chr4.26496000.26496500	neg	0	1	1	1	1	1	1	1	0	0	1
chr4.26906000.26906500	neg	0	0	0	0	0	0	0	0	0	0	0
chr5.113500.114000	neg	0	1	1	1	0	1	1	0	0	1	0
chr5.204000.204500	neg	0	0	1	0	0	0	1	0	1	0	0
chr5.817500.818000	neg	0	1	1	1	1	1	1	1	1	1	1
chr5.1011000.1011500	neg	1	1	0	1	1	1	0	1	0	1	0
chr5.1074000.1074500	neg	1	1	1	1	1	0	1	1	0	1	0
chr5.1178500.1179000	neg	1	1	1	1	1	1	1	1	0	1	0
chr5.2347500.2348000	neg	0	1	0	1	1	0	1	1	0	1	0
chr5.2372500.2373000	neg	1	1	1	1	1	0	1	1	1	1	0
chr5.2740500.2741000	neg	0	1	0	1	1	1	1	1	0	1	0
chr5.2780000.2780500	neg	1	1	0	1	1	1	0	1	0	0	1
chr5.2801000.2801500	neg	0	0	0	0	0	0	0	0	0	0	0
chr5.2979000.2979500	neg	0	1	0	1	1	1	0	1	0	0	1
chr5.3092000.3092500	neg	0	1	0	1	1	0	0	1	0	1	0
chr5.3124500.3125000	neg	0	0	0	0	0	0	0	0	0	1	0
chr5.3221500.3222000	neg	0	0	0	0	0	0	1	1	0	1	0
chr5.3874500.3875000	neg	0	0	0	0	0	0	1	0	1	1	0
chr5.4004000.4004500	neg	1	1	0	1	1	1	0	1	0	0	0
chr5.4421500.4422000	neg	0	0	0	0	0	0	1	0	1	0	0
chr5.4618000.4618500	neg	0	1	1	0	0	1	1	0	0	0	0
chr5.4762500.4763000	neg	0	0	0	0	0	0	1	0	1	1	0
chr5.4777500.4778000	neg	1	1	0	1	1	0	0	1	0	1	0
chr5.4947000.4947500	neg	0	1	0	1	0	1	1	1	1	0	0
chr5.5434000.5434500	neg	1	1	0	1	1	0	1	1	0	1	0
chr5.5777000.5777500	neg	1	1	0	1	1	1	0	1	1	0	0
chr5.6086500.6087000	neg	1	1	0	1	1	1	1	1	0	1	0
chr5.6087000.6087500	neg	1	1	0	1	1	1	1	1	0	1	0
chr5.6107000.6107500	neg	0	1	0	1	1	0	0	1	1	1	0
chr5.6121000.6121500	neg	0	1	0	1	1	0	0	1	0	1	0
chr5.6405000.6405500	neg	0	0	0	0	0	0	1	0	0	1	0
chr5.6405500.6406000	neg	0	0	0	0	0	0	1	0	0	1	0
chr5.7098500.7099000	neg	0	1	0	0	0	1	1	0	0	0	0
chr5.7103500.7104000	neg	0	1	1	0	1	1	1	0	0	0	0
chr5.7406500.7407000	neg	0	1	0	0	0	0	0	0	0	0	0
chr5.8109000.8109500	neg	0	1	1	1	1	1	1	1	1	0	1
chr5.8268000.8268500	neg	0	1	0	1	1	1	1	1	1	0	1
chr5.8269000.8269500	neg	0	1	0	0	0	1	1	0	1	0	0
chr5.8333000.8333500	neg	0	1	0	1	1	0	1	1	0	0	1
chr5.8751500.8752000	neg	1	1	0	1	1	1	0	1	0	0	1
chr5.9169500.9170000	neg	1	1	0	1	1	0	0	1	1	0	0
chr5.9320500.9321000	neg	0	1	1	0	0	0	1	0	1	0	0
chr5.9472000.9472500	neg	1	1	0	1	1	1	1	0	0	1	0
chr5.9775500.9776000	neg	0	1	1	1	1	1	1	1	1	0	1
chr5.9777000.9777500	neg	0	1	1	0	0	0	1	0	0	0	0
chr5.10197500.10198000	neg	1	1	1	1	1	1	0	1	0	0	0
chr5.10329500.10330000	neg	1	1	0	1	1	1	1	1	1	0	1
chr5.10541500.10542000	neg	0	0	0	0	0	0	1	0	1	0	0
chr5.11038000.11038500	neg	0	1	0	1	1	1	1	1	1	0	1
chr5.11660000.11660500	neg	1	1	0	1	1	1	0	1	0	0	1
chr5.12538500.12539000	neg	1	0	0	1	0	0	0	0	0	1	0
chr5.12899000.12899500	neg	1	0	0	0	1	0	0	0	0	1	0
chr5.12953500.12954000	neg	1	1	0	1	1	0	0	1	0	1	0
chr5.12961500.12962000	neg	1	1	0	1	1	0	1	1	1	1	0
chr5.13539500.13540000	neg	0	0	0	0	0	0	1	0	1	1	0
chr5.13540500.13541000	neg	0	0	0	0	0	0	1	0	1	1	0
chr5.13890000.13890500	neg	0	0	0	0	0	0	0	0	0	0	0
chr5.14176500.14177000	neg	0	1	0	1	0	0	1	1	1	1	0
chr5.14916500.14917000	neg	0	1	1	1	1	0	0	1	0	1	0
chr5.15434000.15434500	neg	0	1	1	0	0	0	1	0	1	0	1
chr5.15777000.15777500	neg	1	1	0	1	1	0	0	0	0	1	0
chr5.15941000.15941500	neg	0	1	0	0	0	0	1	0	0	1	0
chr5.16266500.16267000	neg	0	1	0	0	0	1	1	0	1	0	0
chr5.16347500.16348000	neg	0	0	1	0	0	0	1	0	1	0	0
chr5.16761500.16762000	neg	0	1	0	1	1	0	1	1	0	1	0
chr5.16914000.16914500	neg	0	1	1	0	1	1	1	1	0	1	0
chr5.17002000.17002500	neg	0	0	0	0	1	0	1	0	0	0	1
chr5.17221500.17222000	neg	1	1	0	1	1	1	1	1	1	0	1
chr5.17600000.17600500	neg	1	1	0	1	1	0	0	0	0	1	0
chr5.17741000.17741500	neg	0	0	0	0	0	0	1	0	1	0	0
chr5.17801500.17802000	neg	0	0	0	0	0	0	1	0	1	0	0
chr5.18190500.18191000	neg	1	1	0	1	1	0	0	1	0	1	0
chr5.18202500.18203000	neg	1	1	0	1	1	0	0	0	0	1	0
chr5.18500500.18501000	neg	1	1	0	0	1	0	0	1	0	1	0
chr5.18634000.18634500	neg	1	1	0	1	1	0	0	0	0	1	0
chr5.19396000.19396500	neg	0	1	0	0	0	0	1	0	1	0	0
chr5.19736500.19737000	neg	1	1	0	1	1	1	1	1	0	0	1
chr5.20318500.20319000	neg	0	1	0	0	0	0	1	0	1	1	0
chr5.20722500.20723000	neg	0	1	0	1	1	1	1	1	0	0	1
chr5.20737500.20738000	neg	0	1	1	0	0	0	0	0	0	0	0
chr5.21123000.21123500	neg	1	1	0	1	1	1	1	1	1	1	0
chr5.21187500.21188000	neg	1	1	0	1	1	1	0	1	1	0	0
chr5.21287500.21288000	neg	0	1	0	1	0	0	1	0	0	1	0
chr5.21426000.21426500	neg	0	0	0	0	0	0	0	0	0	0	0
chr5.21641000.21641500	neg	0	0	0	0	0	0	1	0	1	1	0
chr5.21783500.21784000	neg	1	1	0	1	1	1	1	1	1	0	0
chr5.21819500.21820000	neg	1	1	0	1	1	1	0	1	0	0	0
chr5.21915000.21915500	neg	0	1	0	1	1	1	1	1	1	0	1
chr5.22792500.22793000	neg	1	1	0	0	0	0	1	0	1	0	0
chr5.23668500.23669000	neg	1	1	0	1	1	1	0	1	0	1	0
chr5.24093500.24094000	neg	1	1	0	1	1	0	0	1	0	1	0
chr5.24201500.24202000	neg	0	0	0	0	0	0	0	0	0	0	0
chr5.24895000.24895500	neg	1	1	0	1	1	0	0	1	1	1	0
chr5.25402500.25403000	neg	0	0	1	0	0	0	1	0	1	0	0
chr5.25491000.25491500	neg	0	1	1	1	0	0	1	0	0	0	0
chr5.25630500.25631000	neg	0	0	1	0	0	0	1	0	1	0	0
chr5.25826500.25827000	neg	0	1	1	0	0	0	1	0	1	1	0
chr5.26301500.26302000	neg	0	0	0	0	0	0	0	0	0	0	0
chr5.26316000.26316500	neg	0	1	0	1	1	1	1	1	1	0	1
chr5.26429000.26429500	neg	1	1	0	1	1	1	1	1	0	1	1
chr5.26509500.26510000	neg	0	1	0	1	1	1	1	1	1	0	1
chr5.26571500.26572000	neg	0	0	1	0	0	0	1	0	1	0	0
chr5.26676500.26677000	neg	0	1	1	1	1	0	1	1	1	0	1
chr5.26704500.26705000	neg	0	1	1	1	0	0	1	0	1	0	1
chr5.26750500.26751000	neg	0	0	1	0	0	0	1	0	1	0	1
chr6.91000.91500	neg	0	0	1	0	0	0	1	0	1	0	0
chr6.148500.149000	neg	1	1	1	1	1	0	0	1	1	1	0
chr6.757500.758000	neg	0	1	1	0	0	1	1	1	1	0	0
chr6.889000.889500	neg	0	1	0	0	1	0	1	0	1	0	0
chr6.1070500.1071000	neg	0	1	0	0	1	1	1	1	1	0	1
chr6.1074000.1074500	neg	0	1	0	1	1	1	1	1	1	0	1
chr6.1120500.1121000	neg	0	1	1	0	0	1	1	0	1	0	0
chr6.1917500.1918000	neg	0	1	1	1	1	1	1	0	1	0	1
chr6.1957000.1957500	neg	0	1	0	0	1	1	0	1	0	0	0
chr6.2075000.2075500	neg	1	1	0	0	1	1	1	0	0	1	0
chr6.2659000.2659500	neg	1	0	0	1	0	0	0	1	0	0	1
chr6.2797500.2798000	neg	0	1	0	1	1	0	1	1	1	0	0
chr6.3388500.3389000	neg	0	1	1	1	1	0	1	1	1	1	0
chr6.3513000.3513500	neg	1	0	1	0	0	0	1	0	0	1	0
chr6.3815000.3815500	neg	0	1	1	1	1	1	1	1	1	0	1
chr6.3927500.3928000	neg	0	1	0	1	1	1	1	1	0	1	1
chr6.4064500.4065000	neg	1	1	0	0	1	1	0	1	0	1	0
chr6.4126000.4126500	neg	1	1	0	0	1	1	1	1	1	0	0
chr6.4135500.4136000	neg	0	1	1	1	1	1	1	0	0	0	1
chr6.4390000.4390500	neg	0	1	1	1	1	1	1	1	1	0	1
chr6.4685500.4686000	neg	0	1	0	1	1	0	1	0	1	0	1
chr6.5097000.5097500	neg	0	0	1	0	0	0	1	0	1	0	0
chr6.5125500.5126000	neg	0	0	1	0	0	0	1	0	1	0	0
chr6.5809500.5810000	neg	0	1	1	1	1	1	1	1	1	1	1
chr6.5856500.5857000	neg	0	1	0	1	0	0	1	1	1	0	0
chr6.5937500.5938000	neg	1	1	1	1	1	0	0	1	0	0	1
chr6.6040500.6041000	neg	1	1	1	1	1	0	0	1	0	1	0
chr6.6289000.6289500	neg	1	1	0	1	1	0	0	1	0	1	0
chr6.6781000.6781500	neg	1	1	0	1	1	0	0	1	0	1	0
chr6.7089500.7090000	neg	1	1	1	1	1	0	1	1	1	1	1
chr6.7144500.7145000	neg	0	0	0	0	0	0	1	0	1	0	0
chr6.7153500.7154000	neg	0	0	0	0	0	0	1	0	1	1	0
chr6.7161000.7161500	neg	0	1	0	1	1	0	1	1	0	1	0
chr6.8256500.8257000	neg	1	1	1	1	1	0	1	1	0	1	0
chr6.8372500.8373000	neg	0	1	1	0	0	1	1	0	1	0	0
chr6.8440500.8441000	neg	0	0	0	0	0	0	1	0	1	0	0
chr6.8659000.8659500	neg	0	1	1	0	1	0	1	0	1	0	0
chr6.9139000.9139500	neg	1	1	0	0	0	0	1	0	1	0	0
chr6.9382500.9383000	neg	0	0	1	1	1	0	1	1	1	0	1
chr6.9466000.9466500	neg	0	0	1	0	0	0	1	0	1	0	0
chr6.10123500.10124000	neg	0	1	0	1	1	1	1	1	1	0	1
chr6.10486500.10487000	neg	0	1	1	1	1	1	1	1	1	1	1
chr6.10623000.10623500	neg	1	1	0	1	1	1	0	1	0	0	1
chr6.11339500.11340000	neg	0	1	0	0	1	0	1	0	1	0	0
chr6.11660500.11661000	neg	0	1	1	0	1	1	1	1	0	0	0
chr6.11717000.11717500	neg	0	1	0	0	0	1	1	1	1	0	1
chr6.11765500.11766000	neg	0	1	1	0	1	0	1	0	1	0	1
chr6.11848000.11848500	neg	0	1	1	1	1	0	1	1	1	0	1
chr6.12454500.12455000	neg	0	0	0	0	0	0	1	0	1	0	0
chr6.12474000.12474500	neg	0	1	1	1	0	1	1	0	1	0	0
chr6.12481000.12481500	neg	0	1	0	1	1	1	1	0	1	1	0
chr6.12683000.12683500	neg	1	1	0	1	1	0	1	1	0	1	0
chr6.12697500.12698000	neg	1	1	0	1	1	0	0	1	0	1	0
chr6.13446500.13447000	neg	1	1	0	0	1	1	0	1	0	0	1
chr6.13581500.13582000	neg	1	1	0	1	1	0	1	1	0	1	1
chr6.14314000.14314500	neg	0	1	1	0	0	1	1	0	0	0	0
chr6.14465000.14465500	neg	0	0	0	0	0	0	1	0	1	0	0
chr6.14712500.14713000	neg	0	1	1	1	1	1	1	1	0	1	1
chr6.14727000.14727500	neg	0	0	0	0	0	0	0	0	0	0	0
chr6.14735500.14736000	neg	0	1	0	1	0	0	1	1	1	1	0
chr6.14893000.14893500	neg	0	1	0	0	0	0	1	1	1	1	0
chr6.14984000.14984500	neg	0	0	0	0	0	0	1	0	1	1	0
chr6.15035000.15035500	neg	0	1	0	1	1	1	1	1	0	0	1
chr6.15266000.15266500	neg	0	1	0	0	1	1	1	0	1	0	1
chr6.15275500.15276000	neg	0	1	0	1	0	0	1	0	0	1	0
chr6.15387500.15388000	neg	0	1	1	1	1	1	1	1	0	1	0
chr6.15481000.15481500	neg	0	1	1	0	1	1	1	0	1	1	1
chr6.15543500.15544000	neg	0	1	1	1	1	0	1	1	1	0	0
chr6.15766000.15766500	neg	1	1	1	1	0	0	1	0	1	1	0
chr6.16313000.16313500	neg	0	0	0	0	0	0	0	0	0	0	0
chr6.17179500.17180000	neg	0	1	0	1	0	0	1	1	1	0	0
chr6.17255000.17255500	neg	0	1	1	1	1	1	0	1	0	0	0
chr6.18217000.18217500	neg	0	0	0	0	0	0	0	0	0	1	0
chr6.18232000.18232500	neg	0	0	0	0	0	0	0	0	0	1	0
chr6.18877000.18877500	neg	0	0	0	0	0	0	1	0	1	0	0
chr6.18987000.18987500	neg	0	1	0	1	0	0	1	0	0	0	0
chr6.19013000.19013500	neg	1	1	0	1	1	0	0	1	0	1	0
chr6.19439000.19439500	neg	1	1	1	1	1	0	0	1	0	1	0
chr6.19961000.19961500	neg	0	0	0	0	0	0	0	0	0	0	0
chr6.20255000.20255500	neg	1	1	0	1	1	0	0	0	0	1	0
chr6.20756000.20756500	neg	0	0	1	0	0	1	1	0	1	0	0
chr6.20778500.20779000	neg	1	1	0	1	1	1	0	1	0	0	1
chr6.21058000.21058500	neg	1	1	0	1	0	0	0	1	0	1	0
chr6.21062500.21063000	neg	0	1	0	0	0	1	1	1	1	0	0
chr6.21572000.21572500	neg	1	1	0	1	1	0	1	0	0	1	0
chr6.21634000.21634500	neg	1	1	0	1	1	0	0	1	0	1	0
chr6.21845500.21846000	neg	1	1	0	0	1	0	0	1	0	0	0
chr6.21934500.21935000	neg	0	1	0	0	0	1	1	0	0	0	1
chr6.22143000.22143500	neg	0	0	0	0	0	0	1	0	1	0	0
chr6.22179000.22179500	neg	0	1	1	1	0	0	1	0	0	1	0
chr6.22335000.22335500	neg	0	1	1	1	1	1	1	1	0	0	1
chr6.22468500.22469000	neg	0	0	0	0	0	0	1	0	1	0	0
chr6.23065000.23065500	neg	1	1	0	1	1	0	1	0	0	1	0
chr6.23266000.23266500	neg	0	1	1	1	0	0	1	0	1	0	0
chr6.23282000.23282500	neg	0	1	0	1	1	0	0	1	0	1	0
chr6.23393000.23393500	neg	1	1	0	1	1	0	0	1	0	1	0
chr6.23841000.23841500	neg	0	1	0	0	0	0	0	1	1	0	0
chr7.151000.151500	neg	0	0	1	0	0	0	1	0	1	0	0
chr7.345500.346000	neg	0	0	0	0	1	1	1	1	1	0	1
chr7.846000.846500	neg	0	0	1	0	0	0	1	0	0	0	1
chr7.1032500.1033000	neg	0	0	1	0	0	0	1	0	1	0	0
chr7.1893500.1894000	neg	0	1	0	1	1	1	1	1	1	0	0
chr7.2186000.2186500	neg	0	1	0	0	1	1	1	1	0	0	1
chr7.2597500.2598000	neg	0	0	0	0	0	0	1	0	1	0	0
chr7.2655000.2655500	neg	0	0	0	0	0	0	1	0	1	0	0
chr7.3191500.3192000	neg	0	1	0	1	1	1	1	0	1	1	0
chr7.3290500.3291000	neg	1	1	1	1	1	0	1	1	0	1	0
chr7.3614000.3614500	neg	1	1	1	1	1	0	0	1	0	1	0
chr7.3662500.3663000	neg	0	0	0	0	0	0	1	0	0	1	0
chr7.3999000.3999500	neg	0	1	1	0	0	0	0	0	0	0	1
chr7.4361500.4362000	neg	0	0	0	1	0	0	1	0	0	0	1
chr7.4506000.4506500	neg	0	1	0	1	1	1	1	0	1	0	1
chr7.4954500.4955000	neg	1	1	0	1	1	0	0	0	0	1	0
chr7.5057500.5058000	neg	0	1	0	0	1	0	1	0	0	0	1
chr7.5134000.5134500	neg	0	0	0	0	0	0	1	0	1	0	0
chr7.5390500.5391000	neg	0	0	1	0	1	0	1	0	0	0	0
chr7.5493500.5494000	neg	1	1	0	1	1	0	1	1	0	1	0
chr7.5494000.5494500	neg	0	1	1	1	0	0	1	0	0	1	0
chr7.5503500.5504000	neg	1	1	0	1	1	0	0	1	0	1	0
chr7.6132500.6133000	neg	0	0	0	0	0	0	0	0	0	0	0
chr7.6296500.6297000	neg	0	1	0	1	1	1	1	0	1	1	1
chr7.6368500.6369000	neg	0	0	1	0	0	0	1	0	0	1	0
chr7.6479000.6479500	neg	0	1	0	0	0	0	1	1	0	1	0
chr7.7396000.7396500	neg	1	1	0	0	1	1	0	1	0	0	0
chr7.7541500.7542000	neg	0	1	0	1	0	0	1	1	1	1	1
chr7.7899500.7900000	neg	0	1	1	0	1	1	0	1	0	0	0
chr7.7977500.7978000	neg	1	1	1	1	1	1	1	1	0	1	0
chr7.8130000.8130500	neg	0	0	0	0	0	0	1	0	0	1	0
chr7.8413000.8413500	neg	1	1	0	0	1	1	0	1	0	0	0
chr7.8670000.8670500	neg	0	0	1	0	0	0	1	0	0	0	0
chr7.8808000.8808500	neg	1	1	0	1	1	0	0	1	0	1	0
chr7.9121500.9122000	neg	0	0	0	0	0	0	0	0	0	0	0
chr7.9869000.9869500	neg	1	1	0	0	1	0	0	0	0	1	0
chr7.9966500.9967000	neg	0	1	0	0	1	1	1	1	1	0	1
chr7.10869000.10869500	neg	0	1	0	1	1	1	1	1	1	0	1
chr7.11313500.11314000	neg	0	1	0	1	1	1	1	1	0	0	1
chr7.11763500.11764000	neg	0	1	1	1	1	0	1	1	1	0	0
chr7.11886000.11886500	neg	0	0	1	0	0	0	1	0	1	0	0
chr7.12211000.12211500	neg	0	1	0	1	1	1	1	1	1	0	0
chr7.12334500.12335000	neg	0	1	0	1	1	1	1	1	1	0	1
chr7.12930000.12930500	neg	1	1	1	1	1	1	0	1	0	0	1
chr7.13172000.13172500	neg	0	1	0	1	0	0	1	1	1	1	0
chr7.13494500.13495000	neg	0	1	0	1	0	0	1	1	1	0	1
chr7.13552000.13552500	neg	1	1	1	0	1	1	0	1	0	0	1
chr7.13653500.13654000	neg	0	1	0	1	1	1	1	1	1	0	0
chr7.13794500.13795000	neg	1	1	0	1	1	0	1	1	0	1	0
chr7.14400500.14401000	neg	1	1	1	1	1	0	0	1	0	1	0
chr7.14642500.14643000	neg	0	0	0	0	0	0	1	0	1	1	0
chr7.14764500.14765000	neg	1	1	0	1	1	1	1	1	1	0	1
chr7.14785500.14786000	neg	0	0	0	0	0	0	1	0	1	0	0
chr7.15178500.15179000	neg	0	0	0	0	0	0	1	0	1	0	0
chr7.15273500.15274000	neg	0	0	1	0	0	1	1	0	1	0	0
chr7.15687000.15687500	neg	0	0	0	0	0	0	1	0	1	0	0
chr7.16109000.16109500	neg	0	0	1	0	0	0	1	0	1	0	0
chr7.16416000.16416500	neg	1	1	1	1	1	1	0	1	0	1	0
chr7.16650500.16651000	neg	0	1	1	0	0	0	1	0	0	1	0
chr7.16658000.16658500	neg	1	1	0	1	1	0	0	1	0	1	0
chr7.16986000.16986500	neg	1	1	0	0	1	1	1	0	1	0	0
chr7.16992500.16993000	neg	0	1	1	1	1	1	1	1	1	1	0
chr7.17780000.17780500	neg	0	0	1	0	0	1	1	0	1	0	0
chr7.17805000.17805500	neg	0	1	1	1	0	0	1	0	1	1	0
chr7.18511500.18512000	neg	0	1	1	1	1	1	1	1	1	0	1
chr7.19277500.19278000	neg	0	1	0	1	0	0	1	0	1	0	0
chr7.19300500.19301000	neg	0	0	1	0	0	0	1	0	1	0	0
chr7.19456500.19457000	neg	0	1	0	1	1	1	1	1	1	0	1
chr7.19460500.19461000	neg	0	1	1	1	1	0	1	1	1	0	1
chr7.19943000.19943500	neg	0	1	0	1	1	1	1	1	1	0	1
chr7.20768000.20768500	neg	1	1	1	1	1	1	0	1	0	0	1
chr7.20805000.20805500	neg	0	1	0	1	1	1	1	1	1	1	1
chr7.20919500.20920000	neg	0	1	1	0	0	0	1	0	1	1	0
chr7.20959000.20959500	neg	1	1	1	1	1	0	0	1	0	1	0
chr7.21274000.21274500	neg	0	1	0	1	1	0	1	1	0	0	1
chr7.21317000.21317500	neg	0	1	1	1	0	0	1	0	0	1	0
chr7.21402000.21402500	neg	0	1	0	1	1	1	1	1	1	0	1
chr7.21491000.21491500	neg	0	0	0	0	0	0	0	0	0	0	0
chr7.21643000.21643500	neg	1	1	0	1	1	1	1	1	1	0	0
chr8.607500.608000	neg	0	1	1	1	1	0	1	1	1	1	0
chr8.679000.679500	neg	0	0	0	0	0	0	0	0	0	0	0
chr8.943000.943500	neg	1	1	0	1	1	1	0	1	1	0	0
chr8.1085000.1085500	neg	0	1	1	1	1	0	1	0	1	0	1
chr8.1255500.1256000	neg	1	1	0	1	1	0	1	1	1	0	0
chr8.1383500.1384000	neg	0	1	0	0	0	0	1	0	1	0	0
chr8.1698500.1699000	neg	0	1	1	1	1	1	0	1	1	0	1
chr8.2286500.2287000	neg	0	1	0	1	0	0	1	0	1	0	1
chr8.2539500.2540000	neg	0	0	0	0	0	0	1	0	1	0	0
chr8.2576500.2577000	neg	0	0	0	0	0	0	1	0	1	0	0
chr8.3214500.3215000	neg	1	1	0	1	1	0	0	1	0	0	1
chr8.3244500.3245000	neg	1	1	1	1	1	1	1	1	1	0	0
chr8.3288000.3288500	neg	0	1	1	1	1	1	1	0	1	0	1
chr8.3302000.3302500	neg	0	1	0	1	0	1	0	0	0	0	1
chr8.3412500.3413000	neg	0	1	0	0	1	1	1	0	1	0	1
chr8.5228500.5229000	neg	0	1	1	0	1	0	1	1	0	1	0
chr8.5380000.5380500	neg	1	1	0	1	1	0	0	1	0	1	0
chr8.5817000.5817500	neg	1	1	1	1	1	1	1	1	1	1	0
chr8.5931000.5931500	neg	1	1	1	1	1	1	1	1	0	1	0
chr8.6265500.6266000	neg	0	1	1	1	1	1	1	1	1	0	1
chr8.6328500.6329000	neg	0	1	0	1	1	1	1	1	0	0	1
chr8.6566000.6566500	neg	0	0	1	0	0	0	1	0	1	0	0
chr8.6574000.6574500	neg	0	1	1	0	1	1	1	1	1	0	1
chr8.7225500.7226000	neg	0	1	1	1	1	1	1	1	1	1	1
chr8.7311000.7311500	neg	0	0	1	0	0	0	1	0	1	0	0
chr8.7420000.7420500	neg	0	1	1	1	1	1	1	1	1	0	1
chr8.8704500.8705000	neg	1	1	0	1	1	1	1	1	0	1	0
chr8.8743000.8743500	neg	0	1	1	0	0	0	1	1	1	1	0
chr8.8934500.8935000	neg	1	1	1	1	1	0	0	1	1	1	0
chr8.9094000.9094500	neg	0	0	1	0	0	0	1	0	1	0	0
chr8.9311000.9311500	neg	0	0	0	0	0	0	0	0	1	0	0
chr8.9524500.9525000	neg	0	1	0	1	1	0	1	0	1	0	1
chr8.10117500.10118000	neg	0	0	1	0	0	0	1	0	1	0	0
chr8.10185000.10185500	neg	0	0	0	1	1	0	0	0	0	0	1
chr8.10232500.10233000	neg	1	1	0	1	1	0	0	1	0	1	0
chr8.10707000.10707500	neg	0	1	1	1	1	1	1	1	1	0	1
chr8.10845000.10845500	neg	0	1	0	1	1	1	1	1	1	0	1
chr8.10921000.10921500	neg	0	1	1	1	1	0	1	1	0	1	0
chr8.11068500.11069000	neg	0	1	1	1	1	0	1	0	1	1	0
chr8.11083500.11084000	neg	0	0	0	0	0	0	1	0	0	1	0
chr8.11084000.11084500	neg	0	0	0	0	0	0	1	0	0	1	0
chr8.11376000.11376500	neg	0	1	1	0	0	0	1	0	0	1	0
chr8.11443500.11444000	neg	1	1	0	1	1	0	0	1	0	1	0
chr8.11450000.11450500	neg	1	1	0	1	1	0	0	0	0	1	0
chr8.11545500.11546000	neg	0	0	0	0	0	0	1	0	1	0	0
chr8.11576500.11577000	neg	1	1	0	0	1	1	0	1	0	0	1
chr8.11842500.11843000	neg	1	1	1	1	1	1	1	1	0	1	1
chr8.11881500.11882000	neg	1	1	0	0	1	1	0	1	0	1	0
chr8.11959000.11959500	neg	1	1	1	0	1	0	0	0	0	1	0
chr8.12305500.12306000	neg	0	1	0	1	1	1	1	1	1	0	1
chr8.12643000.12643500	neg	0	1	0	1	0	0	0	0	0	1	0
chr8.13231000.13231500	neg	0	0	1	0	0	0	1	0	1	0	0
chr8.13253000.13253500	neg	0	0	1	0	0	0	1	0	1	0	0
chr8.13427500.13428000	neg	0	1	1	0	0	1	0	0	0	0	0
chr8.13503500.13504000	neg	0	1	1	1	1	1	1	1	1	0	1
chr8.13636000.13636500	neg	0	1	1	0	0	0	1	1	0	1	0
chr8.14106500.14107000	neg	1	1	0	1	1	1	0	1	0	1	0
chr8.14166000.14166500	neg	0	0	0	0	0	0	1	0	1	1	0
chr8.14393500.14394000	neg	0	0	0	0	0	0	0	0	0	0	0
chr8.15339000.15339500	neg	1	1	0	1	1	1	0	0	0	1	0
chr8.15841500.15842000	neg	0	0	1	0	0	0	1	0	1	0	0
chr8.15876000.15876500	neg	0	1	1	1	1	1	1	1	1	0	1
chr8.16891000.16891500	neg	0	0	0	0	0	0	0	0	0	0	0
chr8.17043000.17043500	neg	0	0	1	0	0	0	1	0	0	0	1
chr8.17526500.17527000	neg	0	1	1	0	0	0	1	0	1	0	0
chr8.17647500.17648000	neg	0	0	1	0	0	0	1	0	0	1	0
chr8.17924500.17925000	neg	0	1	0	0	0	1	0	1	0	1	0
chr8.18653500.18654000	neg	0	0	0	0	0	0	0	0	0	1	0
chr8.19966000.19966500	neg	0	0	0	0	0	0	1	0	0	1	0
chr8.20225000.20225500	neg	1	1	0	1	1	0	0	1	0	1	0
chr8.20416000.20416500	neg	1	1	1	1	1	1	0	1	0	1	0
chr8.20525500.20526000	neg	1	1	0	1	1	0	1	1	1	1	0
chr8.20583000.20583500	neg	0	0	0	0	0	0	0	0	0	0	0
chr8.20592500.20593000	neg	0	1	0	1	1	0	0	1	0	1	0
chr8.20829500.20830000	neg	0	0	0	0	0	0	1	0	0	1	0
chr8.20888500.20889000	neg	0	1	0	1	1	0	1	1	1	1	1
chr8.20940500.20941000	neg	0	1	0	1	1	0	1	1	1	1	1
chr8.21016000.21016500	neg	0	1	1	1	1	0	1	1	1	1	0
chr8.21146500.21147000	neg	0	1	0	0	0	0	1	0	1	0	0
chrU.135000.135500	neg	0	0	0	0	0	0	0	0	0	0	0
chrU.2365500.2366000	neg	0	0	0	0	0	0	0	0	0	0	0
chrU.2523000.2523500	neg	0	0	0	0	0	0	0	0	0	0	0
chrU.3334500.3335000	neg	0	0	0	0	0	0	0	0	0	0	0
chrU.4036500.4037000	neg	0	0	0	0	0	0	0	0	0	0	0
chrU.4500500.4501000	neg	0	0	0	0	0	0	0	0	0	0	0
chrV.1153500.1154000	neg	0	0	0	0	0	0	1	0	1	0	0
chrV.6242500.6243000	neg	0	0	0	0	0	0	0	0	0	0	0
chrV.6243000.6243500	neg	0	0	0	0	0	0	0	0	0	0	0
chrV.6942000.6942500	neg	0	0	0	0	0	0	0	0	0	0	0
chrV.7161500.7162000	neg	0	0	0	0	0	0	0	0	0	0	0
chrV.7210000.7210500	neg	0	0	0	0	0	0	0	0	0	0	0
chrV.7224000.7224500	neg	0	0	0	0	0	0	0	0	0	0	0
chrV.7248500.7249000	neg	0	0	0	0	0	0	0	0	0	0	0
chrV.7499000.7499500	neg	0	0	0	0	0	0	0	0	0	0	0
chrV.7518500.7519000	neg	0	0	0	0	0	0	0	0	0	0	0
unplaced-scaffold_035.8500.9000	neg	0	0	0	0	0	0	0	0	0	0	0
unplaced-scaffold_210.11500.12000	neg	0	0	0	0	0	0	0	0	0	0	0
unplaced-scaffold_270.7000.7500	neg	0	0	0	0	0	0	0	0	0	0	0
unplaced-scaffold_285.2500.3000	neg	0	0	0	0	0	0	0	0	0	0	0
unplaced-scaffold_330.7500.8000	neg	0	0	0	0	0	0	0	0	0	0	0
unplaced-scaffold_364.500.1000	neg	0	0	0	0	0	0	0	0	0	0	0
unplaced-scaffold_380.14500.15000	neg	0	0	0	0	0	0	0	0	0	0	0
unplaced-scaffold_399.2000.2500	neg	0	0	0	0	0	0	0	0	0	0	0
unplaced-scaffold_407.5000.5500	neg	0	0	0	0	0	0	0	0	0	0	0
