peak	Class	H2Aub	H2AZ	H3	H3K4me1	H3K4me3	H3K9ac	H3K9me1	H3K14ac	H3K27me1	H3K27me3	H3K36me3
chr1.175209.175310	pos	0	1	1	1	1	1	1	0	1	1	1
chr1.175686.175887	pos	0	1	1	1	1	1	1	0	1	1	1
chr1.176121.179014	pos	1	1	1	1	1	1	1	1	1	1	1
chr1.196397.198246	pos	1	1	1	1	1	1	1	1	1	1	1
chr1.237492.237992	pos	1	1	0	1	1	1	1	1	1	0	1
chr1.560792.561061	pos	1	1	1	1	1	1	1	0	1	1	0
chr1.591612.591710	pos	0	1	1	1	1	0	1	1	1	0	1
chr1.761919.762012	pos	0	1	1	0	0	0	1	0	0	0	0
chr1.793972.795516	pos	1	1	1	1	1	1	1	1	1	1	1
chr1.1448365.1448534	pos	0	1	0	1	1	1	0	1	0	0	1
chr1.2411735.2412314	pos	0	1	1	1	1	1	1	1	1	1	1
chr1.2413240.2413393	pos	0	1	1	1	1	1	1	1	1	1	1
chr1.3538390.3538480	pos	0	1	1	1	1	1	1	1	1	0	1
chr1.3610287.3610379	pos	0	0	1	0	0	0	1	0	1	0	0
chr1.3759627.3759697	pos	0	0	0	1	0	0	0	0	0	0	1
chr1.3868881.3869418	pos	0	1	1	1	1	1	1	0	1	1	1
chr1.3878677.3879228	pos	0	1	1	1	1	1	1	1	1	1	1
chr1.4129684.4129789	pos	0	1	1	1	1	1	1	0	1	0	1
chr1.4348816.4348920	pos	0	0	0	0	0	0	0	0	0	0	0
chr1.5382584.5382696	pos	0	0	1	0	0	1	1	0	1	0	0
chr1.5557662.5557770	pos	0	0	1	0	0	0	1	0	1	0	0
chr1.5765425.5765736	pos	0	1	1	1	1	1	1	1	1	1	1
chr1.5945367.5945440	pos	0	1	1	1	1	1	1	1	1	1	1
chr1.5990165.5990234	pos	0	1	0	1	0	0	1	1	1	0	1
chr1.6148055.6148260	pos	1	1	1	1	1	1	1	1	1	0	1
chr1.6236227.6236302	pos	0	0	0	0	0	0	1	0	1	0	0
chr1.6505638.6505938	pos	0	1	1	1	0	0	1	1	1	1	1
chr1.6832853.6832943	pos	0	0	0	1	0	0	0	0	0	0	1
chr1.6964446.6964546	pos	0	1	1	1	1	1	1	1	1	0	1
chr1.7466169.7466296	pos	0	1	1	1	1	1	1	1	1	0	1
chr1.7626237.7626574	pos	0	1	1	1	1	1	1	0	1	1	1
chr1.7975788.7975920	pos	0	0	0	0	0	0	1	0	1	0	0
chr1.8317533.8317923	pos	1	1	1	1	1	1	0	1	0	0	1
chr1.8641073.8641220	pos	0	1	1	1	1	1	1	0	1	0	1
chr1.8710731.8711363	pos	1	1	0	0	1	1	0	0	0	0	1
chr1.8830631.8830769	pos	0	1	0	1	1	0	0	1	0	0	1
chr1.8983773.8983949	pos	0	0	0	0	0	0	1	0	1	0	0
chr1.9083409.9084019	pos	1	1	0	1	1	1	0	1	0	1	0
chr1.9142538.9142897	pos	0	0	1	0	0	0	1	0	1	0	0
chr1.9239527.9239612	pos	0	1	0	1	1	1	1	0	1	1	1
chr1.9952433.9952743	pos	0	0	0	0	0	0	0	0	0	0	0
chr1.10338157.10338314	pos	0	0	1	0	0	0	1	0	1	0	0
chr1.10440421.10440647	pos	1	1	0	1	1	0	1	1	1	0	1
chr1.11294506.11294832	pos	0	1	1	1	1	1	1	1	1	1	1
chr1.11399860.11400015	pos	0	1	0	0	0	1	1	1	1	0	1
chr1.11467551.11467869	pos	0	1	1	1	1	1	1	0	1	1	1
chr1.12349827.12349896	pos	0	0	0	0	0	1	1	0	1	0	0
chr1.12590653.12590763	pos	0	0	1	1	1	0	0	1	0	0	1
chr1.12708853.12709624	pos	1	0	0	0	1	1	0	1	0	0	1
chr1.12810398.12810518	pos	0	1	1	1	0	1	1	1	1	0	1
chr1.12938129.12938212	pos	0	1	0	1	1	1	1	0	1	1	1
chr1.13094299.13094389	pos	0	1	0	0	0	1	1	0	0	0	1
chr1.13168339.13168569	pos	0	0	0	0	0	0	1	0	1	0	0
chr1.13276555.13277171	pos	0	1	1	1	1	1	1	0	1	1	1
chr1.13666420.13666635	pos	0	0	1	0	0	0	1	0	1	0	0
chr1.14255371.14255645	pos	0	0	1	0	0	0	1	0	1	1	1
chr1.14658323.14658402	pos	0	0	1	0	0	0	1	0	1	0	0
chr1.15156220.15156853	pos	0	1	1	1	1	1	1	1	1	1	1
chr1.15157005.15157461	pos	0	1	1	1	1	1	1	1	1	1	1
chr1.15163394.15163554	pos	0	1	1	1	1	1	1	1	1	1	1
chr1.15164268.15164880	pos	0	1	1	1	1	1	1	1	1	1	1
chr1.15266297.15266573	pos	0	1	1	1	1	1	1	0	1	1	1
chr1.15779956.15780070	pos	0	0	1	0	0	0	1	0	1	0	0
chr1.16001392.16001508	pos	0	0	1	0	0	0	1	0	1	0	0
chr1.16002038.16002103	pos	0	0	1	0	0	0	1	0	1	0	0
chr1.16002413.16002512	pos	0	0	1	0	0	0	1	0	1	0	0
chr1.16237285.16237352	pos	0	0	1	0	0	0	1	0	1	0	0
chr1.16278648.16278787	pos	0	0	0	0	0	0	1	0	1	0	0
chr1.16419165.16419728	pos	0	1	1	1	1	1	1	1	1	1	1
chr1.16433393.16433779	pos	0	0	1	0	0	0	1	0	1	1	0
chr1.17120700.17120801	pos	0	1	0	1	1	0	1	0	1	0	1
chr1.17238425.17238543	pos	0	0	0	1	0	0	1	0	1	0	0
chr1.17756697.17757066	pos	1	1	0	0	1	1	0	1	0	1	0
chr1.18300139.18300291	pos	1	0	1	0	1	1	0	1	0	0	1
chr1.18936756.18936863	pos	0	0	1	0	0	0	1	0	1	0	0
chr1.19050489.19051234	pos	0	1	1	1	1	1	1	0	1	1	1
chr1.19511790.19511887	pos	0	0	1	0	0	0	1	0	1	0	0
chr1.19529075.19529172	pos	0	1	0	0	0	0	1	1	0	0	0
chr1.19750867.19751008	pos	0	1	1	0	0	0	1	0	0	0	0
chr1.19814856.19816154	pos	0	1	1	1	1	1	1	1	1	1	1
chr1.19816254.19816847	pos	0	1	1	1	1	1	1	1	1	1	1
chr1.19858731.19858935	pos	1	0	0	0	1	0	0	0	0	0	1
chr1.20225486.20225981	pos	1	1	0	1	1	0	0	1	0	1	0
chr1.20533041.20533197	pos	0	0	1	0	0	0	1	0	1	0	0
chr1.20703757.20704053	pos	0	1	1	1	1	1	0	1	1	0	1
chr1.20863164.20863706	pos	0	1	1	1	0	1	1	0	1	1	0
chr1.20864005.20864224	pos	0	1	1	1	0	1	1	0	1	1	0
chr1.20916307.20916657	pos	0	1	1	0	0	1	1	1	1	0	1
chr1.20933014.20933184	pos	1	1	0	1	1	0	0	1	0	0	1
chr1.21927963.21928093	pos	0	1	1	1	1	0	0	0	1	0	1
chr1.22103763.22103846	pos	0	0	0	1	1	1	0	1	0	0	1
chr1.22338863.22338932	pos	0	0	1	0	0	0	1	0	1	0	0
chr1.23024062.23024132	pos	0	1	0	1	0	0	1	0	0	1	0
chr1.23160944.23161083	pos	0	1	1	0	1	1	1	1	1	0	1
chr1.23641918.23642141	pos	0	0	1	1	1	0	0	1	0	0	1
chr1.23809194.23809263	pos	0	0	1	0	0	0	1	0	1	0	0
chr1.24437596.24437910	pos	1	1	0	0	1	1	0	1	0	0	0
chr1.24616012.24616276	pos	0	0	0	0	1	1	0	1	0	0	1
chr1.25085731.25085991	pos	1	1	1	1	1	1	1	1	0	0	1
chr1.25927108.25927256	pos	1	1	0	1	1	1	1	1	1	0	1
chr1.26317835.26317926	pos	1	1	1	1	1	1	1	1	1	1	1
chr1.26337523.26337674	pos	0	1	0	1	1	1	0	1	0	0	1
chr1.26366436.26366935	pos	0	1	1	1	1	1	1	1	1	1	1
chr1.26367127.26367318	pos	0	1	1	1	1	1	1	1	1	1	1
chr1.26390623.26390779	pos	0	1	1	0	0	1	1	0	1	0	0
chr1.26611262.26611327	pos	0	0	0	1	0	0	0	0	0	0	1
chr1.26845617.26845683	pos	0	0	1	1	0	0	0	1	0	0	1
chr1.26917023.26917138	pos	0	0	0	1	1	0	0	1	0	0	1
chr1.27003249.27003354	pos	0	1	0	1	1	0	0	1	0	1	0
chr1.27127993.27128513	pos	1	1	0	0	1	1	0	0	0	1	0
chr1.27464006.27464073	pos	0	1	0	1	1	1	1	1	1	0	1
chr1.27490828.27490893	pos	0	1	0	1	0	0	0	1	0	0	1
chr1.27552120.27552372	pos	1	1	1	1	1	1	1	1	1	0	0
chr1.27641254.27641324	pos	0	0	1	0	0	0	1	0	0	0	0
chr1.28108016.28108583	pos	0	1	0	1	1	1	1	1	1	0	1
chr1.28583455.28583853	pos	0	1	0	0	1	0	1	0	0	0	1
chr1.28850377.28850596	pos	0	1	1	0	0	1	1	0	1	0	0
chr1.29029400.29029564	pos	0	1	1	0	1	1	1	0	1	0	0
chr1.29431267.29431340	pos	0	0	0	0	0	0	1	0	1	1	0
chr1.29450099.29452272	pos	1	1	1	1	1	1	0	1	0	0	0
chr1.29453719.29453855	pos	0	1	0	1	1	0	0	1	0	0	1
chr1.29501483.29501582	pos	0	0	1	0	0	0	1	0	1	0	0
chr1.29866687.29866957	pos	0	1	0	1	1	1	1	1	0	0	1
chr1.30160694.30160839	pos	0	1	1	1	1	1	1	0	1	1	1
chr1.30401372.30401472	pos	1	1	0	0	1	1	0	1	0	0	1
chr1.30457470.30457565	pos	1	1	1	1	1	0	1	1	1	1	1
chr2.414495.414639	pos	0	0	0	1	1	0	0	1	0	0	1
chr2.424129.424209	pos	0	0	1	1	0	0	0	1	0	0	1
chr2.686158.686261	pos	1	1	0	0	1	0	0	1	0	1	0
chr2.1068233.1068444	pos	1	1	1	1	1	0	0	1	1	1	0
chr2.1798968.1799104	pos	1	1	0	1	1	0	1	1	0	1	0
chr2.1886763.1887381	pos	0	1	1	1	1	1	1	0	1	1	0
chr2.2228286.2228379	pos	0	1	0	0	1	1	1	0	0	0	1
chr2.2517805.2518022	pos	0	1	0	0	1	0	1	1	1	0	0
chr2.2555428.2555575	pos	1	1	0	1	1	0	0	1	0	1	0
chr2.2711634.2711721	pos	0	0	0	0	0	0	0	0	0	1	0
chr2.2863078.2863158	pos	1	1	0	1	1	0	1	1	0	1	0
chr2.2904726.2904794	pos	0	0	0	0	0	0	1	0	1	0	0
chr2.3718005.3718222	pos	0	1	1	0	0	0	1	0	1	1	0
chr2.3849731.3849911	pos	1	1	0	1	1	0	0	1	0	1	0
chr2.3983653.3984187	pos	1	1	0	1	1	0	0	1	0	1	0
chr2.4434035.4434341	pos	0	0	1	1	1	1	1	1	1	0	1
chr2.4478492.4478716	pos	0	0	1	0	0	0	1	0	1	0	0
chr2.4662233.4662305	pos	0	0	0	0	0	0	1	0	1	0	0
chr2.4720763.4720852	pos	0	0	1	0	0	0	1	0	0	1	0
chr2.4848061.4848126	pos	0	0	0	1	0	0	0	1	0	0	1
chr2.5679433.5680765	pos	0	1	1	1	1	1	1	0	1	1	1
chr2.6340145.6340213	pos	0	0	0	0	0	0	1	0	0	1	0
chr2.7340320.7340507	pos	0	0	1	0	0	0	1	0	1	1	0
chr2.7514282.7514469	pos	0	0	1	0	0	0	1	0	1	0	0
chr2.7852680.7852791	pos	0	1	0	1	0	1	0	1	0	0	1
chr2.8049891.8050009	pos	0	0	0	0	0	0	1	0	1	0	0
chr2.8334007.8334199	pos	0	0	1	1	0	1	1	1	1	0	0
chr2.8585751.8585815	pos	1	0	1	1	1	0	0	1	0	0	1
chr2.8612162.8612327	pos	1	0	0	0	1	0	0	0	0	0	0
chr2.8862430.8862496	pos	1	1	1	1	1	0	0	1	0	1	0
chr2.8870166.8870231	pos	1	1	0	1	1	0	0	1	0	1	0
chr2.9579405.9579554	pos	0	1	1	1	1	1	1	1	1	1	1
chr2.9579895.9581426	pos	0	1	1	1	1	1	1	1	1	1	1
chr2.9654315.9654514	pos	0	1	1	0	0	0	1	0	0	1	0
chr2.9701469.9701586	pos	1	1	0	1	1	0	0	1	0	0	1
chr2.9811609.9811778	pos	0	0	1	0	0	0	1	0	1	0	1
chr2.9940983.9941121	pos	1	1	1	1	1	1	1	1	1	1	1
chr2.10204307.10204431	pos	1	1	0	0	0	1	1	0	1	1	0
chr2.10668801.10669250	pos	0	1	1	1	1	1	1	1	0	1	0
chr2.10756111.10756239	pos	0	0	1	1	1	1	0	1	0	0	1
chr2.10864434.10864536	pos	0	1	0	1	1	1	1	1	1	0	1
chr2.11064831.11065231	pos	0	1	0	1	0	0	1	1	1	0	1
chr2.11108579.11108698	pos	0	0	0	1	1	0	0	1	0	0	1
chr2.11203344.11203434	pos	1	1	0	1	1	1	0	1	0	0	0
chr2.11241035.11241295	pos	1	1	0	1	1	0	1	0	1	1	0
chr2.11786874.11787059	pos	0	1	0	1	0	0	0	1	0	0	1
chr2.11861595.11862204	pos	0	1	0	1	1	1	1	1	1	0	1
chr2.11963230.11963338	pos	1	1	1	1	1	0	0	1	0	1	0
chr2.12274517.12275430	pos	0	1	1	1	0	1	1	0	1	1	0
chr2.12275547.12275914	pos	0	1	1	1	0	1	1	0	1	1	0
chr2.12514142.12514241	pos	0	0	1	0	0	0	1	0	0	1	0
chr2.12637812.12638072	pos	0	1	0	1	1	1	1	1	1	1	1
chr2.12916884.12917950	pos	0	1	1	1	1	1	1	1	1	1	1
chr2.12920013.12920076	pos	0	1	1	1	0	1	1	0	1	0	0
chr2.12948687.12948971	pos	0	1	1	1	0	1	1	0	1	0	1
chr2.13075223.13075384	pos	0	0	1	0	0	0	1	0	1	0	0
chr2.13075812.13075913	pos	0	0	1	0	0	0	1	0	1	0	0
chr2.13096669.13096788	pos	0	1	1	0	0	1	1	0	0	0	0
chr2.13207932.13207999	pos	0	0	0	0	0	0	1	0	1	0	0
chr2.13219107.13219219	pos	0	1	1	0	1	1	1	1	1	0	1
chr2.13501231.13501627	pos	1	1	0	1	1	1	0	1	0	1	0
chr2.13835146.13835316	pos	1	1	1	1	1	0	0	1	1	0	0
chr2.13921434.13921562	pos	1	1	1	1	1	0	1	1	1	1	0
chr2.13932535.13932635	pos	1	1	1	1	1	1	1	1	0	1	0
chr2.15631809.15631908	pos	1	1	0	1	1	1	0	1	0	1	0
chr2.15647936.15648120	pos	0	0	0	0	0	0	1	0	0	1	0
chr2.15689823.15690136	pos	0	1	1	0	0	1	1	0	1	1	0
chr2.15950014.15950288	pos	0	1	1	1	0	0	1	0	1	0	1
chr2.15952832.15952901	pos	0	0	1	0	0	0	1	0	1	0	0
chr2.16366594.16366716	pos	0	0	0	0	0	0	1	0	1	1	0
chr2.16685478.16685674	pos	0	1	1	0	0	0	1	0	1	0	1
chr2.16918903.16919035	pos	1	1	1	1	1	1	1	1	0	1	1
chr2.17239113.17239735	pos	0	1	1	1	1	1	1	1	1	0	1
chr2.17403574.17403870	pos	0	0	1	1	1	1	1	0	1	0	1
chr2.18068542.18068687	pos	0	0	0	0	0	0	1	0	1	0	0
chr2.18087989.18088218	pos	0	0	1	0	0	1	1	0	1	1	0
chr2.19061758.19061873	pos	0	0	1	0	0	0	1	0	1	0	0
chr2.19141932.19142094	pos	0	0	1	1	0	0	0	1	0	0	1
chr2.19722686.19723958	pos	1	1	1	1	1	1	1	1	1	1	1
chr2.19731247.19731358	pos	0	0	0	0	0	0	1	0	1	0	0
chr2.19809077.19809182	pos	1	1	1	1	1	1	1	1	1	1	1
chr2.20054028.20054158	pos	1	1	0	1	1	0	0	1	0	1	0
chr2.20186760.20186834	pos	0	0	0	0	0	0	1	0	1	1	0
chr2.21160046.21160615	pos	0	1	1	1	1	1	1	0	1	1	0
chr2.21293590.21293847	pos	1	1	0	0	1	0	0	0	0	1	0
chr2.21374452.21374519	pos	0	0	0	1	1	0	0	1	0	0	1
chr2.21476172.21476270	pos	0	0	1	0	0	0	1	0	1	0	0
chr2.22079772.22080102	pos	1	1	1	1	1	1	1	1	1	1	0
chr2.22601920.22602453	pos	0	0	1	0	0	0	1	0	0	1	0
chr2.23711696.23711831	pos	0	1	1	1	1	0	0	1	1	0	1
chr2.23742119.23742415	pos	1	1	0	1	1	1	1	1	0	0	1
chr2.24060499.24060758	pos	1	1	0	1	1	1	1	1	0	0	1
chr2.24318922.24319015	pos	0	1	1	1	1	1	1	1	1	1	1
chr2.24319160.24319542	pos	0	1	1	1	1	1	1	1	1	1	1
chr2.24441993.24442066	pos	0	0	1	1	0	1	0	0	0	0	1
chr2.25223613.25223702	pos	0	0	0	0	0	0	1	0	1	0	0
chr2.25784554.25784675	pos	0	0	1	1	0	1	1	0	1	0	0
chr2.26699577.26699642	pos	0	1	0	1	0	0	1	0	0	1	0
chr2.26887320.26887422	pos	1	1	0	1	1	0	0	1	0	1	0
chr2.27103504.27103615	pos	1	1	0	1	1	0	1	1	0	1	0
chr2.27138993.27139088	pos	0	1	0	1	0	0	0	1	0	1	0
chr2.27437868.27437966	pos	0	1	0	1	1	0	0	1	0	1	0
chr2.27473464.27473622	pos	0	0	1	1	1	0	1	1	1	0	1
chr2.27646462.27646724	pos	0	0	1	0	0	1	1	0	1	0	0
chr2.27965565.27965715	pos	1	1	0	0	1	1	1	1	1	0	1
chr2.27996196.27996496	pos	0	1	1	1	1	1	1	1	1	1	1
chr2.29192680.29192916	pos	0	1	1	1	1	1	1	1	1	1	1
chr2.29513282.29513356	pos	0	0	0	0	0	0	1	0	1	0	0
chr2.29616233.29616940	pos	0	1	1	1	0	1	1	0	1	1	0
chr3.11379.11857	pos	0	1	0	0	1	1	0	1	0	0	1
chr3.193586.193677	pos	0	0	0	0	0	0	1	0	1	0	0
chr3.419138.419284	pos	0	1	1	0	0	0	1	0	1	0	0
chr3.500272.500785	pos	1	0	0	0	1	1	0	0	0	1	0
chr3.871375.871524	pos	0	1	0	0	0	0	1	0	0	0	0
chr3.1289731.1290132	pos	0	1	0	1	1	1	1	1	1	0	1
chr3.1422932.1423212	pos	0	0	1	1	1	0	0	1	0	0	1
chr3.1487214.1487451	pos	0	1	1	1	0	1	1	0	1	1	0
chr3.1806985.1807091	pos	0	0	1	0	0	0	1	0	1	0	0
chr3.2002273.2002503	pos	0	0	1	0	0	0	1	0	0	1	0
chr3.2310147.2310296	pos	0	0	1	1	0	0	0	0	0	0	1
chr3.2398389.2398465	pos	0	1	0	1	1	1	1	1	1	0	1
chr3.2549222.2549302	pos	1	1	1	1	1	0	0	1	0	0	0
chr3.2659368.2659527	pos	1	1	0	1	1	0	1	1	1	1	1
chr3.2776064.2776457	pos	0	1	1	0	0	0	1	0	1	0	0
chr3.4388153.4388317	pos	1	1	0	1	1	0	0	0	0	1	0
chr3.4501485.4501559	pos	0	1	1	0	0	0	1	0	1	0	0
chr3.5378042.5378309	pos	0	1	1	0	0	0	1	0	1	1	0
chr3.6538422.6538544	pos	1	1	1	0	0	0	1	0	0	0	0
chr3.6741912.6742431	pos	1	1	1	0	1	1	1	1	0	1	1
chr3.6863644.6863782	pos	0	0	0	0	0	0	1	0	1	0	0
chr3.7516537.7517226	pos	1	1	0	0	1	1	0	1	0	0	1
chr3.7521657.7521830	pos	0	1	1	1	1	1	1	1	1	0	1
chr3.7668652.7668724	pos	1	1	1	0	0	0	1	0	0	1	0
chr3.7825862.7826010	pos	1	1	0	1	1	0	0	1	0	0	1
chr3.7919418.7919484	pos	0	1	0	1	1	1	1	1	1	1	1
chr3.7920067.7920163	pos	0	1	0	1	1	1	1	1	1	1	1
chr3.7984573.7984683	pos	1	1	0	1	1	1	1	1	1	0	1
chr3.8074090.8074294	pos	0	1	0	1	1	1	1	0	1	1	0
chr3.8393592.8393698	pos	0	0	1	1	1	1	0	0	0	0	1
chr3.8617423.8617528	pos	0	0	1	0	0	0	1	0	1	0	0
chr3.9462064.9462210	pos	0	1	1	1	1	1	1	0	1	1	1
chr3.9464539.9464754	pos	1	1	0	1	1	0	0	1	0	1	0
chr3.9765986.9766086	pos	1	1	1	1	1	1	1	1	1	0	1
chr3.9832726.9832851	pos	0	1	1	0	0	0	1	0	1	1	0
chr3.10120965.10121054	pos	1	1	0	1	1	0	0	1	0	1	0
chr3.10792063.10792363	pos	0	0	1	1	0	1	1	1	1	1	0
chr3.10910422.10910643	pos	0	0	1	0	0	0	1	0	1	0	0
chr3.10914311.10914396	pos	0	0	0	1	0	0	1	0	1	1	0
chr3.11546349.11546619	pos	0	0	1	0	0	0	1	0	1	1	0
chr3.11832510.11832854	pos	0	1	1	1	1	0	1	1	1	1	1
chr3.12124983.12125085	pos	0	0	1	0	0	0	1	0	1	1	0
chr3.12150914.12151062	pos	0	0	1	0	0	0	1	0	0	1	0
chr3.12509750.12509916	pos	1	1	1	1	1	0	1	0	0	1	0
chr3.13137968.13138085	pos	0	1	1	1	0	0	1	0	0	1	0
chr3.13325291.13326665	pos	1	1	1	1	1	1	1	0	1	1	1
chr3.13327508.13327581	pos	0	1	1	1	1	1	0	0	0	1	1
chr3.13549793.13550084	pos	1	1	1	1	1	1	1	0	0	1	0
chr3.13557781.13557934	pos	1	1	1	1	1	0	1	1	0	1	0
chr3.13558403.13558545	pos	1	1	1	1	1	0	1	1	0	1	0
chr3.13846851.13846953	pos	1	1	0	1	1	0	0	1	0	1	0
chr3.14102930.14103370	pos	0	1	1	1	1	1	1	1	1	1	1
chr3.14283304.14283374	pos	0	1	0	1	0	0	0	0	1	0	0
chr3.14798833.14798901	pos	0	0	1	1	0	0	0	0	0	0	1
chr3.15046542.15046684	pos	1	1	0	1	1	1	1	1	1	0	1
chr3.15054751.15055335	pos	0	0	1	1	1	1	1	1	1	1	1
chr3.15338040.15338121	pos	0	1	1	1	0	1	1	0	1	0	1
chr3.15359274.15359380	pos	0	1	0	1	1	1	0	1	0	0	1
chr3.15868336.15868399	pos	0	0	0	0	0	0	1	0	1	0	0
chr3.15924187.15924397	pos	0	1	1	1	1	1	1	1	1	1	0
chr3.16015044.16015113	pos	0	0	1	0	0	0	1	0	1	0	0
chr3.16122473.16122667	pos	1	0	1	1	1	0	0	1	0	0	1
chr3.16729517.16729769	pos	1	1	0	1	1	1	1	1	1	1	0
chr3.16908727.16908820	pos	0	0	1	0	0	0	1	0	1	0	0
chr3.17405619.17405775	pos	0	0	1	0	0	0	1	0	1	0	0
chr3.17416302.17416378	pos	0	0	1	0	0	0	1	0	1	0	0
chr3.17676422.17676514	pos	1	1	0	1	1	0	1	1	0	1	0
chr3.17987998.17988139	pos	1	1	1	1	1	0	1	1	1	0	0
chr3.17996053.17996182	pos	0	0	0	0	0	0	1	0	1	0	0
chr3.18010170.18010298	pos	1	1	0	1	1	1	0	1	0	0	1
chr3.18316572.18316685	pos	0	1	0	1	0	0	1	1	1	0	0
chr3.18721964.18722055	pos	0	1	0	1	1	0	0	1	0	1	0
chr3.18732210.18732346	pos	1	1	0	1	1	0	0	1	0	1	0
chr3.18732526.18732614	pos	1	1	0	1	1	0	0	1	0	1	0
chr3.19087616.19087804	pos	0	1	1	1	1	1	1	1	1	1	1
chr3.19390507.19390613	pos	0	0	0	0	0	0	1	0	1	0	0
chr3.19466305.19466385	pos	0	0	0	0	0	0	0	0	0	0	0
chr3.19893324.19893400	pos	0	0	1	0	0	0	1	0	0	1	0
chr3.19962730.19963006	pos	1	1	0	1	1	0	0	1	0	1	0
chr3.21212312.21212466	pos	0	1	1	1	0	0	1	0	1	1	1
chr3.22696049.22696216	pos	0	1	1	0	0	1	1	1	0	0	1
chr3.22769066.22769158	pos	1	0	0	0	1	1	0	1	0	0	1
chr3.22897006.22897174	pos	0	0	1	1	1	0	0	1	0	0	1
chr3.22994251.22994320	pos	1	1	1	1	1	0	1	1	1	1	0
chr3.23572094.23572179	pos	0	0	0	0	0	0	1	0	1	0	0
chr3.23754767.23754855	pos	0	1	1	1	0	0	1	1	1	0	0
chr3.24278302.24278636	pos	0	1	1	1	0	0	1	0	1	0	1
chr3.25463483.25464109	pos	1	1	1	1	1	1	1	1	1	1	1
chr3.25464511.25464820	pos	1	1	1	1	1	1	1	1	1	1	1
chr3.25559721.25560304	pos	0	1	1	1	1	1	1	1	1	1	1
chr3.25838707.25838951	pos	0	1	1	1	1	0	1	1	1	1	0
chr3.26134315.26134695	pos	0	0	1	0	0	0	1	0	1	0	0
chr3.26177324.26177397	pos	0	0	1	0	0	1	1	0	0	0	0
chr3.26266544.26266626	pos	0	1	1	1	1	1	1	1	1	1	0
chr3.26449091.26449379	pos	0	1	0	0	0	0	1	0	1	1	0
chr3.26477387.26477515	pos	0	0	1	0	0	0	1	0	1	0	0
chr3.26597390.26597635	pos	0	0	1	0	0	0	1	0	1	0	0
chr3.27076209.27076277	pos	0	0	0	0	0	0	1	0	1	0	0
chr4.51925.52023	pos	0	1	0	1	1	1	1	1	1	0	1
chr4.199357.199461	pos	0	1	1	1	1	1	1	1	1	0	0
chr4.297220.297353	pos	1	1	1	0	1	1	1	0	0	1	0
chr4.591591.591784	pos	1	1	0	1	1	1	0	0	0	1	0
chr4.784321.784649	pos	0	0	1	0	0	1	1	0	1	1	0
chr4.1276424.1276634	pos	0	0	1	0	0	0	1	0	1	1	0
chr4.1923130.1923736	pos	0	1	0	1	1	1	0	1	0	0	1
chr4.2063045.2063338	pos	1	1	0	1	1	1	1	0	1	0	1
chr4.2270861.2270985	pos	0	1	1	1	0	1	1	1	0	0	1
chr4.2345731.2345816	pos	0	0	1	0	0	0	0	0	0	1	0
chr4.2521743.2521928	pos	0	1	1	1	1	1	1	1	1	0	1
chr4.3146431.3146785	pos	1	1	0	0	1	1	0	1	0	0	1
chr4.3150509.3150660	pos	0	1	0	1	1	1	1	0	1	0	1
chr4.3622273.3622616	pos	0	1	1	1	1	0	1	1	1	1	1
chr4.3645714.3645903	pos	0	1	0	0	1	0	1	0	1	1	0
chr4.4533784.4534319	pos	0	1	1	1	1	1	1	1	1	1	1
chr4.4552697.4554677	pos	1	1	1	1	1	1	1	1	1	1	1
chr4.5262825.5262947	pos	0	1	0	0	0	0	1	0	0	1	0
chr4.5326421.5326719	pos	0	1	0	1	1	0	1	1	0	1	0
chr4.5400909.5400995	pos	1	1	1	1	1	0	1	1	0	1	0
chr4.5764531.5764606	pos	1	1	0	1	1	0	0	1	0	1	0
chr4.5952664.5952981	pos	0	0	1	1	1	1	1	0	1	1	0
chr4.5965391.5965455	pos	0	1	0	1	1	1	1	1	1	0	1
chr4.6245905.6246428	pos	0	1	1	1	1	1	1	1	1	1	1
chr4.6560792.6561082	pos	1	1	0	1	1	0	0	1	0	0	1
chr4.7250891.7251124	pos	0	0	1	0	0	0	1	0	1	0	0
chr4.7935389.7935492	pos	0	1	1	1	1	1	1	1	0	0	1
chr4.8681229.8681369	pos	0	1	0	0	0	0	1	0	0	1	0
chr4.9063459.9063876	pos	0	0	1	0	0	1	1	0	1	0	0
chr4.9064599.9064844	pos	0	1	1	1	1	1	0	1	1	0	1
chr4.9137276.9137349	pos	0	1	0	1	0	1	1	0	1	1	1
chr4.9151378.9151517	pos	0	0	0	0	0	0	1	0	1	1	0
chr4.9473461.9473900	pos	0	0	1	0	0	1	1	0	0	1	0
chr4.9611795.9611869	pos	1	1	0	1	1	0	1	1	1	1	0
chr4.9621422.9622820	pos	0	1	1	1	1	1	1	1	1	1	1
chr4.9673566.9673658	pos	0	0	0	1	1	1	0	0	0	0	1
chr4.10248032.10248126	pos	0	1	0	1	1	1	1	1	0	0	0
chr4.10539792.10539861	pos	1	1	0	0	1	1	0	1	0	1	0
chr4.11043747.11043873	pos	0	1	0	0	1	0	1	0	0	1	0
chr4.11274357.11274591	pos	0	1	1	1	1	1	0	1	0	1	1
chr4.12330411.12330513	pos	0	0	1	0	0	0	1	0	1	0	0
chr4.12718422.12718699	pos	0	1	0	1	1	1	1	1	1	0	1
chr4.12803311.12803414	pos	0	1	1	1	0	0	1	0	1	0	0
chr4.12869049.12869311	pos	0	1	1	1	1	1	1	0	1	0	0
chr4.12878516.12878629	pos	0	1	0	1	0	0	1	0	1	0	1
chr4.12918837.12918957	pos	0	1	1	1	1	0	1	1	1	0	1
chr4.13080356.13080477	pos	0	1	0	0	0	1	0	0	0	0	0
chr4.14178781.14178967	pos	0	0	1	0	0	0	1	0	1	0	0
chr4.14325903.14325977	pos	1	1	0	1	1	0	0	1	0	1	0
chr4.15000771.15000902	pos	1	0	0	0	1	1	0	0	0	0	1
chr4.15348544.15348607	pos	0	0	0	0	0	0	1	0	0	1	0
chr4.16050301.16050597	pos	0	1	1	1	1	1	1	1	1	1	1
chr4.16512000.16512207	pos	0	0	0	0	0	0	1	0	1	0	0
chr4.16578752.16578822	pos	0	0	0	0	0	0	1	0	0	0	0
chr4.16617224.16617896	pos	1	1	1	1	1	1	1	0	1	1	1
chr4.16621482.16621601	pos	1	1	0	1	1	0	0	0	0	1	0
chr4.16624312.16624560	pos	1	1	0	0	1	0	0	0	0	1	0
chr4.17475015.17475148	pos	0	0	1	1	1	1	1	1	1	0	1
chr4.17475351.17475536	pos	0	0	1	1	1	1	1	1	1	0	1
chr4.18366458.18367247	pos	0	0	0	0	1	1	0	0	0	0	1
chr4.18633319.18633398	pos	0	0	1	0	0	0	1	0	1	1	0
chr4.18643662.18644024	pos	1	1	0	1	1	1	0	1	0	0	1
chr4.18875749.18875846	pos	1	1	1	1	1	0	0	1	0	1	0
chr4.18965072.18965164	pos	1	1	1	1	1	0	0	1	0	1	0
chr4.19233318.19233406	pos	1	1	0	1	1	1	0	1	1	0	0
chr4.19744179.19744505	pos	0	1	1	1	0	0	1	0	1	0	0
chr4.19875393.19875470	pos	0	1	0	0	0	0	1	0	1	1	0
chr4.19885891.19885983	pos	0	0	0	0	0	0	1	0	1	0	0
chr4.20509722.20509901	pos	0	1	1	1	1	1	1	1	1	0	1
chr4.20609828.20610069	pos	0	1	0	0	1	1	1	1	1	0	1
chr4.20812267.20813154	pos	1	1	1	1	1	1	1	1	1	1	1
chr4.21098632.21098997	pos	1	1	1	1	1	0	1	1	1	1	0
chr4.21442937.21443004	pos	0	0	0	0	0	0	1	0	1	0	0
chr4.21462629.21462818	pos	0	1	1	1	0	0	1	1	1	0	0
chr4.21542836.21542901	pos	0	0	0	0	0	0	1	0	1	1	0
chr4.21659806.21660025	pos	0	0	1	1	1	1	0	1	0	0	1
chr4.21863810.21863905	pos	1	1	0	1	1	0	1	1	0	1	0
chr4.21875508.21875686	pos	1	1	0	1	1	1	1	1	1	1	0
chr4.22162089.22162585	pos	0	1	1	1	1	1	1	1	1	0	1
chr4.22433158.22433337	pos	0	1	1	1	1	0	0	1	0	0	1
chr4.22888432.22888495	pos	0	0	1	0	0	0	1	0	1	0	0
chr4.22941190.22941831	pos	0	1	1	1	1	1	1	1	1	1	1
chr4.22947870.22947940	pos	0	0	0	0	0	0	1	0	1	0	0
chr4.22998501.22998741	pos	0	0	1	0	0	0	1	0	1	0	0
chr4.22999226.22999299	pos	0	0	1	0	0	0	1	0	1	0	0
chr4.23032195.23032276	pos	0	1	1	1	1	0	1	0	1	0	0
chr4.23300363.23300608	pos	0	1	0	0	1	1	0	1	0	1	1
chr4.23544321.23544508	pos	0	1	1	1	1	1	0	1	0	0	0
chr4.23876670.23877225	pos	1	1	1	1	1	1	0	1	0	0	1
chr4.24335404.24335622	pos	0	1	1	1	0	1	1	0	1	1	1
chr4.24504177.24504277	pos	0	1	1	1	0	1	1	0	0	0	0
chr4.24890218.24890659	pos	1	1	0	1	1	0	1	0	1	1	0
chr4.25056417.25056570	pos	1	1	0	1	1	0	1	0	1	1	0
chr4.25087287.25087375	pos	0	0	0	0	0	0	1	0	1	0	0
chr4.25098476.25098558	pos	0	0	0	1	0	0	0	0	0	0	1
chr4.25114507.25114599	pos	1	1	1	1	1	1	1	1	1	0	0
chr4.25232594.25232694	pos	0	1	1	0	0	1	0	0	0	0	0
chr4.25315477.25315566	pos	0	1	1	1	1	0	1	1	0	1	1
chr4.25364819.25364973	pos	1	1	0	1	1	1	0	1	0	0	1
chr4.26180802.26180882	pos	0	0	1	0	0	0	1	0	1	0	0
chr4.26211307.26211820	pos	0	0	1	0	0	1	1	0	1	0	0
chr4.26398310.26398656	pos	1	1	0	0	1	1	0	1	0	0	1
chr4.26513021.26513093	pos	0	0	0	1	0	0	0	1	0	0	1
chr4.26591638.26591803	pos	0	0	0	0	0	0	0	0	1	0	0
chr4.26693454.26693527	pos	0	0	1	0	0	0	1	0	1	0	0
chr5.62773.63101	pos	0	1	0	0	1	1	1	1	1	0	1
chr5.124761.124924	pos	0	1	1	1	0	0	1	1	1	0	1
chr5.159646.159989	pos	0	1	0	1	1	1	0	1	0	0	1
chr5.186906.187058	pos	1	1	0	1	1	1	1	1	1	0	0
chr5.399483.399738	pos	0	0	0	0	0	0	1	0	0	1	0
chr5.2402256.2402326	pos	1	1	0	1	1	1	1	1	0	0	1
chr5.3079046.3079139	pos	1	1	1	1	1	1	1	1	1	1	0
chr5.3192467.3192844	pos	0	1	1	1	0	0	1	1	0	1	0
chr5.3227799.3228091	pos	1	1	0	1	1	0	0	1	0	1	0
chr5.3468726.3468829	pos	0	0	0	1	0	0	0	1	0	0	1
chr5.3866329.3866433	pos	1	1	0	1	1	1	0	1	0	1	0
chr5.4049167.4049596	pos	1	1	1	1	1	1	0	1	0	0	0
chr5.4710553.4710733	pos	0	1	0	0	0	1	1	1	0	1	0
chr5.4729917.4729997	pos	0	0	0	1	0	0	1	0	0	0	1
chr5.4744281.4744396	pos	0	1	1	1	1	1	1	1	0	1	1
chr5.4760940.4761160	pos	0	0	1	0	0	0	1	0	1	1	0
chr5.4804213.4804320	pos	1	1	0	1	1	0	1	0	0	1	0
chr5.4927010.4927312	pos	1	1	0	0	1	1	0	1	0	0	0
chr5.4939614.4939800	pos	1	1	1	1	1	1	1	1	1	0	0
chr5.5846565.5846740	pos	0	1	0	1	1	1	1	1	1	0	1
chr5.5875312.5875758	pos	0	1	0	1	1	1	0	1	0	0	1
chr5.6342887.6343019	pos	0	1	1	1	1	1	1	0	1	1	1
chr5.6618147.6618313	pos	0	1	1	1	1	0	1	0	1	1	1
chr5.6638434.6638860	pos	0	1	1	1	0	1	1	0	1	1	0
chr5.7472590.7472659	pos	1	1	1	1	1	1	0	1	1	0	1
chr5.7640858.7640962	pos	0	0	0	0	0	0	1	0	0	1	0
chr5.8534823.8534939	pos	0	1	0	1	0	0	0	1	0	1	0
chr5.8929277.8929340	pos	0	1	0	1	1	0	1	1	1	0	1
chr5.9238112.9238193	pos	0	1	1	1	0	0	1	0	1	1	0
chr5.9714714.9715533	pos	1	1	0	1	1	1	0	1	0	0	0
chr5.9904269.9904345	pos	0	0	0	0	0	0	1	0	1	0	0
chr5.10131915.10132417	pos	1	1	1	1	1	1	1	1	1	1	1
chr5.10286601.10286703	pos	0	1	0	1	1	0	1	0	1	0	0
chr5.10386306.10387038	pos	0	1	0	1	1	0	0	1	0	0	1
chr5.10643499.10643634	pos	0	0	1	0	0	0	1	0	1	0	0
chr5.10648864.10648995	pos	0	0	0	0	0	0	1	0	1	0	0
chr5.10649172.10649334	pos	0	0	0	0	0	0	1	0	1	0	0
chr5.10983134.10983351	pos	0	1	0	1	1	1	1	1	1	1	1
chr5.11402914.11403052	pos	0	1	1	1	1	0	0	1	0	1	0
chr5.11423271.11424398	pos	0	1	1	1	1	1	1	0	1	1	1
chr5.11424584.11424720	pos	0	1	1	1	1	1	1	0	1	1	1
chr5.11567912.11569660	pos	1	1	1	1	1	1	1	1	1	1	1
chr5.11570145.11571610	pos	1	1	1	1	1	1	1	1	1	1	1
chr5.11571800.11572098	pos	1	1	1	1	1	1	1	1	1	1	1
chr5.11572803.11572920	pos	0	1	1	1	1	1	1	1	1	1	1
chr5.11682573.11682682	pos	0	0	0	1	1	1	0	0	0	0	1
chr5.11950034.11950138	pos	1	1	1	1	1	0	1	1	1	1	0
chr5.12133842.12134087	pos	1	1	0	0	1	1	0	1	0	0	1
chr5.13196368.13196567	pos	0	1	1	1	1	0	1	1	1	1	1
chr5.13216830.13217102	pos	1	1	1	1	1	1	1	1	0	1	0
chr5.13302061.13302252	pos	0	0	1	0	0	0	1	0	0	1	0
chr5.13412363.13413176	pos	1	1	1	1	1	0	1	1	0	1	0
chr5.13416033.13416190	pos	1	1	1	1	1	1	0	1	0	1	0
chr5.13742627.13742863	pos	0	1	1	1	1	1	1	1	1	1	1
chr5.13902592.13902696	pos	0	0	1	0	0	0	1	0	1	0	0
chr5.14206125.14206214	pos	0	1	1	1	0	0	1	0	0	1	0
chr5.14354176.14354247	pos	0	0	1	0	0	0	1	0	1	1	0
chr5.14404598.14404716	pos	0	0	0	1	0	0	0	0	0	0	1
chr5.14989827.14990008	pos	1	1	1	1	1	0	0	1	0	1	0
chr5.15097693.15097793	pos	0	0	1	0	0	0	1	0	0	1	0
chr5.15486764.15486926	pos	1	1	0	1	1	1	0	1	0	1	0
chr5.15569041.15569107	pos	0	0	0	1	0	0	0	1	0	0	1
chr5.16222653.16222750	pos	0	0	0	1	0	0	0	0	1	1	0
chr5.16926467.16926546	pos	0	1	0	1	1	0	1	1	0	1	1
chr5.17025773.17025866	pos	0	1	1	0	1	0	1	0	0	0	0
chr5.17132841.17133321	pos	0	1	1	1	1	1	1	1	1	1	1
chr5.17652385.17652602	pos	0	1	1	1	1	1	1	1	1	0	0
chr5.17730901.17730975	pos	0	1	1	0	0	1	1	1	1	1	0
chr5.18245179.18245242	pos	0	0	0	0	0	0	1	0	0	1	0
chr5.18320950.18321023	pos	0	0	1	0	0	0	0	0	0	1	0
chr5.18615562.18615717	pos	0	1	0	1	0	0	1	1	0	1	0
chr5.19011671.19011744	pos	0	1	0	1	1	0	1	0	1	0	1
chr5.19195340.19195461	pos	0	0	1	0	0	0	1	0	1	0	0
chr5.19281649.19281816	pos	0	1	1	1	1	1	1	1	1	0	0
chr5.19903659.19903758	pos	0	0	0	0	0	0	1	0	1	0	0
chr5.20091110.20091258	pos	0	0	0	0	0	0	1	0	1	0	0
chr5.20444893.20445463	pos	1	1	1	0	1	1	0	1	0	0	1
chr5.20504710.20504910	pos	1	1	1	1	1	0	1	1	0	1	0
chr5.20780262.20780402	pos	1	1	0	1	1	1	1	1	1	0	0
chr5.21033022.21033536	pos	1	1	1	1	1	1	1	1	0	1	0
chr5.21199241.21199408	pos	0	1	1	1	1	1	1	1	1	1	1
chr5.21421312.21421469	pos	0	1	1	0	1	0	1	1	0	1	0
chr5.21771993.21772056	pos	1	1	0	1	1	1	0	1	0	1	1
chr5.21816968.21817237	pos	1	1	0	1	1	1	0	1	0	0	1
chr5.22488846.22488956	pos	0	0	1	1	1	1	1	0	1	1	1
chr5.22597486.22597591	pos	0	0	1	1	0	0	0	0	0	0	1
chr5.22791652.22791723	pos	1	1	0	1	1	0	1	0	1	1	0
chr5.22931395.22931538	pos	0	0	0	0	0	0	1	0	0	1	0
chr5.23018760.23018933	pos	0	1	1	1	1	1	1	1	0	1	1
chr5.23019771.23019960	pos	0	1	1	1	1	1	1	1	1	1	1
chr5.23350814.23350947	pos	0	1	1	1	1	0	1	1	0	1	0
chr5.23631228.23631353	pos	1	1	1	1	1	0	1	1	1	1	0
chr5.24245884.24246162	pos	1	1	1	1	1	1	0	1	0	0	1
chr5.24256671.24256865	pos	0	1	0	1	1	0	1	0	0	0	1
chr5.24413677.24413741	pos	0	0	1	1	1	0	0	1	0	0	1
chr5.24422515.24422685	pos	1	1	0	1	1	1	0	1	0	0	1
chr5.24476048.24476243	pos	1	1	1	0	0	1	1	0	0	1	0
chr5.24555924.24556736	pos	0	1	1	1	0	1	0	1	0	1	1
chr5.24626424.24626544	pos	0	0	1	0	0	0	1	0	1	0	0
chr5.25071575.25071730	pos	0	1	0	1	1	1	1	1	1	0	1
chr5.25241690.25241894	pos	0	0	1	0	0	0	1	0	0	1	0
chr5.25242598.25243291	pos	0	1	1	0	0	1	1	0	0	1	0
chr5.25555378.25555635	pos	1	1	0	1	1	0	1	1	1	1	0
chr5.25584865.25584971	pos	0	1	0	1	1	1	1	1	1	0	0
chr5.26009304.26009399	pos	0	1	0	1	1	0	0	1	0	0	1
chr5.26172489.26172795	pos	0	1	1	1	0	0	1	0	1	1	1
chr5.26247528.26247604	pos	0	0	0	0	0	0	1	0	1	0	0
chr5.26559137.26559248	pos	1	1	0	1	1	1	0	1	0	0	0
chr5.26647694.26647871	pos	0	0	1	1	1	0	1	1	1	0	1
chr5.26677367.26677506	pos	1	1	1	1	1	1	1	1	1	0	1
chr6.525835.525936	pos	0	1	1	1	0	0	1	0	1	1	1
chr6.577543.577928	pos	0	0	1	0	0	0	1	0	1	0	0
chr6.887750.888125	pos	0	1	0	1	1	1	1	1	1	0	1
chr6.931737.931842	pos	0	0	0	0	0	0	1	0	1	1	0
chr6.1097776.1097942	pos	1	1	0	1	1	0	1	1	1	1	0
chr6.1285272.1285361	pos	0	1	1	0	0	1	1	1	0	0	0
chr6.1417487.1417933	pos	0	0	0	0	0	0	1	0	1	0	0
chr6.1790646.1790957	pos	0	1	1	1	1	1	1	0	1	1	0
chr6.1945759.1945850	pos	0	1	1	1	1	1	1	1	1	1	1
chr6.2195655.2195731	pos	1	1	1	1	1	0	0	1	0	0	1
chr6.2547343.2547470	pos	0	1	0	0	1	1	1	0	0	1	0
chr6.2703946.2704048	pos	0	1	0	1	0	0	1	0	1	0	0
chr6.3328640.3328811	pos	1	1	1	1	1	1	1	1	1	0	0
chr6.3336821.3337371	pos	1	1	0	0	1	1	0	1	0	0	1
chr6.3398057.3398223	pos	1	1	0	1	1	0	0	0	0	1	0
chr6.3843002.3843177	pos	0	0	0	1	0	0	0	0	0	0	1
chr6.4185622.4185901	pos	0	1	0	1	1	1	1	1	1	1	0
chr6.4905259.4905377	pos	0	1	1	1	1	1	1	0	0	0	0
chr6.4961662.4961847	pos	0	0	0	0	0	0	1	0	1	1	0
chr6.5086430.5086548	pos	1	1	0	0	1	1	0	1	0	0	0
chr6.5555732.5555807	pos	0	0	0	1	0	0	0	0	0	0	1
chr6.5569885.5570174	pos	0	1	0	1	1	1	1	1	1	0	1
chr6.5591461.5591602	pos	0	0	1	0	0	0	1	0	1	1	0
chr6.5626131.5626355	pos	1	1	0	1	1	0	0	1	0	1	0
chr6.5681606.5681697	pos	0	1	0	1	0	0	1	1	0	1	0
chr6.5902242.5902323	pos	0	1	0	1	1	0	1	1	0	0	1
chr6.6018485.6018902	pos	0	1	1	1	1	1	1	1	1	1	1
chr6.6020241.6022787	pos	0	1	1	1	1	1	1	1	1	1	1
chr6.6026470.6027123	pos	0	1	1	0	0	1	1	0	1	1	0
chr6.6163075.6163738	pos	0	1	0	1	1	1	1	1	0	0	1
chr6.6354007.6354316	pos	0	0	0	0	0	0	1	0	0	0	0
chr6.6484996.6485174	pos	0	0	0	0	0	0	1	0	1	0	0
chr6.6583360.6583455	pos	0	0	1	0	0	0	1	0	1	0	0
chr6.6804364.6804484	pos	0	0	0	0	0	0	0	0	0	1	0
chr6.7059768.7059893	pos	0	0	0	0	0	0	1	0	0	1	0
chr6.7152261.7152359	pos	0	1	0	1	1	1	1	1	1	1	1
chr6.7264985.7265076	pos	1	1	0	1	1	1	0	0	0	1	0
chr6.7440267.7440562	pos	0	1	0	1	1	1	1	1	0	0	1
chr6.7894131.7894234	pos	0	0	1	0	0	1	1	0	0	0	0
chr6.8007690.8007943	pos	1	1	0	1	1	1	1	1	1	0	1
chr6.8112801.8112869	pos	0	1	0	0	0	0	1	1	0	1	0
chr6.8253434.8253697	pos	0	0	1	0	0	0	1	0	0	1	0
chr6.8654495.8654621	pos	1	1	0	1	1	0	0	1	1	0	1
chr6.8763692.8763943	pos	0	0	1	0	0	0	1	0	1	1	0
chr6.9088632.9089553	pos	1	1	1	1	1	1	1	1	1	1	1
chr6.9865548.9865814	pos	0	1	1	1	0	0	0	1	1	0	1
chr6.9969637.9969829	pos	0	0	1	0	0	0	1	0	1	0	0
chr6.10062713.10062857	pos	0	1	0	1	1	1	1	1	1	0	1
chr6.10689033.10689161	pos	0	0	1	0	0	0	1	0	1	0	0
chr6.10824272.10824453	pos	0	1	1	1	0	1	0	1	0	0	1
chr6.10826094.10826161	pos	0	0	1	1	0	0	0	1	0	0	1
chr6.11037140.11037228	pos	1	1	0	1	1	1	0	1	0	0	0
chr6.11327047.11327186	pos	1	1	0	1	1	1	1	1	1	0	0
chr6.11460950.11461127	pos	0	0	1	0	0	0	1	0	1	0	0
chr6.11779445.11780489	pos	0	1	1	1	1	1	0	1	0	1	1
chr6.12411545.12411714	pos	1	1	1	1	1	0	0	1	0	1	0
chr6.12580492.12580719	pos	0	1	1	1	0	0	1	0	1	0	0
chr6.12895525.12895622	pos	1	1	0	1	1	0	1	1	0	1	0
chr6.13480497.13480665	pos	1	0	0	0	0	0	0	0	0	0	0
chr6.13570746.13570916	pos	0	0	0	0	0	0	1	0	1	1	0
chr6.13628389.13628613	pos	0	1	0	0	0	0	1	0	1	1	0
chr6.13760151.13760589	pos	1	1	0	1	1	1	0	1	0	0	1
chr6.13905828.13906479	pos	1	0	0	0	1	1	0	1	0	0	1
chr6.13993631.13993840	pos	1	1	0	1	1	0	0	1	0	1	0
chr6.14175149.14175278	pos	1	0	1	1	1	1	0	1	0	0	1
chr6.14349708.14350678	pos	1	1	0	1	1	0	1	1	0	0	0
chr6.14499184.14499292	pos	0	0	1	0	0	0	1	0	1	0	0
chr6.14622758.14623065	pos	0	1	1	1	0	0	1	1	0	1	0
chr6.14751547.14751671	pos	0	0	0	0	0	0	1	0	1	1	0
chr6.15429742.15430008	pos	0	1	1	0	1	0	1	1	1	0	1
chr6.15444533.15444642	pos	0	0	1	0	0	0	1	0	1	0	0
chr6.15459109.15459187	pos	0	0	0	0	0	0	1	0	1	0	0
chr6.15966075.15966233	pos	1	0	0	0	1	1	0	0	0	0	1
chr6.16369736.16369800	pos	0	0	1	0	0	0	0	0	0	1	0
chr6.16425746.16425930	pos	0	1	0	1	1	1	1	1	0	1	1
chr6.18034060.18034199	pos	1	1	0	1	1	0	0	1	0	0	1
chr6.18099101.18099387	pos	0	1	0	1	1	1	1	1	0	0	1
chr6.18194877.18195013	pos	0	1	0	0	0	1	1	1	0	1	0
chr6.18476776.18476894	pos	0	0	1	0	0	0	1	0	1	0	0
chr6.18809755.18809874	pos	0	1	0	0	1	1	0	1	0	1	0
chr6.19542418.19542603	pos	1	1	1	1	1	0	0	1	0	1	0
chr6.19992835.19992981	pos	0	1	1	1	1	0	0	0	0	1	0
chr6.20315083.20315338	pos	0	1	1	1	1	0	0	1	1	1	1
chr6.20502740.20502818	pos	0	0	0	0	0	0	0	0	1	0	0
chr6.20929807.20929999	pos	0	1	1	1	1	1	0	1	0	0	1
chr6.21277574.21277656	pos	0	0	1	0	0	0	1	0	1	0	0
chr6.21626993.21627543	pos	0	1	1	1	1	1	1	0	1	1	1
chr6.21986765.21986918	pos	1	1	0	1	1	1	1	1	0	0	1
chr6.22544817.22544919	pos	0	0	0	1	1	0	0	1	0	0	1
chr6.22806484.22806566	pos	1	1	0	1	1	0	1	1	1	1	0
chr6.23009578.23009671	pos	0	1	1	1	1	1	0	1	0	1	0
chr6.23713402.23713528	pos	0	0	0	1	0	0	1	1	0	0	1
chr6.23744980.23745286	pos	0	1	1	1	1	1	1	1	1	1	1
chr6.23745492.23746792	pos	0	1	1	1	1	1	1	1	1	1	1
chr6.23810422.23810561	pos	0	0	1	0	0	0	1	0	1	0	0
chr7.391843.391956	pos	0	0	1	1	0	1	1	0	1	0	0
chr7.492442.492914	pos	0	1	1	1	1	0	1	1	1	0	1
chr7.914751.914819	pos	0	0	0	0	0	0	0	0	0	0	0
chr7.1204822.1205117	pos	0	1	1	1	1	1	1	1	1	0	1
chr7.1290532.1291045	pos	0	1	1	1	1	1	1	1	1	1	1
chr7.1706467.1706572	pos	1	1	1	1	1	1	1	1	0	1	0
chr7.2256526.2256791	pos	0	1	0	1	1	1	0	1	1	0	1
chr7.2258006.2258133	pos	0	0	0	0	0	0	1	0	1	0	0
chr7.2545724.2545840	pos	0	1	1	0	0	0	1	0	1	0	0
chr7.3134154.3134329	pos	0	0	0	0	0	0	1	0	1	0	0
chr7.3306661.3306768	pos	0	0	1	0	0	0	1	0	1	1	0
chr7.3572186.3572296	pos	1	1	1	1	1	0	0	1	0	1	0
chr7.3898000.3898105	pos	1	1	0	1	1	0	1	1	0	1	0
chr7.4121123.4121190	pos	0	0	0	1	0	0	1	0	1	0	0
chr7.4274693.4274818	pos	0	1	1	0	0	0	1	0	1	0	0
chr7.4728363.4728634	pos	0	0	1	0	0	0	1	0	1	1	0
chr7.5003199.5003786	pos	0	1	1	1	0	1	0	0	0	1	1
chr7.5907551.5908109	pos	1	1	0	1	1	1	0	0	0	1	0
chr7.6471515.6471614	pos	0	1	0	1	1	0	0	1	0	1	0
chr7.6773464.6773547	pos	0	0	1	0	0	0	1	0	1	0	0
chr7.7039444.7039605	pos	1	1	0	1	1	0	0	1	0	1	0
chr7.7471013.7471122	pos	0	1	0	0	0	0	1	1	1	1	1
chr7.7528953.7529055	pos	0	0	0	0	0	0	1	0	1	0	0
chr7.8372763.8373086	pos	1	1	0	0	1	1	0	0	0	0	0
chr7.8411666.8412149	pos	1	1	0	0	1	1	0	1	0	0	0
chr7.8763283.8763367	pos	0	0	0	0	0	0	1	0	1	0	0
chr7.9350973.9351216	pos	1	1	0	1	1	1	0	1	0	0	1
chr7.9461483.9462752	pos	0	1	1	0	1	1	0	1	0	0	1
chr7.9698810.9699325	pos	0	1	0	1	1	1	1	1	1	1	1
chr7.9863720.9863846	pos	0	0	0	0	0	0	1	0	0	1	0
chr7.10016223.10016355	pos	0	1	0	1	0	0	1	0	1	0	0
chr7.10173976.10174053	pos	0	1	1	1	0	0	1	0	1	1	1
chr7.10681845.10681975	pos	0	0	1	0	0	0	1	0	1	0	0
chr7.10868286.10868393	pos	0	0	0	0	0	0	1	0	1	0	0
chr7.10888232.10888572	pos	0	1	0	1	1	1	0	1	0	0	1
chr7.11032648.11032757	pos	0	0	1	1	1	0	0	1	0	0	1
chr7.11140871.11140940	pos	0	1	0	1	0	0	1	1	1	0	0
chr7.11556116.11556187	pos	0	0	1	1	0	0	1	0	1	0	0
chr7.11628516.11628630	pos	0	0	1	0	0	0	1	0	1	0	0
chr7.11691943.11692052	pos	0	1	0	1	1	0	1	0	1	0	1
chr7.12115824.12116167	pos	1	1	1	1	1	1	1	0	0	1	1
chr7.12218235.12218409	pos	1	1	1	1	0	1	1	1	0	0	0
chr7.12378545.12378616	pos	1	1	1	1	1	0	1	1	1	1	1
chr7.12569225.12569419	pos	0	0	0	1	0	0	1	0	1	0	0
chr7.12853274.12853415	pos	0	1	0	0	0	0	1	1	1	0	0
chr7.13664400.13664600	pos	0	0	1	0	0	0	1	0	1	0	0
chr7.13790792.13791040	pos	0	1	0	1	1	0	1	1	1	0	1
chr7.13806186.13806339	pos	0	0	0	0	0	0	1	0	0	1	0
chr7.13975559.13976085	pos	0	1	1	1	1	1	1	1	1	1	1
chr7.15239460.15240097	pos	1	1	1	1	1	1	1	1	1	1	1
chr7.15396648.15396984	pos	0	0	0	0	0	0	1	0	1	0	0
chr7.15515996.15516148	pos	0	0	0	1	1	1	1	1	1	0	1
chr7.15897472.15897627	pos	0	0	1	0	0	0	1	0	1	0	0
chr7.16162129.16162575	pos	1	1	0	1	1	1	0	1	0	0	1
chr7.16553894.16553988	pos	0	1	1	0	0	0	1	1	1	1	0
chr7.16635887.16635986	pos	0	1	1	1	1	1	1	1	1	1	1
chr7.17013152.17013220	pos	0	1	1	1	1	0	1	0	1	1	1
chr7.17713603.17713708	pos	0	0	1	0	0	0	1	0	1	0	0
chr7.18107717.18107830	pos	0	0	0	0	0	1	0	0	0	0	1
chr7.18256580.18256677	pos	1	1	1	1	1	1	1	1	1	0	1
chr7.19472344.19472543	pos	0	1	1	1	1	1	1	1	0	0	1
chr7.19486750.19487112	pos	0	0	1	0	0	0	1	0	1	0	0
chr7.19629155.19629277	pos	0	0	0	0	0	0	1	0	1	0	0
chr7.19751685.19751836	pos	0	0	0	0	0	0	1	0	1	0	0
chr7.19754962.19755058	pos	0	1	0	0	1	1	1	0	0	0	0
chr7.20035423.20035587	pos	1	1	0	1	1	1	1	1	1	0	1
chr7.20797759.20797880	pos	0	0	1	1	0	0	0	1	0	0	1
chr7.20940604.20941027	pos	0	1	1	0	0	0	1	0	0	1	0
chr7.21696942.21697008	pos	0	1	1	0	0	0	1	0	1	0	0
chr7.21856464.21856920	pos	0	1	0	1	1	1	1	1	1	0	1
chr8.81496.81727	pos	0	0	0	0	0	0	1	0	1	0	0
chr8.168644.169087	pos	0	1	1	1	1	1	1	1	1	0	1
chr8.250417.250650	pos	0	0	1	1	1	1	1	0	1	1	0
chr8.250864.250985	pos	0	0	1	1	1	1	1	0	1	1	0
chr8.261575.261657	pos	0	0	1	0	0	0	1	0	1	0	0
chr8.988313.988405	pos	0	0	1	0	0	0	1	0	1	0	0
chr8.1474048.1474193	pos	0	0	1	0	0	0	1	0	1	1	0
chr8.2459555.2460259	pos	1	1	0	1	1	0	0	1	0	1	0
chr8.2484789.2485189	pos	0	1	0	0	1	1	0	0	0	0	1
chr8.2578256.2578566	pos	0	0	1	1	1	0	1	0	1	1	0
chr8.2593421.2593533	pos	1	1	0	1	1	0	0	1	1	0	0
chr8.2609653.2609980	pos	0	1	1	1	1	1	1	1	1	0	0
chr8.2893037.2893136	pos	0	1	0	1	1	1	1	1	0	1	1
chr8.3016097.3016199	pos	0	1	1	0	0	1	1	0	0	0	0
chr8.3307281.3307392	pos	0	1	1	0	0	1	1	0	1	1	0
chr8.3665663.3665856	pos	0	1	1	1	1	1	1	1	1	0	0
chr8.3793949.3794016	pos	0	0	0	0	0	0	1	0	1	0	0
chr8.3980376.3980454	pos	0	0	0	0	0	0	1	0	1	0	0
chr8.4307561.4307661	pos	0	1	1	1	1	0	1	0	1	1	0
chr8.4707373.4707553	pos	0	1	1	0	0	1	1	0	0	1	0
chr8.5455836.5455929	pos	0	1	1	1	1	1	1	1	1	1	1
chr8.5797511.5798088	pos	0	1	1	1	1	1	1	0	1	1	1
chr8.6359350.6359621	pos	0	0	1	0	0	1	1	0	0	0	0
chr8.6623472.6623626	pos	0	0	0	0	0	0	0	0	1	0	0
chr8.6650446.6650685	pos	0	0	1	0	0	0	1	0	1	0	0
chr8.6912169.6912648	pos	0	0	1	0	0	0	1	0	1	1	0
chr8.7082682.7082782	pos	1	1	0	1	1	1	1	1	1	0	0
chr8.7096974.7097073	pos	0	0	0	0	0	0	1	0	1	0	0
chr8.7145760.7145974	pos	0	1	0	1	1	1	0	1	0	0	1
chr8.7725050.7725205	pos	0	0	0	0	0	0	1	0	1	0	0
chr8.7830791.7830881	pos	0	0	0	1	0	0	0	1	0	0	1
chr8.8031259.8031406	pos	0	1	1	1	1	0	1	1	1	0	1
chr8.8767750.8768036	pos	0	0	1	0	0	0	1	0	1	0	0
chr8.9031966.9032220	pos	0	1	0	1	1	1	0	1	0	0	0
chr8.9230959.9231098	pos	0	0	1	0	0	0	1	0	1	0	0
chr8.9671725.9671940	pos	0	1	0	1	1	1	1	1	1	0	1
chr8.9713011.9713405	pos	0	1	1	0	0	1	1	0	1	1	0
chr8.9842101.9842236	pos	1	1	0	0	1	1	0	1	0	0	0
chr8.9887992.9888062	pos	0	0	1	0	0	0	1	0	1	0	0
chr8.10692614.10692682	pos	0	0	0	0	0	0	1	0	1	0	0
chr8.11013068.11013328	pos	0	0	0	0	0	1	1	1	0	1	0
chr8.11674498.11674580	pos	1	1	1	1	1	1	1	0	0	1	0
chr8.11675549.11675617	pos	0	1	1	1	0	0	1	0	0	1	0
chr8.11823219.11823834	pos	0	1	1	1	1	1	1	1	1	1	1
chr8.12273057.12273221	pos	0	1	0	0	1	1	1	1	1	0	1
chr8.12853675.12853799	pos	0	0	1	0	0	0	1	0	1	0	0
chr8.13012873.13012941	pos	0	0	1	0	0	0	1	0	1	1	0
chr8.13602637.13602751	pos	0	1	0	1	1	1	1	0	1	0	1
chr8.13786773.13786934	pos	1	1	0	0	1	1	0	1	0	1	1
chr8.13796922.13797140	pos	0	1	1	1	1	1	1	1	1	1	1
chr8.14330753.14330982	pos	0	0	1	0	0	0	1	0	1	0	0
chr8.14769129.14769572	pos	1	1	1	1	1	1	1	1	0	0	1
chr8.15016995.15017217	pos	0	1	1	1	0	0	1	0	1	0	0
chr8.15177505.15177613	pos	1	1	0	1	1	0	1	1	1	1	0
chr8.15234044.15234234	pos	0	0	1	0	0	0	1	0	1	0	0
chr8.15427053.15427303	pos	1	1	1	1	1	0	0	1	0	1	0
chr8.17132335.17132823	pos	0	0	1	0	0	0	1	0	0	1	0
chr8.17132936.17133125	pos	0	0	1	0	0	0	1	0	0	1	0
chr8.17733250.17733332	pos	0	1	1	0	1	1	1	0	0	0	0
chr8.18202383.18202479	pos	0	0	0	0	0	1	0	1	0	1	0
chr8.18385527.18385642	pos	0	1	1	0	0	0	1	0	1	0	1
chr8.18778828.18778907	pos	0	0	0	0	0	0	0	0	0	0	0
chr8.19146996.19147080	pos	0	0	1	1	0	0	0	1	0	0	1
chr8.19796027.19796144	pos	0	0	0	0	0	0	1	0	1	0	0
chr8.20175483.20175546	pos	0	0	1	0	0	0	1	0	1	0	0
chr8.20194112.20194263	pos	0	0	0	0	0	0	1	0	1	0	0
chr8.20328076.20328215	pos	0	0	0	0	0	0	1	0	1	0	0
chr8.20398120.20398258	pos	1	1	0	1	1	0	0	1	0	1	0
chr8.20446489.20446703	pos	0	1	0	1	1	0	0	1	0	1	0
chr8.20504227.20504636	pos	0	1	1	1	0	1	1	0	1	1	1
chr8.20544717.20544850	pos	0	1	1	1	1	0	1	0	1	1	1
chr8.20915365.20915504	pos	1	1	0	1	1	0	1	1	0	1	0
chr8.21164998.21165203	pos	0	1	0	1	1	0	1	1	1	0	1
chrU.127601.127764	pos	0	0	0	0	0	0	0	0	0	0	0
chrU.256247.256344	pos	0	0	0	0	0	0	0	0	0	0	0
chrU.756518.756582	pos	0	0	0	0	0	0	0	0	0	0	0
chrU.1776806.1777052	pos	0	0	0	0	0	0	0	0	0	0	0
chrU.1793742.1794110	pos	0	0	0	0	0	0	0	0	0	0	0
chrU.2969655.2970034	pos	0	0	0	0	0	0	0	0	0	0	0
chrU.3440059.3440163	pos	0	0	1	0	0	0	0	0	0	0	0
chrU.3440658.3440732	pos	0	0	1	0	0	0	0	0	0	0	0
chrU.3845129.3845252	pos	0	0	0	0	0	0	0	0	0	0	0
chrU.4022100.4022173	pos	0	0	0	0	0	0	0	0	0	0	0
chrU.4309971.4310335	pos	0	0	1	0	0	0	0	0	0	0	0
chrU.4419115.4419311	pos	0	0	0	0	0	0	0	0	0	0	0
chrV.207943.208062	pos	0	0	0	0	0	0	1	0	1	0	1
chrV.244593.244781	pos	0	0	1	0	0	0	1	0	1	0	0
chrV.1305556.1305644	pos	0	0	0	0	0	0	1	0	1	0	0
chrV.1351649.1352056	pos	0	0	1	0	0	0	1	0	1	0	0
chrV.1632218.1632283	pos	0	0	0	1	0	0	0	0	0	0	1
chrV.1667667.1667859	pos	0	1	0	0	1	1	1	1	1	0	1
chrV.1900184.1900324	pos	0	0	0	0	0	0	1	1	1	0	0
chrV.2029897.2030170	pos	0	1	1	1	1	1	1	1	1	0	1
chrV.2276773.2276859	pos	0	0	1	1	0	0	0	0	0	0	1
chrV.2316931.2317035	pos	0	0	0	0	0	0	1	0	1	0	0
chrV.3090072.3090282	pos	0	0	1	0	0	0	1	0	1	0	0
chrV.3403298.3403361	pos	0	0	0	0	0	0	1	0	1	0	0
chrV.3456957.3457122	pos	0	0	0	0	0	0	1	0	1	0	0
chrV.3472420.3472560	pos	0	0	0	0	0	0	1	0	1	0	0
chrV.3608225.3608384	pos	0	0	0	0	0	0	1	0	1	0	0
chrV.3783816.3783915	pos	0	0	1	0	0	0	1	0	1	0	0
chrV.4080147.4080221	pos	0	0	1	1	0	0	0	0	0	0	1
chrV.4099879.4100292	pos	0	1	1	1	1	0	1	1	1	0	1
chrV.4175490.4175569	pos	0	0	0	0	0	0	1	0	1	0	0
chrV.4296348.4296499	pos	0	0	0	0	0	0	1	0	1	0	0
chrV.4317858.4318060	pos	0	1	1	0	1	1	1	1	1	0	1
chrV.4551239.4551302	pos	0	0	0	0	0	0	1	0	1	0	0
chrV.4572348.4572791	pos	0	1	1	1	0	0	1	0	1	1	0
chrV.5889834.5889897	pos	0	0	0	0	0	0	1	0	1	0	0
chrV.5950381.5950519	pos	0	0	0	0	0	0	1	0	1	0	0
chrV.6135525.6135816	pos	0	1	1	1	1	1	1	1	1	0	1
chrV.6208445.6208687	pos	0	0	0	0	0	0	1	0	1	0	1
chrV.7016553.7020140	pos	1	1	1	1	1	1	1	1	1	1	1
chrV.7021661.7022094	pos	1	1	1	1	1	1	1	1	1	1	1
chrV.7395203.7396734	pos	1	0	1	1	1	1	1	1	1	1	1
chrV.7396808.7397237	pos	1	0	1	1	1	1	1	1	1	1	1
chrV.7397677.7397935	pos	1	0	1	1	1	1	1	1	1	1	1
chrV.7398160.7400077	pos	1	0	1	1	1	1	1	1	1	1	1
chrV.7404076.7404474	pos	1	0	1	1	1	1	1	1	1	1	1
chrV.7408048.7409441	pos	1	0	1	1	1	1	1	1	1	1	1
unplaced-scaffold_056.5020.5093	pos	0	1	0	1	1	0	0	0	0	1	0
unplaced-scaffold_056.8605.8979	pos	0	1	1	1	1	0	0	1	0	1	0
unplaced-scaffold_250.16488.16632	pos	1	1	1	1	1	1	1	1	1	1	1
chr1.20000.20500	neg	0	0	0	0	0	0	0	0	0	0	0
chr1.33500.34000	neg	0	0	0	0	0	0	0	0	0	0	0
chr1.60000.60500	neg	0	0	0	0	0	0	0	0	0	0	0
chr1.80000.80500	neg	0	0	0	0	0	0	0	0	0	0	0
chr1.433000.433500	neg	0	1	0	1	1	1	1	0	0	0	1
chr1.624000.624500	neg	0	0	0	0	0	0	1	0	1	0	0
chr1.897000.897500	neg	0	1	0	1	0	0	1	1	1	0	1
chr1.1042000.1042500	neg	0	1	0	1	1	1	1	1	1	0	1
chr1.1234000.1234500	neg	0	0	0	0	0	0	1	0	1	0	0
chr1.1740500.1741000	neg	0	1	1	1	1	1	1	1	1	0	1
chr1.2083000.2083500	neg	0	1	0	0	1	0	1	1	1	0	1
chr1.2165000.2165500	neg	1	1	0	1	1	0	0	1	0	0	0
chr1.2176500.2177000	neg	0	0	0	0	0	0	1	0	1	0	1
chr1.2586500.2587000	neg	0	0	1	0	0	0	1	0	1	0	0
chr1.2879000.2879500	neg	0	0	0	0	0	0	1	0	1	0	0
chr1.3057500.3058000	neg	0	0	0	0	0	0	1	0	1	0	0
chr1.3062000.3062500	neg	0	0	0	0	0	0	1	0	1	0	0
chr1.3380500.3381000	neg	0	1	0	1	0	1	1	1	0	0	1
chr1.3423000.3423500	neg	0	1	1	1	1	0	1	0	1	0	1
chr1.3482000.3482500	neg	0	1	1	1	1	1	1	0	1	0	0
chr1.3748500.3749000	neg	0	0	0	1	1	0	1	1	1	0	1
chr1.3771000.3771500	neg	0	1	1	1	1	1	1	1	1	0	1
chr1.4195500.4196000	neg	0	1	0	1	1	1	1	1	1	0	1
chr1.4477000.4477500	neg	0	0	1	0	0	0	1	0	1	0	0
chr1.4715500.4716000	neg	0	0	1	1	0	0	1	0	1	0	0
chr1.5319500.5320000	neg	1	1	0	0	1	1	0	0	0	0	0
chr1.5360000.5360500	neg	1	0	0	0	1	1	0	0	0	0	0
chr1.5831500.5832000	neg	0	0	0	0	0	0	1	0	1	0	0
chr1.5891500.5892000	neg	0	0	0	0	0	0	1	0	1	0	0
chr1.6032500.6033000	neg	0	1	0	0	0	0	1	0	1	0	1
chr1.6155500.6156000	neg	0	1	0	0	1	0	1	0	1	0	1
chr1.6294500.6295000	neg	0	0	0	0	0	0	1	0	1	0	0
chr1.6473500.6474000	neg	0	1	1	1	1	1	1	0	1	0	1
chr1.6800000.6800500	neg	0	1	1	0	0	0	1	0	1	0	0
chr1.6942000.6942500	neg	0	1	1	1	1	1	1	1	1	0	1
chr1.7056000.7056500	neg	0	0	1	1	1	1	1	0	1	0	1
chr1.7117000.7117500	neg	0	0	0	0	0	0	1	0	1	0	0
chr1.7472000.7472500	neg	0	0	1	0	0	1	1	1	1	0	0
chr1.7486500.7487000	neg	0	0	0	1	0	0	1	0	1	0	0
chr1.7941500.7942000	neg	1	1	0	1	1	0	0	1	0	1	0
chr1.8056000.8056500	neg	1	1	0	1	1	0	0	1	1	1	1
chr1.8095000.8095500	neg	0	0	0	0	0	0	1	0	1	0	0
chr1.8671500.8672000	neg	0	1	0	1	1	1	1	0	1	0	1
chr1.9106500.9107000	neg	0	1	0	1	0	0	1	0	1	0	0
chr1.9295000.9295500	neg	0	1	0	0	1	1	1	0	1	0	1
chr1.9321500.9322000	neg	0	1	0	1	1	0	0	1	0	1	0
chr1.10100500.10101000	neg	0	0	0	0	0	0	1	1	1	0	1
chr1.10782000.10782500	neg	0	1	1	1	1	0	1	0	1	0	0
chr1.10906000.10906500	neg	0	1	0	0	0	0	1	0	1	0	1
chr1.10906500.10907000	neg	0	1	0	1	1	0	1	0	1	0	1
chr1.11156500.11157000	neg	0	0	0	1	0	0	1	0	1	0	0
chr1.11487500.11488000	neg	0	1	0	1	1	0	1	1	1	0	1
chr1.11962500.11963000	neg	1	1	0	0	1	1	1	1	1	0	1
chr1.12264500.12265000	neg	1	1	0	1	1	1	1	1	1	1	0
chr1.12644000.12644500	neg	0	1	0	1	1	1	1	1	1	0	1
chr1.12868000.12868500	neg	1	1	0	1	1	0	0	1	0	1	0
chr1.13196500.13197000	neg	0	1	1	1	1	0	1	0	1	0	1
chr1.13197500.13198000	neg	0	0	1	0	0	0	1	0	1	0	0
chr1.13316000.13316500	neg	0	1	0	1	1	1	1	1	1	0	0
chr1.13316500.13317000	neg	0	0	0	0	0	0	1	0	1	0	0
chr1.13631000.13631500	neg	0	1	0	1	0	0	1	1	1	0	1
chr1.13706500.13707000	neg	0	1	0	1	1	0	0	1	0	1	0
chr1.13942500.13943000	neg	0	0	0	1	0	0	0	0	0	0	1
chr1.14440000.14440500	neg	0	0	0	0	0	0	0	0	0	0	0
chr1.14574000.14574500	neg	0	1	0	0	1	0	1	1	1	0	1
chr1.15063500.15064000	neg	0	0	1	0	0	1	1	0	1	0	0
chr1.15479000.15479500	neg	0	0	1	0	0	1	1	0	1	0	0
chr1.15684000.15684500	neg	1	1	0	1	1	1	0	1	0	1	0
chr1.15936500.15937000	neg	0	1	1	1	1	1	1	1	0	0	1
chr1.16026500.16027000	neg	0	1	1	0	0	0	1	0	1	0	0
chr1.16126500.16127000	neg	0	1	0	1	1	0	1	0	1	0	1
chr1.16156000.16156500	neg	1	1	0	0	1	0	0	0	0	1	0
chr1.16390500.16391000	neg	0	1	0	0	0	0	1	0	1	0	0
chr1.16678500.16679000	neg	0	1	1	1	1	1	1	1	1	0	1
chr1.16771500.16772000	neg	0	1	1	1	1	1	1	1	1	0	1
chr1.16901000.16901500	neg	0	0	1	0	0	0	1	0	1	0	0
chr1.17170000.17170500	neg	0	0	0	0	0	0	1	0	1	0	0
chr1.17216500.17217000	neg	0	1	0	1	0	1	1	0	1	0	0
chr1.17527000.17527500	neg	1	1	0	1	1	1	0	1	0	0	1
chr1.17937500.17938000	neg	0	0	0	0	0	0	1	0	1	0	0
chr1.18059500.18060000	neg	0	1	0	1	1	0	1	1	0	0	1
chr1.18670500.18671000	neg	0	0	1	0	0	1	1	0	1	0	0
chr1.18694000.18694500	neg	0	1	0	1	1	1	1	1	0	0	1
chr1.18695500.18696000	neg	0	1	1	0	0	1	1	0	1	0	1
chr1.18750500.18751000	neg	0	1	0	1	1	0	1	1	1	0	1
chr1.19049500.19050000	neg	0	0	1	0	0	0	1	0	1	0	0
chr1.19144500.19145000	neg	1	1	1	1	1	0	1	1	0	1	0
chr1.19288000.19288500	neg	1	1	0	1	1	1	1	1	1	0	1
chr1.20440000.20440500	neg	0	0	0	0	0	0	1	0	1	0	0
chr1.20687500.20688000	neg	0	1	0	1	1	1	1	1	0	0	1
chr1.21008000.21008500	neg	0	1	1	1	0	1	1	1	1	0	1
chr1.21224000.21224500	neg	0	1	1	1	1	1	1	0	1	0	1
chr1.21513500.21514000	neg	0	1	1	1	0	1	1	0	1	0	1
chr1.21780500.21781000	neg	0	1	1	1	1	1	1	1	1	0	1
chr1.22003000.22003500	neg	0	1	1	1	1	1	1	0	1	0	1
chr1.22231500.22232000	neg	0	1	0	0	0	1	1	0	1	0	0
chr1.22426000.22426500	neg	0	1	0	1	1	1	1	0	1	0	1
chr1.22781500.22782000	neg	1	1	0	0	1	1	0	0	0	1	0
chr1.23026000.23026500	neg	1	1	0	1	1	0	0	0	0	1	0
chr1.23313500.23314000	neg	0	1	0	1	1	1	1	1	1	0	1
chr1.24003500.24004000	neg	0	1	0	0	0	0	1	0	0	0	0
chr1.24061500.24062000	neg	0	1	0	1	0	1	1	1	1	0	1
chr1.24117000.24117500	neg	1	1	0	1	1	1	1	0	1	0	0
chr1.24699500.24700000	neg	0	1	0	0	0	1	1	0	1	0	1
chr1.24721000.24721500	neg	0	1	0	1	1	0	0	1	0	0	1
chr1.25301000.25301500	neg	0	1	0	0	1	1	1	1	1	0	1
chr1.25776000.25776500	neg	1	1	0	1	1	0	1	1	1	0	0
chr1.26018500.26019000	neg	0	1	1	1	0	0	1	0	1	0	0
chr1.26048500.26049000	neg	1	1	1	1	1	1	1	1	0	1	0
chr1.26391000.26391500	neg	0	1	1	0	0	1	1	0	1	0	0
chr1.26578000.26578500	neg	1	1	0	1	1	1	1	1	1	0	1
chr1.26887000.26887500	neg	1	1	0	1	1	1	1	1	1	0	1
chr1.26985500.26986000	neg	1	1	0	1	1	0	1	1	1	0	0
chr1.27053000.27053500	neg	0	0	1	1	0	1	1	0	1	0	0
chr1.27194000.27194500	neg	0	1	0	1	1	1	1	1	0	0	1
chr1.27641500.27642000	neg	0	0	1	0	0	0	1	0	1	0	0
chr1.28041500.28042000	neg	0	1	0	1	1	1	1	0	0	0	1
chr1.28100000.28100500	neg	0	0	0	0	0	0	1	0	1	0	0
chr1.28442500.28443000	neg	0	1	0	0	0	0	1	1	0	1	0
chr1.28524500.28525000	neg	0	1	0	0	0	0	1	0	0	1	0
chr1.28556500.28557000	neg	0	0	0	0	0	0	0	0	0	0	0
chr1.29633000.29633500	neg	0	1	1	1	1	0	1	0	1	0	1
chr1.29867500.29868000	neg	0	1	0	0	1	1	1	0	0	0	1
chr1.29897500.29898000	neg	1	1	1	1	1	1	1	1	1	0	0
chr1.29927000.29927500	neg	0	1	1	1	1	0	1	1	1	0	0
chr1.29927500.29928000	neg	0	1	1	1	0	0	1	1	1	0	0
chr1.30461500.30462000	neg	0	1	0	1	1	1	1	1	0	1	1
chr1.30566000.30566500	neg	0	1	0	0	1	0	1	1	1	0	1
chr2.1000.1500	neg	0	0	0	0	0	0	0	0	0	0	0
chr2.13500.14000	neg	0	0	0	0	0	0	0	0	0	0	0
chr2.867500.868000	neg	1	1	0	1	1	0	0	1	1	1	0
chr2.1771000.1771500	neg	0	0	0	0	0	0	0	0	0	0	0
chr2.2559000.2559500	neg	1	1	0	1	1	0	0	0	0	1	0
chr2.2861500.2862000	neg	0	1	0	1	1	0	1	1	0	1	0
chr2.3066000.3066500	neg	0	1	0	1	1	1	1	1	1	0	0
chr2.3837500.3838000	neg	0	1	1	1	1	0	0	1	0	1	0
chr2.3854500.3855000	neg	1	1	0	1	1	0	0	1	0	1	0
chr2.3876500.3877000	neg	0	1	0	1	1	0	1	1	0	1	0
chr2.3877500.3878000	neg	0	1	0	1	1	0	1	1	0	1	0
chr2.3897000.3897500	neg	1	1	0	1	1	0	0	1	0	1	0
chr2.3903000.3903500	neg	1	1	0	1	1	0	0	1	0	1	0
chr2.4361000.4361500	neg	1	1	0	1	1	0	0	1	0	1	0
chr2.4626000.4626500	neg	1	1	1	0	1	1	0	1	0	0	0
chr2.4738500.4739000	neg	0	0	0	0	0	0	0	0	0	0	0
chr2.4813500.4814000	neg	0	0	1	0	0	0	1	0	1	0	0
chr2.5719000.5719500	neg	0	1	0	1	1	0	1	1	0	1	1
chr2.6183500.6184000	neg	0	1	0	1	0	1	0	1	0	0	0
chr2.6245000.6245500	neg	0	1	0	1	1	1	1	1	1	0	1
chr2.6465500.6466000	neg	0	1	1	0	0	0	1	0	1	0	1
chr2.6564500.6565000	neg	1	1	0	1	1	1	0	1	0	0	1
chr2.6603000.6603500	neg	0	1	1	1	1	0	1	0	1	1	1
chr2.6904500.6905000	neg	1	1	0	1	1	1	0	1	0	1	0
chr2.7230500.7231000	neg	0	1	0	1	0	0	1	1	1	0	1
chr2.7621000.7621500	neg	0	0	0	0	0	0	1	0	1	0	0
chr2.7945500.7946000	neg	0	1	0	1	1	1	1	1	1	0	1
chr2.8158500.8159000	neg	1	1	0	1	1	1	0	1	0	0	0
chr2.8468500.8469000	neg	1	1	0	1	1	1	0	1	0	0	1
chr2.8699500.8700000	neg	1	1	0	1	1	1	1	1	0	0	0
chr2.8984000.8984500	neg	0	1	1	0	0	1	1	1	1	0	0
chr2.9174500.9175000	neg	0	1	0	1	0	0	1	1	1	0	0
chr2.9236500.9237000	neg	1	1	0	1	1	0	1	0	1	0	0
chr2.9354500.9355000	neg	0	1	0	1	1	0	0	1	1	1	0
chr2.9423500.9424000	neg	1	1	1	1	1	0	1	1	0	1	0
chr2.9458000.9458500	neg	1	1	1	0	1	1	1	0	1	0	1
chr2.9511500.9512000	neg	0	0	0	0	0	0	1	0	1	0	0
chr2.9565000.9565500	neg	0	1	0	1	1	0	0	1	0	0	1
chr2.9663500.9664000	neg	1	1	0	1	1	0	1	1	1	1	0
chr2.9748000.9748500	neg	0	1	0	1	1	1	1	1	0	0	1
chr2.9812000.9812500	neg	0	0	1	0	0	0	1	0	1	0	0
chr2.10240500.10241000	neg	0	1	1	0	1	0	1	0	0	0	0
chr2.10766500.10767000	neg	0	1	0	1	1	1	1	1	0	0	1
chr2.10937500.10938000	neg	1	1	0	1	1	1	1	1	1	0	0
chr2.11364000.11364500	neg	0	1	0	0	1	1	1	0	1	0	1
chr2.11956000.11956500	neg	0	1	0	1	1	0	0	1	0	1	0
chr2.12117000.12117500	neg	1	1	0	0	1	1	0	1	0	0	1
chr2.12204500.12205000	neg	1	1	0	1	1	1	0	1	0	1	0
chr2.12387000.12387500	neg	0	1	1	1	0	0	1	0	0	1	0
chr2.12455000.12455500	neg	1	1	0	0	1	1	0	1	0	1	0
chr2.12831000.12831500	neg	0	1	0	1	1	0	1	1	0	0	1
chr2.13384500.13385000	neg	0	0	1	0	0	0	1	0	1	0	0
chr2.14670500.14671000	neg	0	0	1	0	0	0	1	0	1	0	0
chr2.15565000.15565500	neg	0	0	0	0	0	0	0	0	0	1	0
chr2.15615000.15615500	neg	0	0	0	0	0	0	0	0	0	1	0
chr2.15655500.15656000	neg	0	0	0	0	0	0	1	0	0	1	0
chr2.15804000.15804500	neg	1	1	0	1	1	0	0	1	0	1	0
chr2.15998000.15998500	neg	0	1	0	0	0	1	1	0	1	0	0
chr2.16110500.16111000	neg	1	1	0	1	1	0	0	1	1	0	0
chr2.16212000.16212500	neg	1	1	1	1	1	1	0	1	0	1	0
chr2.16272000.16272500	neg	0	1	1	0	1	1	1	0	1	0	1
chr2.16915500.16916000	neg	0	0	0	0	0	0	0	0	0	0	0
chr2.17240500.17241000	neg	0	1	0	1	1	1	1	1	1	0	1
chr2.18639000.18639500	neg	0	0	0	0	0	0	1	0	1	1	0
chr2.18924500.18925000	neg	0	1	0	0	1	1	1	1	1	0	1
chr2.19073500.19074000	neg	0	1	1	1	0	1	1	1	0	0	0
chr2.19196000.19196500	neg	0	1	0	0	1	1	1	1	1	0	1
chr2.19345500.19346000	neg	0	0	1	0	0	0	1	0	0	1	0
chr2.19718500.19719000	neg	0	1	1	0	1	0	1	0	1	0	0
chr2.20323000.20323500	neg	0	0	0	0	0	0	0	0	0	0	0
chr2.20606000.20606500	neg	1	1	0	0	1	0	1	1	1	0	1
chr2.20704500.20705000	neg	0	0	0	0	0	0	1	0	1	0	0
chr2.22157000.22157500	neg	1	1	0	1	1	1	1	0	0	1	0
chr2.22195500.22196000	neg	0	1	0	1	1	0	1	1	0	1	0
chr2.22196000.22196500	neg	0	0	0	0	0	0	0	0	0	1	0
chr2.22673000.22673500	neg	0	1	1	0	0	1	1	0	1	1	0
chr2.23035000.23035500	neg	1	1	0	0	1	0	0	1	0	1	0
chr2.23168000.23168500	neg	0	1	0	1	0	1	1	1	0	0	0
chr2.23714000.23714500	neg	1	1	0	1	1	0	1	1	1	0	0
chr2.23775500.23776000	neg	1	1	0	1	1	0	0	1	1	1	0
chr2.23928500.23929000	neg	0	1	0	1	0	1	1	1	1	0	1
chr2.24143500.24144000	neg	1	1	0	1	1	0	0	0	0	1	0
chr2.24718500.24719000	neg	1	1	1	0	0	0	1	0	1	0	0
chr2.25517500.25518000	neg	0	0	0	0	0	0	1	0	1	0	0
chr2.25993500.25994000	neg	0	1	0	1	1	1	1	1	0	0	1
chr2.26027500.26028000	neg	0	1	0	1	1	1	1	0	1	0	1
chr2.26053000.26053500	neg	0	1	1	1	1	1	1	1	1	0	1
chr2.26379000.26379500	neg	0	1	1	1	0	0	1	1	1	0	1
chr2.26529500.26530000	neg	0	0	1	0	0	0	1	0	1	0	0
chr2.26888000.26888500	neg	1	1	0	1	1	1	0	1	0	1	0
chr2.27399500.27400000	neg	0	1	0	1	1	0	0	0	0	1	0
chr2.27409000.27409500	neg	0	0	0	0	0	0	0	0	0	1	0
chr2.27531000.27531500	neg	1	1	1	1	0	1	1	1	1	0	0
chr2.27705500.27706000	neg	0	1	1	1	1	1	0	1	0	0	1
chr2.27759500.27760000	neg	1	1	0	1	1	0	1	1	0	1	0
chr2.28145000.28145500	neg	0	0	0	1	0	0	1	0	1	0	1
chr2.28539000.28539500	neg	0	1	1	1	1	1	1	1	1	0	1
chr2.28832000.28832500	neg	1	1	0	0	1	0	0	0	0	1	0
chr2.29596500.29597000	neg	0	0	0	1	0	0	1	1	1	0	0
chr3.197000.197500	neg	0	0	0	0	0	0	1	0	1	0	0
chr3.491500.492000	neg	0	1	1	1	1	1	1	1	1	0	1
chr3.517000.517500	neg	0	0	0	0	0	0	1	0	1	0	0
chr3.581000.581500	neg	0	1	1	1	1	1	1	1	1	0	1
chr3.797500.798000	neg	0	1	0	1	1	1	1	0	1	0	1
chr3.828500.829000	neg	1	1	0	1	1	0	0	1	0	0	1
chr3.1545000.1545500	neg	0	1	0	1	1	1	0	1	0	0	1
chr3.1647000.1647500	neg	1	1	0	1	1	0	0	1	0	0	0
chr3.1884500.1885000	neg	0	0	0	1	1	1	0	1	0	0	1
chr3.2088000.2088500	neg	0	1	0	1	1	1	1	1	0	0	1
chr3.2388000.2388500	neg	1	1	1	1	1	1	1	1	1	0	1
chr3.2451000.2451500	neg	0	1	1	1	1	1	0	1	0	0	1
chr3.2754500.2755000	neg	0	0	0	0	0	1	1	0	1	0	0
chr3.2890000.2890500	neg	1	1	0	1	1	1	0	1	0	1	0
chr3.3129500.3130000	neg	0	1	1	1	0	0	1	0	0	1	0
chr3.3574000.3574500	neg	1	1	0	1	1	1	1	1	0	0	0
chr3.3693000.3693500	neg	0	1	0	1	0	0	1	0	1	0	1
chr3.4278500.4279000	neg	0	0	1	1	0	0	1	0	1	1	0
chr3.4539000.4539500	neg	0	1	0	1	0	0	1	0	0	1	0
chr3.4946500.4947000	neg	0	1	0	1	1	0	0	1	0	1	0
chr3.5078000.5078500	neg	0	1	1	1	1	1	0	1	0	1	0
chr3.5078500.5079000	neg	0	1	0	1	1	1	0	1	0	1	0
chr3.5093000.5093500	neg	0	1	0	0	0	0	1	0	0	1	0
chr3.5093500.5094000	neg	0	1	0	0	0	0	1	0	0	1	0
chr3.5195000.5195500	neg	0	0	0	0	0	0	1	0	1	0	0
chr3.5843000.5843500	neg	0	0	0	0	0	0	1	0	1	0	0
chr3.6250000.6250500	neg	1	1	1	1	1	1	0	1	0	1	1
chr3.6414500.6415000	neg	1	1	0	0	1	1	0	1	0	1	0
chr3.6546500.6547000	neg	0	1	1	1	1	1	1	1	1	1	1
chr3.6547500.6548000	neg	0	1	1	1	1	1	1	0	1	0	1
chr3.6865000.6865500	neg	0	0	0	0	0	0	1	0	1	0	0
chr3.7152500.7153000	neg	0	1	1	1	0	1	1	0	1	0	0
chr3.7699000.7699500	neg	0	1	0	1	1	0	1	1	1	1	0
chr3.7777500.7778000	neg	0	0	0	0	0	0	0	0	0	0	0
chr3.8157500.8158000	neg	1	1	0	0	0	0	0	0	0	1	0
chr3.8242500.8243000	neg	0	1	1	0	0	0	1	0	1	0	1
chr3.8405500.8406000	neg	0	0	1	0	0	1	1	0	1	0	0
chr3.8601000.8601500	neg	1	1	0	1	1	1	1	1	1	0	1
chr3.8667000.8667500	neg	0	1	1	0	1	1	1	0	1	0	1
chr3.8673000.8673500	neg	0	1	0	1	0	1	1	0	1	0	1
chr3.9562500.9563000	neg	1	1	0	1	1	0	0	0	0	1	0
chr3.9617500.9618000	neg	0	0	0	0	0	0	1	0	1	0	0
chr3.10063000.10063500	neg	1	1	1	1	1	0	0	1	0	1	0
chr3.10172500.10173000	neg	0	0	0	0	0	0	1	0	0	0	0
chr3.10246500.10247000	neg	0	1	0	1	1	0	1	0	1	0	1
chr3.10429000.10429500	neg	0	1	0	1	1	1	1	1	0	0	1
chr3.10499000.10499500	neg	0	0	1	0	0	0	1	0	1	0	0
chr3.10872500.10873000	neg	0	1	0	1	1	0	1	1	1	0	0
chr3.11326500.11327000	neg	1	1	0	1	1	1	0	1	0	0	1
chr3.11338500.11339000	neg	0	1	0	1	1	0	1	0	1	0	1
chr3.11480500.11481000	neg	0	1	1	0	0	1	1	0	1	0	1
chr3.11831500.11832000	neg	1	1	1	1	1	0	1	1	1	1	1
chr3.11962500.11963000	neg	1	1	1	1	1	1	1	1	0	0	1
chr3.12052500.12053000	neg	1	1	0	1	1	0	0	1	0	1	0
chr3.12058000.12058500	neg	1	1	0	0	1	0	0	0	0	1	0
chr3.12441000.12441500	neg	0	0	0	0	0	0	1	0	1	0	0
chr3.13127000.13127500	neg	1	1	1	1	1	1	0	1	0	1	0
chr3.13262500.13263000	neg	0	0	0	0	0	0	0	0	0	0	0
chr3.13845500.13846000	neg	0	0	0	0	1	0	0	1	0	1	0
chr3.14155500.14156000	neg	1	1	1	1	1	0	1	1	0	1	0
chr3.14179000.14179500	neg	0	1	1	0	1	0	1	0	0	0	1
chr3.14323000.14323500	neg	0	1	1	1	0	1	1	1	1	0	1
chr3.14486000.14486500	neg	0	1	0	1	1	1	1	1	1	1	0
chr3.15575500.15576000	neg	0	1	1	1	0	1	1	1	1	0	1
chr3.15690000.15690500	neg	0	1	0	0	0	1	1	0	1	0	0
chr3.15756000.15756500	neg	0	0	0	0	0	0	1	0	1	0	0
chr3.15781000.15781500	neg	0	1	0	1	1	0	0	0	0	0	1
chr3.15841000.15841500	neg	0	1	0	1	1	1	1	1	1	0	1
chr3.15971500.15972000	neg	0	1	0	1	0	1	1	0	1	0	0
chr3.16282000.16282500	neg	1	1	0	1	1	1	0	1	0	0	0
chr3.17500500.17501000	neg	0	1	1	1	0	0	1	1	1	0	0
chr3.17534500.17535000	neg	0	1	0	1	1	1	1	1	1	0	1
chr3.17638000.17638500	neg	1	1	0	1	1	0	0	1	0	1	0
chr3.18776500.18777000	neg	1	1	1	1	1	1	1	1	1	1	1
chr3.18844000.18844500	neg	0	1	0	1	0	0	0	1	0	1	0
chr3.19052500.19053000	neg	0	1	0	0	1	0	1	1	1	0	0
chr3.19554500.19555000	neg	0	1	0	1	1	1	1	1	1	0	1
chr3.19594500.19595000	neg	1	1	0	1	1	0	0	1	0	1	0
chr3.19713000.19713500	neg	0	0	0	0	0	1	1	0	1	0	0
chr3.20200500.20201000	neg	0	1	0	1	1	1	1	1	1	0	0
chr3.20368000.20368500	neg	1	1	0	1	1	1	1	1	0	0	1
chr3.20603000.20603500	neg	1	1	0	1	1	1	1	1	0	0	0
chr3.21845000.21845500	neg	1	1	0	1	1	0	0	1	0	1	0
chr3.22391000.22391500	neg	1	1	1	1	1	0	1	1	1	1	0
chr3.22882000.22882500	neg	1	1	0	1	1	0	0	1	0	1	0
chr3.23012500.23013000	neg	1	1	0	1	1	1	1	1	1	1	0
chr3.23084000.23084500	neg	1	1	0	1	1	0	1	0	0	1	0
chr3.23149500.23150000	neg	0	0	0	0	0	0	1	0	0	1	0
chr3.23471000.23471500	neg	1	1	0	1	1	0	0	1	1	0	0
chr3.24421000.24421500	neg	0	1	1	0	0	1	1	0	0	0	0
chr3.24526000.24526500	neg	0	0	0	0	0	0	1	0	1	0	0
chr3.24813500.24814000	neg	0	0	0	0	0	0	1	0	1	0	0
chr3.25145000.25145500	neg	1	1	1	1	1	0	1	1	0	1	0
chr3.25289000.25289500	neg	1	1	0	1	1	0	0	1	1	1	0
chr3.25506000.25506500	neg	1	1	0	1	1	0	0	0	0	1	0
chr3.25545000.25545500	neg	1	1	0	1	1	0	0	1	0	1	0
chr3.25984000.25984500	neg	1	1	1	1	1	1	0	1	0	1	0
chr3.26136000.26136500	neg	0	1	0	0	0	0	1	0	1	1	0
chr3.26256000.26256500	neg	1	1	0	1	0	0	1	1	0	1	0
chr3.26579000.26579500	neg	0	1	0	1	1	1	1	1	0	0	1
chr3.27119500.27120000	neg	0	0	0	0	0	0	0	0	0	0	0
chr4.98000.98500	neg	0	1	1	1	1	1	1	1	1	0	1
chr4.429500.430000	neg	0	0	1	0	0	0	1	0	1	0	0
chr4.843000.843500	neg	1	1	0	1	1	0	0	1	0	1	0
chr4.962500.963000	neg	1	1	1	1	1	1	0	1	0	1	0
chr4.977000.977500	neg	1	1	0	1	1	1	0	1	0	1	0
chr4.1317500.1318000	neg	1	1	1	1	1	0	1	1	0	1	0
chr4.1326000.1326500	neg	0	1	0	1	1	1	1	0	0	1	0
chr4.1452500.1453000	neg	1	1	0	0	1	1	1	0	1	0	1
chr4.1558500.1559000	neg	0	1	1	1	1	1	1	1	1	1	1
chr4.1583500.1584000	neg	1	1	0	1	1	0	0	1	0	1	0
chr4.2093000.2093500	neg	0	1	0	1	1	1	1	1	1	0	1
chr4.2184000.2184500	neg	0	1	0	1	1	1	1	0	1	0	1
chr4.2898500.2899000	neg	0	1	0	1	0	0	1	1	1	0	1
chr4.3219000.3219500	neg	0	0	0	0	0	0	1	0	1	0	0
chr4.3596500.3597000	neg	1	1	1	1	1	0	1	1	1	1	0
chr4.3618000.3618500	neg	0	0	0	0	0	0	1	0	1	0	0
chr4.3678000.3678500	neg	1	1	1	1	1	1	1	0	0	1	0
chr4.3916000.3916500	neg	0	1	0	0	1	1	1	0	1	0	1
chr4.3978500.3979000	neg	0	0	0	0	0	0	1	0	1	1	0
chr4.4076000.4076500	neg	1	1	0	1	1	1	0	0	0	0	0
chr4.4237000.4237500	neg	1	1	1	0	1	1	0	0	0	1	1
chr4.4545500.4546000	neg	0	0	0	0	0	0	1	0	1	0	0
chr4.4614500.4615000	neg	1	1	0	1	1	1	0	1	0	1	0
chr4.4670500.4671000	neg	0	1	0	1	0	0	1	1	0	1	0
chr4.4693500.4694000	neg	0	1	0	1	1	1	1	1	0	0	0
chr4.4787000.4787500	neg	0	1	1	1	0	1	1	0	1	1	0
chr4.5004500.5005000	neg	1	1	0	1	1	0	0	1	0	1	0
chr4.5089000.5089500	neg	0	1	1	0	0	0	1	0	1	0	0
chr4.5300500.5301000	neg	1	1	0	1	1	0	1	1	0	1	0
chr4.5410500.5411000	neg	1	1	0	1	1	0	0	1	0	1	0
chr4.5628000.5628500	neg	0	0	1	0	0	0	1	0	1	0	0
chr4.5691500.5692000	neg	0	0	0	0	0	0	0	0	0	1	0
chr4.6408000.6408500	neg	0	0	0	0	0	0	1	0	0	1	0
chr4.6464000.6464500	neg	0	1	1	0	0	1	1	0	1	1	0
chr4.6709000.6709500	neg	0	1	0	1	1	0	0	1	0	1	0
chr4.6728000.6728500	neg	0	1	0	1	1	1	1	1	0	0	1
chr4.6875000.6875500	neg	0	0	0	0	0	0	1	0	1	0	0
chr4.7094500.7095000	neg	1	1	0	1	1	1	1	1	1	0	1
chr4.7101500.7102000	neg	1	1	0	1	1	1	0	1	0	0	0
chr4.7982500.7983000	neg	1	1	1	1	1	1	0	1	0	0	1
chr4.8215500.8216000	neg	0	0	1	0	0	0	1	0	1	0	0
chr4.8649000.8649500	neg	0	1	0	0	1	0	1	1	1	1	0
chr4.9482500.9483000	neg	0	0	0	0	0	0	0	0	0	1	0
chr4.9745500.9746000	neg	1	1	1	1	1	1	0	1	0	0	1
chr4.9993000.9993500	neg	0	1	0	1	0	1	1	0	0	0	1
chr4.10190000.10190500	neg	0	0	1	0	0	0	1	0	1	0	0
chr4.10790000.10790500	neg	0	1	0	1	1	1	0	0	0	0	1
chr4.10941500.10942000	neg	1	1	1	0	1	1	1	0	0	1	0
chr4.11031500.11032000	neg	0	0	1	0	0	0	1	0	0	1	0
chr4.11226000.11226500	neg	0	0	0	0	0	0	0	0	0	0	0
chr4.11313000.11313500	neg	0	1	1	1	0	0	1	0	1	0	1
chr4.11457500.11458000	neg	0	1	0	1	1	1	1	1	0	0	1
chr4.11577500.11578000	neg	0	1	0	1	1	1	1	1	0	1	1
chr4.11793500.11794000	neg	1	1	0	1	1	0	0	1	0	1	0
chr4.11843500.11844000	neg	1	1	0	1	1	0	1	1	0	1	1
chr4.11900000.11900500	neg	0	0	1	1	1	1	1	0	1	0	1
chr4.12274000.12274500	neg	0	1	1	1	0	0	1	1	1	0	1
chr4.12709500.12710000	neg	0	1	0	0	0	0	1	0	1	0	1
chr4.12884000.12884500	neg	0	0	0	0	0	0	1	0	1	0	0
chr4.12926500.12927000	neg	1	1	1	1	1	1	0	1	0	1	0
chr4.13303500.13304000	neg	0	1	1	1	1	1	1	1	1	0	1
chr4.13704000.13704500	neg	0	1	1	0	0	0	1	0	1	0	0
chr4.14073500.14074000	neg	0	0	1	0	0	0	0	0	0	1	0
chr4.14738000.14738500	neg	0	0	0	0	0	1	0	0	0	0	0
chr4.15054000.15054500	neg	0	0	0	0	0	0	0	0	0	0	0
chr4.15369500.15370000	neg	0	1	1	1	1	1	1	1	1	1	1
chr4.15430000.15430500	neg	0	0	0	0	0	0	0	0	0	0	0
chr4.15703000.15703500	neg	0	1	0	1	1	0	1	1	0	1	0
chr4.16003000.16003500	neg	0	1	0	1	1	0	1	0	1	1	0
chr4.16004000.16004500	neg	0	1	0	0	0	0	1	0	0	1	0
chr4.16614500.16615000	neg	0	0	1	1	0	0	1	0	0	0	0
chr4.17115000.17115500	neg	1	1	0	1	1	1	1	1	0	0	0
chr4.17251000.17251500	neg	0	1	1	0	0	0	1	1	1	0	0
chr4.17347000.17347500	neg	0	0	1	0	1	1	1	0	1	0	0
chr4.17537500.17538000	neg	1	1	0	1	1	1	1	1	1	0	1
chr4.17617500.17618000	neg	0	1	0	1	0	0	1	0	1	0	0
chr4.17922000.17922500	neg	0	1	1	1	1	1	1	0	0	0	1
chr4.18201500.18202000	neg	0	0	0	0	0	0	1	0	0	0	0
chr4.18251500.18252000	neg	0	0	0	0	0	0	1	0	1	0	0
chr4.18268500.18269000	neg	0	1	0	1	1	1	1	1	1	0	1
chr4.18461500.18462000	neg	1	1	0	0	1	1	0	1	0	0	0
chr4.18975500.18976000	neg	1	1	1	1	1	0	0	1	0	1	0
chr4.19162500.19163000	neg	0	1	0	1	1	0	1	1	0	1	0
chr4.19337500.19338000	neg	0	0	1	0	0	0	1	0	0	0	0
chr4.19706000.19706500	neg	0	1	1	1	1	0	1	1	1	0	1
chr4.19740000.19740500	neg	1	1	0	1	1	1	0	1	0	0	0
chr4.19818000.19818500	neg	0	0	0	0	0	0	1	0	0	1	0
chr4.20892000.20892500	neg	0	1	0	1	1	1	1	1	0	1	0
chr4.21384000.21384500	neg	0	1	1	1	1	1	1	1	1	1	1
chr4.21430000.21430500	neg	0	1	1	1	0	1	1	0	0	0	0
chr4.21450000.21450500	neg	1	1	0	1	0	1	1	1	1	0	1
chr4.22125000.22125500	neg	0	1	0	0	0	0	1	1	1	0	0
chr4.22139000.22139500	neg	0	1	1	1	1	1	1	0	0	0	1
chr4.22150500.22151000	neg	0	1	1	1	1	0	1	1	1	0	1
chr4.22445000.22445500	neg	0	0	1	0	0	0	1	0	1	0	0
chr4.22606000.22606500	neg	1	1	0	1	1	1	0	1	0	1	0
chr4.22810500.22811000	neg	1	1	1	1	1	1	1	1	0	1	0
chr4.23339000.23339500	neg	0	1	1	0	0	1	1	0	1	0	1
chr4.23339500.23340000	neg	0	1	1	0	0	0	1	0	1	0	0
chr4.23378000.23378500	neg	0	1	0	1	1	1	1	1	0	0	1
chr4.24205500.24206000	neg	0	1	1	1	0	1	1	0	1	0	0
chr4.24387500.24388000	neg	0	1	0	1	1	0	1	1	1	1	1
chr4.24830500.24831000	neg	1	1	1	1	1	1	1	1	1	0	1
chr4.25140500.25141000	neg	0	0	0	0	0	0	1	0	1	0	0
chr4.25173000.25173500	neg	1	1	0	0	1	0	0	0	0	1	0
chr4.25337500.25338000	neg	0	1	0	1	1	1	1	0	1	0	0
chr4.25338000.25338500	neg	0	1	0	1	1	1	1	1	1	0	0
chr4.25507000.25507500	neg	1	1	1	0	1	0	0	1	0	1	0
chr4.25736500.25737000	neg	0	1	1	1	1	1	1	1	1	0	1
chr4.25753000.25753500	neg	0	1	0	0	0	1	1	0	1	1	0
chr4.26518500.26519000	neg	0	1	0	1	0	0	1	1	1	0	1
chr4.26521000.26521500	neg	0	1	0	1	1	1	1	1	1	0	1
chr4.26687500.26688000	neg	1	1	1	1	1	1	0	1	0	0	1
chr4.26945500.26946000	neg	0	0	0	0	0	0	0	0	0	0	0
chr5.863500.864000	neg	1	1	0	1	1	1	0	1	1	0	0
chr5.894500.895000	neg	1	1	0	1	1	0	0	1	0	1	0
chr5.940000.940500	neg	1	1	0	1	1	0	1	1	0	1	0
chr5.949000.949500	neg	1	1	0	1	1	0	1	1	0	1	0
chr5.1011000.1011500	neg	1	1	0	1	1	1	0	1	0	1	0
chr5.1028000.1028500	neg	1	1	1	1	1	0	1	1	0	1	0
chr5.1249500.1250000	neg	1	1	1	1	1	1	1	1	1	1	1
chr5.1261000.1261500	neg	0	1	1	0	0	0	1	0	1	1	0
chr5.2021500.2022000	neg	0	1	1	0	0	0	1	0	1	1	0
chr5.2459500.2460000	neg	0	0	0	0	0	0	1	0	1	0	0
chr5.2513000.2513500	neg	0	1	1	1	0	0	1	1	0	1	0
chr5.2659500.2660000	neg	0	1	0	1	0	1	1	0	0	1	0
chr5.2717000.2717500	neg	0	0	0	0	0	0	0	0	0	0	0
chr5.3124500.3125000	neg	0	0	0	0	0	0	0	0	0	1	0
chr5.3136000.3136500	neg	0	1	1	1	1	1	1	1	0	1	1
chr5.3381000.3381500	neg	1	1	0	1	1	0	0	0	0	1	0
chr5.3792500.3793000	neg	1	1	0	1	1	0	0	1	0	1	0
chr5.3890500.3891000	neg	0	1	1	0	1	1	1	1	1	1	1
chr5.4054500.4055000	neg	0	1	0	1	0	0	1	0	1	0	0
chr5.4100000.4100500	neg	0	1	1	1	1	1	1	1	1	0	1
chr5.4347000.4347500	neg	0	0	0	1	0	0	1	0	1	0	1
chr5.4646500.4647000	neg	0	1	1	0	0	0	1	0	1	0	0
chr5.4863500.4864000	neg	0	1	0	1	1	1	1	1	0	1	1
chr5.4996500.4997000	neg	1	1	0	0	1	0	0	0	0	1	0
chr5.5452500.5453000	neg	0	0	0	0	0	0	1	0	1	1	0
chr5.5547500.5548000	neg	0	0	1	0	0	0	1	0	1	0	0
chr5.5548500.5549000	neg	0	1	1	0	1	1	1	0	1	0	1
chr5.5563500.5564000	neg	0	1	0	0	1	0	1	1	1	0	0
chr5.5724500.5725000	neg	0	1	0	1	0	0	1	1	0	0	1
chr5.5789000.5789500	neg	0	1	0	1	1	1	1	1	1	0	0
chr5.5856500.5857000	neg	0	0	1	0	0	0	1	0	1	0	0
chr5.6096500.6097000	neg	0	0	0	0	0	0	0	0	0	0	0
chr5.6637500.6638000	neg	0	1	1	0	0	1	1	0	1	1	0
chr5.7076000.7076500	neg	1	1	0	1	1	1	0	1	1	0	0
chr5.7267000.7267500	neg	1	1	0	1	0	0	1	1	0	1	0
chr5.7536000.7536500	neg	0	0	0	0	0	0	1	0	1	0	0
chr5.8145000.8145500	neg	1	1	0	1	1	1	0	1	1	1	0
chr5.8269000.8269500	neg	0	1	0	0	0	1	1	0	1	0	0
chr5.8794500.8795000	neg	0	1	0	1	1	1	1	1	1	0	1
chr5.9209000.9209500	neg	1	1	1	1	1	1	1	0	1	1	0
chr5.9246500.9247000	neg	0	1	1	1	0	1	1	0	1	0	0
chr5.9637000.9637500	neg	1	1	1	1	1	0	0	1	1	0	0
chr5.9661500.9662000	neg	0	1	0	0	0	0	1	0	1	0	0
chr5.9668000.9668500	neg	0	0	1	0	0	0	1	0	1	0	0
chr5.9777000.9777500	neg	0	1	1	0	0	0	1	0	0	0	0
chr5.9866000.9866500	neg	0	0	0	0	0	0	0	0	1	0	0
chr5.10141500.10142000	neg	0	1	1	1	1	0	1	1	1	1	1
chr5.10344500.10345000	neg	0	1	0	1	1	1	1	1	0	0	1
chr5.11322000.11322500	neg	0	0	0	0	0	0	1	0	1	0	0
chr5.11447500.11448000	neg	1	1	0	1	1	1	1	1	0	1	0
chr5.11938500.11939000	neg	1	1	0	1	1	0	1	1	0	1	0
chr5.12609500.12610000	neg	1	1	0	1	1	0	1	1	0	1	0
chr5.13170500.13171000	neg	0	1	1	0	0	1	1	1	1	1	0
chr5.13370500.13371000	neg	0	0	0	0	0	0	0	0	0	1	0
chr5.13610500.13611000	neg	1	1	1	1	1	0	1	1	0	1	0
chr5.13865500.13866000	neg	0	1	0	1	1	1	1	0	0	0	1
chr5.13890500.13891000	neg	0	0	0	0	0	0	0	0	0	0	0
chr5.14143500.14144000	neg	0	0	0	0	0	0	1	0	0	0	0
chr5.14226500.14227000	neg	0	1	0	1	1	0	1	1	0	1	0
chr5.14921000.14921500	neg	0	0	0	1	0	0	1	0	0	1	0
chr5.15074500.15075000	neg	1	1	0	1	1	0	0	0	0	1	0
chr5.15092000.15092500	neg	1	1	0	0	1	0	0	1	0	1	0
chr5.15115500.15116000	neg	1	1	0	1	1	1	0	1	0	1	0
chr5.16090500.16091000	neg	0	1	0	0	1	1	1	1	1	0	0
chr5.16107000.16107500	neg	1	1	0	1	1	0	0	1	0	1	0
chr5.16128000.16128500	neg	1	1	0	1	1	1	0	1	0	1	0
chr5.16156000.16156500	neg	1	1	1	1	1	0	0	1	0	1	0
chr5.16258000.16258500	neg	0	1	1	1	1	1	1	0	0	0	1
chr5.16516000.16516500	neg	0	1	1	1	1	1	0	1	0	0	1
chr5.16929000.16929500	neg	0	1	1	1	0	0	1	1	1	1	0
chr5.17196000.17196500	neg	0	1	0	1	1	1	1	1	1	1	1
chr5.17383000.17383500	neg	1	1	1	1	1	0	0	1	0	1	0
chr5.17512500.17513000	neg	1	1	0	1	1	0	1	1	0	1	0
chr5.17813000.17813500	neg	0	1	0	0	0	0	1	0	1	0	0
chr5.17856500.17857000	neg	0	1	0	1	1	1	1	1	1	0	1
chr5.18186500.18187000	neg	1	1	0	1	1	0	0	1	0	1	0
chr5.18202000.18202500	neg	1	1	0	1	1	0	0	0	0	1	0
chr5.18325000.18325500	neg	1	1	0	1	1	0	0	1	0	1	0
chr5.18329500.18330000	neg	1	1	0	1	1	0	0	1	0	1	0
chr5.18334000.18334500	neg	1	1	0	1	1	0	1	1	1	1	0
chr5.18568000.18568500	neg	1	1	0	1	1	0	0	1	0	1	0
chr5.18618500.18619000	neg	1	1	1	1	1	0	0	1	0	1	0
chr5.18634500.18635000	neg	1	1	0	1	1	0	1	0	0	1	0
chr5.18774000.18774500	neg	1	1	0	1	1	0	0	1	0	1	0
chr5.18828000.18828500	neg	1	1	1	1	1	0	0	0	0	1	0
chr5.18985500.18986000	neg	1	1	0	1	1	1	1	0	0	0	1
chr5.19260000.19260500	neg	0	1	0	0	0	0	1	0	0	0	0
chr5.19524000.19524500	neg	0	0	1	0	0	0	1	0	0	1	0
chr5.19654000.19654500	neg	1	1	0	0	1	1	0	1	0	1	0
chr5.19754000.19754500	neg	1	1	0	1	1	1	1	1	0	0	1
chr5.20293500.20294000	neg	0	1	1	0	1	0	1	0	1	0	0
chr5.20809500.20810000	neg	0	0	1	0	0	1	1	0	1	0	1
chr5.21187500.21188000	neg	1	1	0	1	1	1	0	1	1	0	0
chr5.21284500.21285000	neg	0	1	0	1	1	0	1	1	1	1	1
chr5.21487000.21487500	neg	0	0	0	0	0	0	0	0	0	0	0
chr5.21766000.21766500	neg	0	0	0	0	0	0	0	0	0	0	0
chr5.22201500.22202000	neg	0	1	1	1	1	1	1	0	0	0	1
chr5.22257500.22258000	neg	1	1	0	1	1	0	0	1	1	0	0
chr5.22298000.22298500	neg	0	1	1	1	1	1	1	1	0	1	0
chr5.22407000.22407500	neg	1	1	0	1	1	1	0	1	0	0	1
chr5.23402500.23403000	neg	1	1	0	0	1	1	0	1	0	1	0
chr5.23730000.23730500	neg	1	1	1	1	1	0	1	0	0	1	0
chr5.23752500.23753000	neg	0	1	0	0	0	0	1	0	0	1	0
chr5.24093500.24094000	neg	1	1	0	1	1	0	0	1	0	1	0
chr5.24108000.24108500	neg	1	1	0	1	1	0	0	1	0	1	0
chr5.24127000.24127500	neg	0	0	0	0	0	0	0	0	0	0	0
chr5.24216000.24216500	neg	1	1	0	1	1	0	1	1	0	1	0
chr5.24216500.24217000	neg	1	1	0	1	1	0	1	1	0	1	0
chr5.24335500.24336000	neg	1	1	0	1	1	1	1	1	1	0	0
chr5.24594000.24594500	neg	0	1	0	1	1	0	1	0	1	0	1
chr5.24675500.24676000	neg	0	1	1	1	0	1	1	0	1	0	0
chr5.24676000.24676500	neg	0	1	1	1	1	1	1	1	1	0	1
chr5.24871500.24872000	neg	1	1	0	1	1	0	1	1	1	1	0
chr5.25209500.25210000	neg	0	0	0	0	0	0	1	0	0	1	0
chr5.25412000.25412500	neg	0	0	0	0	0	0	0	0	0	0	0
chr5.25494500.25495000	neg	0	0	1	1	0	0	1	0	1	0	0
chr5.26171000.26171500	neg	0	1	1	1	0	0	1	0	1	0	1
chr5.26338000.26338500	neg	0	1	1	0	0	0	1	1	1	0	0
chr5.26602500.26603000	neg	0	1	1	1	0	0	1	1	1	0	1
chr5.26638000.26638500	neg	0	0	0	0	0	0	1	0	1	0	0
chr5.26646000.26646500	neg	0	0	1	0	0	0	1	0	1	0	0
chr6.42500.43000	neg	0	0	0	0	0	0	1	0	1	0	0
chr6.205000.205500	neg	0	0	1	0	0	0	1	0	1	1	0
chr6.888500.889000	neg	0	1	0	1	1	1	1	1	1	0	1
chr6.1027000.1027500	neg	0	0	0	0	0	0	1	0	1	0	0
chr6.1313000.1313500	neg	1	1	1	1	1	1	0	1	0	0	1
chr6.1763500.1764000	neg	0	1	0	1	0	0	1	0	1	0	0
chr6.1995000.1995500	neg	0	1	0	0	1	0	1	1	1	0	1
chr6.2502500.2503000	neg	1	1	1	1	1	1	1	1	1	1	1
chr6.2519000.2519500	neg	0	1	0	1	1	0	1	1	0	1	0
chr6.2642000.2642500	neg	1	0	0	1	1	0	0	1	0	0	1
chr6.2743500.2744000	neg	1	1	0	0	1	1	0	1	0	0	0
chr6.3292500.3293000	neg	1	1	0	1	1	1	1	1	0	0	1
chr6.3360500.3361000	neg	0	0	0	0	0	0	0	0	0	0	0
chr6.3800000.3800500	neg	0	1	0	1	1	1	1	1	1	0	1
chr6.3923500.3924000	neg	1	1	0	1	1	1	0	1	0	1	0
chr6.3937500.3938000	neg	1	1	0	1	0	0	0	1	0	0	0
chr6.4068500.4069000	neg	1	1	0	1	1	0	0	1	0	1	0
chr6.4079500.4080000	neg	1	1	0	1	0	0	0	1	0	1	0
chr6.4125000.4125500	neg	0	1	0	0	0	1	1	0	1	0	0
chr6.4364000.4364500	neg	0	1	1	0	0	0	1	0	1	1	0
chr6.4719500.4720000	neg	1	1	0	1	0	1	1	1	1	0	0
chr6.4787500.4788000	neg	0	0	0	0	0	0	1	0	1	0	0
chr6.7197000.7197500	neg	1	1	0	1	1	0	1	1	0	1	0
chr6.7521000.7521500	neg	0	1	0	0	0	0	1	0	1	1	0
chr6.8103000.8103500	neg	1	1	0	1	1	0	1	1	0	1	0
chr6.8266000.8266500	neg	0	1	0	1	1	1	1	1	1	1	1
chr6.8430000.8430500	neg	0	1	0	1	0	0	1	0	1	0	1
chr6.8454500.8455000	neg	0	1	0	0	1	1	1	0	0	0	1
chr6.8496000.8496500	neg	0	1	0	0	0	0	1	0	1	0	0
chr6.8678500.8679000	neg	0	1	0	1	0	0	1	1	1	1	0
chr6.9254000.9254500	neg	0	1	1	1	1	1	1	1	1	0	1
chr6.9254500.9255000	neg	0	1	0	1	1	1	1	1	1	0	1
chr6.9382500.9383000	neg	0	0	1	1	1	0	1	1	1	0	1
chr6.9466500.9467000	neg	0	0	1	0	0	0	1	0	1	0	0
chr6.10062000.10062500	neg	0	1	0	1	1	1	1	1	1	1	1
chr6.10461000.10461500	neg	1	1	0	1	1	1	0	1	0	1	0
chr6.10738500.10739000	neg	0	0	0	0	0	0	0	0	0	0	0
chr6.10762500.10763000	neg	0	0	0	0	0	0	0	0	0	0	0
chr6.10780000.10780500	neg	0	1	0	1	1	1	1	1	1	0	1
chr6.10976500.10977000	neg	1	1	0	1	1	1	0	1	0	0	1
chr6.11168500.11169000	neg	0	1	0	0	0	1	1	1	1	0	1
chr6.11325500.11326000	neg	1	1	0	0	1	1	0	1	0	1	0
chr6.11339000.11339500	neg	0	0	0	0	0	0	1	0	1	0	0
chr6.11660000.11660500	neg	0	1	1	0	0	1	1	1	0	0	0
chr6.11681500.11682000	neg	0	1	1	1	0	0	1	1	1	0	1
chr6.11765500.11766000	neg	0	1	1	0	1	0	1	0	1	0	1
chr6.12187000.12187500	neg	1	1	0	1	0	0	0	1	1	0	0
chr6.12283000.12283500	neg	0	0	0	0	0	0	1	0	1	0	0
chr6.12298500.12299000	neg	1	1	0	1	1	1	0	1	1	0	0
chr6.12418000.12418500	neg	0	1	0	0	0	1	1	0	1	0	0
chr6.12462500.12463000	neg	0	1	1	1	1	1	1	1	0	0	1
chr6.12546000.12546500	neg	0	1	1	1	1	1	1	1	0	0	1
chr6.12696500.12697000	neg	0	1	0	1	1	0	1	1	0	1	0
chr6.13137500.13138000	neg	1	1	0	1	1	1	1	1	0	1	0
chr6.13198500.13199000	neg	0	1	0	0	1	0	1	0	0	1	0
chr6.13426000.13426500	neg	0	1	0	1	0	1	1	0	1	1	0
chr6.13454500.13455000	neg	1	1	0	0	1	0	0	1	0	1	0
chr6.13592500.13593000	neg	1	1	0	1	1	0	0	1	0	1	0
chr6.13969000.13969500	neg	1	1	0	1	1	0	0	1	0	1	0
chr6.14883500.14884000	neg	1	1	0	1	1	0	1	1	0	1	0
chr6.14960000.14960500	neg	0	1	0	1	1	0	1	0	1	1	0
chr6.15114500.15115000	neg	0	1	1	1	1	1	1	1	1	0	1
chr6.15305500.15306000	neg	1	1	0	1	1	0	0	0	0	1	0
chr6.15544000.15544500	neg	1	1	1	1	1	0	1	1	1	0	0
chr6.15895500.15896000	neg	0	1	0	0	0	0	1	0	0	0	0
chr6.17276500.17277000	neg	0	1	1	0	1	1	1	1	0	0	0
chr6.17591000.17591500	neg	0	1	0	1	1	0	1	1	1	0	0
chr6.18150000.18150500	neg	1	1	0	1	1	0	0	1	0	1	0
chr6.18315000.18315500	neg	1	0	0	0	0	0	0	0	0	1	0
chr6.18753000.18753500	neg	0	0	0	0	0	0	0	0	0	0	0
chr6.18851000.18851500	neg	1	1	0	1	1	1	1	1	1	0	0
chr6.18876500.18877000	neg	0	1	0	0	1	1	1	0	1	0	1
chr6.19279500.19280000	neg	0	1	0	0	0	1	0	0	0	0	0
chr6.19305000.19305500	neg	0	0	1	0	0	0	1	0	1	0	0
chr6.19639500.19640000	neg	1	1	0	1	1	0	1	1	0	1	0
chr6.19885500.19886000	neg	1	1	1	1	1	0	0	0	0	1	0
chr6.20079500.20080000	neg	0	0	0	0	0	0	1	0	0	1	0
chr6.20282000.20282500	neg	0	1	0	1	1	0	1	0	1	1	1
chr6.20424000.20424500	neg	0	1	0	0	1	1	1	1	1	0	1
chr6.20524000.20524500	neg	1	1	0	0	1	1	0	1	0	0	0
chr6.20621500.20622000	neg	1	1	0	1	1	0	1	1	0	1	0
chr6.20717000.20717500	neg	1	1	0	1	1	0	0	1	0	0	0
chr6.21042500.21043000	neg	0	1	1	1	0	0	1	0	1	1	0
chr6.21274000.21274500	neg	0	1	1	1	1	1	1	1	1	0	1
chr6.21360500.21361000	neg	1	1	0	1	1	0	0	1	0	1	0
chr6.21624000.21624500	neg	1	1	0	0	1	0	0	1	0	1	0
chr6.21650000.21650500	neg	0	1	1	1	1	1	1	1	0	1	1
chr6.21738500.21739000	neg	0	0	0	0	0	0	1	0	0	1	0
chr6.21845000.21845500	neg	1	1	0	0	1	0	0	1	0	0	0
chr6.22095500.22096000	neg	0	1	0	1	1	1	1	1	0	1	1
chr6.22144000.22144500	neg	1	1	0	1	0	0	1	1	1	0	0
chr6.22305500.22306000	neg	0	1	0	0	0	0	1	0	1	0	0
chr6.22493000.22493500	neg	0	1	0	1	1	1	0	1	0	0	1
chr6.22578000.22578500	neg	1	1	1	1	1	0	1	0	0	1	1
chr6.23055000.23055500	neg	1	1	0	1	1	0	0	0	0	1	0
chr6.23148500.23149000	neg	0	1	0	0	0	1	1	0	0	0	0
chr6.23266000.23266500	neg	0	1	1	1	0	0	1	0	1	0	0
chr7.455000.455500	neg	0	1	0	1	1	1	1	0	0	0	1
chr7.605500.606000	neg	1	1	0	1	1	0	0	1	1	0	0
chr7.847500.848000	neg	0	1	1	1	0	0	1	1	1	0	1
chr7.1198500.1199000	neg	0	0	0	0	0	0	1	0	1	0	0
chr7.1295000.1295500	neg	0	1	1	0	0	0	1	0	1	0	0
chr7.2375500.2376000	neg	0	1	1	1	0	0	1	0	1	0	0
chr7.2654500.2655000	neg	0	1	0	1	1	0	1	1	1	0	0
chr7.2700000.2700500	neg	0	1	1	1	1	1	1	0	1	0	1
chr7.2721500.2722000	neg	0	1	0	1	0	0	1	0	0	0	0
chr7.3181000.3181500	neg	0	1	0	0	1	1	1	1	1	0	1
chr7.3189500.3190000	neg	0	1	1	1	1	1	1	0	1	1	1
chr7.3487000.3487500	neg	0	0	0	0	0	0	1	0	0	1	0
chr7.3614000.3614500	neg	1	1	1	1	1	0	0	1	0	1	0
chr7.3662000.3662500	neg	0	0	0	0	0	0	0	0	0	1	0
chr7.3919000.3919500	neg	1	1	0	1	1	1	0	1	0	0	0
chr7.4719000.4719500	neg	0	0	1	0	0	0	1	0	1	0	0
chr7.4796500.4797000	neg	0	0	0	0	0	0	1	0	1	0	0
chr7.4959000.4959500	neg	0	1	0	1	1	0	0	1	0	1	0
chr7.4966000.4966500	neg	0	1	0	0	0	0	0	0	0	1	0
chr7.5107500.5108000	neg	0	1	1	1	0	0	1	1	0	0	0
chr7.5199000.5199500	neg	0	0	0	0	0	0	1	0	1	0	0
chr7.5259000.5259500	neg	0	1	1	1	1	1	0	0	0	0	1
chr7.5291000.5291500	neg	0	1	1	1	1	0	1	1	0	1	0
chr7.5504000.5504500	neg	0	1	0	1	1	0	0	1	0	1	0
chr7.6485500.6486000	neg	0	1	1	1	1	0	1	1	0	1	0
chr7.6815500.6816000	neg	0	0	0	0	0	0	1	0	1	0	0
chr7.7042500.7043000	neg	1	1	0	1	1	0	0	1	0	1	0
chr7.7073000.7073500	neg	0	1	1	1	1	0	0	1	0	0	1
chr7.7443000.7443500	neg	1	1	1	0	1	1	1	0	0	0	1
chr7.7465000.7465500	neg	0	0	1	1	0	0	1	0	1	0	0
chr7.7929500.7930000	neg	1	1	0	0	1	1	0	1	0	0	0
chr7.8092000.8092500	neg	0	1	0	1	1	0	0	1	0	1	0
chr7.8500500.8501000	neg	0	1	1	1	1	1	1	0	0	0	1
chr7.9071500.9072000	neg	0	1	0	0	0	0	1	0	0	0	0
chr7.9597000.9597500	neg	1	1	0	1	1	1	0	1	1	0	0
chr7.9685500.9686000	neg	1	1	0	0	1	0	1	1	1	0	1
chr7.9796000.9796500	neg	0	1	1	0	0	0	1	0	1	0	1
chr7.9846500.9847000	neg	1	1	0	0	1	1	1	0	0	0	0
chr7.10239000.10239500	neg	0	1	1	1	1	0	1	0	1	1	1
chr7.10464000.10464500	neg	0	0	1	0	0	0	1	0	1	0	0
chr7.11320000.11320500	neg	0	0	1	0	0	1	1	0	1	0	1
chr7.11764000.11764500	neg	1	1	1	1	1	0	1	1	1	0	0
chr7.12126500.12127000	neg	1	1	0	1	1	0	0	1	0	1	0
chr7.12998500.12999000	neg	0	1	1	1	1	1	1	1	1	0	1
chr7.13233500.13234000	neg	0	1	1	1	1	0	0	1	0	0	1
chr7.13300500.13301000	neg	0	1	0	1	0	1	1	0	1	0	1
chr7.14239500.14240000	neg	0	1	0	0	1	1	1	0	1	0	1
chr7.14417500.14418000	neg	0	1	0	0	0	0	1	1	1	0	0
chr7.14816000.14816500	neg	0	1	0	1	1	1	1	1	0	0	1
chr7.15224000.15224500	neg	0	0	1	0	0	1	1	0	1	0	0
chr7.15474000.15474500	neg	0	0	0	0	0	0	1	0	1	0	0
chr7.15687500.15688000	neg	1	1	0	1	0	0	1	1	1	0	0
chr7.16358500.16359000	neg	0	0	0	0	0	0	1	0	0	1	0
chr7.16368000.16368500	neg	0	1	1	1	1	0	1	1	0	0	1
chr7.16505000.16505500	neg	1	1	0	1	1	0	0	1	0	1	0
chr7.16832000.16832500	neg	1	1	0	1	1	0	1	1	1	1	0
chr7.16992500.16993000	neg	0	1	1	1	1	1	1	1	1	1	0
chr7.17133000.17133500	neg	0	1	0	1	1	1	0	0	0	0	1
chr7.17632000.17632500	neg	0	0	0	0	0	1	1	0	1	0	0
chr7.17780000.17780500	neg	0	0	1	0	0	1	1	0	1	0	0
chr7.17866000.17866500	neg	1	1	0	1	1	0	0	1	0	1	0
chr7.19437000.19437500	neg	0	1	1	0	0	0	0	0	0	0	0
chr7.19558500.19559000	neg	1	1	0	0	1	1	0	1	0	1	0
chr7.19563000.19563500	neg	1	1	0	0	1	1	0	1	0	0	0
chr7.19789000.19789500	neg	0	1	0	1	1	0	1	1	1	1	0
chr7.20202500.20203000	neg	0	1	0	1	1	1	1	1	1	0	1
chr7.20588500.20589000	neg	1	1	0	1	1	0	0	1	1	1	0
chr7.20589500.20590000	neg	1	1	0	0	1	0	0	0	1	1	0
chr7.20654500.20655000	neg	0	1	0	1	1	0	1	0	0	0	1
chr7.20899500.20900000	neg	0	1	0	1	1	0	0	1	0	1	0
chr7.21480500.21481000	neg	1	1	0	1	1	0	1	1	1	1	0
chr8.328000.328500	neg	0	1	1	1	0	0	1	1	1	0	0
chr8.645500.646000	neg	1	1	0	1	1	0	0	1	1	0	0
chr8.774500.775000	neg	0	0	0	0	0	0	0	0	0	0	0
chr8.942500.943000	neg	1	1	0	1	1	1	0	1	1	0	0
chr8.1563000.1563500	neg	1	1	1	1	1	1	1	1	1	0	1
chr8.1991500.1992000	neg	1	1	0	1	1	0	1	1	1	1	0
chr8.2099000.2099500	neg	0	1	1	1	1	1	1	1	0	1	1
chr8.2102000.2102500	neg	0	0	0	0	0	0	0	0	0	1	0
chr8.2226000.2226500	neg	0	1	0	1	0	1	1	1	0	1	0
chr8.2244500.2245000	neg	0	0	0	0	0	0	1	0	1	0	0
chr8.2374000.2374500	neg	1	1	1	1	1	1	0	1	0	1	0
chr8.2424500.2425000	neg	1	1	1	1	1	0	0	1	0	1	0
chr8.2693500.2694000	neg	0	0	0	0	0	0	0	0	0	0	0
chr8.2756500.2757000	neg	0	1	1	1	1	0	0	1	0	1	0
chr8.3460500.3461000	neg	1	1	0	0	0	0	1	0	1	0	0
chr8.3734500.3735000	neg	0	1	1	0	1	1	1	1	1	0	1
chr8.3861000.3861500	neg	1	1	0	1	1	0	0	1	0	1	0
chr8.3885000.3885500	neg	0	1	0	1	1	1	1	1	0	1	1
chr8.3924500.3925000	neg	0	1	0	0	0	0	1	0	1	0	1
chr8.4674500.4675000	neg	0	1	0	1	1	1	1	1	0	1	0
chr8.5121000.5121500	neg	1	1	1	1	1	1	1	1	0	0	1
chr8.5357000.5357500	neg	0	1	1	1	1	1	0	0	0	1	0
chr8.6025500.6026000	neg	1	1	1	1	1	0	1	1	1	1	0
chr8.6124000.6124500	neg	0	0	0	0	0	0	0	0	0	0	0
chr8.6696000.6696500	neg	0	1	0	0	1	0	1	0	1	0	1
chr8.6863000.6863500	neg	1	1	0	1	1	0	0	1	0	1	0
chr8.7026000.7026500	neg	0	1	1	1	0	1	1	1	0	0	1
chr8.7225500.7226000	neg	0	1	1	1	1	1	1	1	1	1	1
chr8.7520000.7520500	neg	1	1	0	1	1	0	0	1	1	0	0
chr8.7644500.7645000	neg	0	1	0	1	0	1	1	0	1	0	1
chr8.7899000.7899500	neg	0	1	0	0	0	0	1	0	1	0	0
chr8.7899500.7900000	neg	1	1	0	0	0	0	1	0	1	0	0
chr8.8250500.8251000	neg	0	0	0	0	0	0	0	0	1	0	0
chr8.8941000.8941500	neg	0	1	1	0	1	1	1	1	1	0	1
chr8.9464000.9464500	neg	0	1	0	1	1	1	0	1	0	0	1
chr8.9793000.9793500	neg	0	1	0	1	1	0	1	1	1	0	0
chr8.10299500.10300000	neg	1	1	0	1	1	0	1	0	0	1	0
chr8.10667500.10668000	neg	1	1	0	1	1	1	0	1	0	0	1
chr8.10706000.10706500	neg	0	0	1	0	0	0	1	0	1	0	0
chr8.11387500.11388000	neg	1	1	0	0	1	0	0	1	0	1	0
chr8.11547000.11547500	neg	1	1	0	1	1	0	1	1	0	0	1
chr8.11623500.11624000	neg	1	1	0	1	1	1	1	1	1	0	0
chr8.11811500.11812000	neg	1	1	0	1	1	1	0	1	0	0	1
chr8.11812000.11812500	neg	1	1	0	1	1	0	0	1	0	0	1
chr8.11812500.11813000	neg	0	1	0	1	1	0	0	1	0	0	1
chr8.12044500.12045000	neg	1	1	0	1	1	1	1	1	1	0	0
chr8.12099000.12099500	neg	0	1	0	0	0	1	1	0	0	0	0
chr8.12201500.12202000	neg	0	0	1	0	0	0	1	0	1	0	0
chr8.12281500.12282000	neg	0	1	1	1	1	1	1	1	0	0	1
chr8.12355500.12356000	neg	1	1	0	1	1	0	1	0	0	1	0
chr8.12511000.12511500	neg	1	1	0	1	1	0	0	1	0	0	0
chr8.12642500.12643000	neg	0	0	0	0	0	0	0	0	0	1	0
chr8.12653000.12653500	neg	1	1	0	1	1	1	0	1	0	1	1
chr8.13783000.13783500	neg	1	1	0	1	1	0	1	1	0	1	0
chr8.13931000.13931500	neg	1	1	1	1	1	1	0	0	0	0	0
chr8.14062500.14063000	neg	1	1	0	1	1	0	0	0	0	1	0
chr8.14271500.14272000	neg	0	0	0	0	0	0	1	0	1	0	0
chr8.14473000.14473500	neg	0	0	1	0	0	1	1	0	1	0	0
chr8.14649000.14649500	neg	0	0	0	1	1	0	0	1	0	0	1
chr8.14928000.14928500	neg	0	1	0	0	0	0	1	0	0	1	0
chr8.15140500.15141000	neg	1	1	0	1	1	0	0	1	0	1	0
chr8.15148000.15148500	neg	1	1	0	1	1	0	0	1	1	0	0
chr8.15681000.15681500	neg	0	1	1	0	0	1	1	0	1	0	0
chr8.15816000.15816500	neg	0	1	0	0	0	0	1	1	1	0	0
chr8.16026000.16026500	neg	0	1	0	0	1	0	1	1	0	0	1
chr8.16566500.16567000	neg	0	1	0	1	0	1	1	0	1	0	1
chr8.16681500.16682000	neg	0	1	0	0	1	1	1	0	1	0	1
chr8.16924500.16925000	neg	0	1	0	1	1	1	1	1	1	0	1
chr8.17056000.17056500	neg	0	1	0	1	1	1	1	1	1	0	1
chr8.17077500.17078000	neg	0	0	1	0	0	0	1	0	1	1	0
chr8.17586500.17587000	neg	0	0	1	0	0	0	1	0	1	0	0
chr8.17695000.17695500	neg	1	1	0	1	1	1	1	1	1	0	1
chr8.18385000.18385500	neg	0	1	1	0	0	0	1	0	1	0	1
chr8.18514000.18514500	neg	0	0	1	0	0	0	0	0	0	0	1
chr8.18743500.18744000	neg	1	1	0	1	1	0	0	1	0	1	0
chr8.19865500.19866000	neg	0	0	0	0	0	0	1	0	1	0	0
chr8.20543500.20544000	neg	0	1	0	1	1	1	1	1	1	1	1
chr8.21109000.21109500	neg	1	1	0	1	1	1	1	1	1	0	0
chr8.21236500.21237000	neg	1	1	1	1	1	1	1	1	1	0	1
chrU.1087000.1087500	neg	0	0	0	0	0	0	0	0	0	0	0
chrU.1527000.1527500	neg	0	0	0	0	0	0	0	0	0	0	0
chrU.1774500.1775000	neg	0	0	0	0	0	0	0	0	0	0	0
chrV.1734500.1735000	neg	0	0	0	0	0	0	1	1	1	0	0
chrV.2271500.2272000	neg	0	0	0	0	0	0	1	0	1	0	0
chrV.4928000.4928500	neg	0	0	0	0	0	0	1	0	1	0	0
chrV.6109500.6110000	neg	0	1	0	1	1	0	1	1	1	0	1
chrV.6743000.6743500	neg	0	0	0	0	0	0	0	0	0	0	0
chrV.7096000.7096500	neg	0	0	0	0	0	0	0	0	0	0	0
chrV.7126000.7126500	neg	0	0	0	0	0	0	0	0	0	0	0
chrV.7162500.7163000	neg	0	0	0	0	0	0	0	0	0	0	0
chrV.7210500.7211000	neg	0	0	0	0	0	0	0	0	0	0	0
chrV.7478500.7479000	neg	0	0	0	0	0	0	0	0	0	0	0
chrV.7481000.7481500	neg	0	0	0	0	0	0	0	0	0	0	0
chrV.7487000.7487500	neg	0	0	0	0	0	0	0	0	0	0	0
chrV.7534500.7535000	neg	0	0	0	0	0	0	0	0	0	0	0
unplaced-scaffold_010.17000.17500	neg	0	0	0	0	0	0	0	0	0	0	0
unplaced-scaffold_035.14000.14500	neg	0	0	0	0	0	0	0	0	0	0	0
unplaced-scaffold_104.13500.14000	neg	0	0	0	0	0	0	0	0	0	0	0
unplaced-scaffold_126.12500.13000	neg	0	0	0	0	0	0	0	0	0	0	0
unplaced-scaffold_198.8500.9000	neg	0	0	0	0	0	0	0	0	0	0	0
unplaced-scaffold_210.2500.3000	neg	0	0	0	0	0	0	0	0	0	0	0
unplaced-scaffold_291.6000.6500	neg	0	0	0	0	0	0	0	0	0	0	0
unplaced-scaffold_385.2500.3000	neg	0	0	0	0	0	0	0	0	0	0	0
unplaced-scaffold_399.8500.9000	neg	0	0	0	0	0	0	0	0	0	0	0
unplaced-scaffold_440.4000.4004	neg	0	0	0	0	0	0	0	0	0	1	0
