peak	Class	H2Aub	H2AZ	H3	H3K4me1	H3K4me3	H3K9ac	H3K9me1	H3K14ac	H3K27me1	H3K27me3	H3K36me3
chr1.175209.175310	pos	0	1	1	1	1	1	1	0	1	1	1
chr1.175686.175887	pos	0	1	1	1	1	1	1	0	1	1	1
chr1.176121.179014	pos	1	1	1	1	1	1	1	1	1	1	1
chr1.196397.198246	pos	1	1	1	1	1	1	1	1	1	1	1
chr1.237492.237992	pos	1	1	0	1	1	1	1	1	1	0	1
chr1.560792.561061	pos	1	1	1	1	1	1	1	0	1	1	0
chr1.591612.591710	pos	0	1	1	1	1	0	1	1	1	0	1
chr1.761919.762012	pos	0	1	1	0	0	0	1	0	0	0	0
chr1.793972.795516	pos	1	1	1	1	1	1	1	1	1	1	1
chr1.1448365.1448534	pos	0	1	0	1	1	1	0	1	0	0	1
chr1.2411735.2412314	pos	0	1	1	1	1	1	1	1	1	1	1
chr1.2413240.2413393	pos	0	1	1	1	1	1	1	1	1	1	1
chr1.3538390.3538480	pos	0	1	1	1	1	1	1	1	1	0	1
chr1.3610287.3610379	pos	0	0	1	0	0	0	1	0	1	0	0
chr1.3759627.3759697	pos	0	0	0	1	0	0	0	0	0	0	1
chr1.3868881.3869418	pos	0	1	1	1	1	1	1	0	1	1	1
chr1.3878677.3879228	pos	0	1	1	1	1	1	1	1	1	1	1
chr1.4129684.4129789	pos	0	1	1	1	1	1	1	0	1	0	1
chr1.4348816.4348920	pos	0	0	0	0	0	0	0	0	0	0	0
chr1.5382584.5382696	pos	0	0	1	0	0	1	1	0	1	0	0
chr1.5557662.5557770	pos	0	0	1	0	0	0	1	0	1	0	0
chr1.5765425.5765736	pos	0	1	1	1	1	1	1	1	1	1	1
chr1.5945367.5945440	pos	0	1	1	1	1	1	1	1	1	1	1
chr1.5990165.5990234	pos	0	1	0	1	0	0	1	1	1	0	1
chr1.6148055.6148260	pos	1	1	1	1	1	1	1	1	1	0	1
chr1.6236227.6236302	pos	0	0	0	0	0	0	1	0	1	0	0
chr1.6505638.6505938	pos	0	1	1	1	0	0	1	1	1	1	1
chr1.6832853.6832943	pos	0	0	0	1	0	0	0	0	0	0	1
chr1.6964446.6964546	pos	0	1	1	1	1	1	1	1	1	0	1
chr1.7466169.7466296	pos	0	1	1	1	1	1	1	1	1	0	1
chr1.7626237.7626574	pos	0	1	1	1	1	1	1	0	1	1	1
chr1.7975788.7975920	pos	0	0	0	0	0	0	1	0	1	0	0
chr1.8317533.8317923	pos	1	1	1	1	1	1	0	1	0	0	1
chr1.8641073.8641220	pos	0	1	1	1	1	1	1	0	1	0	1
chr1.8710731.8711363	pos	1	1	0	0	1	1	0	0	0	0	1
chr1.8830631.8830769	pos	0	1	0	1	1	0	0	1	0	0	1
chr1.8983773.8983949	pos	0	0	0	0	0	0	1	0	1	0	0
chr1.9083409.9084019	pos	1	1	0	1	1	1	0	1	0	1	0
chr1.9142538.9142897	pos	0	0	1	0	0	0	1	0	1	0	0
chr1.9239527.9239612	pos	0	1	0	1	1	1	1	0	1	1	1
chr1.9952433.9952743	pos	0	0	0	0	0	0	0	0	0	0	0
chr1.10338157.10338314	pos	0	0	1	0	0	0	1	0	1	0	0
chr1.10440421.10440647	pos	1	1	0	1	1	0	1	1	1	0	1
chr1.11294506.11294832	pos	0	1	1	1	1	1	1	1	1	1	1
chr1.11399860.11400015	pos	0	1	0	0	0	1	1	1	1	0	1
chr1.11467551.11467869	pos	0	1	1	1	1	1	1	0	1	1	1
chr1.12349827.12349896	pos	0	0	0	0	0	1	1	0	1	0	0
chr1.12590653.12590763	pos	0	0	1	1	1	0	0	1	0	0	1
chr1.12708853.12709624	pos	1	0	0	0	1	1	0	1	0	0	1
chr1.12810398.12810518	pos	0	1	1	1	0	1	1	1	1	0	1
chr1.12938129.12938212	pos	0	1	0	1	1	1	1	0	1	1	1
chr1.13094299.13094389	pos	0	1	0	0	0	1	1	0	0	0	1
chr1.13168339.13168569	pos	0	0	0	0	0	0	1	0	1	0	0
chr1.13276555.13277171	pos	0	1	1	1	1	1	1	0	1	1	1
chr1.13666420.13666635	pos	0	0	1	0	0	0	1	0	1	0	0
chr1.14255371.14255645	pos	0	0	1	0	0	0	1	0	1	1	1
chr1.14658323.14658402	pos	0	0	1	0	0	0	1	0	1	0	0
chr1.15156220.15156853	pos	0	1	1	1	1	1	1	1	1	1	1
chr1.15157005.15157461	pos	0	1	1	1	1	1	1	1	1	1	1
chr1.15163394.15163554	pos	0	1	1	1	1	1	1	1	1	1	1
chr1.15164268.15164880	pos	0	1	1	1	1	1	1	1	1	1	1
chr1.15266297.15266573	pos	0	1	1	1	1	1	1	0	1	1	1
chr1.15779956.15780070	pos	0	0	1	0	0	0	1	0	1	0	0
chr1.16001392.16001508	pos	0	0	1	0	0	0	1	0	1	0	0
chr1.16002038.16002103	pos	0	0	1	0	0	0	1	0	1	0	0
chr1.16002413.16002512	pos	0	0	1	0	0	0	1	0	1	0	0
chr1.16237285.16237352	pos	0	0	1	0	0	0	1	0	1	0	0
chr1.16278648.16278787	pos	0	0	0	0	0	0	1	0	1	0	0
chr1.16419165.16419728	pos	0	1	1	1	1	1	1	1	1	1	1
chr1.16433393.16433779	pos	0	0	1	0	0	0	1	0	1	1	0
chr1.17120700.17120801	pos	0	1	0	1	1	0	1	0	1	0	1
chr1.17238425.17238543	pos	0	0	0	1	0	0	1	0	1	0	0
chr1.17756697.17757066	pos	1	1	0	0	1	1	0	1	0	1	0
chr1.18300139.18300291	pos	1	0	1	0	1	1	0	1	0	0	1
chr1.18936756.18936863	pos	0	0	1	0	0	0	1	0	1	0	0
chr1.19050489.19051234	pos	0	1	1	1	1	1	1	0	1	1	1
chr1.19511790.19511887	pos	0	0	1	0	0	0	1	0	1	0	0
chr1.19529075.19529172	pos	0	1	0	0	0	0	1	1	0	0	0
chr1.19750867.19751008	pos	0	1	1	0	0	0	1	0	0	0	0
chr1.19814856.19816154	pos	0	1	1	1	1	1	1	1	1	1	1
chr1.19816254.19816847	pos	0	1	1	1	1	1	1	1	1	1	1
chr1.19858731.19858935	pos	1	0	0	0	1	0	0	0	0	0	1
chr1.20225486.20225981	pos	1	1	0	1	1	0	0	1	0	1	0
chr1.20533041.20533197	pos	0	0	1	0	0	0	1	0	1	0	0
chr1.20703757.20704053	pos	0	1	1	1	1	1	0	1	1	0	1
chr1.20863164.20863706	pos	0	1	1	1	0	1	1	0	1	1	0
chr1.20864005.20864224	pos	0	1	1	1	0	1	1	0	1	1	0
chr1.20916307.20916657	pos	0	1	1	0	0	1	1	1	1	0	1
chr1.20933014.20933184	pos	1	1	0	1	1	0	0	1	0	0	1
chr1.21927963.21928093	pos	0	1	1	1	1	0	0	0	1	0	1
chr1.22103763.22103846	pos	0	0	0	1	1	1	0	1	0	0	1
chr1.22338863.22338932	pos	0	0	1	0	0	0	1	0	1	0	0
chr1.23024062.23024132	pos	0	1	0	1	0	0	1	0	0	1	0
chr1.23160944.23161083	pos	0	1	1	0	1	1	1	1	1	0	1
chr1.23641918.23642141	pos	0	0	1	1	1	0	0	1	0	0	1
chr1.23809194.23809263	pos	0	0	1	0	0	0	1	0	1	0	0
chr1.24437596.24437910	pos	1	1	0	0	1	1	0	1	0	0	0
chr1.24616012.24616276	pos	0	0	0	0	1	1	0	1	0	0	1
chr1.25085731.25085991	pos	1	1	1	1	1	1	1	1	0	0	1
chr1.25927108.25927256	pos	1	1	0	1	1	1	1	1	1	0	1
chr1.26317835.26317926	pos	1	1	1	1	1	1	1	1	1	1	1
chr1.26337523.26337674	pos	0	1	0	1	1	1	0	1	0	0	1
chr1.26366436.26366935	pos	0	1	1	1	1	1	1	1	1	1	1
chr1.26367127.26367318	pos	0	1	1	1	1	1	1	1	1	1	1
chr1.26390623.26390779	pos	0	1	1	0	0	1	1	0	1	0	0
chr1.26611262.26611327	pos	0	0	0	1	0	0	0	0	0	0	1
chr1.26845617.26845683	pos	0	0	1	1	0	0	0	1	0	0	1
chr1.26917023.26917138	pos	0	0	0	1	1	0	0	1	0	0	1
chr1.27003249.27003354	pos	0	1	0	1	1	0	0	1	0	1	0
chr1.27127993.27128513	pos	1	1	0	0	1	1	0	0	0	1	0
chr1.27464006.27464073	pos	0	1	0	1	1	1	1	1	1	0	1
chr1.27490828.27490893	pos	0	1	0	1	0	0	0	1	0	0	1
chr1.27552120.27552372	pos	1	1	1	1	1	1	1	1	1	0	0
chr1.27641254.27641324	pos	0	0	1	0	0	0	1	0	0	0	0
chr1.28108016.28108583	pos	0	1	0	1	1	1	1	1	1	0	1
chr1.28583455.28583853	pos	0	1	0	0	1	0	1	0	0	0	1
chr1.28850377.28850596	pos	0	1	1	0	0	1	1	0	1	0	0
chr1.29029400.29029564	pos	0	1	1	0	1	1	1	0	1	0	0
chr1.29431267.29431340	pos	0	0	0	0	0	0	1	0	1	1	0
chr1.29450099.29452272	pos	1	1	1	1	1	1	0	1	0	0	0
chr1.29453719.29453855	pos	0	1	0	1	1	0	0	1	0	0	1
chr1.29501483.29501582	pos	0	0	1	0	0	0	1	0	1	0	0
chr1.29866687.29866957	pos	0	1	0	1	1	1	1	1	0	0	1
chr1.30160694.30160839	pos	0	1	1	1	1	1	1	0	1	1	1
chr1.30401372.30401472	pos	1	1	0	0	1	1	0	1	0	0	1
chr1.30457470.30457565	pos	1	1	1	1	1	0	1	1	1	1	1
chr2.414495.414639	pos	0	0	0	1	1	0	0	1	0	0	1
chr2.424129.424209	pos	0	0	1	1	0	0	0	1	0	0	1
chr2.686158.686261	pos	1	1	0	0	1	0	0	1	0	1	0
chr2.1068233.1068444	pos	1	1	1	1	1	0	0	1	1	1	0
chr2.1798968.1799104	pos	1	1	0	1	1	0	1	1	0	1	0
chr2.1886763.1887381	pos	0	1	1	1	1	1	1	0	1	1	0
chr2.2228286.2228379	pos	0	1	0	0	1	1	1	0	0	0	1
chr2.2517805.2518022	pos	0	1	0	0	1	0	1	1	1	0	0
chr2.2555428.2555575	pos	1	1	0	1	1	0	0	1	0	1	0
chr2.2711634.2711721	pos	0	0	0	0	0	0	0	0	0	1	0
chr2.2863078.2863158	pos	1	1	0	1	1	0	1	1	0	1	0
chr2.2904726.2904794	pos	0	0	0	0	0	0	1	0	1	0	0
chr2.3718005.3718222	pos	0	1	1	0	0	0	1	0	1	1	0
chr2.3849731.3849911	pos	1	1	0	1	1	0	0	1	0	1	0
chr2.3983653.3984187	pos	1	1	0	1	1	0	0	1	0	1	0
chr2.4434035.4434341	pos	0	0	1	1	1	1	1	1	1	0	1
chr2.4478492.4478716	pos	0	0	1	0	0	0	1	0	1	0	0
chr2.4662233.4662305	pos	0	0	0	0	0	0	1	0	1	0	0
chr2.4720763.4720852	pos	0	0	1	0	0	0	1	0	0	1	0
chr2.4848061.4848126	pos	0	0	0	1	0	0	0	1	0	0	1
chr2.5679433.5680765	pos	0	1	1	1	1	1	1	0	1	1	1
chr2.6340145.6340213	pos	0	0	0	0	0	0	1	0	0	1	0
chr2.7340320.7340507	pos	0	0	1	0	0	0	1	0	1	1	0
chr2.7514282.7514469	pos	0	0	1	0	0	0	1	0	1	0	0
chr2.7852680.7852791	pos	0	1	0	1	0	1	0	1	0	0	1
chr2.8049891.8050009	pos	0	0	0	0	0	0	1	0	1	0	0
chr2.8334007.8334199	pos	0	0	1	1	0	1	1	1	1	0	0
chr2.8585751.8585815	pos	1	0	1	1	1	0	0	1	0	0	1
chr2.8612162.8612327	pos	1	0	0	0	1	0	0	0	0	0	0
chr2.8862430.8862496	pos	1	1	1	1	1	0	0	1	0	1	0
chr2.8870166.8870231	pos	1	1	0	1	1	0	0	1	0	1	0
chr2.9579405.9579554	pos	0	1	1	1	1	1	1	1	1	1	1
chr2.9579895.9581426	pos	0	1	1	1	1	1	1	1	1	1	1
chr2.9654315.9654514	pos	0	1	1	0	0	0	1	0	0	1	0
chr2.9701469.9701586	pos	1	1	0	1	1	0	0	1	0	0	1
chr2.9811609.9811778	pos	0	0	1	0	0	0	1	0	1	0	1
chr2.9940983.9941121	pos	1	1	1	1	1	1	1	1	1	1	1
chr2.10204307.10204431	pos	1	1	0	0	0	1	1	0	1	1	0
chr2.10668801.10669250	pos	0	1	1	1	1	1	1	1	0	1	0
chr2.10756111.10756239	pos	0	0	1	1	1	1	0	1	0	0	1
chr2.10864434.10864536	pos	0	1	0	1	1	1	1	1	1	0	1
chr2.11064831.11065231	pos	0	1	0	1	0	0	1	1	1	0	1
chr2.11108579.11108698	pos	0	0	0	1	1	0	0	1	0	0	1
chr2.11203344.11203434	pos	1	1	0	1	1	1	0	1	0	0	0
chr2.11241035.11241295	pos	1	1	0	1	1	0	1	0	1	1	0
chr2.11786874.11787059	pos	0	1	0	1	0	0	0	1	0	0	1
chr2.11861595.11862204	pos	0	1	0	1	1	1	1	1	1	0	1
chr2.11963230.11963338	pos	1	1	1	1	1	0	0	1	0	1	0
chr2.12274517.12275430	pos	0	1	1	1	0	1	1	0	1	1	0
chr2.12275547.12275914	pos	0	1	1	1	0	1	1	0	1	1	0
chr2.12514142.12514241	pos	0	0	1	0	0	0	1	0	0	1	0
chr2.12637812.12638072	pos	0	1	0	1	1	1	1	1	1	1	1
chr2.12916884.12917950	pos	0	1	1	1	1	1	1	1	1	1	1
chr2.12920013.12920076	pos	0	1	1	1	0	1	1	0	1	0	0
chr2.12948687.12948971	pos	0	1	1	1	0	1	1	0	1	0	1
chr2.13075223.13075384	pos	0	0	1	0	0	0	1	0	1	0	0
chr2.13075812.13075913	pos	0	0	1	0	0	0	1	0	1	0	0
chr2.13096669.13096788	pos	0	1	1	0	0	1	1	0	0	0	0
chr2.13207932.13207999	pos	0	0	0	0	0	0	1	0	1	0	0
chr2.13219107.13219219	pos	0	1	1	0	1	1	1	1	1	0	1
chr2.13501231.13501627	pos	1	1	0	1	1	1	0	1	0	1	0
chr2.13835146.13835316	pos	1	1	1	1	1	0	0	1	1	0	0
chr2.13921434.13921562	pos	1	1	1	1	1	0	1	1	1	1	0
chr2.13932535.13932635	pos	1	1	1	1	1	1	1	1	0	1	0
chr2.15631809.15631908	pos	1	1	0	1	1	1	0	1	0	1	0
chr2.15647936.15648120	pos	0	0	0	0	0	0	1	0	0	1	0
chr2.15689823.15690136	pos	0	1	1	0	0	1	1	0	1	1	0
chr2.15950014.15950288	pos	0	1	1	1	0	0	1	0	1	0	1
chr2.15952832.15952901	pos	0	0	1	0	0	0	1	0	1	0	0
chr2.16366594.16366716	pos	0	0	0	0	0	0	1	0	1	1	0
chr2.16685478.16685674	pos	0	1	1	0	0	0	1	0	1	0	1
chr2.16918903.16919035	pos	1	1	1	1	1	1	1	1	0	1	1
chr2.17239113.17239735	pos	0	1	1	1	1	1	1	1	1	0	1
chr2.17403574.17403870	pos	0	0	1	1	1	1	1	0	1	0	1
chr2.18068542.18068687	pos	0	0	0	0	0	0	1	0	1	0	0
chr2.18087989.18088218	pos	0	0	1	0	0	1	1	0	1	1	0
chr2.19061758.19061873	pos	0	0	1	0	0	0	1	0	1	0	0
chr2.19141932.19142094	pos	0	0	1	1	0	0	0	1	0	0	1
chr2.19722686.19723958	pos	1	1	1	1	1	1	1	1	1	1	1
chr2.19731247.19731358	pos	0	0	0	0	0	0	1	0	1	0	0
chr2.19809077.19809182	pos	1	1	1	1	1	1	1	1	1	1	1
chr2.20054028.20054158	pos	1	1	0	1	1	0	0	1	0	1	0
chr2.20186760.20186834	pos	0	0	0	0	0	0	1	0	1	1	0
chr2.21160046.21160615	pos	0	1	1	1	1	1	1	0	1	1	0
chr2.21293590.21293847	pos	1	1	0	0	1	0	0	0	0	1	0
chr2.21374452.21374519	pos	0	0	0	1	1	0	0	1	0	0	1
chr2.21476172.21476270	pos	0	0	1	0	0	0	1	0	1	0	0
chr2.22079772.22080102	pos	1	1	1	1	1	1	1	1	1	1	0
chr2.22601920.22602453	pos	0	0	1	0	0	0	1	0	0	1	0
chr2.23711696.23711831	pos	0	1	1	1	1	0	0	1	1	0	1
chr2.23742119.23742415	pos	1	1	0	1	1	1	1	1	0	0	1
chr2.24060499.24060758	pos	1	1	0	1	1	1	1	1	0	0	1
chr2.24318922.24319015	pos	0	1	1	1	1	1	1	1	1	1	1
chr2.24319160.24319542	pos	0	1	1	1	1	1	1	1	1	1	1
chr2.24441993.24442066	pos	0	0	1	1	0	1	0	0	0	0	1
chr2.25223613.25223702	pos	0	0	0	0	0	0	1	0	1	0	0
chr2.25784554.25784675	pos	0	0	1	1	0	1	1	0	1	0	0
chr2.26699577.26699642	pos	0	1	0	1	0	0	1	0	0	1	0
chr2.26887320.26887422	pos	1	1	0	1	1	0	0	1	0	1	0
chr2.27103504.27103615	pos	1	1	0	1	1	0	1	1	0	1	0
chr2.27138993.27139088	pos	0	1	0	1	0	0	0	1	0	1	0
chr2.27437868.27437966	pos	0	1	0	1	1	0	0	1	0	1	0
chr2.27473464.27473622	pos	0	0	1	1	1	0	1	1	1	0	1
chr2.27646462.27646724	pos	0	0	1	0	0	1	1	0	1	0	0
chr2.27965565.27965715	pos	1	1	0	0	1	1	1	1	1	0	1
chr2.27996196.27996496	pos	0	1	1	1	1	1	1	1	1	1	1
chr2.29192680.29192916	pos	0	1	1	1	1	1	1	1	1	1	1
chr2.29513282.29513356	pos	0	0	0	0	0	0	1	0	1	0	0
chr2.29616233.29616940	pos	0	1	1	1	0	1	1	0	1	1	0
chr3.11379.11857	pos	0	1	0	0	1	1	0	1	0	0	1
chr3.193586.193677	pos	0	0	0	0	0	0	1	0	1	0	0
chr3.419138.419284	pos	0	1	1	0	0	0	1	0	1	0	0
chr3.500272.500785	pos	1	0	0	0	1	1	0	0	0	1	0
chr3.871375.871524	pos	0	1	0	0	0	0	1	0	0	0	0
chr3.1289731.1290132	pos	0	1	0	1	1	1	1	1	1	0	1
chr3.1422932.1423212	pos	0	0	1	1	1	0	0	1	0	0	1
chr3.1487214.1487451	pos	0	1	1	1	0	1	1	0	1	1	0
chr3.1806985.1807091	pos	0	0	1	0	0	0	1	0	1	0	0
chr3.2002273.2002503	pos	0	0	1	0	0	0	1	0	0	1	0
chr3.2310147.2310296	pos	0	0	1	1	0	0	0	0	0	0	1
chr3.2398389.2398465	pos	0	1	0	1	1	1	1	1	1	0	1
chr3.2549222.2549302	pos	1	1	1	1	1	0	0	1	0	0	0
chr3.2659368.2659527	pos	1	1	0	1	1	0	1	1	1	1	1
chr3.2776064.2776457	pos	0	1	1	0	0	0	1	0	1	0	0
chr3.4388153.4388317	pos	1	1	0	1	1	0	0	0	0	1	0
chr3.4501485.4501559	pos	0	1	1	0	0	0	1	0	1	0	0
chr3.5378042.5378309	pos	0	1	1	0	0	0	1	0	1	1	0
chr3.6538422.6538544	pos	1	1	1	0	0	0	1	0	0	0	0
chr3.6741912.6742431	pos	1	1	1	0	1	1	1	1	0	1	1
chr3.6863644.6863782	pos	0	0	0	0	0	0	1	0	1	0	0
chr3.7516537.7517226	pos	1	1	0	0	1	1	0	1	0	0	1
chr3.7521657.7521830	pos	0	1	1	1	1	1	1	1	1	0	1
chr3.7668652.7668724	pos	1	1	1	0	0	0	1	0	0	1	0
chr3.7825862.7826010	pos	1	1	0	1	1	0	0	1	0	0	1
chr3.7919418.7919484	pos	0	1	0	1	1	1	1	1	1	1	1
chr3.7920067.7920163	pos	0	1	0	1	1	1	1	1	1	1	1
chr3.7984573.7984683	pos	1	1	0	1	1	1	1	1	1	0	1
chr3.8074090.8074294	pos	0	1	0	1	1	1	1	0	1	1	0
chr3.8393592.8393698	pos	0	0	1	1	1	1	0	0	0	0	1
chr3.8617423.8617528	pos	0	0	1	0	0	0	1	0	1	0	0
chr3.9462064.9462210	pos	0	1	1	1	1	1	1	0	1	1	1
chr3.9464539.9464754	pos	1	1	0	1	1	0	0	1	0	1	0
chr3.9765986.9766086	pos	1	1	1	1	1	1	1	1	1	0	1
chr3.9832726.9832851	pos	0	1	1	0	0	0	1	0	1	1	0
chr3.10120965.10121054	pos	1	1	0	1	1	0	0	1	0	1	0
chr3.10792063.10792363	pos	0	0	1	1	0	1	1	1	1	1	0
chr3.10910422.10910643	pos	0	0	1	0	0	0	1	0	1	0	0
chr3.10914311.10914396	pos	0	0	0	1	0	0	1	0	1	1	0
chr3.11546349.11546619	pos	0	0	1	0	0	0	1	0	1	1	0
chr3.11832510.11832854	pos	0	1	1	1	1	0	1	1	1	1	1
chr3.12124983.12125085	pos	0	0	1	0	0	0	1	0	1	1	0
chr3.12150914.12151062	pos	0	0	1	0	0	0	1	0	0	1	0
chr3.12509750.12509916	pos	1	1	1	1	1	0	1	0	0	1	0
chr3.13137968.13138085	pos	0	1	1	1	0	0	1	0	0	1	0
chr3.13325291.13326665	pos	1	1	1	1	1	1	1	0	1	1	1
chr3.13327508.13327581	pos	0	1	1	1	1	1	0	0	0	1	1
chr3.13549793.13550084	pos	1	1	1	1	1	1	1	0	0	1	0
chr3.13557781.13557934	pos	1	1	1	1	1	0	1	1	0	1	0
chr3.13558403.13558545	pos	1	1	1	1	1	0	1	1	0	1	0
chr3.13846851.13846953	pos	1	1	0	1	1	0	0	1	0	1	0
chr3.14102930.14103370	pos	0	1	1	1	1	1	1	1	1	1	1
chr3.14283304.14283374	pos	0	1	0	1	0	0	0	0	1	0	0
chr3.14798833.14798901	pos	0	0	1	1	0	0	0	0	0	0	1
chr3.15046542.15046684	pos	1	1	0	1	1	1	1	1	1	0	1
chr3.15054751.15055335	pos	0	0	1	1	1	1	1	1	1	1	1
chr3.15338040.15338121	pos	0	1	1	1	0	1	1	0	1	0	1
chr3.15359274.15359380	pos	0	1	0	1	1	1	0	1	0	0	1
chr3.15868336.15868399	pos	0	0	0	0	0	0	1	0	1	0	0
chr3.15924187.15924397	pos	0	1	1	1	1	1	1	1	1	1	0
chr3.16015044.16015113	pos	0	0	1	0	0	0	1	0	1	0	0
chr3.16122473.16122667	pos	1	0	1	1	1	0	0	1	0	0	1
chr3.16729517.16729769	pos	1	1	0	1	1	1	1	1	1	1	0
chr3.16908727.16908820	pos	0	0	1	0	0	0	1	0	1	0	0
chr3.17405619.17405775	pos	0	0	1	0	0	0	1	0	1	0	0
chr3.17416302.17416378	pos	0	0	1	0	0	0	1	0	1	0	0
chr3.17676422.17676514	pos	1	1	0	1	1	0	1	1	0	1	0
chr3.17987998.17988139	pos	1	1	1	1	1	0	1	1	1	0	0
chr3.17996053.17996182	pos	0	0	0	0	0	0	1	0	1	0	0
chr3.18010170.18010298	pos	1	1	0	1	1	1	0	1	0	0	1
chr3.18316572.18316685	pos	0	1	0	1	0	0	1	1	1	0	0
chr3.18721964.18722055	pos	0	1	0	1	1	0	0	1	0	1	0
chr3.18732210.18732346	pos	1	1	0	1	1	0	0	1	0	1	0
chr3.18732526.18732614	pos	1	1	0	1	1	0	0	1	0	1	0
chr3.19087616.19087804	pos	0	1	1	1	1	1	1	1	1	1	1
chr3.19390507.19390613	pos	0	0	0	0	0	0	1	0	1	0	0
chr3.19466305.19466385	pos	0	0	0	0	0	0	0	0	0	0	0
chr3.19893324.19893400	pos	0	0	1	0	0	0	1	0	0	1	0
chr3.19962730.19963006	pos	1	1	0	1	1	0	0	1	0	1	0
chr3.21212312.21212466	pos	0	1	1	1	0	0	1	0	1	1	1
chr3.22696049.22696216	pos	0	1	1	0	0	1	1	1	0	0	1
chr3.22769066.22769158	pos	1	0	0	0	1	1	0	1	0	0	1
chr3.22897006.22897174	pos	0	0	1	1	1	0	0	1	0	0	1
chr3.22994251.22994320	pos	1	1	1	1	1	0	1	1	1	1	0
chr3.23572094.23572179	pos	0	0	0	0	0	0	1	0	1	0	0
chr3.23754767.23754855	pos	0	1	1	1	0	0	1	1	1	0	0
chr3.24278302.24278636	pos	0	1	1	1	0	0	1	0	1	0	1
chr3.25463483.25464109	pos	1	1	1	1	1	1	1	1	1	1	1
chr3.25464511.25464820	pos	1	1	1	1	1	1	1	1	1	1	1
chr3.25559721.25560304	pos	0	1	1	1	1	1	1	1	1	1	1
chr3.25838707.25838951	pos	0	1	1	1	1	0	1	1	1	1	0
chr3.26134315.26134695	pos	0	0	1	0	0	0	1	0	1	0	0
chr3.26177324.26177397	pos	0	0	1	0	0	1	1	0	0	0	0
chr3.26266544.26266626	pos	0	1	1	1	1	1	1	1	1	1	0
chr3.26449091.26449379	pos	0	1	0	0	0	0	1	0	1	1	0
chr3.26477387.26477515	pos	0	0	1	0	0	0	1	0	1	0	0
chr3.26597390.26597635	pos	0	0	1	0	0	0	1	0	1	0	0
chr3.27076209.27076277	pos	0	0	0	0	0	0	1	0	1	0	0
chr4.51925.52023	pos	0	1	0	1	1	1	1	1	1	0	1
chr4.199357.199461	pos	0	1	1	1	1	1	1	1	1	0	0
chr4.297220.297353	pos	1	1	1	0	1	1	1	0	0	1	0
chr4.591591.591784	pos	1	1	0	1	1	1	0	0	0	1	0
chr4.784321.784649	pos	0	0	1	0	0	1	1	0	1	1	0
chr4.1276424.1276634	pos	0	0	1	0	0	0	1	0	1	1	0
chr4.1923130.1923736	pos	0	1	0	1	1	1	0	1	0	0	1
chr4.2063045.2063338	pos	1	1	0	1	1	1	1	0	1	0	1
chr4.2270861.2270985	pos	0	1	1	1	0	1	1	1	0	0	1
chr4.2345731.2345816	pos	0	0	1	0	0	0	0	0	0	1	0
chr4.2521743.2521928	pos	0	1	1	1	1	1	1	1	1	0	1
chr4.3146431.3146785	pos	1	1	0	0	1	1	0	1	0	0	1
chr4.3150509.3150660	pos	0	1	0	1	1	1	1	0	1	0	1
chr4.3622273.3622616	pos	0	1	1	1	1	0	1	1	1	1	1
chr4.3645714.3645903	pos	0	1	0	0	1	0	1	0	1	1	0
chr4.4533784.4534319	pos	0	1	1	1	1	1	1	1	1	1	1
chr4.4552697.4554677	pos	1	1	1	1	1	1	1	1	1	1	1
chr4.5262825.5262947	pos	0	1	0	0	0	0	1	0	0	1	0
chr4.5326421.5326719	pos	0	1	0	1	1	0	1	1	0	1	0
chr4.5400909.5400995	pos	1	1	1	1	1	0	1	1	0	1	0
chr4.5764531.5764606	pos	1	1	0	1	1	0	0	1	0	1	0
chr4.5952664.5952981	pos	0	0	1	1	1	1	1	0	1	1	0
chr4.5965391.5965455	pos	0	1	0	1	1	1	1	1	1	0	1
chr4.6245905.6246428	pos	0	1	1	1	1	1	1	1	1	1	1
chr4.6560792.6561082	pos	1	1	0	1	1	0	0	1	0	0	1
chr4.7250891.7251124	pos	0	0	1	0	0	0	1	0	1	0	0
chr4.7935389.7935492	pos	0	1	1	1	1	1	1	1	0	0	1
chr4.8681229.8681369	pos	0	1	0	0	0	0	1	0	0	1	0
chr4.9063459.9063876	pos	0	0	1	0	0	1	1	0	1	0	0
chr4.9064599.9064844	pos	0	1	1	1	1	1	0	1	1	0	1
chr4.9137276.9137349	pos	0	1	0	1	0	1	1	0	1	1	1
chr4.9151378.9151517	pos	0	0	0	0	0	0	1	0	1	1	0
chr4.9473461.9473900	pos	0	0	1	0	0	1	1	0	0	1	0
chr4.9611795.9611869	pos	1	1	0	1	1	0	1	1	1	1	0
chr4.9621422.9622820	pos	0	1	1	1	1	1	1	1	1	1	1
chr4.9673566.9673658	pos	0	0	0	1	1	1	0	0	0	0	1
chr4.10248032.10248126	pos	0	1	0	1	1	1	1	1	0	0	0
chr4.10539792.10539861	pos	1	1	0	0	1	1	0	1	0	1	0
chr4.11043747.11043873	pos	0	1	0	0	1	0	1	0	0	1	0
chr4.11274357.11274591	pos	0	1	1	1	1	1	0	1	0	1	1
chr4.12330411.12330513	pos	0	0	1	0	0	0	1	0	1	0	0
chr4.12718422.12718699	pos	0	1	0	1	1	1	1	1	1	0	1
chr4.12803311.12803414	pos	0	1	1	1	0	0	1	0	1	0	0
chr4.12869049.12869311	pos	0	1	1	1	1	1	1	0	1	0	0
chr4.12878516.12878629	pos	0	1	0	1	0	0	1	0	1	0	1
chr4.12918837.12918957	pos	0	1	1	1	1	0	1	1	1	0	1
chr4.13080356.13080477	pos	0	1	0	0	0	1	0	0	0	0	0
chr4.14178781.14178967	pos	0	0	1	0	0	0	1	0	1	0	0
chr4.14325903.14325977	pos	1	1	0	1	1	0	0	1	0	1	0
chr4.15000771.15000902	pos	1	0	0	0	1	1	0	0	0	0	1
chr4.15348544.15348607	pos	0	0	0	0	0	0	1	0	0	1	0
chr4.16050301.16050597	pos	0	1	1	1	1	1	1	1	1	1	1
chr4.16512000.16512207	pos	0	0	0	0	0	0	1	0	1	0	0
chr4.16578752.16578822	pos	0	0	0	0	0	0	1	0	0	0	0
chr4.16617224.16617896	pos	1	1	1	1	1	1	1	0	1	1	1
chr4.16621482.16621601	pos	1	1	0	1	1	0	0	0	0	1	0
chr4.16624312.16624560	pos	1	1	0	0	1	0	0	0	0	1	0
chr4.17475015.17475148	pos	0	0	1	1	1	1	1	1	1	0	1
chr4.17475351.17475536	pos	0	0	1	1	1	1	1	1	1	0	1
chr4.18366458.18367247	pos	0	0	0	0	1	1	0	0	0	0	1
chr4.18633319.18633398	pos	0	0	1	0	0	0	1	0	1	1	0
chr4.18643662.18644024	pos	1	1	0	1	1	1	0	1	0	0	1
chr4.18875749.18875846	pos	1	1	1	1	1	0	0	1	0	1	0
chr4.18965072.18965164	pos	1	1	1	1	1	0	0	1	0	1	0
chr4.19233318.19233406	pos	1	1	0	1	1	1	0	1	1	0	0
chr4.19744179.19744505	pos	0	1	1	1	0	0	1	0	1	0	0
chr4.19875393.19875470	pos	0	1	0	0	0	0	1	0	1	1	0
chr4.19885891.19885983	pos	0	0	0	0	0	0	1	0	1	0	0
chr4.20509722.20509901	pos	0	1	1	1	1	1	1	1	1	0	1
chr4.20609828.20610069	pos	0	1	0	0	1	1	1	1	1	0	1
chr4.20812267.20813154	pos	1	1	1	1	1	1	1	1	1	1	1
chr4.21098632.21098997	pos	1	1	1	1	1	0	1	1	1	1	0
chr4.21442937.21443004	pos	0	0	0	0	0	0	1	0	1	0	0
chr4.21462629.21462818	pos	0	1	1	1	0	0	1	1	1	0	0
chr4.21542836.21542901	pos	0	0	0	0	0	0	1	0	1	1	0
chr4.21659806.21660025	pos	0	0	1	1	1	1	0	1	0	0	1
chr4.21863810.21863905	pos	1	1	0	1	1	0	1	1	0	1	0
chr4.21875508.21875686	pos	1	1	0	1	1	1	1	1	1	1	0
chr4.22162089.22162585	pos	0	1	1	1	1	1	1	1	1	0	1
chr4.22433158.22433337	pos	0	1	1	1	1	0	0	1	0	0	1
chr4.22888432.22888495	pos	0	0	1	0	0	0	1	0	1	0	0
chr4.22941190.22941831	pos	0	1	1	1	1	1	1	1	1	1	1
chr4.22947870.22947940	pos	0	0	0	0	0	0	1	0	1	0	0
chr4.22998501.22998741	pos	0	0	1	0	0	0	1	0	1	0	0
chr4.22999226.22999299	pos	0	0	1	0	0	0	1	0	1	0	0
chr4.23032195.23032276	pos	0	1	1	1	1	0	1	0	1	0	0
chr4.23300363.23300608	pos	0	1	0	0	1	1	0	1	0	1	1
chr4.23544321.23544508	pos	0	1	1	1	1	1	0	1	0	0	0
chr4.23876670.23877225	pos	1	1	1	1	1	1	0	1	0	0	1
chr4.24335404.24335622	pos	0	1	1	1	0	1	1	0	1	1	1
chr4.24504177.24504277	pos	0	1	1	1	0	1	1	0	0	0	0
chr4.24890218.24890659	pos	1	1	0	1	1	0	1	0	1	1	0
chr4.25056417.25056570	pos	1	1	0	1	1	0	1	0	1	1	0
chr4.25087287.25087375	pos	0	0	0	0	0	0	1	0	1	0	0
chr4.25098476.25098558	pos	0	0	0	1	0	0	0	0	0	0	1
chr4.25114507.25114599	pos	1	1	1	1	1	1	1	1	1	0	0
chr4.25232594.25232694	pos	0	1	1	0	0	1	0	0	0	0	0
chr4.25315477.25315566	pos	0	1	1	1	1	0	1	1	0	1	1
chr4.25364819.25364973	pos	1	1	0	1	1	1	0	1	0	0	1
chr4.26180802.26180882	pos	0	0	1	0	0	0	1	0	1	0	0
chr4.26211307.26211820	pos	0	0	1	0	0	1	1	0	1	0	0
chr4.26398310.26398656	pos	1	1	0	0	1	1	0	1	0	0	1
chr4.26513021.26513093	pos	0	0	0	1	0	0	0	1	0	0	1
chr4.26591638.26591803	pos	0	0	0	0	0	0	0	0	1	0	0
chr4.26693454.26693527	pos	0	0	1	0	0	0	1	0	1	0	0
chr5.62773.63101	pos	0	1	0	0	1	1	1	1	1	0	1
chr5.124761.124924	pos	0	1	1	1	0	0	1	1	1	0	1
chr5.159646.159989	pos	0	1	0	1	1	1	0	1	0	0	1
chr5.186906.187058	pos	1	1	0	1	1	1	1	1	1	0	0
chr5.399483.399738	pos	0	0	0	0	0	0	1	0	0	1	0
chr5.2402256.2402326	pos	1	1	0	1	1	1	1	1	0	0	1
chr5.3079046.3079139	pos	1	1	1	1	1	1	1	1	1	1	0
chr5.3192467.3192844	pos	0	1	1	1	0	0	1	1	0	1	0
chr5.3227799.3228091	pos	1	1	0	1	1	0	0	1	0	1	0
chr5.3468726.3468829	pos	0	0	0	1	0	0	0	1	0	0	1
chr5.3866329.3866433	pos	1	1	0	1	1	1	0	1	0	1	0
chr5.4049167.4049596	pos	1	1	1	1	1	1	0	1	0	0	0
chr5.4710553.4710733	pos	0	1	0	0	0	1	1	1	0	1	0
chr5.4729917.4729997	pos	0	0	0	1	0	0	1	0	0	0	1
chr5.4744281.4744396	pos	0	1	1	1	1	1	1	1	0	1	1
chr5.4760940.4761160	pos	0	0	1	0	0	0	1	0	1	1	0
chr5.4804213.4804320	pos	1	1	0	1	1	0	1	0	0	1	0
chr5.4927010.4927312	pos	1	1	0	0	1	1	0	1	0	0	0
chr5.4939614.4939800	pos	1	1	1	1	1	1	1	1	1	0	0
chr5.5846565.5846740	pos	0	1	0	1	1	1	1	1	1	0	1
chr5.5875312.5875758	pos	0	1	0	1	1	1	0	1	0	0	1
chr5.6342887.6343019	pos	0	1	1	1	1	1	1	0	1	1	1
chr5.6618147.6618313	pos	0	1	1	1	1	0	1	0	1	1	1
chr5.6638434.6638860	pos	0	1	1	1	0	1	1	0	1	1	0
chr5.7472590.7472659	pos	1	1	1	1	1	1	0	1	1	0	1
chr5.7640858.7640962	pos	0	0	0	0	0	0	1	0	0	1	0
chr5.8534823.8534939	pos	0	1	0	1	0	0	0	1	0	1	0
chr5.8929277.8929340	pos	0	1	0	1	1	0	1	1	1	0	1
chr5.9238112.9238193	pos	0	1	1	1	0	0	1	0	1	1	0
chr5.9714714.9715533	pos	1	1	0	1	1	1	0	1	0	0	0
chr5.9904269.9904345	pos	0	0	0	0	0	0	1	0	1	0	0
chr5.10131915.10132417	pos	1	1	1	1	1	1	1	1	1	1	1
chr5.10286601.10286703	pos	0	1	0	1	1	0	1	0	1	0	0
chr5.10386306.10387038	pos	0	1	0	1	1	0	0	1	0	0	1
chr5.10643499.10643634	pos	0	0	1	0	0	0	1	0	1	0	0
chr5.10648864.10648995	pos	0	0	0	0	0	0	1	0	1	0	0
chr5.10649172.10649334	pos	0	0	0	0	0	0	1	0	1	0	0
chr5.10983134.10983351	pos	0	1	0	1	1	1	1	1	1	1	1
chr5.11402914.11403052	pos	0	1	1	1	1	0	0	1	0	1	0
chr5.11423271.11424398	pos	0	1	1	1	1	1	1	0	1	1	1
chr5.11424584.11424720	pos	0	1	1	1	1	1	1	0	1	1	1
chr5.11567912.11569660	pos	1	1	1	1	1	1	1	1	1	1	1
chr5.11570145.11571610	pos	1	1	1	1	1	1	1	1	1	1	1
chr5.11571800.11572098	pos	1	1	1	1	1	1	1	1	1	1	1
chr5.11572803.11572920	pos	0	1	1	1	1	1	1	1	1	1	1
chr5.11682573.11682682	pos	0	0	0	1	1	1	0	0	0	0	1
chr5.11950034.11950138	pos	1	1	1	1	1	0	1	1	1	1	0
chr5.12133842.12134087	pos	1	1	0	0	1	1	0	1	0	0	1
chr5.13196368.13196567	pos	0	1	1	1	1	0	1	1	1	1	1
chr5.13216830.13217102	pos	1	1	1	1	1	1	1	1	0	1	0
chr5.13302061.13302252	pos	0	0	1	0	0	0	1	0	0	1	0
chr5.13412363.13413176	pos	1	1	1	1	1	0	1	1	0	1	0
chr5.13416033.13416190	pos	1	1	1	1	1	1	0	1	0	1	0
chr5.13742627.13742863	pos	0	1	1	1	1	1	1	1	1	1	1
chr5.13902592.13902696	pos	0	0	1	0	0	0	1	0	1	0	0
chr5.14206125.14206214	pos	0	1	1	1	0	0	1	0	0	1	0
chr5.14354176.14354247	pos	0	0	1	0	0	0	1	0	1	1	0
chr5.14404598.14404716	pos	0	0	0	1	0	0	0	0	0	0	1
chr5.14989827.14990008	pos	1	1	1	1	1	0	0	1	0	1	0
chr5.15097693.15097793	pos	0	0	1	0	0	0	1	0	0	1	0
chr5.15486764.15486926	pos	1	1	0	1	1	1	0	1	0	1	0
chr5.15569041.15569107	pos	0	0	0	1	0	0	0	1	0	0	1
chr5.16222653.16222750	pos	0	0	0	1	0	0	0	0	1	1	0
chr5.16926467.16926546	pos	0	1	0	1	1	0	1	1	0	1	1
chr5.17025773.17025866	pos	0	1	1	0	1	0	1	0	0	0	0
chr5.17132841.17133321	pos	0	1	1	1	1	1	1	1	1	1	1
chr5.17652385.17652602	pos	0	1	1	1	1	1	1	1	1	0	0
chr5.17730901.17730975	pos	0	1	1	0	0	1	1	1	1	1	0
chr5.18245179.18245242	pos	0	0	0	0	0	0	1	0	0	1	0
chr5.18320950.18321023	pos	0	0	1	0	0	0	0	0	0	1	0
chr5.18615562.18615717	pos	0	1	0	1	0	0	1	1	0	1	0
chr5.19011671.19011744	pos	0	1	0	1	1	0	1	0	1	0	1
chr5.19195340.19195461	pos	0	0	1	0	0	0	1	0	1	0	0
chr5.19281649.19281816	pos	0	1	1	1	1	1	1	1	1	0	0
chr5.19903659.19903758	pos	0	0	0	0	0	0	1	0	1	0	0
chr5.20091110.20091258	pos	0	0	0	0	0	0	1	0	1	0	0
chr5.20444893.20445463	pos	1	1	1	0	1	1	0	1	0	0	1
chr5.20504710.20504910	pos	1	1	1	1	1	0	1	1	0	1	0
chr5.20780262.20780402	pos	1	1	0	1	1	1	1	1	1	0	0
chr5.21033022.21033536	pos	1	1	1	1	1	1	1	1	0	1	0
chr5.21199241.21199408	pos	0	1	1	1	1	1	1	1	1	1	1
chr5.21421312.21421469	pos	0	1	1	0	1	0	1	1	0	1	0
chr5.21771993.21772056	pos	1	1	0	1	1	1	0	1	0	1	1
chr5.21816968.21817237	pos	1	1	0	1	1	1	0	1	0	0	1
chr5.22488846.22488956	pos	0	0	1	1	1	1	1	0	1	1	1
chr5.22597486.22597591	pos	0	0	1	1	0	0	0	0	0	0	1
chr5.22791652.22791723	pos	1	1	0	1	1	0	1	0	1	1	0
chr5.22931395.22931538	pos	0	0	0	0	0	0	1	0	0	1	0
chr5.23018760.23018933	pos	0	1	1	1	1	1	1	1	0	1	1
chr5.23019771.23019960	pos	0	1	1	1	1	1	1	1	1	1	1
chr5.23350814.23350947	pos	0	1	1	1	1	0	1	1	0	1	0
chr5.23631228.23631353	pos	1	1	1	1	1	0	1	1	1	1	0
chr5.24245884.24246162	pos	1	1	1	1	1	1	0	1	0	0	1
chr5.24256671.24256865	pos	0	1	0	1	1	0	1	0	0	0	1
chr5.24413677.24413741	pos	0	0	1	1	1	0	0	1	0	0	1
chr5.24422515.24422685	pos	1	1	0	1	1	1	0	1	0	0	1
chr5.24476048.24476243	pos	1	1	1	0	0	1	1	0	0	1	0
chr5.24555924.24556736	pos	0	1	1	1	0	1	0	1	0	1	1
chr5.24626424.24626544	pos	0	0	1	0	0	0	1	0	1	0	0
chr5.25071575.25071730	pos	0	1	0	1	1	1	1	1	1	0	1
chr5.25241690.25241894	pos	0	0	1	0	0	0	1	0	0	1	0
chr5.25242598.25243291	pos	0	1	1	0	0	1	1	0	0	1	0
chr5.25555378.25555635	pos	1	1	0	1	1	0	1	1	1	1	0
chr5.25584865.25584971	pos	0	1	0	1	1	1	1	1	1	0	0
chr5.26009304.26009399	pos	0	1	0	1	1	0	0	1	0	0	1
chr5.26172489.26172795	pos	0	1	1	1	0	0	1	0	1	1	1
chr5.26247528.26247604	pos	0	0	0	0	0	0	1	0	1	0	0
chr5.26559137.26559248	pos	1	1	0	1	1	1	0	1	0	0	0
chr5.26647694.26647871	pos	0	0	1	1	1	0	1	1	1	0	1
chr5.26677367.26677506	pos	1	1	1	1	1	1	1	1	1	0	1
chr6.525835.525936	pos	0	1	1	1	0	0	1	0	1	1	1
chr6.577543.577928	pos	0	0	1	0	0	0	1	0	1	0	0
chr6.887750.888125	pos	0	1	0	1	1	1	1	1	1	0	1
chr6.931737.931842	pos	0	0	0	0	0	0	1	0	1	1	0
chr6.1097776.1097942	pos	1	1	0	1	1	0	1	1	1	1	0
chr6.1285272.1285361	pos	0	1	1	0	0	1	1	1	0	0	0
chr6.1417487.1417933	pos	0	0	0	0	0	0	1	0	1	0	0
chr6.1790646.1790957	pos	0	1	1	1	1	1	1	0	1	1	0
chr6.1945759.1945850	pos	0	1	1	1	1	1	1	1	1	1	1
chr6.2195655.2195731	pos	1	1	1	1	1	0	0	1	0	0	1
chr6.2547343.2547470	pos	0	1	0	0	1	1	1	0	0	1	0
chr6.2703946.2704048	pos	0	1	0	1	0	0	1	0	1	0	0
chr6.3328640.3328811	pos	1	1	1	1	1	1	1	1	1	0	0
chr6.3336821.3337371	pos	1	1	0	0	1	1	0	1	0	0	1
chr6.3398057.3398223	pos	1	1	0	1	1	0	0	0	0	1	0
chr6.3843002.3843177	pos	0	0	0	1	0	0	0	0	0	0	1
chr6.4185622.4185901	pos	0	1	0	1	1	1	1	1	1	1	0
chr6.4905259.4905377	pos	0	1	1	1	1	1	1	0	0	0	0
chr6.4961662.4961847	pos	0	0	0	0	0	0	1	0	1	1	0
chr6.5086430.5086548	pos	1	1	0	0	1	1	0	1	0	0	0
chr6.5555732.5555807	pos	0	0	0	1	0	0	0	0	0	0	1
chr6.5569885.5570174	pos	0	1	0	1	1	1	1	1	1	0	1
chr6.5591461.5591602	pos	0	0	1	0	0	0	1	0	1	1	0
chr6.5626131.5626355	pos	1	1	0	1	1	0	0	1	0	1	0
chr6.5681606.5681697	pos	0	1	0	1	0	0	1	1	0	1	0
chr6.5902242.5902323	pos	0	1	0	1	1	0	1	1	0	0	1
chr6.6018485.6018902	pos	0	1	1	1	1	1	1	1	1	1	1
chr6.6020241.6022787	pos	0	1	1	1	1	1	1	1	1	1	1
chr6.6026470.6027123	pos	0	1	1	0	0	1	1	0	1	1	0
chr6.6163075.6163738	pos	0	1	0	1	1	1	1	1	0	0	1
chr6.6354007.6354316	pos	0	0	0	0	0	0	1	0	0	0	0
chr6.6484996.6485174	pos	0	0	0	0	0	0	1	0	1	0	0
chr6.6583360.6583455	pos	0	0	1	0	0	0	1	0	1	0	0
chr6.6804364.6804484	pos	0	0	0	0	0	0	0	0	0	1	0
chr6.7059768.7059893	pos	0	0	0	0	0	0	1	0	0	1	0
chr6.7152261.7152359	pos	0	1	0	1	1	1	1	1	1	1	1
chr6.7264985.7265076	pos	1	1	0	1	1	1	0	0	0	1	0
chr6.7440267.7440562	pos	0	1	0	1	1	1	1	1	0	0	1
chr6.7894131.7894234	pos	0	0	1	0	0	1	1	0	0	0	0
chr6.8007690.8007943	pos	1	1	0	1	1	1	1	1	1	0	1
chr6.8112801.8112869	pos	0	1	0	0	0	0	1	1	0	1	0
chr6.8253434.8253697	pos	0	0	1	0	0	0	1	0	0	1	0
chr6.8654495.8654621	pos	1	1	0	1	1	0	0	1	1	0	1
chr6.8763692.8763943	pos	0	0	1	0	0	0	1	0	1	1	0
chr6.9088632.9089553	pos	1	1	1	1	1	1	1	1	1	1	1
chr6.9865548.9865814	pos	0	1	1	1	0	0	0	1	1	0	1
chr6.9969637.9969829	pos	0	0	1	0	0	0	1	0	1	0	0
chr6.10062713.10062857	pos	0	1	0	1	1	1	1	1	1	0	1
chr6.10689033.10689161	pos	0	0	1	0	0	0	1	0	1	0	0
chr6.10824272.10824453	pos	0	1	1	1	0	1	0	1	0	0	1
chr6.10826094.10826161	pos	0	0	1	1	0	0	0	1	0	0	1
chr6.11037140.11037228	pos	1	1	0	1	1	1	0	1	0	0	0
chr6.11327047.11327186	pos	1	1	0	1	1	1	1	1	1	0	0
chr6.11460950.11461127	pos	0	0	1	0	0	0	1	0	1	0	0
chr6.11779445.11780489	pos	0	1	1	1	1	1	0	1	0	1	1
chr6.12411545.12411714	pos	1	1	1	1	1	0	0	1	0	1	0
chr6.12580492.12580719	pos	0	1	1	1	0	0	1	0	1	0	0
chr6.12895525.12895622	pos	1	1	0	1	1	0	1	1	0	1	0
chr6.13480497.13480665	pos	1	0	0	0	0	0	0	0	0	0	0
chr6.13570746.13570916	pos	0	0	0	0	0	0	1	0	1	1	0
chr6.13628389.13628613	pos	0	1	0	0	0	0	1	0	1	1	0
chr6.13760151.13760589	pos	1	1	0	1	1	1	0	1	0	0	1
chr6.13905828.13906479	pos	1	0	0	0	1	1	0	1	0	0	1
chr6.13993631.13993840	pos	1	1	0	1	1	0	0	1	0	1	0
chr6.14175149.14175278	pos	1	0	1	1	1	1	0	1	0	0	1
chr6.14349708.14350678	pos	1	1	0	1	1	0	1	1	0	0	0
chr6.14499184.14499292	pos	0	0	1	0	0	0	1	0	1	0	0
chr6.14622758.14623065	pos	0	1	1	1	0	0	1	1	0	1	0
chr6.14751547.14751671	pos	0	0	0	0	0	0	1	0	1	1	0
chr6.15429742.15430008	pos	0	1	1	0	1	0	1	1	1	0	1
chr6.15444533.15444642	pos	0	0	1	0	0	0	1	0	1	0	0
chr6.15459109.15459187	pos	0	0	0	0	0	0	1	0	1	0	0
chr6.15966075.15966233	pos	1	0	0	0	1	1	0	0	0	0	1
chr6.16369736.16369800	pos	0	0	1	0	0	0	0	0	0	1	0
chr6.16425746.16425930	pos	0	1	0	1	1	1	1	1	0	1	1
chr6.18034060.18034199	pos	1	1	0	1	1	0	0	1	0	0	1
chr6.18099101.18099387	pos	0	1	0	1	1	1	1	1	0	0	1
chr6.18194877.18195013	pos	0	1	0	0	0	1	1	1	0	1	0
chr6.18476776.18476894	pos	0	0	1	0	0	0	1	0	1	0	0
chr6.18809755.18809874	pos	0	1	0	0	1	1	0	1	0	1	0
chr6.19542418.19542603	pos	1	1	1	1	1	0	0	1	0	1	0
chr6.19992835.19992981	pos	0	1	1	1	1	0	0	0	0	1	0
chr6.20315083.20315338	pos	0	1	1	1	1	0	0	1	1	1	1
chr6.20502740.20502818	pos	0	0	0	0	0	0	0	0	1	0	0
chr6.20929807.20929999	pos	0	1	1	1	1	1	0	1	0	0	1
chr6.21277574.21277656	pos	0	0	1	0	0	0	1	0	1	0	0
chr6.21626993.21627543	pos	0	1	1	1	1	1	1	0	1	1	1
chr6.21986765.21986918	pos	1	1	0	1	1	1	1	1	0	0	1
chr6.22544817.22544919	pos	0	0	0	1	1	0	0	1	0	0	1
chr6.22806484.22806566	pos	1	1	0	1	1	0	1	1	1	1	0
chr6.23009578.23009671	pos	0	1	1	1	1	1	0	1	0	1	0
chr6.23713402.23713528	pos	0	0	0	1	0	0	1	1	0	0	1
chr6.23744980.23745286	pos	0	1	1	1	1	1	1	1	1	1	1
chr6.23745492.23746792	pos	0	1	1	1	1	1	1	1	1	1	1
chr6.23810422.23810561	pos	0	0	1	0	0	0	1	0	1	0	0
chr7.391843.391956	pos	0	0	1	1	0	1	1	0	1	0	0
chr7.492442.492914	pos	0	1	1	1	1	0	1	1	1	0	1
chr7.914751.914819	pos	0	0	0	0	0	0	0	0	0	0	0
chr7.1204822.1205117	pos	0	1	1	1	1	1	1	1	1	0	1
chr7.1290532.1291045	pos	0	1	1	1	1	1	1	1	1	1	1
chr7.1706467.1706572	pos	1	1	1	1	1	1	1	1	0	1	0
chr7.2256526.2256791	pos	0	1	0	1	1	1	0	1	1	0	1
chr7.2258006.2258133	pos	0	0	0	0	0	0	1	0	1	0	0
chr7.2545724.2545840	pos	0	1	1	0	0	0	1	0	1	0	0
chr7.3134154.3134329	pos	0	0	0	0	0	0	1	0	1	0	0
chr7.3306661.3306768	pos	0	0	1	0	0	0	1	0	1	1	0
chr7.3572186.3572296	pos	1	1	1	1	1	0	0	1	0	1	0
chr7.3898000.3898105	pos	1	1	0	1	1	0	1	1	0	1	0
chr7.4121123.4121190	pos	0	0	0	1	0	0	1	0	1	0	0
chr7.4274693.4274818	pos	0	1	1	0	0	0	1	0	1	0	0
chr7.4728363.4728634	pos	0	0	1	0	0	0	1	0	1	1	0
chr7.5003199.5003786	pos	0	1	1	1	0	1	0	0	0	1	1
chr7.5907551.5908109	pos	1	1	0	1	1	1	0	0	0	1	0
chr7.6471515.6471614	pos	0	1	0	1	1	0	0	1	0	1	0
chr7.6773464.6773547	pos	0	0	1	0	0	0	1	0	1	0	0
chr7.7039444.7039605	pos	1	1	0	1	1	0	0	1	0	1	0
chr7.7471013.7471122	pos	0	1	0	0	0	0	1	1	1	1	1
chr7.7528953.7529055	pos	0	0	0	0	0	0	1	0	1	0	0
chr7.8372763.8373086	pos	1	1	0	0	1	1	0	0	0	0	0
chr7.8411666.8412149	pos	1	1	0	0	1	1	0	1	0	0	0
chr7.8763283.8763367	pos	0	0	0	0	0	0	1	0	1	0	0
chr7.9350973.9351216	pos	1	1	0	1	1	1	0	1	0	0	1
chr7.9461483.9462752	pos	0	1	1	0	1	1	0	1	0	0	1
chr7.9698810.9699325	pos	0	1	0	1	1	1	1	1	1	1	1
chr7.9863720.9863846	pos	0	0	0	0	0	0	1	0	0	1	0
chr7.10016223.10016355	pos	0	1	0	1	0	0	1	0	1	0	0
chr7.10173976.10174053	pos	0	1	1	1	0	0	1	0	1	1	1
chr7.10681845.10681975	pos	0	0	1	0	0	0	1	0	1	0	0
chr7.10868286.10868393	pos	0	0	0	0	0	0	1	0	1	0	0
chr7.10888232.10888572	pos	0	1	0	1	1	1	0	1	0	0	1
chr7.11032648.11032757	pos	0	0	1	1	1	0	0	1	0	0	1
chr7.11140871.11140940	pos	0	1	0	1	0	0	1	1	1	0	0
chr7.11556116.11556187	pos	0	0	1	1	0	0	1	0	1	0	0
chr7.11628516.11628630	pos	0	0	1	0	0	0	1	0	1	0	0
chr7.11691943.11692052	pos	0	1	0	1	1	0	1	0	1	0	1
chr7.12115824.12116167	pos	1	1	1	1	1	1	1	0	0	1	1
chr7.12218235.12218409	pos	1	1	1	1	0	1	1	1	0	0	0
chr7.12378545.12378616	pos	1	1	1	1	1	0	1	1	1	1	1
chr7.12569225.12569419	pos	0	0	0	1	0	0	1	0	1	0	0
chr7.12853274.12853415	pos	0	1	0	0	0	0	1	1	1	0	0
chr7.13664400.13664600	pos	0	0	1	0	0	0	1	0	1	0	0
chr7.13790792.13791040	pos	0	1	0	1	1	0	1	1	1	0	1
chr7.13806186.13806339	pos	0	0	0	0	0	0	1	0	0	1	0
chr7.13975559.13976085	pos	0	1	1	1	1	1	1	1	1	1	1
chr7.15239460.15240097	pos	1	1	1	1	1	1	1	1	1	1	1
chr7.15396648.15396984	pos	0	0	0	0	0	0	1	0	1	0	0
chr7.15515996.15516148	pos	0	0	0	1	1	1	1	1	1	0	1
chr7.15897472.15897627	pos	0	0	1	0	0	0	1	0	1	0	0
chr7.16162129.16162575	pos	1	1	0	1	1	1	0	1	0	0	1
chr7.16553894.16553988	pos	0	1	1	0	0	0	1	1	1	1	0
chr7.16635887.16635986	pos	0	1	1	1	1	1	1	1	1	1	1
chr7.17013152.17013220	pos	0	1	1	1	1	0	1	0	1	1	1
chr7.17713603.17713708	pos	0	0	1	0	0	0	1	0	1	0	0
chr7.18107717.18107830	pos	0	0	0	0	0	1	0	0	0	0	1
chr7.18256580.18256677	pos	1	1	1	1	1	1	1	1	1	0	1
chr7.19472344.19472543	pos	0	1	1	1	1	1	1	1	0	0	1
chr7.19486750.19487112	pos	0	0	1	0	0	0	1	0	1	0	0
chr7.19629155.19629277	pos	0	0	0	0	0	0	1	0	1	0	0
chr7.19751685.19751836	pos	0	0	0	0	0	0	1	0	1	0	0
chr7.19754962.19755058	pos	0	1	0	0	1	1	1	0	0	0	0
chr7.20035423.20035587	pos	1	1	0	1	1	1	1	1	1	0	1
chr7.20797759.20797880	pos	0	0	1	1	0	0	0	1	0	0	1
chr7.20940604.20941027	pos	0	1	1	0	0	0	1	0	0	1	0
chr7.21696942.21697008	pos	0	1	1	0	0	0	1	0	1	0	0
chr7.21856464.21856920	pos	0	1	0	1	1	1	1	1	1	0	1
chr8.81496.81727	pos	0	0	0	0	0	0	1	0	1	0	0
chr8.168644.169087	pos	0	1	1	1	1	1	1	1	1	0	1
chr8.250417.250650	pos	0	0	1	1	1	1	1	0	1	1	0
chr8.250864.250985	pos	0	0	1	1	1	1	1	0	1	1	0
chr8.261575.261657	pos	0	0	1	0	0	0	1	0	1	0	0
chr8.988313.988405	pos	0	0	1	0	0	0	1	0	1	0	0
chr8.1474048.1474193	pos	0	0	1	0	0	0	1	0	1	1	0
chr8.2459555.2460259	pos	1	1	0	1	1	0	0	1	0	1	0
chr8.2484789.2485189	pos	0	1	0	0	1	1	0	0	0	0	1
chr8.2578256.2578566	pos	0	0	1	1	1	0	1	0	1	1	0
chr8.2593421.2593533	pos	1	1	0	1	1	0	0	1	1	0	0
chr8.2609653.2609980	pos	0	1	1	1	1	1	1	1	1	0	0
chr8.2893037.2893136	pos	0	1	0	1	1	1	1	1	0	1	1
chr8.3016097.3016199	pos	0	1	1	0	0	1	1	0	0	0	0
chr8.3307281.3307392	pos	0	1	1	0	0	1	1	0	1	1	0
chr8.3665663.3665856	pos	0	1	1	1	1	1	1	1	1	0	0
chr8.3793949.3794016	pos	0	0	0	0	0	0	1	0	1	0	0
chr8.3980376.3980454	pos	0	0	0	0	0	0	1	0	1	0	0
chr8.4307561.4307661	pos	0	1	1	1	1	0	1	0	1	1	0
chr8.4707373.4707553	pos	0	1	1	0	0	1	1	0	0	1	0
chr8.5455836.5455929	pos	0	1	1	1	1	1	1	1	1	1	1
chr8.5797511.5798088	pos	0	1	1	1	1	1	1	0	1	1	1
chr8.6359350.6359621	pos	0	0	1	0	0	1	1	0	0	0	0
chr8.6623472.6623626	pos	0	0	0	0	0	0	0	0	1	0	0
chr8.6650446.6650685	pos	0	0	1	0	0	0	1	0	1	0	0
chr8.6912169.6912648	pos	0	0	1	0	0	0	1	0	1	1	0
chr8.7082682.7082782	pos	1	1	0	1	1	1	1	1	1	0	0
chr8.7096974.7097073	pos	0	0	0	0	0	0	1	0	1	0	0
chr8.7145760.7145974	pos	0	1	0	1	1	1	0	1	0	0	1
chr8.7725050.7725205	pos	0	0	0	0	0	0	1	0	1	0	0
chr8.7830791.7830881	pos	0	0	0	1	0	0	0	1	0	0	1
chr8.8031259.8031406	pos	0	1	1	1	1	0	1	1	1	0	1
chr8.8767750.8768036	pos	0	0	1	0	0	0	1	0	1	0	0
chr8.9031966.9032220	pos	0	1	0	1	1	1	0	1	0	0	0
chr8.9230959.9231098	pos	0	0	1	0	0	0	1	0	1	0	0
chr8.9671725.9671940	pos	0	1	0	1	1	1	1	1	1	0	1
chr8.9713011.9713405	pos	0	1	1	0	0	1	1	0	1	1	0
chr8.9842101.9842236	pos	1	1	0	0	1	1	0	1	0	0	0
chr8.9887992.9888062	pos	0	0	1	0	0	0	1	0	1	0	0
chr8.10692614.10692682	pos	0	0	0	0	0	0	1	0	1	0	0
chr8.11013068.11013328	pos	0	0	0	0	0	1	1	1	0	1	0
chr8.11674498.11674580	pos	1	1	1	1	1	1	1	0	0	1	0
chr8.11675549.11675617	pos	0	1	1	1	0	0	1	0	0	1	0
chr8.11823219.11823834	pos	0	1	1	1	1	1	1	1	1	1	1
chr8.12273057.12273221	pos	0	1	0	0	1	1	1	1	1	0	1
chr8.12853675.12853799	pos	0	0	1	0	0	0	1	0	1	0	0
chr8.13012873.13012941	pos	0	0	1	0	0	0	1	0	1	1	0
chr8.13602637.13602751	pos	0	1	0	1	1	1	1	0	1	0	1
chr8.13786773.13786934	pos	1	1	0	0	1	1	0	1	0	1	1
chr8.13796922.13797140	pos	0	1	1	1	1	1	1	1	1	1	1
chr8.14330753.14330982	pos	0	0	1	0	0	0	1	0	1	0	0
chr8.14769129.14769572	pos	1	1	1	1	1	1	1	1	0	0	1
chr8.15016995.15017217	pos	0	1	1	1	0	0	1	0	1	0	0
chr8.15177505.15177613	pos	1	1	0	1	1	0	1	1	1	1	0
chr8.15234044.15234234	pos	0	0	1	0	0	0	1	0	1	0	0
chr8.15427053.15427303	pos	1	1	1	1	1	0	0	1	0	1	0
chr8.17132335.17132823	pos	0	0	1	0	0	0	1	0	0	1	0
chr8.17132936.17133125	pos	0	0	1	0	0	0	1	0	0	1	0
chr8.17733250.17733332	pos	0	1	1	0	1	1	1	0	0	0	0
chr8.18202383.18202479	pos	0	0	0	0	0	1	0	1	0	1	0
chr8.18385527.18385642	pos	0	1	1	0	0	0	1	0	1	0	1
chr8.18778828.18778907	pos	0	0	0	0	0	0	0	0	0	0	0
chr8.19146996.19147080	pos	0	0	1	1	0	0	0	1	0	0	1
chr8.19796027.19796144	pos	0	0	0	0	0	0	1	0	1	0	0
chr8.20175483.20175546	pos	0	0	1	0	0	0	1	0	1	0	0
chr8.20194112.20194263	pos	0	0	0	0	0	0	1	0	1	0	0
chr8.20328076.20328215	pos	0	0	0	0	0	0	1	0	1	0	0
chr8.20398120.20398258	pos	1	1	0	1	1	0	0	1	0	1	0
chr8.20446489.20446703	pos	0	1	0	1	1	0	0	1	0	1	0
chr8.20504227.20504636	pos	0	1	1	1	0	1	1	0	1	1	1
chr8.20544717.20544850	pos	0	1	1	1	1	0	1	0	1	1	1
chr8.20915365.20915504	pos	1	1	0	1	1	0	1	1	0	1	0
chr8.21164998.21165203	pos	0	1	0	1	1	0	1	1	1	0	1
chrU.127601.127764	pos	0	0	0	0	0	0	0	0	0	0	0
chrU.256247.256344	pos	0	0	0	0	0	0	0	0	0	0	0
chrU.756518.756582	pos	0	0	0	0	0	0	0	0	0	0	0
chrU.1776806.1777052	pos	0	0	0	0	0	0	0	0	0	0	0
chrU.1793742.1794110	pos	0	0	0	0	0	0	0	0	0	0	0
chrU.2969655.2970034	pos	0	0	0	0	0	0	0	0	0	0	0
chrU.3440059.3440163	pos	0	0	1	0	0	0	0	0	0	0	0
chrU.3440658.3440732	pos	0	0	1	0	0	0	0	0	0	0	0
chrU.3845129.3845252	pos	0	0	0	0	0	0	0	0	0	0	0
chrU.4022100.4022173	pos	0	0	0	0	0	0	0	0	0	0	0
chrU.4309971.4310335	pos	0	0	1	0	0	0	0	0	0	0	0
chrU.4419115.4419311	pos	0	0	0	0	0	0	0	0	0	0	0
chrV.207943.208062	pos	0	0	0	0	0	0	1	0	1	0	1
chrV.244593.244781	pos	0	0	1	0	0	0	1	0	1	0	0
chrV.1305556.1305644	pos	0	0	0	0	0	0	1	0	1	0	0
chrV.1351649.1352056	pos	0	0	1	0	0	0	1	0	1	0	0
chrV.1632218.1632283	pos	0	0	0	1	0	0	0	0	0	0	1
chrV.1667667.1667859	pos	0	1	0	0	1	1	1	1	1	0	1
chrV.1900184.1900324	pos	0	0	0	0	0	0	1	1	1	0	0
chrV.2029897.2030170	pos	0	1	1	1	1	1	1	1	1	0	1
chrV.2276773.2276859	pos	0	0	1	1	0	0	0	0	0	0	1
chrV.2316931.2317035	pos	0	0	0	0	0	0	1	0	1	0	0
chrV.3090072.3090282	pos	0	0	1	0	0	0	1	0	1	0	0
chrV.3403298.3403361	pos	0	0	0	0	0	0	1	0	1	0	0
chrV.3456957.3457122	pos	0	0	0	0	0	0	1	0	1	0	0
chrV.3472420.3472560	pos	0	0	0	0	0	0	1	0	1	0	0
chrV.3608225.3608384	pos	0	0	0	0	0	0	1	0	1	0	0
chrV.3783816.3783915	pos	0	0	1	0	0	0	1	0	1	0	0
chrV.4080147.4080221	pos	0	0	1	1	0	0	0	0	0	0	1
chrV.4099879.4100292	pos	0	1	1	1	1	0	1	1	1	0	1
chrV.4175490.4175569	pos	0	0	0	0	0	0	1	0	1	0	0
chrV.4296348.4296499	pos	0	0	0	0	0	0	1	0	1	0	0
chrV.4317858.4318060	pos	0	1	1	0	1	1	1	1	1	0	1
chrV.4551239.4551302	pos	0	0	0	0	0	0	1	0	1	0	0
chrV.4572348.4572791	pos	0	1	1	1	0	0	1	0	1	1	0
chrV.5889834.5889897	pos	0	0	0	0	0	0	1	0	1	0	0
chrV.5950381.5950519	pos	0	0	0	0	0	0	1	0	1	0	0
chrV.6135525.6135816	pos	0	1	1	1	1	1	1	1	1	0	1
chrV.6208445.6208687	pos	0	0	0	0	0	0	1	0	1	0	1
chrV.7016553.7020140	pos	1	1	1	1	1	1	1	1	1	1	1
chrV.7021661.7022094	pos	1	1	1	1	1	1	1	1	1	1	1
chrV.7395203.7396734	pos	1	0	1	1	1	1	1	1	1	1	1
chrV.7396808.7397237	pos	1	0	1	1	1	1	1	1	1	1	1
chrV.7397677.7397935	pos	1	0	1	1	1	1	1	1	1	1	1
chrV.7398160.7400077	pos	1	0	1	1	1	1	1	1	1	1	1
chrV.7404076.7404474	pos	1	0	1	1	1	1	1	1	1	1	1
chrV.7408048.7409441	pos	1	0	1	1	1	1	1	1	1	1	1
unplaced-scaffold_056.5020.5093	pos	0	1	0	1	1	0	0	0	0	1	0
unplaced-scaffold_056.8605.8979	pos	0	1	1	1	1	0	0	1	0	1	0
unplaced-scaffold_250.16488.16632	pos	1	1	1	1	1	1	1	1	1	1	1
chr1.60000.60500	neg	0	0	0	0	0	0	0	0	0	0	0
chr1.158500.159000	neg	0	0	0	0	0	0	0	0	0	0	0
chr1.159000.159500	neg	0	0	0	0	0	0	0	0	0	0	0
chr1.400000.400500	neg	0	1	1	1	1	0	1	1	1	0	1
chr1.498000.498500	neg	0	0	0	0	0	0	1	0	1	0	0
chr1.736500.737000	neg	1	1	1	1	1	1	1	1	1	0	0
chr1.749500.750000	neg	0	0	1	0	0	1	1	0	1	0	0
chr1.1327000.1327500	neg	0	1	0	1	1	1	1	1	1	0	1
chr1.1747500.1748000	neg	0	0	1	0	0	0	1	0	1	0	0
chr1.2031000.2031500	neg	1	1	0	1	0	0	1	1	1	0	0
chr1.2718000.2718500	neg	0	0	0	0	0	0	0	0	0	0	0
chr1.3050500.3051000	neg	0	0	1	0	0	0	1	0	1	0	0
chr1.3345000.3345500	neg	0	0	0	0	0	0	1	0	1	0	0
chr1.3540500.3541000	neg	0	1	0	0	0	0	1	0	0	0	0
chr1.3604000.3604500	neg	0	1	0	1	1	1	1	1	0	0	1
chr1.3703500.3704000	neg	0	1	1	0	0	1	1	1	0	0	0
chr1.3952500.3953000	neg	0	0	0	0	0	0	1	0	1	0	0
chr1.4317000.4317500	neg	0	1	0	1	0	0	1	0	1	0	1
chr1.4520500.4521000	neg	0	1	0	0	0	0	1	0	1	0	0
chr1.4521000.4521500	neg	0	1	0	0	0	0	1	0	1	0	0
chr1.4661000.4661500	neg	0	1	0	0	0	0	1	0	1	0	1
chr1.4715000.4715500	neg	0	1	1	1	1	1	1	0	1	0	1
chr1.5023000.5023500	neg	0	1	0	1	1	1	1	1	1	0	1
chr1.5047000.5047500	neg	1	1	0	1	1	1	1	1	0	1	0
chr1.5107500.5108000	neg	0	0	0	0	0	0	1	0	1	0	1
chr1.5460500.5461000	neg	0	1	0	1	1	1	1	1	1	0	1
chr1.5617500.5618000	neg	0	0	1	0	0	0	1	0	1	0	0
chr1.5618500.5619000	neg	0	1	0	1	1	1	1	1	1	0	1
chr1.6448500.6449000	neg	0	0	0	1	0	0	1	1	1	0	1
chr1.6509000.6509500	neg	0	1	1	1	0	0	1	0	1	0	1
chr1.6790000.6790500	neg	1	0	0	0	1	0	0	0	0	1	0
chr1.6910000.6910500	neg	0	1	0	1	1	1	1	1	1	0	1
chr1.7056000.7056500	neg	0	0	1	1	1	1	1	0	1	0	1
chr1.7853000.7853500	neg	0	0	1	0	0	0	1	0	1	0	0
chr1.8050000.8050500	neg	0	1	1	0	1	0	1	1	1	0	1
chr1.8067000.8067500	neg	0	1	0	1	0	0	1	1	1	0	1
chr1.8814500.8815000	neg	0	0	0	0	0	1	1	0	1	0	0
chr1.9106000.9106500	neg	0	1	0	1	1	1	1	1	1	0	1
chr1.9125000.9125500	neg	0	1	0	0	1	0	1	1	1	0	1
chr1.10576500.10577000	neg	0	1	1	0	0	0	1	0	1	0	0
chr1.10751500.10752000	neg	0	0	1	0	0	0	1	0	1	0	0
chr1.11360000.11360500	neg	0	1	0	1	0	0	1	0	0	0	1
chr1.11378500.11379000	neg	0	0	0	0	0	0	1	0	1	0	0
chr1.11668000.11668500	neg	1	1	0	1	1	0	1	1	1	1	0
chr1.12256500.12257000	neg	1	1	0	1	1	0	0	1	0	0	1
chr1.12313000.12313500	neg	1	1	0	0	0	0	1	0	1	0	0
chr1.12313500.12314000	neg	1	1	0	0	1	0	1	1	1	0	0
chr1.13424500.13425000	neg	0	1	1	1	1	1	1	1	1	0	1
chr1.13661500.13662000	neg	0	0	0	0	0	0	1	0	1	0	0
chr1.13726500.13727000	neg	0	1	0	0	0	0	1	0	0	0	0
chr1.13727000.13727500	neg	0	0	0	0	0	0	1	0	0	0	0
chr1.13940000.13940500	neg	0	1	1	1	0	0	1	1	1	0	1
chr1.14651000.14651500	neg	1	0	0	0	0	0	1	0	1	0	0
chr1.14866500.14867000	neg	0	1	1	1	1	1	1	1	1	0	1
chr1.15055500.15056000	neg	0	1	0	1	1	1	1	1	1	0	1
chr1.15287000.15287500	neg	0	1	1	1	1	1	1	0	1	0	1
chr1.15356000.15356500	neg	0	0	1	0	0	0	1	0	1	0	0
chr1.15503000.15503500	neg	0	1	0	1	1	1	1	1	0	0	1
chr1.15507500.15508000	neg	0	1	1	1	0	1	1	0	0	0	1
chr1.15696500.15697000	neg	0	1	0	1	1	1	1	1	0	1	1
chr1.16043500.16044000	neg	1	1	1	1	0	0	1	1	0	0	0
chr1.16077500.16078000	neg	1	1	0	0	1	1	1	1	1	1	0
chr1.16408500.16409000	neg	1	1	1	1	1	0	0	0	0	1	0
chr1.16778500.16779000	neg	0	1	1	1	0	0	1	0	1	0	1
chr1.17265500.17266000	neg	0	1	1	0	0	0	1	1	1	0	1
chr1.17483000.17483500	neg	0	0	1	0	0	0	1	0	1	0	0
chr1.17644500.17645000	neg	0	0	0	0	0	0	1	1	1	0	0
chr1.17699000.17699500	neg	0	1	0	1	1	1	1	1	1	0	1
chr1.17833500.17834000	neg	0	0	1	0	0	0	1	0	1	0	0
chr1.17866500.17867000	neg	1	1	1	1	1	1	1	1	1	0	1
chr1.17925000.17925500	neg	0	0	1	0	0	1	1	0	1	0	0
chr1.18213500.18214000	neg	0	1	1	0	1	1	1	1	1	0	1
chr1.18590000.18590500	neg	0	1	1	1	1	1	1	1	1	0	0
chr1.18637000.18637500	neg	1	1	1	1	1	0	0	1	0	1	0
chr1.18638000.18638500	neg	0	0	1	1	0	0	1	0	0	1	0
chr1.21224000.21224500	neg	0	1	1	1	1	1	1	0	1	0	1
chr1.21252500.21253000	neg	1	1	0	1	1	1	0	1	0	0	1
chr1.21377500.21378000	neg	0	0	1	1	0	0	1	0	1	0	0
chr1.21522000.21522500	neg	0	1	0	1	1	1	1	1	1	0	1
chr1.21566000.21566500	neg	0	0	1	0	0	1	1	0	1	0	0
chr1.21600500.21601000	neg	0	1	0	0	0	0	1	0	1	0	0
chr1.21966500.21967000	neg	0	1	1	1	1	1	1	1	1	0	1
chr1.22129000.22129500	neg	0	0	0	0	0	0	1	0	1	0	0
chr1.22695000.22695500	neg	0	1	0	1	1	1	1	0	1	0	1
chr1.23685500.23686000	neg	0	1	0	1	1	1	1	0	1	0	1
chr1.23784500.23785000	neg	0	0	1	0	0	0	1	0	1	0	0
chr1.24070500.24071000	neg	0	0	0	0	0	0	1	0	1	0	1
chr1.24249500.24250000	neg	0	1	0	1	1	1	1	1	0	0	1
chr1.24779500.24780000	neg	0	1	1	1	1	1	1	1	1	0	1
chr1.25400000.25400500	neg	0	1	1	1	1	1	1	0	1	0	1
chr1.25651500.25652000	neg	0	1	0	0	0	0	1	0	1	0	1
chr1.25753000.25753500	neg	1	1	0	1	1	1	1	1	1	1	0
chr1.25778000.25778500	neg	0	0	0	0	0	0	1	0	0	1	0
chr1.26089000.26089500	neg	1	1	0	1	1	1	0	1	0	1	1
chr1.26123500.26124000	neg	1	1	0	1	1	1	0	1	0	0	1
chr1.26152000.26152500	neg	0	0	1	0	0	0	1	0	1	0	0
chr1.26214000.26214500	neg	0	1	1	1	0	1	1	1	0	0	1
chr1.26237500.26238000	neg	0	1	0	0	1	0	1	0	1	0	1
chr1.26662500.26663000	neg	0	0	1	1	1	1	0	1	0	0	1
chr1.26976500.26977000	neg	0	1	0	1	1	0	0	1	0	0	1
chr1.27030500.27031000	neg	1	1	1	1	1	1	1	1	1	0	1
chr1.27031000.27031500	neg	0	1	0	1	1	0	1	0	1	0	1
chr1.27376000.27376500	neg	0	1	0	1	1	1	1	1	1	0	1
chr1.27526000.27526500	neg	0	1	0	1	1	1	1	1	1	0	1
chr1.27851500.27852000	neg	1	1	0	1	1	1	1	1	1	0	1
chr1.28400500.28401000	neg	1	1	0	1	1	0	1	1	0	1	0
chr1.29101500.29102000	neg	0	0	0	0	0	0	1	0	1	1	0
chr1.29892500.29893000	neg	1	1	0	1	1	1	0	1	1	0	0
chr1.30137000.30137500	neg	0	0	1	0	0	0	1	0	1	0	0
chr1.30298500.30299000	neg	0	0	0	0	0	0	1	0	1	0	0
chr1.30472500.30473000	neg	0	0	0	0	0	0	1	0	1	0	0
chr1.30535500.30536000	neg	0	1	1	1	1	1	1	1	1	0	1
chr2.664500.665000	neg	0	1	1	1	1	1	1	1	1	0	0
chr2.756500.757000	neg	0	1	1	1	1	0	1	0	1	0	1
chr2.933500.934000	neg	0	1	0	1	1	0	1	0	1	0	1
chr2.1053000.1053500	neg	0	1	1	1	1	1	1	1	1	0	1
chr2.1574000.1574500	neg	0	1	0	0	1	1	1	0	1	0	0
chr2.1854000.1854500	neg	0	0	0	0	0	0	0	0	0	0	0
chr2.1947000.1947500	neg	0	1	0	1	1	1	1	1	0	1	1
chr2.2111000.2111500	neg	0	1	1	0	1	0	1	1	1	1	1
chr2.2122500.2123000	neg	1	1	0	1	1	0	1	1	0	1	0
chr2.2177000.2177500	neg	0	1	1	1	1	1	1	1	1	1	1
chr2.2602500.2603000	neg	0	0	1	0	0	0	1	0	0	1	0
chr2.3213500.3214000	neg	1	1	0	1	1	0	0	1	1	0	0
chr2.3232500.3233000	neg	0	0	0	0	0	0	1	0	1	0	0
chr2.3240000.3240500	neg	0	1	0	1	0	1	1	0	1	0	0
chr2.3608500.3609000	neg	0	1	0	1	1	1	1	0	1	0	1
chr2.3789000.3789500	neg	1	1	0	1	1	0	0	1	0	1	0
chr2.3884000.3884500	neg	0	1	0	1	1	0	0	1	0	1	0
chr2.3997000.3997500	neg	0	1	1	1	1	1	1	1	1	0	1
chr2.4040000.4040500	neg	0	1	0	1	0	0	1	1	0	0	1
chr2.4608500.4609000	neg	1	1	0	1	1	0	0	1	0	0	0
chr2.5052000.5052500	neg	0	0	0	1	0	0	1	1	1	0	1
chr2.5923000.5923500	neg	0	0	1	0	0	0	1	0	0	0	0
chr2.6309500.6310000	neg	0	1	0	0	0	0	1	0	0	1	0
chr2.6446000.6446500	neg	1	1	1	1	1	1	1	1	0	0	1
chr2.6465500.6466000	neg	0	1	1	0	0	0	1	0	1	0	1
chr2.6564500.6565000	neg	1	1	0	1	1	1	0	1	0	0	1
chr2.6629000.6629500	neg	0	0	0	0	0	0	0	0	0	1	0
chr2.6750500.6751000	neg	1	1	1	0	0	0	1	1	0	1	0
chr2.6765000.6765500	neg	1	1	0	1	1	0	0	1	0	1	0
chr2.6779000.6779500	neg	0	0	0	0	0	0	0	0	0	1	0
chr2.6787000.6787500	neg	0	1	0	0	0	0	0	0	0	1	0
chr2.6798500.6799000	neg	1	0	0	0	1	0	0	0	0	1	0
chr2.6834000.6834500	neg	0	1	0	0	1	1	0	1	0	0	0
chr2.6904500.6905000	neg	1	1	0	1	1	1	0	1	0	1	0
chr2.6908000.6908500	neg	1	1	1	0	1	1	1	0	0	1	0
chr2.7088500.7089000	neg	1	1	1	1	1	0	0	0	0	1	0
chr2.7779000.7779500	neg	0	0	0	0	0	0	1	0	0	1	0
chr2.7982000.7982500	neg	0	0	1	1	0	1	1	1	0	0	1
chr2.8033500.8034000	neg	0	1	0	1	1	1	1	1	0	0	1
chr2.8757000.8757500	neg	0	1	0	0	0	0	1	1	1	0	1
chr2.8824500.8825000	neg	0	1	1	1	1	0	1	0	1	1	1
chr2.8929500.8930000	neg	0	1	1	1	0	1	1	0	0	0	0
chr2.9183500.9184000	neg	0	1	0	0	1	1	1	1	1	0	1
chr2.9226000.9226500	neg	1	1	1	1	1	1	1	1	1	0	1
chr2.10005000.10005500	neg	0	0	0	0	0	0	0	0	0	1	0
chr2.10251000.10251500	neg	1	1	1	1	1	1	1	1	0	0	1
chr2.10366500.10367000	neg	1	1	1	1	1	1	1	1	0	0	1
chr2.10804000.10804500	neg	0	1	0	1	1	1	1	1	1	0	1
chr2.10957000.10957500	neg	0	1	0	1	1	1	1	1	1	0	0
chr2.11138000.11138500	neg	1	1	0	1	1	1	1	1	1	0	0
chr2.11504500.11505000	neg	1	1	1	1	1	0	0	1	0	0	0
chr2.11536000.11536500	neg	1	1	1	1	1	1	0	1	0	0	0
chr2.12072500.12073000	neg	1	1	1	1	1	1	0	1	0	0	0
chr2.12219500.12220000	neg	0	0	1	1	0	0	1	0	1	0	0
chr2.12603500.12604000	neg	0	1	1	1	1	1	1	1	1	0	1
chr2.13322000.13322500	neg	0	1	0	1	1	1	0	1	0	0	1
chr2.13587000.13587500	neg	0	0	1	0	0	0	1	0	1	0	0
chr2.13801000.13801500	neg	1	1	0	1	1	1	1	0	0	0	0
chr2.14059000.14059500	neg	0	1	0	0	1	1	1	1	1	0	0
chr2.14059500.14060000	neg	0	0	0	0	0	0	1	0	1	0	0
chr2.14645500.14646000	neg	1	1	0	1	1	1	0	1	1	1	0
chr2.14670500.14671000	neg	0	0	1	0	0	0	1	0	1	0	0
chr2.15272500.15273000	neg	1	1	1	1	1	0	0	0	0	1	0
chr2.15642000.15642500	neg	1	1	0	0	1	1	1	0	0	1	0
chr2.15654500.15655000	neg	0	1	1	1	1	0	0	1	0	1	0
chr2.15809000.15809500	neg	1	1	0	0	0	0	1	0	0	0	0
chr2.15922500.15923000	neg	1	1	1	1	1	1	1	1	1	0	1
chr2.16156000.16156500	neg	0	1	0	1	0	1	1	0	0	0	1
chr2.16343500.16344000	neg	0	1	0	1	1	0	1	1	0	1	0
chr2.16438000.16438500	neg	0	1	1	1	0	0	1	1	0	0	1
chr2.16768500.16769000	neg	0	1	1	0	1	0	1	0	1	0	1
chr2.17749000.17749500	neg	1	1	0	1	1	1	1	1	0	0	0
chr2.18001500.18002000	neg	0	1	1	1	1	1	1	1	0	0	1
chr2.18120000.18120500	neg	0	1	1	0	0	0	1	0	1	0	0
chr2.18154500.18155000	neg	0	1	0	1	1	1	1	1	1	0	1
chr2.18508500.18509000	neg	1	1	0	0	1	1	0	1	0	0	0
chr2.18589000.18589500	neg	1	1	0	1	1	1	0	1	0	0	1
chr2.18678500.18679000	neg	0	1	0	1	1	1	1	0	1	0	0
chr2.18998500.18999000	neg	0	1	1	0	0	0	1	0	0	0	1
chr2.19136500.19137000	neg	1	1	1	1	1	1	1	0	0	0	1
chr2.19563000.19563500	neg	1	1	0	1	1	0	0	1	1	1	0
chr2.19663000.19663500	neg	0	1	0	1	1	0	1	0	1	0	1
chr2.19808500.19809000	neg	1	1	1	1	1	1	1	1	1	1	1
chr2.20005000.20005500	neg	1	1	0	1	1	0	0	1	0	1	0
chr2.20168500.20169000	neg	0	0	0	0	0	0	1	0	1	0	0
chr2.20240000.20240500	neg	1	1	0	1	1	0	0	1	0	1	0
chr2.20767500.20768000	neg	0	0	0	0	0	0	1	0	0	1	0
chr2.20848500.20849000	neg	1	1	0	1	1	0	0	0	0	1	0
chr2.21163500.21164000	neg	0	1	1	0	0	0	1	0	1	0	0
chr2.21415000.21415500	neg	0	1	0	1	0	1	1	0	1	1	1
chr2.21542000.21542500	neg	0	0	1	0	0	0	1	0	1	0	0
chr2.21596500.21597000	neg	1	1	1	1	1	1	1	1	0	0	1
chr2.21958000.21958500	neg	0	0	0	0	0	0	1	0	1	0	0
chr2.22537000.22537500	neg	0	1	1	1	1	0	1	1	0	1	0
chr2.23099500.23100000	neg	1	1	0	1	1	0	0	1	0	1	0
chr2.23294000.23294500	neg	0	1	0	0	0	0	1	1	1	0	0
chr2.23816000.23816500	neg	1	1	0	1	1	1	1	1	0	1	0
chr2.24001500.24002000	neg	1	1	0	0	1	0	0	0	0	1	0
chr2.24057500.24058000	neg	0	0	1	0	0	0	1	0	1	0	0
chr2.24081000.24081500	neg	1	1	0	1	1	1	1	0	0	0	1
chr2.24094500.24095000	neg	1	1	1	1	1	1	0	1	0	1	1
chr2.24134500.24135000	neg	1	1	1	1	1	0	0	0	0	1	0
chr2.24187500.24188000	neg	0	0	0	0	0	0	1	0	0	1	0
chr2.24321000.24321500	neg	0	0	0	0	0	0	0	0	0	0	0
chr2.24331000.24331500	neg	0	1	0	0	0	0	1	0	0	1	0
chr2.24516500.24517000	neg	1	1	0	1	1	0	0	1	1	0	0
chr2.24586000.24586500	neg	0	1	0	0	0	0	1	1	1	0	0
chr2.24652500.24653000	neg	0	1	1	1	1	1	1	1	1	1	1
chr2.25295000.25295500	neg	0	1	0	1	0	0	1	0	0	1	0
chr2.25471000.25471500	neg	0	1	0	1	1	1	1	1	1	0	1
chr2.26277000.26277500	neg	0	1	1	0	0	0	1	0	0	0	0
chr2.26316000.26316500	neg	0	1	1	0	0	0	0	1	0	1	0
chr2.26422500.26423000	neg	0	0	0	0	0	1	1	0	1	0	0
chr2.26423000.26423500	neg	0	1	1	1	0	1	1	0	1	0	1
chr2.26597500.26598000	neg	1	1	0	1	1	0	1	1	0	1	0
chr2.26664000.26664500	neg	0	1	1	1	1	1	1	1	0	1	0
chr2.27070000.27070500	neg	0	0	0	0	0	0	1	0	1	0	0
chr2.27889500.27890000	neg	0	0	0	0	0	0	0	0	0	1	0
chr2.27910500.27911000	neg	0	0	0	0	0	0	0	0	0	0	0
chr2.28084500.28085000	neg	0	1	0	1	1	1	1	1	0	0	1
chr2.28099000.28099500	neg	0	1	0	1	1	1	1	1	1	0	0
chr2.28760000.28760500	neg	0	1	1	0	0	1	1	1	1	0	1
chr2.29263000.29263500	neg	0	1	0	1	1	0	1	1	1	1	0
chr3.168000.168500	neg	0	0	0	0	0	0	1	0	1	0	0
chr3.544000.544500	neg	0	1	1	0	0	1	1	0	1	0	0
chr3.654000.654500	neg	0	0	0	0	0	1	1	0	0	0	0
chr3.734500.735000	neg	0	0	1	0	0	0	1	0	1	0	0
chr3.781000.781500	neg	1	1	0	0	1	0	1	0	1	0	1
chr3.1198000.1198500	neg	0	1	1	1	0	0	1	1	1	0	0
chr3.1465500.1466000	neg	0	1	0	1	1	1	1	1	0	0	1
chr3.1470500.1471000	neg	0	1	0	1	1	1	1	1	0	0	1
chr3.2206500.2207000	neg	0	1	0	1	1	1	1	1	0	0	1
chr3.2225000.2225500	neg	1	1	1	1	1	1	1	1	1	0	1
chr3.2295500.2296000	neg	1	1	1	1	1	1	0	1	0	1	1
chr3.2388000.2388500	neg	1	1	1	1	1	1	1	1	1	0	1
chr3.2779000.2779500	neg	1	1	0	1	1	1	1	1	1	1	0
chr3.2839000.2839500	neg	0	1	1	1	0	1	1	1	1	1	0
chr3.2872500.2873000	neg	0	1	1	0	0	0	1	0	0	1	0
chr3.2899500.2900000	neg	0	1	1	1	1	0	1	1	0	1	0
chr3.2913000.2913500	neg	1	1	1	1	1	0	0	1	0	1	0
chr3.3180000.3180500	neg	1	1	0	1	1	0	0	1	0	1	0
chr3.3638000.3638500	neg	0	1	1	1	0	0	1	1	1	0	0
chr3.3686000.3686500	neg	1	1	0	1	1	1	0	1	0	0	1
chr3.3815000.3815500	neg	0	0	0	0	0	0	1	0	1	0	0
chr3.3940000.3940500	neg	1	1	0	1	1	1	1	1	1	0	0
chr3.4021500.4022000	neg	0	0	0	0	0	1	1	0	1	0	0
chr3.4025000.4025500	neg	0	1	1	1	1	1	1	1	0	0	1
chr3.4385500.4386000	neg	1	1	1	1	1	0	0	1	0	1	0
chr3.4538500.4539000	neg	0	1	0	1	0	0	1	0	0	1	0
chr3.4869500.4870000	neg	0	1	0	1	1	1	0	1	0	0	1
chr3.4907000.4907500	neg	1	1	0	1	1	1	0	1	0	1	0
chr3.5040000.5040500	neg	0	0	0	0	0	0	1	0	1	0	0
chr3.5077500.5078000	neg	1	1	1	1	1	1	0	1	0	1	0
chr3.5078000.5078500	neg	0	1	1	1	1	1	0	1	0	1	0
chr3.5285500.5286000	neg	0	0	1	0	0	0	1	0	1	0	0
chr3.5329000.5329500	neg	1	1	1	1	1	1	0	1	0	1	1
chr3.5330000.5330500	neg	1	1	0	0	1	1	0	0	0	1	0
chr3.6046000.6046500	neg	0	1	1	1	0	1	1	0	1	0	1
chr3.6304000.6304500	neg	0	1	0	0	0	1	1	1	1	0	1
chr3.6906000.6906500	neg	0	1	0	1	0	1	1	1	1	0	1
chr3.6924000.6924500	neg	0	0	0	0	0	0	1	0	1	0	0
chr3.7200500.7201000	neg	0	1	0	1	1	1	1	1	1	0	1
chr3.8120000.8120500	neg	0	0	0	0	0	0	0	0	0	0	0
chr3.8242500.8243000	neg	0	1	1	0	0	0	1	0	1	0	1
chr3.8273500.8274000	neg	0	1	1	1	1	1	1	1	0	0	1
chr3.8420500.8421000	neg	0	0	0	0	0	0	1	0	1	0	0
chr3.8831500.8832000	neg	0	1	1	1	1	1	1	0	1	0	1
chr3.9021000.9021500	neg	0	1	1	1	0	1	1	0	0	0	1
chr3.9053000.9053500	neg	0	0	0	0	0	0	0	0	0	0	0
chr3.9110000.9110500	neg	0	0	0	0	0	0	0	0	0	0	0
chr3.9459000.9459500	neg	0	0	0	0	0	0	1	0	0	1	0
chr3.9611500.9612000	neg	0	1	1	1	1	0	1	0	1	0	1
chr3.9774000.9774500	neg	1	1	0	1	1	1	1	1	1	0	0
chr3.9951000.9951500	neg	0	0	0	0	0	1	0	0	0	0	0
chr3.10064000.10064500	neg	1	1	0	1	1	0	0	1	0	1	0
chr3.10123000.10123500	neg	1	1	0	1	1	1	0	1	0	1	0
chr3.10196500.10197000	neg	0	0	0	1	1	0	1	0	1	1	1
chr3.10841500.10842000	neg	1	1	0	1	1	1	0	1	1	0	0
chr3.10897000.10897500	neg	0	1	0	0	0	1	1	0	1	0	0
chr3.11106500.11107000	neg	0	1	0	1	0	0	1	1	0	1	0
chr3.11200500.11201000	neg	1	1	0	1	1	0	1	1	1	1	0
chr3.11439500.11440000	neg	0	0	0	0	0	0	1	0	1	0	0
chr3.11706000.11706500	neg	1	1	0	1	1	0	0	1	0	1	0
chr3.11831500.11832000	neg	1	1	1	1	1	0	1	1	1	1	1
chr3.11926000.11926500	neg	1	1	0	1	1	0	0	0	0	1	0
chr3.12999000.12999500	neg	1	1	0	0	1	0	0	0	0	1	0
chr3.13093500.13094000	neg	0	1	0	1	1	1	1	1	1	1	0
chr3.13512000.13512500	neg	0	1	0	1	1	0	1	0	1	0	1
chr3.13711000.13711500	neg	0	0	0	0	0	0	1	0	1	0	0
chr3.14322000.14322500	neg	0	0	0	1	0	0	1	0	1	0	0
chr3.14460000.14460500	neg	1	1	0	1	1	1	0	1	0	0	1
chr3.14520500.14521000	neg	0	1	0	0	0	0	1	1	0	1	0
chr3.14562500.14563000	neg	1	1	0	0	1	0	0	0	0	1	0
chr3.14700000.14700500	neg	0	1	1	0	1	0	1	0	1	1	0
chr3.15045500.15046000	neg	0	1	1	1	1	1	1	1	1	0	1
chr3.15215500.15216000	neg	0	0	0	1	1	0	0	1	0	0	1
chr3.15408000.15408500	neg	0	0	1	0	0	0	1	1	1	0	0
chr3.15469000.15469500	neg	0	1	0	1	0	0	1	0	0	0	0
chr3.15609500.15610000	neg	1	1	0	1	1	1	1	1	1	0	1
chr3.16143500.16144000	neg	0	1	0	0	0	0	1	0	1	0	0
chr3.16246500.16247000	neg	0	1	0	1	1	1	1	1	1	0	1
chr3.16814000.16814500	neg	1	1	0	1	1	0	0	1	1	1	0
chr3.17110000.17110500	neg	0	0	1	0	0	0	1	0	1	0	0
chr3.17114500.17115000	neg	1	1	0	1	1	1	1	1	1	0	0
chr3.17157500.17158000	neg	0	1	1	0	1	0	1	1	1	0	1
chr3.18073000.18073500	neg	0	0	0	0	0	0	1	0	1	0	0
chr3.18128500.18129000	neg	0	1	1	0	0	0	1	1	1	0	1
chr3.18372000.18372500	neg	1	1	0	1	1	1	0	1	1	0	0
chr3.18417000.18417500	neg	0	1	1	1	1	0	1	1	1	0	1
chr3.18431000.18431500	neg	0	1	1	1	0	1	1	1	1	0	1
chr3.18654000.18654500	neg	1	1	1	1	1	1	1	1	1	0	0
chr3.19049000.19049500	neg	0	1	1	1	1	1	1	0	0	0	0
chr3.19163500.19164000	neg	1	1	0	1	1	0	0	1	0	0	0
chr3.19713000.19713500	neg	0	0	0	0	0	1	1	0	1	0	0
chr3.20024000.20024500	neg	1	1	1	1	1	0	0	1	0	0	1
chr3.20470000.20470500	neg	0	1	1	0	0	0	1	0	1	0	1
chr3.20625000.20625500	neg	1	1	0	1	1	0	0	1	0	0	0
chr3.20640500.20641000	neg	1	1	0	1	1	0	0	1	1	0	0
chr3.21465500.21466000	neg	0	1	1	1	1	1	1	1	1	0	1
chr3.21621500.21622000	neg	1	1	0	1	1	1	1	1	0	0	0
chr3.22908000.22908500	neg	0	1	0	0	1	1	1	0	1	0	1
chr3.23009000.23009500	neg	1	1	0	1	1	1	0	1	0	0	0
chr3.23381000.23381500	neg	1	1	1	1	1	0	0	1	1	1	0
chr3.23397000.23397500	neg	0	1	1	1	0	0	1	0	1	1	1
chr3.23576000.23576500	neg	1	1	1	1	1	1	1	1	1	0	0
chr3.23586000.23586500	neg	0	1	0	1	1	0	1	1	1	0	1
chr3.23645500.23646000	neg	0	1	0	0	1	0	1	0	1	0	1
chr3.23904500.23905000	neg	1	1	0	1	1	1	0	1	0	1	0
chr3.24814000.24814500	neg	0	1	0	0	1	0	1	0	1	0	1
chr3.24854000.24854500	neg	0	0	0	0	0	1	1	0	1	0	1
chr3.25097500.25098000	neg	1	1	0	1	1	0	1	0	0	1	0
chr3.25282500.25283000	neg	0	0	1	0	0	0	1	0	1	0	0
chr3.25283500.25284000	neg	1	1	0	1	1	0	1	1	1	0	1
chr3.25404000.25404500	neg	1	1	0	0	1	0	0	0	0	1	0
chr3.25517000.25517500	neg	1	1	0	1	1	0	0	1	0	1	0
chr3.25553500.25554000	neg	0	1	0	1	1	0	1	1	1	1	0
chr3.25663000.25663500	neg	0	1	1	0	0	1	1	0	1	1	0
chr3.25713500.25714000	neg	0	1	1	1	1	1	1	1	0	0	0
chr3.25990000.25990500	neg	1	1	0	1	1	1	0	1	0	1	1
chr3.26151000.26151500	neg	0	1	1	1	0	0	1	1	1	0	0
chr3.26807500.26808000	neg	1	1	0	1	1	0	1	1	0	0	0
chr4.47500.48000	neg	0	0	0	0	0	0	1	0	1	0	0
chr4.237500.238000	neg	0	1	0	1	1	0	1	1	1	1	1
chr4.509000.509500	neg	0	1	0	0	0	0	1	0	0	0	0
chr4.1163000.1163500	neg	0	1	1	1	0	1	1	1	1	0	1
chr4.1309500.1310000	neg	1	1	0	1	1	0	0	0	0	1	0
chr4.1317500.1318000	neg	1	1	1	1	1	0	1	1	0	1	0
chr4.1704000.1704500	neg	1	1	0	1	1	1	1	1	1	1	1
chr4.1966500.1967000	neg	0	1	0	0	0	0	1	0	1	0	0
chr4.2094000.2094500	neg	0	1	0	0	0	0	1	0	1	0	0
chr4.2281000.2281500	neg	0	0	1	0	0	0	1	0	1	0	0
chr4.2342000.2342500	neg	1	1	0	1	1	0	0	1	0	1	0
chr4.2537000.2537500	neg	1	1	0	1	1	1	1	1	1	0	1
chr4.2641500.2642000	neg	0	1	0	1	1	1	0	0	0	0	1
chr4.2778000.2778500	neg	0	1	1	0	1	1	1	1	0	0	1
chr4.2907500.2908000	neg	0	0	0	0	0	0	1	0	1	0	0
chr4.2974500.2975000	neg	1	1	0	1	1	0	1	1	1	0	1
chr4.3219500.3220000	neg	0	1	0	1	1	1	1	1	1	0	1
chr4.4065500.4066000	neg	1	1	0	1	1	1	0	1	0	0	0
chr4.4146500.4147000	neg	0	0	1	0	0	0	1	0	1	1	0
chr4.4253500.4254000	neg	0	1	0	1	1	1	1	1	1	1	1
chr4.4585000.4585500	neg	0	1	1	0	0	0	1	0	1	0	0
chr4.5498500.5499000	neg	0	0	1	0	0	0	1	0	1	0	0
chr4.5600000.5600500	neg	1	1	0	1	1	1	0	1	0	0	0
chr4.5704500.5705000	neg	1	1	0	1	1	0	0	1	0	1	0
chr4.5981500.5982000	neg	1	1	0	0	1	0	1	1	0	1	0
chr4.6416000.6416500	neg	1	1	0	1	1	0	0	1	0	1	0
chr4.6630000.6630500	neg	0	0	1	0	0	0	1	0	1	1	0
chr4.6720500.6721000	neg	0	1	1	1	0	0	1	0	0	1	1
chr4.7692000.7692500	neg	1	1	0	1	1	1	0	1	0	0	1
chr4.7764000.7764500	neg	0	1	0	1	0	1	0	1	0	0	1
chr4.8110500.8111000	neg	0	1	0	1	1	0	1	0	1	0	1
chr4.8215500.8216000	neg	0	0	1	0	0	0	1	0	1	0	0
chr4.8549500.8550000	neg	1	1	0	1	1	1	0	1	0	0	1
chr4.8709500.8710000	neg	0	0	0	0	0	0	0	0	0	0	0
chr4.8821500.8822000	neg	1	1	0	1	1	1	1	1	0	1	0
chr4.8852000.8852500	neg	0	1	1	1	0	0	1	1	0	1	0
chr4.8961000.8961500	neg	1	0	0	0	0	0	0	0	0	0	0
chr4.9973500.9974000	neg	1	1	1	1	1	1	0	1	0	0	1
chr4.10416500.10417000	neg	0	1	0	1	1	1	1	1	1	1	1
chr4.10473500.10474000	neg	0	0	1	0	0	1	1	0	1	0	0
chr4.10474000.10474500	neg	0	0	1	0	0	0	1	0	1	0	0
chr4.11185500.11186000	neg	1	1	1	1	1	0	0	1	0	1	1
chr4.11226500.11227000	neg	0	0	0	0	0	0	0	0	0	0	0
chr4.11685500.11686000	neg	0	1	0	1	1	1	1	1	1	0	1
chr4.11944000.11944500	neg	1	1	0	1	1	0	0	1	0	1	0
chr4.12146500.12147000	neg	0	1	1	0	0	1	1	0	1	0	0
chr4.12269500.12270000	neg	0	0	0	0	0	1	1	1	1	1	0
chr4.12350000.12350500	neg	0	0	0	0	0	0	1	1	1	0	0
chr4.12421500.12422000	neg	0	0	1	0	0	0	1	0	1	0	0
chr4.12623500.12624000	neg	1	1	0	1	1	1	1	1	0	0	1
chr4.12652000.12652500	neg	0	1	0	1	1	1	1	0	1	0	0
chr4.12884000.12884500	neg	0	0	0	0	0	0	1	0	1	0	0
chr4.13518500.13519000	neg	1	1	0	0	1	1	0	0	0	1	0
chr4.13865500.13866000	neg	0	1	0	0	0	0	1	0	1	0	0
chr4.14188000.14188500	neg	0	0	1	0	0	0	1	0	1	0	0
chr4.14483000.14483500	neg	0	0	1	0	0	0	1	0	1	0	0
chr4.15375000.15375500	neg	0	1	1	1	0	1	1	1	1	1	0
chr4.15431000.15431500	neg	0	0	0	0	0	0	0	0	0	0	0
chr4.15703500.15704000	neg	0	1	0	1	1	0	1	1	0	1	0
chr4.15946500.15947000	neg	0	1	1	0	1	0	1	0	1	1	0
chr4.16008500.16009000	neg	1	1	1	1	1	0	0	1	0	1	0
chr4.16104000.16104500	neg	0	1	1	1	1	1	1	1	1	0	1
chr4.16310000.16310500	neg	0	1	1	0	1	1	1	1	1	0	1
chr4.16329500.16330000	neg	0	1	0	0	0	0	0	0	0	0	0
chr4.16911500.16912000	neg	1	0	1	0	0	0	1	0	1	1	0
chr4.17390000.17390500	neg	0	0	1	0	0	0	1	0	1	0	0
chr4.18216000.18216500	neg	1	1	0	1	1	1	1	1	1	1	1
chr4.18400000.18400500	neg	1	1	0	1	1	1	1	1	1	0	0
chr4.18850500.18851000	neg	0	1	1	1	1	0	1	1	0	1	0
chr4.18920500.18921000	neg	1	1	0	1	1	0	0	1	0	1	0
chr4.18952500.18953000	neg	1	1	0	1	1	0	0	1	0	1	0
chr4.19213000.19213500	neg	1	1	0	1	1	1	0	1	0	1	0
chr4.20343500.20344000	neg	0	1	0	0	1	1	1	1	1	0	1
chr4.20592500.20593000	neg	0	1	1	1	1	1	1	1	1	0	1
chr4.20940000.20940500	neg	0	1	0	1	1	1	1	1	0	1	1
chr4.21291000.21291500	neg	0	0	0	0	0	0	0	0	1	0	0
chr4.22508000.22508500	neg	1	1	0	1	1	1	1	1	1	1	0
chr4.22522500.22523000	neg	1	1	0	1	1	1	1	1	0	1	0
chr4.22881500.22882000	neg	0	1	0	1	1	1	1	1	1	0	0
chr4.22969000.22969500	neg	1	1	0	1	1	1	0	1	1	0	0
chr4.22969500.22970000	neg	1	1	0	1	1	1	0	1	0	0	0
chr4.23326000.23326500	neg	0	1	1	0	1	1	1	0	1	0	1
chr4.23923000.23923500	neg	0	1	0	1	0	0	1	0	1	0	1
chr4.24371500.24372000	neg	1	1	1	1	1	0	1	0	0	1	0
chr4.24479000.24479500	neg	1	1	1	1	1	1	1	1	1	0	1
chr4.25397000.25397500	neg	1	1	0	1	1	1	0	1	0	0	1
chr4.25548500.25549000	neg	0	1	1	1	1	0	1	1	0	1	0
chr4.25982000.25982500	neg	1	1	0	1	1	1	0	1	1	1	0
chr4.26259500.26260000	neg	0	1	1	1	1	1	1	1	0	0	1
chr4.26411000.26411500	neg	0	1	0	1	0	1	1	1	1	1	1
chr4.26618500.26619000	neg	0	1	1	0	0	1	1	0	0	0	1
chr5.471000.471500	neg	1	1	0	0	1	1	0	1	1	0	0
chr5.1031000.1031500	neg	1	1	0	1	1	0	0	1	0	1	0
chr5.1368000.1368500	neg	0	0	0	0	0	0	0	1	0	1	0
chr5.1505500.1506000	neg	0	1	0	1	1	0	1	1	0	1	0
chr5.1818500.1819000	neg	0	0	0	0	0	0	0	0	0	1	0
chr5.2041500.2042000	neg	0	1	1	1	1	1	1	1	1	1	1
chr5.2103000.2103500	neg	0	1	0	1	0	0	1	0	1	0	0
chr5.2256000.2256500	neg	0	1	1	1	1	0	0	1	0	1	0
chr5.2387500.2388000	neg	1	1	0	1	1	1	1	1	1	0	0
chr5.3125000.3125500	neg	0	0	0	0	0	0	0	0	0	1	0
chr5.3381500.3382000	neg	1	1	0	1	1	0	0	0	0	1	0
chr5.3461500.3462000	neg	0	0	0	0	0	0	1	0	1	0	1
chr5.3464500.3465000	neg	0	0	0	0	0	1	1	0	1	0	0
chr5.3653500.3654000	neg	1	1	1	0	1	0	0	0	0	1	0
chr5.3665000.3665500	neg	1	1	1	1	1	0	0	1	0	1	0
chr5.3741000.3741500	neg	1	1	0	1	1	0	1	1	0	1	0
chr5.3802000.3802500	neg	0	1	0	1	1	0	0	1	0	1	0
chr5.3806500.3807000	neg	0	0	0	0	0	0	0	0	0	1	0
chr5.3807000.3807500	neg	0	0	0	0	0	0	0	0	0	1	0
chr5.4996500.4997000	neg	1	1	0	0	1	0	0	0	0	1	0
chr5.5339500.5340000	neg	0	1	1	1	1	1	1	0	0	1	0
chr5.5365000.5365500	neg	0	1	0	1	1	0	0	1	0	1	0
chr5.5388500.5389000	neg	0	0	1	0	0	0	1	0	0	0	0
chr5.5434500.5435000	neg	0	1	0	1	0	0	1	1	0	1	0
chr5.5435000.5435500	neg	0	1	0	1	0	1	1	1	0	1	0
chr5.5812500.5813000	neg	0	0	0	0	0	0	1	0	1	0	0
chr5.6191000.6191500	neg	0	1	0	0	1	1	1	0	1	0	0
chr5.6191500.6192000	neg	1	1	0	0	1	0	1	1	1	1	0
chr5.6382500.6383000	neg	1	1	0	1	1	1	1	1	0	1	1
chr5.6612500.6613000	neg	0	1	1	1	1	1	1	1	0	1	0
chr5.6899500.6900000	neg	1	1	0	1	1	0	1	1	1	0	1
chr5.6932500.6933000	neg	0	1	0	1	1	1	1	1	1	0	1
chr5.6960000.6960500	neg	0	1	0	1	1	1	1	1	1	0	0
chr5.7160000.7160500	neg	1	1	0	1	1	1	0	1	0	1	0
chr5.7362500.7363000	neg	0	1	1	0	0	0	1	0	1	0	0
chr5.7755000.7755500	neg	0	0	0	0	0	0	0	0	0	1	0
chr5.8033500.8034000	neg	1	1	0	1	1	0	0	1	1	1	0
chr5.8119000.8119500	neg	1	1	1	1	1	1	1	1	1	0	0
chr5.8144500.8145000	neg	1	1	0	1	1	1	0	1	1	0	0
chr5.8483500.8484000	neg	0	1	0	1	1	0	1	1	0	1	0
chr5.8570500.8571000	neg	1	1	1	1	1	1	0	1	0	1	1
chr5.8667500.8668000	neg	0	1	1	0	1	0	1	0	1	1	0
chr5.9164500.9165000	neg	1	1	0	1	1	1	0	1	0	0	0
chr5.9202000.9202500	neg	1	1	0	1	1	1	0	1	0	1	0
chr5.9362000.9362500	neg	0	0	1	0	0	0	1	0	1	0	0
chr5.9418000.9418500	neg	1	1	0	1	1	0	1	1	1	0	0
chr5.9777000.9777500	neg	0	1	1	0	0	0	1	0	0	0	0
chr5.10167000.10167500	neg	1	1	0	1	1	0	0	1	1	1	0
chr5.10363000.10363500	neg	0	1	0	1	1	1	1	1	1	0	1
chr5.10557500.10558000	neg	0	1	1	0	0	0	1	0	1	0	0
chr5.10563000.10563500	neg	0	1	0	1	0	0	1	0	1	0	0
chr5.10654000.10654500	neg	0	1	0	1	1	1	1	1	1	0	1
chr5.10926000.10926500	neg	0	1	0	1	1	0	1	0	1	0	0
chr5.11014500.11015000	neg	1	1	0	1	1	0	0	1	0	1	0
chr5.11194500.11195000	neg	0	0	0	0	0	0	0	0	0	0	0
chr5.11703000.11703500	neg	0	1	0	0	0	1	1	0	0	1	0
chr5.11997000.11997500	neg	0	1	0	1	1	0	1	0	0	1	0
chr5.12141000.12141500	neg	0	1	0	1	1	0	1	1	0	0	1
chr5.12456500.12457000	neg	1	1	0	1	1	1	0	1	0	0	1
chr5.12508500.12509000	neg	0	0	0	0	0	0	1	0	1	0	0
chr5.12538500.12539000	neg	1	0	0	1	0	0	0	0	0	1	0
chr5.12618000.12618500	neg	1	1	0	1	1	0	0	0	0	1	0
chr5.12818000.12818500	neg	1	1	1	1	1	0	0	1	1	1	0
chr5.13405000.13405500	neg	0	0	1	0	0	0	1	1	0	1	0
chr5.13421000.13421500	neg	1	1	0	0	0	0	1	0	0	1	0
chr5.13535000.13535500	neg	0	1	0	0	1	1	1	0	1	1	1
chr5.13580500.13581000	neg	0	1	0	0	0	0	1	1	1	1	0
chr5.13921000.13921500	neg	0	0	1	1	1	0	0	0	0	1	0
chr5.13956500.13957000	neg	0	0	0	0	0	0	1	0	1	0	0
chr5.14312500.14313000	neg	0	1	0	1	0	0	1	1	0	1	0
chr5.14486000.14486500	neg	1	1	1	1	1	0	1	1	0	1	1
chr5.14770000.14770500	neg	0	1	0	0	1	1	1	1	1	1	0
chr5.15761500.15762000	neg	0	0	0	0	0	0	1	0	0	1	0
chr5.15805000.15805500	neg	1	1	0	1	1	0	0	1	0	1	0
chr5.16071000.16071500	neg	1	1	0	1	1	0	0	1	0	0	0
chr5.16128000.16128500	neg	1	1	0	1	1	1	0	1	0	1	0
chr5.16205500.16206000	neg	0	1	0	1	1	0	0	1	0	1	0
chr5.16378500.16379000	neg	0	1	0	1	1	1	1	0	0	0	1
chr5.17311000.17311500	neg	1	1	1	1	1	1	1	1	0	1	0
chr5.17501000.17501500	neg	1	1	1	1	0	0	1	1	0	1	0
chr5.17513000.17513500	neg	1	1	1	1	1	0	1	1	0	1	0
chr5.17593500.17594000	neg	1	1	0	1	1	0	0	0	0	1	0
chr5.17636500.17637000	neg	0	1	0	1	1	0	1	1	1	0	0
chr5.18186000.18186500	neg	1	1	0	1	1	0	0	1	0	1	0
chr5.18330000.18330500	neg	1	1	0	1	1	0	0	1	0	1	0
chr5.18822500.18823000	neg	0	1	1	1	1	1	1	1	0	0	0
chr5.18909500.18910000	neg	0	1	0	0	1	1	1	1	1	0	0
chr5.18991500.18992000	neg	1	1	1	1	1	1	0	1	0	0	1
chr5.19145500.19146000	neg	0	1	0	0	1	1	1	1	1	0	1
chr5.20275500.20276000	neg	0	1	0	0	0	0	1	0	1	1	0
chr5.20417500.20418000	neg	0	1	0	1	1	1	1	1	1	0	1
chr5.20483000.20483500	neg	0	1	0	0	1	0	1	1	0	1	0
chr5.20574000.20574500	neg	0	1	1	0	1	1	1	0	1	0	1
chr5.21983000.21983500	neg	0	0	0	0	0	0	1	0	0	0	0
chr5.23289000.23289500	neg	1	1	1	1	1	0	1	1	0	1	0
chr5.23673000.23673500	neg	1	1	1	1	1	0	0	1	0	1	0
chr5.23697500.23698000	neg	1	1	0	0	1	0	0	1	0	1	0
chr5.23698000.23698500	neg	1	1	0	0	1	1	0	1	0	1	0
chr5.24082500.24083000	neg	0	1	0	1	1	0	1	0	0	1	0
chr5.24094000.24094500	neg	0	1	0	1	1	0	0	1	0	1	0
chr5.24430500.24431000	neg	0	1	0	1	1	0	1	0	0	0	0
chr5.24702500.24703000	neg	0	0	0	0	0	0	1	0	0	1	0
chr5.24894500.24895000	neg	1	1	0	1	1	0	0	1	1	1	0
chr5.25249000.25249500	neg	1	1	1	1	1	0	0	1	0	1	0
chr5.25412500.25413000	neg	0	0	0	0	0	0	0	0	0	0	0
chr5.25428500.25429000	neg	0	1	1	1	1	1	1	1	1	0	1
chr5.25462500.25463000	neg	0	0	0	0	0	0	1	0	1	0	0
chr5.25578000.25578500	neg	1	1	0	1	1	0	1	0	1	1	0
chr5.25894500.25895000	neg	0	0	0	0	0	0	1	0	1	0	0
chr6.173000.173500	neg	0	1	1	1	1	1	1	1	1	1	1
chr6.1103000.1103500	neg	0	0	1	0	0	0	1	0	1	0	0
chr6.1247000.1247500	neg	0	1	1	0	0	0	1	0	1	0	1
chr6.1963000.1963500	neg	0	1	1	0	0	0	1	0	1	0	0
chr6.2097000.2097500	neg	0	0	1	0	0	0	1	0	1	0	0
chr6.2192000.2192500	neg	0	1	0	0	1	0	1	1	0	0	1
chr6.2292000.2292500	neg	0	1	0	1	1	1	1	1	1	0	1
chr6.2392000.2392500	neg	0	1	1	1	1	1	1	1	0	0	1
chr6.2596500.2597000	neg	1	1	0	1	1	0	1	1	0	1	0
chr6.2597000.2597500	neg	1	1	0	1	1	0	1	1	0	1	0
chr6.2739500.2740000	neg	0	1	1	1	1	1	1	1	1	0	0
chr6.2798500.2799000	neg	0	0	0	0	0	0	1	0	1	0	0
chr6.2935000.2935500	neg	0	1	1	1	1	1	1	1	1	0	1
chr6.3397500.3398000	neg	1	1	0	1	1	0	0	1	0	1	0
chr6.3583500.3584000	neg	0	1	0	0	1	1	1	1	1	1	1
chr6.3632500.3633000	neg	0	1	1	1	1	0	1	0	1	1	1
chr6.3670500.3671000	neg	0	1	0	1	1	0	1	1	0	0	1
chr6.4008000.4008500	neg	0	1	1	1	1	0	1	0	1	0	1
chr6.4079500.4080000	neg	1	1	0	1	0	0	0	1	0	1	0
chr6.4119000.4119500	neg	0	1	0	0	0	0	1	0	1	0	0
chr6.4391000.4391500	neg	0	1	0	0	0	0	1	0	1	0	0
chr6.4773000.4773500	neg	1	1	0	0	0	0	1	1	1	1	0
chr6.5559500.5560000	neg	0	1	0	1	1	1	1	0	1	0	1
chr6.5809500.5810000	neg	0	1	1	1	1	1	1	1	1	1	1
chr6.6008500.6009000	neg	1	1	1	1	1	0	0	1	1	0	0
chr6.6284500.6285000	neg	0	1	0	0	1	0	1	0	0	1	0
chr6.6521500.6522000	neg	0	1	1	1	1	1	1	1	0	0	0
chr6.6679500.6680000	neg	0	0	1	0	0	0	1	0	1	0	0
chr6.6781500.6782000	neg	1	1	0	1	1	0	0	0	0	1	0
chr6.6836000.6836500	neg	0	0	0	0	0	0	0	0	0	1	0
chr6.7327500.7328000	neg	0	0	0	1	0	0	1	0	1	1	0
chr6.7512500.7513000	neg	0	1	1	0	0	0	1	0	1	1	0
chr6.7762500.7763000	neg	0	1	0	1	1	1	1	1	1	1	1
chr6.7807500.7808000	neg	0	1	1	1	1	1	1	1	0	0	1
chr6.8046500.8047000	neg	1	1	1	1	1	0	1	1	1	0	0
chr6.8102500.8103000	neg	1	1	0	1	1	0	1	1	0	1	0
chr6.9466000.9466500	neg	0	0	1	0	0	0	1	0	1	0	0
chr6.9732500.9733000	neg	0	1	1	1	0	0	1	0	0	0	1
chr6.9923000.9923500	neg	0	1	0	1	0	1	1	1	1	0	0
chr6.10436000.10436500	neg	1	1	0	1	1	0	1	1	1	1	0
chr6.10523500.10524000	neg	0	1	0	0	1	0	1	0	1	0	0
chr6.10690000.10690500	neg	0	0	0	0	0	0	1	0	1	0	0
chr6.10739000.10739500	neg	0	0	0	0	0	0	0	0	0	0	0
chr6.11022500.11023000	neg	0	1	0	1	1	1	1	0	1	0	1
chr6.11717000.11717500	neg	0	1	0	0	0	1	1	1	1	0	1
chr6.11938500.11939000	neg	0	1	1	0	0	0	1	0	0	0	0
chr6.12024000.12024500	neg	0	1	1	1	1	1	1	1	1	0	1
chr6.12152000.12152500	neg	0	0	0	0	0	0	1	0	1	0	0
chr6.12182000.12182500	neg	0	1	0	1	0	0	1	0	0	1	0
chr6.12558000.12558500	neg	0	0	1	0	0	0	1	0	1	0	0
chr6.12683500.12684000	neg	0	1	0	1	1	0	1	1	0	1	0
chr6.12690000.12690500	neg	1	1	0	1	1	0	0	1	0	1	0
chr6.12707500.12708000	neg	0	0	0	1	0	0	0	0	0	1	0
chr6.12911000.12911500	neg	1	1	0	1	1	0	1	0	0	1	0
chr6.13125500.13126000	neg	1	1	0	1	1	0	1	1	0	1	0
chr6.13770000.13770500	neg	1	1	1	1	1	1	1	1	1	0	1
chr6.13997000.13997500	neg	0	1	1	1	1	0	1	1	0	1	0
chr6.14233000.14233500	neg	0	0	0	0	0	0	0	0	0	1	0
chr6.14605000.14605500	neg	1	1	1	1	1	0	0	0	0	1	0
chr6.15112000.15112500	neg	0	1	0	1	1	1	1	1	1	0	1
chr6.15565000.15565500	neg	1	1	0	1	1	1	1	1	1	0	1
chr6.15614500.15615000	neg	0	1	0	1	1	1	1	1	1	0	1
chr6.15718500.15719000	neg	0	1	1	0	1	1	1	1	1	0	0
chr6.16247000.16247500	neg	0	0	0	0	0	0	1	0	0	1	0
chr6.16680000.16680500	neg	0	0	0	0	0	1	1	1	1	0	1
chr6.16901000.16901500	neg	0	0	1	1	1	0	0	1	0	0	1
chr6.17256000.17256500	neg	1	1	1	1	1	1	1	1	0	0	0
chr6.17425000.17425500	neg	0	1	0	0	0	0	1	0	0	0	0
chr6.17747500.17748000	neg	1	1	0	1	1	1	1	1	1	1	1
chr6.18083500.18084000	neg	0	1	0	1	0	0	0	0	1	0	0
chr6.18142500.18143000	neg	1	1	0	1	1	0	0	1	1	1	0
chr6.18193000.18193500	neg	0	1	0	0	0	0	1	0	0	0	0
chr6.18440000.18440500	neg	1	0	0	0	0	0	0	0	0	0	0
chr6.18747500.18748000	neg	0	1	0	0	0	0	1	0	0	0	0
chr6.19136000.19136500	neg	1	1	0	1	1	1	1	1	0	1	0
chr6.19214500.19215000	neg	0	0	0	0	0	0	0	0	0	0	0
chr6.19369500.19370000	neg	1	1	0	1	1	0	1	1	1	0	0
chr6.19418500.19419000	neg	1	1	0	1	1	0	0	1	1	1	0
chr6.19640000.19640500	neg	0	1	0	1	1	0	1	1	0	1	0
chr6.20021000.20021500	neg	0	0	0	0	0	0	0	0	0	0	0
chr6.20590000.20590500	neg	0	1	1	0	0	0	1	0	1	0	0
chr6.20630000.20630500	neg	0	1	1	1	1	1	1	1	1	0	1
chr6.20756000.20756500	neg	0	0	1	0	0	1	1	0	1	0	0
chr6.20887000.20887500	neg	0	0	1	1	1	1	1	0	1	0	1
chr6.21015000.21015500	neg	1	1	0	1	1	1	1	1	1	0	0
chr6.21248000.21248500	neg	0	1	0	0	0	1	1	1	1	0	0
chr6.21251500.21252000	neg	0	1	0	1	1	1	1	1	0	0	1
chr6.21623000.21623500	neg	1	1	0	1	1	0	0	1	0	1	0
chr6.22002500.22003000	neg	0	1	0	1	0	0	1	0	1	0	0
chr6.22088000.22088500	neg	0	1	1	1	1	1	1	1	0	0	1
chr6.22439000.22439500	neg	0	1	0	1	1	1	1	1	0	1	1
chr6.22838000.22838500	neg	1	1	0	1	1	0	0	1	0	1	0
chr6.23085500.23086000	neg	1	1	1	1	1	1	1	1	0	0	0
chr6.23119000.23119500	neg	0	1	1	1	1	1	1	1	0	0	1
chr6.23147500.23148000	neg	0	1	0	0	1	1	1	0	0	0	0
chr6.23281000.23281500	neg	0	1	0	1	1	0	0	1	0	1	0
chr6.23366500.23367000	neg	1	1	1	1	1	0	0	1	0	1	0
chr6.23449500.23450000	neg	0	1	0	1	1	1	0	1	0	0	1
chr6.23576000.23576500	neg	1	1	1	1	1	1	1	1	0	0	1
chr6.23689000.23689500	neg	0	1	0	1	1	0	1	1	1	1	1
chr7.2808000.2808500	neg	0	1	0	1	1	1	1	1	0	1	1
chr7.2839500.2840000	neg	0	1	0	1	0	0	0	0	0	1	0
chr7.3317500.3318000	neg	0	1	1	0	1	0	1	0	0	1	0
chr7.3318500.3319000	neg	1	1	0	0	1	0	1	0	0	1	0
chr7.3536500.3537000	neg	1	1	0	1	1	0	1	0	0	1	0
chr7.3731000.3731500	neg	1	1	0	1	1	0	1	1	0	1	0
chr7.3739000.3739500	neg	1	1	0	1	1	0	1	1	0	1	0
chr7.3857000.3857500	neg	0	0	0	0	0	0	0	0	0	0	0
chr7.4303000.4303500	neg	0	0	0	1	0	0	1	0	1	0	1
chr7.4614500.4615000	neg	1	1	0	1	1	0	1	1	1	0	1
chr7.4893500.4894000	neg	0	1	0	1	1	1	1	1	0	1	1
chr7.5123500.5124000	neg	0	1	0	1	1	1	1	1	1	0	1
chr7.5291000.5291500	neg	0	1	1	1	1	0	1	1	0	1	0
chr7.5503000.5503500	neg	1	1	0	1	1	0	0	1	0	1	0
chr7.5599500.5600000	neg	1	1	0	1	1	0	0	1	0	1	0
chr7.5664500.5665000	neg	0	0	0	0	0	0	1	0	1	0	0
chr7.6013500.6014000	neg	0	0	0	0	0	0	1	0	1	0	0
chr7.6132500.6133000	neg	0	0	0	0	0	0	0	0	0	0	0
chr7.6297500.6298000	neg	0	0	1	0	0	0	1	0	1	1	0
chr7.6569500.6570000	neg	0	1	0	0	0	0	0	0	0	1	0
chr7.7194000.7194500	neg	0	1	1	1	0	1	1	0	1	0	1
chr7.7278500.7279000	neg	1	1	0	1	0	1	0	1	0	0	0
chr7.7805000.7805500	neg	1	1	0	1	1	0	0	1	0	1	0
chr7.7814500.7815000	neg	0	1	0	1	1	0	0	0	0	1	0
chr7.7896000.7896500	neg	0	1	1	1	1	1	1	0	0	0	1
chr7.8010500.8011000	neg	0	1	0	1	1	0	0	1	0	1	0
chr7.8177500.8178000	neg	0	1	1	1	1	1	1	1	0	0	1
chr7.8623000.8623500	neg	0	1	0	0	0	1	1	0	0	0	0
chr7.9285000.9285500	neg	0	1	0	1	1	0	1	1	1	1	1
chr7.9775000.9775500	neg	1	1	0	1	1	1	1	1	1	0	1
chr7.9869500.9870000	neg	1	1	0	0	1	0	0	1	0	1	0
chr7.10239000.10239500	neg	0	1	1	1	1	0	1	0	1	1	1
chr7.11035500.11036000	neg	0	0	0	0	0	0	1	0	1	0	0
chr7.11548500.11549000	neg	0	0	0	0	0	0	1	0	1	0	0
chr7.12054500.12055000	neg	0	1	0	0	0	0	1	0	1	0	0
chr7.12057500.12058000	neg	0	1	0	1	0	1	1	0	1	0	1
chr7.12074000.12074500	neg	1	1	0	1	1	0	0	1	1	1	0
chr7.12100500.12101000	neg	0	1	1	1	0	0	1	0	1	1	0
chr7.12195000.12195500	neg	1	1	0	1	1	1	1	1	1	0	0
chr7.12922000.12922500	neg	0	0	0	0	0	1	1	0	1	0	0
chr7.13188000.13188500	neg	0	0	0	0	0	0	1	0	1	0	0
chr7.13468000.13468500	neg	0	1	1	1	1	0	1	1	1	0	1
chr7.13775000.13775500	neg	0	0	1	0	0	0	1	0	1	0	0
chr7.13785000.13785500	neg	1	1	1	1	1	1	1	1	0	0	1
chr7.14035000.14035500	neg	1	1	1	1	1	1	1	1	0	0	0
chr7.14641500.14642000	neg	1	1	0	0	1	1	1	1	1	1	1
chr7.15024500.15025000	neg	0	0	0	0	0	0	1	0	1	0	0
chr7.15050000.15050500	neg	0	1	0	1	1	1	1	1	1	0	1
chr7.15064500.15065000	neg	0	1	0	1	1	1	1	1	1	0	1
chr7.15224500.15225000	neg	0	0	1	0	0	0	1	0	1	0	0
chr7.15273000.15273500	neg	0	0	1	0	0	0	1	0	1	0	0
chr7.15385000.15385500	neg	0	1	0	1	1	1	1	1	1	0	1
chr7.15574000.15574500	neg	1	1	0	1	1	0	0	0	0	1	0
chr7.15995500.15996000	neg	0	1	0	0	1	0	1	1	1	0	0
chr7.16156000.16156500	neg	0	0	1	0	0	0	1	0	1	0	1
chr7.16428500.16429000	neg	1	1	0	1	1	0	0	0	0	1	0
chr7.16704000.16704500	neg	0	0	0	0	0	0	1	0	1	0	0
chr7.16754500.16755000	neg	0	1	0	1	1	1	1	1	1	0	0
chr7.16929000.16929500	neg	1	1	0	1	1	1	1	1	0	1	1
chr7.17260500.17261000	neg	0	1	1	0	0	1	1	0	1	0	0
chr7.17288000.17288500	neg	0	1	0	1	1	1	0	1	0	0	1
chr7.17528500.17529000	neg	1	1	0	0	1	1	0	1	0	0	1
chr7.18283000.18283500	neg	0	1	0	0	0	0	1	1	0	0	0
chr7.18781500.18782000	neg	0	1	0	0	0	1	1	0	1	0	0
chr7.19277000.19277500	neg	0	1	0	1	1	0	1	1	1	0	0
chr7.19849500.19850000	neg	0	1	0	1	0	0	1	0	1	0	1
chr7.19869500.19870000	neg	1	1	0	0	1	1	0	0	0	1	0
chr7.20002000.20002500	neg	0	0	0	0	0	0	1	0	1	0	0
chr7.20203000.20203500	neg	0	1	0	0	0	0	1	0	1	0	1
chr7.21316000.21316500	neg	1	1	0	1	1	1	1	0	1	1	0
chr7.21406500.21407000	neg	0	1	1	1	1	1	1	1	1	0	1
chr7.21480500.21481000	neg	1	1	0	1	1	0	1	1	1	1	0
chr7.21737500.21738000	neg	0	1	1	0	0	0	1	1	0	0	0
chr7.21854500.21855000	neg	0	0	0	0	0	0	1	0	1	0	0
chr8.327000.327500	neg	0	1	1	1	0	0	1	0	1	0	0
chr8.338000.338500	neg	1	1	1	1	1	0	0	1	1	1	0
chr8.344500.345000	neg	0	0	0	0	0	0	1	0	1	0	0
chr8.679000.679500	neg	0	0	0	0	0	0	0	0	0	0	0
chr8.1416500.1417000	neg	1	1	1	1	1	1	1	1	1	0	1
chr8.1447000.1447500	neg	0	1	1	0	0	0	1	0	1	0	0
chr8.1539000.1539500	neg	0	0	0	0	0	1	1	0	1	0	0
chr8.1781500.1782000	neg	0	1	1	1	1	1	1	0	1	0	0
chr8.1800000.1800500	neg	1	1	0	1	1	1	0	1	0	0	0
chr8.1912500.1913000	neg	0	1	0	0	1	1	1	1	0	1	1
chr8.1939000.1939500	neg	0	0	0	0	0	0	0	0	0	1	0
chr8.2322000.2322500	neg	0	1	0	1	1	1	1	1	1	0	1
chr8.2494500.2495000	neg	0	0	0	0	0	0	1	0	1	0	0
chr8.2594500.2595000	neg	1	1	0	1	1	0	0	1	1	0	0
chr8.2720000.2720500	neg	0	0	0	0	0	1	0	0	0	0	0
chr8.2753000.2753500	neg	0	1	0	0	1	1	0	0	0	1	0
chr8.2834000.2834500	neg	0	1	0	1	1	0	0	1	0	1	0
chr8.3204000.3204500	neg	0	0	0	0	0	0	1	0	1	0	0
chr8.3387000.3387500	neg	0	1	1	0	0	1	0	1	0	0	0
chr8.3455000.3455500	neg	0	1	1	1	1	1	1	0	1	0	1
chr8.3587000.3587500	neg	0	1	0	1	1	1	1	1	0	0	1
chr8.3735000.3735500	neg	0	1	1	0	1	0	1	1	1	0	0
chr8.4309500.4310000	neg	0	1	0	1	1	0	1	1	0	1	0
chr8.4431500.4432000	neg	0	0	1	0	0	0	1	0	1	1	0
chr8.5115000.5115500	neg	0	1	0	0	1	1	1	0	1	0	1
chr8.5436000.5436500	neg	1	1	0	1	1	0	1	1	0	1	0
chr8.5817000.5817500	neg	1	1	1	1	1	1	1	1	1	1	0
chr8.5863000.5863500	neg	1	1	1	0	1	1	0	0	0	1	0
chr8.6214500.6215000	neg	0	0	0	0	0	0	1	0	1	0	0
chr8.6316000.6316500	neg	0	1	1	1	0	1	1	0	1	0	1
chr8.6473500.6474000	neg	0	1	1	0	1	0	1	1	1	0	0
chr8.6590500.6591000	neg	0	0	0	0	0	0	1	0	1	0	0
chr8.6690000.6690500	neg	0	1	0	1	1	1	1	1	0	0	1
chr8.7225500.7226000	neg	0	1	1	1	1	1	1	1	1	1	1
chr8.7341500.7342000	neg	0	0	0	1	0	1	0	1	0	0	1
chr8.7561000.7561500	neg	0	1	0	1	0	0	1	1	1	0	0
chr8.7812500.7813000	neg	0	1	0	1	1	1	1	1	1	0	1
chr8.7899500.7900000	neg	1	1	0	0	0	0	1	0	1	0	0
chr8.8083000.8083500	neg	0	1	0	0	0	1	1	1	1	0	1
chr8.8591000.8591500	neg	1	1	1	1	1	1	1	1	1	1	0
chr8.9460000.9460500	neg	0	0	0	0	0	0	1	0	1	0	0
chr8.9905500.9906000	neg	0	0	0	0	0	0	1	0	1	0	0
chr8.10106000.10106500	neg	0	1	1	1	0	1	1	1	1	0	1
chr8.10221500.10222000	neg	1	1	0	1	1	0	0	1	0	1	0
chr8.10275500.10276000	neg	0	1	0	0	0	0	1	1	1	0	0
chr8.10282000.10282500	neg	1	1	0	1	1	1	1	1	0	0	0
chr8.10358500.10359000	neg	0	1	1	1	1	1	1	1	1	0	0
chr8.10421000.10421500	neg	0	0	0	0	0	0	1	0	0	1	0
chr8.10432000.10432500	neg	1	1	0	1	1	1	0	1	0	1	0
chr8.10606000.10606500	neg	0	0	0	0	0	0	1	0	1	0	0
chr8.11355500.11356000	neg	1	1	0	1	1	0	0	1	0	1	0
chr8.11433500.11434000	neg	1	1	0	0	1	0	0	0	0	1	0
chr8.11455500.11456000	neg	1	1	0	0	1	0	0	0	0	1	0
chr8.11611000.11611500	neg	0	1	0	1	1	1	1	1	0	0	1
chr8.11623500.11624000	neg	1	1	0	1	1	1	1	1	1	0	0
chr8.11755000.11755500	neg	0	1	0	0	0	0	0	1	0	0	0
chr8.11913000.11913500	neg	0	1	0	0	0	0	1	0	0	1	0
chr8.11991500.11992000	neg	1	1	0	1	1	1	0	1	0	0	0
chr8.11997500.11998000	neg	1	1	0	1	1	0	0	1	0	1	0
chr8.12321500.12322000	neg	1	1	0	0	1	0	1	0	0	1	1
chr8.12330500.12331000	neg	0	0	0	0	0	0	0	0	1	0	0
chr8.12582500.12583000	neg	0	1	1	1	1	1	1	1	1	0	1
chr8.12652500.12653000	neg	1	1	0	1	1	0	0	1	0	1	0
chr8.12701000.12701500	neg	0	0	0	0	0	0	1	0	1	1	0
chr8.12899000.12899500	neg	1	1	1	1	1	0	0	1	0	0	0
chr8.13046500.13047000	neg	0	0	1	0	0	0	1	0	0	1	0
chr8.13320000.13320500	neg	0	1	0	1	1	1	1	1	0	0	1
chr8.13332000.13332500	neg	0	1	0	1	1	1	1	1	1	0	1
chr8.14578500.14579000	neg	0	0	0	0	0	0	1	0	1	0	0
chr8.15247500.15248000	neg	0	0	0	0	0	0	0	0	1	0	0
chr8.16175000.16175500	neg	0	0	0	0	0	0	0	0	0	0	0
chr8.16874000.16874500	neg	0	0	0	0	0	0	0	0	0	0	0
chr8.17823500.17824000	neg	0	1	0	1	1	1	1	0	0	0	1
chr8.18267500.18268000	neg	0	1	1	0	0	1	1	1	0	1	1
chr8.18440000.18440500	neg	0	1	0	0	1	1	1	0	1	0	1
chr8.18624500.18625000	neg	0	0	1	0	0	0	1	0	0	1	0
chr8.18700500.18701000	neg	0	1	0	0	0	0	0	0	0	1	0
chr8.19199000.19199500	neg	0	0	0	0	0	0	1	0	1	0	0
chr8.19355000.19355500	neg	0	1	1	0	1	0	1	0	1	0	1
chr8.20368500.20369000	neg	0	0	0	0	0	0	1	0	1	0	0
chr8.20452500.20453000	neg	0	1	0	1	1	0	0	1	0	1	0
chr8.20544000.20544500	neg	0	1	1	1	1	0	1	1	1	1	1
chr8.21080500.21081000	neg	1	1	0	1	1	0	0	1	0	1	0
chr8.21237000.21237500	neg	1	1	1	1	1	1	1	1	1	0	1
chrU.875000.875500	neg	0	0	0	0	0	0	0	0	0	0	0
chrU.875500.876000	neg	0	0	0	0	0	0	0	0	0	0	0
chrU.1758000.1758500	neg	0	0	0	0	0	0	0	0	0	0	0
chrU.2104000.2104500	neg	0	0	0	0	0	0	0	0	0	0	0
chrU.2523500.2524000	neg	0	0	0	0	0	0	0	0	0	0	0
chrU.3334000.3334500	neg	0	0	0	0	0	0	0	0	0	0	0
chrV.1734500.1735000	neg	0	0	0	0	0	0	1	1	1	0	0
chrV.2031500.2032000	neg	0	0	0	0	0	0	1	0	1	0	0
chrV.5099000.5099500	neg	0	0	0	0	0	0	1	0	1	0	1
chrV.5118000.5118500	neg	0	0	1	0	1	1	1	1	1	0	1
chrV.6134000.6134500	neg	0	0	0	1	0	0	1	0	1	0	0
chrV.7179000.7179500	neg	0	0	0	0	0	0	0	0	0	0	0
chrV.7385000.7385500	neg	0	0	0	0	0	0	0	0	0	0	0
unplaced-scaffold_010.17000.17500	neg	0	0	0	0	0	0	0	0	0	0	0
unplaced-scaffold_031.22500.23000	neg	0	0	0	0	0	0	0	0	0	0	0
unplaced-scaffold_104.13000.13500	neg	0	0	0	0	0	0	0	0	0	0	0
unplaced-scaffold_210.2500.3000	neg	0	0	0	0	0	0	0	0	0	0	0
unplaced-scaffold_264.3500.4000	neg	0	0	0	0	0	0	0	0	0	0	0
unplaced-scaffold_276.3500.4000	neg	0	0	0	0	0	0	0	0	0	0	0
unplaced-scaffold_291.2500.3000	neg	0	0	0	0	0	0	0	0	0	0	0
unplaced-scaffold_297.4000.4500	neg	0	0	0	0	0	0	0	0	0	0	0
unplaced-scaffold_325.1000.1500	neg	0	0	0	0	0	0	0	0	0	0	0
unplaced-scaffold_330.5000.5500	neg	0	0	0	0	0	0	0	0	0	0	0
unplaced-scaffold_330.8000.8500	neg	0	0	0	0	0	0	0	0	0	0	0
unplaced-scaffold_441.2000.2203	neg	1	1	0	0	1	0	0	0	0	1	0
