peak	Class	H2Aub	H2AZ	H3	H3K4me1	H3K4me3	H3K9ac	H3K9me1	H3K14ac	H3K27me1	H3K27me3	H3K36me3
chr1.175209.175310	pos	0	1	1	1	1	1	1	0	1	1	1
chr1.175686.175887	pos	0	1	1	1	1	1	1	0	1	1	1
chr1.176121.179014	pos	1	1	1	1	1	1	1	1	1	1	1
chr1.196397.198246	pos	1	1	1	1	1	1	1	1	1	1	1
chr1.237492.237992	pos	1	1	0	1	1	1	1	1	1	0	1
chr1.560792.561061	pos	1	1	1	1	1	1	1	0	1	1	0
chr1.591612.591710	pos	0	1	1	1	1	0	1	1	1	0	1
chr1.761919.762012	pos	0	1	1	0	0	0	1	0	0	0	0
chr1.793972.795516	pos	1	1	1	1	1	1	1	1	1	1	1
chr1.1448365.1448534	pos	0	1	0	1	1	1	0	1	0	0	1
chr1.2411735.2412314	pos	0	1	1	1	1	1	1	1	1	1	1
chr1.2413240.2413393	pos	0	1	1	1	1	1	1	1	1	1	1
chr1.3538390.3538480	pos	0	1	1	1	1	1	1	1	1	0	1
chr1.3610287.3610379	pos	0	0	1	0	0	0	1	0	1	0	0
chr1.3759627.3759697	pos	0	0	0	1	0	0	0	0	0	0	1
chr1.3868881.3869418	pos	0	1	1	1	1	1	1	0	1	1	1
chr1.3878677.3879228	pos	0	1	1	1	1	1	1	1	1	1	1
chr1.4129684.4129789	pos	0	1	1	1	1	1	1	0	1	0	1
chr1.4348816.4348920	pos	0	0	0	0	0	0	0	0	0	0	0
chr1.5382584.5382696	pos	0	0	1	0	0	1	1	0	1	0	0
chr1.5557662.5557770	pos	0	0	1	0	0	0	1	0	1	0	0
chr1.5765425.5765736	pos	0	1	1	1	1	1	1	1	1	1	1
chr1.5945367.5945440	pos	0	1	1	1	1	1	1	1	1	1	1
chr1.5990165.5990234	pos	0	1	0	1	0	0	1	1	1	0	1
chr1.6148055.6148260	pos	1	1	1	1	1	1	1	1	1	0	1
chr1.6236227.6236302	pos	0	0	0	0	0	0	1	0	1	0	0
chr1.6505638.6505938	pos	0	1	1	1	0	0	1	1	1	1	1
chr1.6832853.6832943	pos	0	0	0	1	0	0	0	0	0	0	1
chr1.6964446.6964546	pos	0	1	1	1	1	1	1	1	1	0	1
chr1.7466169.7466296	pos	0	1	1	1	1	1	1	1	1	0	1
chr1.7626237.7626574	pos	0	1	1	1	1	1	1	0	1	1	1
chr1.7975788.7975920	pos	0	0	0	0	0	0	1	0	1	0	0
chr1.8317533.8317923	pos	1	1	1	1	1	1	0	1	0	0	1
chr1.8641073.8641220	pos	0	1	1	1	1	1	1	0	1	0	1
chr1.8710731.8711363	pos	1	1	0	0	1	1	0	0	0	0	1
chr1.8830631.8830769	pos	0	1	0	1	1	0	0	1	0	0	1
chr1.8983773.8983949	pos	0	0	0	0	0	0	1	0	1	0	0
chr1.9083409.9084019	pos	1	1	0	1	1	1	0	1	0	1	0
chr1.9142538.9142897	pos	0	0	1	0	0	0	1	0	1	0	0
chr1.9239527.9239612	pos	0	1	0	1	1	1	1	0	1	1	1
chr1.9952433.9952743	pos	0	0	0	0	0	0	0	0	0	0	0
chr1.10338157.10338314	pos	0	0	1	0	0	0	1	0	1	0	0
chr1.10440421.10440647	pos	1	1	0	1	1	0	1	1	1	0	1
chr1.11294506.11294832	pos	0	1	1	1	1	1	1	1	1	1	1
chr1.11399860.11400015	pos	0	1	0	0	0	1	1	1	1	0	1
chr1.11467551.11467869	pos	0	1	1	1	1	1	1	0	1	1	1
chr1.12349827.12349896	pos	0	0	0	0	0	1	1	0	1	0	0
chr1.12590653.12590763	pos	0	0	1	1	1	0	0	1	0	0	1
chr1.12708853.12709624	pos	1	0	0	0	1	1	0	1	0	0	1
chr1.12810398.12810518	pos	0	1	1	1	0	1	1	1	1	0	1
chr1.12938129.12938212	pos	0	1	0	1	1	1	1	0	1	1	1
chr1.13094299.13094389	pos	0	1	0	0	0	1	1	0	0	0	1
chr1.13168339.13168569	pos	0	0	0	0	0	0	1	0	1	0	0
chr1.13276555.13277171	pos	0	1	1	1	1	1	1	0	1	1	1
chr1.13666420.13666635	pos	0	0	1	0	0	0	1	0	1	0	0
chr1.14255371.14255645	pos	0	0	1	0	0	0	1	0	1	1	1
chr1.14658323.14658402	pos	0	0	1	0	0	0	1	0	1	0	0
chr1.15156220.15156853	pos	0	1	1	1	1	1	1	1	1	1	1
chr1.15157005.15157461	pos	0	1	1	1	1	1	1	1	1	1	1
chr1.15163394.15163554	pos	0	1	1	1	1	1	1	1	1	1	1
chr1.15164268.15164880	pos	0	1	1	1	1	1	1	1	1	1	1
chr1.15266297.15266573	pos	0	1	1	1	1	1	1	0	1	1	1
chr1.15779956.15780070	pos	0	0	1	0	0	0	1	0	1	0	0
chr1.16001392.16001508	pos	0	0	1	0	0	0	1	0	1	0	0
chr1.16002038.16002103	pos	0	0	1	0	0	0	1	0	1	0	0
chr1.16002413.16002512	pos	0	0	1	0	0	0	1	0	1	0	0
chr1.16237285.16237352	pos	0	0	1	0	0	0	1	0	1	0	0
chr1.16278648.16278787	pos	0	0	0	0	0	0	1	0	1	0	0
chr1.16419165.16419728	pos	0	1	1	1	1	1	1	1	1	1	1
chr1.16433393.16433779	pos	0	0	1	0	0	0	1	0	1	1	0
chr1.17120700.17120801	pos	0	1	0	1	1	0	1	0	1	0	1
chr1.17238425.17238543	pos	0	0	0	1	0	0	1	0	1	0	0
chr1.17756697.17757066	pos	1	1	0	0	1	1	0	1	0	1	0
chr1.18300139.18300291	pos	1	0	1	0	1	1	0	1	0	0	1
chr1.18936756.18936863	pos	0	0	1	0	0	0	1	0	1	0	0
chr1.19050489.19051234	pos	0	1	1	1	1	1	1	0	1	1	1
chr1.19511790.19511887	pos	0	0	1	0	0	0	1	0	1	0	0
chr1.19529075.19529172	pos	0	1	0	0	0	0	1	1	0	0	0
chr1.19750867.19751008	pos	0	1	1	0	0	0	1	0	0	0	0
chr1.19814856.19816154	pos	0	1	1	1	1	1	1	1	1	1	1
chr1.19816254.19816847	pos	0	1	1	1	1	1	1	1	1	1	1
chr1.19858731.19858935	pos	1	0	0	0	1	0	0	0	0	0	1
chr1.20225486.20225981	pos	1	1	0	1	1	0	0	1	0	1	0
chr1.20533041.20533197	pos	0	0	1	0	0	0	1	0	1	0	0
chr1.20703757.20704053	pos	0	1	1	1	1	1	0	1	1	0	1
chr1.20863164.20863706	pos	0	1	1	1	0	1	1	0	1	1	0
chr1.20864005.20864224	pos	0	1	1	1	0	1	1	0	1	1	0
chr1.20916307.20916657	pos	0	1	1	0	0	1	1	1	1	0	1
chr1.20933014.20933184	pos	1	1	0	1	1	0	0	1	0	0	1
chr1.21927963.21928093	pos	0	1	1	1	1	0	0	0	1	0	1
chr1.22103763.22103846	pos	0	0	0	1	1	1	0	1	0	0	1
chr1.22338863.22338932	pos	0	0	1	0	0	0	1	0	1	0	0
chr1.23024062.23024132	pos	0	1	0	1	0	0	1	0	0	1	0
chr1.23160944.23161083	pos	0	1	1	0	1	1	1	1	1	0	1
chr1.23641918.23642141	pos	0	0	1	1	1	0	0	1	0	0	1
chr1.23809194.23809263	pos	0	0	1	0	0	0	1	0	1	0	0
chr1.24437596.24437910	pos	1	1	0	0	1	1	0	1	0	0	0
chr1.24616012.24616276	pos	0	0	0	0	1	1	0	1	0	0	1
chr1.25085731.25085991	pos	1	1	1	1	1	1	1	1	0	0	1
chr1.25927108.25927256	pos	1	1	0	1	1	1	1	1	1	0	1
chr1.26317835.26317926	pos	1	1	1	1	1	1	1	1	1	1	1
chr1.26337523.26337674	pos	0	1	0	1	1	1	0	1	0	0	1
chr1.26366436.26366935	pos	0	1	1	1	1	1	1	1	1	1	1
chr1.26367127.26367318	pos	0	1	1	1	1	1	1	1	1	1	1
chr1.26390623.26390779	pos	0	1	1	0	0	1	1	0	1	0	0
chr1.26611262.26611327	pos	0	0	0	1	0	0	0	0	0	0	1
chr1.26845617.26845683	pos	0	0	1	1	0	0	0	1	0	0	1
chr1.26917023.26917138	pos	0	0	0	1	1	0	0	1	0	0	1
chr1.27003249.27003354	pos	0	1	0	1	1	0	0	1	0	1	0
chr1.27127993.27128513	pos	1	1	0	0	1	1	0	0	0	1	0
chr1.27464006.27464073	pos	0	1	0	1	1	1	1	1	1	0	1
chr1.27490828.27490893	pos	0	1	0	1	0	0	0	1	0	0	1
chr1.27552120.27552372	pos	1	1	1	1	1	1	1	1	1	0	0
chr1.27641254.27641324	pos	0	0	1	0	0	0	1	0	0	0	0
chr1.28108016.28108583	pos	0	1	0	1	1	1	1	1	1	0	1
chr1.28583455.28583853	pos	0	1	0	0	1	0	1	0	0	0	1
chr1.28850377.28850596	pos	0	1	1	0	0	1	1	0	1	0	0
chr1.29029400.29029564	pos	0	1	1	0	1	1	1	0	1	0	0
chr1.29431267.29431340	pos	0	0	0	0	0	0	1	0	1	1	0
chr1.29450099.29452272	pos	1	1	1	1	1	1	0	1	0	0	0
chr1.29453719.29453855	pos	0	1	0	1	1	0	0	1	0	0	1
chr1.29501483.29501582	pos	0	0	1	0	0	0	1	0	1	0	0
chr1.29866687.29866957	pos	0	1	0	1	1	1	1	1	0	0	1
chr1.30160694.30160839	pos	0	1	1	1	1	1	1	0	1	1	1
chr1.30401372.30401472	pos	1	1	0	0	1	1	0	1	0	0	1
chr1.30457470.30457565	pos	1	1	1	1	1	0	1	1	1	1	1
chr2.414495.414639	pos	0	0	0	1	1	0	0	1	0	0	1
chr2.424129.424209	pos	0	0	1	1	0	0	0	1	0	0	1
chr2.686158.686261	pos	1	1	0	0	1	0	0	1	0	1	0
chr2.1068233.1068444	pos	1	1	1	1	1	0	0	1	1	1	0
chr2.1798968.1799104	pos	1	1	0	1	1	0	1	1	0	1	0
chr2.1886763.1887381	pos	0	1	1	1	1	1	1	0	1	1	0
chr2.2228286.2228379	pos	0	1	0	0	1	1	1	0	0	0	1
chr2.2517805.2518022	pos	0	1	0	0	1	0	1	1	1	0	0
chr2.2555428.2555575	pos	1	1	0	1	1	0	0	1	0	1	0
chr2.2711634.2711721	pos	0	0	0	0	0	0	0	0	0	1	0
chr2.2863078.2863158	pos	1	1	0	1	1	0	1	1	0	1	0
chr2.2904726.2904794	pos	0	0	0	0	0	0	1	0	1	0	0
chr2.3718005.3718222	pos	0	1	1	0	0	0	1	0	1	1	0
chr2.3849731.3849911	pos	1	1	0	1	1	0	0	1	0	1	0
chr2.3983653.3984187	pos	1	1	0	1	1	0	0	1	0	1	0
chr2.4434035.4434341	pos	0	0	1	1	1	1	1	1	1	0	1
chr2.4478492.4478716	pos	0	0	1	0	0	0	1	0	1	0	0
chr2.4662233.4662305	pos	0	0	0	0	0	0	1	0	1	0	0
chr2.4720763.4720852	pos	0	0	1	0	0	0	1	0	0	1	0
chr2.4848061.4848126	pos	0	0	0	1	0	0	0	1	0	0	1
chr2.5679433.5680765	pos	0	1	1	1	1	1	1	0	1	1	1
chr2.6340145.6340213	pos	0	0	0	0	0	0	1	0	0	1	0
chr2.7340320.7340507	pos	0	0	1	0	0	0	1	0	1	1	0
chr2.7514282.7514469	pos	0	0	1	0	0	0	1	0	1	0	0
chr2.7852680.7852791	pos	0	1	0	1	0	1	0	1	0	0	1
chr2.8049891.8050009	pos	0	0	0	0	0	0	1	0	1	0	0
chr2.8334007.8334199	pos	0	0	1	1	0	1	1	1	1	0	0
chr2.8585751.8585815	pos	1	0	1	1	1	0	0	1	0	0	1
chr2.8612162.8612327	pos	1	0	0	0	1	0	0	0	0	0	0
chr2.8862430.8862496	pos	1	1	1	1	1	0	0	1	0	1	0
chr2.8870166.8870231	pos	1	1	0	1	1	0	0	1	0	1	0
chr2.9579405.9579554	pos	0	1	1	1	1	1	1	1	1	1	1
chr2.9579895.9581426	pos	0	1	1	1	1	1	1	1	1	1	1
chr2.9654315.9654514	pos	0	1	1	0	0	0	1	0	0	1	0
chr2.9701469.9701586	pos	1	1	0	1	1	0	0	1	0	0	1
chr2.9811609.9811778	pos	0	0	1	0	0	0	1	0	1	0	1
chr2.9940983.9941121	pos	1	1	1	1	1	1	1	1	1	1	1
chr2.10204307.10204431	pos	1	1	0	0	0	1	1	0	1	1	0
chr2.10668801.10669250	pos	0	1	1	1	1	1	1	1	0	1	0
chr2.10756111.10756239	pos	0	0	1	1	1	1	0	1	0	0	1
chr2.10864434.10864536	pos	0	1	0	1	1	1	1	1	1	0	1
chr2.11064831.11065231	pos	0	1	0	1	0	0	1	1	1	0	1
chr2.11108579.11108698	pos	0	0	0	1	1	0	0	1	0	0	1
chr2.11203344.11203434	pos	1	1	0	1	1	1	0	1	0	0	0
chr2.11241035.11241295	pos	1	1	0	1	1	0	1	0	1	1	0
chr2.11786874.11787059	pos	0	1	0	1	0	0	0	1	0	0	1
chr2.11861595.11862204	pos	0	1	0	1	1	1	1	1	1	0	1
chr2.11963230.11963338	pos	1	1	1	1	1	0	0	1	0	1	0
chr2.12274517.12275430	pos	0	1	1	1	0	1	1	0	1	1	0
chr2.12275547.12275914	pos	0	1	1	1	0	1	1	0	1	1	0
chr2.12514142.12514241	pos	0	0	1	0	0	0	1	0	0	1	0
chr2.12637812.12638072	pos	0	1	0	1	1	1	1	1	1	1	1
chr2.12916884.12917950	pos	0	1	1	1	1	1	1	1	1	1	1
chr2.12920013.12920076	pos	0	1	1	1	0	1	1	0	1	0	0
chr2.12948687.12948971	pos	0	1	1	1	0	1	1	0	1	0	1
chr2.13075223.13075384	pos	0	0	1	0	0	0	1	0	1	0	0
chr2.13075812.13075913	pos	0	0	1	0	0	0	1	0	1	0	0
chr2.13096669.13096788	pos	0	1	1	0	0	1	1	0	0	0	0
chr2.13207932.13207999	pos	0	0	0	0	0	0	1	0	1	0	0
chr2.13219107.13219219	pos	0	1	1	0	1	1	1	1	1	0	1
chr2.13501231.13501627	pos	1	1	0	1	1	1	0	1	0	1	0
chr2.13835146.13835316	pos	1	1	1	1	1	0	0	1	1	0	0
chr2.13921434.13921562	pos	1	1	1	1	1	0	1	1	1	1	0
chr2.13932535.13932635	pos	1	1	1	1	1	1	1	1	0	1	0
chr2.15631809.15631908	pos	1	1	0	1	1	1	0	1	0	1	0
chr2.15647936.15648120	pos	0	0	0	0	0	0	1	0	0	1	0
chr2.15689823.15690136	pos	0	1	1	0	0	1	1	0	1	1	0
chr2.15950014.15950288	pos	0	1	1	1	0	0	1	0	1	0	1
chr2.15952832.15952901	pos	0	0	1	0	0	0	1	0	1	0	0
chr2.16366594.16366716	pos	0	0	0	0	0	0	1	0	1	1	0
chr2.16685478.16685674	pos	0	1	1	0	0	0	1	0	1	0	1
chr2.16918903.16919035	pos	1	1	1	1	1	1	1	1	0	1	1
chr2.17239113.17239735	pos	0	1	1	1	1	1	1	1	1	0	1
chr2.17403574.17403870	pos	0	0	1	1	1	1	1	0	1	0	1
chr2.18068542.18068687	pos	0	0	0	0	0	0	1	0	1	0	0
chr2.18087989.18088218	pos	0	0	1	0	0	1	1	0	1	1	0
chr2.19061758.19061873	pos	0	0	1	0	0	0	1	0	1	0	0
chr2.19141932.19142094	pos	0	0	1	1	0	0	0	1	0	0	1
chr2.19722686.19723958	pos	1	1	1	1	1	1	1	1	1	1	1
chr2.19731247.19731358	pos	0	0	0	0	0	0	1	0	1	0	0
chr2.19809077.19809182	pos	1	1	1	1	1	1	1	1	1	1	1
chr2.20054028.20054158	pos	1	1	0	1	1	0	0	1	0	1	0
chr2.20186760.20186834	pos	0	0	0	0	0	0	1	0	1	1	0
chr2.21160046.21160615	pos	0	1	1	1	1	1	1	0	1	1	0
chr2.21293590.21293847	pos	1	1	0	0	1	0	0	0	0	1	0
chr2.21374452.21374519	pos	0	0	0	1	1	0	0	1	0	0	1
chr2.21476172.21476270	pos	0	0	1	0	0	0	1	0	1	0	0
chr2.22079772.22080102	pos	1	1	1	1	1	1	1	1	1	1	0
chr2.22601920.22602453	pos	0	0	1	0	0	0	1	0	0	1	0
chr2.23711696.23711831	pos	0	1	1	1	1	0	0	1	1	0	1
chr2.23742119.23742415	pos	1	1	0	1	1	1	1	1	0	0	1
chr2.24060499.24060758	pos	1	1	0	1	1	1	1	1	0	0	1
chr2.24318922.24319015	pos	0	1	1	1	1	1	1	1	1	1	1
chr2.24319160.24319542	pos	0	1	1	1	1	1	1	1	1	1	1
chr2.24441993.24442066	pos	0	0	1	1	0	1	0	0	0	0	1
chr2.25223613.25223702	pos	0	0	0	0	0	0	1	0	1	0	0
chr2.25784554.25784675	pos	0	0	1	1	0	1	1	0	1	0	0
chr2.26699577.26699642	pos	0	1	0	1	0	0	1	0	0	1	0
chr2.26887320.26887422	pos	1	1	0	1	1	0	0	1	0	1	0
chr2.27103504.27103615	pos	1	1	0	1	1	0	1	1	0	1	0
chr2.27138993.27139088	pos	0	1	0	1	0	0	0	1	0	1	0
chr2.27437868.27437966	pos	0	1	0	1	1	0	0	1	0	1	0
chr2.27473464.27473622	pos	0	0	1	1	1	0	1	1	1	0	1
chr2.27646462.27646724	pos	0	0	1	0	0	1	1	0	1	0	0
chr2.27965565.27965715	pos	1	1	0	0	1	1	1	1	1	0	1
chr2.27996196.27996496	pos	0	1	1	1	1	1	1	1	1	1	1
chr2.29192680.29192916	pos	0	1	1	1	1	1	1	1	1	1	1
chr2.29513282.29513356	pos	0	0	0	0	0	0	1	0	1	0	0
chr2.29616233.29616940	pos	0	1	1	1	0	1	1	0	1	1	0
chr3.11379.11857	pos	0	1	0	0	1	1	0	1	0	0	1
chr3.193586.193677	pos	0	0	0	0	0	0	1	0	1	0	0
chr3.419138.419284	pos	0	1	1	0	0	0	1	0	1	0	0
chr3.500272.500785	pos	1	0	0	0	1	1	0	0	0	1	0
chr3.871375.871524	pos	0	1	0	0	0	0	1	0	0	0	0
chr3.1289731.1290132	pos	0	1	0	1	1	1	1	1	1	0	1
chr3.1422932.1423212	pos	0	0	1	1	1	0	0	1	0	0	1
chr3.1487214.1487451	pos	0	1	1	1	0	1	1	0	1	1	0
chr3.1806985.1807091	pos	0	0	1	0	0	0	1	0	1	0	0
chr3.2002273.2002503	pos	0	0	1	0	0	0	1	0	0	1	0
chr3.2310147.2310296	pos	0	0	1	1	0	0	0	0	0	0	1
chr3.2398389.2398465	pos	0	1	0	1	1	1	1	1	1	0	1
chr3.2549222.2549302	pos	1	1	1	1	1	0	0	1	0	0	0
chr3.2659368.2659527	pos	1	1	0	1	1	0	1	1	1	1	1
chr3.2776064.2776457	pos	0	1	1	0	0	0	1	0	1	0	0
chr3.4388153.4388317	pos	1	1	0	1	1	0	0	0	0	1	0
chr3.4501485.4501559	pos	0	1	1	0	0	0	1	0	1	0	0
chr3.5378042.5378309	pos	0	1	1	0	0	0	1	0	1	1	0
chr3.6538422.6538544	pos	1	1	1	0	0	0	1	0	0	0	0
chr3.6741912.6742431	pos	1	1	1	0	1	1	1	1	0	1	1
chr3.6863644.6863782	pos	0	0	0	0	0	0	1	0	1	0	0
chr3.7516537.7517226	pos	1	1	0	0	1	1	0	1	0	0	1
chr3.7521657.7521830	pos	0	1	1	1	1	1	1	1	1	0	1
chr3.7668652.7668724	pos	1	1	1	0	0	0	1	0	0	1	0
chr3.7825862.7826010	pos	1	1	0	1	1	0	0	1	0	0	1
chr3.7919418.7919484	pos	0	1	0	1	1	1	1	1	1	1	1
chr3.7920067.7920163	pos	0	1	0	1	1	1	1	1	1	1	1
chr3.7984573.7984683	pos	1	1	0	1	1	1	1	1	1	0	1
chr3.8074090.8074294	pos	0	1	0	1	1	1	1	0	1	1	0
chr3.8393592.8393698	pos	0	0	1	1	1	1	0	0	0	0	1
chr3.8617423.8617528	pos	0	0	1	0	0	0	1	0	1	0	0
chr3.9462064.9462210	pos	0	1	1	1	1	1	1	0	1	1	1
chr3.9464539.9464754	pos	1	1	0	1	1	0	0	1	0	1	0
chr3.9765986.9766086	pos	1	1	1	1	1	1	1	1	1	0	1
chr3.9832726.9832851	pos	0	1	1	0	0	0	1	0	1	1	0
chr3.10120965.10121054	pos	1	1	0	1	1	0	0	1	0	1	0
chr3.10792063.10792363	pos	0	0	1	1	0	1	1	1	1	1	0
chr3.10910422.10910643	pos	0	0	1	0	0	0	1	0	1	0	0
chr3.10914311.10914396	pos	0	0	0	1	0	0	1	0	1	1	0
chr3.11546349.11546619	pos	0	0	1	0	0	0	1	0	1	1	0
chr3.11832510.11832854	pos	0	1	1	1	1	0	1	1	1	1	1
chr3.12124983.12125085	pos	0	0	1	0	0	0	1	0	1	1	0
chr3.12150914.12151062	pos	0	0	1	0	0	0	1	0	0	1	0
chr3.12509750.12509916	pos	1	1	1	1	1	0	1	0	0	1	0
chr3.13137968.13138085	pos	0	1	1	1	0	0	1	0	0	1	0
chr3.13325291.13326665	pos	1	1	1	1	1	1	1	0	1	1	1
chr3.13327508.13327581	pos	0	1	1	1	1	1	0	0	0	1	1
chr3.13549793.13550084	pos	1	1	1	1	1	1	1	0	0	1	0
chr3.13557781.13557934	pos	1	1	1	1	1	0	1	1	0	1	0
chr3.13558403.13558545	pos	1	1	1	1	1	0	1	1	0	1	0
chr3.13846851.13846953	pos	1	1	0	1	1	0	0	1	0	1	0
chr3.14102930.14103370	pos	0	1	1	1	1	1	1	1	1	1	1
chr3.14283304.14283374	pos	0	1	0	1	0	0	0	0	1	0	0
chr3.14798833.14798901	pos	0	0	1	1	0	0	0	0	0	0	1
chr3.15046542.15046684	pos	1	1	0	1	1	1	1	1	1	0	1
chr3.15054751.15055335	pos	0	0	1	1	1	1	1	1	1	1	1
chr3.15338040.15338121	pos	0	1	1	1	0	1	1	0	1	0	1
chr3.15359274.15359380	pos	0	1	0	1	1	1	0	1	0	0	1
chr3.15868336.15868399	pos	0	0	0	0	0	0	1	0	1	0	0
chr3.15924187.15924397	pos	0	1	1	1	1	1	1	1	1	1	0
chr3.16015044.16015113	pos	0	0	1	0	0	0	1	0	1	0	0
chr3.16122473.16122667	pos	1	0	1	1	1	0	0	1	0	0	1
chr3.16729517.16729769	pos	1	1	0	1	1	1	1	1	1	1	0
chr3.16908727.16908820	pos	0	0	1	0	0	0	1	0	1	0	0
chr3.17405619.17405775	pos	0	0	1	0	0	0	1	0	1	0	0
chr3.17416302.17416378	pos	0	0	1	0	0	0	1	0	1	0	0
chr3.17676422.17676514	pos	1	1	0	1	1	0	1	1	0	1	0
chr3.17987998.17988139	pos	1	1	1	1	1	0	1	1	1	0	0
chr3.17996053.17996182	pos	0	0	0	0	0	0	1	0	1	0	0
chr3.18010170.18010298	pos	1	1	0	1	1	1	0	1	0	0	1
chr3.18316572.18316685	pos	0	1	0	1	0	0	1	1	1	0	0
chr3.18721964.18722055	pos	0	1	0	1	1	0	0	1	0	1	0
chr3.18732210.18732346	pos	1	1	0	1	1	0	0	1	0	1	0
chr3.18732526.18732614	pos	1	1	0	1	1	0	0	1	0	1	0
chr3.19087616.19087804	pos	0	1	1	1	1	1	1	1	1	1	1
chr3.19390507.19390613	pos	0	0	0	0	0	0	1	0	1	0	0
chr3.19466305.19466385	pos	0	0	0	0	0	0	0	0	0	0	0
chr3.19893324.19893400	pos	0	0	1	0	0	0	1	0	0	1	0
chr3.19962730.19963006	pos	1	1	0	1	1	0	0	1	0	1	0
chr3.21212312.21212466	pos	0	1	1	1	0	0	1	0	1	1	1
chr3.22696049.22696216	pos	0	1	1	0	0	1	1	1	0	0	1
chr3.22769066.22769158	pos	1	0	0	0	1	1	0	1	0	0	1
chr3.22897006.22897174	pos	0	0	1	1	1	0	0	1	0	0	1
chr3.22994251.22994320	pos	1	1	1	1	1	0	1	1	1	1	0
chr3.23572094.23572179	pos	0	0	0	0	0	0	1	0	1	0	0
chr3.23754767.23754855	pos	0	1	1	1	0	0	1	1	1	0	0
chr3.24278302.24278636	pos	0	1	1	1	0	0	1	0	1	0	1
chr3.25463483.25464109	pos	1	1	1	1	1	1	1	1	1	1	1
chr3.25464511.25464820	pos	1	1	1	1	1	1	1	1	1	1	1
chr3.25559721.25560304	pos	0	1	1	1	1	1	1	1	1	1	1
chr3.25838707.25838951	pos	0	1	1	1	1	0	1	1	1	1	0
chr3.26134315.26134695	pos	0	0	1	0	0	0	1	0	1	0	0
chr3.26177324.26177397	pos	0	0	1	0	0	1	1	0	0	0	0
chr3.26266544.26266626	pos	0	1	1	1	1	1	1	1	1	1	0
chr3.26449091.26449379	pos	0	1	0	0	0	0	1	0	1	1	0
chr3.26477387.26477515	pos	0	0	1	0	0	0	1	0	1	0	0
chr3.26597390.26597635	pos	0	0	1	0	0	0	1	0	1	0	0
chr3.27076209.27076277	pos	0	0	0	0	0	0	1	0	1	0	0
chr4.51925.52023	pos	0	1	0	1	1	1	1	1	1	0	1
chr4.199357.199461	pos	0	1	1	1	1	1	1	1	1	0	0
chr4.297220.297353	pos	1	1	1	0	1	1	1	0	0	1	0
chr4.591591.591784	pos	1	1	0	1	1	1	0	0	0	1	0
chr4.784321.784649	pos	0	0	1	0	0	1	1	0	1	1	0
chr4.1276424.1276634	pos	0	0	1	0	0	0	1	0	1	1	0
chr4.1923130.1923736	pos	0	1	0	1	1	1	0	1	0	0	1
chr4.2063045.2063338	pos	1	1	0	1	1	1	1	0	1	0	1
chr4.2270861.2270985	pos	0	1	1	1	0	1	1	1	0	0	1
chr4.2345731.2345816	pos	0	0	1	0	0	0	0	0	0	1	0
chr4.2521743.2521928	pos	0	1	1	1	1	1	1	1	1	0	1
chr4.3146431.3146785	pos	1	1	0	0	1	1	0	1	0	0	1
chr4.3150509.3150660	pos	0	1	0	1	1	1	1	0	1	0	1
chr4.3622273.3622616	pos	0	1	1	1	1	0	1	1	1	1	1
chr4.3645714.3645903	pos	0	1	0	0	1	0	1	0	1	1	0
chr4.4533784.4534319	pos	0	1	1	1	1	1	1	1	1	1	1
chr4.4552697.4554677	pos	1	1	1	1	1	1	1	1	1	1	1
chr4.5262825.5262947	pos	0	1	0	0	0	0	1	0	0	1	0
chr4.5326421.5326719	pos	0	1	0	1	1	0	1	1	0	1	0
chr4.5400909.5400995	pos	1	1	1	1	1	0	1	1	0	1	0
chr4.5764531.5764606	pos	1	1	0	1	1	0	0	1	0	1	0
chr4.5952664.5952981	pos	0	0	1	1	1	1	1	0	1	1	0
chr4.5965391.5965455	pos	0	1	0	1	1	1	1	1	1	0	1
chr4.6245905.6246428	pos	0	1	1	1	1	1	1	1	1	1	1
chr4.6560792.6561082	pos	1	1	0	1	1	0	0	1	0	0	1
chr4.7250891.7251124	pos	0	0	1	0	0	0	1	0	1	0	0
chr4.7935389.7935492	pos	0	1	1	1	1	1	1	1	0	0	1
chr4.8681229.8681369	pos	0	1	0	0	0	0	1	0	0	1	0
chr4.9063459.9063876	pos	0	0	1	0	0	1	1	0	1	0	0
chr4.9064599.9064844	pos	0	1	1	1	1	1	0	1	1	0	1
chr4.9137276.9137349	pos	0	1	0	1	0	1	1	0	1	1	1
chr4.9151378.9151517	pos	0	0	0	0	0	0	1	0	1	1	0
chr4.9473461.9473900	pos	0	0	1	0	0	1	1	0	0	1	0
chr4.9611795.9611869	pos	1	1	0	1	1	0	1	1	1	1	0
chr4.9621422.9622820	pos	0	1	1	1	1	1	1	1	1	1	1
chr4.9673566.9673658	pos	0	0	0	1	1	1	0	0	0	0	1
chr4.10248032.10248126	pos	0	1	0	1	1	1	1	1	0	0	0
chr4.10539792.10539861	pos	1	1	0	0	1	1	0	1	0	1	0
chr4.11043747.11043873	pos	0	1	0	0	1	0	1	0	0	1	0
chr4.11274357.11274591	pos	0	1	1	1	1	1	0	1	0	1	1
chr4.12330411.12330513	pos	0	0	1	0	0	0	1	0	1	0	0
chr4.12718422.12718699	pos	0	1	0	1	1	1	1	1	1	0	1
chr4.12803311.12803414	pos	0	1	1	1	0	0	1	0	1	0	0
chr4.12869049.12869311	pos	0	1	1	1	1	1	1	0	1	0	0
chr4.12878516.12878629	pos	0	1	0	1	0	0	1	0	1	0	1
chr4.12918837.12918957	pos	0	1	1	1	1	0	1	1	1	0	1
chr4.13080356.13080477	pos	0	1	0	0	0	1	0	0	0	0	0
chr4.14178781.14178967	pos	0	0	1	0	0	0	1	0	1	0	0
chr4.14325903.14325977	pos	1	1	0	1	1	0	0	1	0	1	0
chr4.15000771.15000902	pos	1	0	0	0	1	1	0	0	0	0	1
chr4.15348544.15348607	pos	0	0	0	0	0	0	1	0	0	1	0
chr4.16050301.16050597	pos	0	1	1	1	1	1	1	1	1	1	1
chr4.16512000.16512207	pos	0	0	0	0	0	0	1	0	1	0	0
chr4.16578752.16578822	pos	0	0	0	0	0	0	1	0	0	0	0
chr4.16617224.16617896	pos	1	1	1	1	1	1	1	0	1	1	1
chr4.16621482.16621601	pos	1	1	0	1	1	0	0	0	0	1	0
chr4.16624312.16624560	pos	1	1	0	0	1	0	0	0	0	1	0
chr4.17475015.17475148	pos	0	0	1	1	1	1	1	1	1	0	1
chr4.17475351.17475536	pos	0	0	1	1	1	1	1	1	1	0	1
chr4.18366458.18367247	pos	0	0	0	0	1	1	0	0	0	0	1
chr4.18633319.18633398	pos	0	0	1	0	0	0	1	0	1	1	0
chr4.18643662.18644024	pos	1	1	0	1	1	1	0	1	0	0	1
chr4.18875749.18875846	pos	1	1	1	1	1	0	0	1	0	1	0
chr4.18965072.18965164	pos	1	1	1	1	1	0	0	1	0	1	0
chr4.19233318.19233406	pos	1	1	0	1	1	1	0	1	1	0	0
chr4.19744179.19744505	pos	0	1	1	1	0	0	1	0	1	0	0
chr4.19875393.19875470	pos	0	1	0	0	0	0	1	0	1	1	0
chr4.19885891.19885983	pos	0	0	0	0	0	0	1	0	1	0	0
chr4.20509722.20509901	pos	0	1	1	1	1	1	1	1	1	0	1
chr4.20609828.20610069	pos	0	1	0	0	1	1	1	1	1	0	1
chr4.20812267.20813154	pos	1	1	1	1	1	1	1	1	1	1	1
chr4.21098632.21098997	pos	1	1	1	1	1	0	1	1	1	1	0
chr4.21442937.21443004	pos	0	0	0	0	0	0	1	0	1	0	0
chr4.21462629.21462818	pos	0	1	1	1	0	0	1	1	1	0	0
chr4.21542836.21542901	pos	0	0	0	0	0	0	1	0	1	1	0
chr4.21659806.21660025	pos	0	0	1	1	1	1	0	1	0	0	1
chr4.21863810.21863905	pos	1	1	0	1	1	0	1	1	0	1	0
chr4.21875508.21875686	pos	1	1	0	1	1	1	1	1	1	1	0
chr4.22162089.22162585	pos	0	1	1	1	1	1	1	1	1	0	1
chr4.22433158.22433337	pos	0	1	1	1	1	0	0	1	0	0	1
chr4.22888432.22888495	pos	0	0	1	0	0	0	1	0	1	0	0
chr4.22941190.22941831	pos	0	1	1	1	1	1	1	1	1	1	1
chr4.22947870.22947940	pos	0	0	0	0	0	0	1	0	1	0	0
chr4.22998501.22998741	pos	0	0	1	0	0	0	1	0	1	0	0
chr4.22999226.22999299	pos	0	0	1	0	0	0	1	0	1	0	0
chr4.23032195.23032276	pos	0	1	1	1	1	0	1	0	1	0	0
chr4.23300363.23300608	pos	0	1	0	0	1	1	0	1	0	1	1
chr4.23544321.23544508	pos	0	1	1	1	1	1	0	1	0	0	0
chr4.23876670.23877225	pos	1	1	1	1	1	1	0	1	0	0	1
chr4.24335404.24335622	pos	0	1	1	1	0	1	1	0	1	1	1
chr4.24504177.24504277	pos	0	1	1	1	0	1	1	0	0	0	0
chr4.24890218.24890659	pos	1	1	0	1	1	0	1	0	1	1	0
chr4.25056417.25056570	pos	1	1	0	1	1	0	1	0	1	1	0
chr4.25087287.25087375	pos	0	0	0	0	0	0	1	0	1	0	0
chr4.25098476.25098558	pos	0	0	0	1	0	0	0	0	0	0	1
chr4.25114507.25114599	pos	1	1	1	1	1	1	1	1	1	0	0
chr4.25232594.25232694	pos	0	1	1	0	0	1	0	0	0	0	0
chr4.25315477.25315566	pos	0	1	1	1	1	0	1	1	0	1	1
chr4.25364819.25364973	pos	1	1	0	1	1	1	0	1	0	0	1
chr4.26180802.26180882	pos	0	0	1	0	0	0	1	0	1	0	0
chr4.26211307.26211820	pos	0	0	1	0	0	1	1	0	1	0	0
chr4.26398310.26398656	pos	1	1	0	0	1	1	0	1	0	0	1
chr4.26513021.26513093	pos	0	0	0	1	0	0	0	1	0	0	1
chr4.26591638.26591803	pos	0	0	0	0	0	0	0	0	1	0	0
chr4.26693454.26693527	pos	0	0	1	0	0	0	1	0	1	0	0
chr5.62773.63101	pos	0	1	0	0	1	1	1	1	1	0	1
chr5.124761.124924	pos	0	1	1	1	0	0	1	1	1	0	1
chr5.159646.159989	pos	0	1	0	1	1	1	0	1	0	0	1
chr5.186906.187058	pos	1	1	0	1	1	1	1	1	1	0	0
chr5.399483.399738	pos	0	0	0	0	0	0	1	0	0	1	0
chr5.2402256.2402326	pos	1	1	0	1	1	1	1	1	0	0	1
chr5.3079046.3079139	pos	1	1	1	1	1	1	1	1	1	1	0
chr5.3192467.3192844	pos	0	1	1	1	0	0	1	1	0	1	0
chr5.3227799.3228091	pos	1	1	0	1	1	0	0	1	0	1	0
chr5.3468726.3468829	pos	0	0	0	1	0	0	0	1	0	0	1
chr5.3866329.3866433	pos	1	1	0	1	1	1	0	1	0	1	0
chr5.4049167.4049596	pos	1	1	1	1	1	1	0	1	0	0	0
chr5.4710553.4710733	pos	0	1	0	0	0	1	1	1	0	1	0
chr5.4729917.4729997	pos	0	0	0	1	0	0	1	0	0	0	1
chr5.4744281.4744396	pos	0	1	1	1	1	1	1	1	0	1	1
chr5.4760940.4761160	pos	0	0	1	0	0	0	1	0	1	1	0
chr5.4804213.4804320	pos	1	1	0	1	1	0	1	0	0	1	0
chr5.4927010.4927312	pos	1	1	0	0	1	1	0	1	0	0	0
chr5.4939614.4939800	pos	1	1	1	1	1	1	1	1	1	0	0
chr5.5846565.5846740	pos	0	1	0	1	1	1	1	1	1	0	1
chr5.5875312.5875758	pos	0	1	0	1	1	1	0	1	0	0	1
chr5.6342887.6343019	pos	0	1	1	1	1	1	1	0	1	1	1
chr5.6618147.6618313	pos	0	1	1	1	1	0	1	0	1	1	1
chr5.6638434.6638860	pos	0	1	1	1	0	1	1	0	1	1	0
chr5.7472590.7472659	pos	1	1	1	1	1	1	0	1	1	0	1
chr5.7640858.7640962	pos	0	0	0	0	0	0	1	0	0	1	0
chr5.8534823.8534939	pos	0	1	0	1	0	0	0	1	0	1	0
chr5.8929277.8929340	pos	0	1	0	1	1	0	1	1	1	0	1
chr5.9238112.9238193	pos	0	1	1	1	0	0	1	0	1	1	0
chr5.9714714.9715533	pos	1	1	0	1	1	1	0	1	0	0	0
chr5.9904269.9904345	pos	0	0	0	0	0	0	1	0	1	0	0
chr5.10131915.10132417	pos	1	1	1	1	1	1	1	1	1	1	1
chr5.10286601.10286703	pos	0	1	0	1	1	0	1	0	1	0	0
chr5.10386306.10387038	pos	0	1	0	1	1	0	0	1	0	0	1
chr5.10643499.10643634	pos	0	0	1	0	0	0	1	0	1	0	0
chr5.10648864.10648995	pos	0	0	0	0	0	0	1	0	1	0	0
chr5.10649172.10649334	pos	0	0	0	0	0	0	1	0	1	0	0
chr5.10983134.10983351	pos	0	1	0	1	1	1	1	1	1	1	1
chr5.11402914.11403052	pos	0	1	1	1	1	0	0	1	0	1	0
chr5.11423271.11424398	pos	0	1	1	1	1	1	1	0	1	1	1
chr5.11424584.11424720	pos	0	1	1	1	1	1	1	0	1	1	1
chr5.11567912.11569660	pos	1	1	1	1	1	1	1	1	1	1	1
chr5.11570145.11571610	pos	1	1	1	1	1	1	1	1	1	1	1
chr5.11571800.11572098	pos	1	1	1	1	1	1	1	1	1	1	1
chr5.11572803.11572920	pos	0	1	1	1	1	1	1	1	1	1	1
chr5.11682573.11682682	pos	0	0	0	1	1	1	0	0	0	0	1
chr5.11950034.11950138	pos	1	1	1	1	1	0	1	1	1	1	0
chr5.12133842.12134087	pos	1	1	0	0	1	1	0	1	0	0	1
chr5.13196368.13196567	pos	0	1	1	1	1	0	1	1	1	1	1
chr5.13216830.13217102	pos	1	1	1	1	1	1	1	1	0	1	0
chr5.13302061.13302252	pos	0	0	1	0	0	0	1	0	0	1	0
chr5.13412363.13413176	pos	1	1	1	1	1	0	1	1	0	1	0
chr5.13416033.13416190	pos	1	1	1	1	1	1	0	1	0	1	0
chr5.13742627.13742863	pos	0	1	1	1	1	1	1	1	1	1	1
chr5.13902592.13902696	pos	0	0	1	0	0	0	1	0	1	0	0
chr5.14206125.14206214	pos	0	1	1	1	0	0	1	0	0	1	0
chr5.14354176.14354247	pos	0	0	1	0	0	0	1	0	1	1	0
chr5.14404598.14404716	pos	0	0	0	1	0	0	0	0	0	0	1
chr5.14989827.14990008	pos	1	1	1	1	1	0	0	1	0	1	0
chr5.15097693.15097793	pos	0	0	1	0	0	0	1	0	0	1	0
chr5.15486764.15486926	pos	1	1	0	1	1	1	0	1	0	1	0
chr5.15569041.15569107	pos	0	0	0	1	0	0	0	1	0	0	1
chr5.16222653.16222750	pos	0	0	0	1	0	0	0	0	1	1	0
chr5.16926467.16926546	pos	0	1	0	1	1	0	1	1	0	1	1
chr5.17025773.17025866	pos	0	1	1	0	1	0	1	0	0	0	0
chr5.17132841.17133321	pos	0	1	1	1	1	1	1	1	1	1	1
chr5.17652385.17652602	pos	0	1	1	1	1	1	1	1	1	0	0
chr5.17730901.17730975	pos	0	1	1	0	0	1	1	1	1	1	0
chr5.18245179.18245242	pos	0	0	0	0	0	0	1	0	0	1	0
chr5.18320950.18321023	pos	0	0	1	0	0	0	0	0	0	1	0
chr5.18615562.18615717	pos	0	1	0	1	0	0	1	1	0	1	0
chr5.19011671.19011744	pos	0	1	0	1	1	0	1	0	1	0	1
chr5.19195340.19195461	pos	0	0	1	0	0	0	1	0	1	0	0
chr5.19281649.19281816	pos	0	1	1	1	1	1	1	1	1	0	0
chr5.19903659.19903758	pos	0	0	0	0	0	0	1	0	1	0	0
chr5.20091110.20091258	pos	0	0	0	0	0	0	1	0	1	0	0
chr5.20444893.20445463	pos	1	1	1	0	1	1	0	1	0	0	1
chr5.20504710.20504910	pos	1	1	1	1	1	0	1	1	0	1	0
chr5.20780262.20780402	pos	1	1	0	1	1	1	1	1	1	0	0
chr5.21033022.21033536	pos	1	1	1	1	1	1	1	1	0	1	0
chr5.21199241.21199408	pos	0	1	1	1	1	1	1	1	1	1	1
chr5.21421312.21421469	pos	0	1	1	0	1	0	1	1	0	1	0
chr5.21771993.21772056	pos	1	1	0	1	1	1	0	1	0	1	1
chr5.21816968.21817237	pos	1	1	0	1	1	1	0	1	0	0	1
chr5.22488846.22488956	pos	0	0	1	1	1	1	1	0	1	1	1
chr5.22597486.22597591	pos	0	0	1	1	0	0	0	0	0	0	1
chr5.22791652.22791723	pos	1	1	0	1	1	0	1	0	1	1	0
chr5.22931395.22931538	pos	0	0	0	0	0	0	1	0	0	1	0
chr5.23018760.23018933	pos	0	1	1	1	1	1	1	1	0	1	1
chr5.23019771.23019960	pos	0	1	1	1	1	1	1	1	1	1	1
chr5.23350814.23350947	pos	0	1	1	1	1	0	1	1	0	1	0
chr5.23631228.23631353	pos	1	1	1	1	1	0	1	1	1	1	0
chr5.24245884.24246162	pos	1	1	1	1	1	1	0	1	0	0	1
chr5.24256671.24256865	pos	0	1	0	1	1	0	1	0	0	0	1
chr5.24413677.24413741	pos	0	0	1	1	1	0	0	1	0	0	1
chr5.24422515.24422685	pos	1	1	0	1	1	1	0	1	0	0	1
chr5.24476048.24476243	pos	1	1	1	0	0	1	1	0	0	1	0
chr5.24555924.24556736	pos	0	1	1	1	0	1	0	1	0	1	1
chr5.24626424.24626544	pos	0	0	1	0	0	0	1	0	1	0	0
chr5.25071575.25071730	pos	0	1	0	1	1	1	1	1	1	0	1
chr5.25241690.25241894	pos	0	0	1	0	0	0	1	0	0	1	0
chr5.25242598.25243291	pos	0	1	1	0	0	1	1	0	0	1	0
chr5.25555378.25555635	pos	1	1	0	1	1	0	1	1	1	1	0
chr5.25584865.25584971	pos	0	1	0	1	1	1	1	1	1	0	0
chr5.26009304.26009399	pos	0	1	0	1	1	0	0	1	0	0	1
chr5.26172489.26172795	pos	0	1	1	1	0	0	1	0	1	1	1
chr5.26247528.26247604	pos	0	0	0	0	0	0	1	0	1	0	0
chr5.26559137.26559248	pos	1	1	0	1	1	1	0	1	0	0	0
chr5.26647694.26647871	pos	0	0	1	1	1	0	1	1	1	0	1
chr5.26677367.26677506	pos	1	1	1	1	1	1	1	1	1	0	1
chr6.525835.525936	pos	0	1	1	1	0	0	1	0	1	1	1
chr6.577543.577928	pos	0	0	1	0	0	0	1	0	1	0	0
chr6.887750.888125	pos	0	1	0	1	1	1	1	1	1	0	1
chr6.931737.931842	pos	0	0	0	0	0	0	1	0	1	1	0
chr6.1097776.1097942	pos	1	1	0	1	1	0	1	1	1	1	0
chr6.1285272.1285361	pos	0	1	1	0	0	1	1	1	0	0	0
chr6.1417487.1417933	pos	0	0	0	0	0	0	1	0	1	0	0
chr6.1790646.1790957	pos	0	1	1	1	1	1	1	0	1	1	0
chr6.1945759.1945850	pos	0	1	1	1	1	1	1	1	1	1	1
chr6.2195655.2195731	pos	1	1	1	1	1	0	0	1	0	0	1
chr6.2547343.2547470	pos	0	1	0	0	1	1	1	0	0	1	0
chr6.2703946.2704048	pos	0	1	0	1	0	0	1	0	1	0	0
chr6.3328640.3328811	pos	1	1	1	1	1	1	1	1	1	0	0
chr6.3336821.3337371	pos	1	1	0	0	1	1	0	1	0	0	1
chr6.3398057.3398223	pos	1	1	0	1	1	0	0	0	0	1	0
chr6.3843002.3843177	pos	0	0	0	1	0	0	0	0	0	0	1
chr6.4185622.4185901	pos	0	1	0	1	1	1	1	1	1	1	0
chr6.4905259.4905377	pos	0	1	1	1	1	1	1	0	0	0	0
chr6.4961662.4961847	pos	0	0	0	0	0	0	1	0	1	1	0
chr6.5086430.5086548	pos	1	1	0	0	1	1	0	1	0	0	0
chr6.5555732.5555807	pos	0	0	0	1	0	0	0	0	0	0	1
chr6.5569885.5570174	pos	0	1	0	1	1	1	1	1	1	0	1
chr6.5591461.5591602	pos	0	0	1	0	0	0	1	0	1	1	0
chr6.5626131.5626355	pos	1	1	0	1	1	0	0	1	0	1	0
chr6.5681606.5681697	pos	0	1	0	1	0	0	1	1	0	1	0
chr6.5902242.5902323	pos	0	1	0	1	1	0	1	1	0	0	1
chr6.6018485.6018902	pos	0	1	1	1	1	1	1	1	1	1	1
chr6.6020241.6022787	pos	0	1	1	1	1	1	1	1	1	1	1
chr6.6026470.6027123	pos	0	1	1	0	0	1	1	0	1	1	0
chr6.6163075.6163738	pos	0	1	0	1	1	1	1	1	0	0	1
chr6.6354007.6354316	pos	0	0	0	0	0	0	1	0	0	0	0
chr6.6484996.6485174	pos	0	0	0	0	0	0	1	0	1	0	0
chr6.6583360.6583455	pos	0	0	1	0	0	0	1	0	1	0	0
chr6.6804364.6804484	pos	0	0	0	0	0	0	0	0	0	1	0
chr6.7059768.7059893	pos	0	0	0	0	0	0	1	0	0	1	0
chr6.7152261.7152359	pos	0	1	0	1	1	1	1	1	1	1	1
chr6.7264985.7265076	pos	1	1	0	1	1	1	0	0	0	1	0
chr6.7440267.7440562	pos	0	1	0	1	1	1	1	1	0	0	1
chr6.7894131.7894234	pos	0	0	1	0	0	1	1	0	0	0	0
chr6.8007690.8007943	pos	1	1	0	1	1	1	1	1	1	0	1
chr6.8112801.8112869	pos	0	1	0	0	0	0	1	1	0	1	0
chr6.8253434.8253697	pos	0	0	1	0	0	0	1	0	0	1	0
chr6.8654495.8654621	pos	1	1	0	1	1	0	0	1	1	0	1
chr6.8763692.8763943	pos	0	0	1	0	0	0	1	0	1	1	0
chr6.9088632.9089553	pos	1	1	1	1	1	1	1	1	1	1	1
chr6.9865548.9865814	pos	0	1	1	1	0	0	0	1	1	0	1
chr6.9969637.9969829	pos	0	0	1	0	0	0	1	0	1	0	0
chr6.10062713.10062857	pos	0	1	0	1	1	1	1	1	1	0	1
chr6.10689033.10689161	pos	0	0	1	0	0	0	1	0	1	0	0
chr6.10824272.10824453	pos	0	1	1	1	0	1	0	1	0	0	1
chr6.10826094.10826161	pos	0	0	1	1	0	0	0	1	0	0	1
chr6.11037140.11037228	pos	1	1	0	1	1	1	0	1	0	0	0
chr6.11327047.11327186	pos	1	1	0	1	1	1	1	1	1	0	0
chr6.11460950.11461127	pos	0	0	1	0	0	0	1	0	1	0	0
chr6.11779445.11780489	pos	0	1	1	1	1	1	0	1	0	1	1
chr6.12411545.12411714	pos	1	1	1	1	1	0	0	1	0	1	0
chr6.12580492.12580719	pos	0	1	1	1	0	0	1	0	1	0	0
chr6.12895525.12895622	pos	1	1	0	1	1	0	1	1	0	1	0
chr6.13480497.13480665	pos	1	0	0	0	0	0	0	0	0	0	0
chr6.13570746.13570916	pos	0	0	0	0	0	0	1	0	1	1	0
chr6.13628389.13628613	pos	0	1	0	0	0	0	1	0	1	1	0
chr6.13760151.13760589	pos	1	1	0	1	1	1	0	1	0	0	1
chr6.13905828.13906479	pos	1	0	0	0	1	1	0	1	0	0	1
chr6.13993631.13993840	pos	1	1	0	1	1	0	0	1	0	1	0
chr6.14175149.14175278	pos	1	0	1	1	1	1	0	1	0	0	1
chr6.14349708.14350678	pos	1	1	0	1	1	0	1	1	0	0	0
chr6.14499184.14499292	pos	0	0	1	0	0	0	1	0	1	0	0
chr6.14622758.14623065	pos	0	1	1	1	0	0	1	1	0	1	0
chr6.14751547.14751671	pos	0	0	0	0	0	0	1	0	1	1	0
chr6.15429742.15430008	pos	0	1	1	0	1	0	1	1	1	0	1
chr6.15444533.15444642	pos	0	0	1	0	0	0	1	0	1	0	0
chr6.15459109.15459187	pos	0	0	0	0	0	0	1	0	1	0	0
chr6.15966075.15966233	pos	1	0	0	0	1	1	0	0	0	0	1
chr6.16369736.16369800	pos	0	0	1	0	0	0	0	0	0	1	0
chr6.16425746.16425930	pos	0	1	0	1	1	1	1	1	0	1	1
chr6.18034060.18034199	pos	1	1	0	1	1	0	0	1	0	0	1
chr6.18099101.18099387	pos	0	1	0	1	1	1	1	1	0	0	1
chr6.18194877.18195013	pos	0	1	0	0	0	1	1	1	0	1	0
chr6.18476776.18476894	pos	0	0	1	0	0	0	1	0	1	0	0
chr6.18809755.18809874	pos	0	1	0	0	1	1	0	1	0	1	0
chr6.19542418.19542603	pos	1	1	1	1	1	0	0	1	0	1	0
chr6.19992835.19992981	pos	0	1	1	1	1	0	0	0	0	1	0
chr6.20315083.20315338	pos	0	1	1	1	1	0	0	1	1	1	1
chr6.20502740.20502818	pos	0	0	0	0	0	0	0	0	1	0	0
chr6.20929807.20929999	pos	0	1	1	1	1	1	0	1	0	0	1
chr6.21277574.21277656	pos	0	0	1	0	0	0	1	0	1	0	0
chr6.21626993.21627543	pos	0	1	1	1	1	1	1	0	1	1	1
chr6.21986765.21986918	pos	1	1	0	1	1	1	1	1	0	0	1
chr6.22544817.22544919	pos	0	0	0	1	1	0	0	1	0	0	1
chr6.22806484.22806566	pos	1	1	0	1	1	0	1	1	1	1	0
chr6.23009578.23009671	pos	0	1	1	1	1	1	0	1	0	1	0
chr6.23713402.23713528	pos	0	0	0	1	0	0	1	1	0	0	1
chr6.23744980.23745286	pos	0	1	1	1	1	1	1	1	1	1	1
chr6.23745492.23746792	pos	0	1	1	1	1	1	1	1	1	1	1
chr6.23810422.23810561	pos	0	0	1	0	0	0	1	0	1	0	0
chr7.391843.391956	pos	0	0	1	1	0	1	1	0	1	0	0
chr7.492442.492914	pos	0	1	1	1	1	0	1	1	1	0	1
chr7.914751.914819	pos	0	0	0	0	0	0	0	0	0	0	0
chr7.1204822.1205117	pos	0	1	1	1	1	1	1	1	1	0	1
chr7.1290532.1291045	pos	0	1	1	1	1	1	1	1	1	1	1
chr7.1706467.1706572	pos	1	1	1	1	1	1	1	1	0	1	0
chr7.2256526.2256791	pos	0	1	0	1	1	1	0	1	1	0	1
chr7.2258006.2258133	pos	0	0	0	0	0	0	1	0	1	0	0
chr7.2545724.2545840	pos	0	1	1	0	0	0	1	0	1	0	0
chr7.3134154.3134329	pos	0	0	0	0	0	0	1	0	1	0	0
chr7.3306661.3306768	pos	0	0	1	0	0	0	1	0	1	1	0
chr7.3572186.3572296	pos	1	1	1	1	1	0	0	1	0	1	0
chr7.3898000.3898105	pos	1	1	0	1	1	0	1	1	0	1	0
chr7.4121123.4121190	pos	0	0	0	1	0	0	1	0	1	0	0
chr7.4274693.4274818	pos	0	1	1	0	0	0	1	0	1	0	0
chr7.4728363.4728634	pos	0	0	1	0	0	0	1	0	1	1	0
chr7.5003199.5003786	pos	0	1	1	1	0	1	0	0	0	1	1
chr7.5907551.5908109	pos	1	1	0	1	1	1	0	0	0	1	0
chr7.6471515.6471614	pos	0	1	0	1	1	0	0	1	0	1	0
chr7.6773464.6773547	pos	0	0	1	0	0	0	1	0	1	0	0
chr7.7039444.7039605	pos	1	1	0	1	1	0	0	1	0	1	0
chr7.7471013.7471122	pos	0	1	0	0	0	0	1	1	1	1	1
chr7.7528953.7529055	pos	0	0	0	0	0	0	1	0	1	0	0
chr7.8372763.8373086	pos	1	1	0	0	1	1	0	0	0	0	0
chr7.8411666.8412149	pos	1	1	0	0	1	1	0	1	0	0	0
chr7.8763283.8763367	pos	0	0	0	0	0	0	1	0	1	0	0
chr7.9350973.9351216	pos	1	1	0	1	1	1	0	1	0	0	1
chr7.9461483.9462752	pos	0	1	1	0	1	1	0	1	0	0	1
chr7.9698810.9699325	pos	0	1	0	1	1	1	1	1	1	1	1
chr7.9863720.9863846	pos	0	0	0	0	0	0	1	0	0	1	0
chr7.10016223.10016355	pos	0	1	0	1	0	0	1	0	1	0	0
chr7.10173976.10174053	pos	0	1	1	1	0	0	1	0	1	1	1
chr7.10681845.10681975	pos	0	0	1	0	0	0	1	0	1	0	0
chr7.10868286.10868393	pos	0	0	0	0	0	0	1	0	1	0	0
chr7.10888232.10888572	pos	0	1	0	1	1	1	0	1	0	0	1
chr7.11032648.11032757	pos	0	0	1	1	1	0	0	1	0	0	1
chr7.11140871.11140940	pos	0	1	0	1	0	0	1	1	1	0	0
chr7.11556116.11556187	pos	0	0	1	1	0	0	1	0	1	0	0
chr7.11628516.11628630	pos	0	0	1	0	0	0	1	0	1	0	0
chr7.11691943.11692052	pos	0	1	0	1	1	0	1	0	1	0	1
chr7.12115824.12116167	pos	1	1	1	1	1	1	1	0	0	1	1
chr7.12218235.12218409	pos	1	1	1	1	0	1	1	1	0	0	0
chr7.12378545.12378616	pos	1	1	1	1	1	0	1	1	1	1	1
chr7.12569225.12569419	pos	0	0	0	1	0	0	1	0	1	0	0
chr7.12853274.12853415	pos	0	1	0	0	0	0	1	1	1	0	0
chr7.13664400.13664600	pos	0	0	1	0	0	0	1	0	1	0	0
chr7.13790792.13791040	pos	0	1	0	1	1	0	1	1	1	0	1
chr7.13806186.13806339	pos	0	0	0	0	0	0	1	0	0	1	0
chr7.13975559.13976085	pos	0	1	1	1	1	1	1	1	1	1	1
chr7.15239460.15240097	pos	1	1	1	1	1	1	1	1	1	1	1
chr7.15396648.15396984	pos	0	0	0	0	0	0	1	0	1	0	0
chr7.15515996.15516148	pos	0	0	0	1	1	1	1	1	1	0	1
chr7.15897472.15897627	pos	0	0	1	0	0	0	1	0	1	0	0
chr7.16162129.16162575	pos	1	1	0	1	1	1	0	1	0	0	1
chr7.16553894.16553988	pos	0	1	1	0	0	0	1	1	1	1	0
chr7.16635887.16635986	pos	0	1	1	1	1	1	1	1	1	1	1
chr7.17013152.17013220	pos	0	1	1	1	1	0	1	0	1	1	1
chr7.17713603.17713708	pos	0	0	1	0	0	0	1	0	1	0	0
chr7.18107717.18107830	pos	0	0	0	0	0	1	0	0	0	0	1
chr7.18256580.18256677	pos	1	1	1	1	1	1	1	1	1	0	1
chr7.19472344.19472543	pos	0	1	1	1	1	1	1	1	0	0	1
chr7.19486750.19487112	pos	0	0	1	0	0	0	1	0	1	0	0
chr7.19629155.19629277	pos	0	0	0	0	0	0	1	0	1	0	0
chr7.19751685.19751836	pos	0	0	0	0	0	0	1	0	1	0	0
chr7.19754962.19755058	pos	0	1	0	0	1	1	1	0	0	0	0
chr7.20035423.20035587	pos	1	1	0	1	1	1	1	1	1	0	1
chr7.20797759.20797880	pos	0	0	1	1	0	0	0	1	0	0	1
chr7.20940604.20941027	pos	0	1	1	0	0	0	1	0	0	1	0
chr7.21696942.21697008	pos	0	1	1	0	0	0	1	0	1	0	0
chr7.21856464.21856920	pos	0	1	0	1	1	1	1	1	1	0	1
chr8.81496.81727	pos	0	0	0	0	0	0	1	0	1	0	0
chr8.168644.169087	pos	0	1	1	1	1	1	1	1	1	0	1
chr8.250417.250650	pos	0	0	1	1	1	1	1	0	1	1	0
chr8.250864.250985	pos	0	0	1	1	1	1	1	0	1	1	0
chr8.261575.261657	pos	0	0	1	0	0	0	1	0	1	0	0
chr8.988313.988405	pos	0	0	1	0	0	0	1	0	1	0	0
chr8.1474048.1474193	pos	0	0	1	0	0	0	1	0	1	1	0
chr8.2459555.2460259	pos	1	1	0	1	1	0	0	1	0	1	0
chr8.2484789.2485189	pos	0	1	0	0	1	1	0	0	0	0	1
chr8.2578256.2578566	pos	0	0	1	1	1	0	1	0	1	1	0
chr8.2593421.2593533	pos	1	1	0	1	1	0	0	1	1	0	0
chr8.2609653.2609980	pos	0	1	1	1	1	1	1	1	1	0	0
chr8.2893037.2893136	pos	0	1	0	1	1	1	1	1	0	1	1
chr8.3016097.3016199	pos	0	1	1	0	0	1	1	0	0	0	0
chr8.3307281.3307392	pos	0	1	1	0	0	1	1	0	1	1	0
chr8.3665663.3665856	pos	0	1	1	1	1	1	1	1	1	0	0
chr8.3793949.3794016	pos	0	0	0	0	0	0	1	0	1	0	0
chr8.3980376.3980454	pos	0	0	0	0	0	0	1	0	1	0	0
chr8.4307561.4307661	pos	0	1	1	1	1	0	1	0	1	1	0
chr8.4707373.4707553	pos	0	1	1	0	0	1	1	0	0	1	0
chr8.5455836.5455929	pos	0	1	1	1	1	1	1	1	1	1	1
chr8.5797511.5798088	pos	0	1	1	1	1	1	1	0	1	1	1
chr8.6359350.6359621	pos	0	0	1	0	0	1	1	0	0	0	0
chr8.6623472.6623626	pos	0	0	0	0	0	0	0	0	1	0	0
chr8.6650446.6650685	pos	0	0	1	0	0	0	1	0	1	0	0
chr8.6912169.6912648	pos	0	0	1	0	0	0	1	0	1	1	0
chr8.7082682.7082782	pos	1	1	0	1	1	1	1	1	1	0	0
chr8.7096974.7097073	pos	0	0	0	0	0	0	1	0	1	0	0
chr8.7145760.7145974	pos	0	1	0	1	1	1	0	1	0	0	1
chr8.7725050.7725205	pos	0	0	0	0	0	0	1	0	1	0	0
chr8.7830791.7830881	pos	0	0	0	1	0	0	0	1	0	0	1
chr8.8031259.8031406	pos	0	1	1	1	1	0	1	1	1	0	1
chr8.8767750.8768036	pos	0	0	1	0	0	0	1	0	1	0	0
chr8.9031966.9032220	pos	0	1	0	1	1	1	0	1	0	0	0
chr8.9230959.9231098	pos	0	0	1	0	0	0	1	0	1	0	0
chr8.9671725.9671940	pos	0	1	0	1	1	1	1	1	1	0	1
chr8.9713011.9713405	pos	0	1	1	0	0	1	1	0	1	1	0
chr8.9842101.9842236	pos	1	1	0	0	1	1	0	1	0	0	0
chr8.9887992.9888062	pos	0	0	1	0	0	0	1	0	1	0	0
chr8.10692614.10692682	pos	0	0	0	0	0	0	1	0	1	0	0
chr8.11013068.11013328	pos	0	0	0	0	0	1	1	1	0	1	0
chr8.11674498.11674580	pos	1	1	1	1	1	1	1	0	0	1	0
chr8.11675549.11675617	pos	0	1	1	1	0	0	1	0	0	1	0
chr8.11823219.11823834	pos	0	1	1	1	1	1	1	1	1	1	1
chr8.12273057.12273221	pos	0	1	0	0	1	1	1	1	1	0	1
chr8.12853675.12853799	pos	0	0	1	0	0	0	1	0	1	0	0
chr8.13012873.13012941	pos	0	0	1	0	0	0	1	0	1	1	0
chr8.13602637.13602751	pos	0	1	0	1	1	1	1	0	1	0	1
chr8.13786773.13786934	pos	1	1	0	0	1	1	0	1	0	1	1
chr8.13796922.13797140	pos	0	1	1	1	1	1	1	1	1	1	1
chr8.14330753.14330982	pos	0	0	1	0	0	0	1	0	1	0	0
chr8.14769129.14769572	pos	1	1	1	1	1	1	1	1	0	0	1
chr8.15016995.15017217	pos	0	1	1	1	0	0	1	0	1	0	0
chr8.15177505.15177613	pos	1	1	0	1	1	0	1	1	1	1	0
chr8.15234044.15234234	pos	0	0	1	0	0	0	1	0	1	0	0
chr8.15427053.15427303	pos	1	1	1	1	1	0	0	1	0	1	0
chr8.17132335.17132823	pos	0	0	1	0	0	0	1	0	0	1	0
chr8.17132936.17133125	pos	0	0	1	0	0	0	1	0	0	1	0
chr8.17733250.17733332	pos	0	1	1	0	1	1	1	0	0	0	0
chr8.18202383.18202479	pos	0	0	0	0	0	1	0	1	0	1	0
chr8.18385527.18385642	pos	0	1	1	0	0	0	1	0	1	0	1
chr8.18778828.18778907	pos	0	0	0	0	0	0	0	0	0	0	0
chr8.19146996.19147080	pos	0	0	1	1	0	0	0	1	0	0	1
chr8.19796027.19796144	pos	0	0	0	0	0	0	1	0	1	0	0
chr8.20175483.20175546	pos	0	0	1	0	0	0	1	0	1	0	0
chr8.20194112.20194263	pos	0	0	0	0	0	0	1	0	1	0	0
chr8.20328076.20328215	pos	0	0	0	0	0	0	1	0	1	0	0
chr8.20398120.20398258	pos	1	1	0	1	1	0	0	1	0	1	0
chr8.20446489.20446703	pos	0	1	0	1	1	0	0	1	0	1	0
chr8.20504227.20504636	pos	0	1	1	1	0	1	1	0	1	1	1
chr8.20544717.20544850	pos	0	1	1	1	1	0	1	0	1	1	1
chr8.20915365.20915504	pos	1	1	0	1	1	0	1	1	0	1	0
chr8.21164998.21165203	pos	0	1	0	1	1	0	1	1	1	0	1
chrU.127601.127764	pos	0	0	0	0	0	0	0	0	0	0	0
chrU.256247.256344	pos	0	0	0	0	0	0	0	0	0	0	0
chrU.756518.756582	pos	0	0	0	0	0	0	0	0	0	0	0
chrU.1776806.1777052	pos	0	0	0	0	0	0	0	0	0	0	0
chrU.1793742.1794110	pos	0	0	0	0	0	0	0	0	0	0	0
chrU.2969655.2970034	pos	0	0	0	0	0	0	0	0	0	0	0
chrU.3440059.3440163	pos	0	0	1	0	0	0	0	0	0	0	0
chrU.3440658.3440732	pos	0	0	1	0	0	0	0	0	0	0	0
chrU.3845129.3845252	pos	0	0	0	0	0	0	0	0	0	0	0
chrU.4022100.4022173	pos	0	0	0	0	0	0	0	0	0	0	0
chrU.4309971.4310335	pos	0	0	1	0	0	0	0	0	0	0	0
chrU.4419115.4419311	pos	0	0	0	0	0	0	0	0	0	0	0
chrV.207943.208062	pos	0	0	0	0	0	0	1	0	1	0	1
chrV.244593.244781	pos	0	0	1	0	0	0	1	0	1	0	0
chrV.1305556.1305644	pos	0	0	0	0	0	0	1	0	1	0	0
chrV.1351649.1352056	pos	0	0	1	0	0	0	1	0	1	0	0
chrV.1632218.1632283	pos	0	0	0	1	0	0	0	0	0	0	1
chrV.1667667.1667859	pos	0	1	0	0	1	1	1	1	1	0	1
chrV.1900184.1900324	pos	0	0	0	0	0	0	1	1	1	0	0
chrV.2029897.2030170	pos	0	1	1	1	1	1	1	1	1	0	1
chrV.2276773.2276859	pos	0	0	1	1	0	0	0	0	0	0	1
chrV.2316931.2317035	pos	0	0	0	0	0	0	1	0	1	0	0
chrV.3090072.3090282	pos	0	0	1	0	0	0	1	0	1	0	0
chrV.3403298.3403361	pos	0	0	0	0	0	0	1	0	1	0	0
chrV.3456957.3457122	pos	0	0	0	0	0	0	1	0	1	0	0
chrV.3472420.3472560	pos	0	0	0	0	0	0	1	0	1	0	0
chrV.3608225.3608384	pos	0	0	0	0	0	0	1	0	1	0	0
chrV.3783816.3783915	pos	0	0	1	0	0	0	1	0	1	0	0
chrV.4080147.4080221	pos	0	0	1	1	0	0	0	0	0	0	1
chrV.4099879.4100292	pos	0	1	1	1	1	0	1	1	1	0	1
chrV.4175490.4175569	pos	0	0	0	0	0	0	1	0	1	0	0
chrV.4296348.4296499	pos	0	0	0	0	0	0	1	0	1	0	0
chrV.4317858.4318060	pos	0	1	1	0	1	1	1	1	1	0	1
chrV.4551239.4551302	pos	0	0	0	0	0	0	1	0	1	0	0
chrV.4572348.4572791	pos	0	1	1	1	0	0	1	0	1	1	0
chrV.5889834.5889897	pos	0	0	0	0	0	0	1	0	1	0	0
chrV.5950381.5950519	pos	0	0	0	0	0	0	1	0	1	0	0
chrV.6135525.6135816	pos	0	1	1	1	1	1	1	1	1	0	1
chrV.6208445.6208687	pos	0	0	0	0	0	0	1	0	1	0	1
chrV.7016553.7020140	pos	1	1	1	1	1	1	1	1	1	1	1
chrV.7021661.7022094	pos	1	1	1	1	1	1	1	1	1	1	1
chrV.7395203.7396734	pos	1	0	1	1	1	1	1	1	1	1	1
chrV.7396808.7397237	pos	1	0	1	1	1	1	1	1	1	1	1
chrV.7397677.7397935	pos	1	0	1	1	1	1	1	1	1	1	1
chrV.7398160.7400077	pos	1	0	1	1	1	1	1	1	1	1	1
chrV.7404076.7404474	pos	1	0	1	1	1	1	1	1	1	1	1
chrV.7408048.7409441	pos	1	0	1	1	1	1	1	1	1	1	1
unplaced-scaffold_056.5020.5093	pos	0	1	0	1	1	0	0	0	0	1	0
unplaced-scaffold_056.8605.8979	pos	0	1	1	1	1	0	0	1	0	1	0
unplaced-scaffold_250.16488.16632	pos	1	1	1	1	1	1	1	1	1	1	1
chr1.147000.147500	neg	0	0	0	0	0	0	0	0	0	0	0
chr1.153000.153500	neg	0	0	0	0	0	0	0	0	0	0	0
chr1.377000.377500	neg	0	0	0	0	0	0	0	0	0	0	0
chr1.507000.507500	neg	0	0	0	0	0	0	0	0	0	0	0
chr1.831000.831500	neg	0	0	0	0	0	0	0	0	0	0	0
chr1.1028000.1028500	neg	0	0	0	0	0	0	0	0	0	0	0
chr1.2606000.2606500	neg	0	0	0	0	0	0	0	0	0	0	0
chr1.2891000.2891500	neg	0	0	0	0	0	0	0	0	0	0	0
chr1.3062500.3063000	neg	0	0	0	0	0	0	0	0	0	0	0
chr1.3231500.3232000	neg	0	0	0	0	0	0	0	0	0	0	0
chr1.3367000.3367500	neg	0	0	0	0	0	0	0	0	0	0	0
chr1.3975000.3975500	neg	0	0	0	0	0	0	0	0	0	0	0
chr1.4048500.4049000	neg	0	0	0	0	0	0	0	0	0	0	0
chr1.4900000.4900500	neg	0	0	0	0	0	0	0	0	0	0	0
chr1.5074000.5074500	neg	0	0	0	0	0	0	0	0	0	0	0
chr1.5280000.5280500	neg	0	0	0	0	0	0	0	0	0	0	0
chr1.5460500.5461000	neg	0	0	0	0	0	0	0	0	0	0	0
chr1.5971500.5972000	neg	0	0	0	0	0	0	0	0	0	0	0
chr1.6005000.6005500	neg	0	0	0	0	0	0	0	0	0	0	0
chr1.6294500.6295000	neg	0	0	0	0	0	0	0	0	0	0	0
chr1.6561000.6561500	neg	0	0	0	0	0	0	0	0	0	0	0
chr1.6910000.6910500	neg	0	0	0	0	0	0	0	0	0	0	0
chr1.7046000.7046500	neg	0	0	0	0	0	0	0	0	0	0	0
chr1.7157000.7157500	neg	0	0	0	0	0	0	0	0	0	0	0
chr1.7179000.7179500	neg	0	0	0	0	0	0	0	0	0	0	0
chr1.7179500.7180000	neg	0	0	0	0	0	0	0	0	0	0	0
chr1.7486000.7486500	neg	0	0	0	0	0	0	0	0	0	0	0
chr1.7596500.7597000	neg	0	0	0	0	0	0	0	0	0	0	0
chr1.7983000.7983500	neg	0	0	0	0	0	0	0	0	0	0	0
chr1.8570000.8570500	neg	0	0	0	0	0	0	0	0	0	0	0
chr1.9294500.9295000	neg	0	0	0	0	0	0	0	0	0	0	0
chr1.9864500.9865000	neg	0	0	0	0	0	0	0	0	0	0	0
chr1.11124500.11125000	neg	0	0	0	0	0	0	0	0	0	0	0
chr1.11181000.11181500	neg	0	0	0	0	0	0	0	0	0	0	0
chr1.11719000.11719500	neg	0	0	0	0	0	0	0	0	0	0	0
chr1.11790000.11790500	neg	0	0	0	0	0	0	0	0	0	0	0
chr1.12682500.12683000	neg	0	0	0	0	0	0	0	0	0	0	0
chr1.13275000.13275500	neg	0	0	0	0	0	0	0	0	0	0	0
chr1.13939500.13940000	neg	0	0	0	0	0	0	0	0	0	0	0
chr1.14013500.14014000	neg	0	0	0	0	0	0	0	0	0	0	0
chr1.14312000.14312500	neg	0	0	0	0	0	0	0	0	0	0	0
chr1.14329000.14329500	neg	0	0	0	0	0	0	0	0	0	0	0
chr1.14874000.14874500	neg	0	0	0	0	0	0	0	0	0	0	0
chr1.15330000.15330500	neg	0	0	0	0	0	0	0	0	0	0	0
chr1.15828500.15829000	neg	0	0	0	0	0	0	0	0	0	0	0
chr1.16143000.16143500	neg	0	0	0	0	0	0	0	0	0	0	0
chr1.16240000.16240500	neg	0	0	0	0	0	0	0	0	0	0	0
chr1.16322000.16322500	neg	0	0	0	0	0	0	0	0	0	0	0
chr1.16420500.16421000	neg	0	0	0	0	0	0	0	0	0	0	0
chr1.16600500.16601000	neg	0	0	0	0	0	0	0	0	0	0	0
chr1.17290500.17291000	neg	0	0	0	0	0	0	0	0	0	0	0
chr1.17938000.17938500	neg	0	0	0	0	0	0	0	0	0	0	0
chr1.18379000.18379500	neg	0	0	0	0	0	0	0	0	0	0	0
chr1.18858000.18858500	neg	0	0	0	0	0	0	0	0	0	0	0
chr1.19035000.19035500	neg	0	0	0	0	0	0	0	0	0	0	0
chr1.19074500.19075000	neg	0	0	0	0	0	0	0	0	0	0	0
chr1.19476000.19476500	neg	0	0	0	0	0	0	0	0	0	0	0
chr1.19581000.19581500	neg	0	0	0	0	0	0	0	0	0	0	0
chr1.19581500.19582000	neg	0	0	0	0	0	0	0	0	0	0	0
chr1.19695000.19695500	neg	0	0	0	0	0	0	0	0	0	0	0
chr1.19798000.19798500	neg	0	0	0	0	0	0	0	0	0	0	0
chr1.20399000.20399500	neg	0	0	0	0	0	0	0	0	0	0	0
chr1.20638500.20639000	neg	0	0	0	0	0	0	0	0	0	0	0
chr1.20945500.20946000	neg	0	0	0	0	0	0	0	0	0	0	0
chr1.21223500.21224000	neg	0	0	0	0	0	0	0	0	0	0	0
chr1.21252500.21253000	neg	0	0	0	0	0	0	0	0	0	0	0
chr1.21646000.21646500	neg	0	0	0	0	0	0	0	0	0	0	0
chr1.21938500.21939000	neg	0	0	0	0	0	0	0	0	0	0	0
chr1.22088000.22088500	neg	0	0	0	0	0	0	0	0	0	0	0
chr1.22601500.22602000	neg	0	0	0	0	0	0	0	0	0	0	0
chr1.22980500.22981000	neg	0	0	0	0	0	0	0	0	0	0	0
chr1.23248500.23249000	neg	0	0	0	0	0	0	0	0	0	0	0
chr1.23300000.23300500	neg	0	0	0	0	0	0	0	0	0	0	0
chr1.23502000.23502500	neg	0	0	0	0	0	0	0	0	0	0	0
chr1.23622000.23622500	neg	0	0	0	0	0	0	0	0	0	0	0
chr1.23820000.23820500	neg	0	0	0	0	0	0	0	0	0	0	0
chr1.24052500.24053000	neg	0	0	0	0	0	0	0	0	0	0	0
chr1.24071000.24071500	neg	0	0	0	0	0	0	0	0	0	0	0
chr1.24089000.24089500	neg	0	0	0	0	0	0	0	0	0	0	0
chr1.24094500.24095000	neg	0	0	0	0	0	0	0	0	0	0	0
chr1.24226500.24227000	neg	0	0	0	0	0	0	0	0	0	0	0
chr1.24504500.24505000	neg	0	0	0	0	0	0	0	0	0	0	0
chr1.24957500.24958000	neg	0	0	0	0	0	0	0	0	0	0	0
chr1.25270500.25271000	neg	0	0	0	0	0	0	0	0	0	0	0
chr1.25548000.25548500	neg	0	0	0	0	0	0	0	0	0	0	0
chr1.26061000.26061500	neg	0	0	0	0	0	0	0	0	0	0	0
chr1.26101000.26101500	neg	0	0	0	0	0	0	0	0	0	0	0
chr1.26136000.26136500	neg	0	0	0	0	0	0	0	0	0	0	0
chr1.26840000.26840500	neg	0	0	0	0	0	0	0	0	0	0	0
chr1.26878000.26878500	neg	0	0	0	0	0	0	0	0	0	0	0
chr1.26947000.26947500	neg	0	0	0	0	0	0	0	0	0	0	0
chr1.27053000.27053500	neg	0	0	0	0	0	0	0	0	0	0	0
chr1.27342000.27342500	neg	0	0	0	0	0	0	0	0	0	0	0
chr1.27472000.27472500	neg	0	0	0	0	0	0	0	0	0	0	0
chr1.27704000.27704500	neg	0	0	0	0	0	0	0	0	0	0	0
chr1.27793500.27794000	neg	0	0	0	0	0	0	0	0	0	0	0
chr1.28319000.28319500	neg	0	0	0	0	0	0	0	0	0	0	0
chr1.28501500.28502000	neg	0	0	0	0	0	0	0	0	0	0	0
chr1.28557000.28557500	neg	0	0	0	0	0	0	0	0	0	0	0
chr1.29101000.29101500	neg	0	0	0	0	0	0	0	0	0	0	0
chr1.29224000.29224500	neg	0	0	0	0	0	0	0	0	0	0	0
chr1.29499500.29500000	neg	0	0	0	0	0	0	0	0	0	0	0
chr1.29631500.29632000	neg	0	0	0	0	0	0	0	0	0	0	0
chr1.29707000.29707500	neg	0	0	0	0	0	0	0	0	0	0	0
chr1.29927500.29928000	neg	0	0	0	0	0	0	0	0	0	0	0
chr1.30535500.30536000	neg	0	0	0	0	0	0	0	0	0	0	0
chr2.91000.91500	neg	0	0	0	0	0	0	0	0	0	0	0
chr2.124500.125000	neg	0	0	0	0	0	0	0	0	0	0	0
chr2.244500.245000	neg	0	0	0	0	0	0	0	0	0	0	0
chr2.276000.276500	neg	0	0	0	0	0	0	0	0	0	0	0
chr2.323500.324000	neg	0	0	0	0	0	0	0	0	0	0	0
chr2.602500.603000	neg	0	0	0	0	0	0	0	0	0	0	0
chr2.692000.692500	neg	0	0	0	0	0	0	0	0	0	0	0
chr2.867000.867500	neg	0	0	0	0	0	0	0	0	0	0	0
chr2.1137000.1137500	neg	0	0	0	0	0	0	0	0	0	0	0
chr2.1454000.1454500	neg	0	0	0	0	0	0	0	0	0	0	0
chr2.2066500.2067000	neg	0	0	0	0	0	0	0	0	0	0	0
chr2.2333000.2333500	neg	0	0	0	0	0	0	0	0	0	0	0
chr2.2426000.2426500	neg	0	0	0	0	0	0	0	0	0	0	0
chr2.2575500.2576000	neg	0	0	0	0	0	0	0	0	0	0	0
chr2.2662000.2662500	neg	0	0	0	0	0	0	0	0	0	0	0
chr2.3044500.3045000	neg	0	0	0	0	0	0	0	0	0	0	0
chr2.3171000.3171500	neg	0	0	0	0	0	0	0	0	0	0	0
chr2.3384000.3384500	neg	0	0	0	0	0	0	0	0	0	0	0
chr2.3597500.3598000	neg	0	0	0	0	0	0	0	0	0	0	0
chr2.3668500.3669000	neg	0	0	0	0	0	0	0	0	0	0	0
chr2.3776500.3777000	neg	0	0	0	0	0	0	0	0	0	0	0
chr2.3868000.3868500	neg	0	0	0	0	0	0	0	0	0	0	0
chr2.3869000.3869500	neg	0	0	0	0	0	0	0	0	0	0	0
chr2.3912500.3913000	neg	0	0	0	0	0	0	0	0	0	0	0
chr2.4252000.4252500	neg	0	0	0	0	0	0	0	0	0	0	0
chr2.4345000.4345500	neg	0	0	0	0	0	0	0	0	0	0	0
chr2.4377000.4377500	neg	0	0	0	0	0	0	0	0	0	0	0
chr2.4465500.4466000	neg	0	0	0	0	0	0	0	0	0	0	0
chr2.4766000.4766500	neg	0	0	0	0	0	0	0	0	0	0	0
chr2.5200000.5200500	neg	0	0	0	0	0	0	0	0	0	0	0
chr2.5537000.5537500	neg	0	0	0	0	0	0	0	0	0	0	0
chr2.5635000.5635500	neg	0	0	0	0	0	0	0	0	0	0	0
chr2.6305000.6305500	neg	0	0	0	0	0	0	0	0	0	0	0
chr2.6446000.6446500	neg	0	0	0	0	0	0	0	0	0	0	0
chr2.6648500.6649000	neg	0	0	0	0	0	0	0	0	0	0	0
chr2.6868500.6869000	neg	0	0	0	0	0	0	0	0	0	0	0
chr2.6982500.6983000	neg	0	0	0	0	0	0	0	0	0	0	0
chr2.7232000.7232500	neg	0	0	0	0	0	0	0	0	0	0	0
chr2.7244000.7244500	neg	0	0	0	0	0	0	0	0	0	0	0
chr2.7800000.7800500	neg	0	0	0	0	0	0	0	0	0	0	0
chr2.7844000.7844500	neg	0	0	0	0	0	0	0	0	0	0	0
chr2.8177500.8178000	neg	0	0	0	0	0	0	0	0	0	0	0
chr2.8378500.8379000	neg	0	0	0	0	0	0	0	0	0	0	0
chr2.8756500.8757000	neg	0	0	0	0	0	0	0	0	0	0	0
chr2.9184000.9184500	neg	0	0	0	0	0	0	0	0	0	0	0
chr2.9510500.9511000	neg	0	0	0	0	0	0	0	0	0	0	0
chr2.9902000.9902500	neg	0	0	0	0	0	0	0	0	0	0	0
chr2.10128000.10128500	neg	0	0	0	0	0	0	0	0	0	0	0
chr2.10223500.10224000	neg	0	0	0	0	0	0	0	0	0	0	0
chr2.10504000.10504500	neg	0	0	0	0	0	0	0	0	0	0	0
chr2.10886500.10887000	neg	0	0	0	0	0	0	0	0	0	0	0
chr2.10887000.10887500	neg	0	0	0	0	0	0	0	0	0	0	0
chr2.10961500.10962000	neg	0	0	0	0	0	0	0	0	0	0	0
chr2.10971500.10972000	neg	0	0	0	0	0	0	0	0	0	0	0
chr2.11111000.11111500	neg	0	0	0	0	0	0	0	0	0	0	0
chr2.11391500.11392000	neg	0	0	0	0	0	0	0	0	0	0	0
chr2.11572000.11572500	neg	0	0	0	0	0	0	0	0	0	0	0
chr2.11898500.11899000	neg	0	0	0	0	0	0	0	0	0	0	0
chr2.12149000.12149500	neg	0	0	0	0	0	0	0	0	0	0	0
chr2.12399000.12399500	neg	0	0	0	0	0	0	0	0	0	0	0
chr2.12455000.12455500	neg	0	0	0	0	0	0	0	0	0	0	0
chr2.13147000.13147500	neg	0	0	0	0	0	0	0	0	0	0	0
chr2.13986500.13987000	neg	0	0	0	0	0	0	0	0	0	0	0
chr2.13987500.13988000	neg	0	0	0	0	0	0	0	0	0	0	0
chr2.14061500.14062000	neg	0	0	0	0	0	0	0	0	0	0	0
chr2.14571500.14572000	neg	0	0	0	0	0	0	0	0	0	0	0
chr2.14585500.14586000	neg	0	0	0	0	0	0	0	0	0	0	0
chr2.14903000.14903500	neg	0	0	0	0	0	0	0	0	0	0	0
chr2.14959000.14959500	neg	0	0	0	0	0	0	0	0	0	0	0
chr2.14967500.14968000	neg	0	0	0	0	0	0	0	0	0	0	0
chr2.15412500.15413000	neg	0	0	0	0	0	0	0	0	0	0	0
chr2.15472500.15473000	neg	0	0	0	0	0	0	0	0	0	0	0
chr2.15831000.15831500	neg	0	0	0	0	0	0	0	0	0	0	0
chr2.15997500.15998000	neg	0	0	0	0	0	0	0	0	0	0	0
chr2.16036000.16036500	neg	0	0	0	0	0	0	0	0	0	0	0
chr2.16327500.16328000	neg	0	0	0	0	0	0	0	0	0	0	0
chr2.16528500.16529000	neg	0	0	0	0	0	0	0	0	0	0	0
chr2.16618500.16619000	neg	0	0	0	0	0	0	0	0	0	0	0
chr2.16713000.16713500	neg	0	0	0	0	0	0	0	0	0	0	0
chr2.17139500.17140000	neg	0	0	0	0	0	0	0	0	0	0	0
chr2.17157000.17157500	neg	0	0	0	0	0	0	0	0	0	0	0
chr2.17240000.17240500	neg	0	0	0	0	0	0	0	0	0	0	0
chr2.17647000.17647500	neg	0	0	0	0	0	0	0	0	0	0	0
chr2.17749500.17750000	neg	0	0	0	0	0	0	0	0	0	0	0
chr2.18067500.18068000	neg	0	0	0	0	0	0	0	0	0	0	0
chr2.18588000.18588500	neg	0	0	0	0	0	0	0	0	0	0	0
chr2.18925000.18925500	neg	0	0	0	0	0	0	0	0	0	0	0
chr2.19295500.19296000	neg	0	0	0	0	0	0	0	0	0	0	0
chr2.20088000.20088500	neg	0	0	0	0	0	0	0	0	0	0	0
chr2.20366000.20366500	neg	0	0	0	0	0	0	0	0	0	0	0
chr2.20392000.20392500	neg	0	0	0	0	0	0	0	0	0	0	0
chr2.20895500.20896000	neg	0	0	0	0	0	0	0	0	0	0	0
chr2.21116000.21116500	neg	0	0	0	0	0	0	0	0	0	0	0
chr2.21505000.21505500	neg	0	0	0	0	0	0	0	0	0	0	0
chr2.21693000.21693500	neg	0	0	0	0	0	0	0	0	0	0	0
chr2.21800500.21801000	neg	0	0	0	0	0	0	0	0	0	0	0
chr2.22800500.22801000	neg	0	0	0	0	0	0	0	0	0	0	0
chr2.23161000.23161500	neg	0	0	0	0	0	0	0	0	0	0	0
chr2.23435500.23436000	neg	0	0	0	0	0	0	0	0	0	0	0
chr2.23477500.23478000	neg	0	0	0	0	0	0	0	0	0	0	0
chr2.23621500.23622000	neg	0	0	0	0	0	0	0	0	0	0	0
chr2.23700000.23700500	neg	0	0	0	0	0	0	0	0	0	0	0
chr2.23864000.23864500	neg	0	0	0	0	0	0	0	0	0	0	0
chr2.24070000.24070500	neg	0	0	0	0	0	0	0	0	0	0	0
chr2.24110000.24110500	neg	0	0	0	0	0	0	0	0	0	0	0
chr2.24232500.24233000	neg	0	0	0	0	0	0	0	0	0	0	0
chr2.24482500.24483000	neg	0	0	0	0	0	0	0	0	0	0	0
chr2.24640000.24640500	neg	0	0	0	0	0	0	0	0	0	0	0
chr2.25334500.25335000	neg	0	0	0	0	0	0	0	0	0	0	0
chr2.25351500.25352000	neg	0	0	0	0	0	0	0	0	0	0	0
chr2.25471000.25471500	neg	0	0	0	0	0	0	0	0	0	0	0
chr2.26570500.26571000	neg	0	0	0	0	0	0	0	0	0	0	0
chr2.26928000.26928500	neg	0	0	0	0	0	0	0	0	0	0	0
chr2.26963500.26964000	neg	0	0	0	0	0	0	0	0	0	0	0
chr2.27072000.27072500	neg	0	0	0	0	0	0	0	0	0	0	0
chr2.27667500.27668000	neg	0	0	0	0	0	0	0	0	0	0	0
chr2.29160000.29160500	neg	0	0	0	0	0	0	0	0	0	0	0
chr3.528500.529000	neg	0	0	0	0	0	0	0	0	0	0	0
chr3.1049000.1049500	neg	0	0	0	0	0	0	0	0	0	0	0
chr3.1089000.1089500	neg	0	0	0	0	0	0	0	0	0	0	0
chr3.1647000.1647500	neg	0	0	0	0	0	0	0	0	0	0	0
chr3.1776000.1776500	neg	0	0	0	0	0	0	0	0	0	0	0
chr3.2376500.2377000	neg	0	0	0	0	0	0	0	0	0	0	0
chr3.2713000.2713500	neg	0	0	0	0	0	0	0	0	0	0	0
chr3.2881500.2882000	neg	0	0	0	0	0	0	0	0	0	0	0
chr3.3188500.3189000	neg	0	0	0	0	0	0	0	0	0	0	0
chr3.3442000.3442500	neg	0	0	0	0	0	0	0	0	0	0	0
chr3.3551500.3552000	neg	0	0	0	0	0	0	0	0	0	0	0
chr3.3931500.3932000	neg	0	0	0	0	0	0	0	0	0	0	0
chr3.4083500.4084000	neg	0	0	0	0	0	0	0	0	0	0	0
chr3.4538000.4538500	neg	0	0	0	0	0	0	0	0	0	0	0
chr3.4970500.4971000	neg	0	0	0	0	0	0	0	0	0	0	0
chr3.5292000.5292500	neg	0	0	0	0	0	0	0	0	0	0	0
chr3.5776500.5777000	neg	0	0	0	0	0	0	0	0	0	0	0
chr3.5986500.5987000	neg	0	0	0	0	0	0	0	0	0	0	0
chr3.6104500.6105000	neg	0	0	0	0	0	0	0	0	0	0	0
chr3.6414500.6415000	neg	0	0	0	0	0	0	0	0	0	0	0
chr3.6484000.6484500	neg	0	0	0	0	0	0	0	0	0	0	0
chr3.6616000.6616500	neg	0	0	0	0	0	0	0	0	0	0	0
chr3.6755500.6756000	neg	0	0	0	0	0	0	0	0	0	0	0
chr3.7091000.7091500	neg	0	0	0	0	0	0	0	0	0	0	0
chr3.7414500.7415000	neg	0	0	0	0	0	0	0	0	0	0	0
chr3.7417500.7418000	neg	0	0	0	0	0	0	0	0	0	0	0
chr3.7631000.7631500	neg	0	0	0	0	0	0	0	0	0	0	0
chr3.7661500.7662000	neg	0	0	0	0	0	0	0	0	0	0	0
chr3.7721500.7722000	neg	0	0	0	0	0	0	0	0	0	0	0
chr3.7908000.7908500	neg	0	0	0	0	0	0	0	0	0	0	0
chr3.7909500.7910000	neg	0	0	0	0	0	0	0	0	0	0	0
chr3.7932500.7933000	neg	0	0	0	0	0	0	0	0	0	0	0
chr3.8555500.8556000	neg	0	0	0	0	0	0	0	0	0	0	0
chr3.8672500.8673000	neg	0	0	0	0	0	0	0	0	0	0	0
chr3.8752000.8752500	neg	0	0	0	0	0	0	0	0	0	0	0
chr3.9451000.9451500	neg	0	0	0	0	0	0	0	0	0	0	0
chr3.9916500.9917000	neg	0	0	0	0	0	0	0	0	0	0	0
chr3.10064000.10064500	neg	0	0	0	0	0	0	0	0	0	0	0
chr3.10113500.10114000	neg	0	0	0	0	0	0	0	0	0	0	0
chr3.10160000.10160500	neg	0	0	0	0	0	0	0	0	0	0	0
chr3.12072000.12072500	neg	0	0	0	0	0	0	0	0	0	0	0
chr3.12229500.12230000	neg	0	0	0	0	0	0	0	0	0	0	0
chr3.12313500.12314000	neg	0	0	0	0	0	0	0	0	0	0	0
chr3.12323500.12324000	neg	0	0	0	0	0	0	0	0	0	0	0
chr3.12763000.12763500	neg	0	0	0	0	0	0	0	0	0	0	0
chr3.13503500.13504000	neg	0	0	0	0	0	0	0	0	0	0	0
chr3.13804500.13805000	neg	0	0	0	0	0	0	0	0	0	0	0
chr3.14501500.14502000	neg	0	0	0	0	0	0	0	0	0	0	0
chr3.14743500.14744000	neg	0	0	0	0	0	0	0	0	0	0	0
chr3.14781000.14781500	neg	0	0	0	0	0	0	0	0	0	0	0
chr3.14848500.14849000	neg	0	0	0	0	0	0	0	0	0	0	0
chr3.15112500.15113000	neg	0	0	0	0	0	0	0	0	0	0	0
chr3.15497500.15498000	neg	0	0	0	0	0	0	0	0	0	0	0
chr3.15575000.15575500	neg	0	0	0	0	0	0	0	0	0	0	0
chr3.15763500.15764000	neg	0	0	0	0	0	0	0	0	0	0	0
chr3.16098500.16099000	neg	0	0	0	0	0	0	0	0	0	0	0
chr3.16247500.16248000	neg	0	0	0	0	0	0	0	0	0	0	0
chr3.16813500.16814000	neg	0	0	0	0	0	0	0	0	0	0	0
chr3.17541500.17542000	neg	0	0	0	0	0	0	0	0	0	0	0
chr3.17638000.17638500	neg	0	0	0	0	0	0	0	0	0	0	0
chr3.18843500.18844000	neg	0	0	0	0	0	0	0	0	0	0	0
chr3.18993500.18994000	neg	0	0	0	0	0	0	0	0	0	0	0
chr3.19604500.19605000	neg	0	0	0	0	0	0	0	0	0	0	0
chr3.20099500.20100000	neg	0	0	0	0	0	0	0	0	0	0	0
chr3.20231500.20232000	neg	0	0	0	0	0	0	0	0	0	0	0
chr3.20374500.20375000	neg	0	0	0	0	0	0	0	0	0	0	0
chr3.20507000.20507500	neg	0	0	0	0	0	0	0	0	0	0	0
chr3.20760000.20760500	neg	0	0	0	0	0	0	0	0	0	0	0
chr3.20760500.20761000	neg	0	0	0	0	0	0	0	0	0	0	0
chr3.20988500.20989000	neg	0	0	0	0	0	0	0	0	0	0	0
chr3.20992500.20993000	neg	0	0	0	0	0	0	0	0	0	0	0
chr3.21377000.21377500	neg	0	0	0	0	0	0	0	0	0	0	0
chr3.21579000.21579500	neg	0	0	0	0	0	0	0	0	0	0	0
chr3.21935500.21936000	neg	0	0	0	0	0	0	0	0	0	0	0
chr3.22030000.22030500	neg	0	0	0	0	0	0	0	0	0	0	0
chr3.22333000.22333500	neg	0	0	0	0	0	0	0	0	0	0	0
chr3.22432500.22433000	neg	0	0	0	0	0	0	0	0	0	0	0
chr3.22779500.22780000	neg	0	0	0	0	0	0	0	0	0	0	0
chr3.22986500.22987000	neg	0	0	0	0	0	0	0	0	0	0	0
chr3.22998000.22998500	neg	0	0	0	0	0	0	0	0	0	0	0
chr3.22999500.23000000	neg	0	0	0	0	0	0	0	0	0	0	0
chr3.23379000.23379500	neg	0	0	0	0	0	0	0	0	0	0	0
chr3.23521000.23521500	neg	0	0	0	0	0	0	0	0	0	0	0
chr3.23709500.23710000	neg	0	0	0	0	0	0	0	0	0	0	0
chr3.24153000.24153500	neg	0	0	0	0	0	0	0	0	0	0	0
chr3.24196500.24197000	neg	0	0	0	0	0	0	0	0	0	0	0
chr3.24906500.24907000	neg	0	0	0	0	0	0	0	0	0	0	0
chr3.25289500.25290000	neg	0	0	0	0	0	0	0	0	0	0	0
chr3.25330000.25330500	neg	0	0	0	0	0	0	0	0	0	0	0
chr3.25558500.25559000	neg	0	0	0	0	0	0	0	0	0	0	0
chr3.25577500.25578000	neg	0	0	0	0	0	0	0	0	0	0	0
chr3.25708500.25709000	neg	0	0	0	0	0	0	0	0	0	0	0
chr3.26014500.26015000	neg	0	0	0	0	0	0	0	0	0	0	0
chr3.26526500.26527000	neg	0	0	0	0	0	0	0	0	0	0	0
chr3.26877000.26877500	neg	0	0	0	0	0	0	0	0	0	0	0
chr3.27102500.27103000	neg	0	0	0	0	0	0	0	0	0	0	0
chr3.27137500.27138000	neg	0	0	0	0	0	0	0	0	0	0	0
chr4.16500.17000	neg	0	0	0	0	0	0	0	0	0	0	0
chr4.46500.47000	neg	0	0	0	0	0	0	0	0	0	0	0
chr4.848500.849000	neg	0	0	0	0	0	0	0	0	0	0	0
chr4.858000.858500	neg	0	0	0	0	0	0	0	0	0	0	0
chr4.1187500.1188000	neg	0	0	0	0	0	0	0	0	0	0	0
chr4.1285000.1285500	neg	0	0	0	0	0	0	0	0	0	0	0
chr4.1946000.1946500	neg	0	0	0	0	0	0	0	0	0	0	0
chr4.2020000.2020500	neg	0	0	0	0	0	0	0	0	0	0	0
chr4.2058500.2059000	neg	0	0	0	0	0	0	0	0	0	0	0
chr4.2308000.2308500	neg	0	0	0	0	0	0	0	0	0	0	0
chr4.2582000.2582500	neg	0	0	0	0	0	0	0	0	0	0	0
chr4.2876000.2876500	neg	0	0	0	0	0	0	0	0	0	0	0
chr4.3123000.3123500	neg	0	0	0	0	0	0	0	0	0	0	0
chr4.3781000.3781500	neg	0	0	0	0	0	0	0	0	0	0	0
chr4.4076000.4076500	neg	0	0	0	0	0	0	0	0	0	0	0
chr4.4138500.4139000	neg	0	0	0	0	0	0	0	0	0	0	0
chr4.4359000.4359500	neg	0	0	0	0	0	0	0	0	0	0	0
chr4.4597000.4597500	neg	0	0	0	0	0	0	0	0	0	0	0
chr4.4694000.4694500	neg	0	0	0	0	0	0	0	0	0	0	0
chr4.4978000.4978500	neg	0	0	0	0	0	0	0	0	0	0	0
chr4.5209500.5210000	neg	0	0	0	0	0	0	0	0	0	0	0
chr4.5685000.5685500	neg	0	0	0	0	0	0	0	0	0	0	0
chr4.5765500.5766000	neg	0	0	0	0	0	0	0	0	0	0	0
chr4.5831000.5831500	neg	0	0	0	0	0	0	0	0	0	0	0
chr4.6038000.6038500	neg	0	0	0	0	0	0	0	0	0	0	0
chr4.6227000.6227500	neg	0	0	0	0	0	0	0	0	0	0	0
chr4.6249000.6249500	neg	0	0	0	0	0	0	0	0	0	0	0
chr4.6345500.6346000	neg	0	0	0	0	0	0	0	0	0	0	0
chr4.6736500.6737000	neg	0	0	0	0	0	0	0	0	0	0	0
chr4.7345000.7345500	neg	0	0	0	0	0	0	0	0	0	0	0
chr4.7673500.7674000	neg	0	0	0	0	0	0	0	0	0	0	0
chr4.7809500.7810000	neg	0	0	0	0	0	0	0	0	0	0	0
chr4.7873500.7874000	neg	0	0	0	0	0	0	0	0	0	0	0
chr4.7995000.7995500	neg	0	0	0	0	0	0	0	0	0	0	0
chr4.8700500.8701000	neg	0	0	0	0	0	0	0	0	0	0	0
chr4.8852500.8853000	neg	0	0	0	0	0	0	0	0	0	0	0
chr4.8944000.8944500	neg	0	0	0	0	0	0	0	0	0	0	0
chr4.8966000.8966500	neg	0	0	0	0	0	0	0	0	0	0	0
chr4.8966500.8967000	neg	0	0	0	0	0	0	0	0	0	0	0
chr4.9560500.9561000	neg	0	0	0	0	0	0	0	0	0	0	0
chr4.9929500.9930000	neg	0	0	0	0	0	0	0	0	0	0	0
chr4.10126000.10126500	neg	0	0	0	0	0	0	0	0	0	0	0
chr4.10466500.10467000	neg	0	0	0	0	0	0	0	0	0	0	0
chr4.10467500.10468000	neg	0	0	0	0	0	0	0	0	0	0	0
chr4.11658500.11659000	neg	0	0	0	0	0	0	0	0	0	0	0
chr4.11895000.11895500	neg	0	0	0	0	0	0	0	0	0	0	0
chr4.11900000.11900500	neg	0	0	0	0	0	0	0	0	0	0	0
chr4.11914500.11915000	neg	0	0	0	0	0	0	0	0	0	0	0
chr4.12269500.12270000	neg	0	0	0	0	0	0	0	0	0	0	0
chr4.12376500.12377000	neg	0	0	0	0	0	0	0	0	0	0	0
chr4.12717500.12718000	neg	0	0	0	0	0	0	0	0	0	0	0
chr4.12758000.12758500	neg	0	0	0	0	0	0	0	0	0	0	0
chr4.12884000.12884500	neg	0	0	0	0	0	0	0	0	0	0	0
chr4.13189000.13189500	neg	0	0	0	0	0	0	0	0	0	0	0
chr4.13234000.13234500	neg	0	0	0	0	0	0	0	0	0	0	0
chr4.13518000.13518500	neg	0	0	0	0	0	0	0	0	0	0	0
chr4.13570500.13571000	neg	0	0	0	0	0	0	0	0	0	0	0
chr4.13925500.13926000	neg	0	0	0	0	0	0	0	0	0	0	0
chr4.14315000.14315500	neg	0	0	0	0	0	0	0	0	0	0	0
chr4.14370000.14370500	neg	0	0	0	0	0	0	0	0	0	0	0
chr4.14498000.14498500	neg	0	0	0	0	0	0	0	0	0	0	0
chr4.14546000.14546500	neg	0	0	0	0	0	0	0	0	0	0	0
chr4.15475000.15475500	neg	0	0	0	0	0	0	0	0	0	0	0
chr4.15703000.15703500	neg	0	0	0	0	0	0	0	0	0	0	0
chr4.15836000.15836500	neg	0	0	0	0	0	0	0	0	0	0	0
chr4.15837000.15837500	neg	0	0	0	0	0	0	0	0	0	0	0
chr4.16007500.16008000	neg	0	0	0	0	0	0	0	0	0	0	0
chr4.16341000.16341500	neg	0	0	0	0	0	0	0	0	0	0	0
chr4.16349000.16349500	neg	0	0	0	0	0	0	0	0	0	0	0
chr4.17140500.17141000	neg	0	0	0	0	0	0	0	0	0	0	0
chr4.17339500.17340000	neg	0	0	0	0	0	0	0	0	0	0	0
chr4.17455500.17456000	neg	0	0	0	0	0	0	0	0	0	0	0
chr4.17594000.17594500	neg	0	0	0	0	0	0	0	0	0	0	0
chr4.17626500.17627000	neg	0	0	0	0	0	0	0	0	0	0	0
chr4.17739500.17740000	neg	0	0	0	0	0	0	0	0	0	0	0
chr4.18202000.18202500	neg	0	0	0	0	0	0	0	0	0	0	0
chr4.18224500.18225000	neg	0	0	0	0	0	0	0	0	0	0	0
chr4.18462500.18463000	neg	0	0	0	0	0	0	0	0	0	0	0
chr4.18590000.18590500	neg	0	0	0	0	0	0	0	0	0	0	0
chr4.19450500.19451000	neg	0	0	0	0	0	0	0	0	0	0	0
chr4.19700500.19701000	neg	0	0	0	0	0	0	0	0	0	0	0
chr4.19815500.19816000	neg	0	0	0	0	0	0	0	0	0	0	0
chr4.20062000.20062500	neg	0	0	0	0	0	0	0	0	0	0	0
chr4.20820500.20821000	neg	0	0	0	0	0	0	0	0	0	0	0
chr4.20821500.20822000	neg	0	0	0	0	0	0	0	0	0	0	0
chr4.20964000.20964500	neg	0	0	0	0	0	0	0	0	0	0	0
chr4.21497500.21498000	neg	0	0	0	0	0	0	0	0	0	0	0
chr4.21503000.21503500	neg	0	0	0	0	0	0	0	0	0	0	0
chr4.21541000.21541500	neg	0	0	0	0	0	0	0	0	0	0	0
chr4.21633500.21634000	neg	0	0	0	0	0	0	0	0	0	0	0
chr4.21723500.21724000	neg	0	0	0	0	0	0	0	0	0	0	0
chr4.22216500.22217000	neg	0	0	0	0	0	0	0	0	0	0	0
chr4.22873500.22874000	neg	0	0	0	0	0	0	0	0	0	0	0
chr4.23090000.23090500	neg	0	0	0	0	0	0	0	0	0	0	0
chr4.23199500.23200000	neg	0	0	0	0	0	0	0	0	0	0	0
chr4.23326000.23326500	neg	0	0	0	0	0	0	0	0	0	0	0
chr4.23400500.23401000	neg	0	0	0	0	0	0	0	0	0	0	0
chr4.23527500.23528000	neg	0	0	0	0	0	0	0	0	0	0	0
chr4.23690000.23690500	neg	0	0	0	0	0	0	0	0	0	0	0
chr4.23802000.23802500	neg	0	0	0	0	0	0	0	0	0	0	0
chr4.24293000.24293500	neg	0	0	0	0	0	0	0	0	0	0	0
chr4.24406000.24406500	neg	0	0	0	0	0	0	0	0	0	0	0
chr4.24748000.24748500	neg	0	0	0	0	0	0	0	0	0	0	0
chr4.24860500.24861000	neg	0	0	0	0	0	0	0	0	0	0	0
chr4.25140000.25140500	neg	0	0	0	0	0	0	0	0	0	0	0
chr4.25306500.25307000	neg	0	0	0	0	0	0	0	0	0	0	0
chr4.25378000.25378500	neg	0	0	0	0	0	0	0	0	0	0	0
chr4.25706500.25707000	neg	0	0	0	0	0	0	0	0	0	0	0
chr4.25841000.25841500	neg	0	0	0	0	0	0	0	0	0	0	0
chr4.26790500.26791000	neg	0	0	0	0	0	0	0	0	0	0	0
chr4.26934500.26935000	neg	0	0	0	0	0	0	0	0	0	0	0
chr5.70500.71000	neg	0	0	0	0	0	0	0	0	0	0	0
chr5.480500.481000	neg	0	0	0	0	0	0	0	0	0	0	0
chr5.673500.674000	neg	0	0	0	0	0	0	0	0	0	0	0
chr5.1244000.1244500	neg	0	0	0	0	0	0	0	0	0	0	0
chr5.1245000.1245500	neg	0	0	0	0	0	0	0	0	0	0	0
chr5.1362500.1363000	neg	0	0	0	0	0	0	0	0	0	0	0
chr5.1363500.1364000	neg	0	0	0	0	0	0	0	0	0	0	0
chr5.2513000.2513500	neg	0	0	0	0	0	0	0	0	0	0	0
chr5.2555500.2556000	neg	0	0	0	0	0	0	0	0	0	0	0
chr5.2653000.2653500	neg	0	0	0	0	0	0	0	0	0	0	0
chr5.2800500.2801000	neg	0	0	0	0	0	0	0	0	0	0	0
chr5.2940500.2941000	neg	0	0	0	0	0	0	0	0	0	0	0
chr5.3045000.3045500	neg	0	0	0	0	0	0	0	0	0	0	0
chr5.3087500.3088000	neg	0	0	0	0	0	0	0	0	0	0	0
chr5.3102000.3102500	neg	0	0	0	0	0	0	0	0	0	0	0
chr5.3257500.3258000	neg	0	0	0	0	0	0	0	0	0	0	0
chr5.3380500.3381000	neg	0	0	0	0	0	0	0	0	0	0	0
chr5.3443500.3444000	neg	0	0	0	0	0	0	0	0	0	0	0
chr5.3639500.3640000	neg	0	0	0	0	0	0	0	0	0	0	0
chr5.4488500.4489000	neg	0	0	0	0	0	0	0	0	0	0	0
chr5.4528000.4528500	neg	0	0	0	0	0	0	0	0	0	0	0
chr5.4748000.4748500	neg	0	0	0	0	0	0	0	0	0	0	0
chr5.4760000.4760500	neg	0	0	0	0	0	0	0	0	0	0	0
chr5.5145500.5146000	neg	0	0	0	0	0	0	0	0	0	0	0
chr5.5290500.5291000	neg	0	0	0	0	0	0	0	0	0	0	0
chr5.5314500.5315000	neg	0	0	0	0	0	0	0	0	0	0	0
chr5.5328000.5328500	neg	0	0	0	0	0	0	0	0	0	0	0
chr5.5339500.5340000	neg	0	0	0	0	0	0	0	0	0	0	0
chr5.5371500.5372000	neg	0	0	0	0	0	0	0	0	0	0	0
chr5.5452500.5453000	neg	0	0	0	0	0	0	0	0	0	0	0
chr5.5725000.5725500	neg	0	0	0	0	0	0	0	0	0	0	0
chr5.5845000.5845500	neg	0	0	0	0	0	0	0	0	0	0	0
chr5.6051000.6051500	neg	0	0	0	0	0	0	0	0	0	0	0
chr5.6849000.6849500	neg	0	0	0	0	0	0	0	0	0	0	0
chr5.7045500.7046000	neg	0	0	0	0	0	0	0	0	0	0	0
chr5.7344500.7345000	neg	0	0	0	0	0	0	0	0	0	0	0
chr5.7469500.7470000	neg	0	0	0	0	0	0	0	0	0	0	0
chr5.7548000.7548500	neg	0	0	0	0	0	0	0	0	0	0	0
chr5.7664000.7664500	neg	0	0	0	0	0	0	0	0	0	0	0
chr5.7758500.7759000	neg	0	0	0	0	0	0	0	0	0	0	0
chr5.8119000.8119500	neg	0	0	0	0	0	0	0	0	0	0	0
chr5.8172000.8172500	neg	0	0	0	0	0	0	0	0	0	0	0
chr5.8370500.8371000	neg	0	0	0	0	0	0	0	0	0	0	0
chr5.8452500.8453000	neg	0	0	0	0	0	0	0	0	0	0	0
chr5.8641500.8642000	neg	0	0	0	0	0	0	0	0	0	0	0
chr5.8864000.8864500	neg	0	0	0	0	0	0	0	0	0	0	0
chr5.9202500.9203000	neg	0	0	0	0	0	0	0	0	0	0	0
chr5.9223000.9223500	neg	0	0	0	0	0	0	0	0	0	0	0
chr5.9603500.9604000	neg	0	0	0	0	0	0	0	0	0	0	0
chr5.9619000.9619500	neg	0	0	0	0	0	0	0	0	0	0	0
chr5.9631500.9632000	neg	0	0	0	0	0	0	0	0	0	0	0
chr5.9947000.9947500	neg	0	0	0	0	0	0	0	0	0	0	0
chr5.9994500.9995000	neg	0	0	0	0	0	0	0	0	0	0	0
chr5.10213500.10214000	neg	0	0	0	0	0	0	0	0	0	0	0
chr5.10539000.10539500	neg	0	0	0	0	0	0	0	0	0	0	0
chr5.10637500.10638000	neg	0	0	0	0	0	0	0	0	0	0	0
chr5.11055500.11056000	neg	0	0	0	0	0	0	0	0	0	0	0
chr5.11213500.11214000	neg	0	0	0	0	0	0	0	0	0	0	0
chr5.11782000.11782500	neg	0	0	0	0	0	0	0	0	0	0	0
chr5.11985000.11985500	neg	0	0	0	0	0	0	0	0	0	0	0
chr5.12412500.12413000	neg	0	0	0	0	0	0	0	0	0	0	0
chr5.12468500.12469000	neg	0	0	0	0	0	0	0	0	0	0	0
chr5.12512500.12513000	neg	0	0	0	0	0	0	0	0	0	0	0
chr5.13170500.13171000	neg	0	0	0	0	0	0	0	0	0	0	0
chr5.13290500.13291000	neg	0	0	0	0	0	0	0	0	0	0	0
chr5.13562000.13562500	neg	0	0	0	0	0	0	0	0	0	0	0
chr5.13656500.13657000	neg	0	0	0	0	0	0	0	0	0	0	0
chr5.13672000.13672500	neg	0	0	0	0	0	0	0	0	0	0	0
chr5.13851000.13851500	neg	0	0	0	0	0	0	0	0	0	0	0
chr5.13988000.13988500	neg	0	0	0	0	0	0	0	0	0	0	0
chr5.14226500.14227000	neg	0	0	0	0	0	0	0	0	0	0	0
chr5.14421500.14422000	neg	0	0	0	0	0	0	0	0	0	0	0
chr5.15522000.15522500	neg	0	0	0	0	0	0	0	0	0	0	0
chr5.15542500.15543000	neg	0	0	0	0	0	0	0	0	0	0	0
chr5.15860000.15860500	neg	0	0	0	0	0	0	0	0	0	0	0
chr5.16886000.16886500	neg	0	0	0	0	0	0	0	0	0	0	0
chr5.16988500.16989000	neg	0	0	0	0	0	0	0	0	0	0	0
chr5.17076000.17076500	neg	0	0	0	0	0	0	0	0	0	0	0
chr5.17212500.17213000	neg	0	0	0	0	0	0	0	0	0	0	0
chr5.17572000.17572500	neg	0	0	0	0	0	0	0	0	0	0	0
chr5.17740000.17740500	neg	0	0	0	0	0	0	0	0	0	0	0
chr5.17862500.17863000	neg	0	0	0	0	0	0	0	0	0	0	0
chr5.17986000.17986500	neg	0	0	0	0	0	0	0	0	0	0	0
chr5.18103000.18103500	neg	0	0	0	0	0	0	0	0	0	0	0
chr5.18528500.18529000	neg	0	0	0	0	0	0	0	0	0	0	0
chr5.18619500.18620000	neg	0	0	0	0	0	0	0	0	0	0	0
chr5.18633500.18634000	neg	0	0	0	0	0	0	0	0	0	0	0
chr5.19145500.19146000	neg	0	0	0	0	0	0	0	0	0	0	0
chr5.19300500.19301000	neg	0	0	0	0	0	0	0	0	0	0	0
chr5.19442000.19442500	neg	0	0	0	0	0	0	0	0	0	0	0
chr5.19580000.19580500	neg	0	0	0	0	0	0	0	0	0	0	0
chr5.20416500.20417000	neg	0	0	0	0	0	0	0	0	0	0	0
chr5.20589000.20589500	neg	0	0	0	0	0	0	0	0	0	0	0
chr5.20644500.20645000	neg	0	0	0	0	0	0	0	0	0	0	0
chr5.20694500.20695000	neg	0	0	0	0	0	0	0	0	0	0	0
chr5.20921500.20922000	neg	0	0	0	0	0	0	0	0	0	0	0
chr5.21267500.21268000	neg	0	0	0	0	0	0	0	0	0	0	0
chr5.21285000.21285500	neg	0	0	0	0	0	0	0	0	0	0	0
chr5.21477500.21478000	neg	0	0	0	0	0	0	0	0	0	0	0
chr5.21661000.21661500	neg	0	0	0	0	0	0	0	0	0	0	0
chr5.21674500.21675000	neg	0	0	0	0	0	0	0	0	0	0	0
chr5.21917000.21917500	neg	0	0	0	0	0	0	0	0	0	0	0
chr5.22407000.22407500	neg	0	0	0	0	0	0	0	0	0	0	0
chr5.22476000.22476500	neg	0	0	0	0	0	0	0	0	0	0	0
chr5.22872500.22873000	neg	0	0	0	0	0	0	0	0	0	0	0
chr5.23130500.23131000	neg	0	0	0	0	0	0	0	0	0	0	0
chr5.23353500.23354000	neg	0	0	0	0	0	0	0	0	0	0	0
chr5.23358000.23358500	neg	0	0	0	0	0	0	0	0	0	0	0
chr5.23519500.23520000	neg	0	0	0	0	0	0	0	0	0	0	0
chr5.23538000.23538500	neg	0	0	0	0	0	0	0	0	0	0	0
chr5.23711500.23712000	neg	0	0	0	0	0	0	0	0	0	0	0
chr5.23733500.23734000	neg	0	0	0	0	0	0	0	0	0	0	0
chr5.24177500.24178000	neg	0	0	0	0	0	0	0	0	0	0	0
chr5.24450000.24450500	neg	0	0	0	0	0	0	0	0	0	0	0
chr5.24473500.24474000	neg	0	0	0	0	0	0	0	0	0	0	0
chr5.25138500.25139000	neg	0	0	0	0	0	0	0	0	0	0	0
chr5.25640000.25640500	neg	0	0	0	0	0	0	0	0	0	0	0
chr5.25894000.25894500	neg	0	0	0	0	0	0	0	0	0	0	0
chr5.26034500.26035000	neg	0	0	0	0	0	0	0	0	0	0	0
chr5.26115000.26115500	neg	0	0	0	0	0	0	0	0	0	0	0
chr5.26170500.26171000	neg	0	0	0	0	0	0	0	0	0	0	0
chr5.26451000.26451500	neg	0	0	0	0	0	0	0	0	0	0	0
chr5.26751500.26752000	neg	0	0	0	0	0	0	0	0	0	0	0
chr6.91500.92000	neg	0	0	0	0	0	0	0	0	0	0	0
chr6.958500.959000	neg	0	0	0	0	0	0	0	0	0	0	0
chr6.988000.988500	neg	0	0	0	0	0	0	0	0	0	0	0
chr6.1041500.1042000	neg	0	0	0	0	0	0	0	0	0	0	0
chr6.1705000.1705500	neg	0	0	0	0	0	0	0	0	0	0	0
chr6.1763000.1763500	neg	0	0	0	0	0	0	0	0	0	0	0
chr6.1771000.1771500	neg	0	0	0	0	0	0	0	0	0	0	0
chr6.1811000.1811500	neg	0	0	0	0	0	0	0	0	0	0	0
chr6.1854500.1855000	neg	0	0	0	0	0	0	0	0	0	0	0
chr6.2174000.2174500	neg	0	0	0	0	0	0	0	0	0	0	0
chr6.2428000.2428500	neg	0	0	0	0	0	0	0	0	0	0	0
chr6.2554000.2554500	neg	0	0	0	0	0	0	0	0	0	0	0
chr6.3215500.3216000	neg	0	0	0	0	0	0	0	0	0	0	0
chr6.3310500.3311000	neg	0	0	0	0	0	0	0	0	0	0	0
chr6.3353000.3353500	neg	0	0	0	0	0	0	0	0	0	0	0
chr6.3397500.3398000	neg	0	0	0	0	0	0	0	0	0	0	0
chr6.3577500.3578000	neg	0	0	0	0	0	0	0	0	0	0	0
chr6.3760500.3761000	neg	0	0	0	0	0	0	0	0	0	0	0
chr6.3983500.3984000	neg	0	0	0	0	0	0	0	0	0	0	0
chr6.4019000.4019500	neg	0	0	0	0	0	0	0	0	0	0	0
chr6.4025500.4026000	neg	0	0	0	0	0	0	0	0	0	0	0
chr6.4363500.4364000	neg	0	0	0	0	0	0	0	0	0	0	0
chr6.4533000.4533500	neg	0	0	0	0	0	0	0	0	0	0	0
chr6.4590000.4590500	neg	0	0	0	0	0	0	0	0	0	0	0
chr6.5063500.5064000	neg	0	0	0	0	0	0	0	0	0	0	0
chr6.5285500.5286000	neg	0	0	0	0	0	0	0	0	0	0	0
chr6.5679000.5679500	neg	0	0	0	0	0	0	0	0	0	0	0
chr6.5767000.5767500	neg	0	0	0	0	0	0	0	0	0	0	0
chr6.6052500.6053000	neg	0	0	0	0	0	0	0	0	0	0	0
chr6.6498500.6499000	neg	0	0	0	0	0	0	0	0	0	0	0
chr6.6635000.6635500	neg	0	0	0	0	0	0	0	0	0	0	0
chr6.6800500.6801000	neg	0	0	0	0	0	0	0	0	0	0	0
chr6.6822500.6823000	neg	0	0	0	0	0	0	0	0	0	0	0
chr6.7635500.7636000	neg	0	0	0	0	0	0	0	0	0	0	0
chr6.8372000.8372500	neg	0	0	0	0	0	0	0	0	0	0	0
chr6.8544000.8544500	neg	0	0	0	0	0	0	0	0	0	0	0
chr6.8659000.8659500	neg	0	0	0	0	0	0	0	0	0	0	0
chr6.8678000.8678500	neg	0	0	0	0	0	0	0	0	0	0	0
chr6.9065500.9066000	neg	0	0	0	0	0	0	0	0	0	0	0
chr6.9257000.9257500	neg	0	0	0	0	0	0	0	0	0	0	0
chr6.9822000.9822500	neg	0	0	0	0	0	0	0	0	0	0	0
chr6.9852500.9853000	neg	0	0	0	0	0	0	0	0	0	0	0
chr6.10461000.10461500	neg	0	0	0	0	0	0	0	0	0	0	0
chr6.10637500.10638000	neg	0	0	0	0	0	0	0	0	0	0	0
chr6.10855000.10855500	neg	0	0	0	0	0	0	0	0	0	0	0
chr6.11215500.11216000	neg	0	0	0	0	0	0	0	0	0	0	0
chr6.11276500.11277000	neg	0	0	0	0	0	0	0	0	0	0	0
chr6.11695000.11695500	neg	0	0	0	0	0	0	0	0	0	0	0
chr6.11738000.11738500	neg	0	0	0	0	0	0	0	0	0	0	0
chr6.11750000.11750500	neg	0	0	0	0	0	0	0	0	0	0	0
chr6.11938500.11939000	neg	0	0	0	0	0	0	0	0	0	0	0
chr6.12068500.12069000	neg	0	0	0	0	0	0	0	0	0	0	0
chr6.12175500.12176000	neg	0	0	0	0	0	0	0	0	0	0	0
chr6.12431000.12431500	neg	0	0	0	0	0	0	0	0	0	0	0
chr6.12457500.12458000	neg	0	0	0	0	0	0	0	0	0	0	0
chr6.12539000.12539500	neg	0	0	0	0	0	0	0	0	0	0	0
chr6.12655500.12656000	neg	0	0	0	0	0	0	0	0	0	0	0
chr6.12694500.12695000	neg	0	0	0	0	0	0	0	0	0	0	0
chr6.13607500.13608000	neg	0	0	0	0	0	0	0	0	0	0	0
chr6.13769500.13770000	neg	0	0	0	0	0	0	0	0	0	0	0
chr6.13842000.13842500	neg	0	0	0	0	0	0	0	0	0	0	0
chr6.13928500.13929000	neg	0	0	0	0	0	0	0	0	0	0	0
chr6.14774000.14774500	neg	0	0	0	0	0	0	0	0	0	0	0
chr6.14884000.14884500	neg	0	0	0	0	0	0	0	0	0	0	0
chr6.14893000.14893500	neg	0	0	0	0	0	0	0	0	0	0	0
chr6.15058000.15058500	neg	0	0	0	0	0	0	0	0	0	0	0
chr6.15276000.15276500	neg	0	0	0	0	0	0	0	0	0	0	0
chr6.15773000.15773500	neg	0	0	0	0	0	0	0	0	0	0	0
chr6.16027500.16028000	neg	0	0	0	0	0	0	0	0	0	0	0
chr6.16301500.16302000	neg	0	0	0	0	0	0	0	0	0	0	0
chr6.16794500.16795000	neg	0	0	0	0	0	0	0	0	0	0	0
chr6.16817500.16818000	neg	0	0	0	0	0	0	0	0	0	0	0
chr6.16901000.16901500	neg	0	0	0	0	0	0	0	0	0	0	0
chr6.17208500.17209000	neg	0	0	0	0	0	0	0	0	0	0	0
chr6.17259500.17260000	neg	0	0	0	0	0	0	0	0	0	0	0
chr6.17317000.17317500	neg	0	0	0	0	0	0	0	0	0	0	0
chr6.17437000.17437500	neg	0	0	0	0	0	0	0	0	0	0	0
chr6.18851500.18852000	neg	0	0	0	0	0	0	0	0	0	0	0
chr6.19112000.19112500	neg	0	0	0	0	0	0	0	0	0	0	0
chr6.19895500.19896000	neg	0	0	0	0	0	0	0	0	0	0	0
chr6.20053000.20053500	neg	0	0	0	0	0	0	0	0	0	0	0
chr6.20113000.20113500	neg	0	0	0	0	0	0	0	0	0	0	0
chr6.21015500.21016000	neg	0	0	0	0	0	0	0	0	0	0	0
chr6.21042500.21043000	neg	0	0	0	0	0	0	0	0	0	0	0
chr6.21177000.21177500	neg	0	0	0	0	0	0	0	0	0	0	0
chr6.21258500.21259000	neg	0	0	0	0	0	0	0	0	0	0	0
chr6.21274000.21274500	neg	0	0	0	0	0	0	0	0	0	0	0
chr6.21361000.21361500	neg	0	0	0	0	0	0	0	0	0	0	0
chr6.21437000.21437500	neg	0	0	0	0	0	0	0	0	0	0	0
chr6.21525500.21526000	neg	0	0	0	0	0	0	0	0	0	0	0
chr6.21572000.21572500	neg	0	0	0	0	0	0	0	0	0	0	0
chr6.21690000.21690500	neg	0	0	0	0	0	0	0	0	0	0	0
chr6.21696000.21696500	neg	0	0	0	0	0	0	0	0	0	0	0
chr6.22002500.22003000	neg	0	0	0	0	0	0	0	0	0	0	0
chr6.22292500.22293000	neg	0	0	0	0	0	0	0	0	0	0	0
chr6.22293000.22293500	neg	0	0	0	0	0	0	0	0	0	0	0
chr6.23050000.23050500	neg	0	0	0	0	0	0	0	0	0	0	0
chr6.23392500.23393000	neg	0	0	0	0	0	0	0	0	0	0	0
chr6.23523500.23524000	neg	0	0	0	0	0	0	0	0	0	0	0
chr7.105000.105500	neg	0	0	0	0	0	0	0	0	0	0	0
chr7.231500.232000	neg	0	0	0	0	0	0	0	0	0	0	0
chr7.566500.567000	neg	0	0	0	0	0	0	0	0	0	0	0
chr7.742500.743000	neg	0	0	0	0	0	0	0	0	0	0	0
chr7.1119000.1119500	neg	0	0	0	0	0	0	0	0	0	0	0
chr7.1147500.1148000	neg	0	0	0	0	0	0	0	0	0	0	0
chr7.2092500.2093000	neg	0	0	0	0	0	0	0	0	0	0	0
chr7.2191500.2192000	neg	0	0	0	0	0	0	0	0	0	0	0
chr7.2278000.2278500	neg	0	0	0	0	0	0	0	0	0	0	0
chr7.2625000.2625500	neg	0	0	0	0	0	0	0	0	0	0	0
chr7.2776500.2777000	neg	0	0	0	0	0	0	0	0	0	0	0
chr7.2808000.2808500	neg	0	0	0	0	0	0	0	0	0	0	0
chr7.2825500.2826000	neg	0	0	0	0	0	0	0	0	0	0	0
chr7.2897500.2898000	neg	0	0	0	0	0	0	0	0	0	0	0
chr7.3258500.3259000	neg	0	0	0	0	0	0	0	0	0	0	0
chr7.3730500.3731000	neg	0	0	0	0	0	0	0	0	0	0	0
chr7.4626000.4626500	neg	0	0	0	0	0	0	0	0	0	0	0
chr7.5292000.5292500	neg	0	0	0	0	0	0	0	0	0	0	0
chr7.5707000.5707500	neg	0	0	0	0	0	0	0	0	0	0	0
chr7.5783000.5783500	neg	0	0	0	0	0	0	0	0	0	0	0
chr7.6014000.6014500	neg	0	0	0	0	0	0	0	0	0	0	0
chr7.6101500.6102000	neg	0	0	0	0	0	0	0	0	0	0	0
chr7.6133000.6133500	neg	0	0	0	0	0	0	0	0	0	0	0
chr7.6483500.6484000	neg	0	0	0	0	0	0	0	0	0	0	0
chr7.7760500.7761000	neg	0	0	0	0	0	0	0	0	0	0	0
chr7.8307000.8307500	neg	0	0	0	0	0	0	0	0	0	0	0
chr7.8314500.8315000	neg	0	0	0	0	0	0	0	0	0	0	0
chr7.8595000.8595500	neg	0	0	0	0	0	0	0	0	0	0	0
chr7.8623000.8623500	neg	0	0	0	0	0	0	0	0	0	0	0
chr7.8659500.8660000	neg	0	0	0	0	0	0	0	0	0	0	0
chr7.8789000.8789500	neg	0	0	0	0	0	0	0	0	0	0	0
chr7.9013000.9013500	neg	0	0	0	0	0	0	0	0	0	0	0
chr7.9121500.9122000	neg	0	0	0	0	0	0	0	0	0	0	0
chr7.9314500.9315000	neg	0	0	0	0	0	0	0	0	0	0	0
chr7.9685500.9686000	neg	0	0	0	0	0	0	0	0	0	0	0
chr7.10238500.10239000	neg	0	0	0	0	0	0	0	0	0	0	0
chr7.10311500.10312000	neg	0	0	0	0	0	0	0	0	0	0	0
chr7.10312000.10312500	neg	0	0	0	0	0	0	0	0	0	0	0
chr7.10778500.10779000	neg	0	0	0	0	0	0	0	0	0	0	0
chr7.11343000.11343500	neg	0	0	0	0	0	0	0	0	0	0	0
chr7.11811500.11812000	neg	0	0	0	0	0	0	0	0	0	0	0
chr7.12334500.12335000	neg	0	0	0	0	0	0	0	0	0	0	0
chr7.12754000.12754500	neg	0	0	0	0	0	0	0	0	0	0	0
chr7.12901500.12902000	neg	0	0	0	0	0	0	0	0	0	0	0
chr7.13397000.13397500	neg	0	0	0	0	0	0	0	0	0	0	0
chr7.13495000.13495500	neg	0	0	0	0	0	0	0	0	0	0	0
chr7.13611500.13612000	neg	0	0	0	0	0	0	0	0	0	0	0
chr7.13653000.13653500	neg	0	0	0	0	0	0	0	0	0	0	0
chr7.14186000.14186500	neg	0	0	0	0	0	0	0	0	0	0	0
chr7.14349000.14349500	neg	0	0	0	0	0	0	0	0	0	0	0
chr7.14440500.14441000	neg	0	0	0	0	0	0	0	0	0	0	0
chr7.14869000.14869500	neg	0	0	0	0	0	0	0	0	0	0	0
chr7.15045000.15045500	neg	0	0	0	0	0	0	0	0	0	0	0
chr7.15050000.15050500	neg	0	0	0	0	0	0	0	0	0	0	0
chr7.15136000.15136500	neg	0	0	0	0	0	0	0	0	0	0	0
chr7.15558500.15559000	neg	0	0	0	0	0	0	0	0	0	0	0
chr7.15582000.15582500	neg	0	0	0	0	0	0	0	0	0	0	0
chr7.15650000.15650500	neg	0	0	0	0	0	0	0	0	0	0	0
chr7.15687500.15688000	neg	0	0	0	0	0	0	0	0	0	0	0
chr7.15974000.15974500	neg	0	0	0	0	0	0	0	0	0	0	0
chr7.16076000.16076500	neg	0	0	0	0	0	0	0	0	0	0	0
chr7.16121500.16122000	neg	0	0	0	0	0	0	0	0	0	0	0
chr7.16146500.16147000	neg	0	0	0	0	0	0	0	0	0	0	0
chr7.16487000.16487500	neg	0	0	0	0	0	0	0	0	0	0	0
chr7.17296000.17296500	neg	0	0	0	0	0	0	0	0	0	0	0
chr7.17345500.17346000	neg	0	0	0	0	0	0	0	0	0	0	0
chr7.17953500.17954000	neg	0	0	0	0	0	0	0	0	0	0	0
chr7.18454000.18454500	neg	0	0	0	0	0	0	0	0	0	0	0
chr7.18880500.18881000	neg	0	0	0	0	0	0	0	0	0	0	0
chr7.18999500.19000000	neg	0	0	0	0	0	0	0	0	0	0	0
chr7.19048000.19048500	neg	0	0	0	0	0	0	0	0	0	0	0
chr7.19049000.19049500	neg	0	0	0	0	0	0	0	0	0	0	0
chr7.19563000.19563500	neg	0	0	0	0	0	0	0	0	0	0	0
chr7.19752500.19753000	neg	0	0	0	0	0	0	0	0	0	0	0
chr7.19849500.19850000	neg	0	0	0	0	0	0	0	0	0	0	0
chr7.20002000.20002500	neg	0	0	0	0	0	0	0	0	0	0	0
chr7.20166000.20166500	neg	0	0	0	0	0	0	0	0	0	0	0
chr7.20782000.20782500	neg	0	0	0	0	0	0	0	0	0	0	0
chr7.21107000.21107500	neg	0	0	0	0	0	0	0	0	0	0	0
chr7.21288000.21288500	neg	0	0	0	0	0	0	0	0	0	0	0
chr7.21299500.21300000	neg	0	0	0	0	0	0	0	0	0	0	0
chr8.43000.43500	neg	0	0	0	0	0	0	0	0	0	0	0
chr8.607000.607500	neg	0	0	0	0	0	0	0	0	0	0	0
chr8.836000.836500	neg	0	0	0	0	0	0	0	0	0	0	0
chr8.1077500.1078000	neg	0	0	0	0	0	0	0	0	0	0	0
chr8.1620000.1620500	neg	0	0	0	0	0	0	0	0	0	0	0
chr8.1939000.1939500	neg	0	0	0	0	0	0	0	0	0	0	0
chr8.2322000.2322500	neg	0	0	0	0	0	0	0	0	0	0	0
chr8.2959500.2960000	neg	0	0	0	0	0	0	0	0	0	0	0
chr8.3152000.3152500	neg	0	0	0	0	0	0	0	0	0	0	0
chr8.3460500.3461000	neg	0	0	0	0	0	0	0	0	0	0	0
chr8.3627500.3628000	neg	0	0	0	0	0	0	0	0	0	0	0
chr8.3677000.3677500	neg	0	0	0	0	0	0	0	0	0	0	0
chr8.4920000.4920500	neg	0	0	0	0	0	0	0	0	0	0	0
chr8.4920500.4921000	neg	0	0	0	0	0	0	0	0	0	0	0
chr8.5084500.5085000	neg	0	0	0	0	0	0	0	0	0	0	0
chr8.5931000.5931500	neg	0	0	0	0	0	0	0	0	0	0	0
chr8.5994500.5995000	neg	0	0	0	0	0	0	0	0	0	0	0
chr8.6025000.6025500	neg	0	0	0	0	0	0	0	0	0	0	0
chr8.6109500.6110000	neg	0	0	0	0	0	0	0	0	0	0	0
chr8.6567000.6567500	neg	0	0	0	0	0	0	0	0	0	0	0
chr8.8250500.8251000	neg	0	0	0	0	0	0	0	0	0	0	0
chr8.8453500.8454000	neg	0	0	0	0	0	0	0	0	0	0	0
chr8.8704500.8705000	neg	0	0	0	0	0	0	0	0	0	0	0
chr8.8872000.8872500	neg	0	0	0	0	0	0	0	0	0	0	0
chr8.9220000.9220500	neg	0	0	0	0	0	0	0	0	0	0	0
chr8.9269000.9269500	neg	0	0	0	0	0	0	0	0	0	0	0
chr8.9276000.9276500	neg	0	0	0	0	0	0	0	0	0	0	0
chr8.9584000.9584500	neg	0	0	0	0	0	0	0	0	0	0	0
chr8.9844500.9845000	neg	0	0	0	0	0	0	0	0	0	0	0
chr8.9863500.9864000	neg	0	0	0	0	0	0	0	0	0	0	0
chr8.10320000.10320500	neg	0	0	0	0	0	0	0	0	0	0	0
chr8.10373000.10373500	neg	0	0	0	0	0	0	0	0	0	0	0
chr8.10466500.10467000	neg	0	0	0	0	0	0	0	0	0	0	0
chr8.10470000.10470500	neg	0	0	0	0	0	0	0	0	0	0	0
chr8.11361500.11362000	neg	0	0	0	0	0	0	0	0	0	0	0
chr8.11442500.11443000	neg	0	0	0	0	0	0	0	0	0	0	0
chr8.12089000.12089500	neg	0	0	0	0	0	0	0	0	0	0	0
chr8.12100000.12100500	neg	0	0	0	0	0	0	0	0	0	0	0
chr8.12101000.12101500	neg	0	0	0	0	0	0	0	0	0	0	0
chr8.12305500.12306000	neg	0	0	0	0	0	0	0	0	0	0	0
chr8.12330500.12331000	neg	0	0	0	0	0	0	0	0	0	0	0
chr8.12512000.12512500	neg	0	0	0	0	0	0	0	0	0	0	0
chr8.12541000.12541500	neg	0	0	0	0	0	0	0	0	0	0	0
chr8.12616500.12617000	neg	0	0	0	0	0	0	0	0	0	0	0
chr8.12739000.12739500	neg	0	0	0	0	0	0	0	0	0	0	0
chr8.12742500.12743000	neg	0	0	0	0	0	0	0	0	0	0	0
chr8.13363000.13363500	neg	0	0	0	0	0	0	0	0	0	0	0
chr8.13470000.13470500	neg	0	0	0	0	0	0	0	0	0	0	0
chr8.13588000.13588500	neg	0	0	0	0	0	0	0	0	0	0	0
chr8.14231500.14232000	neg	0	0	0	0	0	0	0	0	0	0	0
chr8.14320500.14321000	neg	0	0	0	0	0	0	0	0	0	0	0
chr8.14332000.14332500	neg	0	0	0	0	0	0	0	0	0	0	0
chr8.14349500.14350000	neg	0	0	0	0	0	0	0	0	0	0	0
chr8.14362500.14363000	neg	0	0	0	0	0	0	0	0	0	0	0
chr8.14643000.14643500	neg	0	0	0	0	0	0	0	0	0	0	0
chr8.14702500.14703000	neg	0	0	0	0	0	0	0	0	0	0	0
chr8.14734500.14735000	neg	0	0	0	0	0	0	0	0	0	0	0
chr8.15582000.15582500	neg	0	0	0	0	0	0	0	0	0	0	0
chr8.15752500.15753000	neg	0	0	0	0	0	0	0	0	0	0	0
chr8.15954000.15954500	neg	0	0	0	0	0	0	0	0	0	0	0
chr8.16599000.16599500	neg	0	0	0	0	0	0	0	0	0	0	0
chr8.16839000.16839500	neg	0	0	0	0	0	0	0	0	0	0	0
chr8.16967500.16968000	neg	0	0	0	0	0	0	0	0	0	0	0
chr8.17063500.17064000	neg	0	0	0	0	0	0	0	0	0	0	0
chr8.17320500.17321000	neg	0	0	0	0	0	0	0	0	0	0	0
chr8.18652500.18653000	neg	0	0	0	0	0	0	0	0	0	0	0
chr8.18966000.18966500	neg	0	0	0	0	0	0	0	0	0	0	0
chr8.19063000.19063500	neg	0	0	0	0	0	0	0	0	0	0	0
chr8.19230500.19231000	neg	0	0	0	0	0	0	0	0	0	0	0
chr8.19275000.19275500	neg	0	0	0	0	0	0	0	0	0	0	0
chr8.19833000.19833500	neg	0	0	0	0	0	0	0	0	0	0	0
chr8.20036500.20037000	neg	0	0	0	0	0	0	0	0	0	0	0
chr8.20251000.20251500	neg	0	0	0	0	0	0	0	0	0	0	0
chr8.20282000.20282500	neg	0	0	0	0	0	0	0	0	0	0	0
chr8.20649500.20650000	neg	0	0	0	0	0	0	0	0	0	0	0
chr8.20797000.20797500	neg	0	0	0	0	0	0	0	0	0	0	0
chrU.2506000.2506500	neg	0	0	0	0	0	0	0	0	0	0	0
chrU.3748000.3748500	neg	0	0	0	0	0	0	0	0	0	0	0
chrU.4037000.4037500	neg	0	0	0	0	0	0	0	0	0	0	0
chrV.1535500.1536000	neg	0	0	0	0	0	0	0	0	0	0	0
chrV.1667000.1667500	neg	0	0	0	0	0	0	0	0	0	0	0
chrV.1733500.1734000	neg	0	0	0	0	0	0	0	0	0	0	0
chrV.5434000.5434500	neg	0	0	0	0	0	0	0	0	0	0	0
chrV.6094000.6094500	neg	0	0	0	0	0	0	0	0	0	0	0
chrV.6242500.6243000	neg	0	0	0	0	0	0	0	0	0	0	0
chrV.7161500.7162000	neg	0	0	0	0	0	0	0	0	0	0	0
chrV.7162500.7163000	neg	0	0	0	0	0	0	0	0	0	0	0
chrV.7169000.7169500	neg	0	0	0	0	0	0	0	0	0	0	0
chrV.7352500.7353000	neg	0	0	0	0	0	0	0	0	0	0	0
chrV.7493500.7494000	neg	0	0	0	0	0	0	0	0	0	0	0
unplaced-scaffold_032.4000.4500	neg	0	0	0	0	0	0	0	0	0	0	0
unplaced-scaffold_078.14500.15000	neg	0	0	0	0	0	0	0	0	0	0	0
unplaced-scaffold_078.40000.40500	neg	0	0	0	0	0	0	0	0	0	0	0
unplaced-scaffold_109.1000.1500	neg	0	0	0	0	0	0	0	0	0	0	0
unplaced-scaffold_127.4500.5000	neg	0	0	0	0	0	0	0	0	0	0	0
unplaced-scaffold_210.8000.8500	neg	0	0	0	0	0	0	0	0	0	0	0
unplaced-scaffold_216.13000.13500	neg	0	0	0	0	0	0	0	0	0	0	0
unplaced-scaffold_297.4000.4500	neg	0	0	0	0	0	0	0	0	0	0	0
unplaced-scaffold_330.2500.3000	neg	0	0	0	0	0	0	0	0	0	0	0
unplaced-scaffold_330.8000.8500	neg	0	0	0	0	0	0	0	0	0	0	0
unplaced-scaffold_403.2000.2500	neg	0	0	0	0	0	0	0	0	0	0	0
unplaced-scaffold_441.1500.2000	neg	0	0	0	0	0	0	0	0	0	0	0
