peak	Class	H2Aub	H2AZ	H3	H3K4me1	H3K4me3	H3K9ac	H3K9me1	H3K14ac	H3K27me1	H3K27me3	H3K36me3
chr1.175209.175310	pos	0	1	1	1	1	1	1	0	1	1	1
chr1.175686.175887	pos	0	1	1	1	1	1	1	0	1	1	1
chr1.176121.179014	pos	1	1	1	1	1	1	1	1	1	1	1
chr1.196397.198246	pos	1	1	1	1	1	1	1	1	1	1	1
chr1.237492.237992	pos	1	1	0	1	1	1	1	1	1	0	1
chr1.560792.561061	pos	1	1	1	1	1	1	1	0	1	1	0
chr1.591612.591710	pos	0	1	1	1	1	0	1	1	1	0	1
chr1.761919.762012	pos	0	1	1	0	0	0	1	0	0	0	0
chr1.793972.795516	pos	1	1	1	1	1	1	1	1	1	1	1
chr1.1448365.1448534	pos	0	1	0	1	1	1	0	1	0	0	1
chr1.2411735.2412314	pos	0	1	1	1	1	1	1	1	1	1	1
chr1.2413240.2413393	pos	0	1	1	1	1	1	1	1	1	1	1
chr1.3538390.3538480	pos	0	1	1	1	1	1	1	1	1	0	1
chr1.3610287.3610379	pos	0	0	1	0	0	0	1	0	1	0	0
chr1.3759627.3759697	pos	0	0	0	1	0	0	0	0	0	0	1
chr1.3868881.3869418	pos	0	1	1	1	1	1	1	0	1	1	1
chr1.3878677.3879228	pos	0	1	1	1	1	1	1	1	1	1	1
chr1.4129684.4129789	pos	0	1	1	1	1	1	1	0	1	0	1
chr1.4348816.4348920	pos	0	0	0	0	0	0	0	0	0	0	0
chr1.5382584.5382696	pos	0	0	1	0	0	1	1	0	1	0	0
chr1.5557662.5557770	pos	0	0	1	0	0	0	1	0	1	0	0
chr1.5765425.5765736	pos	0	1	1	1	1	1	1	1	1	1	1
chr1.5945367.5945440	pos	0	1	1	1	1	1	1	1	1	1	1
chr1.5990165.5990234	pos	0	1	0	1	0	0	1	1	1	0	1
chr1.6148055.6148260	pos	1	1	1	1	1	1	1	1	1	0	1
chr1.6236227.6236302	pos	0	0	0	0	0	0	1	0	1	0	0
chr1.6505638.6505938	pos	0	1	1	1	0	0	1	1	1	1	1
chr1.6832853.6832943	pos	0	0	0	1	0	0	0	0	0	0	1
chr1.6964446.6964546	pos	0	1	1	1	1	1	1	1	1	0	1
chr1.7466169.7466296	pos	0	1	1	1	1	1	1	1	1	0	1
chr1.7626237.7626574	pos	0	1	1	1	1	1	1	0	1	1	1
chr1.7975788.7975920	pos	0	0	0	0	0	0	1	0	1	0	0
chr1.8317533.8317923	pos	1	1	1	1	1	1	0	1	0	0	1
chr1.8641073.8641220	pos	0	1	1	1	1	1	1	0	1	0	1
chr1.8710731.8711363	pos	1	1	0	0	1	1	0	0	0	0	1
chr1.8830631.8830769	pos	0	1	0	1	1	0	0	1	0	0	1
chr1.8983773.8983949	pos	0	0	0	0	0	0	1	0	1	0	0
chr1.9083409.9084019	pos	1	1	0	1	1	1	0	1	0	1	0
chr1.9142538.9142897	pos	0	0	1	0	0	0	1	0	1	0	0
chr1.9239527.9239612	pos	0	1	0	1	1	1	1	0	1	1	1
chr1.9952433.9952743	pos	0	0	0	0	0	0	0	0	0	0	0
chr1.10338157.10338314	pos	0	0	1	0	0	0	1	0	1	0	0
chr1.10440421.10440647	pos	1	1	0	1	1	0	1	1	1	0	1
chr1.11294506.11294832	pos	0	1	1	1	1	1	1	1	1	1	1
chr1.11399860.11400015	pos	0	1	0	0	0	1	1	1	1	0	1
chr1.11467551.11467869	pos	0	1	1	1	1	1	1	0	1	1	1
chr1.12349827.12349896	pos	0	0	0	0	0	1	1	0	1	0	0
chr1.12590653.12590763	pos	0	0	1	1	1	0	0	1	0	0	1
chr1.12708853.12709624	pos	1	0	0	0	1	1	0	1	0	0	1
chr1.12810398.12810518	pos	0	1	1	1	0	1	1	1	1	0	1
chr1.12938129.12938212	pos	0	1	0	1	1	1	1	0	1	1	1
chr1.13094299.13094389	pos	0	1	0	0	0	1	1	0	0	0	1
chr1.13168339.13168569	pos	0	0	0	0	0	0	1	0	1	0	0
chr1.13276555.13277171	pos	0	1	1	1	1	1	1	0	1	1	1
chr1.13666420.13666635	pos	0	0	1	0	0	0	1	0	1	0	0
chr1.14255371.14255645	pos	0	0	1	0	0	0	1	0	1	1	1
chr1.14658323.14658402	pos	0	0	1	0	0	0	1	0	1	0	0
chr1.15156220.15156853	pos	0	1	1	1	1	1	1	1	1	1	1
chr1.15157005.15157461	pos	0	1	1	1	1	1	1	1	1	1	1
chr1.15163394.15163554	pos	0	1	1	1	1	1	1	1	1	1	1
chr1.15164268.15164880	pos	0	1	1	1	1	1	1	1	1	1	1
chr1.15266297.15266573	pos	0	1	1	1	1	1	1	0	1	1	1
chr1.15779956.15780070	pos	0	0	1	0	0	0	1	0	1	0	0
chr1.16001392.16001508	pos	0	0	1	0	0	0	1	0	1	0	0
chr1.16002038.16002103	pos	0	0	1	0	0	0	1	0	1	0	0
chr1.16002413.16002512	pos	0	0	1	0	0	0	1	0	1	0	0
chr1.16237285.16237352	pos	0	0	1	0	0	0	1	0	1	0	0
chr1.16278648.16278787	pos	0	0	0	0	0	0	1	0	1	0	0
chr1.16419165.16419728	pos	0	1	1	1	1	1	1	1	1	1	1
chr1.16433393.16433779	pos	0	0	1	0	0	0	1	0	1	1	0
chr1.17120700.17120801	pos	0	1	0	1	1	0	1	0	1	0	1
chr1.17238425.17238543	pos	0	0	0	1	0	0	1	0	1	0	0
chr1.17756697.17757066	pos	1	1	0	0	1	1	0	1	0	1	0
chr1.18300139.18300291	pos	1	0	1	0	1	1	0	1	0	0	1
chr1.18936756.18936863	pos	0	0	1	0	0	0	1	0	1	0	0
chr1.19050489.19051234	pos	0	1	1	1	1	1	1	0	1	1	1
chr1.19511790.19511887	pos	0	0	1	0	0	0	1	0	1	0	0
chr1.19529075.19529172	pos	0	1	0	0	0	0	1	1	0	0	0
chr1.19750867.19751008	pos	0	1	1	0	0	0	1	0	0	0	0
chr1.19814856.19816154	pos	0	1	1	1	1	1	1	1	1	1	1
chr1.19816254.19816847	pos	0	1	1	1	1	1	1	1	1	1	1
chr1.19858731.19858935	pos	1	0	0	0	1	0	0	0	0	0	1
chr1.20225486.20225981	pos	1	1	0	1	1	0	0	1	0	1	0
chr1.20533041.20533197	pos	0	0	1	0	0	0	1	0	1	0	0
chr1.20703757.20704053	pos	0	1	1	1	1	1	0	1	1	0	1
chr1.20863164.20863706	pos	0	1	1	1	0	1	1	0	1	1	0
chr1.20864005.20864224	pos	0	1	1	1	0	1	1	0	1	1	0
chr1.20916307.20916657	pos	0	1	1	0	0	1	1	1	1	0	1
chr1.20933014.20933184	pos	1	1	0	1	1	0	0	1	0	0	1
chr1.21927963.21928093	pos	0	1	1	1	1	0	0	0	1	0	1
chr1.22103763.22103846	pos	0	0	0	1	1	1	0	1	0	0	1
chr1.22338863.22338932	pos	0	0	1	0	0	0	1	0	1	0	0
chr1.23024062.23024132	pos	0	1	0	1	0	0	1	0	0	1	0
chr1.23160944.23161083	pos	0	1	1	0	1	1	1	1	1	0	1
chr1.23641918.23642141	pos	0	0	1	1	1	0	0	1	0	0	1
chr1.23809194.23809263	pos	0	0	1	0	0	0	1	0	1	0	0
chr1.24437596.24437910	pos	1	1	0	0	1	1	0	1	0	0	0
chr1.24616012.24616276	pos	0	0	0	0	1	1	0	1	0	0	1
chr1.25085731.25085991	pos	1	1	1	1	1	1	1	1	0	0	1
chr1.25927108.25927256	pos	1	1	0	1	1	1	1	1	1	0	1
chr1.26317835.26317926	pos	1	1	1	1	1	1	1	1	1	1	1
chr1.26337523.26337674	pos	0	1	0	1	1	1	0	1	0	0	1
chr1.26366436.26366935	pos	0	1	1	1	1	1	1	1	1	1	1
chr1.26367127.26367318	pos	0	1	1	1	1	1	1	1	1	1	1
chr1.26390623.26390779	pos	0	1	1	0	0	1	1	0	1	0	0
chr1.26611262.26611327	pos	0	0	0	1	0	0	0	0	0	0	1
chr1.26845617.26845683	pos	0	0	1	1	0	0	0	1	0	0	1
chr1.26917023.26917138	pos	0	0	0	1	1	0	0	1	0	0	1
chr1.27003249.27003354	pos	0	1	0	1	1	0	0	1	0	1	0
chr1.27127993.27128513	pos	1	1	0	0	1	1	0	0	0	1	0
chr1.27464006.27464073	pos	0	1	0	1	1	1	1	1	1	0	1
chr1.27490828.27490893	pos	0	1	0	1	0	0	0	1	0	0	1
chr1.27552120.27552372	pos	1	1	1	1	1	1	1	1	1	0	0
chr1.27641254.27641324	pos	0	0	1	0	0	0	1	0	0	0	0
chr1.28108016.28108583	pos	0	1	0	1	1	1	1	1	1	0	1
chr1.28583455.28583853	pos	0	1	0	0	1	0	1	0	0	0	1
chr1.28850377.28850596	pos	0	1	1	0	0	1	1	0	1	0	0
chr1.29029400.29029564	pos	0	1	1	0	1	1	1	0	1	0	0
chr1.29431267.29431340	pos	0	0	0	0	0	0	1	0	1	1	0
chr1.29450099.29452272	pos	1	1	1	1	1	1	0	1	0	0	0
chr1.29453719.29453855	pos	0	1	0	1	1	0	0	1	0	0	1
chr1.29501483.29501582	pos	0	0	1	0	0	0	1	0	1	0	0
chr1.29866687.29866957	pos	0	1	0	1	1	1	1	1	0	0	1
chr1.30160694.30160839	pos	0	1	1	1	1	1	1	0	1	1	1
chr1.30401372.30401472	pos	1	1	0	0	1	1	0	1	0	0	1
chr1.30457470.30457565	pos	1	1	1	1	1	0	1	1	1	1	1
chr2.414495.414639	pos	0	0	0	1	1	0	0	1	0	0	1
chr2.424129.424209	pos	0	0	1	1	0	0	0	1	0	0	1
chr2.686158.686261	pos	1	1	0	0	1	0	0	1	0	1	0
chr2.1068233.1068444	pos	1	1	1	1	1	0	0	1	1	1	0
chr2.1798968.1799104	pos	1	1	0	1	1	0	1	1	0	1	0
chr2.1886763.1887381	pos	0	1	1	1	1	1	1	0	1	1	0
chr2.2228286.2228379	pos	0	1	0	0	1	1	1	0	0	0	1
chr2.2517805.2518022	pos	0	1	0	0	1	0	1	1	1	0	0
chr2.2555428.2555575	pos	1	1	0	1	1	0	0	1	0	1	0
chr2.2711634.2711721	pos	0	0	0	0	0	0	0	0	0	1	0
chr2.2863078.2863158	pos	1	1	0	1	1	0	1	1	0	1	0
chr2.2904726.2904794	pos	0	0	0	0	0	0	1	0	1	0	0
chr2.3718005.3718222	pos	0	1	1	0	0	0	1	0	1	1	0
chr2.3849731.3849911	pos	1	1	0	1	1	0	0	1	0	1	0
chr2.3983653.3984187	pos	1	1	0	1	1	0	0	1	0	1	0
chr2.4434035.4434341	pos	0	0	1	1	1	1	1	1	1	0	1
chr2.4478492.4478716	pos	0	0	1	0	0	0	1	0	1	0	0
chr2.4662233.4662305	pos	0	0	0	0	0	0	1	0	1	0	0
chr2.4720763.4720852	pos	0	0	1	0	0	0	1	0	0	1	0
chr2.4848061.4848126	pos	0	0	0	1	0	0	0	1	0	0	1
chr2.5679433.5680765	pos	0	1	1	1	1	1	1	0	1	1	1
chr2.6340145.6340213	pos	0	0	0	0	0	0	1	0	0	1	0
chr2.7340320.7340507	pos	0	0	1	0	0	0	1	0	1	1	0
chr2.7514282.7514469	pos	0	0	1	0	0	0	1	0	1	0	0
chr2.7852680.7852791	pos	0	1	0	1	0	1	0	1	0	0	1
chr2.8049891.8050009	pos	0	0	0	0	0	0	1	0	1	0	0
chr2.8334007.8334199	pos	0	0	1	1	0	1	1	1	1	0	0
chr2.8585751.8585815	pos	1	0	1	1	1	0	0	1	0	0	1
chr2.8612162.8612327	pos	1	0	0	0	1	0	0	0	0	0	0
chr2.8862430.8862496	pos	1	1	1	1	1	0	0	1	0	1	0
chr2.8870166.8870231	pos	1	1	0	1	1	0	0	1	0	1	0
chr2.9579405.9579554	pos	0	1	1	1	1	1	1	1	1	1	1
chr2.9579895.9581426	pos	0	1	1	1	1	1	1	1	1	1	1
chr2.9654315.9654514	pos	0	1	1	0	0	0	1	0	0	1	0
chr2.9701469.9701586	pos	1	1	0	1	1	0	0	1	0	0	1
chr2.9811609.9811778	pos	0	0	1	0	0	0	1	0	1	0	1
chr2.9940983.9941121	pos	1	1	1	1	1	1	1	1	1	1	1
chr2.10204307.10204431	pos	1	1	0	0	0	1	1	0	1	1	0
chr2.10668801.10669250	pos	0	1	1	1	1	1	1	1	0	1	0
chr2.10756111.10756239	pos	0	0	1	1	1	1	0	1	0	0	1
chr2.10864434.10864536	pos	0	1	0	1	1	1	1	1	1	0	1
chr2.11064831.11065231	pos	0	1	0	1	0	0	1	1	1	0	1
chr2.11108579.11108698	pos	0	0	0	1	1	0	0	1	0	0	1
chr2.11203344.11203434	pos	1	1	0	1	1	1	0	1	0	0	0
chr2.11241035.11241295	pos	1	1	0	1	1	0	1	0	1	1	0
chr2.11786874.11787059	pos	0	1	0	1	0	0	0	1	0	0	1
chr2.11861595.11862204	pos	0	1	0	1	1	1	1	1	1	0	1
chr2.11963230.11963338	pos	1	1	1	1	1	0	0	1	0	1	0
chr2.12274517.12275430	pos	0	1	1	1	0	1	1	0	1	1	0
chr2.12275547.12275914	pos	0	1	1	1	0	1	1	0	1	1	0
chr2.12514142.12514241	pos	0	0	1	0	0	0	1	0	0	1	0
chr2.12637812.12638072	pos	0	1	0	1	1	1	1	1	1	1	1
chr2.12916884.12917950	pos	0	1	1	1	1	1	1	1	1	1	1
chr2.12920013.12920076	pos	0	1	1	1	0	1	1	0	1	0	0
chr2.12948687.12948971	pos	0	1	1	1	0	1	1	0	1	0	1
chr2.13075223.13075384	pos	0	0	1	0	0	0	1	0	1	0	0
chr2.13075812.13075913	pos	0	0	1	0	0	0	1	0	1	0	0
chr2.13096669.13096788	pos	0	1	1	0	0	1	1	0	0	0	0
chr2.13207932.13207999	pos	0	0	0	0	0	0	1	0	1	0	0
chr2.13219107.13219219	pos	0	1	1	0	1	1	1	1	1	0	1
chr2.13501231.13501627	pos	1	1	0	1	1	1	0	1	0	1	0
chr2.13835146.13835316	pos	1	1	1	1	1	0	0	1	1	0	0
chr2.13921434.13921562	pos	1	1	1	1	1	0	1	1	1	1	0
chr2.13932535.13932635	pos	1	1	1	1	1	1	1	1	0	1	0
chr2.15631809.15631908	pos	1	1	0	1	1	1	0	1	0	1	0
chr2.15647936.15648120	pos	0	0	0	0	0	0	1	0	0	1	0
chr2.15689823.15690136	pos	0	1	1	0	0	1	1	0	1	1	0
chr2.15950014.15950288	pos	0	1	1	1	0	0	1	0	1	0	1
chr2.15952832.15952901	pos	0	0	1	0	0	0	1	0	1	0	0
chr2.16366594.16366716	pos	0	0	0	0	0	0	1	0	1	1	0
chr2.16685478.16685674	pos	0	1	1	0	0	0	1	0	1	0	1
chr2.16918903.16919035	pos	1	1	1	1	1	1	1	1	0	1	1
chr2.17239113.17239735	pos	0	1	1	1	1	1	1	1	1	0	1
chr2.17403574.17403870	pos	0	0	1	1	1	1	1	0	1	0	1
chr2.18068542.18068687	pos	0	0	0	0	0	0	1	0	1	0	0
chr2.18087989.18088218	pos	0	0	1	0	0	1	1	0	1	1	0
chr2.19061758.19061873	pos	0	0	1	0	0	0	1	0	1	0	0
chr2.19141932.19142094	pos	0	0	1	1	0	0	0	1	0	0	1
chr2.19722686.19723958	pos	1	1	1	1	1	1	1	1	1	1	1
chr2.19731247.19731358	pos	0	0	0	0	0	0	1	0	1	0	0
chr2.19809077.19809182	pos	1	1	1	1	1	1	1	1	1	1	1
chr2.20054028.20054158	pos	1	1	0	1	1	0	0	1	0	1	0
chr2.20186760.20186834	pos	0	0	0	0	0	0	1	0	1	1	0
chr2.21160046.21160615	pos	0	1	1	1	1	1	1	0	1	1	0
chr2.21293590.21293847	pos	1	1	0	0	1	0	0	0	0	1	0
chr2.21374452.21374519	pos	0	0	0	1	1	0	0	1	0	0	1
chr2.21476172.21476270	pos	0	0	1	0	0	0	1	0	1	0	0
chr2.22079772.22080102	pos	1	1	1	1	1	1	1	1	1	1	0
chr2.22601920.22602453	pos	0	0	1	0	0	0	1	0	0	1	0
chr2.23711696.23711831	pos	0	1	1	1	1	0	0	1	1	0	1
chr2.23742119.23742415	pos	1	1	0	1	1	1	1	1	0	0	1
chr2.24060499.24060758	pos	1	1	0	1	1	1	1	1	0	0	1
chr2.24318922.24319015	pos	0	1	1	1	1	1	1	1	1	1	1
chr2.24319160.24319542	pos	0	1	1	1	1	1	1	1	1	1	1
chr2.24441993.24442066	pos	0	0	1	1	0	1	0	0	0	0	1
chr2.25223613.25223702	pos	0	0	0	0	0	0	1	0	1	0	0
chr2.25784554.25784675	pos	0	0	1	1	0	1	1	0	1	0	0
chr2.26699577.26699642	pos	0	1	0	1	0	0	1	0	0	1	0
chr2.26887320.26887422	pos	1	1	0	1	1	0	0	1	0	1	0
chr2.27103504.27103615	pos	1	1	0	1	1	0	1	1	0	1	0
chr2.27138993.27139088	pos	0	1	0	1	0	0	0	1	0	1	0
chr2.27437868.27437966	pos	0	1	0	1	1	0	0	1	0	1	0
chr2.27473464.27473622	pos	0	0	1	1	1	0	1	1	1	0	1
chr2.27646462.27646724	pos	0	0	1	0	0	1	1	0	1	0	0
chr2.27965565.27965715	pos	1	1	0	0	1	1	1	1	1	0	1
chr2.27996196.27996496	pos	0	1	1	1	1	1	1	1	1	1	1
chr2.29192680.29192916	pos	0	1	1	1	1	1	1	1	1	1	1
chr2.29513282.29513356	pos	0	0	0	0	0	0	1	0	1	0	0
chr2.29616233.29616940	pos	0	1	1	1	0	1	1	0	1	1	0
chr3.11379.11857	pos	0	1	0	0	1	1	0	1	0	0	1
chr3.193586.193677	pos	0	0	0	0	0	0	1	0	1	0	0
chr3.419138.419284	pos	0	1	1	0	0	0	1	0	1	0	0
chr3.500272.500785	pos	1	0	0	0	1	1	0	0	0	1	0
chr3.871375.871524	pos	0	1	0	0	0	0	1	0	0	0	0
chr3.1289731.1290132	pos	0	1	0	1	1	1	1	1	1	0	1
chr3.1422932.1423212	pos	0	0	1	1	1	0	0	1	0	0	1
chr3.1487214.1487451	pos	0	1	1	1	0	1	1	0	1	1	0
chr3.1806985.1807091	pos	0	0	1	0	0	0	1	0	1	0	0
chr3.2002273.2002503	pos	0	0	1	0	0	0	1	0	0	1	0
chr3.2310147.2310296	pos	0	0	1	1	0	0	0	0	0	0	1
chr3.2398389.2398465	pos	0	1	0	1	1	1	1	1	1	0	1
chr3.2549222.2549302	pos	1	1	1	1	1	0	0	1	0	0	0
chr3.2659368.2659527	pos	1	1	0	1	1	0	1	1	1	1	1
chr3.2776064.2776457	pos	0	1	1	0	0	0	1	0	1	0	0
chr3.4388153.4388317	pos	1	1	0	1	1	0	0	0	0	1	0
chr3.4501485.4501559	pos	0	1	1	0	0	0	1	0	1	0	0
chr3.5378042.5378309	pos	0	1	1	0	0	0	1	0	1	1	0
chr3.6538422.6538544	pos	1	1	1	0	0	0	1	0	0	0	0
chr3.6741912.6742431	pos	1	1	1	0	1	1	1	1	0	1	1
chr3.6863644.6863782	pos	0	0	0	0	0	0	1	0	1	0	0
chr3.7516537.7517226	pos	1	1	0	0	1	1	0	1	0	0	1
chr3.7521657.7521830	pos	0	1	1	1	1	1	1	1	1	0	1
chr3.7668652.7668724	pos	1	1	1	0	0	0	1	0	0	1	0
chr3.7825862.7826010	pos	1	1	0	1	1	0	0	1	0	0	1
chr3.7919418.7919484	pos	0	1	0	1	1	1	1	1	1	1	1
chr3.7920067.7920163	pos	0	1	0	1	1	1	1	1	1	1	1
chr3.7984573.7984683	pos	1	1	0	1	1	1	1	1	1	0	1
chr3.8074090.8074294	pos	0	1	0	1	1	1	1	0	1	1	0
chr3.8393592.8393698	pos	0	0	1	1	1	1	0	0	0	0	1
chr3.8617423.8617528	pos	0	0	1	0	0	0	1	0	1	0	0
chr3.9462064.9462210	pos	0	1	1	1	1	1	1	0	1	1	1
chr3.9464539.9464754	pos	1	1	0	1	1	0	0	1	0	1	0
chr3.9765986.9766086	pos	1	1	1	1	1	1	1	1	1	0	1
chr3.9832726.9832851	pos	0	1	1	0	0	0	1	0	1	1	0
chr3.10120965.10121054	pos	1	1	0	1	1	0	0	1	0	1	0
chr3.10792063.10792363	pos	0	0	1	1	0	1	1	1	1	1	0
chr3.10910422.10910643	pos	0	0	1	0	0	0	1	0	1	0	0
chr3.10914311.10914396	pos	0	0	0	1	0	0	1	0	1	1	0
chr3.11546349.11546619	pos	0	0	1	0	0	0	1	0	1	1	0
chr3.11832510.11832854	pos	0	1	1	1	1	0	1	1	1	1	1
chr3.12124983.12125085	pos	0	0	1	0	0	0	1	0	1	1	0
chr3.12150914.12151062	pos	0	0	1	0	0	0	1	0	0	1	0
chr3.12509750.12509916	pos	1	1	1	1	1	0	1	0	0	1	0
chr3.13137968.13138085	pos	0	1	1	1	0	0	1	0	0	1	0
chr3.13325291.13326665	pos	1	1	1	1	1	1	1	0	1	1	1
chr3.13327508.13327581	pos	0	1	1	1	1	1	0	0	0	1	1
chr3.13549793.13550084	pos	1	1	1	1	1	1	1	0	0	1	0
chr3.13557781.13557934	pos	1	1	1	1	1	0	1	1	0	1	0
chr3.13558403.13558545	pos	1	1	1	1	1	0	1	1	0	1	0
chr3.13846851.13846953	pos	1	1	0	1	1	0	0	1	0	1	0
chr3.14102930.14103370	pos	0	1	1	1	1	1	1	1	1	1	1
chr3.14283304.14283374	pos	0	1	0	1	0	0	0	0	1	0	0
chr3.14798833.14798901	pos	0	0	1	1	0	0	0	0	0	0	1
chr3.15046542.15046684	pos	1	1	0	1	1	1	1	1	1	0	1
chr3.15054751.15055335	pos	0	0	1	1	1	1	1	1	1	1	1
chr3.15338040.15338121	pos	0	1	1	1	0	1	1	0	1	0	1
chr3.15359274.15359380	pos	0	1	0	1	1	1	0	1	0	0	1
chr3.15868336.15868399	pos	0	0	0	0	0	0	1	0	1	0	0
chr3.15924187.15924397	pos	0	1	1	1	1	1	1	1	1	1	0
chr3.16015044.16015113	pos	0	0	1	0	0	0	1	0	1	0	0
chr3.16122473.16122667	pos	1	0	1	1	1	0	0	1	0	0	1
chr3.16729517.16729769	pos	1	1	0	1	1	1	1	1	1	1	0
chr3.16908727.16908820	pos	0	0	1	0	0	0	1	0	1	0	0
chr3.17405619.17405775	pos	0	0	1	0	0	0	1	0	1	0	0
chr3.17416302.17416378	pos	0	0	1	0	0	0	1	0	1	0	0
chr3.17676422.17676514	pos	1	1	0	1	1	0	1	1	0	1	0
chr3.17987998.17988139	pos	1	1	1	1	1	0	1	1	1	0	0
chr3.17996053.17996182	pos	0	0	0	0	0	0	1	0	1	0	0
chr3.18010170.18010298	pos	1	1	0	1	1	1	0	1	0	0	1
chr3.18316572.18316685	pos	0	1	0	1	0	0	1	1	1	0	0
chr3.18721964.18722055	pos	0	1	0	1	1	0	0	1	0	1	0
chr3.18732210.18732346	pos	1	1	0	1	1	0	0	1	0	1	0
chr3.18732526.18732614	pos	1	1	0	1	1	0	0	1	0	1	0
chr3.19087616.19087804	pos	0	1	1	1	1	1	1	1	1	1	1
chr3.19390507.19390613	pos	0	0	0	0	0	0	1	0	1	0	0
chr3.19466305.19466385	pos	0	0	0	0	0	0	0	0	0	0	0
chr3.19893324.19893400	pos	0	0	1	0	0	0	1	0	0	1	0
chr3.19962730.19963006	pos	1	1	0	1	1	0	0	1	0	1	0
chr3.21212312.21212466	pos	0	1	1	1	0	0	1	0	1	1	1
chr3.22696049.22696216	pos	0	1	1	0	0	1	1	1	0	0	1
chr3.22769066.22769158	pos	1	0	0	0	1	1	0	1	0	0	1
chr3.22897006.22897174	pos	0	0	1	1	1	0	0	1	0	0	1
chr3.22994251.22994320	pos	1	1	1	1	1	0	1	1	1	1	0
chr3.23572094.23572179	pos	0	0	0	0	0	0	1	0	1	0	0
chr3.23754767.23754855	pos	0	1	1	1	0	0	1	1	1	0	0
chr3.24278302.24278636	pos	0	1	1	1	0	0	1	0	1	0	1
chr3.25463483.25464109	pos	1	1	1	1	1	1	1	1	1	1	1
chr3.25464511.25464820	pos	1	1	1	1	1	1	1	1	1	1	1
chr3.25559721.25560304	pos	0	1	1	1	1	1	1	1	1	1	1
chr3.25838707.25838951	pos	0	1	1	1	1	0	1	1	1	1	0
chr3.26134315.26134695	pos	0	0	1	0	0	0	1	0	1	0	0
chr3.26177324.26177397	pos	0	0	1	0	0	1	1	0	0	0	0
chr3.26266544.26266626	pos	0	1	1	1	1	1	1	1	1	1	0
chr3.26449091.26449379	pos	0	1	0	0	0	0	1	0	1	1	0
chr3.26477387.26477515	pos	0	0	1	0	0	0	1	0	1	0	0
chr3.26597390.26597635	pos	0	0	1	0	0	0	1	0	1	0	0
chr3.27076209.27076277	pos	0	0	0	0	0	0	1	0	1	0	0
chr4.51925.52023	pos	0	1	0	1	1	1	1	1	1	0	1
chr4.199357.199461	pos	0	1	1	1	1	1	1	1	1	0	0
chr4.297220.297353	pos	1	1	1	0	1	1	1	0	0	1	0
chr4.591591.591784	pos	1	1	0	1	1	1	0	0	0	1	0
chr4.784321.784649	pos	0	0	1	0	0	1	1	0	1	1	0
chr4.1276424.1276634	pos	0	0	1	0	0	0	1	0	1	1	0
chr4.1923130.1923736	pos	0	1	0	1	1	1	0	1	0	0	1
chr4.2063045.2063338	pos	1	1	0	1	1	1	1	0	1	0	1
chr4.2270861.2270985	pos	0	1	1	1	0	1	1	1	0	0	1
chr4.2345731.2345816	pos	0	0	1	0	0	0	0	0	0	1	0
chr4.2521743.2521928	pos	0	1	1	1	1	1	1	1	1	0	1
chr4.3146431.3146785	pos	1	1	0	0	1	1	0	1	0	0	1
chr4.3150509.3150660	pos	0	1	0	1	1	1	1	0	1	0	1
chr4.3622273.3622616	pos	0	1	1	1	1	0	1	1	1	1	1
chr4.3645714.3645903	pos	0	1	0	0	1	0	1	0	1	1	0
chr4.4533784.4534319	pos	0	1	1	1	1	1	1	1	1	1	1
chr4.4552697.4554677	pos	1	1	1	1	1	1	1	1	1	1	1
chr4.5262825.5262947	pos	0	1	0	0	0	0	1	0	0	1	0
chr4.5326421.5326719	pos	0	1	0	1	1	0	1	1	0	1	0
chr4.5400909.5400995	pos	1	1	1	1	1	0	1	1	0	1	0
chr4.5764531.5764606	pos	1	1	0	1	1	0	0	1	0	1	0
chr4.5952664.5952981	pos	0	0	1	1	1	1	1	0	1	1	0
chr4.5965391.5965455	pos	0	1	0	1	1	1	1	1	1	0	1
chr4.6245905.6246428	pos	0	1	1	1	1	1	1	1	1	1	1
chr4.6560792.6561082	pos	1	1	0	1	1	0	0	1	0	0	1
chr4.7250891.7251124	pos	0	0	1	0	0	0	1	0	1	0	0
chr4.7935389.7935492	pos	0	1	1	1	1	1	1	1	0	0	1
chr4.8681229.8681369	pos	0	1	0	0	0	0	1	0	0	1	0
chr4.9063459.9063876	pos	0	0	1	0	0	1	1	0	1	0	0
chr4.9064599.9064844	pos	0	1	1	1	1	1	0	1	1	0	1
chr4.9137276.9137349	pos	0	1	0	1	0	1	1	0	1	1	1
chr4.9151378.9151517	pos	0	0	0	0	0	0	1	0	1	1	0
chr4.9473461.9473900	pos	0	0	1	0	0	1	1	0	0	1	0
chr4.9611795.9611869	pos	1	1	0	1	1	0	1	1	1	1	0
chr4.9621422.9622820	pos	0	1	1	1	1	1	1	1	1	1	1
chr4.9673566.9673658	pos	0	0	0	1	1	1	0	0	0	0	1
chr4.10248032.10248126	pos	0	1	0	1	1	1	1	1	0	0	0
chr4.10539792.10539861	pos	1	1	0	0	1	1	0	1	0	1	0
chr4.11043747.11043873	pos	0	1	0	0	1	0	1	0	0	1	0
chr4.11274357.11274591	pos	0	1	1	1	1	1	0	1	0	1	1
chr4.12330411.12330513	pos	0	0	1	0	0	0	1	0	1	0	0
chr4.12718422.12718699	pos	0	1	0	1	1	1	1	1	1	0	1
chr4.12803311.12803414	pos	0	1	1	1	0	0	1	0	1	0	0
chr4.12869049.12869311	pos	0	1	1	1	1	1	1	0	1	0	0
chr4.12878516.12878629	pos	0	1	0	1	0	0	1	0	1	0	1
chr4.12918837.12918957	pos	0	1	1	1	1	0	1	1	1	0	1
chr4.13080356.13080477	pos	0	1	0	0	0	1	0	0	0	0	0
chr4.14178781.14178967	pos	0	0	1	0	0	0	1	0	1	0	0
chr4.14325903.14325977	pos	1	1	0	1	1	0	0	1	0	1	0
chr4.15000771.15000902	pos	1	0	0	0	1	1	0	0	0	0	1
chr4.15348544.15348607	pos	0	0	0	0	0	0	1	0	0	1	0
chr4.16050301.16050597	pos	0	1	1	1	1	1	1	1	1	1	1
chr4.16512000.16512207	pos	0	0	0	0	0	0	1	0	1	0	0
chr4.16578752.16578822	pos	0	0	0	0	0	0	1	0	0	0	0
chr4.16617224.16617896	pos	1	1	1	1	1	1	1	0	1	1	1
chr4.16621482.16621601	pos	1	1	0	1	1	0	0	0	0	1	0
chr4.16624312.16624560	pos	1	1	0	0	1	0	0	0	0	1	0
chr4.17475015.17475148	pos	0	0	1	1	1	1	1	1	1	0	1
chr4.17475351.17475536	pos	0	0	1	1	1	1	1	1	1	0	1
chr4.18366458.18367247	pos	0	0	0	0	1	1	0	0	0	0	1
chr4.18633319.18633398	pos	0	0	1	0	0	0	1	0	1	1	0
chr4.18643662.18644024	pos	1	1	0	1	1	1	0	1	0	0	1
chr4.18875749.18875846	pos	1	1	1	1	1	0	0	1	0	1	0
chr4.18965072.18965164	pos	1	1	1	1	1	0	0	1	0	1	0
chr4.19233318.19233406	pos	1	1	0	1	1	1	0	1	1	0	0
chr4.19744179.19744505	pos	0	1	1	1	0	0	1	0	1	0	0
chr4.19875393.19875470	pos	0	1	0	0	0	0	1	0	1	1	0
chr4.19885891.19885983	pos	0	0	0	0	0	0	1	0	1	0	0
chr4.20509722.20509901	pos	0	1	1	1	1	1	1	1	1	0	1
chr4.20609828.20610069	pos	0	1	0	0	1	1	1	1	1	0	1
chr4.20812267.20813154	pos	1	1	1	1	1	1	1	1	1	1	1
chr4.21098632.21098997	pos	1	1	1	1	1	0	1	1	1	1	0
chr4.21442937.21443004	pos	0	0	0	0	0	0	1	0	1	0	0
chr4.21462629.21462818	pos	0	1	1	1	0	0	1	1	1	0	0
chr4.21542836.21542901	pos	0	0	0	0	0	0	1	0	1	1	0
chr4.21659806.21660025	pos	0	0	1	1	1	1	0	1	0	0	1
chr4.21863810.21863905	pos	1	1	0	1	1	0	1	1	0	1	0
chr4.21875508.21875686	pos	1	1	0	1	1	1	1	1	1	1	0
chr4.22162089.22162585	pos	0	1	1	1	1	1	1	1	1	0	1
chr4.22433158.22433337	pos	0	1	1	1	1	0	0	1	0	0	1
chr4.22888432.22888495	pos	0	0	1	0	0	0	1	0	1	0	0
chr4.22941190.22941831	pos	0	1	1	1	1	1	1	1	1	1	1
chr4.22947870.22947940	pos	0	0	0	0	0	0	1	0	1	0	0
chr4.22998501.22998741	pos	0	0	1	0	0	0	1	0	1	0	0
chr4.22999226.22999299	pos	0	0	1	0	0	0	1	0	1	0	0
chr4.23032195.23032276	pos	0	1	1	1	1	0	1	0	1	0	0
chr4.23300363.23300608	pos	0	1	0	0	1	1	0	1	0	1	1
chr4.23544321.23544508	pos	0	1	1	1	1	1	0	1	0	0	0
chr4.23876670.23877225	pos	1	1	1	1	1	1	0	1	0	0	1
chr4.24335404.24335622	pos	0	1	1	1	0	1	1	0	1	1	1
chr4.24504177.24504277	pos	0	1	1	1	0	1	1	0	0	0	0
chr4.24890218.24890659	pos	1	1	0	1	1	0	1	0	1	1	0
chr4.25056417.25056570	pos	1	1	0	1	1	0	1	0	1	1	0
chr4.25087287.25087375	pos	0	0	0	0	0	0	1	0	1	0	0
chr4.25098476.25098558	pos	0	0	0	1	0	0	0	0	0	0	1
chr4.25114507.25114599	pos	1	1	1	1	1	1	1	1	1	0	0
chr4.25232594.25232694	pos	0	1	1	0	0	1	0	0	0	0	0
chr4.25315477.25315566	pos	0	1	1	1	1	0	1	1	0	1	1
chr4.25364819.25364973	pos	1	1	0	1	1	1	0	1	0	0	1
chr4.26180802.26180882	pos	0	0	1	0	0	0	1	0	1	0	0
chr4.26211307.26211820	pos	0	0	1	0	0	1	1	0	1	0	0
chr4.26398310.26398656	pos	1	1	0	0	1	1	0	1	0	0	1
chr4.26513021.26513093	pos	0	0	0	1	0	0	0	1	0	0	1
chr4.26591638.26591803	pos	0	0	0	0	0	0	0	0	1	0	0
chr4.26693454.26693527	pos	0	0	1	0	0	0	1	0	1	0	0
chr5.62773.63101	pos	0	1	0	0	1	1	1	1	1	0	1
chr5.124761.124924	pos	0	1	1	1	0	0	1	1	1	0	1
chr5.159646.159989	pos	0	1	0	1	1	1	0	1	0	0	1
chr5.186906.187058	pos	1	1	0	1	1	1	1	1	1	0	0
chr5.399483.399738	pos	0	0	0	0	0	0	1	0	0	1	0
chr5.2402256.2402326	pos	1	1	0	1	1	1	1	1	0	0	1
chr5.3079046.3079139	pos	1	1	1	1	1	1	1	1	1	1	0
chr5.3192467.3192844	pos	0	1	1	1	0	0	1	1	0	1	0
chr5.3227799.3228091	pos	1	1	0	1	1	0	0	1	0	1	0
chr5.3468726.3468829	pos	0	0	0	1	0	0	0	1	0	0	1
chr5.3866329.3866433	pos	1	1	0	1	1	1	0	1	0	1	0
chr5.4049167.4049596	pos	1	1	1	1	1	1	0	1	0	0	0
chr5.4710553.4710733	pos	0	1	0	0	0	1	1	1	0	1	0
chr5.4729917.4729997	pos	0	0	0	1	0	0	1	0	0	0	1
chr5.4744281.4744396	pos	0	1	1	1	1	1	1	1	0	1	1
chr5.4760940.4761160	pos	0	0	1	0	0	0	1	0	1	1	0
chr5.4804213.4804320	pos	1	1	0	1	1	0	1	0	0	1	0
chr5.4927010.4927312	pos	1	1	0	0	1	1	0	1	0	0	0
chr5.4939614.4939800	pos	1	1	1	1	1	1	1	1	1	0	0
chr5.5846565.5846740	pos	0	1	0	1	1	1	1	1	1	0	1
chr5.5875312.5875758	pos	0	1	0	1	1	1	0	1	0	0	1
chr5.6342887.6343019	pos	0	1	1	1	1	1	1	0	1	1	1
chr5.6618147.6618313	pos	0	1	1	1	1	0	1	0	1	1	1
chr5.6638434.6638860	pos	0	1	1	1	0	1	1	0	1	1	0
chr5.7472590.7472659	pos	1	1	1	1	1	1	0	1	1	0	1
chr5.7640858.7640962	pos	0	0	0	0	0	0	1	0	0	1	0
chr5.8534823.8534939	pos	0	1	0	1	0	0	0	1	0	1	0
chr5.8929277.8929340	pos	0	1	0	1	1	0	1	1	1	0	1
chr5.9238112.9238193	pos	0	1	1	1	0	0	1	0	1	1	0
chr5.9714714.9715533	pos	1	1	0	1	1	1	0	1	0	0	0
chr5.9904269.9904345	pos	0	0	0	0	0	0	1	0	1	0	0
chr5.10131915.10132417	pos	1	1	1	1	1	1	1	1	1	1	1
chr5.10286601.10286703	pos	0	1	0	1	1	0	1	0	1	0	0
chr5.10386306.10387038	pos	0	1	0	1	1	0	0	1	0	0	1
chr5.10643499.10643634	pos	0	0	1	0	0	0	1	0	1	0	0
chr5.10648864.10648995	pos	0	0	0	0	0	0	1	0	1	0	0
chr5.10649172.10649334	pos	0	0	0	0	0	0	1	0	1	0	0
chr5.10983134.10983351	pos	0	1	0	1	1	1	1	1	1	1	1
chr5.11402914.11403052	pos	0	1	1	1	1	0	0	1	0	1	0
chr5.11423271.11424398	pos	0	1	1	1	1	1	1	0	1	1	1
chr5.11424584.11424720	pos	0	1	1	1	1	1	1	0	1	1	1
chr5.11567912.11569660	pos	1	1	1	1	1	1	1	1	1	1	1
chr5.11570145.11571610	pos	1	1	1	1	1	1	1	1	1	1	1
chr5.11571800.11572098	pos	1	1	1	1	1	1	1	1	1	1	1
chr5.11572803.11572920	pos	0	1	1	1	1	1	1	1	1	1	1
chr5.11682573.11682682	pos	0	0	0	1	1	1	0	0	0	0	1
chr5.11950034.11950138	pos	1	1	1	1	1	0	1	1	1	1	0
chr5.12133842.12134087	pos	1	1	0	0	1	1	0	1	0	0	1
chr5.13196368.13196567	pos	0	1	1	1	1	0	1	1	1	1	1
chr5.13216830.13217102	pos	1	1	1	1	1	1	1	1	0	1	0
chr5.13302061.13302252	pos	0	0	1	0	0	0	1	0	0	1	0
chr5.13412363.13413176	pos	1	1	1	1	1	0	1	1	0	1	0
chr5.13416033.13416190	pos	1	1	1	1	1	1	0	1	0	1	0
chr5.13742627.13742863	pos	0	1	1	1	1	1	1	1	1	1	1
chr5.13902592.13902696	pos	0	0	1	0	0	0	1	0	1	0	0
chr5.14206125.14206214	pos	0	1	1	1	0	0	1	0	0	1	0
chr5.14354176.14354247	pos	0	0	1	0	0	0	1	0	1	1	0
chr5.14404598.14404716	pos	0	0	0	1	0	0	0	0	0	0	1
chr5.14989827.14990008	pos	1	1	1	1	1	0	0	1	0	1	0
chr5.15097693.15097793	pos	0	0	1	0	0	0	1	0	0	1	0
chr5.15486764.15486926	pos	1	1	0	1	1	1	0	1	0	1	0
chr5.15569041.15569107	pos	0	0	0	1	0	0	0	1	0	0	1
chr5.16222653.16222750	pos	0	0	0	1	0	0	0	0	1	1	0
chr5.16926467.16926546	pos	0	1	0	1	1	0	1	1	0	1	1
chr5.17025773.17025866	pos	0	1	1	0	1	0	1	0	0	0	0
chr5.17132841.17133321	pos	0	1	1	1	1	1	1	1	1	1	1
chr5.17652385.17652602	pos	0	1	1	1	1	1	1	1	1	0	0
chr5.17730901.17730975	pos	0	1	1	0	0	1	1	1	1	1	0
chr5.18245179.18245242	pos	0	0	0	0	0	0	1	0	0	1	0
chr5.18320950.18321023	pos	0	0	1	0	0	0	0	0	0	1	0
chr5.18615562.18615717	pos	0	1	0	1	0	0	1	1	0	1	0
chr5.19011671.19011744	pos	0	1	0	1	1	0	1	0	1	0	1
chr5.19195340.19195461	pos	0	0	1	0	0	0	1	0	1	0	0
chr5.19281649.19281816	pos	0	1	1	1	1	1	1	1	1	0	0
chr5.19903659.19903758	pos	0	0	0	0	0	0	1	0	1	0	0
chr5.20091110.20091258	pos	0	0	0	0	0	0	1	0	1	0	0
chr5.20444893.20445463	pos	1	1	1	0	1	1	0	1	0	0	1
chr5.20504710.20504910	pos	1	1	1	1	1	0	1	1	0	1	0
chr5.20780262.20780402	pos	1	1	0	1	1	1	1	1	1	0	0
chr5.21033022.21033536	pos	1	1	1	1	1	1	1	1	0	1	0
chr5.21199241.21199408	pos	0	1	1	1	1	1	1	1	1	1	1
chr5.21421312.21421469	pos	0	1	1	0	1	0	1	1	0	1	0
chr5.21771993.21772056	pos	1	1	0	1	1	1	0	1	0	1	1
chr5.21816968.21817237	pos	1	1	0	1	1	1	0	1	0	0	1
chr5.22488846.22488956	pos	0	0	1	1	1	1	1	0	1	1	1
chr5.22597486.22597591	pos	0	0	1	1	0	0	0	0	0	0	1
chr5.22791652.22791723	pos	1	1	0	1	1	0	1	0	1	1	0
chr5.22931395.22931538	pos	0	0	0	0	0	0	1	0	0	1	0
chr5.23018760.23018933	pos	0	1	1	1	1	1	1	1	0	1	1
chr5.23019771.23019960	pos	0	1	1	1	1	1	1	1	1	1	1
chr5.23350814.23350947	pos	0	1	1	1	1	0	1	1	0	1	0
chr5.23631228.23631353	pos	1	1	1	1	1	0	1	1	1	1	0
chr5.24245884.24246162	pos	1	1	1	1	1	1	0	1	0	0	1
chr5.24256671.24256865	pos	0	1	0	1	1	0	1	0	0	0	1
chr5.24413677.24413741	pos	0	0	1	1	1	0	0	1	0	0	1
chr5.24422515.24422685	pos	1	1	0	1	1	1	0	1	0	0	1
chr5.24476048.24476243	pos	1	1	1	0	0	1	1	0	0	1	0
chr5.24555924.24556736	pos	0	1	1	1	0	1	0	1	0	1	1
chr5.24626424.24626544	pos	0	0	1	0	0	0	1	0	1	0	0
chr5.25071575.25071730	pos	0	1	0	1	1	1	1	1	1	0	1
chr5.25241690.25241894	pos	0	0	1	0	0	0	1	0	0	1	0
chr5.25242598.25243291	pos	0	1	1	0	0	1	1	0	0	1	0
chr5.25555378.25555635	pos	1	1	0	1	1	0	1	1	1	1	0
chr5.25584865.25584971	pos	0	1	0	1	1	1	1	1	1	0	0
chr5.26009304.26009399	pos	0	1	0	1	1	0	0	1	0	0	1
chr5.26172489.26172795	pos	0	1	1	1	0	0	1	0	1	1	1
chr5.26247528.26247604	pos	0	0	0	0	0	0	1	0	1	0	0
chr5.26559137.26559248	pos	1	1	0	1	1	1	0	1	0	0	0
chr5.26647694.26647871	pos	0	0	1	1	1	0	1	1	1	0	1
chr5.26677367.26677506	pos	1	1	1	1	1	1	1	1	1	0	1
chr6.525835.525936	pos	0	1	1	1	0	0	1	0	1	1	1
chr6.577543.577928	pos	0	0	1	0	0	0	1	0	1	0	0
chr6.887750.888125	pos	0	1	0	1	1	1	1	1	1	0	1
chr6.931737.931842	pos	0	0	0	0	0	0	1	0	1	1	0
chr6.1097776.1097942	pos	1	1	0	1	1	0	1	1	1	1	0
chr6.1285272.1285361	pos	0	1	1	0	0	1	1	1	0	0	0
chr6.1417487.1417933	pos	0	0	0	0	0	0	1	0	1	0	0
chr6.1790646.1790957	pos	0	1	1	1	1	1	1	0	1	1	0
chr6.1945759.1945850	pos	0	1	1	1	1	1	1	1	1	1	1
chr6.2195655.2195731	pos	1	1	1	1	1	0	0	1	0	0	1
chr6.2547343.2547470	pos	0	1	0	0	1	1	1	0	0	1	0
chr6.2703946.2704048	pos	0	1	0	1	0	0	1	0	1	0	0
chr6.3328640.3328811	pos	1	1	1	1	1	1	1	1	1	0	0
chr6.3336821.3337371	pos	1	1	0	0	1	1	0	1	0	0	1
chr6.3398057.3398223	pos	1	1	0	1	1	0	0	0	0	1	0
chr6.3843002.3843177	pos	0	0	0	1	0	0	0	0	0	0	1
chr6.4185622.4185901	pos	0	1	0	1	1	1	1	1	1	1	0
chr6.4905259.4905377	pos	0	1	1	1	1	1	1	0	0	0	0
chr6.4961662.4961847	pos	0	0	0	0	0	0	1	0	1	1	0
chr6.5086430.5086548	pos	1	1	0	0	1	1	0	1	0	0	0
chr6.5555732.5555807	pos	0	0	0	1	0	0	0	0	0	0	1
chr6.5569885.5570174	pos	0	1	0	1	1	1	1	1	1	0	1
chr6.5591461.5591602	pos	0	0	1	0	0	0	1	0	1	1	0
chr6.5626131.5626355	pos	1	1	0	1	1	0	0	1	0	1	0
chr6.5681606.5681697	pos	0	1	0	1	0	0	1	1	0	1	0
chr6.5902242.5902323	pos	0	1	0	1	1	0	1	1	0	0	1
chr6.6018485.6018902	pos	0	1	1	1	1	1	1	1	1	1	1
chr6.6020241.6022787	pos	0	1	1	1	1	1	1	1	1	1	1
chr6.6026470.6027123	pos	0	1	1	0	0	1	1	0	1	1	0
chr6.6163075.6163738	pos	0	1	0	1	1	1	1	1	0	0	1
chr6.6354007.6354316	pos	0	0	0	0	0	0	1	0	0	0	0
chr6.6484996.6485174	pos	0	0	0	0	0	0	1	0	1	0	0
chr6.6583360.6583455	pos	0	0	1	0	0	0	1	0	1	0	0
chr6.6804364.6804484	pos	0	0	0	0	0	0	0	0	0	1	0
chr6.7059768.7059893	pos	0	0	0	0	0	0	1	0	0	1	0
chr6.7152261.7152359	pos	0	1	0	1	1	1	1	1	1	1	1
chr6.7264985.7265076	pos	1	1	0	1	1	1	0	0	0	1	0
chr6.7440267.7440562	pos	0	1	0	1	1	1	1	1	0	0	1
chr6.7894131.7894234	pos	0	0	1	0	0	1	1	0	0	0	0
chr6.8007690.8007943	pos	1	1	0	1	1	1	1	1	1	0	1
chr6.8112801.8112869	pos	0	1	0	0	0	0	1	1	0	1	0
chr6.8253434.8253697	pos	0	0	1	0	0	0	1	0	0	1	0
chr6.8654495.8654621	pos	1	1	0	1	1	0	0	1	1	0	1
chr6.8763692.8763943	pos	0	0	1	0	0	0	1	0	1	1	0
chr6.9088632.9089553	pos	1	1	1	1	1	1	1	1	1	1	1
chr6.9865548.9865814	pos	0	1	1	1	0	0	0	1	1	0	1
chr6.9969637.9969829	pos	0	0	1	0	0	0	1	0	1	0	0
chr6.10062713.10062857	pos	0	1	0	1	1	1	1	1	1	0	1
chr6.10689033.10689161	pos	0	0	1	0	0	0	1	0	1	0	0
chr6.10824272.10824453	pos	0	1	1	1	0	1	0	1	0	0	1
chr6.10826094.10826161	pos	0	0	1	1	0	0	0	1	0	0	1
chr6.11037140.11037228	pos	1	1	0	1	1	1	0	1	0	0	0
chr6.11327047.11327186	pos	1	1	0	1	1	1	1	1	1	0	0
chr6.11460950.11461127	pos	0	0	1	0	0	0	1	0	1	0	0
chr6.11779445.11780489	pos	0	1	1	1	1	1	0	1	0	1	1
chr6.12411545.12411714	pos	1	1	1	1	1	0	0	1	0	1	0
chr6.12580492.12580719	pos	0	1	1	1	0	0	1	0	1	0	0
chr6.12895525.12895622	pos	1	1	0	1	1	0	1	1	0	1	0
chr6.13480497.13480665	pos	1	0	0	0	0	0	0	0	0	0	0
chr6.13570746.13570916	pos	0	0	0	0	0	0	1	0	1	1	0
chr6.13628389.13628613	pos	0	1	0	0	0	0	1	0	1	1	0
chr6.13760151.13760589	pos	1	1	0	1	1	1	0	1	0	0	1
chr6.13905828.13906479	pos	1	0	0	0	1	1	0	1	0	0	1
chr6.13993631.13993840	pos	1	1	0	1	1	0	0	1	0	1	0
chr6.14175149.14175278	pos	1	0	1	1	1	1	0	1	0	0	1
chr6.14349708.14350678	pos	1	1	0	1	1	0	1	1	0	0	0
chr6.14499184.14499292	pos	0	0	1	0	0	0	1	0	1	0	0
chr6.14622758.14623065	pos	0	1	1	1	0	0	1	1	0	1	0
chr6.14751547.14751671	pos	0	0	0	0	0	0	1	0	1	1	0
chr6.15429742.15430008	pos	0	1	1	0	1	0	1	1	1	0	1
chr6.15444533.15444642	pos	0	0	1	0	0	0	1	0	1	0	0
chr6.15459109.15459187	pos	0	0	0	0	0	0	1	0	1	0	0
chr6.15966075.15966233	pos	1	0	0	0	1	1	0	0	0	0	1
chr6.16369736.16369800	pos	0	0	1	0	0	0	0	0	0	1	0
chr6.16425746.16425930	pos	0	1	0	1	1	1	1	1	0	1	1
chr6.18034060.18034199	pos	1	1	0	1	1	0	0	1	0	0	1
chr6.18099101.18099387	pos	0	1	0	1	1	1	1	1	0	0	1
chr6.18194877.18195013	pos	0	1	0	0	0	1	1	1	0	1	0
chr6.18476776.18476894	pos	0	0	1	0	0	0	1	0	1	0	0
chr6.18809755.18809874	pos	0	1	0	0	1	1	0	1	0	1	0
chr6.19542418.19542603	pos	1	1	1	1	1	0	0	1	0	1	0
chr6.19992835.19992981	pos	0	1	1	1	1	0	0	0	0	1	0
chr6.20315083.20315338	pos	0	1	1	1	1	0	0	1	1	1	1
chr6.20502740.20502818	pos	0	0	0	0	0	0	0	0	1	0	0
chr6.20929807.20929999	pos	0	1	1	1	1	1	0	1	0	0	1
chr6.21277574.21277656	pos	0	0	1	0	0	0	1	0	1	0	0
chr6.21626993.21627543	pos	0	1	1	1	1	1	1	0	1	1	1
chr6.21986765.21986918	pos	1	1	0	1	1	1	1	1	0	0	1
chr6.22544817.22544919	pos	0	0	0	1	1	0	0	1	0	0	1
chr6.22806484.22806566	pos	1	1	0	1	1	0	1	1	1	1	0
chr6.23009578.23009671	pos	0	1	1	1	1	1	0	1	0	1	0
chr6.23713402.23713528	pos	0	0	0	1	0	0	1	1	0	0	1
chr6.23744980.23745286	pos	0	1	1	1	1	1	1	1	1	1	1
chr6.23745492.23746792	pos	0	1	1	1	1	1	1	1	1	1	1
chr6.23810422.23810561	pos	0	0	1	0	0	0	1	0	1	0	0
chr7.391843.391956	pos	0	0	1	1	0	1	1	0	1	0	0
chr7.492442.492914	pos	0	1	1	1	1	0	1	1	1	0	1
chr7.914751.914819	pos	0	0	0	0	0	0	0	0	0	0	0
chr7.1204822.1205117	pos	0	1	1	1	1	1	1	1	1	0	1
chr7.1290532.1291045	pos	0	1	1	1	1	1	1	1	1	1	1
chr7.1706467.1706572	pos	1	1	1	1	1	1	1	1	0	1	0
chr7.2256526.2256791	pos	0	1	0	1	1	1	0	1	1	0	1
chr7.2258006.2258133	pos	0	0	0	0	0	0	1	0	1	0	0
chr7.2545724.2545840	pos	0	1	1	0	0	0	1	0	1	0	0
chr7.3134154.3134329	pos	0	0	0	0	0	0	1	0	1	0	0
chr7.3306661.3306768	pos	0	0	1	0	0	0	1	0	1	1	0
chr7.3572186.3572296	pos	1	1	1	1	1	0	0	1	0	1	0
chr7.3898000.3898105	pos	1	1	0	1	1	0	1	1	0	1	0
chr7.4121123.4121190	pos	0	0	0	1	0	0	1	0	1	0	0
chr7.4274693.4274818	pos	0	1	1	0	0	0	1	0	1	0	0
chr7.4728363.4728634	pos	0	0	1	0	0	0	1	0	1	1	0
chr7.5003199.5003786	pos	0	1	1	1	0	1	0	0	0	1	1
chr7.5907551.5908109	pos	1	1	0	1	1	1	0	0	0	1	0
chr7.6471515.6471614	pos	0	1	0	1	1	0	0	1	0	1	0
chr7.6773464.6773547	pos	0	0	1	0	0	0	1	0	1	0	0
chr7.7039444.7039605	pos	1	1	0	1	1	0	0	1	0	1	0
chr7.7471013.7471122	pos	0	1	0	0	0	0	1	1	1	1	1
chr7.7528953.7529055	pos	0	0	0	0	0	0	1	0	1	0	0
chr7.8372763.8373086	pos	1	1	0	0	1	1	0	0	0	0	0
chr7.8411666.8412149	pos	1	1	0	0	1	1	0	1	0	0	0
chr7.8763283.8763367	pos	0	0	0	0	0	0	1	0	1	0	0
chr7.9350973.9351216	pos	1	1	0	1	1	1	0	1	0	0	1
chr7.9461483.9462752	pos	0	1	1	0	1	1	0	1	0	0	1
chr7.9698810.9699325	pos	0	1	0	1	1	1	1	1	1	1	1
chr7.9863720.9863846	pos	0	0	0	0	0	0	1	0	0	1	0
chr7.10016223.10016355	pos	0	1	0	1	0	0	1	0	1	0	0
chr7.10173976.10174053	pos	0	1	1	1	0	0	1	0	1	1	1
chr7.10681845.10681975	pos	0	0	1	0	0	0	1	0	1	0	0
chr7.10868286.10868393	pos	0	0	0	0	0	0	1	0	1	0	0
chr7.10888232.10888572	pos	0	1	0	1	1	1	0	1	0	0	1
chr7.11032648.11032757	pos	0	0	1	1	1	0	0	1	0	0	1
chr7.11140871.11140940	pos	0	1	0	1	0	0	1	1	1	0	0
chr7.11556116.11556187	pos	0	0	1	1	0	0	1	0	1	0	0
chr7.11628516.11628630	pos	0	0	1	0	0	0	1	0	1	0	0
chr7.11691943.11692052	pos	0	1	0	1	1	0	1	0	1	0	1
chr7.12115824.12116167	pos	1	1	1	1	1	1	1	0	0	1	1
chr7.12218235.12218409	pos	1	1	1	1	0	1	1	1	0	0	0
chr7.12378545.12378616	pos	1	1	1	1	1	0	1	1	1	1	1
chr7.12569225.12569419	pos	0	0	0	1	0	0	1	0	1	0	0
chr7.12853274.12853415	pos	0	1	0	0	0	0	1	1	1	0	0
chr7.13664400.13664600	pos	0	0	1	0	0	0	1	0	1	0	0
chr7.13790792.13791040	pos	0	1	0	1	1	0	1	1	1	0	1
chr7.13806186.13806339	pos	0	0	0	0	0	0	1	0	0	1	0
chr7.13975559.13976085	pos	0	1	1	1	1	1	1	1	1	1	1
chr7.15239460.15240097	pos	1	1	1	1	1	1	1	1	1	1	1
chr7.15396648.15396984	pos	0	0	0	0	0	0	1	0	1	0	0
chr7.15515996.15516148	pos	0	0	0	1	1	1	1	1	1	0	1
chr7.15897472.15897627	pos	0	0	1	0	0	0	1	0	1	0	0
chr7.16162129.16162575	pos	1	1	0	1	1	1	0	1	0	0	1
chr7.16553894.16553988	pos	0	1	1	0	0	0	1	1	1	1	0
chr7.16635887.16635986	pos	0	1	1	1	1	1	1	1	1	1	1
chr7.17013152.17013220	pos	0	1	1	1	1	0	1	0	1	1	1
chr7.17713603.17713708	pos	0	0	1	0	0	0	1	0	1	0	0
chr7.18107717.18107830	pos	0	0	0	0	0	1	0	0	0	0	1
chr7.18256580.18256677	pos	1	1	1	1	1	1	1	1	1	0	1
chr7.19472344.19472543	pos	0	1	1	1	1	1	1	1	0	0	1
chr7.19486750.19487112	pos	0	0	1	0	0	0	1	0	1	0	0
chr7.19629155.19629277	pos	0	0	0	0	0	0	1	0	1	0	0
chr7.19751685.19751836	pos	0	0	0	0	0	0	1	0	1	0	0
chr7.19754962.19755058	pos	0	1	0	0	1	1	1	0	0	0	0
chr7.20035423.20035587	pos	1	1	0	1	1	1	1	1	1	0	1
chr7.20797759.20797880	pos	0	0	1	1	0	0	0	1	0	0	1
chr7.20940604.20941027	pos	0	1	1	0	0	0	1	0	0	1	0
chr7.21696942.21697008	pos	0	1	1	0	0	0	1	0	1	0	0
chr7.21856464.21856920	pos	0	1	0	1	1	1	1	1	1	0	1
chr8.81496.81727	pos	0	0	0	0	0	0	1	0	1	0	0
chr8.168644.169087	pos	0	1	1	1	1	1	1	1	1	0	1
chr8.250417.250650	pos	0	0	1	1	1	1	1	0	1	1	0
chr8.250864.250985	pos	0	0	1	1	1	1	1	0	1	1	0
chr8.261575.261657	pos	0	0	1	0	0	0	1	0	1	0	0
chr8.988313.988405	pos	0	0	1	0	0	0	1	0	1	0	0
chr8.1474048.1474193	pos	0	0	1	0	0	0	1	0	1	1	0
chr8.2459555.2460259	pos	1	1	0	1	1	0	0	1	0	1	0
chr8.2484789.2485189	pos	0	1	0	0	1	1	0	0	0	0	1
chr8.2578256.2578566	pos	0	0	1	1	1	0	1	0	1	1	0
chr8.2593421.2593533	pos	1	1	0	1	1	0	0	1	1	0	0
chr8.2609653.2609980	pos	0	1	1	1	1	1	1	1	1	0	0
chr8.2893037.2893136	pos	0	1	0	1	1	1	1	1	0	1	1
chr8.3016097.3016199	pos	0	1	1	0	0	1	1	0	0	0	0
chr8.3307281.3307392	pos	0	1	1	0	0	1	1	0	1	1	0
chr8.3665663.3665856	pos	0	1	1	1	1	1	1	1	1	0	0
chr8.3793949.3794016	pos	0	0	0	0	0	0	1	0	1	0	0
chr8.3980376.3980454	pos	0	0	0	0	0	0	1	0	1	0	0
chr8.4307561.4307661	pos	0	1	1	1	1	0	1	0	1	1	0
chr8.4707373.4707553	pos	0	1	1	0	0	1	1	0	0	1	0
chr8.5455836.5455929	pos	0	1	1	1	1	1	1	1	1	1	1
chr8.5797511.5798088	pos	0	1	1	1	1	1	1	0	1	1	1
chr8.6359350.6359621	pos	0	0	1	0	0	1	1	0	0	0	0
chr8.6623472.6623626	pos	0	0	0	0	0	0	0	0	1	0	0
chr8.6650446.6650685	pos	0	0	1	0	0	0	1	0	1	0	0
chr8.6912169.6912648	pos	0	0	1	0	0	0	1	0	1	1	0
chr8.7082682.7082782	pos	1	1	0	1	1	1	1	1	1	0	0
chr8.7096974.7097073	pos	0	0	0	0	0	0	1	0	1	0	0
chr8.7145760.7145974	pos	0	1	0	1	1	1	0	1	0	0	1
chr8.7725050.7725205	pos	0	0	0	0	0	0	1	0	1	0	0
chr8.7830791.7830881	pos	0	0	0	1	0	0	0	1	0	0	1
chr8.8031259.8031406	pos	0	1	1	1	1	0	1	1	1	0	1
chr8.8767750.8768036	pos	0	0	1	0	0	0	1	0	1	0	0
chr8.9031966.9032220	pos	0	1	0	1	1	1	0	1	0	0	0
chr8.9230959.9231098	pos	0	0	1	0	0	0	1	0	1	0	0
chr8.9671725.9671940	pos	0	1	0	1	1	1	1	1	1	0	1
chr8.9713011.9713405	pos	0	1	1	0	0	1	1	0	1	1	0
chr8.9842101.9842236	pos	1	1	0	0	1	1	0	1	0	0	0
chr8.9887992.9888062	pos	0	0	1	0	0	0	1	0	1	0	0
chr8.10692614.10692682	pos	0	0	0	0	0	0	1	0	1	0	0
chr8.11013068.11013328	pos	0	0	0	0	0	1	1	1	0	1	0
chr8.11674498.11674580	pos	1	1	1	1	1	1	1	0	0	1	0
chr8.11675549.11675617	pos	0	1	1	1	0	0	1	0	0	1	0
chr8.11823219.11823834	pos	0	1	1	1	1	1	1	1	1	1	1
chr8.12273057.12273221	pos	0	1	0	0	1	1	1	1	1	0	1
chr8.12853675.12853799	pos	0	0	1	0	0	0	1	0	1	0	0
chr8.13012873.13012941	pos	0	0	1	0	0	0	1	0	1	1	0
chr8.13602637.13602751	pos	0	1	0	1	1	1	1	0	1	0	1
chr8.13786773.13786934	pos	1	1	0	0	1	1	0	1	0	1	1
chr8.13796922.13797140	pos	0	1	1	1	1	1	1	1	1	1	1
chr8.14330753.14330982	pos	0	0	1	0	0	0	1	0	1	0	0
chr8.14769129.14769572	pos	1	1	1	1	1	1	1	1	0	0	1
chr8.15016995.15017217	pos	0	1	1	1	0	0	1	0	1	0	0
chr8.15177505.15177613	pos	1	1	0	1	1	0	1	1	1	1	0
chr8.15234044.15234234	pos	0	0	1	0	0	0	1	0	1	0	0
chr8.15427053.15427303	pos	1	1	1	1	1	0	0	1	0	1	0
chr8.17132335.17132823	pos	0	0	1	0	0	0	1	0	0	1	0
chr8.17132936.17133125	pos	0	0	1	0	0	0	1	0	0	1	0
chr8.17733250.17733332	pos	0	1	1	0	1	1	1	0	0	0	0
chr8.18202383.18202479	pos	0	0	0	0	0	1	0	1	0	1	0
chr8.18385527.18385642	pos	0	1	1	0	0	0	1	0	1	0	1
chr8.18778828.18778907	pos	0	0	0	0	0	0	0	0	0	0	0
chr8.19146996.19147080	pos	0	0	1	1	0	0	0	1	0	0	1
chr8.19796027.19796144	pos	0	0	0	0	0	0	1	0	1	0	0
chr8.20175483.20175546	pos	0	0	1	0	0	0	1	0	1	0	0
chr8.20194112.20194263	pos	0	0	0	0	0	0	1	0	1	0	0
chr8.20328076.20328215	pos	0	0	0	0	0	0	1	0	1	0	0
chr8.20398120.20398258	pos	1	1	0	1	1	0	0	1	0	1	0
chr8.20446489.20446703	pos	0	1	0	1	1	0	0	1	0	1	0
chr8.20504227.20504636	pos	0	1	1	1	0	1	1	0	1	1	1
chr8.20544717.20544850	pos	0	1	1	1	1	0	1	0	1	1	1
chr8.20915365.20915504	pos	1	1	0	1	1	0	1	1	0	1	0
chr8.21164998.21165203	pos	0	1	0	1	1	0	1	1	1	0	1
chrU.127601.127764	pos	0	0	0	0	0	0	0	0	0	0	0
chrU.256247.256344	pos	0	0	0	0	0	0	0	0	0	0	0
chrU.756518.756582	pos	0	0	0	0	0	0	0	0	0	0	0
chrU.1776806.1777052	pos	0	0	0	0	0	0	0	0	0	0	0
chrU.1793742.1794110	pos	0	0	0	0	0	0	0	0	0	0	0
chrU.2969655.2970034	pos	0	0	0	0	0	0	0	0	0	0	0
chrU.3440059.3440163	pos	0	0	1	0	0	0	0	0	0	0	0
chrU.3440658.3440732	pos	0	0	1	0	0	0	0	0	0	0	0
chrU.3845129.3845252	pos	0	0	0	0	0	0	0	0	0	0	0
chrU.4022100.4022173	pos	0	0	0	0	0	0	0	0	0	0	0
chrU.4309971.4310335	pos	0	0	1	0	0	0	0	0	0	0	0
chrU.4419115.4419311	pos	0	0	0	0	0	0	0	0	0	0	0
chrV.207943.208062	pos	0	0	0	0	0	0	1	0	1	0	1
chrV.244593.244781	pos	0	0	1	0	0	0	1	0	1	0	0
chrV.1305556.1305644	pos	0	0	0	0	0	0	1	0	1	0	0
chrV.1351649.1352056	pos	0	0	1	0	0	0	1	0	1	0	0
chrV.1632218.1632283	pos	0	0	0	1	0	0	0	0	0	0	1
chrV.1667667.1667859	pos	0	1	0	0	1	1	1	1	1	0	1
chrV.1900184.1900324	pos	0	0	0	0	0	0	1	1	1	0	0
chrV.2029897.2030170	pos	0	1	1	1	1	1	1	1	1	0	1
chrV.2276773.2276859	pos	0	0	1	1	0	0	0	0	0	0	1
chrV.2316931.2317035	pos	0	0	0	0	0	0	1	0	1	0	0
chrV.3090072.3090282	pos	0	0	1	0	0	0	1	0	1	0	0
chrV.3403298.3403361	pos	0	0	0	0	0	0	1	0	1	0	0
chrV.3456957.3457122	pos	0	0	0	0	0	0	1	0	1	0	0
chrV.3472420.3472560	pos	0	0	0	0	0	0	1	0	1	0	0
chrV.3608225.3608384	pos	0	0	0	0	0	0	1	0	1	0	0
chrV.3783816.3783915	pos	0	0	1	0	0	0	1	0	1	0	0
chrV.4080147.4080221	pos	0	0	1	1	0	0	0	0	0	0	1
chrV.4099879.4100292	pos	0	1	1	1	1	0	1	1	1	0	1
chrV.4175490.4175569	pos	0	0	0	0	0	0	1	0	1	0	0
chrV.4296348.4296499	pos	0	0	0	0	0	0	1	0	1	0	0
chrV.4317858.4318060	pos	0	1	1	0	1	1	1	1	1	0	1
chrV.4551239.4551302	pos	0	0	0	0	0	0	1	0	1	0	0
chrV.4572348.4572791	pos	0	1	1	1	0	0	1	0	1	1	0
chrV.5889834.5889897	pos	0	0	0	0	0	0	1	0	1	0	0
chrV.5950381.5950519	pos	0	0	0	0	0	0	1	0	1	0	0
chrV.6135525.6135816	pos	0	1	1	1	1	1	1	1	1	0	1
chrV.6208445.6208687	pos	0	0	0	0	0	0	1	0	1	0	1
chrV.7016553.7020140	pos	1	1	1	1	1	1	1	1	1	1	1
chrV.7021661.7022094	pos	1	1	1	1	1	1	1	1	1	1	1
chrV.7395203.7396734	pos	1	0	1	1	1	1	1	1	1	1	1
chrV.7396808.7397237	pos	1	0	1	1	1	1	1	1	1	1	1
chrV.7397677.7397935	pos	1	0	1	1	1	1	1	1	1	1	1
chrV.7398160.7400077	pos	1	0	1	1	1	1	1	1	1	1	1
chrV.7404076.7404474	pos	1	0	1	1	1	1	1	1	1	1	1
chrV.7408048.7409441	pos	1	0	1	1	1	1	1	1	1	1	1
unplaced-scaffold_056.5020.5093	pos	0	1	0	1	1	0	0	0	0	1	0
unplaced-scaffold_056.8605.8979	pos	0	1	1	1	1	0	0	1	0	1	0
unplaced-scaffold_250.16488.16632	pos	1	1	1	1	1	1	1	1	1	1	1
chr1.71500.72000	neg	0	0	0	0	0	0	0	0	0	0	0
chr1.135000.135500	neg	0	0	0	0	0	0	0	0	0	0	0
chr1.147000.147500	neg	0	0	0	0	0	0	0	0	0	0	0
chr1.376500.377000	neg	0	0	0	1	0	0	1	0	1	0	1
chr1.738500.739000	neg	0	1	1	1	1	1	1	1	0	0	1
chr1.1077000.1077500	neg	0	1	0	1	1	0	1	0	1	0	0
chr1.1120000.1120500	neg	0	0	0	0	0	0	1	0	0	0	0
chr1.1849500.1850000	neg	0	0	1	0	0	0	1	0	1	0	0
chr1.2365500.2366000	neg	0	1	1	0	1	1	1	0	1	0	1
chr1.2545500.2546000	neg	0	1	1	0	0	0	1	0	1	0	0
chr1.2559500.2560000	neg	0	0	1	1	0	0	1	0	1	0	0
chr1.2718000.2718500	neg	0	0	0	0	0	0	0	0	0	0	0
chr1.2974500.2975000	neg	0	1	1	1	1	1	1	0	1	0	1
chr1.2977000.2977500	neg	0	1	0	1	1	1	1	1	1	0	1
chr1.3062000.3062500	neg	0	0	0	0	0	0	1	0	1	0	0
chr1.3127000.3127500	neg	0	0	0	0	0	0	1	0	1	0	0
chr1.3748500.3749000	neg	0	0	0	1	1	0	1	1	1	0	1
chr1.3975000.3975500	neg	1	1	0	0	0	0	1	0	1	0	0
chr1.4138000.4138500	neg	1	1	0	1	1	1	1	1	1	0	1
chr1.4334000.4334500	neg	0	1	0	0	1	1	1	1	1	0	1
chr1.4334500.4335000	neg	0	0	0	0	0	0	1	0	1	0	0
chr1.4521000.4521500	neg	0	1	0	0	0	0	1	0	1	0	0
chr1.4653500.4654000	neg	0	1	0	1	1	1	1	1	1	0	1
chr1.5065500.5066000	neg	0	0	0	0	0	0	1	0	1	0	0
chr1.5357000.5357500	neg	0	1	0	1	1	1	1	1	1	0	1
chr1.5870000.5870500	neg	0	1	0	1	1	0	1	0	1	0	1
chr1.6005000.6005500	neg	0	1	0	1	1	1	1	1	1	0	1
chr1.6293500.6294000	neg	0	1	0	1	1	1	1	0	1	0	1
chr1.6637000.6637500	neg	0	0	0	0	0	0	1	0	1	0	0
chr1.6851500.6852000	neg	0	1	0	1	0	0	0	1	0	0	1
chr1.7507000.7507500	neg	1	1	0	1	0	0	1	1	1	0	1
chr1.7950000.7950500	neg	1	1	1	1	1	0	1	0	0	1	1
chr1.8187000.8187500	neg	0	0	0	0	0	0	1	0	1	0	0
chr1.8192500.8193000	neg	1	0	0	0	0	0	0	0	0	0	0
chr1.8527500.8528000	neg	0	1	0	1	1	1	1	0	0	1	0
chr1.9311500.9312000	neg	0	1	0	1	0	0	0	1	0	1	0
chr1.9361000.9361500	neg	0	0	1	1	0	0	1	1	0	0	0
chr1.9803000.9803500	neg	0	1	0	1	1	1	1	1	0	0	1
chr1.9864000.9864500	neg	1	1	0	1	1	1	1	1	1	0	1
chr1.9866000.9866500	neg	1	1	0	1	1	1	1	1	1	0	1
chr1.10072000.10072500	neg	0	0	0	0	0	0	1	0	0	0	0
chr1.10556500.10557000	neg	0	1	0	1	0	0	1	0	1	0	1
chr1.10614000.10614500	neg	0	0	0	1	0	1	1	1	1	0	1
chr1.11235500.11236000	neg	0	0	1	0	0	0	1	0	1	0	0
chr1.11282500.11283000	neg	0	1	0	1	1	1	1	0	1	0	1
chr1.11701500.11702000	neg	0	0	0	0	0	0	1	0	1	0	0
chr1.12067500.12068000	neg	0	1	1	1	1	1	1	1	1	0	1
chr1.12210500.12211000	neg	1	1	1	1	1	0	0	1	0	1	0
chr1.12215000.12215500	neg	1	1	0	1	1	0	1	1	1	0	0
chr1.12689500.12690000	neg	0	1	0	1	1	1	0	1	0	0	1
chr1.12863000.12863500	neg	0	1	1	1	1	1	1	0	1	0	1
chr1.13275500.13276000	neg	0	1	1	1	0	0	1	0	1	0	0
chr1.13591000.13591500	neg	0	1	1	1	1	1	1	1	1	0	1
chr1.13631500.13632000	neg	0	0	0	0	0	0	1	0	1	0	0
chr1.13878500.13879000	neg	0	0	1	0	0	0	1	0	1	0	0
chr1.14483500.14484000	neg	1	1	0	0	1	0	1	0	1	0	1
chr1.14908500.14909000	neg	0	1	0	0	1	0	1	0	0	0	1
chr1.15000500.15001000	neg	0	1	1	1	1	1	1	1	1	0	1
chr1.15094500.15095000	neg	0	1	0	1	1	0	1	0	1	1	1
chr1.15399000.15399500	neg	0	0	0	1	0	0	1	0	1	0	1
chr1.15666500.15667000	neg	1	1	0	1	1	0	0	1	0	1	0
chr1.15936500.15937000	neg	0	1	1	1	1	1	1	1	0	0	1
chr1.16026500.16027000	neg	0	1	1	0	0	0	1	0	1	0	0
chr1.16507500.16508000	neg	0	1	0	1	1	1	1	1	1	0	1
chr1.16932500.16933000	neg	0	0	0	0	0	0	1	0	1	0	0
chr1.16975500.16976000	neg	0	1	1	1	1	1	0	1	1	0	1
chr1.17151500.17152000	neg	0	1	0	1	1	1	1	1	1	0	1
chr1.17353500.17354000	neg	0	0	1	0	0	0	1	0	1	0	0
chr1.17505000.17505500	neg	0	1	1	1	1	1	1	1	1	0	1
chr1.17584500.17585000	neg	0	0	1	0	0	0	1	0	1	0	0
chr1.18100500.18101000	neg	0	1	0	1	1	1	1	1	0	0	1
chr1.18314000.18314500	neg	0	1	1	1	1	1	1	1	0	0	1
chr1.18379000.18379500	neg	0	1	1	1	1	1	1	0	0	0	1
chr1.18412500.18413000	neg	0	1	0	1	0	1	1	1	1	0	1
chr1.18559000.18559500	neg	0	1	0	1	1	1	1	1	1	0	1
chr1.19048500.19049000	neg	0	0	1	0	0	0	1	0	1	0	0
chr1.19054500.19055000	neg	0	1	0	1	0	1	1	1	1	0	1
chr1.19331500.19332000	neg	0	1	1	0	0	1	1	0	1	0	1
chr1.19439000.19439500	neg	0	1	1	1	1	1	1	1	0	0	1
chr1.20112500.20113000	neg	0	1	1	1	0	1	1	1	1	0	1
chr1.20149500.20150000	neg	0	1	1	1	1	1	1	1	1	0	1
chr1.20258000.20258500	neg	0	1	1	1	0	1	1	1	1	0	1
chr1.20564500.20565000	neg	0	0	1	0	0	0	1	0	1	0	0
chr1.20565000.20565500	neg	0	1	1	1	1	0	1	0	1	0	1
chr1.21176000.21176500	neg	0	0	0	0	0	0	1	0	1	0	0
chr1.21176500.21177000	neg	0	1	0	0	0	0	1	0	1	0	1
chr1.21191000.21191500	neg	0	1	0	1	1	0	1	1	1	0	1
chr1.22695000.22695500	neg	0	1	0	1	1	1	1	0	1	0	1
chr1.23159500.23160000	neg	0	1	0	0	0	0	1	0	1	0	0
chr1.23402000.23402500	neg	0	1	1	1	1	1	1	0	0	0	1
chr1.23628500.23629000	neg	1	1	0	1	1	0	0	1	0	0	1
chr1.23855000.23855500	neg	0	1	1	0	1	1	1	0	0	0	0
chr1.24155000.24155500	neg	0	0	0	0	0	0	1	0	1	0	0
chr1.25012000.25012500	neg	1	1	1	1	1	1	1	0	1	1	1
chr1.25030500.25031000	neg	0	0	0	0	1	1	0	0	0	0	0
chr1.25190000.25190500	neg	0	1	0	1	1	1	1	1	1	0	1
chr1.25304000.25304500	neg	0	1	1	1	1	1	1	1	1	0	1
chr1.25807000.25807500	neg	0	1	0	1	1	0	1	1	1	1	0
chr1.25810500.25811000	neg	0	0	0	0	0	0	1	0	1	0	0
chr1.26015500.26016000	neg	0	1	1	1	1	1	1	1	1	0	1
chr1.26221500.26222000	neg	0	0	1	0	0	0	1	0	1	0	0
chr1.26251500.26252000	neg	1	1	0	1	1	1	0	1	0	0	0
chr1.26391500.26392000	neg	0	1	1	1	0	1	1	0	1	0	0
chr1.26578000.26578500	neg	1	1	0	1	1	1	1	1	1	0	1
chr1.26900500.26901000	neg	0	0	0	0	0	0	1	0	1	0	1
chr1.27471500.27472000	neg	0	1	0	0	0	0	0	0	0	0	0
chr1.28383000.28383500	neg	0	1	1	0	1	0	1	1	0	1	0
chr1.28701500.28702000	neg	0	1	0	1	1	1	1	1	1	1	1
chr1.28702500.28703000	neg	0	0	0	0	0	0	1	0	1	0	0
chr1.28739500.28740000	neg	0	0	1	0	0	0	1	0	1	0	0
chr1.29330500.29331000	neg	0	1	1	0	1	0	1	0	1	1	1
chr1.29356000.29356500	neg	0	1	1	1	1	0	1	0	0	1	1
chr1.29648500.29649000	neg	0	1	0	1	1	1	1	1	0	0	1
chr1.29897500.29898000	neg	1	1	1	1	1	1	1	1	1	0	0
chr1.29900500.29901000	neg	1	1	0	1	1	1	0	1	1	0	0
chr1.30298500.30299000	neg	0	0	0	0	0	0	1	0	1	0	0
chr1.30452000.30452500	neg	1	1	0	1	1	0	1	1	0	1	0
chr1.30534500.30535000	neg	0	1	1	1	1	1	1	1	1	0	1
chr2.339500.340000	neg	0	0	1	1	0	0	1	0	1	0	0
chr2.569000.569500	neg	0	1	1	1	0	0	1	1	1	0	0
chr2.757000.757500	neg	0	1	1	1	1	0	1	0	1	0	1
chr2.876000.876500	neg	0	1	0	1	0	0	1	1	1	1	0
chr2.1314000.1314500	neg	0	1	1	1	0	0	1	1	0	0	1
chr2.1507500.1508000	neg	1	1	1	1	1	1	0	1	1	0	1
chr2.1587000.1587500	neg	0	1	0	1	1	1	1	1	0	0	1
chr2.2154000.2154500	neg	1	1	0	1	1	0	1	1	0	1	0
chr2.2580500.2581000	neg	1	1	0	0	1	0	1	0	0	1	0
chr2.2934000.2934500	neg	0	1	1	1	1	1	1	1	1	0	1
chr2.3199000.3199500	neg	1	1	0	1	1	1	0	1	1	0	1
chr2.3668000.3668500	neg	1	1	0	1	1	0	1	1	0	1	0
chr2.3798500.3799000	neg	1	1	1	1	1	0	0	1	0	1	0
chr2.3877000.3877500	neg	0	1	0	1	1	0	1	1	0	1	0
chr2.3907500.3908000	neg	1	1	1	1	1	0	0	1	0	1	0
chr2.3912500.3913000	neg	1	1	0	1	1	0	0	1	0	1	0
chr2.4217500.4218000	neg	1	1	0	1	1	1	0	1	0	0	0
chr2.5032500.5033000	neg	0	1	0	0	0	0	1	0	0	0	0
chr2.5051500.5052000	neg	0	1	0	1	1	1	1	1	1	0	1
chr2.5267500.5268000	neg	0	1	0	1	1	1	0	1	0	1	0
chr2.5411000.5411500	neg	1	1	0	1	1	1	0	1	0	1	0
chr2.6167000.6167500	neg	0	1	1	1	1	1	1	1	0	0	1
chr2.6357000.6357500	neg	0	0	1	0	0	1	1	0	1	0	0
chr2.6537500.6538000	neg	0	0	1	0	0	0	1	0	1	0	0
chr2.6765500.6766000	neg	1	1	0	0	1	0	0	1	0	1	0
chr2.6775500.6776000	neg	0	0	0	0	0	0	0	0	0	0	0
chr2.6903500.6904000	neg	1	1	0	1	1	0	0	1	0	1	0
chr2.7512000.7512500	neg	0	0	0	0	0	0	1	0	1	0	0
chr2.7697500.7698000	neg	0	1	0	1	1	1	1	1	1	0	1
chr2.7725000.7725500	neg	0	0	0	0	0	0	1	0	0	1	0
chr2.7771000.7771500	neg	1	1	0	1	1	0	0	1	0	1	0
chr2.7811500.7812000	neg	1	1	0	1	1	0	1	1	0	1	0
chr2.8251000.8251500	neg	0	1	0	1	0	0	1	0	1	1	0
chr2.8311500.8312000	neg	0	1	1	1	1	1	1	1	1	0	1
chr2.8582500.8583000	neg	0	1	0	1	1	1	1	1	1	0	1
chr2.8674000.8674500	neg	0	0	1	0	0	0	1	0	1	0	0
chr2.8930500.8931000	neg	0	1	1	1	1	1	1	1	1	0	0
chr2.9184000.9184500	neg	0	0	1	0	0	0	1	0	1	0	0
chr2.9460000.9460500	neg	0	1	1	1	1	1	1	0	1	0	1
chr2.9727500.9728000	neg	1	1	0	1	1	0	0	1	1	1	0
chr2.9801000.9801500	neg	0	1	0	0	0	1	1	1	1	0	0
chr2.10152000.10152500	neg	0	0	1	0	0	1	1	0	1	1	0
chr2.10587500.10588000	neg	1	1	1	1	1	0	1	1	0	1	0
chr2.10940000.10940500	neg	0	0	0	0	0	0	1	0	1	0	0
chr2.10961500.10962000	neg	1	1	1	1	1	1	1	1	1	0	0
chr2.11208000.11208500	neg	1	1	0	1	1	0	1	1	1	0	1
chr2.11228000.11228500	neg	0	1	0	0	1	1	1	1	1	0	1
chr2.12262500.12263000	neg	0	1	0	1	0	0	1	0	0	1	0
chr2.12360000.12360500	neg	0	1	1	1	1	0	1	1	1	1	0
chr2.12436500.12437000	neg	0	0	0	0	0	0	0	0	0	1	0
chr2.12637000.12637500	neg	0	1	0	1	1	1	1	1	1	1	1
chr2.13146500.13147000	neg	1	1	0	1	1	0	1	1	1	0	0
chr2.13309500.13310000	neg	0	0	1	1	1	0	0	0	0	1	0
chr2.14060000.14060500	neg	0	0	1	0	0	0	1	0	1	0	0
chr2.14100000.14100500	neg	0	0	1	0	0	0	1	0	1	0	0
chr2.14645500.14646000	neg	1	1	0	1	1	1	0	1	1	1	0
chr2.14768000.14768500	neg	0	0	1	0	0	0	1	0	1	0	0
chr2.14959500.14960000	neg	1	1	1	1	1	1	1	1	1	0	1
chr2.14998000.14998500	neg	0	1	0	1	1	0	1	0	1	0	1
chr2.15688500.15689000	neg	0	1	1	1	0	1	1	1	1	1	0
chr2.15769000.15769500	neg	0	1	1	0	1	0	1	0	0	0	0
chr2.15822000.15822500	neg	0	0	0	0	0	0	1	0	0	1	0
chr2.16110500.16111000	neg	1	1	0	1	1	0	0	1	1	0	0
chr2.16238000.16238500	neg	0	1	1	0	1	1	1	1	0	0	1
chr2.16533500.16534000	neg	0	1	0	1	1	1	1	1	1	0	1
chr2.17105500.17106000	neg	0	0	0	0	0	0	0	1	0	0	0
chr2.18068000.18068500	neg	0	0	0	0	0	0	1	0	1	0	0
chr2.18945000.18945500	neg	1	1	1	1	1	1	1	0	0	1	0
chr2.18997000.18997500	neg	0	0	0	0	0	0	1	0	1	0	0
chr2.19582000.19582500	neg	0	0	0	0	0	0	1	0	1	0	0
chr2.19585500.19586000	neg	0	0	0	0	0	0	0	0	1	0	0
chr2.19663000.19663500	neg	0	1	0	1	1	0	1	0	1	0	1
chr2.19799500.19800000	neg	1	1	0	1	1	0	0	0	0	1	0
chr2.20181000.20181500	neg	0	1	0	0	1	1	1	1	1	1	0
chr2.20606500.20607000	neg	0	1	0	0	0	0	1	0	1	0	0
chr2.20664000.20664500	neg	0	1	1	1	0	0	1	1	1	0	0
chr2.20913000.20913500	neg	1	1	0	1	1	0	1	0	0	1	0
chr2.21305000.21305500	neg	1	1	0	0	1	0	0	0	0	1	0
chr2.21503000.21503500	neg	0	0	1	0	0	0	1	0	1	0	0
chr2.21957000.21957500	neg	0	1	0	0	1	0	1	0	1	0	0
chr2.22268000.22268500	neg	0	0	0	0	0	0	1	0	0	1	0
chr2.23161000.23161500	neg	1	1	0	1	1	1	0	1	0	1	0
chr2.23308000.23308500	neg	0	0	0	0	0	0	1	0	1	0	0
chr2.23700000.23700500	neg	1	1	0	1	1	0	1	1	1	1	0
chr2.23714000.23714500	neg	1	1	0	1	1	0	1	1	1	0	0
chr2.23769000.23769500	neg	1	1	0	1	1	1	0	1	0	0	1
chr2.23775500.23776000	neg	1	1	0	1	1	0	0	1	1	1	0
chr2.23929000.23929500	neg	0	0	0	0	0	0	1	0	1	0	0
chr2.24232500.24233000	neg	0	1	0	1	1	1	1	1	0	1	1
chr2.24250500.24251000	neg	0	0	0	0	0	0	1	0	1	1	0
chr2.24668000.24668500	neg	1	1	1	1	1	0	0	1	1	0	0
chr2.24710500.24711000	neg	1	1	1	1	1	0	1	1	0	1	0
chr2.24790000.24790500	neg	1	1	1	1	1	1	1	1	1	1	1
chr2.24801500.24802000	neg	1	1	0	1	1	0	0	1	0	1	0
chr2.25242000.25242500	neg	1	1	0	1	1	0	0	1	1	0	0
chr2.26225500.26226000	neg	0	1	0	0	0	0	1	1	0	0	0
chr2.27084500.27085000	neg	0	0	1	0	0	0	1	0	1	1	0
chr2.27099500.27100000	neg	1	1	0	1	1	0	1	1	0	1	0
chr2.27109500.27110000	neg	1	1	0	1	1	0	1	1	0	1	0
chr2.27760000.27760500	neg	1	1	0	1	1	0	1	1	0	1	0
chr2.28056000.28056500	neg	0	1	0	0	0	0	1	0	0	0	0
chr2.28098000.28098500	neg	1	1	1	1	1	1	1	1	1	0	1
chr2.28121500.28122000	neg	1	1	1	1	1	1	1	1	0	0	1
chr2.28996000.28996500	neg	1	1	0	1	1	1	0	1	0	1	0
chr3.730500.731000	neg	0	1	0	1	1	1	1	1	1	0	1
chr3.973500.974000	neg	0	1	1	1	1	1	1	1	1	0	1
chr3.1713000.1713500	neg	1	0	0	0	1	1	0	1	0	0	0
chr3.1776000.1776500	neg	0	0	1	0	0	1	1	0	1	0	1
chr3.2093500.2094000	neg	0	1	1	1	0	1	1	1	0	0	1
chr3.2440500.2441000	neg	0	1	1	1	1	1	1	1	1	0	1
chr3.3125000.3125500	neg	0	0	0	0	0	0	0	0	0	1	0
chr3.3434500.3435000	neg	0	1	0	1	1	0	1	1	0	1	0
chr3.3871000.3871500	neg	1	1	0	0	1	1	0	0	0	1	0
chr3.4042500.4043000	neg	0	1	0	1	0	0	1	1	0	0	1
chr3.4114000.4114500	neg	0	0	0	0	0	0	1	0	1	0	0
chr3.4218000.4218500	neg	0	1	1	1	1	1	1	1	1	0	1
chr3.4333000.4333500	neg	1	1	0	1	1	0	1	1	1	0	0
chr3.4402500.4403000	neg	1	1	0	0	1	1	0	1	0	1	0
chr3.4431000.4431500	neg	0	1	0	1	1	0	0	1	0	1	0
chr3.4455000.4455500	neg	1	1	1	1	1	1	0	1	0	1	0
chr3.4624500.4625000	neg	1	1	1	1	1	1	1	1	1	1	1
chr3.4947000.4947500	neg	0	1	0	1	0	0	0	0	0	1	0
chr3.5064500.5065000	neg	1	1	0	0	1	0	0	0	0	1	0
chr3.5071000.5071500	neg	0	1	1	1	1	1	1	0	0	1	0
chr3.5936000.5936500	neg	0	1	0	0	0	0	1	0	0	0	0
chr3.6547500.6548000	neg	0	1	1	1	1	1	1	0	1	0	1
chr3.6951500.6952000	neg	0	1	1	0	0	1	1	0	1	0	0
chr3.7095500.7096000	neg	0	1	0	1	1	0	1	0	0	1	1
chr3.7188000.7188500	neg	1	0	0	0	1	1	0	0	0	1	0
chr3.7721500.7722000	neg	1	1	0	0	1	0	0	0	0	1	0
chr3.7764500.7765000	neg	1	1	0	0	1	0	0	0	0	0	0
chr3.7837500.7838000	neg	0	1	1	1	1	1	1	0	0	1	1
chr3.7961000.7961500	neg	1	1	0	0	1	0	0	0	0	1	0
chr3.8349000.8349500	neg	0	1	0	0	0	0	1	1	1	0	1
chr3.9140000.9140500	neg	0	0	0	0	0	0	0	0	0	0	0
chr3.9172000.9172500	neg	1	1	1	1	1	0	1	1	1	1	1
chr3.9509000.9509500	neg	1	1	0	1	1	0	0	1	0	1	0
chr3.9821500.9822000	neg	1	1	0	1	1	1	1	1	1	1	0
chr3.10029000.10029500	neg	1	1	0	1	1	1	0	1	0	1	0
chr3.10412500.10413000	neg	0	0	0	0	0	0	1	0	1	0	0
chr3.10413000.10413500	neg	0	1	0	1	1	1	1	0	1	0	1
chr3.10601500.10602000	neg	0	0	0	0	0	0	1	0	1	0	0
chr3.10789000.10789500	neg	0	0	0	0	0	0	1	0	1	1	0
chr3.11010500.11011000	neg	0	1	1	1	1	1	1	1	1	0	1
chr3.11815500.11816000	neg	1	1	0	0	1	1	0	1	0	1	0
chr3.11828000.11828500	neg	1	1	0	1	1	0	0	1	0	1	0
chr3.11961500.11962000	neg	0	1	1	1	1	1	1	1	0	0	1
chr3.12021000.12021500	neg	0	1	0	0	1	0	1	0	0	1	0
chr3.12238500.12239000	neg	0	1	0	0	1	0	1	0	1	1	0
chr3.12424000.12424500	neg	1	1	1	1	1	0	1	0	1	0	0
chr3.12836500.12837000	neg	1	1	0	1	1	1	0	0	0	0	1
chr3.12980500.12981000	neg	0	1	1	1	1	1	1	1	1	0	1
chr3.13002500.13003000	neg	1	1	0	1	1	1	0	1	0	1	0
chr3.13511000.13511500	neg	0	1	0	0	0	0	1	0	1	0	0
chr3.13687500.13688000	neg	0	0	0	0	0	0	1	0	1	0	0
chr3.13739000.13739500	neg	1	1	1	1	1	1	1	0	0	1	0
chr3.13746000.13746500	neg	0	1	0	1	0	0	1	0	0	0	0
chr3.14036000.14036500	neg	0	1	1	1	0	0	1	1	0	1	1
chr3.14163500.14164000	neg	1	1	1	1	1	1	1	1	0	1	1
chr3.14547500.14548000	neg	1	1	0	1	1	1	1	1	1	1	0
chr3.14731500.14732000	neg	1	1	0	1	1	0	0	1	0	0	0
chr3.14781000.14781500	neg	0	0	0	1	1	0	1	0	1	0	1
chr3.15045000.15045500	neg	0	1	1	1	0	0	1	0	1	0	1
chr3.15216000.15216500	neg	0	0	0	1	1	0	0	1	0	0	1
chr3.15448500.15449000	neg	0	1	1	1	0	0	1	0	1	0	0
chr3.15991500.15992000	neg	0	0	1	0	0	1	1	0	1	0	0
chr3.16763000.16763500	neg	0	1	1	1	1	1	1	1	0	0	1
chr3.16881000.16881500	neg	1	1	1	1	1	0	1	0	0	0	0
chr3.17277500.17278000	neg	0	0	1	0	0	1	1	0	0	0	0
chr3.17382500.17383000	neg	0	1	1	1	1	1	1	1	1	0	0
chr3.17568500.17569000	neg	0	1	1	1	1	1	0	1	1	0	1
chr3.17625000.17625500	neg	1	1	1	1	1	1	1	1	1	0	0
chr3.17719500.17720000	neg	0	0	0	0	0	0	0	0	0	1	0
chr3.17830000.17830500	neg	1	1	0	1	1	1	0	1	0	1	0
chr3.18543000.18543500	neg	1	1	1	1	1	0	1	1	0	1	0
chr3.18884000.18884500	neg	1	1	0	1	1	0	0	1	0	1	0
chr3.18901500.18902000	neg	1	1	0	1	1	0	1	1	0	1	0
chr3.19123000.19123500	neg	0	1	1	0	0	0	1	1	1	0	0
chr3.20207000.20207500	neg	1	1	0	0	1	1	1	1	1	0	0
chr3.20248000.20248500	neg	0	1	0	1	1	0	1	1	1	1	0
chr3.20294000.20294500	neg	1	1	0	1	1	1	1	1	0	0	1
chr3.20470000.20470500	neg	0	1	1	0	0	0	1	0	1	0	1
chr3.21349000.21349500	neg	0	0	0	0	0	0	1	0	1	1	0
chr3.21377000.21377500	neg	1	1	0	1	1	1	0	1	0	0	0
chr3.21475500.21476000	neg	0	1	0	0	1	1	1	1	1	0	1
chr3.21496500.21497000	neg	0	0	0	0	0	0	1	0	1	0	0
chr3.21578000.21578500	neg	1	1	0	1	1	0	0	1	0	0	0
chr3.21845000.21845500	neg	1	1	0	1	1	0	0	1	0	1	0
chr3.22986500.22987000	neg	1	1	1	1	1	1	1	1	1	1	1
chr3.23314500.23315000	neg	1	1	0	1	1	1	1	1	0	1	0
chr3.23380500.23381000	neg	1	1	1	1	1	0	0	1	1	1	0
chr3.23390000.23390500	neg	0	1	1	1	1	0	1	1	1	1	1
chr3.23463000.23463500	neg	0	1	0	1	0	0	1	1	1	0	0
chr3.23463500.23464000	neg	0	1	0	0	0	0	1	0	1	0	0
chr3.23508500.23509000	neg	1	1	0	1	1	1	1	1	0	0	1
chr3.24153000.24153500	neg	0	0	0	0	0	0	1	0	1	0	0
chr3.24607000.24607500	neg	0	1	0	0	0	0	1	1	1	0	1
chr3.24911500.24912000	neg	1	1	0	1	1	1	0	1	0	0	0
chr3.24983000.24983500	neg	0	1	0	1	1	1	1	1	1	0	1
chr3.25363500.25364000	neg	0	0	1	1	0	0	1	1	1	0	0
chr3.25914500.25915000	neg	1	1	0	1	1	0	0	1	0	1	0
chr3.25976500.25977000	neg	1	1	0	1	1	1	1	1	1	1	1
chr3.26048000.26048500	neg	1	1	0	1	1	0	1	1	0	1	0
chr3.26592000.26592500	neg	0	0	0	0	1	1	1	0	1	0	1
chr3.26962000.26962500	neg	0	1	0	0	0	0	1	0	1	0	1
chr3.27119500.27120000	neg	0	0	0	0	0	0	0	0	0	0	0
chr4.843000.843500	neg	1	1	0	1	1	0	0	1	0	1	0
chr4.849000.849500	neg	0	1	1	1	0	0	1	1	1	1	1
chr4.901500.902000	neg	1	1	0	1	1	0	0	1	0	1	0
chr4.1027000.1027500	neg	1	1	1	0	1	1	0	1	0	0	1
chr4.1036000.1036500	neg	1	1	1	1	1	0	0	0	0	1	0
chr4.1198000.1198500	neg	0	1	0	0	1	0	1	0	0	0	0
chr4.1302000.1302500	neg	0	0	0	0	0	0	0	0	0	1	0
chr4.1489000.1489500	neg	0	1	1	1	0	1	1	0	1	0	1
chr4.1571000.1571500	neg	0	0	0	0	0	0	0	0	0	1	0
chr4.1833500.1834000	neg	0	0	0	0	0	0	1	0	1	0	0
chr4.2308000.2308500	neg	1	1	0	1	1	0	1	1	0	1	0
chr4.2352000.2352500	neg	0	0	0	1	0	0	0	0	0	1	0
chr4.2473500.2474000	neg	0	1	1	0	1	1	1	1	1	0	1
chr4.2693500.2694000	neg	1	1	1	1	1	0	0	1	1	1	0
chr4.2777500.2778000	neg	0	1	1	0	1	1	1	0	0	0	1
chr4.3064500.3065000	neg	0	1	1	1	1	1	1	1	0	0	1
chr4.3149500.3150000	neg	0	1	0	1	1	1	1	0	1	0	1
chr4.3219000.3219500	neg	0	0	0	0	0	0	1	0	1	0	0
chr4.3466500.3467000	neg	1	1	0	1	1	0	0	1	0	1	0
chr4.4147000.4147500	neg	0	1	1	0	1	0	1	0	1	1	0
chr4.4670500.4671000	neg	0	1	0	1	0	0	1	1	0	1	0
chr4.5628000.5628500	neg	0	0	1	0	0	0	1	0	1	0	0
chr4.5684500.5685000	neg	1	1	1	0	0	0	1	0	0	1	0
chr4.5796500.5797000	neg	1	1	0	1	1	0	1	1	0	1	0
chr4.6491500.6492000	neg	1	1	1	0	1	0	0	0	0	1	0
chr4.6548000.6548500	neg	1	1	0	1	1	0	0	0	0	1	0
chr4.6775500.6776000	neg	0	1	0	0	0	0	1	1	1	0	0
chr4.6795500.6796000	neg	0	1	0	1	1	1	1	1	0	1	1
chr4.6989500.6990000	neg	1	1	0	1	1	1	0	1	0	0	0
chr4.7472500.7473000	neg	1	1	0	1	1	1	1	1	0	0	0
chr4.7659500.7660000	neg	0	1	0	1	0	1	1	0	0	0	0
chr4.7940500.7941000	neg	0	1	0	0	0	1	1	0	0	0	1
chr4.8126000.8126500	neg	0	0	0	0	0	0	1	0	1	0	0
chr4.8293000.8293500	neg	1	1	0	1	1	0	0	1	1	0	0
chr4.8328000.8328500	neg	1	1	0	1	1	0	1	1	1	1	0
chr4.8602000.8602500	neg	1	1	0	1	1	1	0	1	0	0	0
chr4.8701000.8701500	neg	1	1	0	1	1	0	0	1	0	1	0
chr4.8852500.8853000	neg	0	1	0	1	0	0	1	1	0	1	0
chr4.8943500.8944000	neg	0	0	0	0	0	0	0	0	0	1	0
chr4.8953000.8953500	neg	0	0	0	0	0	0	0	0	0	1	0
chr4.9028000.9028500	neg	1	1	0	0	1	1	1	1	1	0	0
chr4.9137500.9138000	neg	0	1	0	1	0	0	1	0	1	1	1
chr4.9602000.9602500	neg	0	1	0	1	1	1	1	1	1	1	1
chr4.9610000.9610500	neg	0	0	0	0	0	0	1	0	0	1	0
chr4.9883500.9884000	neg	1	1	1	1	1	1	0	1	0	1	0
chr4.9976000.9976500	neg	1	1	0	0	1	1	0	1	0	0	1
chr4.10408000.10408500	neg	1	1	1	1	1	0	1	1	1	0	0
chr4.10467000.10467500	neg	0	0	1	0	0	0	1	0	1	0	0
chr4.10516500.10517000	neg	1	1	0	1	1	0	0	1	0	1	0
chr4.11390000.11390500	neg	0	1	1	1	0	1	1	1	0	0	0
chr4.11449000.11449500	neg	0	1	0	1	1	1	0	1	0	0	1
chr4.11457500.11458000	neg	0	1	0	1	1	1	1	1	0	0	1
chr4.11658000.11658500	neg	1	1	0	1	1	0	0	1	1	0	0
chr4.11900500.11901000	neg	0	1	1	1	1	1	1	0	1	1	1
chr4.11926000.11926500	neg	0	1	0	0	1	1	1	1	0	0	1
chr4.12165000.12165500	neg	0	0	1	0	0	0	1	0	1	0	0
chr4.12275000.12275500	neg	0	1	1	1	1	1	1	1	1	0	1
chr4.12503500.12504000	neg	1	1	1	1	1	1	0	1	1	1	1
chr4.12652000.12652500	neg	0	1	0	1	1	1	1	0	1	0	0
chr4.13704000.13704500	neg	0	1	1	0	0	0	1	0	1	0	0
chr4.13924500.13925000	neg	1	1	0	0	1	0	0	1	0	1	0
chr4.14081500.14082000	neg	0	1	0	1	0	0	1	1	1	1	0
chr4.14370000.14370500	neg	0	0	0	0	0	0	0	0	0	0	0
chr4.14722000.14722500	neg	0	0	0	0	0	0	0	0	0	0	0
chr4.15085000.15085500	neg	0	0	0	0	0	0	0	0	0	0	0
chr4.15374500.15375000	neg	0	1	1	1	1	1	1	1	1	1	1
chr4.15706500.15707000	neg	0	1	0	1	1	0	1	0	0	1	0
chr4.15867000.15867500	neg	0	1	1	1	1	0	1	1	1	1	0
chr4.16179000.16179500	neg	0	1	0	1	0	0	1	1	1	0	1
chr4.17331500.17332000	neg	1	1	1	1	1	0	1	1	1	0	0
chr4.17853500.17854000	neg	0	0	0	0	0	0	1	0	1	0	0
chr4.18042000.18042500	neg	0	0	0	0	0	1	1	0	0	0	0
chr4.18150000.18150500	neg	0	0	1	0	0	0	1	0	1	0	0
chr4.18702000.18702500	neg	0	0	0	0	0	0	0	0	0	0	0
chr4.18899000.18899500	neg	0	1	1	1	1	1	1	0	0	1	0
chr4.19026500.19027000	neg	0	0	0	0	0	0	0	0	0	1	0
chr4.19161500.19162000	neg	0	1	0	0	0	0	1	1	0	1	0
chr4.19237000.19237500	neg	0	1	1	1	1	0	1	1	1	0	1
chr4.19254000.19254500	neg	0	1	1	1	1	1	1	0	1	0	1
chr4.19461500.19462000	neg	0	1	1	1	0	1	1	0	0	0	1
chr4.19676000.19676500	neg	0	1	0	1	0	0	1	1	1	1	0
chr4.19950000.19950500	neg	0	1	0	1	1	0	1	1	1	0	1
chr4.19965500.19966000	neg	0	1	0	1	1	1	1	0	1	1	1
chr4.20040000.20040500	neg	1	1	0	1	1	1	0	1	1	0	1
chr4.20062000.20062500	neg	0	1	0	1	0	0	1	0	1	0	1
chr4.20546000.20546500	neg	0	1	0	0	0	0	1	0	1	0	0
chr4.20896000.20896500	neg	1	1	0	1	1	0	0	1	0	1	0
chr4.21144500.21145000	neg	0	0	0	1	1	0	0	1	0	1	0
chr4.21408500.21409000	neg	1	1	1	1	1	1	1	1	0	0	1
chr4.21502000.21502500	neg	1	1	0	1	1	0	1	1	1	1	0
chr4.21882000.21882500	neg	0	0	0	0	0	0	1	0	0	1	0
chr4.22081500.22082000	neg	1	1	0	1	1	1	1	1	1	1	0
chr4.22151500.22152000	neg	0	1	1	1	1	1	1	1	1	0	1
chr4.22544000.22544500	neg	1	1	0	1	1	0	1	1	0	1	0
chr4.22746000.22746500	neg	0	1	1	1	1	1	1	1	1	0	1
chr4.23120000.23120500	neg	0	1	0	0	1	1	1	1	0	1	0
chr4.23199500.23200000	neg	0	0	0	0	0	0	1	0	1	0	0
chr4.23952500.23953000	neg	0	1	0	1	1	1	1	0	0	0	1
chr4.24817500.24818000	neg	0	1	0	0	0	0	1	0	1	0	1
chr4.25338000.25338500	neg	0	1	0	1	1	1	1	1	1	0	0
chr4.25495500.25496000	neg	0	0	0	0	0	0	0	0	0	0	0
chr4.25547500.25548000	neg	0	1	1	1	1	0	1	1	0	1	0
chr4.25574500.25575000	neg	1	1	1	0	1	0	1	0	0	1	0
chr4.25918000.25918500	neg	0	1	1	1	0	0	1	0	1	0	1
chr4.26618000.26618500	neg	0	1	1	1	1	1	1	1	0	0	1
chr4.26659000.26659500	neg	0	0	0	0	0	0	1	0	1	0	0
chr4.26660000.26660500	neg	0	1	0	1	1	1	1	1	1	0	1
chr4.26687500.26688000	neg	1	1	1	1	1	1	0	1	0	0	1
chr4.26934500.26935000	neg	0	0	0	0	0	0	0	0	0	0	0
chr5.446000.446500	neg	1	1	0	1	1	1	1	1	1	1	0
chr5.744000.744500	neg	0	1	1	1	1	0	1	0	1	1	1
chr5.883500.884000	neg	0	1	0	0	0	0	1	0	0	1	0
chr5.1030000.1030500	neg	1	1	0	1	1	0	0	1	0	1	0
chr5.1244000.1244500	neg	1	1	1	1	1	0	0	1	1	1	0
chr5.1363500.1364000	neg	0	0	1	0	0	0	1	0	0	1	0
chr5.1368500.1369000	neg	0	0	0	0	0	0	0	1	0	1	0
chr5.1650500.1651000	neg	0	0	0	0	0	0	1	0	0	1	0
chr5.2103500.2104000	neg	0	0	0	0	0	0	1	0	1	0	0
chr5.2533500.2534000	neg	0	0	1	0	0	1	1	0	1	0	0
chr5.2617000.2617500	neg	0	0	0	0	0	0	0	0	0	0	0
chr5.2634000.2634500	neg	0	0	0	0	0	0	0	0	0	1	0
chr5.3045000.3045500	neg	1	1	0	1	1	0	0	1	0	1	0
chr5.3074500.3075000	neg	1	1	0	1	1	1	1	1	0	1	0
chr5.3465000.3465500	neg	0	1	0	1	1	1	1	1	1	0	1
chr5.3488000.3488500	neg	0	0	0	0	0	0	1	0	1	0	0
chr5.3745500.3746000	neg	0	0	0	0	0	0	0	0	0	0	0
chr5.4179500.4180000	neg	0	1	0	1	1	1	1	1	1	0	1
chr5.4347000.4347500	neg	0	0	0	1	0	0	1	0	1	0	1
chr5.4663000.4663500	neg	0	1	0	1	1	1	1	1	1	1	1
chr5.4823000.4823500	neg	1	1	0	1	1	0	0	1	0	1	0
chr5.4935000.4935500	neg	0	0	0	0	0	0	1	0	1	0	0
chr5.5146000.5146500	neg	1	1	0	1	1	0	1	1	0	1	0
chr5.5435000.5435500	neg	0	1	0	1	0	1	1	1	0	1	0
chr5.5705000.5705500	neg	1	1	0	1	1	0	1	1	1	0	0
chr5.5745000.5745500	neg	0	1	0	1	1	1	1	1	0	0	1
chr5.5789500.5790000	neg	0	1	0	1	1	1	1	1	1	0	0
chr5.5826000.5826500	neg	1	1	0	1	1	1	0	1	0	1	0
chr5.5897000.5897500	neg	0	0	0	0	0	0	1	0	1	0	0
chr5.5996000.5996500	neg	0	1	1	1	0	1	1	0	0	1	0
chr5.6151500.6152000	neg	1	1	1	1	1	0	1	1	0	1	0
chr5.6191500.6192000	neg	1	1	0	0	1	0	1	1	1	1	0
chr5.6849500.6850000	neg	0	1	0	1	0	0	1	0	1	0	0
chr5.6908500.6909000	neg	0	1	0	1	1	1	1	1	1	0	1
chr5.6959000.6959500	neg	0	0	0	0	0	0	1	0	1	0	0
chr5.7098500.7099000	neg	0	1	0	0	0	1	1	0	0	0	0
chr5.7253000.7253500	neg	1	1	0	1	1	0	0	1	0	1	0
chr5.7607000.7607500	neg	1	1	0	1	1	1	1	1	1	1	0
chr5.7757500.7758000	neg	0	1	0	1	0	0	0	0	0	1	0
chr5.7769000.7769500	neg	0	0	0	0	0	0	0	0	0	0	0
chr5.8282500.8283000	neg	0	0	0	0	1	0	1	0	1	0	0
chr5.8351000.8351500	neg	1	1	1	1	1	0	1	0	1	0	0
chr5.8453000.8453500	neg	0	1	0	1	1	0	1	1	0	1	0
chr5.8570000.8570500	neg	1	1	1	1	1	1	0	1	0	1	0
chr5.9560500.9561000	neg	0	0	0	0	0	0	0	0	0	0	0
chr5.9799500.9800000	neg	0	1	0	1	0	0	1	1	1	1	1
chr5.10346000.10346500	neg	0	1	0	1	1	1	1	1	0	0	1
chr5.10556500.10557000	neg	0	0	1	0	0	0	1	0	1	0	0
chr5.10982000.10982500	neg	0	0	1	0	0	0	1	0	1	0	1
chr5.11008500.11009000	neg	1	1	0	1	1	0	0	1	0	1	0
chr5.11015500.11016000	neg	1	1	0	1	1	0	1	1	0	1	0
chr5.11320500.11321000	neg	0	1	1	0	1	1	1	0	0	0	0
chr5.11322000.11322500	neg	0	0	0	0	0	0	1	0	1	0	0
chr5.11506500.11507000	neg	0	1	0	1	1	0	0	1	0	0	0
chr5.12191500.12192000	neg	0	0	1	0	0	0	1	0	0	1	0
chr5.12399000.12399500	neg	1	1	0	0	1	1	0	0	0	0	0
chr5.12509500.12510000	neg	0	0	0	0	0	0	1	0	1	0	0
chr5.12510500.12511000	neg	0	0	0	0	0	0	1	0	1	0	0
chr5.12538000.12538500	neg	1	0	0	0	0	0	0	0	0	1	0
chr5.12552500.12553000	neg	1	1	0	0	1	0	0	0	0	1	0
chr5.12583000.12583500	neg	1	1	1	1	1	0	0	1	0	1	0
chr5.12609500.12610000	neg	1	1	0	1	1	0	1	1	0	1	0
chr5.12715500.12716000	neg	0	1	1	0	0	0	1	0	1	0	0
chr5.12899000.12899500	neg	1	0	0	0	1	0	0	0	0	1	0
chr5.12985000.12985500	neg	0	1	1	0	0	0	1	0	1	0	0
chr5.13339000.13339500	neg	1	1	0	1	1	0	0	1	0	1	0
chr5.13611000.13611500	neg	1	1	1	1	1	1	1	1	0	1	0
chr5.13656500.13657000	neg	0	1	1	0	1	0	0	1	0	1	0
chr5.13671500.13672000	neg	1	1	0	0	1	0	0	0	0	1	0
chr5.13851500.13852000	neg	0	1	1	0	0	0	1	0	0	0	0
chr5.13886500.13887000	neg	0	0	0	0	0	0	1	0	1	0	0
chr5.13891000.13891500	neg	0	0	0	0	0	0	0	0	0	0	0
chr5.14014500.14015000	neg	0	1	0	0	1	1	1	1	1	0	1
chr5.14803000.14803500	neg	0	1	0	1	1	1	0	1	0	0	1
chr5.14873000.14873500	neg	1	1	0	1	1	0	0	1	0	1	0
chr5.14947000.14947500	neg	1	1	0	1	1	0	0	1	1	1	0
chr5.14979000.14979500	neg	1	1	0	1	1	0	0	1	0	1	0
chr5.15130000.15130500	neg	0	1	0	0	1	1	1	0	0	1	0
chr5.15456000.15456500	neg	0	1	1	0	0	0	1	0	0	0	0
chr5.15761500.15762000	neg	0	0	0	0	0	0	1	0	0	1	0
chr5.15769000.15769500	neg	0	0	0	0	0	0	0	0	0	1	0
chr5.16001000.16001500	neg	0	1	0	1	1	1	1	1	1	0	1
chr5.16080500.16081000	neg	0	1	1	0	0	0	1	0	1	0	0
chr5.16456000.16456500	neg	1	1	0	1	1	0	1	0	0	1	0
chr5.16530500.16531000	neg	1	1	1	1	1	1	1	1	0	0	1
chr5.16652500.16653000	neg	1	1	0	1	1	1	0	1	1	0	0
chr5.16744000.16744500	neg	1	1	0	1	1	0	0	1	0	1	0
chr5.16988000.16988500	neg	1	1	1	1	1	1	1	1	0	0	1
chr5.17056000.17056500	neg	0	1	0	0	1	0	1	0	1	0	1
chr5.17076000.17076500	neg	0	0	0	0	0	0	1	0	1	0	0
chr5.17221500.17222000	neg	1	1	0	1	1	1	1	1	1	0	1
chr5.17290000.17290500	neg	0	1	1	0	0	0	1	0	1	0	1
chr5.17445000.17445500	neg	0	1	0	1	1	0	0	1	0	1	0
chr5.17482000.17482500	neg	1	1	0	1	1	0	0	1	0	1	0
chr5.17862500.17863000	neg	1	1	0	1	1	1	1	1	1	0	0
chr5.18209000.18209500	neg	1	1	0	1	1	0	0	1	0	1	0
chr5.18949000.18949500	neg	0	1	0	1	0	1	1	1	0	0	1
chr5.19062500.19063000	neg	0	1	1	1	1	1	1	1	1	0	1
chr5.19816500.19817000	neg	0	1	1	1	1	1	1	0	1	0	1
chr5.20402000.20402500	neg	0	1	1	0	0	1	1	1	1	0	0
chr5.20467000.20467500	neg	1	1	0	1	1	0	1	0	0	1	0
chr5.20483000.20483500	neg	0	1	0	0	1	0	1	1	0	1	0
chr5.21083500.21084000	neg	0	1	1	1	1	1	1	1	1	1	1
chr5.21138500.21139000	neg	1	1	0	1	0	1	1	1	0	1	0
chr5.21800000.21800500	neg	0	0	1	0	0	1	1	0	0	0	0
chr5.21956500.21957000	neg	0	1	0	1	1	1	1	0	1	0	1
chr5.22793000.22793500	neg	0	0	0	0	0	0	1	0	1	0	0
chr5.23156000.23156500	neg	0	1	0	0	1	0	0	0	0	0	1
chr5.23289000.23289500	neg	1	1	1	1	1	0	1	1	0	1	0
chr5.23623500.23624000	neg	0	1	0	0	1	1	1	0	1	0	0
chr5.23734000.23734500	neg	1	1	0	1	1	0	0	0	0	1	0
chr5.24052000.24052500	neg	0	0	1	0	0	0	1	0	0	1	0
chr5.24126000.24126500	neg	0	0	0	0	0	0	0	1	0	1	0
chr5.24501500.24502000	neg	0	1	0	1	0	1	1	0	0	0	1
chr5.24547000.24547500	neg	1	1	0	1	1	0	0	1	0	0	0
chr5.24701500.24702000	neg	1	1	0	1	1	0	1	0	1	1	0
chr5.25261000.25261500	neg	1	1	0	1	1	0	0	1	0	1	0
chr5.25462000.25462500	neg	0	0	0	0	0	0	1	0	1	0	0
chr5.25525000.25525500	neg	0	1	1	0	1	1	1	1	1	0	1
chr5.25532500.25533000	neg	0	1	0	0	0	0	1	0	1	0	0
chr5.25538500.25539000	neg	0	1	0	1	0	0	1	1	1	1	0
chr5.25894500.25895000	neg	0	0	0	0	0	0	1	0	1	0	0
chr5.26342500.26343000	neg	0	0	1	1	0	0	1	1	1	0	1
chr5.26429500.26430000	neg	1	1	0	1	1	1	1	1	0	1	1
chr5.26450500.26451000	neg	1	1	0	1	1	0	0	1	0	1	0
chr5.26786500.26787000	neg	0	1	1	1	1	1	0	1	1	1	1
chr5.26788000.26788500	neg	0	1	1	1	1	1	0	1	1	1	1
chr6.225000.225500	neg	0	0	1	0	0	0	1	0	1	0	0
chr6.717500.718000	neg	0	1	0	0	0	0	1	0	1	0	0
chr6.889000.889500	neg	0	1	0	0	1	0	1	0	1	0	0
chr6.1027500.1028000	neg	0	0	0	0	0	0	1	0	1	0	0
chr6.1141500.1142000	neg	0	1	0	0	1	1	1	0	1	0	0
chr6.1215500.1216000	neg	0	1	1	1	1	1	1	1	1	0	1
chr6.1247000.1247500	neg	0	1	1	0	0	0	1	0	1	0	1
chr6.1810000.1810500	neg	0	1	0	0	0	0	1	1	1	0	1
chr6.2405000.2405500	neg	0	1	1	1	0	0	1	0	1	0	0
chr6.3025000.3025500	neg	0	1	0	1	1	1	1	1	1	0	1
chr6.3124500.3125000	neg	1	1	0	1	1	0	0	1	0	1	0
chr6.3215500.3216000	neg	0	1	1	1	1	1	1	1	0	0	1
chr6.3311500.3312000	neg	0	1	0	1	1	1	1	1	1	0	1
chr6.3502000.3502500	neg	0	0	0	1	0	0	1	0	0	1	0
chr6.4234000.4234500	neg	1	1	0	1	1	1	0	1	0	1	0
chr6.4242000.4242500	neg	1	1	0	1	1	1	0	1	0	1	0
chr6.4628000.4628500	neg	1	1	1	1	1	1	0	1	0	0	0
chr6.5097000.5097500	neg	0	0	1	0	0	0	1	0	1	0	0
chr6.5403500.5404000	neg	0	0	0	0	0	0	1	0	1	1	0
chr6.5810000.5810500	neg	0	1	1	1	1	1	1	1	1	1	1
chr6.6008500.6009000	neg	1	1	1	1	1	0	0	1	1	0	0
chr6.6141500.6142000	neg	0	0	0	1	0	1	1	1	1	0	0
chr6.6592000.6592500	neg	1	1	0	1	1	1	0	1	0	1	0
chr6.6816000.6816500	neg	0	0	0	0	0	0	0	0	0	0	0
chr6.6822000.6822500	neg	0	0	0	0	0	0	0	0	0	0	0
chr6.7357500.7358000	neg	0	1	0	0	0	0	1	0	1	0	0
chr6.7520500.7521000	neg	0	0	0	0	0	0	1	0	1	0	0
chr6.7858000.7858500	neg	0	1	1	0	1	1	1	0	1	0	1
chr6.7956000.7956500	neg	1	1	1	1	1	0	0	1	1	1	0
chr6.8496000.8496500	neg	0	1	0	0	0	0	1	0	1	0	0
chr6.8791000.8791500	neg	1	1	0	1	1	1	0	1	0	0	1
chr6.9720500.9721000	neg	0	0	0	0	0	0	1	0	1	0	0
chr6.9810500.9811000	neg	0	0	1	0	0	0	1	0	0	0	0
chr6.9852500.9853000	neg	0	0	0	0	0	1	1	0	1	0	0
chr6.9976000.9976500	neg	0	1	1	1	0	0	1	0	1	0	1
chr6.10098500.10099000	neg	0	1	1	1	0	0	1	1	0	0	1
chr6.10600500.10601000	neg	1	1	0	1	1	0	0	1	0	0	1
chr6.10653000.10653500	neg	1	1	1	1	1	0	0	1	0	1	0
chr6.11174500.11175000	neg	0	1	0	1	1	1	0	1	0	0	1
chr6.11586500.11587000	neg	0	1	0	0	1	1	1	1	1	0	1
chr6.12379000.12379500	neg	0	1	0	0	1	1	1	1	1	0	0
chr6.12431000.12431500	neg	1	1	1	0	1	1	0	1	0	0	1
chr6.12793000.12793500	neg	1	1	0	1	1	1	0	1	0	1	0
chr6.13062000.13062500	neg	0	1	0	1	1	1	1	0	1	1	0
chr6.13429000.13429500	neg	0	1	0	0	1	1	0	1	0	0	1
chr6.13429500.13430000	neg	0	1	0	0	1	1	0	1	0	0	1
chr6.13458500.13459000	neg	1	1	0	1	1	0	0	1	0	1	0
chr6.13459000.13459500	neg	1	1	0	0	1	0	0	1	0	1	0
chr6.13753000.13753500	neg	0	1	0	1	1	0	1	1	0	0	1
chr6.14222500.14223000	neg	0	0	1	0	0	0	1	0	0	1	0
chr6.14314000.14314500	neg	0	1	1	0	0	1	1	0	0	0	0
chr6.14533500.14534000	neg	0	1	0	1	1	1	1	1	0	0	1
chr6.14841000.14841500	neg	1	1	1	1	1	0	0	1	0	1	0
chr6.15058000.15058500	neg	0	1	0	1	1	1	1	1	1	0	1
chr6.15218000.15218500	neg	0	0	0	0	0	0	1	0	1	0	0
chr6.15245000.15245500	neg	0	1	1	1	0	1	1	0	1	0	0
chr6.15537500.15538000	neg	0	1	1	1	1	1	1	1	0	0	1
chr6.15565000.15565500	neg	1	1	0	1	1	1	1	1	1	0	1
chr6.16123500.16124000	neg	0	1	0	0	0	0	1	0	0	0	0
chr6.16170500.16171000	neg	0	1	1	0	0	0	1	0	1	1	0
chr6.16656000.16656500	neg	0	1	1	1	1	1	1	1	1	0	1
chr6.17159000.17159500	neg	0	0	1	0	0	0	1	0	1	0	0
chr6.17311000.17311500	neg	1	1	0	1	1	1	0	1	1	0	0
chr6.17645500.17646000	neg	0	1	0	1	1	0	0	1	0	1	0
chr6.18005000.18005500	neg	0	1	1	1	1	1	1	1	1	1	1
chr6.18778000.18778500	neg	0	1	0	0	0	0	0	0	0	0	0
chr6.19305500.19306000	neg	0	1	0	0	0	0	1	0	1	0	0
chr6.19406500.19407000	neg	1	1	0	1	1	1	0	1	0	1	0
chr6.19422000.19422500	neg	1	1	0	1	1	0	0	1	1	1	0
chr6.19496000.19496500	neg	1	1	0	1	1	0	0	1	0	1	0
chr6.19630000.19630500	neg	0	0	1	1	0	0	0	0	0	1	0
chr6.19639500.19640000	neg	1	1	0	1	1	0	1	1	0	1	0
chr6.19702000.19702500	neg	1	1	0	1	1	0	1	1	0	1	0
chr6.20524000.20524500	neg	1	1	0	0	1	1	0	1	0	0	0
chr6.20600500.20601000	neg	1	1	1	1	1	0	1	1	0	1	0
chr6.20621500.20622000	neg	1	1	0	1	1	0	1	1	0	1	0
chr6.20622500.20623000	neg	1	1	0	1	1	0	0	1	0	1	0
chr6.20910500.20911000	neg	0	1	1	1	1	0	1	0	1	0	1
chr6.21042500.21043000	neg	0	1	1	1	0	0	1	0	1	1	0
chr6.21127000.21127500	neg	0	1	1	1	1	1	1	1	0	0	1
chr6.21378000.21378500	neg	1	1	0	1	1	0	0	1	0	1	0
chr6.22305500.22306000	neg	0	1	0	0	0	0	1	0	1	0	0
chr6.22699000.22699500	neg	0	0	1	0	0	0	1	0	0	1	0
chr6.22860500.22861000	neg	0	0	0	0	0	0	0	0	0	0	0
chr6.23277500.23278000	neg	0	1	0	1	1	0	1	1	0	1	1
chr6.23658500.23659000	neg	0	1	0	1	1	1	1	1	1	0	1
chr6.23742500.23743000	neg	0	1	1	1	1	1	1	1	1	0	1
chr7.345000.345500	neg	0	1	0	0	1	1	1	1	1	0	1
chr7.455000.455500	neg	0	1	0	1	1	1	1	0	0	0	1
chr7.653500.654000	neg	0	1	1	0	0	0	1	1	1	0	0
chr7.695500.696000	neg	0	1	1	0	0	1	1	1	0	0	1
chr7.744500.745000	neg	0	0	1	0	0	1	1	0	1	0	1
chr7.1011000.1011500	neg	1	1	0	0	1	1	0	1	0	0	1
chr7.1876000.1876500	neg	0	1	0	1	0	1	1	1	1	0	1
chr7.2240500.2241000	neg	1	1	0	0	0	1	0	0	0	0	0
chr7.2356000.2356500	neg	0	1	1	1	1	1	1	1	1	0	0
chr7.2615500.2616000	neg	0	1	1	1	1	1	1	1	1	1	1
chr7.3111000.3111500	neg	0	0	0	0	0	0	1	0	1	0	0
chr7.3318500.3319000	neg	1	1	0	0	1	0	1	0	0	1	0
chr7.3944500.3945000	neg	1	1	0	1	1	0	1	1	0	1	0
chr7.4294000.4294500	neg	0	1	1	1	1	0	1	0	0	0	1
chr7.4808500.4809000	neg	0	0	0	0	0	0	1	0	1	0	0
chr7.4940500.4941000	neg	0	1	0	1	1	0	0	1	0	1	0
chr7.5349500.5350000	neg	0	1	1	1	1	1	1	1	0	1	0
chr7.5405000.5405500	neg	1	1	1	1	1	0	0	1	0	1	0
chr7.5664500.5665000	neg	0	0	0	0	0	0	1	0	1	0	0
chr7.5665000.5665500	neg	0	1	0	1	1	1	1	1	1	0	1
chr7.5744000.5744500	neg	1	1	0	1	1	1	0	1	0	0	1
chr7.6368500.6369000	neg	0	0	1	0	0	0	1	0	0	1	0
chr7.6500000.6500500	neg	0	1	0	1	1	1	1	1	1	1	1
chr7.6699000.6699500	neg	1	1	0	1	1	1	1	1	1	0	1
chr7.6834000.6834500	neg	0	0	1	0	0	0	1	0	1	0	0
chr7.7540500.7541000	neg	0	1	0	0	0	0	1	0	1	0	1
chr7.7977500.7978000	neg	1	1	1	1	1	1	1	1	0	1	0
chr7.9696500.9697000	neg	0	1	0	0	0	0	1	0	1	0	0
chr7.9869500.9870000	neg	1	1	0	0	1	0	0	1	0	1	0
chr7.10255500.10256000	neg	0	0	0	0	0	0	0	0	1	0	0
chr7.10800000.10800500	neg	0	1	0	1	1	1	1	0	1	0	1
chr7.10958500.10959000	neg	0	0	0	0	0	0	1	0	1	0	0
chr7.11203000.11203500	neg	0	0	1	0	0	0	1	0	1	0	0
chr7.11280000.11280500	neg	0	0	0	0	0	0	1	0	1	0	0
chr7.11352500.11353000	neg	0	1	0	1	1	1	1	1	0	0	1
chr7.11425500.11426000	neg	0	1	0	0	0	0	1	0	0	0	0
chr7.11526500.11527000	neg	0	1	0	1	1	1	1	1	1	1	1
chr7.11591000.11591500	neg	0	1	1	0	0	1	0	0	0	0	0
chr7.11885000.11885500	neg	0	1	0	1	1	0	1	0	1	0	1
chr7.12195000.12195500	neg	1	1	0	1	1	1	1	1	1	0	0
chr7.12211500.12212000	neg	0	1	1	1	1	1	1	1	1	0	0
chr7.12514500.12515000	neg	0	0	0	0	0	0	1	0	1	0	0
chr7.12762000.12762500	neg	1	1	0	1	1	1	0	1	0	0	1
chr7.12848000.12848500	neg	0	0	0	0	1	1	1	1	1	0	1
chr7.13187500.13188000	neg	0	0	1	0	0	0	1	0	1	0	0
chr7.13188000.13188500	neg	0	0	0	0	0	0	1	0	1	0	0
chr7.13569000.13569500	neg	1	1	0	0	1	1	0	1	0	0	1
chr7.13612000.13612500	neg	0	0	0	0	0	0	1	0	1	0	0
chr7.14401000.14401500	neg	1	1	1	1	1	0	0	1	0	1	0
chr7.14476500.14477000	neg	0	1	0	0	0	0	1	1	1	1	0
chr7.15178000.15178500	neg	0	0	0	1	0	0	1	0	1	0	1
chr7.15583000.15583500	neg	0	1	1	0	1	0	1	1	1	0	1
chr7.16386000.16386500	neg	0	0	0	0	0	0	1	0	1	0	0
chr7.16389000.16389500	neg	0	1	1	1	1	1	1	1	0	0	1
chr7.16505000.16505500	neg	1	1	0	1	1	0	0	1	0	1	0
chr7.16621500.16622000	neg	0	1	1	0	1	1	1	0	0	1	0
chr7.16643000.16643500	neg	1	1	0	1	1	0	0	1	0	1	0
chr7.16704500.16705000	neg	0	1	0	1	1	1	1	1	1	0	1
chr7.16925500.16926000	neg	1	1	0	1	1	0	0	1	0	0	0
chr7.17278000.17278500	neg	0	1	1	1	0	0	1	1	0	0	1
chr7.17387000.17387500	neg	0	1	0	1	1	0	1	1	0	1	0
chr7.17598000.17598500	neg	0	1	0	1	1	1	1	1	1	0	1
chr7.17805000.17805500	neg	0	1	1	1	0	0	1	0	1	1	0
chr7.18674000.18674500	neg	0	1	0	1	1	1	1	1	0	0	1
chr7.19048500.19049000	neg	0	1	0	1	1	0	1	1	1	0	1
chr7.19419000.19419500	neg	0	0	1	0	0	0	1	0	0	0	0
chr7.19590000.19590500	neg	0	0	1	1	0	1	0	1	0	0	1
chr7.19839500.19840000	neg	1	1	0	1	1	0	1	1	0	1	0
chr7.20334500.20335000	neg	0	1	0	1	1	1	1	1	1	0	1
chr7.20385500.20386000	neg	0	0	0	0	0	0	1	0	1	0	0
chr7.21361500.21362000	neg	0	1	0	0	0	0	1	0	1	1	0
chr7.21377000.21377500	neg	0	0	0	0	0	0	1	0	1	0	0
chr8.168000.168500	neg	0	1	1	1	1	1	1	1	1	0	1
chr8.359500.360000	neg	1	1	1	1	1	1	0	1	1	0	0
chr8.738000.738500	neg	0	0	0	0	0	0	1	0	1	0	0
chr8.827000.827500	neg	1	1	0	1	1	1	1	1	1	0	1
chr8.1006000.1006500	neg	0	1	0	1	1	1	1	1	1	0	0
chr8.1090000.1090500	neg	0	1	0	0	1	1	1	0	0	0	1
chr8.1102000.1102500	neg	0	0	0	0	0	0	1	0	1	0	0
chr8.1313000.1313500	neg	0	0	1	0	0	1	1	0	1	0	0
chr8.1686500.1687000	neg	0	1	1	1	1	1	1	1	1	0	1
chr8.1781500.1782000	neg	0	1	1	1	1	1	1	0	1	0	0
chr8.2172500.2173000	neg	1	1	0	1	1	1	0	1	1	0	0
chr8.2214500.2215000	neg	1	1	0	0	1	1	0	0	0	1	0
chr8.2757500.2758000	neg	0	1	1	1	1	0	0	1	0	1	0
chr8.2906000.2906500	neg	1	1	1	1	1	0	1	1	1	1	0
chr8.3413000.3413500	neg	0	0	0	0	0	0	1	0	1	0	1
chr8.3547500.3548000	neg	0	0	1	0	0	0	1	0	1	1	0
chr8.3555000.3555500	neg	1	1	0	1	1	1	0	1	0	1	0
chr8.4268500.4269000	neg	0	0	0	0	0	0	1	0	1	0	0
chr8.5122500.5123000	neg	1	1	1	1	1	1	0	1	0	0	0
chr8.5130500.5131000	neg	1	1	0	1	1	1	0	1	0	1	0
chr8.5231000.5231500	neg	1	1	1	0	1	0	0	0	0	1	0
chr8.6015000.6015500	neg	1	1	0	1	1	0	1	1	0	1	0
chr8.6050500.6051000	neg	1	1	0	1	1	0	0	1	0	1	0
chr8.6481000.6481500	neg	1	1	1	1	1	0	1	1	1	0	1
chr8.6558500.6559000	neg	0	0	0	0	0	1	1	0	1	0	0
chr8.6580500.6581000	neg	1	1	1	1	1	1	1	1	1	0	1
chr8.7210500.7211000	neg	0	1	1	0	0	0	1	1	1	0	0
chr8.7293000.7293500	neg	0	1	1	0	0	0	1	1	1	0	0
chr8.7311500.7312000	neg	0	0	0	0	0	0	1	0	1	0	0
chr8.7740500.7741000	neg	0	1	0	1	0	0	1	0	1	0	0
chr8.7813500.7814000	neg	0	0	0	0	0	0	1	0	1	0	0
chr8.8590500.8591000	neg	1	1	1	1	1	1	1	1	1	1	0
chr8.8924500.8925000	neg	0	1	1	1	1	1	1	1	1	1	1
chr8.9432500.9433000	neg	0	0	0	0	0	0	1	0	1	0	0
chr8.9447000.9447500	neg	0	0	0	0	0	0	1	0	1	0	0
chr8.9763000.9763500	neg	0	1	1	1	0	1	1	1	1	0	1
chr8.9943500.9944000	neg	0	1	1	1	0	0	1	1	1	0	0
chr8.10043500.10044000	neg	1	1	1	1	1	0	0	1	1	1	0
chr8.10373000.10373500	neg	0	1	1	0	1	1	1	0	1	0	1
chr8.10712000.10712500	neg	1	1	0	1	1	0	0	1	0	0	1
chr8.11322500.11323000	neg	1	1	0	1	1	0	0	1	0	1	0
chr8.11355000.11355500	neg	1	1	0	1	1	0	0	1	0	1	0
chr8.11387000.11387500	neg	1	1	0	0	1	0	0	0	0	1	0
chr8.11682500.11683000	neg	1	1	0	1	1	0	0	1	1	0	0
chr8.11774000.11774500	neg	1	1	0	0	1	1	0	0	0	0	0
chr8.12099000.12099500	neg	0	1	0	0	0	1	1	0	0	0	0
chr8.12100000.12100500	neg	0	1	0	0	0	0	1	0	0	0	0
chr8.12445500.12446000	neg	1	1	0	1	1	0	0	1	0	1	0
chr8.12512000.12512500	neg	1	1	0	0	0	0	0	1	0	0	0
chr8.13666500.13667000	neg	0	1	0	0	0	0	1	0	1	1	0
chr8.13676000.13676500	neg	1	1	0	1	1	1	1	0	0	1	0
chr8.13949500.13950000	neg	0	0	1	1	1	1	0	1	0	0	1
chr8.14393500.14394000	neg	0	0	0	0	0	0	0	0	0	0	0
chr8.14878000.14878500	neg	1	1	0	1	1	0	0	1	0	1	0
chr8.14994000.14994500	neg	0	1	0	0	1	0	1	0	1	0	0
chr8.15690500.15691000	neg	1	1	0	1	1	0	0	1	0	1	0
chr8.15876000.15876500	neg	0	1	1	1	1	1	1	1	1	0	1
chr8.16245000.16245500	neg	0	0	0	0	0	0	0	0	0	0	0
chr8.16356500.16357000	neg	0	0	0	0	0	1	0	0	0	0	0
chr8.16742000.16742500	neg	0	1	1	1	1	0	0	1	0	0	1
chr8.16818000.16818500	neg	0	0	0	0	0	1	0	0	0	0	0
chr8.16860500.16861000	neg	0	0	0	0	0	0	0	0	0	0	0
chr8.17110500.17111000	neg	0	0	1	0	0	1	1	0	0	1	0
chr8.17343500.17344000	neg	0	1	0	1	0	0	1	1	0	1	0
chr8.17654500.17655000	neg	1	1	0	1	1	0	0	1	0	1	0
chr8.17698000.17698500	neg	0	1	1	0	0	0	1	0	1	0	0
chr8.17699000.17699500	neg	0	1	1	0	1	1	1	1	1	0	1
chr8.17764500.17765000	neg	0	0	0	0	0	0	1	0	1	0	0
chr8.17924500.17925000	neg	0	1	0	0	0	1	0	1	0	1	0
chr8.18279500.18280000	neg	1	1	1	0	1	0	1	0	0	1	0
chr8.18385000.18385500	neg	0	1	1	0	0	0	1	0	1	0	1
chr8.18592000.18592500	neg	0	1	0	1	1	0	1	1	0	1	1
chr8.18884000.18884500	neg	0	1	0	0	0	0	1	0	1	0	1
chr8.18965500.18966000	neg	0	0	0	0	1	1	1	0	0	0	1
chr8.19079000.19079500	neg	1	1	0	1	1	0	0	1	0	1	0
chr8.19230500.19231000	neg	1	1	1	1	1	0	0	0	0	1	0
chr8.19435500.19436000	neg	0	1	0	1	1	1	1	0	0	0	1
chr8.19458000.19458500	neg	1	1	1	1	1	0	0	1	0	0	1
chr8.20017000.20017500	neg	0	1	0	1	0	1	1	0	1	0	0
chr8.20408500.20409000	neg	0	1	0	1	0	0	1	0	0	1	0
chr8.20709500.20710000	neg	0	1	0	0	1	1	1	1	1	1	1
chr8.20793000.20793500	neg	0	1	0	1	1	0	1	1	0	1	0
chr8.20796500.20797000	neg	1	1	0	0	0	0	0	0	0	1	0
chr8.20817000.20817500	neg	1	1	0	1	1	0	0	0	0	1	0
chr8.20829000.20829500	neg	0	0	0	0	0	0	1	0	0	1	0
chr8.21233000.21233500	neg	0	0	1	0	0	0	1	0	1	0	0
chrU.1494000.1494500	neg	0	0	0	0	0	0	0	0	0	0	0
chrU.1526500.1527000	neg	0	0	0	0	0	0	0	0	0	0	0
chrU.1774500.1775000	neg	0	0	0	0	0	0	0	0	0	0	0
chrU.2156000.2156500	neg	0	0	0	0	0	0	0	0	0	0	0
chrU.2407000.2407500	neg	0	0	0	0	0	0	0	0	0	0	0
chrU.3010500.3011000	neg	0	0	0	0	0	0	0	0	0	0	0
chrU.3842500.3843000	neg	0	0	0	0	0	0	0	0	0	0	0
chrU.3944000.3944500	neg	0	0	0	0	0	0	0	0	0	0	0
chrV.1867500.1868000	neg	0	0	0	0	0	0	1	0	1	1	0
chrV.2149500.2150000	neg	0	0	0	0	0	0	1	0	1	0	0
chrV.4039500.4040000	neg	0	0	0	0	0	0	1	1	1	0	1
chrV.4101500.4102000	neg	0	0	0	0	0	0	1	0	1	0	0
chrV.4281000.4281500	neg	0	1	0	0	0	0	1	0	1	0	1
chrV.7168000.7168500	neg	0	0	0	0	0	0	0	0	0	0	0
chrV.7222500.7223000	neg	0	0	0	0	0	0	0	0	0	0	0
unplaced-scaffold_032.4000.4500	neg	0	0	0	0	0	0	0	0	0	0	0
unplaced-scaffold_056.4000.4500	neg	0	1	0	1	1	0	0	0	0	1	0
unplaced-scaffold_078.37500.38000	neg	1	1	1	1	1	1	1	1	0	1	1
unplaced-scaffold_078.54500.55000	neg	1	1	1	1	1	1	0	1	0	1	1
unplaced-scaffold_126.5500.6000	neg	0	0	0	0	0	0	0	0	0	0	0
unplaced-scaffold_198.7500.8000	neg	0	0	0	0	0	0	0	0	0	0	0
unplaced-scaffold_216.7000.7500	neg	0	0	0	0	0	0	0	0	0	0	0
unplaced-scaffold_216.12500.13000	neg	0	0	0	0	0	0	0	0	0	0	0
unplaced-scaffold_270.7000.7500	neg	0	0	0	0	0	0	0	0	0	0	0
unplaced-scaffold_282.7500.8000	neg	0	0	0	0	0	0	0	0	0	0	0
unplaced-scaffold_291.5500.6000	neg	0	0	0	0	0	0	0	0	0	0	0
unplaced-scaffold_297.3000.3500	neg	0	0	0	0	0	0	0	0	0	0	0
unplaced-scaffold_308.6500.7000	neg	0	0	0	0	0	0	0	0	0	0	0
unplaced-scaffold_399.2000.2500	neg	0	0	0	0	0	0	0	0	0	0	0
unplaced-scaffold_403.2000.2500	neg	0	0	0	0	0	0	0	0	0	0	0
unplaced-scaffold_405.7500.8000	neg	0	0	0	0	0	0	0	0	0	0	0
