TF1	TF2	TF1_TF2_count	TF1_count	TF2_count	cosine	zscore
C3_C2H2_40	C3_Homeobox_14	58	97	75	0.6800040428422371	3.1485406430804077
C3_ABI3VP1_7	C3_C2H2_40	64	92	97	0.6774857942013902	2.745720265036597
C3_C2H2_16	C3_C2H2_40	62	93	97	0.6527762545374736	2.514958053739041
C3_AP2EREBP_62	C3_ARF_6	21	24	50	0.606217782649107	6.429480331894432
C3_ABI3VP1_7	C3_C2H2_16	56	92	93	0.6054142500901749	1.7900110941145297
C3_ARF_6	C3_Trihelix_1	21	50	25	0.5939696961966999	3.480114448090076
C3_ARF_6	C3_WRKY_8	21	50	25	0.5939696961966999	5.427204202399744
C3_C2H2_40	C3_NLP_18	52	97	80	0.5902995919424496	1.933235042686698
C3_C2H2_16	C3_Homeobox_14	49	93	75	0.5867106532874647	1.9778810723547102
C3_C2H2_40	C3_Trihelix_49	48	97	70	0.5825139767739194	1.9139226773464626
C3_Homeobox_14	C3_NLP_18	44	75	80	0.5680375574437545	2.5577383227893264
C3_ABI3VP1_7	C3_Homeobox_14	45	92	75	0.5417363388859615	2.068295059973991
C3_NLP_20	C3_bZIP_51	47	84	91	0.5375730877742211	1.5650160901149992
C3_C2C2YABBY_21	C3_C2H2_40	36	47	97	0.5331724550806867	2.396685081290821
C3_C2H2_16	C3_NLP_18	44	93	80	0.5101127853361851	1.2727821067344212
C3_Trihelix_49	C3_bZIP_51	40	70	91	0.5011760110325881	1.3985335722259598
C3_Homeobox_14	C3_Trihelix_49	36	75	70	0.49684720272649513	1.9739902023981248
C3_ABI3VP1_7	C3_NLP_18	42	92	80	0.48956502432616467	0.7562449037944327
C3_ABI3VP1_7	C3_C2C2YABBY_21	32	92	47	0.4866392517379788	2.333096278234344
C3_NLP_18	C3_Trihelix_49	36	80	70	0.4810702354423639	1.3951215220800923
C3_Trihelix_1	C3_WRKY_8	12	25	25	0.48	5.185449728701348
C3_C2C2YABBY_21	C3_Homeobox_14	28	47	75	0.4716050757972507	3.0401472179626343
C2_HSF_1	C3_G2like_3	16	35	33	0.4707919090691997	5.396636308634862
C3_C2C2YABBY_19	C3_C2H2_40	29	40	97	0.4655669418242533	1.6387882536166545
C3_C2H2_40	C3_NLP_20	42	97	84	0.46529006583079413	0.07626062082163362
C3_C2H2_40	C3_Trihelix_34	36	97	62	0.46421673091605364	1.2027624067010316
C3_NLP_20	C3_WRKY_8	21	84	25	0.45825756949558405	3.224903099319419
C2_C2C2gata_15	C3_NLP_18	35	73	80	0.4579959322664369	0.7023449528373875
C3_NLP_18	C3_bZIP_51	39	80	91	0.457087050165033	0.42166097810197106
C2_C2C2gata_15	C3_bZIP_51	37	73	91	0.4539621015494944	0.48052267112248476
C3_Trihelix_34	C3_bZIP_51	34	62	91	0.4526498451465958	0.7739400026435895
C3_Homeobox_14	C3_NLP_12	27	75	48	0.44999999999999996	2.4884439026852663
C3_AP2EREBP_62	C3_Trihelix_1	11	24	25	0.4490731195102493	5.475109475371647
C3_AP2EREBP_62	C3_WRKY_8	11	24	25	0.4490731195102493	4.527090936226073
C3_C2H2_16	C3_Trihelix_49	36	93	70	0.44618195953425205	0.841435139133246
C3_C2H2_40	C3_Trihelix_33	37	97	71	0.4458478560342771	0.5795226031999741
C3_NLP_18	C3_Trihelix_34	31	80	62	0.44017042154147523	1.271581387457901
C3_ABI3VP1_7	C3_Trihelix_34	33	92	62	0.4369423915992102	1.0074468992572652
C3_NLP_20	C3_Trihelix_1	20	84	25	0.43643578047198484	2.4630604269214893
C3_NLP_12	C3_Trihelix_49	25	48	70	0.4312909745889714	1.7929440737150315
C3_C2H2_16	C3_NLP_20	38	93	84	0.42993468109134947	-0.22190020431209678
C3_C2H2_40	C4_C2C2gata_5	31	97	54	0.42833044734966713	0.7054997976392405
C3_Homeobox_14	C3_Trihelix_34	29	75	62	0.4252766335619246	1.2623546356420945
C3_C2H2_16	C3_bZIP_51	39	93	91	0.4239380878196101	-0.3348285098004038
C3_ABI3VP1_7	C3_Trihelix_49	34	92	70	0.4236780683373428	0.4385382501758742
C3_AP2EREBP_62	C3_NLP_20	19	24	84	0.4231636330280053	2.7679315567802685
C3_C2H2_40	C3_C2H2_40	41	97	97	0.422680412371134	3.036643805798265
C3_ABI3VP1_7	C3_Trihelix_33	34	92	71	0.42068383952235733	0.2972343712407153
C3_C2C2YABBY_19	C3_Homeobox_14	23	40	75	0.41992062742062736	1.8880978541648668
C2_C2C2gata_15	C3_Trihelix_49	30	73	70	0.4196727827943996	0.6362292110249078
C2_bZIP_3-C3_bZIP_6-C4_bZIP_1	C4_C2C2gata_5	16	27	54	0.41902624070313926	2.751788340238218
C3_C2H2_16	C3_Trihelix_33	34	93	71	0.41841598559129417	0.26953553520550316
C3_C2H2_26	C3_Homeobox_14	14	15	75	0.41739935579996074	3.178324339772116
C3_NLP_20	C3_Trihelix_33	32	84	71	0.4143631833949365	0.4692009737318377
C2_G2like_49	C2_HSF_1	6	6	35	0.4140393356054125	5.0990195135927845
C2_C2C2gata_15	C3_C2H2_16	34	73	93	0.4126444541899506	0.04538123068202289
C3_NLP_18	C3_Trihelix_33	31	80	71	0.41132729163656334	0.6114848218137029
C3_ABI3VP1_7	C3_NLP_20	36	92	84	0.4095141796739611	-0.3422173188873229
C3_C2C2YABBY_21	C3_HSF_30	14	47	25	0.4084219761941048	3.3345360800463486
C2_GeBP_2	C3_G2like_3	11	22	33	0.408248290463863	3.430039829631866
C3_C2C2YABBY_21	C3_NLP_18	25	47	80	0.4077050456584014	1.4650160094094233
C3_C2H2_40	C3_HSF_30	20	97	25	0.40613846605344767	2.3895705846585096
C3_C2H2_40	C3_bZIP_51	38	97	91	0.4044613557946623	-0.6099481545980091
C3_NLP_18	C3_NLP_20	33	80	84	0.40255878009126994	-0.1277300801306732
C1_C3H_3	C3_ABI3VP1_7	20	27	92	0.4012861769525641	2.022535922566928
C3_NLP_20	C4_C2C2gata_5	27	84	54	0.4008918628686366	0.9241531174506568
C3_WRKY_8	C3_bZIP_51	19	25	91	0.39834823795432894	2.6205411266169523
C3_ABI3VP1_7	C3_C2C2YABBY_19	24	92	40	0.3956282840374722	1.2160315646425872
C3_C2H2_16	C3_Trihelix_34	30	93	62	0.39507899077148034	0.3515543108195649
C3_C2H2_16	C3_HSF_30	19	93	25	0.39404164399756164	1.5844356827077495
C3_NLP_12	C3_NLP_20	25	48	84	0.3937129927179451	0.8778166825607461
C2_C2C2gata_15	C3_C2H2_26	13	73	15	0.3928586253900746	2.752406949257481
C3_HSF_30	C3_NLP_18	17	25	80	0.38013155617496425	2.4050285321516554
C2_C2C2gata_15	C3_Homeobox_14	28	73	75	0.37841293190371217	0.32795064660032236
C3_NLP_20	C3_Trihelix_49	29	84	70	0.37818938494404325	-0.06933706282433946
C3_C2C2YABBY_21	C3_C2H2_16	25	47	93	0.3781373753389521	0.7329199166676964
C3_Homeobox_14	C3_NLP_20	30	75	84	0.37796447300922725	-0.17272647967822255
C3_Trihelix_1	C3_bZIP_51	18	25	91	0.37738254121989057	1.1929006011951044
C3_NLP_20	C3_Trihelix_34	27	84	62	0.3741349469447429	0.25098562392275314
C1_C3H_3	C3_C2H2_40	19	27	97	0.37126657511501454	1.3417387157185503
C2_C2C2gata_15	C3_C2H2_40	31	73	97	0.3683955679021349	-0.8637922508715185
C3_C2C2gata_7	C3_Trihelix_49	13	18	70	0.3662335103823572	2.3774805919040087
C3_C2C2YABBY_21	C3_Trihelix_49	21	47	70	0.3661182229710635	1.153245338634899
C3_ABI3VP1_7	C3_HSF_27	28	92	64	0.3649002245998808	-0.21704420554768933
C3_Trihelix_34	C3_Trihelix_49	24	62	70	0.3643060444313498	0.8168238921765629
C3_AP2EREBP_62	C3_bZIP_51	17	24	91	0.36376641863427595	1.5518456656148711
C3_Homeobox_14	C3_bZIP_51	30	75	91	0.3631365196012815	-0.43733747099246273
C3_NLP_20	C4_C3H_9	12	84	13	0.3631365196012815	2.1412834886521903
C3_NLP_12	C3_bZIP_51	24	48	91	0.3631365196012814	0.40689422938557973
C3_C2H2_16	C3_HSF_27	28	93	64	0.36293309315564887	-0.21349325361258856
C3_Trihelix_33	C3_bZIP_51	29	71	91	0.3607847128674502	-0.15784648973111026
C3_C2C2YABBY_19	C3_Trihelix_49	19	40	70	0.3590662493587659	1.2100168448533928
C3_LOBAS2_5	C3_bZIP_51	16	22	91	0.35759212501413934	1.9124901970613195
C3_ABI3VP1_7	C3_ARF_6	24	92	50	0.35386069477175314	0.05905099943842186
C3_C2C2YABBY_19	C3_NLP_18	20	40	80	0.3535533905932738	1.0602681332627215
C3_HSF_10	C3_HSF_27	16	32	64	0.3535533905932738	1.3395298667191708
C4_BZR_7	C4_NAC_67	3	6	12	0.35355339059327373	4.278659917902953
C3_C2H2_16	C3_Trihelix_1	17	93	25	0.3525635762083446	1.3301409394088322
C3_C2H2_16	C3_WRKY_8	17	93	25	0.3525635762083446	1.2643632224706525
C3_C2H2_40	C3_NLP_12	24	97	48	0.35172622905632944	0.20454174981025033
C2_C2C2gata_15	C3_C2C2YABBY_19	19	73	40	0.3516107748438625	0.7789654624342405
C2_G2like_49	C2_GeBP_2	4	6	22	0.34815531191139565	5.286527066142062
C2_C2C2gata_15	C3_NLP_20	27	73	84	0.3447963748611879	-0.5506994319944761
C2_C2C2gata_15	C3_C2C2YABBY_21	20	73	47	0.34144411881334824	0.5907225148390071
C3_ARF_6	C3_Trihelix_34	19	50	62	0.3412500738508723	0.6354927596650759
C3_ABI3VP1_7	C4_C2C2gata_5	24	92	54	0.34050261230349943	-0.1230323265966889
C3_ABI3VP1_7	C3_bZIP_51	31	92	91	0.33880287266568	-1.3820450773893758
C3_G2like_3	C3_HSF_10	11	33	32	0.33850160019316494	1.959794687148379
C3_ARF_6	C3_C2H2_16	23	50	93	0.3372883645491126	-0.19048818935430742
C3_AP2EREBP_62	C3_Trihelix_34	13	24	62	0.33700930078738817	1.8180071268068871
C4_C2C2gata_5	C4_ND_3	14	54	32	0.33678765702728175	1.8875024919051433
C3_C2C2gata_17	C3_bZIP_51	17	28	91	0.3367822619938891	1.327451503336509
C1_C3H_3	C3_NLP_20	16	27	84	0.33596842045264647	1.3931955314383822
C3_HSF_30	C3_Trihelix_33	14	25	71	0.3322988642942789	1.5891866600580085
C3_ARF_6	C3_NLP_18	21	50	80	0.3320391543176798	0.12077545233427148
C3_C2C2YABBY_19	C3_bZIP_51	20	40	91	0.33149677206589795	0.21836235757405154
C2_C2C2gata_15	C3_HSF_10	16	73	32	0.3310423554409472	1.0526315789473684
C3_Trihelix_1	C3_Trihelix_34	13	25	62	0.3302003302004953	1.6287054188555299
C3_Trihelix_34	C3_WRKY_8	13	62	25	0.3302003302004953	1.6020210092266898
C3_C2H2_40	C3_HSF_27	26	97	64	0.32998750366842616	-0.7215685393812518
C3_NLP_12	C3_Trihelix_34	18	48	62	0.32995600879804493	0.9810449977797384
C3_C2C2gata_17	C3_NLP_20	16	28	84	0.329914439536929	1.2899332118538347
C3_NLP_20	C4_ND_3	17	84	32	0.3278946186694453	0.6435677948116222
C2_C2C2gata_15	C3_HSF_30	14	73	25	0.3277152121491656	1.3599291889627074
C3_ARF_6	C3_Homeobox_14	20	50	75	0.3265986323710905	0.32970974004151005
C3_NLP_12	C3_Trihelix_33	19	48	71	0.32546463716807755	0.6812016192620919
C3_HSF_27	C3_HSF_30	13	64	25	0.32499999999999996	1.103528078199871
C3_C2H2_40	C3_Trihelix_1	16	97	25	0.3249107728427581	0.7659504840884936
C3_C2H2_40	C3_WRKY_8	16	97	25	0.3249107728427581	0.805146902805513
C3_ARF_6	C3_Trihelix_49	19	50	70	0.3211586167968363	0.41432128275119984
C3_HSF_30	C3_NLP_12	11	25	48	0.31754264805429416	2.04
C3_AP2EREBP_62	C3_C2H2_16	15	24	93	0.31750031750047625	1.2862774505964347
C3_ABI3VP1_7	C3_NLP_12	21	92	48	0.31601286435014414	0.10867853340033301
C4_C2C2gata_5	C4_C2C2gata_5	17	54	54	0.3148148148148148	3.239346130114397
C3_ABI3VP1_7	C3_HSF_30	15	92	25	0.31277162108561213	1.2515782923767511
C3_AP2EREBP_62	C3_C2H2_40	15	24	97	0.31088500210862935	0.786662176812121
C1_EIL_2-C4_EIL_6-C5_EIL_7	C3_Homeobox_14	6	5	75	0.3098386676965934	2.4433888871261042
C3_Trihelix_33	C4_C2C2gata_5	19	71	54	0.3068510026372892	0.09353308387393261
C3_NLP_12	C3_NLP_18	19	48	80	0.3066111815747538	0.25724378713548446
C3_HSF_10	C5_bHLH_6	3	32	3	0.3061862178478973	3.9196474795109273
C2_C2C2gata_15	C3_G2like_3	15	73	33	0.30561372831402306	0.9115242362064486
C2_C2C2gata_15	C3_ABI3VP1_7	25	73	92	0.3050595778521126	-1.2196434597644092
C3_C2H2_16	C3_HSF_28	16	93	30	0.3029129782651012	0.21469458032231864
C3_C2H2_40	C4_CCAATHAP3_1	13	97	19	0.3028173012888267	1.0813431795620334
C3_LOBAS2_5	C3_NLP_20	13	22	84	0.302407368379503	1.3248650584171153
C3_ARF_6	C3_Trihelix_33	18	50	71	0.30210528898680805	-0.08044234082690313
C3_Trihelix_49	C4_CCAATHAP3_1	11	70	19	0.301624673408895	2.013258803327161
C3_ARF_6	C3_C2H2_40	21	50	97	0.30154242661944997	-0.5862839018422064
C3_C2C2gata_7	C3_Homeobox_14	11	18	75	0.29938207967349956	2.272029368745051
C1_C3H_3	C3_C2H2_16	15	27	93	0.2993421700446248	0.6665068720352078
C3_C2C2gata_7	C3_Trihelix_34	10	18	62	0.2993421700446248	2.454559789497495
C3_Homeobox_14	C4_C2C2gata_5	19	75	54	0.29855619650098675	-0.20096696776453518
C2_C2C2gata_15	C3_Trihelix_34	20	73	62	0.29728481116313143	-0.18795585308684878
C2_C2C2gata_15	C2_HSF_1	15	73	35	0.296753470593349	0.8776309198466414
C3_C2C2gata_17	C3_NLP_18	14	28	80	0.2958039891549808	0.9484060268775448
C3_C2C2YABBY_19	C3_C2H2_16	18	40	93	0.2951216261027788	-0.008414361096995334
C3_C2H2_26	C3_Trihelix_34	9	15	62	0.2951216261027788	1.8646285781934202
C3_NLP_12	C4_C2C2gata_5	15	48	54	0.2946278254943948	0.8003267306650415
C1_Homeobox_9	C4_C3H_9	3	8	13	0.29417420270727607	3.00964632714423
C3_C2C2gata_17	C3_C2H2_16	15	28	93	0.2939481756261077	0.400443179921815
C3_HSF_27	C3_NLP_18	21	64	80	0.29348392204684737	-0.7218016983938059
C3_Homeobox_14	C3_Homeobox_14	22	75	75	0.29333333333333333	2.4311755438757734
C3_ABI3VP1_7	C3_Trihelix_1	14	92	25	0.29192017967990463	0.9759691764394282
C3_ABI3VP1_7	C3_WRKY_8	14	92	25	0.29192017967990463	0.7811576444185095
C1_Trihelix_6	C3_bZIP_51	10	13	91	0.29074190231479025	1.7033249218730067
C1_C3H_3	C3_HSF_27	12	27	64	0.2886751345948129	1.5335744069581527
C1_Homeobox_9	C4_C2C2gata_5	6	8	54	0.2886751345948129	2.286916991856375
C3_C2H2_26	C3_NLP_18	10	15	80	0.2886751345948129	1.5774574774057328
C1_AP2EREBP_37	C5_bHLH_6	1	4	3	0.28867513459481287	3.3911649915626327
C3_Trihelix_33	C3_Trihelix_34	19	71	62	0.2863707004930205	-0.4573913133354755
C1_Homeobox_9	C3_Homeobox_14	7	8	75	0.28577380332470415	1.8009932433652411
C3_C2C2YABBY_19	C3_HSF_30	9	40	25	0.2846049894151541	1.4217609971694627
C3_C2H2_16	C3_NLP_12	19	93	48	0.28437506154239356	-0.39288782950683887
C1_EIL_2-C4_EIL_6-C5_EIL_7	C3_Trihelix_34	5	5	62	0.2839809171235324	2.757223422169001
C1_Trihelix_6	C3_AP2EREBP_62	5	13	24	0.28306925853614895	3.468909530866052
C1_WRKY_7	C3_Homeobox_14	6	6	75	0.28284271247461906	2.3940449598292095
C3_ARF_6	C3_HSF_30	10	50	25	0.282842712474619	1.3741455025101839
C3_C2H2_16	C4_C2C2gata_5	20	93	54	0.2822225044448678	-0.8842776162805813
C3_ARF_6	C3_bZIP_51	19	50	91	0.2816747403312185	-0.7701829006346674
C3_ARF_6	C3_NLP_20	18	50	84	0.27774602993176545	-0.8598671607846955
C3_C2H2_26	C3_Trihelix_49	9	15	70	0.27774602993176545	1.3690933610645362
C1_Trihelix_6	C2_HSF_30	4	13	16	0.2773500981126146	2.710627390485642
C1_Trihelix_6	C3_Trihelix_1	5	13	25	0.2773500981126146	2.0507378200221025
C1_Trihelix_6	C3_WRKY_8	5	13	25	0.2773500981126146	2.483063651125642
C3_LOBAS2_5	C3_NLP_12	9	22	48	0.27695585470349865	1.4343296964119676
C1_Homeobox_9	C3_NLP_18	7	8	80	0.27669929526473314	1.8065760395423374
C3_ABI3VP1_7	C3_AP2EREBP_62	13	92	24	0.27665837249659325	0.7568809751986518
C3_Trihelix_49	C4_C2C2gata_5	17	70	54	0.2765050206687511	-0.31447291045420833
C3_ABI3VP1_7	C3_HSF_10	15	92	32	0.2764536677904321	0.15853162186855693
C3_C2C2YABBY_21	C3_C2C2gata_17	10	47	28	0.27565892320998564	1.1892491032657762
C3_C2C2YABBY_21	C3_bZIP_51	18	47	91	0.2752345058324659	-0.38176538607322985
C3_G2like_3	C3_NLP_18	14	33	80	0.27247463045653303	0.4050877142398126
C3_ABI3VP1_7	C3_ABI3VP1_7	25	92	92	0.2717391304347826	0.8885302674314203
C3_ARF_6	C3_LOBAS2_5	9	50	22	0.2713602101199873	1.363736997293092
C3_C2C2gata_17	C3_Trihelix_49	12	28	70	0.27105237087157535	0.7370608721839088
C3_C2C2YABBY_21	C3_NLP_20	17	47	84	0.2705579809836729	-0.5687510067210452
C3_Trihelix_33	C3_Trihelix_49	19	71	70	0.26951032427225496	-0.7161851468303424
C1_C3H_3	C3_HSF_30	7	27	25	0.26943012562182533	2.012478072817569
C3_C2H2_40	C3_HSF_10	15	97	32	0.2692343094816518	-0.08436490812191962
C3_C2H2_40	C4_ND_3	15	97	32	0.2692343094816518	-0.1616739067182424
C1_EIL_2-C4_EIL_6-C5_EIL_7	C3_Trihelix_49	5	5	70	0.2672612419124244	2.605000814035042
C1_Homeobox_4	C1_Homeobox_9	2	7	8	0.2672612419124244	3.0087476494168177
C3_ABI3VP1_7	C3_HSF_28	14	92	30	0.26648544566940835	0.0
C3_HSF_28	C3_NLP_18	13	30	80	0.2653613888015109	0.175063998971002
C3_AP2EREBP_62	C3_NLP_12	9	24	48	0.2651650429449553	1.2065408837801872
C3_ARF_6	C3_HSF_27	15	50	64	0.2651650429449553	-0.45324710388668094
C3_Homeobox_14	C4_CCAATHAP3_1	10	75	19	0.26490647141300877	1.432003111516314
C3_bZIP_51	C3_bZIP_51	24	91	91	0.26373626373626374	0.6712978575618452
C3_C2H2_26	C3_C2H2_40	10	15	97	0.26216125254653816	1.2784444499536778
C2_HSF_30	C3_G2like_3	6	16	33	0.26111648393354675	2.38160150391972
C3_G2like_3	C3_HSF_27	12	33	64	0.26111648393354675	0.6273756298371922
C3_Homeobox_14	C3_Trihelix_33	19	75	71	0.26037170973446205	-1.2011691344882078
C3_HSF_27	C3_Homeobox_14	18	64	75	0.2598076211353316	-0.9436829910847165
C3_NLP_12	C3_Trihelix_1	9	48	25	0.25980762113533157	1.4340068162305255
C3_NLP_12	C3_WRKY_8	9	48	25	0.25980762113533157	1.151766097705618
C3_HSF_27	C3_NLP_20	19	64	84	0.25913374465524097	-1.2733394617854985
C3_C2C2YABBY_19	C3_NLP_20	15	40	84	0.25877458475338283	-0.38945678888745777
C3_Trihelix_49	C3_Trihelix_49	18	70	70	0.2571428571428572	1.4552712655927331
C3_HSF_28	C3_HSF_30	7	30	25	0.2556038601690775	1.7534161186399486
C3_C2C2YABBY_21	C3_HSF_27	14	47	64	0.2552637351213155	-0.46676770033167764
C3_HSF_30	C3_Trihelix_34	10	25	62	0.254000254000381	0.5934602951767032
C2_HSF_30	C3_C2H2_40	10	16	97	0.25383654128340477	1.046018535579991
C3_C2H2_26	C3_NLP_20	9	15	84	0.253546276418555	0.7852300469171793
C2_bZIP_3-C3_bZIP_6-C4_bZIP_1	C3_NLP_20	12	27	84	0.25197631533948484	0.31055951113408375
C3_HSF_27	C4_HB_4-C5_HB_4	9	64	20	0.25155764746872633	1.215733939207859
C1_C3H_3	C3_Trihelix_33	11	27	71	0.2512358602700949	0.6096809592555471
C1_EIL_2-C4_EIL_6-C5_EIL_7	C3_NLP_18	5	5	80	0.25	1.5663397675577497
C1_Homeobox_9	C1_bHLH_34	2	8	8	0.25	4.737270777287717
C1_Homeobox_9	C4_ND_3	4	8	32	0.25	1.9609483884737342
C3_NLP_12	C3_NLP_12	12	48	48	0.25	2.9492047000216792
C3_NLP_20	C3_NLP_20	21	84	84	0.25	0.667512345495314
C3_C2C2gata_17	C3_C2H2_40	13	28	97	0.24944710584733426	-0.22471154521909656
C2_C2C2gata_15	C3_C2C2gata_7	9	73	18	0.24828176658071038	0.5922205458462122
C1_Trihelix_6	C3_Trihelix_34	7	13	62	0.2465644837867214	2.0674661618807555
C3_NLP_18	C3_Trihelix_1	11	80	25	0.24596747752497686	0.3024178068847196
C3_NLP_18	C3_WRKY_8	11	80	25	0.24596747752497686	0.2971290029799122
C3_HSF_10	C3_Homeobox_14	12	32	75	0.24494897427831785	0.22699055229393253
C1_C3H_3	C3_ARF_6	9	27	50	0.24494897427831783	0.8360796171499411
C3_C2C2YABBY_19	C3_C2H2_26	6	40	15	0.24494897427831777	1.7209302325581395
C3_C2H2_26	C3_bZIP_51	9	15	91	0.24359938288234506	0.9491138328119778
C3_C2C2gata_7	C3_C2H2_26	4	18	15	0.2434322477800738	1.951330906763973
C3_NLP_18	C4_C2C2gata_5	16	80	54	0.2434322477800738	-1.2298021650071922
C4_C2C2gata_5	C4_HB_4-C5_HB_4	8	54	20	0.2434322477800738	1.203308696777086
C1_bHLH_34	C4_CCAATHAP3_1	3	8	19	0.24333213169614382	3.974576403919975
C2_C2C2gata_15	C3_C2C2gata_17	11	73	28	0.24330567536209483	0.33971564368195994
C1_Trihelix_6	C3_NLP_20	8	13	84	0.24209101306752098	1.2389777566013218
C1_C3H_3	C3_bZIP_51	12	27	91	0.24209101306752095	-0.14713943322800463
C3_Trihelix_34	C3_Trihelix_34	15	62	62	0.24193548387096775	1.7206180040292134
C3_C2C2YABBY_19	C3_Trihelix_34	12	40	62	0.24096579867074966	0.13298580353959738
C3_C2C2YABBY_21	C3_Trihelix_34	13	47	62	0.2408233417864861	-0.45296306084340837
C3_HSF_30	C3_NLP_20	11	25	84	0.24003967925959163	0.21473125083800776
C3_Trihelix_1	C3_Trihelix_1	6	25	25	0.24	2.7931501505850136
C3_WRKY_8	C3_WRKY_8	6	25	25	0.24	3.9873493330573293
C3_ABI3VP1_7	C4_ND_3	13	92	32	0.23959317875170782	-0.2994247358081713
C3_C2C2YABBY_19	C3_C2C2gata_17	8	40	28	0.23904572186687872	0.7518150164483031
C3_C2H2_16	C3_HSF_10	13	93	32	0.2383015619096991	-0.5175119969344444
C2_bZIP_3-C3_bZIP_6-C4_bZIP_1	C4_ND_3	7	27	32	0.2381448361039201	1.6226141600296626
C3_NLP_18	C3_NLP_18	19	80	80	0.2375	0.514456993797413
C3_HSF_27	C3_Trihelix_33	16	64	71	0.23735633163877068	-1.1154393445387545
C3_HSF_10	C3_NLP_18	12	32	80	0.23717082451262844	-0.06517867150552586
C3_C2H2_16	C3_C2H2_16	22	93	93	0.23655913978494625	0.09461103645475141
C2_C2C2gata_15	C3_NLP_12	14	73	48	0.23650808243982008	-0.5957261030921532
C2_C2C2gata_15	C3_Trihelix_33	17	73	71	0.23613388746876898	-1.4094284452317865
C3_ABI3VP1_7	C3_G2like_3	13	92	33	0.23593505280820398	-0.2458711903364983
C1_C3H_3	C4_C2C2gata_5	9	27	54	0.23570226039551584	0.7733002966119993
C3_C2C2gata_17	C3_HSF_10	7	28	32	0.23385358667337136	1.0055325456772093
C2_HSF_30	C3_C2H2_16	9	16	93	0.23331413131434572	0.4187014314361547
C1_EIL_2-C4_EIL_6-C5_EIL_7	C3_ABI3VP1_7	5	5	92	0.23312620206007845	1.5913236824830908
C3_NLP_12	C4_CCAATHAP3_1	7	48	19	0.23179316248638265	1.2520950185524542
C2_C2C2gata_15	C3_ARF_6	14	73	50	0.23172964880866304	-0.9670798800495399
C3_HSF_10	C3_NLP_20	12	32	84	0.23145502494313785	-0.3416717444197541
C3_Homeobox_14	C3_Trihelix_1	10	75	25	0.23094010767585033	0.3306678423766409
C3_Homeobox_14	C3_WRKY_8	10	75	25	0.23094010767585033	0.23428979967449723
C3_C2C2YABBY_19	C3_C2C2YABBY_21	10	40	47	0.23063280200722128	0.3968324368072321
C3_HSF_10	C3_NLP_12	9	32	48	0.22963966338592295	0.5577724064310489
C2_HSF_1	C2_HSF_1	8	35	35	0.2285714285714286	2.6939440155396075
C3_C2C2YABBY_21	C4_HB_4-C5_HB_4	7	47	20	0.22831482556870475	1.1593303260736483
C3_bZIP_51	C4_C2C2gata_5	16	91	54	0.2282455960058202	-1.290409154936696
C3_C2H2_26	C3_HSF_10	5	15	32	0.22821773229381923	1.3169761689218966
C3_C2H2_26	C3_HSF_27	7	15	64	0.225924028528766	1.1721057015904897
C3_NLP_20	C4_CCAATHAP3_1	9	84	19	0.2252817784447915	0.5930265319598929
C3_C2C2YABBY_21	C3_Trihelix_33	13	47	71	0.2250428654269947	-0.7853554716071037
C3_ARF_6	C3_NLP_12	11	50	48	0.22453655975512465	-0.12019299645492935
C2_HSF_1	C3_C2C2gata_17	7	35	28	0.223606797749979	1.2518459077125519
C3_C2H2_26	C3_NLP_12	6	15	48	0.223606797749979	1.346336696736744
C3_C2H2_40	C3_HSF_28	12	97	30	0.22245119932801943	-0.5944892941095895
C3_C2C2gata_7	C3_bZIP_51	9	18	91	0.22237479499833035	-0.011684922389587224
C1_Homeobox_9	C3_ABI3VP1_7	6	8	92	0.2211629342323457	1.3673513833128161
C2_HSF_1	C3_Trihelix_33	11	35	71	0.22066298492838582	-0.13263952726932274
C2_bZIP_3-C3_bZIP_6-C4_bZIP_1	C3_Trihelix_34	9	27	62	0.21997067253202993	0.42748229992745795
C2_C2C2gata_15	C3_HSF_27	15	73	64	0.21945215099274482	-1.4710477956511292
C3_HSF_28	C3_NLP_20	11	30	84	0.21912524504463884	-0.46392557589630407
C3_AP2EREBP_62	C3_LOBAS2_5	5	24	22	0.2175970699446223	1.0712167955150314
C3_C2C2YABBY_19	C3_HSF_27	11	40	64	0.21740658913657607	-0.5547617002564219
C3_C2H2_16	C3_G2like_3	12	93	33	0.21661214442955296	-0.586009714967061
C3_LOBAS2_5	C3_Trihelix_34	8	22	62	0.21661214442955293	0.771070055589361
C3_HSF_10	C4_C2C2gata_5	9	32	54	0.2165063509461097	0.19984792449326946
C2_GeBP_2	C2_HSF_1	6	22	35	0.21622499104693416	1.1223403828622514
C3_ABI3VP1_7	C4_CCAATHAP3_1	9	92	19	0.21526419295572294	0.0360739552682909
C1_C3H_3	C3_NLP_18	10	27	80	0.21516574145596762	-0.055615188851909865
C2_bZIP_3-C3_bZIP_6-C4_bZIP_1	C3_C2H2_40	11	27	97	0.2149438066455347	-0.7061572808481413
C2_C2C2gata_15	C4_CCAATHAP3_1	8	73	19	0.2148086454164219	0.38729833462074176
C3_C2H2_26	C3_Trihelix_33	7	15	71	0.21449799456256344	1.2028662524254192
C3_C2H2_16	C3_C2H2_26	8	93	15	0.21419182104066634	0.7672574568196443
C3_C2H2_16	C4_CCAATHAP3_1	9	93	19	0.21410373063141294	-0.10090270260472066
C1_C3H_3	C1_Trihelix_6	4	27	13	0.2135042050734495	2.221488974224151
C1_C3H_3	C4_C3H_9	4	27	13	0.2135042050734495	1.842593329824218
C3_LOBAS2_5	C3_Trihelix_1	5	22	25	0.21320071635561047	1.0157102453732936
C3_LOBAS2_5	C3_WRKY_8	5	22	25	0.21320071635561047	1.5777165982090604
C2_G2like_49	C3_G2like_3	3	6	33	0.21320071635561041	2.5771925417748496
C2_GeBP_2	C3_HSF_27	8	22	64	0.21320071635561041	0.36489763047490403
C3_HSF_27	C3_LOBAS2_5	8	64	22	0.21320071635561041	0.26607604209509567
C3_AP2EREBP_62	C3_Homeobox_14	9	24	75	0.21213203435596428	-0.06025339792372707
C2_WRKY_4	C3_C2C2YABBY_19	3	5	40	0.21213203435596426	2.0349850536797303
C1_Homeobox_9	C3_Trihelix_49	5	8	70	0.2112885636821292	1.5320646925708532
C3_HSF_28	C5_bHLH_6	2	30	3	0.21081851067789195	2.5298221281347035
C3_C2C2gata_7	C3_NLP_18	8	18	80	0.21081851067789192	0.38322204414059696
C3_AP2EREBP_62	C3_AP2EREBP_62	5	24	24	0.20833333333333334	3.843906562206115
C3_HSF_30	C3_Homeobox_14	9	25	75	0.20784609690826528	-0.08390172473420951
C1_WRKY_7	C2_HSF_1	3	6	35	0.20701966780270625	1.926344706614407
C3_C2C2gata_17	C3_HSF_28	6	28	30	0.20701966780270625	0.46723101750319096
C2_C2C2gata_15	C4_ND_3	10	73	32	0.20690147215059201	-0.5258204137157613
C2_WRKY_4	C3_Homeobox_14	4	5	75	0.2065591117977289	1.8015976925368897
C3_C2H2_26	C3_Trihelix_1	4	15	25	0.20655911179772887	1.597328998544773
C3_C2H2_26	C3_WRKY_8	4	15	25	0.20655911179772887	1.6333168794048414
C3_C2C2YABBY_21	C3_C2C2gata_7	6	47	18	0.20628424925175867	0.720507754690244
C1_Homeobox_4	C3_NLP_20	5	7	84	0.20619652471058067	1.536442559194752
C2_bZIP_3-C3_bZIP_6-C4_bZIP_1	C3_Trihelix_33	9	27	71	0.2055566129482595	-0.06098981681083307
C3_AP2EREBP_62	C3_NLP_18	9	24	80	0.20539595906443728	-0.11624763874381915
C3_NLP_18	C4_CCAATHAP3_1	8	80	19	0.2051956704170308	0.09017997926810531
C1_AP2EREBP_37	C4_AP2EREBP_30-C5_AP2EREBP_18	1	4	6	0.2041241452319315	3.9581140290126378
C1_WRKY_7	C2_HSF_30	2	6	16	0.2041241452319315	1.9467989743985286
C3_C2C2gata_7	C3_NLP_12	6	18	48	0.2041241452319315	0.7564900711329744
C3_bZIP_51	C4_C3H_9	7	91	13	0.20351933162035313	0.39693738033428594
C3_C2H2_40	C4_REMB3_6	6	97	9	0.2030692330267238	0.538499670372181
C3_HSF_28	C4_C3H_9	4	30	13	0.2025478734167333	1.631544999052729
C2_GeBP_2	C3_Trihelix_33	8	22	71	0.202418159747703	0.2359491479301782
C1_Trihelix_6	C3_ABI3VP1_7	7	13	92	0.20241022618818408	0.534960061436909
C3_Trihelix_34	C4_ND_3	9	62	32	0.20205596478012175	-0.3152775360120059
C2_bZIP_3-C3_bZIP_6-C4_bZIP_1	C3_bZIP_51	10	27	91	0.20174251088960082	-0.702086200443734
C3_G2like_3	C5_bHLH_6	2	33	3	0.20100756305184242	2.2668899478331963
C3_C2C2YABBY_21	C4_CCAATHAP3_1	6	47	19	0.20078234442307638	0.6465562202937397
C3_C2C2gata_17	C4_ND_3	6	28	32	0.2004459314343183	0.5954438284303005
C3_ARF_6	C3_ARF_6	10	50	50	0.2	1.4640988308772196
C1_EIL_2-C4_EIL_6-C5_EIL_7	C2_WRKY_4	1	5	5	0.19999999999999998	2.1473175285873665
C3_NLP_18	C4_HB_4-C5_HB_4	8	80	20	0.19999999999999998	0.314970394174356
C3_Trihelix_49	C4_REMB3_6	5	70	9	0.19920476822239896	1.1177465394614958
C3_C2H2_16	C3_LOBAS2_5	9	93	22	0.19897095972842188	-0.07021285153223872
C1_Trihelix_6	C3_Trihelix_49	6	13	70	0.19889806323953876	1.271997456007632
C3_HSF_27	C4_ND_3	9	64	32	0.19887378220871652	-0.37326128932313946
C3_C2C2YABBY_21	C4_C2C2gata_5	10	47	54	0.1984971113918046	-0.6879081086495302
C3_HSF_27	C3_NLP_12	11	64	48	0.19846415503393383	-1.1210173212401822
C1_bHLH_34	C3_NLP_18	5	8	80	0.19764235376052372	1.2758104513180268
C3_NLP_18	C4_ND_3	10	80	32	0.19764235376052372	-0.8684406187635236
C1_Trihelix_6	C3_C2H2_40	7	13	97	0.19712445096265332	0.5168563613239946
C3_C2H2_40	C4_C3H_9	7	97	13	0.19712445096265332	0.09082572629650097
C1_C3H_3	C3_AP2EREBP_62	5	27	24	0.19641855032959654	1.1322770341445958
C3_C2C2gata_17	C3_Homeobox_14	9	28	75	0.19639610121239318	-0.46097965830883314
C1_Trihelix_6	C4_ND_3	4	13	32	0.19611613513818402	1.2963507103071241
C1_bHLH_34	C4_C3H_9	2	8	13	0.19611613513818402	2.272029368745051
C4_C3H_9	C4_ND_3	4	13	32	0.19611613513818402	1.5309653176048168
C3_C2C2gata_7	C3_Trihelix_33	7	18	71	0.1958089836025608	0.2531118673230047
C3_C2C2YABBY_19	C3_HSF_10	7	40	32	0.19565594803123157	0.15467615642804702
C3_C2C2gata_7	C3_C2H2_16	8	18	93	0.1955294866951377	-0.01044048399864698
C3_C2C2gata_17	C3_C2H2_26	4	28	15	0.19518001458970663	2.0579830217101067
C3_HSF_28	C3_LOBAS2_5	5	30	22	0.19462473604038075	0.9372403389139512
C1_C3H_3	C3_NLP_12	7	27	48	0.19444444444444445	0.13824489966866163
C3_AP2EREBP_62	C3_Trihelix_33	8	24	71	0.19380063324460367	-0.20851441405707466
C1_bHLH_34	C3_HSF_28	3	8	30	0.19364916731037085	1.4171445780818284
C2_bZIP_3-C3_bZIP_6-C4_bZIP_1	C3_NLP_18	9	27	80	0.19364916731037085	-0.22646344956885128
C3_HSF_10	C3_HSF_28	6	32	30	0.19364916731037085	0.35817193601652025
C3_HSF_28	C4_ND_3	6	30	32	0.19364916731037085	0.5210598485243357
C1_EIL_2-C4_EIL_6-C5_EIL_7	C3_NLP_12	3	5	48	0.19364916731037082	1.5337718466079349
C2_WRKY_4	C3_NLP_12	3	5	48	0.19364916731037082	1.9291577137538762
C3_NLP_18	C5_bHLH_6	3	80	3	0.19364916731037082	0.7594772523561113
C1_Homeobox_9	C3_NLP_20	5	8	84	0.1928791874526149	0.7634008374026168
C3_C2C2YABBY_19	C3_G2like_3	7	40	33	0.1926686588971131	0.3565929832876474
C1_C3H_3	C2_HSF_30	4	27	16	0.19245008972987526	1.7619527836864124
C1_C3H_3	C3_Trihelix_1	5	27	25	0.19245008972987526	1.1014547809149349
C1_C3H_3	C3_WRKY_8	5	27	25	0.19245008972987526	0.4933488828204915
C1_Trihelix_6	C3_Homeobox_14	6	13	75	0.1921537845661046	0.8641498944304666
C3_C2C2gata_17	C3_Trihelix_34	8	28	62	0.1920061442949277	-0.07189883760491127
C3_Trihelix_1	C3_Trihelix_49	8	25	70	0.19123657749350295	-0.34155487244649385
C3_Trihelix_49	C3_WRKY_8	8	70	25	0.19123657749350295	0.12345773422799343
C2_C2C2gata_15	C4_C2C2gata_5	12	73	54	0.19112739302699863	-1.5785299795879435
C3_LOBAS2_5	C3_NLP_18	8	22	80	0.19069251784911845	-0.4928529069313354
C3_Trihelix_33	C4_CCAATHAP3_1	7	71	19	0.1905864695410655	-0.19324698792024927
C3_Trihelix_1	C4_C2C2gata_5	7	25	54	0.19051586888313607	-0.005877372503743056
C3_WRKY_8	C4_C2C2gata_5	7	25	54	0.19051586888313607	-0.04225352112676061
C3_HSF_27	C3_Trihelix_34	12	64	62	0.19050019050028577	-1.4919932521239812
C2_HSF_1	C3_HSF_27	9	35	64	0.19015970731391627	-0.09239317536014059
C3_Trihelix_34	C4_C2C2gata_5	11	62	54	0.19010781070057797	-1.2414613226535973
C3_Trihelix_1	C3_Trihelix_33	8	25	71	0.18988506531101654	-0.3804684976390505
C3_Trihelix_33	C3_WRKY_8	8	71	25	0.18988506531101654	-0.24454251167861848
C3_HSF_28	C3_Homeobox_14	9	30	75	0.18973665961010278	-0.4540104528080584
C3_C2C2YABBY_21	C3_NLP_12	9	47	48	0.18948418223996674	-0.5644834970989939
C3_C2C2gata_17	C3_HSF_27	8	28	64	0.18898223650461363	-0.363101228861702
C3_C2C2gata_17	C4_REMB3_6	3	28	9	0.18898223650461363	1.5436100410281373
C3_HSF_30	C3_bZIP_51	9	25	91	0.18869127060994528	-0.690656435568935
C3_C2C2YABBY_21	C3_C2H2_26	5	47	15	0.1883108942886774	1.133444973916598
C3_C2C2YABBY_19	C3_Trihelix_33	10	40	71	0.18764665626020038	-0.8041534452242569
C2_WRKY_4	C3_bZIP_51	4	5	91	0.18752289237539815	1.0425965866830749
C1_bHLH_34	C3_HSF_10	3	8	32	0.1875	1.1073245747022034
C3_HSF_10	C3_HSF_10	6	32	32	0.1875	2.246930750216974
C2_WRKY_4	C3_C2H2_16	4	5	93	0.1854955583040673	1.1657165947502133
C3_C2H2_16	C4_HB_4-C5_HB_4	8	93	20	0.1854955583040673	-0.12803687993289609
C3_HSF_28	C3_Trihelix_34	8	30	62	0.1854955583040673	-0.3196351021628214
C3_HSF_10	C3_bZIP_51	10	32	91	0.18531232916527532	-1.0145693994346585
C3_LOBAS2_5	C4_NAC_67	3	22	12	0.18463723646899907	1.3032694143012413
C3_HSF_30	C4_CCAATHAP3_1	4	25	19	0.1835325870964494	0.6826856622797891
C2_HSF_30	C3_bZIP_51	7	16	91	0.1834498464263357	0.017454550070625307
C2_C2C2gata_15	C4_HB_4-C5_HB_4	7	73	20	0.18319837290657479	-0.12700012700019062
C1_Homeobox_9	C3_C2H2_26	2	8	15	0.18257418583505536	1.4100479758212654
C1_bHLH_34	C3_C2H2_26	2	8	15	0.18257418583505536	2.0886688977313885
C2_WRKY_4	C4_C2C2gata_5	3	5	54	0.18257418583505536	1.8268933828159375
C3_C2C2YABBY_19	C3_NLP_12	8	40	48	0.18257418583505536	-0.2855359557568013
C3_HSF_27	C3_HSF_28	8	64	30	0.18257418583505536	-0.5508770290116711
C3_NLP_20	C4_REMB3_6	5	84	9	0.181848241863327	0.5180223549024554
C3_LOBAS2_5	C3_LOBAS2_5	4	22	22	0.18181818181818182	3.162210118275353
C1_EIL_2-C4_EIL_6-C5_EIL_7	C3_C2H2_40	4	5	97	0.18163064367459988	1.1921469919530696
C2_WRKY_4	C3_C2H2_40	4	5	97	0.18163064367459988	0.8468471943913282
C3_ARF_6	C3_HSF_28	7	50	30	0.18073922282301277	-0.32861241453511075
C2_bZIP_3-C3_bZIP_6-C4_bZIP_1	C3_ABI3VP1_7	9	27	92	0.18057877962865382	-0.9121323786332661
C3_AP2EREBP_62	C4_ND_3	5	24	32	0.18042195912175807	0.9653834694634716
C2_HSF_1	C3_LOBAS2_5	5	35	22	0.18018749253911182	0.5083492897157271
C3_C2C2gata_7	C3_NLP_20	7	18	84	0.1800205749557739	-0.025255827073135877
C1_Homeobox_9	C3_Trihelix_34	4	8	62	0.17960530202677488	0.8893100292552799
C3_C2H2_16	C5_bHLH_6	3	93	3	0.17960530202677488	1.3719886811400712
C1_Homeobox_9	C3_C2H2_40	5	8	97	0.17948953965443454	0.6926361180786277
C1_bHLH_34	C3_C2H2_40	5	8	97	0.17948953965443454	0.6558557809694993
C3_C2C2gata_17	C3_Trihelix_33	8	28	71	0.17942452160650263	-0.696816438441473
C3_AP2EREBP_62	C3_C2C2YABBY_21	6	24	47	0.1786474002526241	-0.10449707310246427
C2_C2C2gata_15	C2_C2C2gata_15	13	73	73	0.1780821917808219	-0.1505656839685486
C3_ABI3VP1_7	C3_LOBAS2_5	8	92	22	0.17782168978975482	-0.4853254099223634
C1_C3H_3	C3_Homeobox_14	8	27	75	0.17777777777777778	-0.5199045022208314
C3_ABI3VP1_7	C3_C2C2gata_17	9	92	28	0.17732484140379765	-0.7376393695479845
C1_AP2EREBP_37	C3_HSF_10	2	4	32	0.1767766952966369	1.3810344408674553
C1_Homeobox_9	C3_HSF_27	4	8	64	0.1767766952966369	0.6409831055487923
C3_C2C2YABBY_19	C4_HB_4-C5_HB_4	5	40	20	0.1767766952966369	0.8624802328374939
C3_HSF_10	C3_HSF_30	5	32	25	0.1767766952966369	0.2231921561693994
C3_Trihelix_1	C4_ND_3	5	25	32	0.1767766952966369	0.37109246704972826
C3_WRKY_8	C4_ND_3	5	25	32	0.1767766952966369	0.5944786638350887
C3_C2H2_40	C3_G2like_3	10	97	33	0.17674908041006732	-0.9482237441613046
C1_C3H_3	C3_HSF_28	5	27	30	0.17568209223157663	0.6472353570539856
C3_C2C2YABBY_21	C3_Trihelix_1	6	47	25	0.17503798979747348	0.0653720450460614
C3_C2C2YABBY_21	C3_WRKY_8	6	47	25	0.17503798979747348	0.2639947608136131
C1_AP2EREBP_37	C3_G2like_3	2	4	33	0.17407765595569782	1.5369632283476535
C3_LOBAS2_5	C4_BZR_7	2	22	6	0.17407765595569782	1.4670075142438392
C3_HSF_28	C4_C2C2gata_5	7	30	54	0.17391639824998362	-0.38579086006878
C3_C2C2gata_17	C4_CCAATHAP3_1	4	28	19	0.173421993904824	0.9643980394862595
C3_C2C2YABBY_19	C3_HSF_28	6	40	30	0.17320508075688773	0.2797514424720939
C3_C2H2_16	C4_REMB3_6	5	93	9	0.1728252824550709	0.2683281572999746
C1_Trihelix_6	C3_C2H2_16	6	13	93	0.17255919256291524	0.3519734746368856
C3_C2H2_16	C4_C3H_9	6	93	13	0.17255919256291524	0.1781741612749497
C2_WRKY_4	C2_bZIP_3-C3_bZIP_6-C4_bZIP_1	2	5	27	0.17213259316477408	1.6370540560544404
C3_C2C2YABBY_19	C4_C2C2gata_5	8	40	54	0.17213259316477408	-0.7251788995762309
C2_HSF_30	C4_CCAATHAP3_1	3	16	19	0.17206180040292132	1.1507929111375013
C2_C2C2gata_15	C3_HSF_28	8	73	30	0.17094953726827528	-1.0170065953636067
C3_AP2EREBP_62	C3_Trihelix_49	7	24	70	0.1707825127659933	-0.34114666366801516
C3_HSF_30	C3_LOBAS2_5	4	25	22	0.17056057308448835	0.8752532928117895
C1_C3H_3	C4_ND_3	5	27	32	0.17010345435994295	0.520091326552897
C1_EIL_2-C4_EIL_6-C5_EIL_7	C1_Homeobox_4	1	5	7	0.1690308509457033	2.4784787961282113
C3_bZIP_51	C4_CCAATHAP3_1	7	91	19	0.1683451245853586	-0.505249761222741
C1_bHLH_34	C3_Trihelix_33	4	8	71	0.16783627165933782	0.8144046057224281
C3_Trihelix_33	C4_ND_3	8	71	32	0.16783627165933782	-0.8445195879371639
C3_C2C2gata_7	C3_C2H2_40	7	18	97	0.1675235703441389	-0.6187011387601898
C3_bZIP_51	C4_ND_3	9	91	32	0.16678109624874776	-1.2814410555343443
C1_Homeobox_9	C3_C2C2gata_7	2	8	18	0.16666666666666666	1.9365370981321126
C1_WRKY_7	C4_AP2EREBP_30-C5_AP2EREBP_18	1	6	6	0.16666666666666666	1.483650737941756
C1_WRKY_7	C4_BZR_7	1	6	6	0.16666666666666666	2.478478796128211
C1_bHLH_34	C3_C2C2gata_7	2	8	18	0.16666666666666666	2.203600657073747
C2_G2like_49	C4_MYBrelated_16	1	6	6	0.16666666666666666	2.2912878474779212
C2_bZIP_3-C3_bZIP_6-C4_bZIP_1	C3_NLP_12	6	27	48	0.16666666666666666	0.040764481889898334
C3_AP2EREBP_62	C4_C2C2gata_5	6	24	54	0.16666666666666666	-0.28414579420677505
C3_C2C2gata_7	C4_ND_3	4	18	32	0.16666666666666666	0.3664112661946283
C3_HSF_27	C4_REMB3_6	4	64	9	0.16666666666666666	0.6281986765838017
C4_BZR_7	C4_BZR_7	1	6	6	0.16666666666666666	3.0000000000000013
C4_NAC_67	C4_NAC_67	2	12	12	0.16666666666666666	3.091097766829984
C4_NAC_67	C5_bHLH_6	1	12	3	0.16666666666666666	1.8932040958124012
C3_HSF_30	C4_C3H_9	3	25	13	0.16641005886756874	0.8916038480963526
C1_bHLH_34	C2_C2C2gata_15	4	8	73	0.1655211777204736	0.6767529681839596
C3_C2H2_16	C4_ND_3	9	93	32	0.16497800439902247	-1.260252075625209
C1_Trihelix_6	C3_Trihelix_33	5	13	71	0.16457700466915834	0.4956583325050558
C3_Trihelix_33	C4_C3H_9	5	71	13	0.16457700466915834	0.035874800166708624
C3_C2C2gata_17	C3_G2like_3	5	28	33	0.16448792373994225	0.29681588284932686
C3_HSF_27	C3_Trihelix_49	11	64	70	0.1643439337834791	-2.465039564886742
C1_C3H_3	C2_GeBP_2	4	27	22	0.16412198797244365	0.9150649043350325
C1_Homeobox_4	C3_NLP_12	3	7	48	0.16366341767699427	0.8215139825964182
C1_bHLH_34	C3_Homeobox_14	4	8	75	0.16329931618554522	0.5966379387119792
C3_HSF_30	C4_C2C2gata_5	6	25	54	0.16329931618554522	-0.28650922926362327
C3_Homeobox_14	C4_ND_3	8	75	32	0.16329931618554522	-0.9030445047614285
C3_Trihelix_1	C4_MYBrelated_16	2	25	6	0.1632993161855452	1.75681909324566
C3_WRKY_8	C4_MYBrelated_16	2	25	6	0.1632993161855452	1.816125013904011
C2_HSF_1	C2_bZIP_3-C3_bZIP_6-C4_bZIP_1	5	35	27	0.16265001215808889	0.14063251078692615
C2_C2C2gata_15	C4_C3H_9	5	73	13	0.16230686829029892	-0.045273027347836926
C1_Homeobox_9	C4_CCAATHAP3_1	2	8	19	0.16222142113076254	1.9036345372499042
C1_Trihelix_6	C3_C2C2YABBY_21	4	13	47	0.16182267881254697	1.1957103542467955
C3_C2C2YABBY_21	C4_C3H_9	4	47	13	0.16182267881254697	0.620798218595694
C3_ABI3VP1_7	C3_C2H2_26	6	92	15	0.16151457061744967	-0.2275520495954296
C2_WRKY_4	C3_Trihelix_49	3	5	70	0.16035674514745463	0.7312923767177985
C3_Homeobox_14	C4_C3H_9	5	75	13	0.16012815380508716	-0.018735003362699235
C4_C3H_9	C5_bHLH_6	1	13	3	0.1601281538050871	1.8932040958124006
C3_C2C2YABBY_21	C3_HSF_28	6	47	30	0.15978709238739225	-0.2678558638455517
C3_G2like_3	C4_CCAATHAP3_1	4	33	19	0.15974461276617433	0.3796903471585765
C2_bZIP_3-C3_bZIP_6-C4_bZIP_1	C3_C2H2_16	8	27	93	0.15964915735713323	-0.9759153499121296
C1_EIL_2-C4_EIL_6-C5_EIL_7	C3_Trihelix_33	3	5	71	0.1592234677302826	0.5780196610309057
C3_Trihelix_33	C4_HB_4-C5_HB_4	6	71	20	0.1592234677302826	0.014287172234821092
C3_C2H2_40	C4_HB_4-C5_HB_4	7	97	20	0.1589268132152749	-0.5136571309818148
C2_HSF_30	C3_Trihelix_34	5	16	62	0.15875015875023815	0.056533377108330715
C3_Trihelix_33	C4_REMB3_6	4	71	9	0.15823755442584708	0.43434343434343436
C3_AP2EREBP_62	C3_C2H2_26	3	24	15	0.15811388300841897	1.0103629710818451
C3_C2C2YABBY_19	C3_Trihelix_1	5	40	25	0.15811388300841897	0.02446148953860815
C3_C2C2YABBY_19	C3_WRKY_8	5	40	25	0.15811388300841897	0.10660035817780533
C1_EIL_2-C4_EIL_6-C5_EIL_7	C1_bHLH_34	1	5	8	0.15811388300841894	1.9999999999999998
C1_EIL_2-C4_EIL_6-C5_EIL_7	C4_ND_3	2	5	32	0.15811388300841894	1.6439552311199195
C1_Homeobox_9	C4_HB_4-C5_HB_4	2	8	20	0.15811388300841894	1.200028538473434
C1_bHLH_34	C2_WRKY_4	1	8	5	0.15811388300841894	1.8829377433825425
C1_Homeobox_4	C3_ABI3VP1_7	4	7	92	0.15762208124782012	0.22699055229393258
C3_HSF_27	C3_bZIP_51	12	64	91	0.15724272550828775	-3.174295480543877
C1_C3H_3	C1_WRKY_7	2	27	6	0.15713484026367722	1.4795492757003776
C2_HSF_30	C3_ABI3VP1_7	6	16	92	0.1563858105428061	-0.21285757793118307
C4_C2C2gata_5	C4_CCAATHAP3_1	5	54	19	0.1560976352636157	-0.08743110064088895
C2_C2C2gata_15	C4_REMB3_6	4	73	9	0.15605486292817408	0.07145135929689045
C1_bHLH_34	C3_C2C2YABBY_21	3	8	47	0.15471318693881903	0.8471716331135052
C3_C2C2gata_17	C4_C2C2gata_5	6	28	54	0.1543033499620919	-0.2989030217016346
C1_bHLH_34	C3_NLP_20	4	8	84	0.15430334996209188	0.24592435915173497
C4_CCAATHAP3_1	C4_HB_4-C5_HB_4	3	19	20	0.15389675281277312	0.8894493131857143
C3_HSF_28	C3_bZIP_51	8	30	91	0.15311180047019052	-1.3985128457911218
C2_HSF_30	C3_AP2EREBP_62	3	16	24	0.15309310892394865	0.8669268735758546
C3_AP2EREBP_62	C3_HSF_27	6	24	64	0.15309310892394865	-0.4956022902802771
C3_HSF_27	C4_AP2EREBP_30-C5_AP2EREBP_18	3	64	6	0.15309310892394865	0.8130443022889068
C3_HSF_27	C4_C2C2gata_5	9	64	54	0.15309310892394865	-1.8917744525767615
C3_HSF_28	C3_Trihelix_49	7	30	70	0.1527525231651947	-0.8850382194294361
C3_G2like_3	C3_NLP_20	8	33	84	0.15194743527951726	-1.2060546757634352
C3_HSF_28	C3_Trihelix_33	7	30	71	0.1516729865061038	-0.917923060046797
C3_C2C2gata_17	C3_HSF_30	4	28	25	0.15118578920369088	-0.009926322333149282
C2_HSF_30	C3_Trihelix_1	3	16	25	0.15	0.8808122718846414
C2_HSF_30	C3_WRKY_8	3	16	25	0.15	0.7333333333333333
C2_WRKY_4	C3_NLP_18	3	5	80	0.15	0.5821817364274594
C3_ARF_6	C4_G2like_12	3	50	8	0.15	0.7685179811124914
C3_ARF_6	C4_ND_3	6	50	32	0.15	-0.8926084406591744
C3_HSF_27	C3_Trihelix_1	6	64	25	0.15	-0.6758453353343745
C3_HSF_27	C3_WRKY_8	6	64	25	0.15	-0.6801018216818299
C2_C2C2gata_15	C2_GeBP_2	6	73	22	0.14971953855178488	-0.7072668868788942
C2_HSF_30	C3_Trihelix_49	5	16	70	0.14940357616679922	-0.018817748237374553
C3_C2C2YABBY_19	C3_C2C2gata_7	4	40	18	0.14907119849998596	0.227656488572766
C3_C2C2YABBY_21	C3_C2C2YABBY_21	7	47	47	0.14893617021276595	0.8125894643954283
C2_HSF_30	C3_Trihelix_33	5	16	71	0.1483477072742317	-0.05202915298773322
C1_C3H_3	C2_bZIP_3-C3_bZIP_6-C4_bZIP_1	4	27	27	0.14814814814814814	0.38411063979868804
C1_bHLH_34	C3_ABI3VP1_7	4	8	92	0.14744195615489714	0.40378209822771977
C3_HSF_10	C3_Trihelix_33	7	32	71	0.1468567377019206	-1.416279616889396
C1_C3H_3	C3_Trihelix_34	6	27	62	0.1466471150213533	-0.95694493000159
C1_EIL_2-C4_EIL_6-C5_EIL_7	C3_NLP_20	3	5	84	0.14638501094227999	0.6248759837929108
C2_HSF_1	C3_NLP_12	6	35	48	0.14638501094227999	-0.5318586625662505
C2_WRKY_4	C3_NLP_20	3	5	84	0.14638501094227999	0.6031808258611424
C3_ARF_6	C3_C2H2_26	4	50	15	0.1460593486680443	-0.03470528041969027
C3_G2like_3	C3_bZIP_51	8	33	91	0.14598637372036236	-1.572745819185257
C2_HSF_30	C3_C2C2YABBY_21	4	16	47	0.14586499149789456	0.2571895170701407
C1_C3H_3	C3_C2C2gata_17	4	27	28	0.14547859349066158	0.10277160536204616
C3_C2C2YABBY_19	C4_CCAATHAP3_1	4	40	19	0.14509525002200233	0.02829559174871467
C3_G2like_3	C3_Trihelix_33	7	33	71	0.14461451843272152	-1.1316519378822394
C3_ARF_6	C3_C2C2YABBY_21	7	50	47	0.1443989744762311	-1.1810501788021976
C2_HSF_30	C3_Homeobox_14	5	16	75	0.1443375672974065	-0.41546426603027364
C4_C2C2gata_5	C4_G2like_12	3	54	8	0.14433756729740646	0.2209298622501825
C1_AP2EREBP_37	C4_NAC_67	1	4	12	0.14433756729740643	1.6956521739130421
C1_WRKY_7	C4_ND_3	2	6	32	0.14433756729740643	0.4507036095978518
C2_HSF_30	C5_bHLH_6	1	16	3	0.14433756729740643	1.2465616729790368
C3_AP2EREBP_62	C3_C2C2gata_7	3	24	18	0.14433756729740643	0.5102801790647149
C3_HSF_27	C5_bHLH_6	2	64	3	0.14433756729740643	1.2854024008160156
C4_BZR_7	C4_G2like_12	1	6	8	0.14433756729740643	1.417843080692792
C4_BZR_7	C4_ND_3	2	6	32	0.14433756729740643	1.0234323588315193
C3_HSF_30	C3_Trihelix_49	6	25	70	0.14342743312012723	-0.9630263103048475
C2_C2C2gata_15	C3_AP2EREBP_62	6	73	24	0.143345544770249	-0.8081901942077098
C3_G2like_3	C4_AP2EREBP_30-C5_AP2EREBP_18	2	33	6	0.14213381090374028	1.4339577116590312
C2_HSF_1	C3_Trihelix_49	7	35	70	0.14142135623730953	-1.09551747286985
C3_C2H2_26	C3_HSF_28	3	15	30	0.14142135623730953	0.4964928255427973
C3_Homeobox_14	C4_MYBrelated_16	3	75	6	0.14142135623730953	0.4236592728681618
C1_EIL_2-C4_EIL_6-C5_EIL_7	C3_C2C2YABBY_19	2	5	40	0.1414213562373095	1.5650160901149994
C1_Homeobox_9	C3_HSF_30	2	8	25	0.1414213562373095	1.0910894511799618
C1_bHLH_34	C3_HSF_30	2	8	25	0.1414213562373095	1.6796557752456494
C2_HSF_30	C3_ARF_6	4	16	50	0.1414213562373095	0.04805693313322132
C3_C2C2gata_7	C3_Trihelix_1	3	18	25	0.1414213562373095	0.7430214923854495
C3_C2C2gata_7	C3_WRKY_8	3	18	25	0.1414213562373095	0.49872934991536755
C3_G2like_3	C3_Homeobox_14	7	33	75	0.1407052941362897	-0.9640360980950591
C1_EIL_2-C4_EIL_6-C5_EIL_7	C3_bZIP_51	3	5	91	0.14064216928154863	0.5214132560275401
C3_C2H2_26	C4_C2C2gata_5	4	15	54	0.14054567378526128	0.12439408271422452
C2_C2C2gata_15	C3_Trihelix_1	6	73	25	0.1404493766353567	-0.8583559960376093
C2_C2C2gata_15	C3_WRKY_8	6	73	25	0.1404493766353567	-0.9027781166042299
C1_C3H_3	C3_C2C2YABBY_21	5	27	47	0.1403586535110865	-0.2809629517901112
C2_bZIP_3-C3_bZIP_6-C4_bZIP_1	C3_C2C2YABBY_21	5	27	47	0.1403586535110865	-0.5235013955511534
C3_bZIP_51	C4_REMB3_6	4	91	9	0.13977131156292244	0.07580980435789039
C3_C2C2YABBY_19	C4_ND_3	5	40	32	0.13975424859373686	-0.6034574523542205
C1_EIL_2-C4_EIL_6-C5_EIL_7	C3_C2H2_16	3	5	93	0.13912166872805048	0.22124883943435492
C3_ABI3VP1_7	C4_REMB3_6	4	92	9	0.13900960937138315	-0.13622298275594985
C1_AP2EREBP_37	C4_C3H_9	1	4	13	0.1386750490563073	1.6956521739130423
C3_HSF_27	C4_C3H_9	4	64	13	0.1386750490563073	-0.08770580193070301
C2_HSF_1	C4_C2C2gata_5	6	35	54	0.13801311186847084	-0.9554851714976602
C2_HSF_1	C4_MYBrelated_16	2	35	6	0.13801311186847084	0.8524826841213415
C2_bZIP_3-C3_bZIP_6-C4_bZIP_1	C3_Trihelix_49	6	27	70	0.13801311186847084	-0.7485574135519272
C2_HSF_30	C3_HSF_28	3	16	30	0.13693063937629152	0.47963209687927233
C3_C2H2_26	C4_ND_3	3	15	32	0.13693063937629152	0.5451328382337232
C2_HSF_30	C3_NLP_20	5	16	84	0.13638618139749525	-0.6098922656154284
C3_C2C2gata_17	C3_NLP_12	5	28	48	0.13638618139749523	-0.40379545767560865
C2_GeBP_2	C3_LOBAS2_5	3	22	22	0.13636363636363638	0.6619718309859154
C1_WRKY_7	C4_REMB3_6	1	6	9	0.1360827634879543	1.323964093884349
C2_G2like_49	C4_REMB3_6	1	6	9	0.1360827634879543	1.5851515797054703
C4_BZR_7	C4_REMB3_6	1	6	9	0.1360827634879543	1.197342189427931
C2_C2C2gata_15	C5_bHLH_6	2	73	3	0.13514747567989718	0.7948923108829165
C3_HSF_30	C4_HB_4-C5_HB_4	3	25	20	0.1341640786499874	0.24999999999999994
C3_C2C2gata_17	C3_C2C2gata_7	3	28	18	0.1336306209562122	0.211021234754508
C3_NLP_20	C4_MYBrelated_16	3	84	6	0.1336306209562122	0.1729171253112704
C2_GeBP_2	C3_ABI3VP1_7	6	22	92	0.13336626734231613	-1.1048475316153086
C3_ARF_6	C3_C2C2gata_7	4	50	18	0.13333333333333333	-0.23038007495983762
C1_bHLH_34	C3_HSF_27	3	8	64	0.13258252147247768	0.36524349955284235
C1_C3H_3	C4_CCAATHAP3_1	3	27	19	0.13245323570650439	0.5644834970989939
C1_Trihelix_6	C3_C2C2YABBY_19	3	13	40	0.1315587028960544	0.2589848851414061
C3_C2C2YABBY_19	C4_C3H_9	3	40	13	0.1315587028960544	0.11706765708258529
C1_EIL_2-C4_EIL_6-C5_EIL_7	C3_C2C2YABBY_21	2	5	47	0.13046561461068842	0.4507036095978516
C2_WRKY_4	C3_C2C2YABBY_21	2	5	47	0.13046561461068842	1.1299148333604556
C3_ARF_6	C4_CCAATHAP3_1	4	50	19	0.12977713690461	-0.5919803952542967
C1_AP2EREBP_37	C3_C2H2_26	1	4	15	0.12909944487358055	1.4836507379417574
C3_AP2EREBP_62	C3_C2C2YABBY_19	4	24	40	0.12909944487358052	-0.37208256225290604
C3_C2C2YABBY_21	C3_HSF_10	5	47	32	0.1289276557823492	-0.893104764775358
C3_C2C2YABBY_21	C4_ND_3	5	47	32	0.1289276557823492	-0.9320776386773644
C2_bZIP_3-C3_bZIP_6-C4_bZIP_1	C4_REMB3_6	2	27	9	0.12830005981991685	0.37434298441858943
C3_C2C2gata_7	C4_C2C2gata_5	4	18	54	0.12830005981991685	-0.43597832926304136
C3_NLP_12	C4_ND_3	5	48	32	0.1275775907699572	-0.6365691735403934
C3_LOBAS2_5	C3_Trihelix_49	5	22	70	0.1274117978594064	-0.8132794818098115
C1_Trihelix_6	C4_CCAATHAP3_1	2	13	19	0.12725695259515557	0.7500000000000001
C3_G2like_3	C3_HSF_28	4	33	30	0.12712834523274563	-0.2980238313653104
C3_C2C2YABBY_21	C3_G2like_3	5	47	33	0.1269591790297564	-0.8592897030103279
C2_HSF_1	C2_HSF_30	3	35	16	0.1267731382092775	0.14372759414144273
C3_Trihelix_49	C4_ND_3	6	70	32	0.1267731382092775	-0.8600995907781939
C3_LOBAS2_5	C3_Trihelix_33	5	22	71	0.12651134984231438	-0.7404693099795855
C2_WRKY_4	C3_ARF_6	2	5	50	0.12649110640673517	0.6284641415728416
C3_NLP_20	C5_bHLH_6	2	84	3	0.12598815766974242	0.3627110607681839
C3_Trihelix_33	C4_G2like_12	3	71	8	0.12587720374450337	-0.13794704992266715
C3_HSF_28	C4_CCAATHAP3_1	3	30	19	0.12565617248750865	0.3819020064234337
C1_AP2EREBP_37	C2_HSF_30	1	4	16	0.125	1.4648192257880868
C1_bHLH_34	C4_ND_3	2	8	32	0.125	0.3737247959185797
C2_HSF_30	C3_HSF_27	4	16	64	0.125	-0.3333333333333334
C3_HSF_27	C3_HSF_27	8	64	64	0.125	-0.5861418485330331
C4_G2like_12	C4_G2like_12	1	8	8	0.125	2.291287847477921
C4_G2like_12	C4_ND_3	2	8	32	0.125	0.47220828014841953
C2_C2C2gata_15	C3_LOBAS2_5	5	73	22	0.12476628212648741	-0.9004547463711238
C1_Homeobox_9	C2_C2C2gata_15	3	8	73	0.1241408832903552	-0.06135238734453031
C1_Trihelix_6	C3_NLP_18	4	13	80	0.12403473458920845	-0.356383243253844
C2_HSF_1	C3_bZIP_51	7	35	91	0.12403473458920845	-1.9411082321988244
C3_NLP_18	C4_C3H_9	4	80	13	0.12403473458920845	-0.5409956889525769
C4_C3H_9	C4_HB_4-C5_HB_4	2	13	20	0.12403473458920845	0.8592097001276557
C2_GeBP_2	C5_bHLH_6	1	22	3	0.12309149097933271	0.8708276796303963
C3_ABI3VP1_7	C3_C2C2gata_7	5	92	18	0.12286829679574762	-0.9709570815709798
C3_HSF_28	C4_HB_4-C5_HB_4	3	30	20	0.12247448713915889	0.1145869406339638
C3_NLP_20	C4_HB_4-C5_HB_4	5	84	20	0.12198750911856665	-0.6694007039918745
C1_EIL_2-C4_EIL_6-C5_EIL_7	C4_C2C2gata_5	2	5	54	0.1217161238900369	0.44869321441581916
C2_bZIP_3-C3_bZIP_6-C4_bZIP_1	C3_C2C2YABBY_19	4	27	40	0.1217161238900369	-0.6081143506424843
C3_HSF_28	C4_REMB3_6	2	30	9	0.1217161238900369	0.5376827916736917
C3_G2like_3	C3_G2like_3	4	33	33	0.1212121212121212	0.9034869978067883
C3_bZIP_51	C5_bHLH_6	2	91	3	0.12104550653376046	0.33333333333333326
C2_GeBP_2	C3_C2C2gata_17	3	22	28	0.12087344460380704	-0.05688801239885748
C3_C2C2gata_17	C3_LOBAS2_5	3	28	22	0.12087344460380704	0.06372889329931317
C3_ABI3VP1_7	C5_bHLH_6	2	92	3	0.1203858530857692	0.2239752261451004
C1_Trihelix_6	C3_NLP_12	3	13	48	0.12009611535381534	-0.12403473458920858
C1_Homeobox_4	C3_bZIP_51	3	7	91	0.1188643277625491	0.0
C3_C2H2_26	C4_CCAATHAP3_1	2	15	19	0.11846977555181848	0.6791503773612184
C3_LOBAS2_5	C4_C3H_9	2	22	13	0.11826247919781653	0.5678187527901407
C3_C2C2gata_7	C3_HSF_27	4	18	64	0.11785113019775792	-0.5284716385983179
C4_ND_3	C4_REMB3_6	2	32	9	0.11785113019775792	0.24854790640047997
C1_WRKY_7	C3_NLP_12	2	6	48	0.1178511301977579	0.48082236894595093
C3_NLP_12	C4_BZR_7	2	48	6	0.1178511301977579	0.4574957109978142
C1_Trihelix_6	C3_ARF_6	3	13	50	0.11766968108291043	0.011077655144027502
C3_C2H2_40	C5_bHLH_6	2	97	3	0.11724207635210981	0.4666666666666666
C2_HSF_1	C3_Homeobox_14	6	35	75	0.117108008753824	-1.3413373794244376
C3_Trihelix_34	C4_CCAATHAP3_1	4	62	19	0.116543309349613	-0.8286309106098375
C2_HSF_1	C4_CCAATHAP3_1	3	35	19	0.1163350101494222	-0.09837975246980979
C2_GeBP_2	C3_NLP_20	5	22	84	0.11631052629980887	-1.2147429336201674
C3_ABI3VP1_7	C4_C3H_9	4	92	13	0.11566298639324804	-0.8636458923059073
C3_Homeobox_14	C4_REMB3_6	3	75	9	0.11547005383792516	-0.1612627940487601
C2_WRKY_4	C3_C2H2_26	1	5	15	0.11547005383792515	1.1962490654307827
C2_bZIP_3-C3_bZIP_6-C4_bZIP_1	C3_HSF_30	3	27	25	0.11547005383792515	-0.09534625892455931
C3_ARF_6	C4_C2C2gata_5	6	50	54	0.11547005383792515	-1.7462914536261573
C3_ARF_6	C4_MYBrelated_16	2	50	6	0.11547005383792515	0.3216644873451703
C3_C2H2_26	C4_HB_4-C5_HB_4	2	15	20	0.11547005383792515	0.555227728628072
C1_Homeobox_4	C3_C2H2_40	3	7	97	0.11512943346800043	-0.12087344460380717
C2_WRKY_4	C3_Trihelix_34	2	5	62	0.11359236684941296	0.5413902920037095
C1_Trihelix_6	C4_C2C2gata_5	3	13	54	0.11322770341445958	-0.04598004898717032
C4_C2C2gata_5	C4_C3H_9	3	54	13	0.11322770341445958	-0.4196930466529307
C1_Trihelix_6	C4_AP2EREBP_30-C5_AP2EREBP_18	1	13	6	0.11322770341445956	1.1487330537883813
C1_Trihelix_6	C4_BZR_7	1	13	6	0.11322770341445956	0.9618692838696564
C1_Trihelix_6	C4_MYBrelated_16	1	13	6	0.11322770341445956	0.8784381271934221
C3_AP2EREBP_62	C4_C3H_9	2	24	13	0.11322770341445956	0.924445458925614
C1_C3H_3	C2_C2C2gata_15	5	27	73	0.11262289639991434	-1.4962921489991052
C3_ARF_6	C3_C2C2YABBY_19	5	50	40	0.1118033988749895	-1.486558295189177
C1_Homeobox_9	C3_C2C2YABBY_19	2	8	40	0.11180339887498947	0.40975332090029504
C1_bHLH_34	C3_C2C2YABBY_19	2	8	40	0.11180339887498947	0.626099033699941
C2_HSF_30	C3_NLP_18	4	16	80	0.11180339887498947	-0.7342881617441561
C2_bZIP_3-C3_bZIP_6-C4_bZIP_1	C3_Homeobox_14	5	27	75	0.11111111111111113	-1.5727504463524125
C1_WRKY_7	C4_C2C2gata_5	2	6	54	0.1111111111111111	0.3779644730092272
C2_bZIP_3-C3_bZIP_6-C4_bZIP_1	C5_bHLH_6	1	27	3	0.1111111111111111	1.1066057433370033
C4_C2C2gata_5	C4_MYBrelated_16	2	54	6	0.1111111111111111	0.5577669021421793
C3_Trihelix_1	C4_C3H_9	2	25	13	0.11094003924504582	0.26376171964200273
C3_WRKY_8	C4_C3H_9	2	25	13	0.11094003924504582	0.4509650035383741
C2_HSF_1	C3_NLP_20	6	35	84	0.11065666703449763	-1.7556172079419585
C2_GeBP_2	C3_C2H2_16	5	22	93	0.11053942207134548	-1.2516581305814019
C3_C2H2_26	C3_LOBAS2_5	2	15	22	0.11009637651263605	0.242535625036333
C1_Homeobox_9	C3_C2H2_16	3	8	93	0.10998533626601498	-0.26157131550566476
C1_bHLH_34	C3_C2H2_16	3	8	93	0.10998533626601498	-0.2797762684421011
C3_C2C2gata_17	C5_bHLH_6	1	28	3	0.10910894511799618	0.7726911394933921
C2_bZIP_3-C3_bZIP_6-C4_bZIP_1	C3_ARF_6	4	27	50	0.10886621079036346	-0.8895079023550457
C2_GeBP_2	C3_Trihelix_34	4	22	62	0.10830607221477646	-0.7315445938842243
C2_HSF_30	C3_NLP_12	3	16	48	0.10825317547305482	-0.16208817969462144
C2_GeBP_2	C3_C2H2_40	5	22	97	0.10823626487770477	-1.4509798170007369
C3_C2C2gata_7	C4_CCAATHAP3_1	2	18	19	0.10814761408717502	0.24854790640047994
C1_Homeobox_4	C3_ARF_6	2	7	50	0.10690449676496974	0.242535625036333
C1_AP2EREBP_37	C2_GeBP_2	1	4	22	0.10660035817780521	0.8340360973874237
C2_HSF_30	C3_LOBAS2_5	2	16	22	0.10660035817780521	0.13088399820073768
C2_WRKY_4	C3_Trihelix_33	2	5	71	0.10614897848685505	0.1205303046053178
C3_HSF_30	C4_ND_3	3	25	32	0.10606601717798213	-0.7238423518714864
C3_HSF_10	C3_Trihelix_49	5	32	70	0.1056442818410646	-1.5435142566958135
C3_C2H2_26	C4_MYBrelated_16	1	15	6	0.10540925533894598	1.1246369913751448
C1_EIL_2-C4_EIL_6-C5_EIL_7	C3_C2C2gata_7	1	5	18	0.10540925533894596	0.8340360973874236
C1_Homeobox_4	C4_C3H_9	1	7	13	0.10482848367219182	0.5955500003825581
C3_C2C2gata_17	C4_C3H_9	2	28	13	0.10482848367219182	0.0819231920519041
C3_G2like_3	C3_Trihelix_49	5	33	70	0.10403129732205989	-1.6906451835967182
C3_Trihelix_34	C4_BZR_7	2	62	6	0.10369516947304253	0.12011416270764082
C3_Trihelix_34	C4_MYBrelated_16	2	62	6	0.10369516947304253	0.20555661294825953
C3_C2H2_26	C3_HSF_30	2	15	25	0.10327955589886444	-0.10319815272747794
C1_Homeobox_9	C3_C2C2YABBY_21	2	8	47	0.10314212462587934	0.029185420270888978
C1_Homeobox_4	C4_C2C2gata_5	2	7	54	0.10286889997472794	0.010815393906387949
C1_EIL_2-C4_EIL_6-C5_EIL_7	C4_CCAATHAP3_1	1	5	19	0.1025978352085154	0.8990229253768995
C2_HSF_30	C4_C2C2gata_5	3	16	54	0.10206207261596577	-0.6108671172882729
C2_bZIP_3-C3_bZIP_6-C4_bZIP_1	C3_HSF_10	3	27	32	0.10206207261596577	-0.3940552031195503
C1_Homeobox_9	C3_NLP_12	2	8	48	0.10206207261596575	0.24001200090007496
C1_WRKY_7	C3_HSF_27	2	6	64	0.10206207261596575	0.0705345615858599
C1_bHLH_34	C3_NLP_12	2	8	48	0.10206207261596575	0.3144854510165755
C1_bHLH_34	C4_NAC_67	1	8	12	0.10206207261596575	1.052273583003294
C2_G2like_49	C3_HSF_27	2	6	64	0.10206207261596575	0.13850867221288873
C2_HSF_30	C4_AP2EREBP_30-C5_AP2EREBP_18	1	16	6	0.10206207261596575	0.7808688094430303
C3_HSF_27	C4_BZR_7	2	64	6	0.10206207261596575	0.21426954312146448
C3_HSF_27	C4_MYBrelated_16	2	64	6	0.10206207261596575	0.2159218944664725
C3_NLP_12	C4_G2like_12	2	48	8	0.10206207261596575	-0.15950338297242125
C4_G2like_12	C4_NAC_67	1	8	12	0.10206207261596575	0.6595796519151753
C1_Trihelix_6	C3_HSF_28	2	13	30	0.10127393670836665	0.3545092819743717
C3_G2like_3	C3_NLP_12	4	33	48	0.10050378152592121	-1.1446641524110366
C1_AP2EREBP_37	C3_HSF_30	1	4	25	0.09999999999999999	0.5487396847647231
C1_Homeobox_9	C3_ARF_6	2	8	50	0.09999999999999999	-0.16552117772047378
C3_C2C2YABBY_19	C3_C2C2YABBY_19	4	40	40	0.09999999999999999	-0.024461489538608144
C3_Trihelix_33	C3_Trihelix_33	7	71	71	0.09859154929577464	-1.100307835292414
C2_GeBP_2	C3_Homeobox_14	4	22	75	0.09847319278346618	-1.2401462169138762
C3_Homeobox_14	C3_LOBAS2_5	4	75	22	0.09847319278346618	-1.1472943398719537
C1_C3H_3	C2_HSF_1	3	27	35	0.09759000729485333	-0.499903844303809
C1_WRKY_7	C3_Trihelix_49	2	6	70	0.09759000729485331	0.08043733802575787
C2_HSF_1	C5_bHLH_6	1	35	3	0.09759000729485331	0.7453559924999299
C1_WRKY_7	C3_Trihelix_33	2	6	71	0.09690031662230184	-0.08762159086766477
C2_G2like_49	C3_Trihelix_33	2	6	71	0.09690031662230184	-0.16403214180160428
C3_Trihelix_33	C4_BZR_7	2	71	6	0.09690031662230184	0.23076923076923078
C1_Trihelix_6	C3_G2like_3	2	13	33	0.09656090991705352	0.0843149140979015
C1_AP2EREBP_37	C1_C3H_3	1	4	27	0.09622504486493763	0.5039032598602687
C1_bHLH_34	C4_C2C2gata_5	2	8	54	0.09622504486493763	0.12700012700019048
C3_C2C2gata_7	C4_BZR_7	1	18	6	0.09622504486493762	0.789542033951723
C2_C2C2gata_15	C2_G2like_49	2	73	6	0.09556369651349932	-0.08043733802575788
C1_EIL_2-C4_EIL_6-C5_EIL_7	C2_GeBP_2	1	5	22	0.09534625892455922	0.5897435897435899
C3_LOBAS2_5	C4_HB_4-C5_HB_4	2	22	20	0.09534625892455922	0.013672996450347029
C3_ARF_6	C4_HB_4-C5_HB_4	3	50	20	0.09486832980505137	-0.9857426511607851
C1_Homeobox_4	C3_HSF_27	2	7	64	0.09449111825230681	-0.2252850868144608
C2_HSF_1	C3_NLP_18	5	35	80	0.09449111825230681	-1.7992465466392376
C3_Homeobox_14	C4_AP2EREBP_30-C5_AP2EREBP_18	2	75	6	0.09428090415820634	0.0
C3_C2C2gata_7	C3_HSF_30	2	18	25	0.09428090415820632	0.23354968324845693
C1_Trihelix_6	C2_HSF_1	2	13	35	0.09376144618769909	-0.16670777325667788
C3_bZIP_51	C4_HB_4-C5_HB_4	4	91	20	0.09376144618769908	-1.210965866240514
C3_HSF_10	C4_ND_3	3	32	32	0.09375	-0.8363325841045893
C4_ND_3	C4_ND_3	3	32	32	0.09375	0.14934802547658504
C4_CCAATHAP3_1	C4_MYBrelated_16	1	19	6	0.09365858115816939	0.6039571739702034
C3_ABI3VP1_7	C4_HB_4-C5_HB_4	4	92	20	0.09325048082403137	-1.443247108008308
C1_Trihelix_6	C4_REMB3_6	1	13	9	0.09245003270420486	0.32694704563810706
C2_GeBP_2	C3_NLP_12	3	22	48	0.09231861823449954	-0.8250404859345519
C1_C3H_3	C3_Trihelix_49	4	27	70	0.09200874124564723	-1.4660333322756627
C1_C3H_3	C3_C2C2YABBY_19	3	27	40	0.09128709291752768	-0.8666556627081133
C3_C2C2YABBY_19	C5_bHLH_6	1	40	3	0.09128709291752768	0.43027634401967046
C3_NLP_18	C4_MYBrelated_16	2	80	6	0.09128709291752768	-0.2298888540552311
C1_C3H_3	C3_C2C2gata_7	2	27	18	0.09072184232530289	-0.2166799219611495
C2_GeBP_2	C3_ARF_6	3	22	50	0.09045340337332909	-0.9456820031001675
C1_bHLH_34	C3_Trihelix_34	2	8	62	0.08980265101338744	-0.5447047794019222
C2_HSF_1	C4_ND_3	3	35	32	0.08964214570007953	-0.9941006060505467
C1_EIL_2-C4_EIL_6-C5_EIL_7	C3_HSF_30	1	5	25	0.08944271909999157	0.4364357804719849
C2_WRKY_4	C3_HSF_30	1	5	25	0.08944271909999157	0.33915110817805655
C1_WRKY_7	C3_NLP_20	2	6	84	0.0890870806374748	-0.20869042866766324
C2_G2like_49	C3_NLP_20	2	6	84	0.0890870806374748	-0.15030157270963398
C3_G2like_3	C3_Trihelix_34	4	33	62	0.08843153765707637	-1.8159829273135575
C1_bHLH_34	C2_HSF_30	1	8	16	0.08838834764831845	0.5163977794943224
C3_HSF_27	C4_G2like_12	2	64	8	0.08838834764831845	-0.31108550841912763
C2_bZIP_3-C3_bZIP_6-C4_bZIP_1	C4_CCAATHAP3_1	2	27	19	0.08830215713766959	-0.485247479415473
C2_HSF_1	C3_ABI3VP1_7	5	35	92	0.08811342210628018	-2.4822252517591594
C2_C2C2gata_15	C2_HSF_30	3	73	16	0.08778086039709793	-1.2275197805576796
C2_GeBP_2	C4_C2C2gata_5	3	22	54	0.08703882797784893	-0.913721893879281
C3_LOBAS2_5	C4_C2C2gata_5	3	22	54	0.08703882797784893	-1.1896262810614022
C1_WRKY_7	C2_GeBP_2	1	6	22	0.08703882797784891	0.19999999999999996
C2_G2like_49	C3_LOBAS2_5	1	6	22	0.08703882797784891	0.492386630288677
C2_GeBP_2	C3_AP2EREBP_62	2	22	24	0.08703882797784891	-0.4493190705875162
C2_GeBP_2	C4_AP2EREBP_30-C5_AP2EREBP_18	1	22	6	0.08703882797784891	0.36569711815989026
C2_GeBP_2	C4_MYBrelated_16	1	22	6	0.08703882797784891	0.5345224838248489
C3_C2H2_40	C3_LOBAS2_5	4	97	22	0.0865890119021638	-2.0481736680897185
C1_EIL_2-C4_EIL_6-C5_EIL_7	C2_bZIP_3-C3_bZIP_6-C4_bZIP_1	1	5	27	0.08606629658238704	0.6087807775281008
C2_bZIP_3-C3_bZIP_6-C4_bZIP_1	C4_HB_4-C5_HB_4	2	27	20	0.08606629658238704	-0.12767563045859864
C3_C2C2gata_7	C3_HSF_28	2	18	30	0.08606629658238704	-0.5768712822171774
C3_HSF_27	C4_CCAATHAP3_1	3	64	19	0.08603090020146066	-1.019644980921942
C2_HSF_1	C3_Trihelix_34	4	35	62	0.08586775814821837	-1.7393033469636692
C1_WRKY_7	C3_bZIP_51	2	6	91	0.08559209850218256	-0.5803190255732386
C3_bZIP_51	C4_MYBrelated_16	2	91	6	0.08559209850218256	-0.4650993068898953
C2_GeBP_2	C3_Trihelix_1	2	22	25	0.08528028654224418	-0.5768712822171773
C2_GeBP_2	C3_WRKY_8	2	22	25	0.08528028654224418	-0.3585685828003181
C1_WRKY_7	C3_ABI3VP1_7	2	6	92	0.08512565307587486	-0.3929585693117143
C2_G2like_49	C3_ABI3VP1_7	2	6	92	0.08512565307587486	-0.32002844823759896
C3_ABI3VP1_7	C4_MYBrelated_16	2	92	6	0.08512565307587486	-0.267827834114857
C1_WRKY_7	C3_C2H2_16	2	6	93	0.08466675133346033	-0.3505682426661799
C2_G2like_49	C3_C2H2_16	2	6	93	0.08466675133346033	-0.23958675399283183
C3_C2H2_16	C4_MYBrelated_16	2	93	6	0.08466675133346033	-0.40510652969003275
C1_AP2EREBP_37	C2_HSF_1	1	4	35	0.08451542547285167	0.4534134496738905
C1_bHLH_34	C3_Trihelix_49	2	8	70	0.08451542547285167	-0.3118914307759027
C1_Homeobox_4	C3_NLP_18	2	7	80	0.08451542547285165	-0.5151050242304009
C1_Homeobox_4	C4_HB_4-C5_HB_4	1	7	20	0.08451542547285165	0.43027634401967046
C3_C2C2YABBY_21	C5_bHLH_6	1	47	3	0.08421519210665189	0.08762159086766466
C1_Homeobox_9	C3_Trihelix_33	2	8	71	0.08391813582966891	-0.4325596899258545
C1_WRKY_7	C3_AP2EREBP_62	1	6	24	0.08333333333333333	0.220713567833313
C3_AP2EREBP_62	C4_AP2EREBP_30-C5_AP2EREBP_18	1	24	6	0.08333333333333333	0.34956331860724565
C3_AP2EREBP_62	C4_BZR_7	1	24	6	0.08333333333333333	0.8125
C3_AP2EREBP_62	C4_MYBrelated_16	1	24	6	0.08333333333333333	0.16552117772047376
C3_C2C2gata_7	C3_HSF_10	2	18	32	0.08333333333333333	-0.5897502382462007
C1_WRKY_7	C3_C2H2_40	2	6	97	0.08290266722896782	-0.5062424389906242
C3_C2H2_40	C4_AP2EREBP_30-C5_AP2EREBP_18	2	97	6	0.08290266722896782	-0.4366256656109591
C3_C2H2_40	C4_MYBrelated_16	2	97	6	0.08290266722896782	-0.4651588583993989
C1_C3H_3	C3_LOBAS2_5	2	27	22	0.08206099398622183	-0.5996826715806899
C2_GeBP_2	C2_bZIP_3-C3_bZIP_6-C4_bZIP_1	2	22	27	0.08206099398622183	-0.5571774037807604
C3_C2C2gata_7	C3_G2like_3	2	18	33	0.08206099398622181	-0.42414626666364585
C1_WRKY_7	C3_Trihelix_1	1	6	25	0.0816496580927726	0.1605487695908906
C1_WRKY_7	C3_WRKY_8	1	6	25	0.0816496580927726	0.2526455763199557
C2_G2like_49	C3_HSF_30	1	6	25	0.0816496580927726	0.38313051408846055
C3_HSF_30	C4_AP2EREBP_30-C5_AP2EREBP_18	1	25	6	0.0816496580927726	0.5547001962252293
C3_Trihelix_1	C4_AP2EREBP_30-C5_AP2EREBP_18	1	25	6	0.0816496580927726	0.27836557097636505
C3_Trihelix_1	C4_BZR_7	1	25	6	0.0816496580927726	0.17729688287117454
C3_WRKY_8	C4_AP2EREBP_30-C5_AP2EREBP_18	1	25	6	0.0816496580927726	0.3656971181598903
C3_WRKY_8	C4_BZR_7	1	25	6	0.0816496580927726	0.4157041699540495
C4_CCAATHAP3_1	C4_ND_3	2	19	32	0.08111071056538127	-0.8360796171499413
C1_Trihelix_6	C4_NAC_67	1	13	12	0.08006407690254355	0.7578757672667769
C4_C3H_9	C4_NAC_67	1	13	12	0.08006407690254355	0.020632815353005787
C2_HSF_30	C3_C2C2YABBY_19	2	16	40	0.07905694150420947	-0.6706134457228003
C2_WRKY_4	C4_ND_3	1	5	32	0.07905694150420947	0.34188172937891387
C1_C3H_3	C2_G2like_49	1	27	6	0.07856742013183861	0.3080430342483094
C1_C3H_3	C4_AP2EREBP_30-C5_AP2EREBP_18	1	27	6	0.07856742013183861	0.2028241438202175
C3_C2C2gata_7	C4_REMB3_6	1	18	9	0.07856742013183861	-0.03653920476209351
C3_ARF_6	C4_C3H_9	2	50	13	0.0784464540552736	-0.5145582966974868
C2_GeBP_2	C3_HSF_28	2	22	30	0.0778498944161523	-0.4482603227258543
C3_G2like_3	C4_HB_4-C5_HB_4	2	33	20	0.0778498944161523	-0.459353479431769
C2_G2like_49	C3_C2C2gata_17	1	6	28	0.07715167498104594	0.26454233863413495
C3_C2C2gata_17	C4_BZR_7	1	28	6	0.07715167498104594	-0.05440177183411608
C4_C3H_9	C4_C3H_9	1	13	13	0.07692307692307693	0.6087807775281008
C1_EIL_2-C4_EIL_6-C5_EIL_7	C2_HSF_1	1	5	35	0.07559289460184544	-0.16802628883594087
C2_HSF_1	C4_HB_4-C5_HB_4	2	35	20	0.07559289460184544	-0.5036554011451931
C1_Homeobox_9	C3_LOBAS2_5	1	8	22	0.07537783614444091	0.0
C1_bHLH_34	C2_GeBP_2	1	8	22	0.07537783614444091	0.20282414382021752
C2_GeBP_2	C4_ND_3	2	22	32	0.07537783614444091	-0.7381613105338254
C3_ARF_6	C3_HSF_10	3	50	32	0.075	-1.5916000057044668
C2_G2like_49	C3_HSF_28	1	6	30	0.07453559924999299	0.3876941429351981
C3_C2H2_26	C4_NAC_67	1	15	12	0.07453559924999299	0.22941573387056172
C3_G2like_3	C3_LOBAS2_5	2	33	22	0.07422696190252054	-0.9161672087472973
C1_bHLH_34	C3_bZIP_51	2	8	91	0.07412493166611012	-0.5293034030368442
C1_C3H_3	C1_C3H_3	2	27	27	0.07407407407407407	0.4685212856658183
C2_bZIP_3-C3_bZIP_6-C4_bZIP_1	C2_bZIP_3-C3_bZIP_6-C4_bZIP_1	2	27	27	0.07407407407407407	0.1687631851389036
C3_Trihelix_34	C4_NAC_67	2	62	12	0.07332355751067664	-0.9298772652614972
C2_bZIP_3-C3_bZIP_6-C4_bZIP_1	C3_HSF_27	3	27	64	0.07216878364870323	-1.7497559588635498
C1_WRKY_7	C3_HSF_10	1	6	32	0.07216878364870322	-0.07202824060656203
C3_AP2EREBP_62	C3_HSF_10	2	24	32	0.07216878364870322	-0.8357795835450462
C3_AP2EREBP_62	C4_G2like_12	1	24	8	0.07216878364870322	-0.08421519210665197
C3_HSF_10	C4_AP2EREBP_30-C5_AP2EREBP_18	1	32	6	0.07216878364870322	0.31707317073170743
C3_HSF_10	C4_MYBrelated_16	1	32	6	0.07216878364870322	0.07202824060656192
C3_C2H2_26	C4_C3H_9	1	15	13	0.07161148740394328	0.3841106397986881
C3_C2C2gata_17	C3_C2C2gata_17	2	28	28	0.07142857142857142	0.0496750700535408
C1_WRKY_7	C3_G2like_3	1	6	33	0.07106690545187014	0.0
C3_G2like_3	C4_C2C2gata_5	3	33	54	0.07106690545187014	-1.676447479031498
C3_HSF_10	C3_Trihelix_1	2	32	25	0.07071067811865475	-1.0862588493605392
C3_HSF_10	C3_WRKY_8	2	32	25	0.07071067811865475	-0.7882750504798006
C3_Trihelix_1	C4_G2like_12	1	25	8	0.07071067811865475	0.0
C3_WRKY_8	C4_G2like_12	1	25	8	0.07071067811865475	-0.038518560788567295
C3_Trihelix_34	C4_C3H_9	2	62	13	0.07044699536763468	-1.3413366630036168
C2_bZIP_3-C3_bZIP_6-C4_bZIP_1	C3_HSF_28	2	27	30	0.07027283689263064	-0.8466487815452374
C2_HSF_1	C3_C2H2_16	4	35	93	0.07011073093994918	-2.569920629560969
C1_Trihelix_6	C3_HSF_27	2	13	64	0.06933752452815364	-0.9611874017309738
C2_HSF_30	C4_C3H_9	1	16	13	0.06933752452815364	0.16552117772047376
C1_Homeobox_4	C3_HSF_28	1	7	30	0.06900655593423542	-0.02209169409030022
C2_HSF_1	C4_AP2EREBP_30-C5_AP2EREBP_18	1	35	6	0.06900655593423542	0.33915110817805655
C2_HSF_1	C3_C2H2_40	4	35	97	0.06864993051879689	-2.353733584034308
C3_Trihelix_33	C5_bHLH_6	1	71	3	0.06851887098275317	-0.12183590058232356
C1_C3H_3	C3_HSF_10	2	27	32	0.06804138174397717	-1.238774479871767
C1_Homeobox_9	C2_bZIP_3-C3_bZIP_6-C4_bZIP_1	1	8	27	0.06804138174397717	0.0
C2_bZIP_3-C3_bZIP_6-C4_bZIP_1	C4_G2like_12	1	27	8	0.06804138174397717	-0.1507556722888818
C3_AP2EREBP_62	C4_REMB3_6	1	24	9	0.06804138174397716	-0.05628408857966818
C3_C2C2gata_7	C4_NAC_67	1	18	12	0.06804138174397716	-0.22454435656953595
C2_C2C2gata_15	C4_NAC_67	2	73	12	0.06757373783994859	-1.0234323588315195
C3_C2C2YABBY_19	C3_LOBAS2_5	2	40	22	0.0674199862463242	-0.9593209511991503
C2_GeBP_2	C3_bZIP_51	3	22	91	0.06704852344015114	-2.0242125797801487
C2_bZIP_3-C3_bZIP_6-C4_bZIP_1	C3_G2like_3	2	27	33	0.0670025210172808	-0.8692370015643262
C1_Homeobox_4	C3_HSF_10	1	7	32	0.0668153104781061	-0.01633210937833198
C1_bHLH_34	C3_C2C2gata_17	1	8	28	0.0668153104781061	-0.2041241452319316
C3_C2C2gata_17	C4_G2like_12	1	28	8	0.0668153104781061	-0.12087344460380718
C3_HSF_28	C3_HSF_28	2	30	30	0.06666666666666667	-0.24077170617153837
C3_HSF_30	C4_REMB3_6	1	25	9	0.06666666666666667	-0.1476426941051124
C3_Homeobox_14	C4_NAC_67	2	75	12	0.06666666666666667	-1.1300813008130082
C3_Trihelix_1	C4_REMB3_6	1	25	9	0.06666666666666667	-0.03483665071458091
C3_WRKY_8	C4_REMB3_6	1	25	9	0.06666666666666667	-0.46162277466123774
C3_Trihelix_49	C4_C3H_9	2	70	13	0.06629935441317959	-1.0925042522020225
C1_Homeobox_9	C3_HSF_28	1	8	30	0.06454972243679027	-0.23896304999103027
C3_HSF_28	C4_G2like_12	1	30	8	0.06454972243679027	-0.15987530641254408
C3_C2C2YABBY_19	C4_AP2EREBP_30-C5_AP2EREBP_18	1	40	6	0.06454972243679026	-0.1622214211307625
C3_C2C2YABBY_19	C4_MYBrelated_16	1	40	6	0.06454972243679026	-0.06337242505244783
C1_C3H_3	C4_REMB3_6	1	27	9	0.06415002990995843	-0.24651472039504885
C4_C3H_9	C4_CCAATHAP3_1	1	13	19	0.06362847629757779	-0.19580259994945132
C1_EIL_2-C4_EIL_6-C5_EIL_7	C3_ARF_6	1	5	50	0.06324555320336758	-0.21096207113761928
C1_Homeobox_9	C3_HSF_10	1	8	32	0.0625	-0.3067757618912726
C2_HSF_30	C2_HSF_30	1	16	16	0.0625	0.4472135954999581
C3_HSF_10	C4_G2like_12	1	32	8	0.0625	-0.2701136305160441
C3_C2C2YABBY_21	C3_LOBAS2_5	2	47	22	0.062197041357112286	-1.2867430368712585
C1_Trihelix_6	C4_HB_4-C5_HB_4	1	13	20	0.06201736729460423	-0.05951397006436162
C2_HSF_1	C3_HSF_28	2	35	30	0.06172133998483676	-1.4880726658394805
C2_GeBP_2	C4_NAC_67	1	22	12	0.061545745489666355	-0.18784902384547195
C3_G2like_3	C4_G2like_12	1	33	8	0.061545745489666355	-0.3876098666065053
C3_G2like_3	C4_ND_3	2	33	32	0.061545745489666355	-1.2540306893947863
C3_ABI3VP1_7	C4_NAC_67	2	92	12	0.0601929265428846	-1.3444279939870498
C1_WRKY_7	C3_C2C2YABBY_21	1	6	47	0.05954913341754136	-0.4262037958835883
C1_Trihelix_6	C3_LOBAS2_5	1	13	22	0.059131239598908265	-0.2472256930290988
C3_HSF_10	C4_REMB3_6	1	32	9	0.05892556509887896	-0.3287979746107146
C2_G2like_49	C3_NLP_12	1	6	48	0.05892556509887895	-0.2772025714542446
C3_AP2EREBP_62	C4_NAC_67	1	24	12	0.05892556509887895	-0.2060379705667075
C3_G2like_3	C4_REMB3_6	1	33	9	0.05802588531856594	-0.4097533209002952
C1_WRKY_7	C3_ARF_6	1	6	50	0.057735026918962574	-0.36514837167011077
C3_HSF_30	C4_NAC_67	1	25	12	0.057735026918962574	-0.2041241452319315
C3_Trihelix_1	C4_NAC_67	1	25	12	0.057735026918962574	-0.4015563616884623
C3_WRKY_8	C4_NAC_67	1	25	12	0.057735026918962574	-0.14285714285714285
C1_AP2EREBP_37	C3_NLP_18	1	4	80	0.055901699437494734	-0.3943115579498688
C2_bZIP_3-C3_bZIP_6-C4_bZIP_1	C4_NAC_67	1	27	12	0.05555555555555555	-0.43477543898754767
C4_BZR_7	C4_C2C2gata_5	1	6	54	0.05555555555555555	-0.48373924412552033
C1_Homeobox_4	C3_C2C2YABBY_21	1	7	47	0.05513178464199712	-0.21707238158772652
C1_AP2EREBP_37	C3_NLP_20	1	4	84	0.0545544725589981	-0.32892146681210577
C3_C2C2gata_17	C4_NAC_67	1	28	12	0.05455447255899809	-0.3953943920371078
C3_ARF_6	C3_C2C2gata_17	2	50	28	0.05345224838248487	-1.9801891253414488
C1_Trihelix_6	C2_bZIP_3-C3_bZIP_6-C4_bZIP_1	1	13	27	0.053376051268362375	-0.3273751528441557
C2_bZIP_3-C3_bZIP_6-C4_bZIP_1	C4_C3H_9	1	27	13	0.053376051268362375	-0.7132745229577349
C2_GeBP_2	C2_HSF_30	1	22	16	0.053300179088902604	-0.32380964517520505
C3_HSF_28	C3_NLP_12	2	30	48	0.05270462766947299	-1.8925215118285388
C3_HSF_28	C4_NAC_67	1	30	12	0.05270462766947299	-0.6178215519319036
C3_C2C2YABBY_19	C4_REMB3_6	1	40	9	0.05270462766947298	-0.643111934362773
C4_CCAATHAP3_1	C4_CCAATHAP3_1	1	19	19	0.05263157894736842	0.40510652969003264
C1_Trihelix_6	C3_C2C2gata_17	1	13	28	0.05241424183609591	-0.5590852462516896
C1_EIL_2-C4_EIL_6-C5_EIL_7	C2_C2C2gata_15	1	5	73	0.05234239225902137	-0.5043943672911743
C2_C2C2gata_15	C2_WRKY_4	1	73	5	0.05234239225902137	-0.42008402520840304
C1_AP2EREBP_37	C3_ABI3VP1_7	1	4	92	0.052128603514268686	-0.4101515562147979
C1_WRKY_7	C3_Trihelix_34	1	6	62	0.05184758473652126	-0.5000000000000002
C3_HSF_10	C4_NAC_67	1	32	12	0.05103103630798288	-0.40393223342946305
C2_GeBP_2	C3_Trihelix_49	2	22	70	0.050964719143762556	-1.7558850928481224
C3_C2C2gata_7	C3_LOBAS2_5	1	18	22	0.050251890762960605	-0.9618692838696566
C3_G2like_3	C4_NAC_67	1	33	12	0.050251890762960605	-0.4098683297276306
C2_HSF_30	C3_HSF_30	1	16	25	0.049999999999999996	-0.7484205321485596
C1_C3H_3	C3_C2H2_26	1	27	15	0.04969039949999532	-0.7878385971583355
C3_ARF_6	C3_G2like_3	2	50	33	0.049236596391733084	-1.9781984617287693
C3_HSF_10	C4_C3H_9	1	32	13	0.049029033784546004	-0.6502032202644621
C3_LOBAS2_5	C4_CCAATHAP3_1	1	22	19	0.048911598804451846	-0.7507484882404061
C2_G2like_49	C3_Trihelix_49	1	6	70	0.04879500364742666	-0.6451416204711964
C2_HSF_1	C4_NAC_67	1	35	12	0.04879500364742666	-0.7540180293964597
C3_Trihelix_49	C4_MYBrelated_16	1	70	6	0.04879500364742666	-0.6609259449387207
C3_G2like_3	C4_C3H_9	1	33	13	0.04828045495852676	-0.6451416204711964
C1_Homeobox_4	C3_Trihelix_34	1	7	62	0.04800153607373193	-0.4850712500726661
C2_HSF_1	C3_ARF_6	2	35	50	0.04780914437337574	-1.9400975235733486
C1_WRKY_7	C2_C2C2gata_15	1	6	73	0.04778184825674966	-0.7017348104771448
C2_C2C2gata_15	C4_BZR_7	1	73	6	0.04778184825674966	-0.7120974346373421
C2_GeBP_2	C3_NLP_18	2	22	80	0.04767312946227961	-1.6872049428079863
C2_GeBP_2	C4_HB_4-C5_HB_4	1	22	20	0.04767312946227961	-0.5755155072177852
C2_G2like_49	C3_Homeobox_14	1	6	75	0.04714045207910317	-0.7235645834140799
C2_HSF_1	C4_C3H_9	1	35	13	0.046880723093849545	-0.8286876489787546
C2_WRKY_4	C3_ABI3VP1_7	1	5	92	0.046625240412015684	-0.690767602623459
C2_G2like_49	C3_NLP_18	1	6	80	0.04564354645876384	-0.7380831312942566
C3_AP2EREBP_62	C4_HB_4-C5_HB_4	1	24	20	0.04564354645876384	-0.7875615306482168
C2_GeBP_2	C2_GeBP_2	1	22	22	0.045454545454545456	0.051708768999501956
C2_bZIP_3-C3_bZIP_6-C4_bZIP_1	C3_C2C2gata_7	1	27	18	0.045360921162651446	-0.7623550515047937
C4_C2C2gata_5	C4_REMB3_6	1	54	9	0.045360921162651446	-0.9696634739677744
C2_C2C2gata_15	C2_bZIP_3-C3_bZIP_6-C4_bZIP_1	2	73	27	0.04504915855996573	-2.1247768563642633
C3_C2H2_26	C3_G2like_3	1	15	33	0.04494665749754947	-0.8307471607356971
C3_HSF_10	C3_Trihelix_34	2	32	62	0.04490132550669372	-2.4552639667067124
C1_Homeobox_4	C3_Trihelix_33	1	7	71	0.04485613040162566	-0.6534393241407962
C3_Trihelix_1	C4_HB_4-C5_HB_4	1	25	20	0.04472135954999579	-0.7507484882404062
C3_WRKY_8	C4_HB_4-C5_HB_4	1	25	20	0.04472135954999579	-0.8195144253494893
C3_NLP_20	C4_AP2EREBP_30-C5_AP2EREBP_18	1	84	6	0.0445435403187374	-1.0076482949781438
C2_HSF_30	C3_HSF_10	1	16	32	0.04419417382415922	-0.7809716225569102
C2_HSF_30	C4_ND_3	1	16	32	0.04419417382415922	-0.805917198589731
C1_Homeobox_4	C3_Homeobox_14	1	7	75	0.04364357804719848	-0.8498022803316682
C2_HSF_1	C3_C2H2_26	1	35	15	0.04364357804719848	-0.9407810188495884
C1_C3H_3	C4_HB_4-C5_HB_4	1	27	20	0.04303314829119352	-0.980196058819607
C2_G2like_49	C3_bZIP_51	1	6	91	0.04279604925109128	-0.8474034261318014
C3_bZIP_51	C4_AP2EREBP_30-C5_AP2EREBP_18	1	91	6	0.04279604925109128	-0.8424839344525957
C2_GeBP_2	C3_HSF_30	1	22	25	0.04264014327112209	-0.8610616496355502
C3_ABI3VP1_7	C4_AP2EREBP_30-C5_AP2EREBP_18	1	92	6	0.04256282653793743	-0.8465311547611045
C3_C2H2_16	C4_AP2EREBP_30-C5_AP2EREBP_18	1	93	6	0.042333375666730164	-0.9304425835611384
C3_Trihelix_34	C4_REMB3_6	1	62	9	0.042333375666730164	-1.1783186948251656
C3_NLP_12	C4_NAC_67	1	48	12	0.041666666666666664	-1.09881399569047
C2_G2like_49	C3_C2H2_40	1	6	97	0.04145133361448391	-0.8646842568294731
C2_C2C2gata_15	C4_G2like_12	1	73	8	0.0413802944301184	-0.9671157280228586
C2_bZIP_3-C3_bZIP_6-C4_bZIP_1	C3_LOBAS2_5	1	27	22	0.04103049699311091	-1.0155533108408028
C3_HSF_10	C4_CCAATHAP3_1	1	32	19	0.040555355282690636	-1.0229192194955052
C3_HSF_30	C3_HSF_30	1	25	25	0.039999999999999994	-0.23284515771189992
C2_HSF_1	C3_C2C2gata_7	1	35	18	0.03984095364447979	-1.2740129938367022
C4_HB_4-C5_HB_4	C4_ND_3	1	20	32	0.039528470752104736	-1.413561099333812
C2_bZIP_3-C3_bZIP_6-C4_bZIP_1	C3_AP2EREBP_62	1	27	24	0.039283710065919304	-1.1321658654440552
C4_C2C2gata_5	C4_NAC_67	1	54	12	0.039283710065919304	-0.9334224375298504
C1_Homeobox_4	C3_C2H2_16	1	7	93	0.03919309008348103	-1.4201361099357355
C3_AP2EREBP_62	C3_C2C2gata_17	1	24	28	0.03857583749052297	-1.1914881132454733
C3_NLP_20	C4_G2like_12	1	84	8	0.03857583749052297	-1.2441209500832064
C2_bZIP_3-C3_bZIP_6-C4_bZIP_1	C3_Trihelix_1	1	27	25	0.03849001794597504	-1.2455047375590556
C2_bZIP_3-C3_bZIP_6-C4_bZIP_1	C3_WRKY_8	1	27	25	0.03849001794597504	-1.2848513322069608
C3_C2C2gata_17	C3_Trihelix_1	1	28	25	0.03779644730092272	-1.2703592438120233
C3_C2C2gata_17	C3_WRKY_8	1	28	25	0.03779644730092272	-1.2000544254711485
C2_GeBP_2	C3_HSF_10	1	22	32	0.037688918072220454	-1.103629224488802
C3_HSF_10	C3_LOBAS2_5	1	32	22	0.037688918072220454	-1.4669579012978693
C3_AP2EREBP_62	C3_HSF_28	1	24	30	0.037267799624996496	-1.2152692733084887
C3_NLP_18	C4_REMB3_6	1	80	9	0.03726779962499649	-1.1209514113057328
C1_Homeobox_9	C3_bZIP_51	1	8	91	0.03706246583305506	-1.1509409587909094
C3_HSF_28	C3_Trihelix_1	1	30	25	0.03651483716701107	-1.423704929969771
C3_HSF_28	C3_WRKY_8	1	30	25	0.03651483716701107	-1.2510864843424487
C2_bZIP_3-C3_bZIP_6-C4_bZIP_1	C3_C2C2gata_17	1	27	28	0.036369648372665396	-1.3065491598369754
C3_HSF_27	C4_NAC_67	1	64	12	0.03608439182435161	-1.4989649580628948
C3_AP2EREBP_62	C3_G2like_3	1	24	33	0.03553345272593507	-1.3972160820883626
C3_G2like_3	C3_HSF_30	1	33	25	0.03481553119113956	-1.3625388586313247
C3_G2like_3	C3_Trihelix_1	1	33	25	0.03481553119113956	-1.3419180709477034
C3_G2like_3	C3_WRKY_8	1	33	25	0.03481553119113956	-1.626533906099009
C2_HSF_1	C3_AP2EREBP_62	1	35	24	0.03450327796711771	-1.4524080181184935
C3_Trihelix_49	C4_NAC_67	1	70	12	0.03450327796711771	-1.7057956259000275
C2_HSF_1	C3_Trihelix_1	1	35	25	0.033806170189140665	-1.332794099216278
C2_HSF_1	C3_WRKY_8	1	35	25	0.033806170189140665	-2.095423161598649
C2_GeBP_2	C3_C2C2YABBY_19	1	22	40	0.0337099931231621	-1.3034216341300509
C1_Trihelix_6	C2_C2C2gata_15	1	13	73	0.032461373658059775	-1.841313423478195
C3_NLP_12	C4_HB_4-C5_HB_4	1	48	20	0.03227486121839513	-1.475286612233465
C3_NLP_18	C4_NAC_67	1	80	12	0.03227486121839513	-1.401298099490741
C2_GeBP_2	C3_C2C2YABBY_21	1	22	47	0.031098520678556143	-1.4143551303536666
C2_HSF_1	C3_HSF_10	1	35	32	0.02988071523335984	-1.6315449990527295
C3_C2H2_40	C4_NAC_67	1	97	12	0.029310519088027454	-1.7786259541984732
C2_HSF_1	C3_C2C2YABBY_19	1	35	40	0.026726124191242435	-1.8615436757712491
C3_Trihelix_49	C4_HB_4-C5_HB_4	1	70	20	0.026726124191242435	-2.115105757931911
C3_Homeobox_14	C4_HB_4-C5_HB_4	1	75	20	0.025819888974716113	-1.8036385539223259
C2_HSF_1	C3_C2C2YABBY_21	1	35	47	0.024655683636076894	-2.280729376309258
