TF1	TF2	TF1_TF2_count	TF1_count	TF2_count	cosine	zscore
C2_MYB_53-C3_MYB_30-C5_MYB_21	C3_FAR1_4	36	6	13	4.076197322920544	0.22470747691175333
C2_E2FDP_18-C3_E2FDP_17-C4_E2FDP_10-C6_E2FDP_20-C9_E2FDP_8	C3_FAR1_4	28	4	13	3.882901373576604	0.7908590849531377
C2_BZR_21-C3_BZR_6	C3_FAR1_4	36	7	13	3.7738254121989057	-0.2889255724731014
C10_AP2EREBP_94	C3_FAR1_4	29	5	13	3.5970073030870453	0.07406716071624182
C3_FAR1_4	C3_bZIP_19	22	13	3	3.5228193837119166	0.8331815828675475
C10_AP2EREBP_39	C3_FAR1_4	21	3	13	3.3626912299068294	0.8577552617224319
C10_AP2EREBP_5-C13_AP2EREBP_2-C2_AP2EREBP_5-C3_AP2EREBP_5-C4_AP2EREBP_6-C6_AP2EREBP_6-C9_AP2EREBP_5	C3_FAR1_4	21	3	13	3.3626912299068294	0.5119686217262147
C3_FAR1_4	C6_Trihelix_13	21	13	3	3.3626912299068294	0.823726450625124
C10_ABI3VP1_14-C2_ABI3VP1_17-C3_ABI3VP1_7-C4_ABI3VP1_13-C6_ABI3VP1_21	C3_FAR1_4	29	6	13	3.2836033990193276	-0.5691621728496078
C1_E2FDP_9-C2_E2FDP_17-C3_E2FDP_16-C4_E2FDP_9-C6_E2FDP_19	C3_FAR1_4	29	6	13	3.2836033990193276	-0.7107964747976231
C2_TCP_47-C3_TCP_51	C3_FAR1_4	29	6	13	3.2836033990193276	-0.7292840265638505
C3_E2FDP_9	C3_FAR1_4	29	6	13	3.2836033990193276	-0.5462412699395947
C3_FAR1_4	C6_E2FDP_12	29	13	6	3.2836033990193276	-0.44961667005080125
C2_E2FDP_18-C3_E2FDP_17-C4_E2FDP_10-C6_E2FDP_20-C9_E2FDP_8	C2_MYB_53-C3_MYB_30-C5_MYB_21	15	4	6	3.061862178478973	0.9597712186393869
C10_ABI3VP1_14-C2_ABI3VP1_17-C3_ABI3VP1_7-C4_ABI3VP1_13-C6_ABI3VP1_21	C2_MYB_53-C3_MYB_30-C5_MYB_21	18	6	6	3.0	0.23137283527744834
C10_LOBAS2_29-C3_LOBAS2_22-C6_LOBAS2_34	C3_FAR1_4	15	2	13	2.9417420270727606	0.8207370252860963
C2_BZR_22	C3_FAR1_4	15	2	13	2.9417420270727606	0.7126770738555417
C2_CAMTA_5	C3_FAR1_4	15	2	13	2.9417420270727606	0.8916582412531884
C3_AP2EREBP_181-C6_AP2EREBP_232	C3_FAR1_4	15	2	13	2.9417420270727606	0.6734938835599577
C3_C2C2YABBY_5	C3_FAR1_4	15	2	13	2.9417420270727606	0.5958952379825273
C3_FAR1_4	C3_NAC_21-C6_NAC_60-C9_NAC_25	15	13	2	2.9417420270727606	0.9241496132376393
C2_ABI3VP1_18-C4_ABI3VP1_14-C6_ABI3VP1_22	C3_FAR1_4	21	4	13	2.9121760301824526	-0.12218914660869364
C2_AP2EREBP_142	C3_FAR1_4	21	4	13	2.9121760301824526	-0.44566881162492433
C3_FAR1_4	C6_bZIP_49	21	13	4	2.9121760301824526	-0.26287104691962904
C10_TCP_31-C2_TCP_27-C3_TCP_20-C4_TCP_35-C6_TCP_37	C3_FAR1_4	18	3	13	2.8823067684915684	0.13879710102405474
C10_HMG_3-C3_HMG_1-C6_HMG_3	C3_FAR1_4	14	2	13	2.7456258919345764	0.4510376146731272
C1_AP2EREBP_1-C10_AP2EREBP_1-C11_AP2EREBP_1-C3_AP2EREBP_1-C4_AP2EREBP_1-C6_AP2EREBP_1-C9_AP2EREBP_1	C3_FAR1_4	14	2	13	2.7456258919345764	0.5468445895202954
C3_AP2EREBP_20	C3_FAR1_4	14	2	13	2.7456258919345764	0.5406292920885892
C10_ABI3VP1_14-C2_ABI3VP1_17-C3_ABI3VP1_7-C4_ABI3VP1_13-C6_ABI3VP1_21	C10_AP2EREBP_94	15	6	5	2.7386127875258306	0.3238439328956881
C3_FAR1_4	C3_FAR1_4	35	13	13	2.692307692307692	0.16344020974795878
C1_E2FDP_9-C2_E2FDP_17-C3_E2FDP_16-C4_E2FDP_9-C6_E2FDP_19	C2_MYB_53-C3_MYB_30-C5_MYB_21	16	6	6	2.6666666666666665	-0.08992268103673262
C2_MYB_53-C3_MYB_30-C5_MYB_21	C2_TCP_47-C3_TCP_51	16	6	6	2.6666666666666665	-0.030647966895677756
C2_MYB_53-C3_MYB_30-C5_MYB_21	C6_E2FDP_12	16	6	6	2.6666666666666665	0.10897469018205115
C10_ABI3VP1_14-C2_ABI3VP1_17-C3_ABI3VP1_7-C4_ABI3VP1_13-C6_ABI3VP1_21	C2_E2FDP_18-C3_E2FDP_17-C4_E2FDP_10-C6_E2FDP_20-C9_E2FDP_8	13	6	4	2.6536138880151094	0.50669678329599
C2_BZR_21-C3_BZR_6	C2_E2FDP_18-C3_E2FDP_17-C4_E2FDP_10-C6_E2FDP_20-C9_E2FDP_8	14	7	4	2.6457513110645907	0.4323697725073314
C2_BZR_21-C3_BZR_6	C2_MYB_53-C3_MYB_30-C5_MYB_21	17	7	6	2.6231569493555624	-0.3022093085342014
C2_CAMTA_5	C2_MYB_53-C3_MYB_30-C5_MYB_21	9	2	6	2.598076211353316	1.333393806079054
C2_MYB_53-C3_MYB_30-C5_MYB_21	C3_AP2EREBP_181-C6_AP2EREBP_232	9	6	2	2.598076211353316	1.3362002419624548
C10_ABI3VP1_14-C2_ABI3VP1_17-C3_ABI3VP1_7-C4_ABI3VP1_13-C6_ABI3VP1_21	C10_AP2EREBP_39	11	6	3	2.5927248643506737	1.1021491676150426
C10_ABI3VP1_14-C2_ABI3VP1_17-C3_ABI3VP1_7-C4_ABI3VP1_13-C6_ABI3VP1_21	C10_AP2EREBP_5-C13_AP2EREBP_2-C2_AP2EREBP_5-C3_AP2EREBP_5-C4_AP2EREBP_6-C6_AP2EREBP_6-C9_AP2EREBP_5	11	6	3	2.5927248643506737	1.0348748721847152
C10_ABI3VP1_14-C2_ABI3VP1_17-C3_ABI3VP1_7-C4_ABI3VP1_13-C6_ABI3VP1_21	C6_Trihelix_13	11	6	3	2.5927248643506737	0.9824751188471589
C2_C2H2_58-C6_C2H2_67	C3_FAR1_4	16	3	13	2.5620504608813937	-0.4772307242642721
C3_FAR1_4	C3_bZIP_37-C6_bZIP_51	16	13	3	2.5620504608813937	-0.23131737698273686
C3_FAR1_4	C6_C2C2gata_28	16	13	3	2.5620504608813937	-0.19412356673885148
C10_FAR1_2-C2_FAR1_3-C3_FAR1_1-C4_FAR1_3-C6_FAR1_3-C7_FAR1_1	C3_FAR1_4	13	2	13	2.5495097567963922	0.4840077120070344
C3_E2FDP_7-C6_E2FDP_9	C3_FAR1_4	13	2	13	2.5495097567963922	0.5425839049209163
C2_MYB_53-C3_MYB_30-C5_MYB_21	C3_E2FDP_9	15	6	6	2.5	-0.25087260300212705
C2_CAMTA_5	C2_E2FDP_18-C3_E2FDP_17-C4_E2FDP_10-C6_E2FDP_20-C9_E2FDP_8	7	2	4	2.4748737341529163	1.8773359432723913
C2_E2FDP_18-C3_E2FDP_17-C4_E2FDP_10-C6_E2FDP_20-C9_E2FDP_8	C3_AP2EREBP_181-C6_AP2EREBP_232	7	4	2	2.4748737341529163	2.0465595024580767
C10_ABI3VP1_14-C2_ABI3VP1_17-C3_ABI3VP1_7-C4_ABI3VP1_13-C6_ABI3VP1_21	C2_BZR_21-C3_BZR_6	16	6	7	2.46885359939347	-0.32989452137712927
C10_AP2EREBP_94	C2_E2FDP_18-C3_E2FDP_17-C4_E2FDP_10-C6_E2FDP_20-C9_E2FDP_8	11	5	4	2.4596747752497685	0.6575928668873093
C2_AP2EREBP_142	C2_BZR_21-C3_BZR_6	13	4	7	2.4567690745599773	0.005435344538318403
C2_BZR_21-C3_BZR_6	C6_bZIP_49	13	7	4	2.4567690745599773	0.39297188779668457
C2_ABI3VP1_18-C4_ABI3VP1_14-C6_ABI3VP1_22	C2_MYB_53-C3_MYB_30-C5_MYB_21	12	4	6	2.4494897427831783	0.40755575681770745
C10_bZIP_2-C2_bZIP_2-C3_bZIP_2-C6_bZIP_2-C9_bZIP_1	C3_FAR1_4	12	2	13	2.3533936216582085	0.5487290648914401
C1_E2FDP_9-C2_E2FDP_17-C3_E2FDP_16-C4_E2FDP_9-C6_E2FDP_19	C2_BZR_21-C3_BZR_6	15	6	7	2.3145502494313788	-0.6229015772444266
C2_BZR_21-C3_BZR_6	C2_TCP_47-C3_TCP_51	15	7	6	2.3145502494313788	-0.6521739130434783
C2_BZR_21-C3_BZR_6	C6_E2FDP_12	15	7	6	2.3145502494313788	-0.40223783939646723
C10_AP2EREBP_39	C2_E2FDP_18-C3_E2FDP_17-C4_E2FDP_10-C6_E2FDP_20-C9_E2FDP_8	8	3	4	2.309401076758503	1.0524696231684352
C10_AP2EREBP_5-C13_AP2EREBP_2-C2_AP2EREBP_5-C3_AP2EREBP_5-C4_AP2EREBP_6-C6_AP2EREBP_6-C9_AP2EREBP_5	C2_E2FDP_18-C3_E2FDP_17-C4_E2FDP_10-C6_E2FDP_20-C9_E2FDP_8	8	3	4	2.309401076758503	1.052169902352684
C2_E2FDP_18-C3_E2FDP_17-C4_E2FDP_10-C6_E2FDP_20-C9_E2FDP_8	C6_Trihelix_13	8	4	3	2.309401076758503	0.8896802485305645
C2_ABI3VP1_18-C4_ABI3VP1_14-C6_ABI3VP1_22	C2_AP2EREBP_142	9	4	4	2.25	0.8858204600288297
C2_ABI3VP1_18-C4_ABI3VP1_14-C6_ABI3VP1_22	C2_E2FDP_18-C3_E2FDP_17-C4_E2FDP_10-C6_E2FDP_20-C9_E2FDP_8	9	4	4	2.25	0.622939578273845
C2_ABI3VP1_18-C4_ABI3VP1_14-C6_ABI3VP1_22	C6_bZIP_49	9	4	4	2.25	0.8548711248073947
C10_ABI3VP1_14-C2_ABI3VP1_17-C3_ABI3VP1_7-C4_ABI3VP1_13-C6_ABI3VP1_21	C2_AP2EREBP_142	11	6	4	2.2453655975512468	-0.03155099211463485
C10_ABI3VP1_14-C2_ABI3VP1_17-C3_ABI3VP1_7-C4_ABI3VP1_13-C6_ABI3VP1_21	C6_bZIP_49	11	6	4	2.2453655975512468	0.062047945177225027
C1_E2FDP_9-C2_E2FDP_17-C3_E2FDP_16-C4_E2FDP_9-C6_E2FDP_19	C2_E2FDP_18-C3_E2FDP_17-C4_E2FDP_10-C6_E2FDP_20-C9_E2FDP_8	11	6	4	2.2453655975512468	0.005028428122464303
C2_E2FDP_18-C3_E2FDP_17-C4_E2FDP_10-C6_E2FDP_20-C9_E2FDP_8	C2_TCP_47-C3_TCP_51	11	4	6	2.2453655975512468	-0.1293421381351983
C2_E2FDP_18-C3_E2FDP_17-C4_E2FDP_10-C6_E2FDP_20-C9_E2FDP_8	C3_E2FDP_9	11	4	6	2.2453655975512468	0.011953139919547101
C2_E2FDP_18-C3_E2FDP_17-C4_E2FDP_10-C6_E2FDP_20-C9_E2FDP_8	C6_E2FDP_12	11	4	6	2.2453655975512468	0.15259563694778241
C10_AP2EREBP_94	C2_AP2EREBP_142	10	5	4	2.23606797749979	0.3567221870264046
C10_AP2EREBP_94	C6_bZIP_49	10	5	4	2.23606797749979	0.3779489626383315
C10_bZIP_19-C13_bZIP_3	C3_FAR1_4	8	1	13	2.2188007849009166	0.8541966620925081
C10_TCP_31-C2_TCP_27-C3_TCP_20-C4_TCP_35-C6_TCP_37	C2_BZR_21-C3_BZR_6	10	3	7	2.1821789023599236	0.12481219775343824
C10_ABI3VP1_14-C2_ABI3VP1_17-C3_ABI3VP1_7-C4_ABI3VP1_13-C6_ABI3VP1_21	C1_E2FDP_9-C2_E2FDP_17-C3_E2FDP_16-C4_E2FDP_9-C6_E2FDP_19	13	6	6	2.1666666666666665	-0.6300199295170686
C10_ABI3VP1_14-C2_ABI3VP1_17-C3_ABI3VP1_7-C4_ABI3VP1_13-C6_ABI3VP1_21	C2_TCP_47-C3_TCP_51	13	6	6	2.1666666666666665	-0.550506188830721
C10_ABI3VP1_14-C2_ABI3VP1_17-C3_ABI3VP1_7-C4_ABI3VP1_13-C6_ABI3VP1_21	C3_E2FDP_9	13	6	6	2.1666666666666665	-0.6139043212568186
C10_ABI3VP1_14-C2_ABI3VP1_17-C3_ABI3VP1_7-C4_ABI3VP1_13-C6_ABI3VP1_21	C6_E2FDP_12	13	6	6	2.1666666666666665	-0.18313952149597867
C2_BZR_21-C3_BZR_6	C3_E2FDP_9	14	7	6	2.1602468994692865	-0.8751656233537003
C10_HMG_3-C3_HMG_1-C6_HMG_3	C2_E2FDP_18-C3_E2FDP_17-C4_E2FDP_10-C6_E2FDP_20-C9_E2FDP_8	6	2	4	2.121320343559643	1.297094943484012
C1_AP2EREBP_1-C10_AP2EREBP_1-C11_AP2EREBP_1-C3_AP2EREBP_1-C4_AP2EREBP_1-C6_AP2EREBP_1-C9_AP2EREBP_1	C2_E2FDP_18-C3_E2FDP_17-C4_E2FDP_10-C6_E2FDP_20-C9_E2FDP_8	6	2	4	2.121320343559643	1.1016830422964494
C2_E2FDP_18-C3_E2FDP_17-C4_E2FDP_10-C6_E2FDP_20-C9_E2FDP_8	C3_AP2EREBP_20	6	4	2	2.121320343559643	1.3428612636432653
C10_ABI3VP1_14-C2_ABI3VP1_17-C3_ABI3VP1_7-C4_ABI3VP1_13-C6_ABI3VP1_21	C3_bZIP_19	9	6	3	2.1213203435596424	0.27536631006406787
C10_AP2EREBP_39	C2_TCP_47-C3_TCP_51	9	3	6	2.1213203435596424	0.3922322702763681
C10_AP2EREBP_39	C6_E2FDP_12	9	3	6	2.1213203435596424	0.5365650547794216
C10_TCP_31-C2_TCP_27-C3_TCP_20-C4_TCP_35-C6_TCP_37	C2_MYB_53-C3_MYB_30-C5_MYB_21	9	3	6	2.1213203435596424	0.29649972666444074
C10_AP2EREBP_94	C10_TCP_31-C2_TCP_27-C3_TCP_20-C4_TCP_35-C6_TCP_37	8	5	3	2.0655911179772883	0.5175172610708118
C10_AP2EREBP_39	C10_bZIP_2-C2_bZIP_2-C3_bZIP_2-C6_bZIP_2-C9_bZIP_1	5	3	2	2.041241452319315	1.7835085408651588
C10_AP2EREBP_39	C2_CAMTA_5	5	3	2	2.041241452319315	1.6994275785292134
C10_AP2EREBP_39	C3_AP2EREBP_181-C6_AP2EREBP_232	5	3	2	2.041241452319315	1.8347495817742305
C10_AP2EREBP_5-C13_AP2EREBP_2-C2_AP2EREBP_5-C3_AP2EREBP_5-C4_AP2EREBP_6-C6_AP2EREBP_6-C9_AP2EREBP_5	C10_bZIP_2-C2_bZIP_2-C3_bZIP_2-C6_bZIP_2-C9_bZIP_1	5	3	2	2.041241452319315	1.735841234639311
C10_AP2EREBP_5-C13_AP2EREBP_2-C2_AP2EREBP_5-C3_AP2EREBP_5-C4_AP2EREBP_6-C6_AP2EREBP_6-C9_AP2EREBP_5	C2_CAMTA_5	5	3	2	2.041241452319315	1.7274303170087915
C10_AP2EREBP_5-C13_AP2EREBP_2-C2_AP2EREBP_5-C3_AP2EREBP_5-C4_AP2EREBP_6-C6_AP2EREBP_6-C9_AP2EREBP_5	C3_AP2EREBP_181-C6_AP2EREBP_232	5	3	2	2.041241452319315	1.4832396974191324
C10_FAR1_2-C2_FAR1_3-C3_FAR1_1-C4_FAR1_3-C6_FAR1_3-C7_FAR1_1	C3_bZIP_19	5	2	3	2.041241452319315	1.3432115650697478
C10_FAR1_9-C2_FAR1_12-C3_FAR1_10-C6_FAR1_15	C2_MYB_53-C3_MYB_30-C5_MYB_21	5	1	6	2.041241452319315	1.9130714006106793
C10_bZIP_2-C2_bZIP_2-C3_bZIP_2-C6_bZIP_2-C9_bZIP_1	C6_Trihelix_13	5	2	3	2.041241452319315	1.8943620548714308
C2_CAMTA_5	C6_Trihelix_13	5	2	3	2.041241452319315	1.555031834516355
C2_MYB_40	C2_MYB_53-C3_MYB_30-C5_MYB_21	5	1	6	2.041241452319315	1.457565776206299
C3_AP2EREBP_181-C6_AP2EREBP_232	C6_Trihelix_13	5	2	3	2.041241452319315	1.5877132402714706
C10_ABI3VP1_14-C2_ABI3VP1_17-C3_ABI3VP1_7-C4_ABI3VP1_13-C6_ABI3VP1_21	C10_HMG_3-C3_HMG_1-C6_HMG_3	7	6	2	2.0207259421636903	0.5449883505954141
C10_ABI3VP1_14-C2_ABI3VP1_17-C3_ABI3VP1_7-C4_ABI3VP1_13-C6_ABI3VP1_21	C10_LOBAS2_29-C3_LOBAS2_22-C6_LOBAS2_34	7	6	2	2.0207259421636903	0.5856175115267878
C10_ABI3VP1_14-C2_ABI3VP1_17-C3_ABI3VP1_7-C4_ABI3VP1_13-C6_ABI3VP1_21	C1_AP2EREBP_1-C10_AP2EREBP_1-C11_AP2EREBP_1-C3_AP2EREBP_1-C4_AP2EREBP_1-C6_AP2EREBP_1-C9_AP2EREBP_1	7	6	2	2.0207259421636903	0.46982230251464113
C10_ABI3VP1_14-C2_ABI3VP1_17-C3_ABI3VP1_7-C4_ABI3VP1_13-C6_ABI3VP1_21	C2_BZR_22	7	6	2	2.0207259421636903	0.5956257119051451
C10_ABI3VP1_14-C2_ABI3VP1_17-C3_ABI3VP1_7-C4_ABI3VP1_13-C6_ABI3VP1_21	C3_AP2EREBP_20	7	6	2	2.0207259421636903	0.6459751934999391
C10_ABI3VP1_14-C2_ABI3VP1_17-C3_ABI3VP1_7-C4_ABI3VP1_13-C6_ABI3VP1_21	C3_C2C2YABBY_5	7	6	2	2.0207259421636903	0.4878257549330545
C10_ABI3VP1_14-C2_ABI3VP1_17-C3_ABI3VP1_7-C4_ABI3VP1_13-C6_ABI3VP1_21	C3_NAC_21-C6_NAC_60-C9_NAC_25	7	6	2	2.0207259421636903	0.7462777811237343
C10_AP2EREBP_39	C2_ABI3VP1_18-C4_ABI3VP1_14-C6_ABI3VP1_22	7	3	4	2.0207259421636903	0.8850096827561195
C10_AP2EREBP_5-C13_AP2EREBP_2-C2_AP2EREBP_5-C3_AP2EREBP_5-C4_AP2EREBP_6-C6_AP2EREBP_6-C9_AP2EREBP_5	C2_ABI3VP1_18-C4_ABI3VP1_14-C6_ABI3VP1_22	7	3	4	2.0207259421636903	0.5804294924639211
C10_FAR1_2-C2_FAR1_3-C3_FAR1_1-C4_FAR1_3-C6_FAR1_3-C7_FAR1_1	C2_MYB_53-C3_MYB_30-C5_MYB_21	7	2	6	2.0207259421636903	0.8152133857595861
C10_LOBAS2_29-C3_LOBAS2_22-C6_LOBAS2_34	C2_MYB_53-C3_MYB_30-C5_MYB_21	7	2	6	2.0207259421636903	0.6180642325727469
C10_TCP_31-C2_TCP_27-C3_TCP_20-C4_TCP_35-C6_TCP_37	C2_E2FDP_18-C3_E2FDP_17-C4_E2FDP_10-C6_E2FDP_20-C9_E2FDP_8	7	3	4	2.0207259421636903	0.654113125928574
C10_bZIP_2-C2_bZIP_2-C3_bZIP_2-C6_bZIP_2-C9_bZIP_1	C2_MYB_53-C3_MYB_30-C5_MYB_21	7	2	6	2.0207259421636903	0.8564823256616161
C2_ABI3VP1_18-C4_ABI3VP1_14-C6_ABI3VP1_22	C6_Trihelix_13	7	4	3	2.0207259421636903	0.7898323080487506
C2_BZR_22	C2_MYB_53-C3_MYB_30-C5_MYB_21	7	2	6	2.0207259421636903	0.44407154069535076
C2_E2FDP_18-C3_E2FDP_17-C4_E2FDP_10-C6_E2FDP_20-C9_E2FDP_8	C3_bZIP_19	7	4	3	2.0207259421636903	0.6057934836092389
C2_MYB_53-C3_MYB_30-C5_MYB_21	C3_E2FDP_7-C6_E2FDP_9	7	6	2	2.0207259421636903	0.9184056500235154
C10_AP2EREBP_94	C2_ABI3VP1_18-C4_ABI3VP1_14-C6_ABI3VP1_22	9	5	4	2.0124611797498106	0.023138789087453947
C10_AP2EREBP_39	C10_TCP_31-C2_TCP_27-C3_TCP_20-C4_TCP_35-C6_TCP_37	6	3	3	2.0	1.1659976680069963
C10_AP2EREBP_5-C13_AP2EREBP_2-C2_AP2EREBP_5-C3_AP2EREBP_5-C4_AP2EREBP_6-C6_AP2EREBP_6-C9_AP2EREBP_5	C10_TCP_31-C2_TCP_27-C3_TCP_20-C4_TCP_35-C6_TCP_37	6	3	3	2.0	0.9138115486202573
C10_TCP_31-C2_TCP_27-C3_TCP_20-C4_TCP_35-C6_TCP_37	C3_bZIP_19	6	3	3	2.0	1.0736785484931728
C3_bZIP_19	C3_bZIP_37-C6_bZIP_51	6	3	3	2.0	0.9108483145656457
C10_AP2EREBP_39	C2_BZR_21-C3_BZR_6	9	3	7	1.9639610121239313	0.06715686934670964
C10_AP2EREBP_5-C13_AP2EREBP_2-C2_AP2EREBP_5-C3_AP2EREBP_5-C4_AP2EREBP_6-C6_AP2EREBP_6-C9_AP2EREBP_5	C2_BZR_21-C3_BZR_6	9	3	7	1.9639610121239313	-0.24348971083796264
C2_BZR_21-C3_BZR_6	C3_bZIP_37-C6_bZIP_51	9	7	3	1.9639610121239313	-0.030051130419574378
C2_BZR_21-C3_BZR_6	C6_Trihelix_13	9	7	3	1.9639610121239313	0.04008122633807242
C2_MYB_40	C3_FAR1_4	7	1	13	1.941450686788302	0.5654954437835618
C3_AP2EREBP_90	C3_FAR1_4	7	1	13	1.941450686788302	0.41957439985371986
C10_AP2EREBP_94	C10_bZIP_2-C2_bZIP_2-C3_bZIP_2-C6_bZIP_2-C9_bZIP_1	6	5	2	1.8973665961010275	0.9875833774702104
C10_AP2EREBP_94	C2_CAMTA_5	6	5	2	1.8973665961010275	0.8498022803316682
C10_AP2EREBP_94	C3_AP2EREBP_181-C6_AP2EREBP_232	6	5	2	1.8973665961010275	0.5731048009710853
C10_bZIP_19-C13_bZIP_3	C2_BZR_21-C3_BZR_6	5	1	7	1.8898223650461365	0.9006117342443266
C2_ABI3VP1_18-C4_ABI3VP1_14-C6_ABI3VP1_22	C2_BZR_21-C3_BZR_6	10	4	7	1.8898223650461365	-0.5840090364818172
C10_ABI3VP1_14-C2_ABI3VP1_17-C3_ABI3VP1_7-C4_ABI3VP1_13-C6_ABI3VP1_21	C10_TCP_31-C2_TCP_27-C3_TCP_20-C4_TCP_35-C6_TCP_37	8	6	3	1.8856180831641265	-0.0208308220526516
C10_ABI3VP1_14-C2_ABI3VP1_17-C3_ABI3VP1_7-C4_ABI3VP1_13-C6_ABI3VP1_21	C2_C2H2_58-C6_C2H2_67	8	6	3	1.8856180831641265	-0.22308455461326435
C10_ABI3VP1_14-C2_ABI3VP1_17-C3_ABI3VP1_7-C4_ABI3VP1_13-C6_ABI3VP1_21	C6_C2C2gata_28	8	6	3	1.8856180831641265	-0.07496883400327199
C10_AP2EREBP_39	C1_E2FDP_9-C2_E2FDP_17-C3_E2FDP_16-C4_E2FDP_9-C6_E2FDP_19	8	3	6	1.8856180831641265	0.0
C10_AP2EREBP_39	C2_MYB_53-C3_MYB_30-C5_MYB_21	8	3	6	1.8856180831641265	0.04518386438505039
C10_AP2EREBP_39	C3_E2FDP_9	8	3	6	1.8856180831641265	0.03346372407051262
C10_AP2EREBP_5-C13_AP2EREBP_2-C2_AP2EREBP_5-C3_AP2EREBP_5-C4_AP2EREBP_6-C6_AP2EREBP_6-C9_AP2EREBP_5	C1_E2FDP_9-C2_E2FDP_17-C3_E2FDP_16-C4_E2FDP_9-C6_E2FDP_19	8	3	6	1.8856180831641265	-0.3159008189739345
C10_AP2EREBP_5-C13_AP2EREBP_2-C2_AP2EREBP_5-C3_AP2EREBP_5-C4_AP2EREBP_6-C6_AP2EREBP_6-C9_AP2EREBP_5	C2_MYB_53-C3_MYB_30-C5_MYB_21	8	3	6	1.8856180831641265	-0.29044201134106234
C10_AP2EREBP_5-C13_AP2EREBP_2-C2_AP2EREBP_5-C3_AP2EREBP_5-C4_AP2EREBP_6-C6_AP2EREBP_6-C9_AP2EREBP_5	C2_TCP_47-C3_TCP_51	8	3	6	1.8856180831641265	-0.21019904435192358
C10_AP2EREBP_5-C13_AP2EREBP_2-C2_AP2EREBP_5-C3_AP2EREBP_5-C4_AP2EREBP_6-C6_AP2EREBP_6-C9_AP2EREBP_5	C3_E2FDP_9	8	3	6	1.8856180831641265	-0.3489532490042596
C10_AP2EREBP_5-C13_AP2EREBP_2-C2_AP2EREBP_5-C3_AP2EREBP_5-C4_AP2EREBP_6-C6_AP2EREBP_6-C9_AP2EREBP_5	C6_E2FDP_12	8	3	6	1.8856180831641265	0.02615776237237809
C10_TCP_31-C2_TCP_27-C3_TCP_20-C4_TCP_35-C6_TCP_37	C1_E2FDP_9-C2_E2FDP_17-C3_E2FDP_16-C4_E2FDP_9-C6_E2FDP_19	8	3	6	1.8856180831641265	-0.044629462820749324
C10_TCP_31-C2_TCP_27-C3_TCP_20-C4_TCP_35-C6_TCP_37	C2_TCP_47-C3_TCP_51	8	3	6	1.8856180831641265	-0.13745705138111672
C10_TCP_31-C2_TCP_27-C3_TCP_20-C4_TCP_35-C6_TCP_37	C3_E2FDP_9	8	3	6	1.8856180831641265	-0.021855929440703453
C10_TCP_31-C2_TCP_27-C3_TCP_20-C4_TCP_35-C6_TCP_37	C6_E2FDP_12	8	3	6	1.8856180831641265	0.019763806478655707
C1_E2FDP_9-C2_E2FDP_17-C3_E2FDP_16-C4_E2FDP_9-C6_E2FDP_19	C3_bZIP_19	8	6	3	1.8856180831641265	-0.17667813008390235
C1_E2FDP_9-C2_E2FDP_17-C3_E2FDP_16-C4_E2FDP_9-C6_E2FDP_19	C6_Trihelix_13	8	6	3	1.8856180831641265	0.11104343264519372
C2_MYB_53-C3_MYB_30-C5_MYB_21	C6_Trihelix_13	8	6	3	1.8856180831641265	-0.0806520518876755
C2_TCP_47-C3_TCP_51	C6_Trihelix_13	8	6	3	1.8856180831641265	0.10094577611846624
C3_E2FDP_9	C3_bZIP_19	8	6	3	1.8856180831641265	-0.12813001037567437
C3_E2FDP_9	C6_Trihelix_13	8	6	3	1.8856180831641265	0.02545963789141838
C6_E2FDP_12	C6_Trihelix_13	8	6	3	1.8856180831641265	0.2551715897056842
C10_bZIP_2-C2_bZIP_2-C3_bZIP_2-C6_bZIP_2-C9_bZIP_1	C2_BZR_21-C3_BZR_6	7	2	7	1.8708286933869709	0.6323308242473833
C2_BZR_21-C3_BZR_6	C2_CAMTA_5	7	7	2	1.8708286933869709	0.26183376247257706
C2_BZR_21-C3_BZR_6	C3_AP2EREBP_181-C6_AP2EREBP_232	7	7	2	1.8708286933869709	0.21938401861059378
C1_E2FDP_9-C2_E2FDP_17-C3_E2FDP_16-C4_E2FDP_9-C6_E2FDP_19	C2_ABI3VP1_18-C4_ABI3VP1_14-C6_ABI3VP1_22	9	6	4	1.8371173070873836	-0.38867281596977954
C2_ABI3VP1_18-C4_ABI3VP1_14-C6_ABI3VP1_22	C2_TCP_47-C3_TCP_51	9	4	6	1.8371173070873836	-0.32606298543747253
C2_ABI3VP1_18-C4_ABI3VP1_14-C6_ABI3VP1_22	C3_E2FDP_9	9	4	6	1.8371173070873836	-0.3514441598651264
C2_ABI3VP1_18-C4_ABI3VP1_14-C6_ABI3VP1_22	C6_E2FDP_12	9	4	6	1.8371173070873836	-0.19492532648962352
C2_AP2EREBP_142	C2_MYB_53-C3_MYB_30-C5_MYB_21	9	4	6	1.8371173070873836	-0.5547001962252291
C2_AP2EREBP_142	C2_TCP_47-C3_TCP_51	9	4	6	1.8371173070873836	-0.6170774996866587
C2_AP2EREBP_142	C6_E2FDP_12	9	4	6	1.8371173070873836	-0.31421031154967755
C2_MYB_53-C3_MYB_30-C5_MYB_21	C6_bZIP_49	9	6	4	1.8371173070873836	-0.41382899964387027
C2_TCP_47-C3_TCP_51	C6_bZIP_49	9	6	4	1.8371173070873836	-0.45034100140211475
C6_E2FDP_12	C6_bZIP_49	9	6	4	1.8371173070873836	-0.1823881703146888
C10_AP2EREBP_94	C1_E2FDP_9-C2_E2FDP_17-C3_E2FDP_16-C4_E2FDP_9-C6_E2FDP_19	10	5	6	1.8257418583505538	-0.7563705666781008
C10_AP2EREBP_94	C2_MYB_53-C3_MYB_30-C5_MYB_21	10	5	6	1.8257418583505538	-0.8601653289127521
C10_AP2EREBP_94	C2_TCP_47-C3_TCP_51	10	5	6	1.8257418583505538	-0.6334047309796027
C10_AP2EREBP_94	C3_E2FDP_9	10	5	6	1.8257418583505538	-0.7840018660562491
C10_AP2EREBP_94	C6_E2FDP_12	10	5	6	1.8257418583505538	-0.5089133578079825
C10_AP2EREBP_94	C3_bZIP_37-C6_bZIP_51	7	5	3	1.8073922282301276	0.26276481749326747
C10_AP2EREBP_94	C10_FAR1_9-C2_FAR1_12-C3_FAR1_10-C6_FAR1_15	4	5	1	1.7888543819998315	1.3083342403217217
C10_AP2EREBP_94	C10_bZIP_19-C13_bZIP_3	4	5	1	1.7888543819998315	1.3296784759235096
C10_AP2EREBP_94	C2_MYB_40	4	5	1	1.7888543819998315	1.166919931983157
C10_FAR1_2-C2_FAR1_3-C3_FAR1_1-C4_FAR1_3-C6_FAR1_3-C7_FAR1_1	C2_AP2EREBP_142	5	2	4	1.767766952966369	0.7081551239136962
C10_FAR1_2-C2_FAR1_3-C3_FAR1_1-C4_FAR1_3-C6_FAR1_3-C7_FAR1_1	C2_E2FDP_18-C3_E2FDP_17-C4_E2FDP_10-C6_E2FDP_20-C9_E2FDP_8	5	2	4	1.767766952966369	0.6767529681839595
C10_FAR1_2-C2_FAR1_3-C3_FAR1_1-C4_FAR1_3-C6_FAR1_3-C7_FAR1_1	C6_bZIP_49	5	2	4	1.767766952966369	0.9000703207408193
C10_LOBAS2_29-C3_LOBAS2_22-C6_LOBAS2_34	C2_AP2EREBP_142	5	2	4	1.767766952966369	0.6147786234942719
C10_LOBAS2_29-C3_LOBAS2_22-C6_LOBAS2_34	C2_E2FDP_18-C3_E2FDP_17-C4_E2FDP_10-C6_E2FDP_20-C9_E2FDP_8	5	2	4	1.767766952966369	0.8195144253494893
C10_LOBAS2_29-C3_LOBAS2_22-C6_LOBAS2_34	C6_bZIP_49	5	2	4	1.767766952966369	0.6110690269570541
C2_AP2EREBP_142	C2_BZR_22	5	4	2	1.767766952966369	0.703989469396047
C2_AP2EREBP_142	C2_CAMTA_5	5	4	2	1.767766952966369	0.7765950249983256
C2_AP2EREBP_142	C3_AP2EREBP_181-C6_AP2EREBP_232	5	4	2	1.767766952966369	0.7926239891045999
C2_AP2EREBP_142	C3_C2C2YABBY_5	5	4	2	1.767766952966369	0.7109355931247003
C2_AP2EREBP_142	C3_E2FDP_7-C6_E2FDP_9	5	4	2	1.767766952966369	0.9304340030613442
C2_AP2EREBP_142	C3_NAC_21-C6_NAC_60-C9_NAC_25	5	4	2	1.767766952966369	1.018967734512612
C2_BZR_22	C2_E2FDP_18-C3_E2FDP_17-C4_E2FDP_10-C6_E2FDP_20-C9_E2FDP_8	5	2	4	1.767766952966369	0.5153385008824816
C2_BZR_22	C6_bZIP_49	5	2	4	1.767766952966369	0.6800981578078148
C2_CAMTA_5	C6_bZIP_49	5	2	4	1.767766952966369	0.8854651362208941
C2_E2FDP_18-C3_E2FDP_17-C4_E2FDP_10-C6_E2FDP_20-C9_E2FDP_8	C3_C2C2YABBY_5	5	4	2	1.767766952966369	0.5755155072177854
C2_E2FDP_18-C3_E2FDP_17-C4_E2FDP_10-C6_E2FDP_20-C9_E2FDP_8	C3_E2FDP_7-C6_E2FDP_9	5	4	2	1.767766952966369	0.8017516100686081
C2_E2FDP_18-C3_E2FDP_17-C4_E2FDP_10-C6_E2FDP_20-C9_E2FDP_8	C3_NAC_21-C6_NAC_60-C9_NAC_25	5	4	2	1.767766952966369	0.7120974346373422
C3_AP2EREBP_181-C6_AP2EREBP_232	C6_bZIP_49	5	2	4	1.767766952966369	0.7671877736155372
C3_C2C2YABBY_5	C6_bZIP_49	5	2	4	1.767766952966369	0.6761696466745432
C3_E2FDP_7-C6_E2FDP_9	C6_bZIP_49	5	2	4	1.767766952966369	0.7071067811865475
C3_NAC_21-C6_NAC_60-C9_NAC_25	C6_bZIP_49	5	2	4	1.767766952966369	0.8046797987672245
C2_AP2EREBP_142	C2_E2FDP_18-C3_E2FDP_17-C4_E2FDP_10-C6_E2FDP_20-C9_E2FDP_8	7	4	4	1.75	-0.1608111518027696
C2_E2FDP_18-C3_E2FDP_17-C4_E2FDP_10-C6_E2FDP_20-C9_E2FDP_8	C6_bZIP_49	7	4	4	1.75	-0.05246574449354064
C10_AP2EREBP_39	C10_FAR1_9-C2_FAR1_12-C3_FAR1_10-C6_FAR1_15	3	3	1	1.7320508075688772	1.9034935437854468
C10_AP2EREBP_39	C10_bZIP_19-C13_bZIP_3	3	3	1	1.7320508075688772	1.6991381275317428
C10_AP2EREBP_39	C2_AP2EREBP_142	6	3	4	1.7320508075688772	0.4646165481426955
C10_AP2EREBP_39	C2_MYB_40	3	3	1	1.7320508075688772	1.705605730844884
C10_AP2EREBP_39	C6_bZIP_49	6	3	4	1.7320508075688772	0.4703604341917987
C10_AP2EREBP_5-C13_AP2EREBP_2-C2_AP2EREBP_5-C3_AP2EREBP_5-C4_AP2EREBP_6-C6_AP2EREBP_6-C9_AP2EREBP_5	C10_FAR1_9-C2_FAR1_12-C3_FAR1_10-C6_FAR1_15	3	3	1	1.7320508075688772	1.885102513119867
C10_AP2EREBP_5-C13_AP2EREBP_2-C2_AP2EREBP_5-C3_AP2EREBP_5-C4_AP2EREBP_6-C6_AP2EREBP_6-C9_AP2EREBP_5	C10_bZIP_19-C13_bZIP_3	3	3	1	1.7320508075688772	1.4775642757004963
C10_AP2EREBP_5-C13_AP2EREBP_2-C2_AP2EREBP_5-C3_AP2EREBP_5-C4_AP2EREBP_6-C6_AP2EREBP_6-C9_AP2EREBP_5	C2_AP2EREBP_142	6	3	4	1.7320508075688772	0.09325048082403148
C10_AP2EREBP_5-C13_AP2EREBP_2-C2_AP2EREBP_5-C3_AP2EREBP_5-C4_AP2EREBP_6-C6_AP2EREBP_6-C9_AP2EREBP_5	C2_MYB_40	3	3	1	1.7320508075688772	1.737198072430759
C10_AP2EREBP_5-C13_AP2EREBP_2-C2_AP2EREBP_5-C3_AP2EREBP_5-C4_AP2EREBP_6-C6_AP2EREBP_6-C9_AP2EREBP_5	C6_bZIP_49	6	3	4	1.7320508075688772	0.05531892633644174
C10_FAR1_9-C2_FAR1_12-C3_FAR1_10-C6_FAR1_15	C3_bZIP_19	3	1	3	1.7320508075688772	1.7075311565539326
C10_FAR1_9-C2_FAR1_12-C3_FAR1_10-C6_FAR1_15	C6_Trihelix_13	3	1	3	1.7320508075688772	2.0289433549395968
C10_bZIP_19-C13_bZIP_3	C3_bZIP_19	3	1	3	1.7320508075688772	1.5466428981842064
C10_bZIP_19-C13_bZIP_3	C3_bZIP_37-C6_bZIP_51	3	1	3	1.7320508075688772	1.477564275700496
C10_bZIP_19-C13_bZIP_3	C6_Trihelix_13	3	1	3	1.7320508075688772	1.9210983219177122
C1_E2FDP_9-C2_E2FDP_17-C3_E2FDP_16-C4_E2FDP_9-C6_E2FDP_19	C2_CAMTA_5	6	6	2	1.7320508075688772	0.1465245037725078
C1_E2FDP_9-C2_E2FDP_17-C3_E2FDP_16-C4_E2FDP_9-C6_E2FDP_19	C3_AP2EREBP_181-C6_AP2EREBP_232	6	6	2	1.7320508075688772	0.06111323313521414
C2_ABI3VP1_18-C4_ABI3VP1_14-C6_ABI3VP1_22	C3_bZIP_19	6	4	3	1.7320508075688772	0.26596573626208386
C2_ABI3VP1_18-C4_ABI3VP1_14-C6_ABI3VP1_22	C3_bZIP_37-C6_bZIP_51	6	4	3	1.7320508075688772	0.28393576021622985
C2_AP2EREBP_142	C3_bZIP_19	6	4	3	1.7320508075688772	0.17277612251351857
C2_AP2EREBP_142	C6_Trihelix_13	6	4	3	1.7320508075688772	0.23481812262849722
C2_C2H2_58-C6_C2H2_67	C2_E2FDP_18-C3_E2FDP_17-C4_E2FDP_10-C6_E2FDP_20-C9_E2FDP_8	6	3	4	1.7320508075688772	-0.02108653748577926
C2_CAMTA_5	C2_TCP_47-C3_TCP_51	6	2	6	1.7320508075688772	0.33927557187198837
C2_CAMTA_5	C3_E2FDP_9	6	2	6	1.7320508075688772	0.33679166262067267
C2_CAMTA_5	C6_E2FDP_12	6	2	6	1.7320508075688772	0.32694704563810706
C2_E2FDP_18-C3_E2FDP_17-C4_E2FDP_10-C6_E2FDP_20-C9_E2FDP_8	C6_C2C2gata_28	6	4	3	1.7320508075688772	0.009186691875800157
C2_MYB_40	C3_bZIP_19	3	1	3	1.7320508075688772	1.5350186552432912
C2_MYB_40	C6_Trihelix_13	3	1	3	1.7320508075688772	1.844188299818317
C2_TCP_47-C3_TCP_51	C3_AP2EREBP_181-C6_AP2EREBP_232	6	6	2	1.7320508075688772	0.08537520063566284
C3_AP2EREBP_181-C6_AP2EREBP_232	C3_E2FDP_9	6	2	6	1.7320508075688772	0.2211027465792012
C3_AP2EREBP_181-C6_AP2EREBP_232	C6_E2FDP_12	6	2	6	1.7320508075688772	0.43561488710622387
C3_AP2EREBP_90	C3_bZIP_37-C6_bZIP_51	3	1	3	1.7320508075688772	2.000604065373646
C3_bZIP_19	C6_bZIP_49	6	3	4	1.7320508075688772	0.34991406562554883
C6_Trihelix_13	C6_bZIP_49	6	3	4	1.7320508075688772	0.33419399403090544
C10_AP2EREBP_39	C3_bZIP_37-C6_bZIP_51	5	3	3	1.6666666666666667	0.5436323871846679
C10_AP2EREBP_5-C13_AP2EREBP_2-C2_AP2EREBP_5-C3_AP2EREBP_5-C4_AP2EREBP_6-C6_AP2EREBP_6-C9_AP2EREBP_5	C3_bZIP_37-C6_bZIP_51	5	3	3	1.6666666666666667	0.5990059360838174
C10_TCP_31-C2_TCP_27-C3_TCP_20-C4_TCP_35-C6_TCP_37	C3_bZIP_37-C6_bZIP_51	5	3	3	1.6666666666666667	0.374761460879827
C10_TCP_31-C2_TCP_27-C3_TCP_20-C4_TCP_35-C6_TCP_37	C6_Trihelix_13	5	3	3	1.6666666666666667	0.8366600265340756
C1_E2FDP_9-C2_E2FDP_17-C3_E2FDP_16-C4_E2FDP_9-C6_E2FDP_19	C2_TCP_47-C3_TCP_51	10	6	6	1.6666666666666667	-1.095206533908731
C1_E2FDP_9-C2_E2FDP_17-C3_E2FDP_16-C4_E2FDP_9-C6_E2FDP_19	C3_E2FDP_9	10	6	6	1.6666666666666667	-1.2968304000387516
C1_E2FDP_9-C2_E2FDP_17-C3_E2FDP_16-C4_E2FDP_9-C6_E2FDP_19	C6_E2FDP_12	10	6	6	1.6666666666666667	-1.046745592419385
C2_TCP_47-C3_TCP_51	C3_E2FDP_9	10	6	6	1.6666666666666667	-1.44
C2_TCP_47-C3_TCP_51	C6_E2FDP_12	10	6	6	1.6666666666666667	-0.998104046804775
C3_E2FDP_9	C6_E2FDP_12	10	6	6	1.6666666666666667	-1.0492240752186068
C3_bZIP_37-C6_bZIP_51	C6_Trihelix_13	5	3	3	1.6666666666666667	0.36865197249043047
C10_AP2EREBP_101-C4_AP2EREBP_76	C3_FAR1_4	6	1	13	1.6641005886756874	0.14438729600423855
C10_FAR1_9-C2_FAR1_12-C3_FAR1_10-C6_FAR1_15	C3_FAR1_4	6	1	13	1.6641005886756874	0.3383450691930048
C1_AP2EREBP_26-C10_AP2EREBP_93-C2_AP2EREBP_89-C3_AP2EREBP_78-C4_AP2EREBP_69-C6_AP2EREBP_109-C7_AP2EREBP_5-C9_AP2EREBP_48	C3_FAR1_4	6	1	13	1.6641005886756874	0.11171793314798158
C3_FAR1_4	C6_NAC_19	6	13	1	1.6641005886756874	0.16435272334290899
C10_ABI3VP1_14-C2_ABI3VP1_17-C3_ABI3VP1_7-C4_ABI3VP1_13-C6_ABI3VP1_21	C3_bZIP_37-C6_bZIP_51	7	6	3	1.6499158227686106	-0.2942583213447855
C2_MYB_53-C3_MYB_30-C5_MYB_21	C3_bZIP_19	7	6	3	1.6499158227686106	-0.2612576031150985
C2_MYB_53-C3_MYB_30-C5_MYB_21	C3_bZIP_37-C6_bZIP_51	7	6	3	1.6499158227686106	-0.3490635427187042
C2_TCP_47-C3_TCP_51	C3_bZIP_19	7	6	3	1.6499158227686106	-0.4224588131195709
C3_bZIP_19	C6_E2FDP_12	7	3	6	1.6499158227686106	-0.1293692454706303
C10_ABI3VP1_14-C2_ABI3VP1_17-C3_ABI3VP1_7-C4_ABI3VP1_13-C6_ABI3VP1_21	C2_ABI3VP1_18-C4_ABI3VP1_14-C6_ABI3VP1_22	8	6	4	1.632993161855452	-0.5743254257756166
C10_AP2EREBP_39	C10_FAR1_2-C2_FAR1_3-C3_FAR1_1-C4_FAR1_3-C6_FAR1_3-C7_FAR1_1	4	3	2	1.632993161855452	0.9191450300180579
C10_AP2EREBP_39	C10_LOBAS2_29-C3_LOBAS2_22-C6_LOBAS2_34	4	3	2	1.632993161855452	0.860179359507636
C10_AP2EREBP_39	C2_BZR_22	4	3	2	1.632993161855452	0.8824975032927698
C10_AP2EREBP_39	C3_C2C2YABBY_5	4	3	2	1.632993161855452	0.8113386229196426
C10_AP2EREBP_39	C3_E2FDP_7-C6_E2FDP_9	4	3	2	1.632993161855452	1.0580184237878976
C10_AP2EREBP_39	C3_NAC_21-C6_NAC_60-C9_NAC_25	4	3	2	1.632993161855452	0.813044302288907
C10_AP2EREBP_5-C13_AP2EREBP_2-C2_AP2EREBP_5-C3_AP2EREBP_5-C4_AP2EREBP_6-C6_AP2EREBP_6-C9_AP2EREBP_5	C10_FAR1_2-C2_FAR1_3-C3_FAR1_1-C4_FAR1_3-C6_FAR1_3-C7_FAR1_1	4	3	2	1.632993161855452	0.655735028681031
C10_AP2EREBP_5-C13_AP2EREBP_2-C2_AP2EREBP_5-C3_AP2EREBP_5-C4_AP2EREBP_6-C6_AP2EREBP_6-C9_AP2EREBP_5	C10_LOBAS2_29-C3_LOBAS2_22-C6_LOBAS2_34	4	3	2	1.632993161855452	0.6764814252025458
C10_AP2EREBP_5-C13_AP2EREBP_2-C2_AP2EREBP_5-C3_AP2EREBP_5-C4_AP2EREBP_6-C6_AP2EREBP_6-C9_AP2EREBP_5	C2_BZR_22	4	3	2	1.632993161855452	0.8113386229196424
C10_AP2EREBP_5-C13_AP2EREBP_2-C2_AP2EREBP_5-C3_AP2EREBP_5-C4_AP2EREBP_6-C6_AP2EREBP_6-C9_AP2EREBP_5	C3_C2C2YABBY_5	4	3	2	1.632993161855452	0.9391453009178145
C10_AP2EREBP_5-C13_AP2EREBP_2-C2_AP2EREBP_5-C3_AP2EREBP_5-C4_AP2EREBP_6-C6_AP2EREBP_6-C9_AP2EREBP_5	C3_E2FDP_7-C6_E2FDP_9	4	3	2	1.632993161855452	0.9083919692954711
C10_AP2EREBP_5-C13_AP2EREBP_2-C2_AP2EREBP_5-C3_AP2EREBP_5-C4_AP2EREBP_6-C6_AP2EREBP_6-C9_AP2EREBP_5	C3_NAC_21-C6_NAC_60-C9_NAC_25	4	3	2	1.632993161855452	0.8013295859524738
C10_FAR1_2-C2_FAR1_3-C3_FAR1_1-C4_FAR1_3-C6_FAR1_3-C7_FAR1_1	C3_bZIP_37-C6_bZIP_51	4	2	3	1.632993161855452	0.9801960588196068
C10_FAR1_2-C2_FAR1_3-C3_FAR1_1-C4_FAR1_3-C6_FAR1_3-C7_FAR1_1	C6_Trihelix_13	4	2	3	1.632993161855452	0.924648422315416
C10_HMG_3-C3_HMG_1-C6_HMG_3	C10_TCP_31-C2_TCP_27-C3_TCP_20-C4_TCP_35-C6_TCP_37	4	2	3	1.632993161855452	0.8827258912777485
C10_LOBAS2_29-C3_LOBAS2_22-C6_LOBAS2_34	C10_TCP_31-C2_TCP_27-C3_TCP_20-C4_TCP_35-C6_TCP_37	4	2	3	1.632993161855452	0.9364588413949088
C10_LOBAS2_29-C3_LOBAS2_22-C6_LOBAS2_34	C3_bZIP_37-C6_bZIP_51	4	2	3	1.632993161855452	0.6605041325807082
C10_LOBAS2_29-C3_LOBAS2_22-C6_LOBAS2_34	C6_Trihelix_13	4	2	3	1.632993161855452	1.037502751867623
C10_TCP_31-C2_TCP_27-C3_TCP_20-C4_TCP_35-C6_TCP_37	C10_bZIP_2-C2_bZIP_2-C3_bZIP_2-C6_bZIP_2-C9_bZIP_1	4	3	2	1.632993161855452	1.265452534331125
C10_TCP_31-C2_TCP_27-C3_TCP_20-C4_TCP_35-C6_TCP_37	C1_AP2EREBP_1-C10_AP2EREBP_1-C11_AP2EREBP_1-C3_AP2EREBP_1-C4_AP2EREBP_1-C6_AP2EREBP_1-C9_AP2EREBP_1	4	3	2	1.632993161855452	0.9544388438753886
C10_TCP_31-C2_TCP_27-C3_TCP_20-C4_TCP_35-C6_TCP_37	C2_BZR_22	4	3	2	1.632993161855452	1.0320936930842801
C10_TCP_31-C2_TCP_27-C3_TCP_20-C4_TCP_35-C6_TCP_37	C3_AP2EREBP_20	4	3	2	1.632993161855452	0.9025841844432283
C10_TCP_31-C2_TCP_27-C3_TCP_20-C4_TCP_35-C6_TCP_37	C3_C2C2YABBY_5	4	3	2	1.632993161855452	0.6619718309859155
C10_TCP_31-C2_TCP_27-C3_TCP_20-C4_TCP_35-C6_TCP_37	C3_NAC_21-C6_NAC_60-C9_NAC_25	4	3	2	1.632993161855452	0.8033676599446838
C10_bZIP_19-C13_bZIP_3	C1_E2FDP_9-C2_E2FDP_17-C3_E2FDP_16-C4_E2FDP_9-C6_E2FDP_19	4	1	6	1.632993161855452	0.6911757114783672
C10_bZIP_19-C13_bZIP_3	C2_MYB_53-C3_MYB_30-C5_MYB_21	4	1	6	1.632993161855452	0.7837175498670061
C10_bZIP_19-C13_bZIP_3	C2_TCP_47-C3_TCP_51	4	1	6	1.632993161855452	0.8317840169346453
C10_bZIP_19-C13_bZIP_3	C3_E2FDP_9	4	1	6	1.632993161855452	0.9028398310215613
C10_bZIP_19-C13_bZIP_3	C6_E2FDP_12	4	1	6	1.632993161855452	0.8535897635862731
C10_bZIP_2-C2_bZIP_2-C3_bZIP_2-C6_bZIP_2-C9_bZIP_1	C3_bZIP_19	4	2	3	1.632993161855452	1.1580584176979913
C1_E2FDP_9-C2_E2FDP_17-C3_E2FDP_16-C4_E2FDP_9-C6_E2FDP_19	C2_AP2EREBP_142	8	6	4	1.632993161855452	-0.9030366974835149
C1_E2FDP_9-C2_E2FDP_17-C3_E2FDP_16-C4_E2FDP_9-C6_E2FDP_19	C6_bZIP_49	8	6	4	1.632993161855452	-0.8294383542345639
C2_AP2EREBP_142	C3_E2FDP_9	8	4	6	1.632993161855452	-0.9545454545454544
C2_BZR_22	C3_bZIP_37-C6_bZIP_51	4	2	3	1.632993161855452	0.7235645834140799
C2_BZR_22	C6_Trihelix_13	4	2	3	1.632993161855452	0.8013295859524737
C2_CAMTA_5	C3_bZIP_19	4	2	3	1.632993161855452	1.1183666874594613
C3_AP2EREBP_181-C6_AP2EREBP_232	C3_bZIP_19	4	2	3	1.632993161855452	0.7420139127200084
C3_C2C2YABBY_5	C3_bZIP_37-C6_bZIP_51	4	2	3	1.632993161855452	0.901749988860184
C3_C2C2YABBY_5	C6_Trihelix_13	4	2	3	1.632993161855452	0.9386522045811472
C3_E2FDP_7-C6_E2FDP_9	C3_bZIP_19	4	2	3	1.632993161855452	0.9534309332556354
C3_E2FDP_7-C6_E2FDP_9	C3_bZIP_37-C6_bZIP_51	4	2	3	1.632993161855452	0.8785715842140842
C3_E2FDP_7-C6_E2FDP_9	C6_Trihelix_13	4	2	3	1.632993161855452	1.197282234964769
C3_E2FDP_9	C6_bZIP_49	8	6	4	1.632993161855452	-0.6398990171028053
C3_NAC_21-C6_NAC_60-C9_NAC_25	C3_bZIP_37-C6_bZIP_51	4	2	3	1.632993161855452	0.8560606511764204
C3_NAC_21-C6_NAC_60-C9_NAC_25	C6_Trihelix_13	4	2	3	1.632993161855452	1.0484448679932459
C10_FAR1_2-C2_FAR1_3-C3_FAR1_1-C4_FAR1_3-C6_FAR1_3-C7_FAR1_1	C2_BZR_21-C3_BZR_6	6	2	7	1.6035674514745464	0.02318625225796053
C2_BZR_21-C3_BZR_6	C3_E2FDP_7-C6_E2FDP_9	6	7	2	1.6035674514745464	0.30932565460825967
C10_AP2EREBP_94	C10_FAR1_2-C2_FAR1_3-C3_FAR1_1-C4_FAR1_3-C6_FAR1_3-C7_FAR1_1	5	5	2	1.5811388300841898	0.3287285713435325
C10_AP2EREBP_94	C3_E2FDP_7-C6_E2FDP_9	5	5	2	1.5811388300841898	0.5036554011451931
C10_AP2EREBP_39	C10_AP2EREBP_94	6	3	5	1.5491933384829666	-0.08084520834544441
C10_AP2EREBP_5-C13_AP2EREBP_2-C2_AP2EREBP_5-C3_AP2EREBP_5-C4_AP2EREBP_6-C6_AP2EREBP_6-C9_AP2EREBP_5	C10_AP2EREBP_94	6	3	5	1.5491933384829666	-0.26463335055443055
C10_AP2EREBP_94	C6_Trihelix_13	6	5	3	1.5491933384829666	0.00728376361313345
C10_FAR1_9-C2_FAR1_12-C3_FAR1_10-C6_FAR1_15	C2_BZR_21-C3_BZR_6	4	1	7	1.511857892036909	0.7559289460184545
C2_BZR_21-C3_BZR_6	C2_MYB_40	4	7	1	1.511857892036909	0.4625730203185629
C10_FAR1_2-C2_FAR1_3-C3_FAR1_1-C4_FAR1_3-C6_FAR1_3-C7_FAR1_1	C10_LOBAS2_29-C3_LOBAS2_22-C6_LOBAS2_34	3	2	2	1.5	1.0704095322620655
C10_FAR1_2-C2_FAR1_3-C3_FAR1_1-C4_FAR1_3-C6_FAR1_3-C7_FAR1_1	C10_bZIP_2-C2_bZIP_2-C3_bZIP_2-C6_bZIP_2-C9_bZIP_1	3	2	2	1.5	1.1413288653790228
C10_FAR1_2-C2_FAR1_3-C3_FAR1_1-C4_FAR1_3-C6_FAR1_3-C7_FAR1_1	C2_BZR_22	3	2	2	1.5	1.0417082231430719
C10_FAR1_2-C2_FAR1_3-C3_FAR1_1-C4_FAR1_3-C6_FAR1_3-C7_FAR1_1	C3_C2C2YABBY_5	3	2	2	1.5	1.1215406382032533
C10_FAR1_2-C2_FAR1_3-C3_FAR1_1-C4_FAR1_3-C6_FAR1_3-C7_FAR1_1	C3_NAC_21-C6_NAC_60-C9_NAC_25	3	2	2	1.5	1.1811216868646164
C10_FAR1_9-C2_FAR1_12-C3_FAR1_10-C6_FAR1_15	C2_AP2EREBP_142	3	1	4	1.5	1.0145693994346587
C10_FAR1_9-C2_FAR1_12-C3_FAR1_10-C6_FAR1_15	C2_E2FDP_18-C3_E2FDP_17-C4_E2FDP_10-C6_E2FDP_20-C9_E2FDP_8	3	1	4	1.5	1.1556878473342396
C10_FAR1_9-C2_FAR1_12-C3_FAR1_10-C6_FAR1_15	C6_bZIP_49	3	1	4	1.5	1.2031427378131188
C10_HMG_3-C3_HMG_1-C6_HMG_3	C10_bZIP_2-C2_bZIP_2-C3_bZIP_2-C6_bZIP_2-C9_bZIP_1	3	2	2	1.5	1.405480770765087
C10_HMG_3-C3_HMG_1-C6_HMG_3	C2_CAMTA_5	3	2	2	1.5	0.7792824759879272
C10_HMG_3-C3_HMG_1-C6_HMG_3	C3_AP2EREBP_181-C6_AP2EREBP_232	3	2	2	1.5	1.176696810829104
C10_LOBAS2_29-C3_LOBAS2_22-C6_LOBAS2_34	C10_bZIP_2-C2_bZIP_2-C3_bZIP_2-C6_bZIP_2-C9_bZIP_1	3	2	2	1.5	1.0969458723056975
C10_LOBAS2_29-C3_LOBAS2_22-C6_LOBAS2_34	C2_CAMTA_5	3	2	2	1.5	1.0074697583373835
C10_LOBAS2_29-C3_LOBAS2_22-C6_LOBAS2_34	C3_AP2EREBP_181-C6_AP2EREBP_232	3	2	2	1.5	0.7267288480741978
C10_LOBAS2_29-C3_LOBAS2_22-C6_LOBAS2_34	C3_E2FDP_7-C6_E2FDP_9	3	2	2	1.5	0.9364588413949086
C10_bZIP_19-C13_bZIP_3	C2_AP2EREBP_142	3	1	4	1.5	0.8220461894845946
C10_bZIP_19-C13_bZIP_3	C2_E2FDP_18-C3_E2FDP_17-C4_E2FDP_10-C6_E2FDP_20-C9_E2FDP_8	3	1	4	1.5	0.8467174422398138
C10_bZIP_19-C13_bZIP_3	C6_bZIP_49	3	1	4	1.5	0.9498680830376198
C10_bZIP_2-C2_bZIP_2-C3_bZIP_2-C6_bZIP_2-C9_bZIP_1	C1_AP2EREBP_1-C10_AP2EREBP_1-C11_AP2EREBP_1-C3_AP2EREBP_1-C4_AP2EREBP_1-C6_AP2EREBP_1-C9_AP2EREBP_1	3	2	2	1.5	1.5294934391835149
C10_bZIP_2-C2_bZIP_2-C3_bZIP_2-C6_bZIP_2-C9_bZIP_1	C2_BZR_22	3	2	2	1.5	0.9607689228305224
C10_bZIP_2-C2_bZIP_2-C3_bZIP_2-C6_bZIP_2-C9_bZIP_1	C3_AP2EREBP_20	3	2	2	1.5	1.1272429603813559
C10_bZIP_2-C2_bZIP_2-C3_bZIP_2-C6_bZIP_2-C9_bZIP_1	C3_C2C2YABBY_5	3	2	2	1.5	1.4253541477110832
C10_bZIP_2-C2_bZIP_2-C3_bZIP_2-C6_bZIP_2-C9_bZIP_1	C3_E2FDP_7-C6_E2FDP_9	3	2	2	1.5	1.7275662622339638
C10_bZIP_2-C2_bZIP_2-C3_bZIP_2-C6_bZIP_2-C9_bZIP_1	C3_NAC_21-C6_NAC_60-C9_NAC_25	3	2	2	1.5	1.3151918984428586
C1_AP2EREBP_1-C10_AP2EREBP_1-C11_AP2EREBP_1-C3_AP2EREBP_1-C4_AP2EREBP_1-C6_AP2EREBP_1-C9_AP2EREBP_1	C2_CAMTA_5	3	2	2	1.5	0.897725042389341
C1_AP2EREBP_1-C10_AP2EREBP_1-C11_AP2EREBP_1-C3_AP2EREBP_1-C4_AP2EREBP_1-C6_AP2EREBP_1-C9_AP2EREBP_1	C3_AP2EREBP_181-C6_AP2EREBP_232	3	2	2	1.5	1.0945409092309881
C2_AP2EREBP_142	C2_MYB_40	3	4	1	1.5	1.0865494377108118
C2_AP2EREBP_142	C3_AP2EREBP_90	3	4	1	1.5	1.191687968858374
C2_AP2EREBP_142	C6_bZIP_49	6	4	4	1.5	-0.45253529655000424
C2_BZR_22	C2_CAMTA_5	3	2	2	1.5	1.0357142857142858
C2_BZR_22	C3_AP2EREBP_181-C6_AP2EREBP_232	3	2	2	1.5	1.0905034739888355
C2_BZR_22	C3_E2FDP_7-C6_E2FDP_9	3	2	2	1.5	1.3522468075656269
C2_CAMTA_5	C3_AP2EREBP_20	3	2	2	1.5	0.9894672312056638
C2_CAMTA_5	C3_C2C2YABBY_5	3	2	2	1.5	0.9920923333132066
C2_CAMTA_5	C3_NAC_21-C6_NAC_60-C9_NAC_25	3	2	2	1.5	0.9618692838696562
C2_E2FDP_18-C3_E2FDP_17-C4_E2FDP_10-C6_E2FDP_20-C9_E2FDP_8	C2_MYB_40	3	4	1	1.5	0.9137682504045266
C2_MYB_40	C6_bZIP_49	3	1	4	1.5	1.0660745674444314
C3_AP2EREBP_181-C6_AP2EREBP_232	C3_AP2EREBP_20	3	2	2	1.5	1.0234323588315195
C3_AP2EREBP_181-C6_AP2EREBP_232	C3_C2C2YABBY_5	3	2	2	1.5	0.7600210457632893
C3_AP2EREBP_181-C6_AP2EREBP_232	C3_NAC_21-C6_NAC_60-C9_NAC_25	3	2	2	1.5	0.939793423488437
C3_AP2EREBP_90	C6_bZIP_49	3	1	4	1.5	1.203142737813119
C3_C2C2YABBY_5	C3_E2FDP_7-C6_E2FDP_9	3	2	2	1.5	0.9365079365079366
C3_E2FDP_7-C6_E2FDP_9	C3_NAC_21-C6_NAC_60-C9_NAC_25	3	2	2	1.5	1.2843895538371093
C10_ABI3VP1_14-C2_ABI3VP1_17-C3_ABI3VP1_7-C4_ABI3VP1_13-C6_ABI3VP1_21	C2_CAMTA_5	5	6	2	1.4433756729740645	-0.17629309412990163
C10_ABI3VP1_14-C2_ABI3VP1_17-C3_ABI3VP1_7-C4_ABI3VP1_13-C6_ABI3VP1_21	C3_AP2EREBP_181-C6_AP2EREBP_232	5	6	2	1.4433756729740645	-0.22570314679480058
C10_FAR1_2-C2_FAR1_3-C3_FAR1_1-C4_FAR1_3-C6_FAR1_3-C7_FAR1_1	C1_E2FDP_9-C2_E2FDP_17-C3_E2FDP_16-C4_E2FDP_9-C6_E2FDP_19	5	2	6	1.4433756729740645	-0.2150008905380771
C10_FAR1_2-C2_FAR1_3-C3_FAR1_1-C4_FAR1_3-C6_FAR1_3-C7_FAR1_1	C2_TCP_47-C3_TCP_51	5	2	6	1.4433756729740645	-0.13955847253041048
C10_FAR1_2-C2_FAR1_3-C3_FAR1_1-C4_FAR1_3-C6_FAR1_3-C7_FAR1_1	C3_E2FDP_9	5	2	6	1.4433756729740645	-0.1307804726676384
C10_FAR1_2-C2_FAR1_3-C3_FAR1_1-C4_FAR1_3-C6_FAR1_3-C7_FAR1_1	C6_E2FDP_12	5	2	6	1.4433756729740645	0.009035447830368023
C10_HMG_3-C3_HMG_1-C6_HMG_3	C1_E2FDP_9-C2_E2FDP_17-C3_E2FDP_16-C4_E2FDP_9-C6_E2FDP_19	5	2	6	1.4433756729740645	-0.21938172723813903
C10_HMG_3-C3_HMG_1-C6_HMG_3	C2_MYB_53-C3_MYB_30-C5_MYB_21	5	2	6	1.4433756729740645	-0.25933478643977703
C10_HMG_3-C3_HMG_1-C6_HMG_3	C2_TCP_47-C3_TCP_51	5	2	6	1.4433756729740645	-0.16494577036919553
C10_HMG_3-C3_HMG_1-C6_HMG_3	C3_E2FDP_9	5	2	6	1.4433756729740645	-0.07116806835781656
C10_HMG_3-C3_HMG_1-C6_HMG_3	C6_E2FDP_12	5	2	6	1.4433756729740645	0.07783824721464831
C10_LOBAS2_29-C3_LOBAS2_22-C6_LOBAS2_34	C1_E2FDP_9-C2_E2FDP_17-C3_E2FDP_16-C4_E2FDP_9-C6_E2FDP_19	5	2	6	1.4433756729740645	-0.45378774708528163
C10_LOBAS2_29-C3_LOBAS2_22-C6_LOBAS2_34	C2_TCP_47-C3_TCP_51	5	2	6	1.4433756729740645	-0.42874646285627205
C10_LOBAS2_29-C3_LOBAS2_22-C6_LOBAS2_34	C3_E2FDP_9	5	2	6	1.4433756729740645	-0.3707101150559544
C10_LOBAS2_29-C3_LOBAS2_22-C6_LOBAS2_34	C6_E2FDP_12	5	2	6	1.4433756729740645	0.017410403735403927
C10_TCP_31-C2_TCP_27-C3_TCP_20-C4_TCP_35-C6_TCP_37	C2_ABI3VP1_18-C4_ABI3VP1_14-C6_ABI3VP1_22	5	3	4	1.4433756729740645	0.007422900680690664
C10_TCP_31-C2_TCP_27-C3_TCP_20-C4_TCP_35-C6_TCP_37	C2_AP2EREBP_142	5	3	4	1.4433756729740645	-0.10955358732207388
C10_TCP_31-C2_TCP_27-C3_TCP_20-C4_TCP_35-C6_TCP_37	C6_bZIP_49	5	3	4	1.4433756729740645	-0.053959976540605574
C10_bZIP_2-C2_bZIP_2-C3_bZIP_2-C6_bZIP_2-C9_bZIP_1	C1_E2FDP_9-C2_E2FDP_17-C3_E2FDP_16-C4_E2FDP_9-C6_E2FDP_19	5	2	6	1.4433756729740645	0.07602859212697062
C10_bZIP_2-C2_bZIP_2-C3_bZIP_2-C6_bZIP_2-C9_bZIP_1	C2_TCP_47-C3_TCP_51	5	2	6	1.4433756729740645	0.2087035428161897
C10_bZIP_2-C2_bZIP_2-C3_bZIP_2-C6_bZIP_2-C9_bZIP_1	C3_E2FDP_9	5	2	6	1.4433756729740645	0.20000000000000018
C10_bZIP_2-C2_bZIP_2-C3_bZIP_2-C6_bZIP_2-C9_bZIP_1	C6_E2FDP_12	5	2	6	1.4433756729740645	0.22624831450683686
C1_AP2EREBP_1-C10_AP2EREBP_1-C11_AP2EREBP_1-C3_AP2EREBP_1-C4_AP2EREBP_1-C6_AP2EREBP_1-C9_AP2EREBP_1	C1_E2FDP_9-C2_E2FDP_17-C3_E2FDP_16-C4_E2FDP_9-C6_E2FDP_19	5	2	6	1.4433756729740645	-0.3186696253084167
C1_AP2EREBP_1-C10_AP2EREBP_1-C11_AP2EREBP_1-C3_AP2EREBP_1-C4_AP2EREBP_1-C6_AP2EREBP_1-C9_AP2EREBP_1	C2_MYB_53-C3_MYB_30-C5_MYB_21	5	2	6	1.4433756729740645	-0.2688976678586647
C1_AP2EREBP_1-C10_AP2EREBP_1-C11_AP2EREBP_1-C3_AP2EREBP_1-C4_AP2EREBP_1-C6_AP2EREBP_1-C9_AP2EREBP_1	C2_TCP_47-C3_TCP_51	5	2	6	1.4433756729740645	-0.2819272038928301
C1_AP2EREBP_1-C10_AP2EREBP_1-C11_AP2EREBP_1-C3_AP2EREBP_1-C4_AP2EREBP_1-C6_AP2EREBP_1-C9_AP2EREBP_1	C3_E2FDP_9	5	2	6	1.4433756729740645	-0.1423553952307173
C1_AP2EREBP_1-C10_AP2EREBP_1-C11_AP2EREBP_1-C3_AP2EREBP_1-C4_AP2EREBP_1-C6_AP2EREBP_1-C9_AP2EREBP_1	C6_E2FDP_12	5	2	6	1.4433756729740645	-0.018036325667702177
C1_E2FDP_9-C2_E2FDP_17-C3_E2FDP_16-C4_E2FDP_9-C6_E2FDP_19	C2_BZR_22	5	6	2	1.4433756729740645	-0.2007910580813079
C1_E2FDP_9-C2_E2FDP_17-C3_E2FDP_16-C4_E2FDP_9-C6_E2FDP_19	C3_AP2EREBP_20	5	6	2	1.4433756729740645	-0.3841106397986881
C1_E2FDP_9-C2_E2FDP_17-C3_E2FDP_16-C4_E2FDP_9-C6_E2FDP_19	C3_C2C2YABBY_5	5	6	2	1.4433756729740645	-0.4351163633996549
C1_E2FDP_9-C2_E2FDP_17-C3_E2FDP_16-C4_E2FDP_9-C6_E2FDP_19	C3_E2FDP_7-C6_E2FDP_9	5	6	2	1.4433756729740645	0.1625576316906652
C1_E2FDP_9-C2_E2FDP_17-C3_E2FDP_16-C4_E2FDP_9-C6_E2FDP_19	C3_NAC_21-C6_NAC_60-C9_NAC_25	5	6	2	1.4433756729740645	-0.22362863755056325
C2_ABI3VP1_18-C4_ABI3VP1_14-C6_ABI3VP1_22	C2_C2H2_58-C6_C2H2_67	5	4	3	1.4433756729740645	-0.22990024493585143
C2_ABI3VP1_18-C4_ABI3VP1_14-C6_ABI3VP1_22	C6_C2C2gata_28	5	4	3	1.4433756729740645	-0.2809003238667949
C2_AP2EREBP_142	C2_C2H2_58-C6_C2H2_67	5	4	3	1.4433756729740645	-0.4937419311010189
C2_AP2EREBP_142	C3_bZIP_37-C6_bZIP_51	5	4	3	1.4433756729740645	-0.1851683923412533
C2_AP2EREBP_142	C6_C2C2gata_28	5	4	3	1.4433756729740645	-0.13717690628801432
C2_BZR_22	C2_TCP_47-C3_TCP_51	5	2	6	1.4433756729740645	-0.16755022866775002
C2_BZR_22	C3_E2FDP_9	5	2	6	1.4433756729740645	-0.22423052782558062
C2_BZR_22	C6_E2FDP_12	5	2	6	1.4433756729740645	-0.0616553160686476
C2_C2H2_58-C6_C2H2_67	C6_bZIP_49	5	3	4	1.4433756729740645	-0.2224970797449924
C2_E2FDP_18-C3_E2FDP_17-C4_E2FDP_10-C6_E2FDP_20-C9_E2FDP_8	C3_bZIP_37-C6_bZIP_51	5	4	3	1.4433756729740645	-0.22178134376530714
C2_MYB_53-C3_MYB_30-C5_MYB_21	C3_AP2EREBP_20	5	6	2	1.4433756729740645	-0.3686519724904304
C2_MYB_53-C3_MYB_30-C5_MYB_21	C3_C2C2YABBY_5	5	6	2	1.4433756729740645	-0.242063305941471
C2_MYB_53-C3_MYB_30-C5_MYB_21	C3_NAC_21-C6_NAC_60-C9_NAC_25	5	6	2	1.4433756729740645	-0.09166984970282122
C2_TCP_47-C3_TCP_51	C3_AP2EREBP_20	5	6	2	1.4433756729740645	-0.12372435628704723
C2_TCP_47-C3_TCP_51	C3_C2C2YABBY_5	5	6	2	1.4433756729740645	-0.23655458141013908
C2_TCP_47-C3_TCP_51	C3_E2FDP_7-C6_E2FDP_9	5	6	2	1.4433756729740645	-0.020535906192267653
C2_TCP_47-C3_TCP_51	C3_NAC_21-C6_NAC_60-C9_NAC_25	5	6	2	1.4433756729740645	0.022397416781144788
C3_AP2EREBP_20	C3_E2FDP_9	5	2	6	1.4433756729740645	-0.3316662394450599
C3_AP2EREBP_20	C6_E2FDP_12	5	2	6	1.4433756729740645	0.0
C3_C2C2YABBY_5	C3_E2FDP_9	5	2	6	1.4433756729740645	-0.37814826318445033
C3_C2C2YABBY_5	C6_E2FDP_12	5	2	6	1.4433756729740645	-0.044151078568834635
C3_E2FDP_7-C6_E2FDP_9	C3_E2FDP_9	5	2	6	1.4433756729740645	-0.12958970839402292
C3_E2FDP_7-C6_E2FDP_9	C6_E2FDP_12	5	2	6	1.4433756729740645	0.23791547571544303
C3_E2FDP_9	C3_NAC_21-C6_NAC_60-C9_NAC_25	5	6	2	1.4433756729740645	-0.1838704063957602
C3_NAC_21-C6_NAC_60-C9_NAC_25	C6_E2FDP_12	5	2	6	1.4433756729740645	-0.025686098891619557
C3_bZIP_37-C6_bZIP_51	C6_bZIP_49	5	3	4	1.4433756729740645	-0.05958579828648645
C6_C2C2gata_28	C6_bZIP_49	5	3	4	1.4433756729740645	-0.16622839536170167
C10_AP2EREBP_101-C4_AP2EREBP_76	C10_bZIP_2-C2_bZIP_2-C3_bZIP_2-C6_bZIP_2-C9_bZIP_1	2	1	2	1.4142135623730951	1.3568010505999368
C10_FAR1_2-C2_FAR1_3-C3_FAR1_1-C4_FAR1_3-C6_FAR1_3-C7_FAR1_1	C10_bZIP_19-C13_bZIP_3	2	2	1	1.4142135623730951	1.2559138456235233
C10_FAR1_2-C2_FAR1_3-C3_FAR1_1-C4_FAR1_3-C6_FAR1_3-C7_FAR1_1	C2_ABI3VP1_18-C4_ABI3VP1_14-C6_ABI3VP1_22	4	2	4	1.4142135623730951	0.24091723154364733
C10_FAR1_2-C2_FAR1_3-C3_FAR1_1-C4_FAR1_3-C6_FAR1_3-C7_FAR1_1	C3_AP2EREBP_90	2	2	1	1.4142135623730951	1.522845302664005
C10_FAR1_9-C2_FAR1_12-C3_FAR1_10-C6_FAR1_15	C10_HMG_3-C3_HMG_1-C6_HMG_3	2	1	2	1.4142135623730951	1.594594594594595
C10_FAR1_9-C2_FAR1_12-C3_FAR1_10-C6_FAR1_15	C10_LOBAS2_29-C3_LOBAS2_22-C6_LOBAS2_34	2	1	2	1.4142135623730951	1.4895001107711454
C10_FAR1_9-C2_FAR1_12-C3_FAR1_10-C6_FAR1_15	C1_AP2EREBP_1-C10_AP2EREBP_1-C11_AP2EREBP_1-C3_AP2EREBP_1-C4_AP2EREBP_1-C6_AP2EREBP_1-C9_AP2EREBP_1	2	1	2	1.4142135623730951	1.3867504905630728
C10_FAR1_9-C2_FAR1_12-C3_FAR1_10-C6_FAR1_15	C2_BZR_22	2	1	2	1.4142135623730951	1.4999999999999998
C10_FAR1_9-C2_FAR1_12-C3_FAR1_10-C6_FAR1_15	C3_AP2EREBP_20	2	1	2	1.4142135623730951	1.287246996857198
C10_FAR1_9-C2_FAR1_12-C3_FAR1_10-C6_FAR1_15	C3_C2C2YABBY_5	2	1	2	1.4142135623730951	1.809068067466582
C10_FAR1_9-C2_FAR1_12-C3_FAR1_10-C6_FAR1_15	C3_NAC_21-C6_NAC_60-C9_NAC_25	2	1	2	1.4142135623730951	1.7400186114246454
C10_HMG_3-C3_HMG_1-C6_HMG_3	C10_bZIP_19-C13_bZIP_3	2	2	1	1.4142135623730951	1.2364876603120822
C10_HMG_3-C3_HMG_1-C6_HMG_3	C2_ABI3VP1_18-C4_ABI3VP1_14-C6_ABI3VP1_22	4	2	4	1.4142135623730951	0.33541019662496846
C10_HMG_3-C3_HMG_1-C6_HMG_3	C2_AP2EREBP_142	4	2	4	1.4142135623730951	0.330292699903113
C10_HMG_3-C3_HMG_1-C6_HMG_3	C2_MYB_40	2	2	1	1.4142135623730951	1.3444279939870496
C10_HMG_3-C3_HMG_1-C6_HMG_3	C6_bZIP_49	4	2	4	1.4142135623730951	0.24420337491396216
C10_LOBAS2_29-C3_LOBAS2_22-C6_LOBAS2_34	C10_bZIP_19-C13_bZIP_3	2	2	1	1.4142135623730951	1.2410104559880455
C10_LOBAS2_29-C3_LOBAS2_22-C6_LOBAS2_34	C2_MYB_40	2	2	1	1.4142135623730951	1.108337609335445
C10_bZIP_19-C13_bZIP_3	C10_bZIP_2-C2_bZIP_2-C3_bZIP_2-C6_bZIP_2-C9_bZIP_1	2	1	2	1.4142135623730951	1.5044923328796982
C10_bZIP_19-C13_bZIP_3	C1_AP2EREBP_1-C10_AP2EREBP_1-C11_AP2EREBP_1-C3_AP2EREBP_1-C4_AP2EREBP_1-C6_AP2EREBP_1-C9_AP2EREBP_1	2	1	2	1.4142135623730951	1.3501267755985695
C10_bZIP_19-C13_bZIP_3	C2_BZR_22	2	1	2	1.4142135623730951	1.333333333333333
C10_bZIP_19-C13_bZIP_3	C3_AP2EREBP_20	2	1	2	1.4142135623730951	1.4433756729740643
C10_bZIP_19-C13_bZIP_3	C3_C2C2YABBY_5	2	1	2	1.4142135623730951	1.1946482603760058
C10_bZIP_19-C13_bZIP_3	C3_E2FDP_7-C6_E2FDP_9	2	1	2	1.4142135623730951	1.7256183726936642
C10_bZIP_19-C13_bZIP_3	C3_NAC_21-C6_NAC_60-C9_NAC_25	2	1	2	1.4142135623730951	1.3397876906064716
C10_bZIP_2-C2_bZIP_2-C3_bZIP_2-C6_bZIP_2-C9_bZIP_1	C1_AP2EREBP_26-C10_AP2EREBP_93-C2_AP2EREBP_89-C3_AP2EREBP_78-C4_AP2EREBP_69-C6_AP2EREBP_109-C7_AP2EREBP_5-C9_AP2EREBP_48	2	2	1	1.4142135623730951	1.506993044902059
C10_bZIP_2-C2_bZIP_2-C3_bZIP_2-C6_bZIP_2-C9_bZIP_1	C2_ABI3VP1_18-C4_ABI3VP1_14-C6_ABI3VP1_22	4	2	4	1.4142135623730951	0.44008622942335224
C10_bZIP_2-C2_bZIP_2-C3_bZIP_2-C6_bZIP_2-C9_bZIP_1	C2_AP2EREBP_142	4	2	4	1.4142135623730951	0.5412319021334733
C10_bZIP_2-C2_bZIP_2-C3_bZIP_2-C6_bZIP_2-C9_bZIP_1	C2_E2FDP_18-C3_E2FDP_17-C4_E2FDP_10-C6_E2FDP_20-C9_E2FDP_8	4	2	4	1.4142135623730951	0.48154341234307674
C10_bZIP_2-C2_bZIP_2-C3_bZIP_2-C6_bZIP_2-C9_bZIP_1	C3_AP2EREBP_90	2	2	1	1.4142135623730951	1.6502739940140698
C10_bZIP_2-C2_bZIP_2-C3_bZIP_2-C6_bZIP_2-C9_bZIP_1	C6_NAC_19	2	2	1	1.4142135623730951	1.9036345372499042
C10_bZIP_2-C2_bZIP_2-C3_bZIP_2-C6_bZIP_2-C9_bZIP_1	C6_bZIP_49	4	2	4	1.4142135623730951	0.38729833462074187
C1_AP2EREBP_1-C10_AP2EREBP_1-C11_AP2EREBP_1-C3_AP2EREBP_1-C4_AP2EREBP_1-C6_AP2EREBP_1-C9_AP2EREBP_1	C2_ABI3VP1_18-C4_ABI3VP1_14-C6_ABI3VP1_22	4	2	4	1.4142135623730951	0.35514240260228885
C1_AP2EREBP_1-C10_AP2EREBP_1-C11_AP2EREBP_1-C3_AP2EREBP_1-C4_AP2EREBP_1-C6_AP2EREBP_1-C9_AP2EREBP_1	C2_AP2EREBP_142	4	2	4	1.4142135623730951	0.2020305089104421
C1_AP2EREBP_1-C10_AP2EREBP_1-C11_AP2EREBP_1-C3_AP2EREBP_1-C4_AP2EREBP_1-C6_AP2EREBP_1-C9_AP2EREBP_1	C2_MYB_40	2	2	1	1.4142135623730951	1.2410104559880455
C1_AP2EREBP_1-C10_AP2EREBP_1-C11_AP2EREBP_1-C3_AP2EREBP_1-C4_AP2EREBP_1-C6_AP2EREBP_1-C9_AP2EREBP_1	C6_bZIP_49	4	2	4	1.4142135623730951	0.1459944766467818
C2_ABI3VP1_18-C4_ABI3VP1_14-C6_ABI3VP1_22	C3_AP2EREBP_20	4	4	2	1.4142135623730951	0.16151457061744953
C2_ABI3VP1_18-C4_ABI3VP1_14-C6_ABI3VP1_22	C3_C2C2YABBY_5	4	4	2	1.4142135623730951	0.19487094073848915
C2_ABI3VP1_18-C4_ABI3VP1_14-C6_ABI3VP1_22	C3_E2FDP_7-C6_E2FDP_9	4	4	2	1.4142135623730951	0.4998585932831812
C2_ABI3VP1_18-C4_ABI3VP1_14-C6_ABI3VP1_22	C3_NAC_21-C6_NAC_60-C9_NAC_25	4	4	2	1.4142135623730951	0.2898695880214864
C2_AP2EREBP_142	C3_AP2EREBP_20	4	4	2	1.4142135623730951	0.13873031223594487
C2_BZR_22	C2_MYB_40	2	2	1	1.4142135623730951	1.3864839956870176
C2_MYB_40	C3_AP2EREBP_20	2	1	2	1.4142135623730951	1.2837348160276798
C2_MYB_40	C3_C2C2YABBY_5	2	1	2	1.4142135623730951	1.3917480916876916
C2_MYB_40	C3_NAC_21-C6_NAC_60-C9_NAC_25	2	1	2	1.4142135623730951	1.3879558367189764
C3_AP2EREBP_20	C6_bZIP_49	4	2	4	1.4142135623730951	0.32189658685715844
C3_AP2EREBP_90	C3_E2FDP_7-C6_E2FDP_9	2	1	2	1.4142135623730951	1.6952888676204336
C1_E2FDP_9-C2_E2FDP_17-C3_E2FDP_16-C4_E2FDP_9-C6_E2FDP_19	C2_C2H2_58-C6_C2H2_67	6	6	3	1.414213562373095	-0.934242161157253
C1_E2FDP_9-C2_E2FDP_17-C3_E2FDP_16-C4_E2FDP_9-C6_E2FDP_19	C3_bZIP_37-C6_bZIP_51	6	6	3	1.414213562373095	-0.6749064597810189
C1_E2FDP_9-C2_E2FDP_17-C3_E2FDP_16-C4_E2FDP_9-C6_E2FDP_19	C6_C2C2gata_28	6	6	3	1.414213562373095	-0.8222248956762176
C2_C2H2_58-C6_C2H2_67	C2_TCP_47-C3_TCP_51	6	3	6	1.414213562373095	-0.8746157903288445
C2_C2H2_58-C6_C2H2_67	C3_E2FDP_9	6	3	6	1.414213562373095	-0.8947368421052634
C2_C2H2_58-C6_C2H2_67	C6_E2FDP_12	6	3	6	1.414213562373095	-0.6567360733292694
C2_TCP_47-C3_TCP_51	C3_bZIP_37-C6_bZIP_51	6	6	3	1.414213562373095	-0.6617428421430009
C2_TCP_47-C3_TCP_51	C6_C2C2gata_28	6	6	3	1.414213562373095	-0.8185644868650509
C3_E2FDP_9	C3_bZIP_37-C6_bZIP_51	6	6	3	1.414213562373095	-0.4472135954999581
C3_E2FDP_9	C6_C2C2gata_28	6	6	3	1.414213562373095	-0.6998542122237654
C3_bZIP_37-C6_bZIP_51	C6_E2FDP_12	6	3	6	1.414213562373095	-0.4008493085081329
C6_C2C2gata_28	C6_E2FDP_12	6	3	6	1.414213562373095	-0.7218404310268024
C10_AP2EREBP_39	C10_AP2EREBP_5-C13_AP2EREBP_2-C2_AP2EREBP_5-C3_AP2EREBP_5-C4_AP2EREBP_6-C6_AP2EREBP_6-C9_AP2EREBP_5	4	3	3	1.3333333333333333	-0.30804303424830914
C10_AP2EREBP_39	C3_bZIP_19	4	3	3	1.3333333333333333	-0.031905867656373064
C10_AP2EREBP_39	C6_Trihelix_13	4	3	3	1.3333333333333333	-0.1752618713510957
C10_AP2EREBP_5-C13_AP2EREBP_2-C2_AP2EREBP_5-C3_AP2EREBP_5-C4_AP2EREBP_6-C6_AP2EREBP_6-C9_AP2EREBP_5	C3_bZIP_19	4	3	3	1.3333333333333333	-0.3848334434073271
C10_AP2EREBP_5-C13_AP2EREBP_2-C2_AP2EREBP_5-C3_AP2EREBP_5-C4_AP2EREBP_6-C6_AP2EREBP_6-C9_AP2EREBP_5	C6_Trihelix_13	4	3	3	1.3333333333333333	0.009975589671416275
C10_TCP_31-C2_TCP_27-C3_TCP_20-C4_TCP_35-C6_TCP_37	C2_C2H2_58-C6_C2H2_67	4	3	3	1.3333333333333333	-0.08869201403169866
C10_TCP_31-C2_TCP_27-C3_TCP_20-C4_TCP_35-C6_TCP_37	C6_C2C2gata_28	4	3	3	1.3333333333333333	-0.13997200839720114
C3_bZIP_19	C6_Trihelix_13	4	3	3	1.3333333333333333	-0.09320360614039237
C2_E2FDP_18-C3_E2FDP_17-C4_E2FDP_10-C6_E2FDP_20-C9_E2FDP_8	C2_E2FDP_18-C3_E2FDP_17-C4_E2FDP_10-C6_E2FDP_20-C9_E2FDP_8	5	4	4	1.2500000000000002	1.2515116624292657
C10_ABI3VP1_14-C2_ABI3VP1_17-C3_ABI3VP1_7-C4_ABI3VP1_13-C6_ABI3VP1_21	C10_AP2EREBP_101-C4_AP2EREBP_76	3	6	1	1.2247448713915892	0.11547005383792529
C10_ABI3VP1_14-C2_ABI3VP1_17-C3_ABI3VP1_7-C4_ABI3VP1_13-C6_ABI3VP1_21	C10_bZIP_19-C13_bZIP_3	3	6	1	1.2247448713915892	0.15294382258037467
C10_ABI3VP1_14-C2_ABI3VP1_17-C3_ABI3VP1_7-C4_ABI3VP1_13-C6_ABI3VP1_21	C1_AP2EREBP_26-C10_AP2EREBP_93-C2_AP2EREBP_89-C3_AP2EREBP_78-C4_AP2EREBP_69-C6_AP2EREBP_109-C7_AP2EREBP_5-C9_AP2EREBP_48	3	6	1	1.2247448713915892	0.11104343264519372
C10_ABI3VP1_14-C2_ABI3VP1_17-C3_ABI3VP1_7-C4_ABI3VP1_13-C6_ABI3VP1_21	C3_AP2EREBP_90	3	6	1	1.2247448713915892	0.131275001038121
C10_ABI3VP1_14-C2_ABI3VP1_17-C3_ABI3VP1_7-C4_ABI3VP1_13-C6_ABI3VP1_21	C6_NAC_19	3	6	1	1.2247448713915892	0.1735952227252049
C10_FAR1_2-C2_FAR1_3-C3_FAR1_1-C4_FAR1_3-C6_FAR1_3-C7_FAR1_1	C10_TCP_31-C2_TCP_27-C3_TCP_20-C4_TCP_35-C6_TCP_37	3	2	3	1.2247448713915892	0.3790365547306698
C10_FAR1_9-C2_FAR1_12-C3_FAR1_10-C6_FAR1_15	C1_E2FDP_9-C2_E2FDP_17-C3_E2FDP_16-C4_E2FDP_9-C6_E2FDP_19	3	1	6	1.2247448713915892	0.35405367119513
C10_FAR1_9-C2_FAR1_12-C3_FAR1_10-C6_FAR1_15	C2_TCP_47-C3_TCP_51	3	1	6	1.2247448713915892	0.3333333333333333
C10_FAR1_9-C2_FAR1_12-C3_FAR1_10-C6_FAR1_15	C3_E2FDP_9	3	1	6	1.2247448713915892	0.30668578779642874
C10_FAR1_9-C2_FAR1_12-C3_FAR1_10-C6_FAR1_15	C6_E2FDP_12	3	1	6	1.2247448713915892	0.49816108240557555
C10_HMG_3-C3_HMG_1-C6_HMG_3	C3_bZIP_37-C6_bZIP_51	3	2	3	1.2247448713915892	0.12276143494224731
C10_TCP_31-C2_TCP_27-C3_TCP_20-C4_TCP_35-C6_TCP_37	C2_CAMTA_5	3	3	2	1.2247448713915892	0.19324698792024914
C10_TCP_31-C2_TCP_27-C3_TCP_20-C4_TCP_35-C6_TCP_37	C3_AP2EREBP_181-C6_AP2EREBP_232	3	3	2	1.2247448713915892	0.10562954660396937
C10_TCP_31-C2_TCP_27-C3_TCP_20-C4_TCP_35-C6_TCP_37	C3_E2FDP_7-C6_E2FDP_9	3	3	2	1.2247448713915892	0.5198152096601207
C10_bZIP_2-C2_bZIP_2-C3_bZIP_2-C6_bZIP_2-C9_bZIP_1	C2_C2H2_58-C6_C2H2_67	3	2	3	1.2247448713915892	0.30282512572202286
C10_bZIP_2-C2_bZIP_2-C3_bZIP_2-C6_bZIP_2-C9_bZIP_1	C3_bZIP_37-C6_bZIP_51	3	2	3	1.2247448713915892	0.22029992084162905
C10_bZIP_2-C2_bZIP_2-C3_bZIP_2-C6_bZIP_2-C9_bZIP_1	C6_C2C2gata_28	3	2	3	1.2247448713915892	0.41842254669465123
C1_AP2EREBP_1-C10_AP2EREBP_1-C11_AP2EREBP_1-C3_AP2EREBP_1-C4_AP2EREBP_1-C6_AP2EREBP_1-C9_AP2EREBP_1	C3_bZIP_37-C6_bZIP_51	3	2	3	1.2247448713915892	-0.027745683280893177
C1_E2FDP_9-C2_E2FDP_17-C3_E2FDP_16-C4_E2FDP_9-C6_E2FDP_19	C2_MYB_40	3	6	1	1.2247448713915892	0.013546952126232772
C2_C2H2_58-C6_C2H2_67	C2_CAMTA_5	3	3	2	1.2247448713915892	0.08269767696299576
C2_C2H2_58-C6_C2H2_67	C3_AP2EREBP_181-C6_AP2EREBP_232	3	3	2	1.2247448713915892	-0.11162911443718962
C2_CAMTA_5	C3_bZIP_37-C6_bZIP_51	3	2	3	1.2247448713915892	0.2067490170279066
C2_CAMTA_5	C6_C2C2gata_28	3	2	3	1.2247448713915892	0.18428853505018525
C2_MYB_40	C2_TCP_47-C3_TCP_51	3	1	6	1.2247448713915892	0.08818471185987183
C2_MYB_40	C3_E2FDP_9	3	1	6	1.2247448713915892	0.06991886350763156
C2_MYB_40	C6_E2FDP_12	3	1	6	1.2247448713915892	0.22308455461326399
C3_AP2EREBP_181-C6_AP2EREBP_232	C3_bZIP_37-C6_bZIP_51	3	2	3	1.2247448713915892	0.23958675399283183
C3_AP2EREBP_181-C6_AP2EREBP_232	C6_C2C2gata_28	3	2	3	1.2247448713915892	0.0
C3_AP2EREBP_20	C3_bZIP_37-C6_bZIP_51	3	2	3	1.2247448713915892	0.15617376188860618
C3_AP2EREBP_90	C3_E2FDP_9	3	1	6	1.2247448713915892	0.2721655269759086
C2_C2H2_58-C6_C2H2_67	C2_MYB_53-C3_MYB_30-C5_MYB_21	5	3	6	1.1785113019775793	-1.403701873922032
C2_MYB_53-C3_MYB_30-C5_MYB_21	C6_C2C2gata_28	5	6	3	1.1785113019775793	-1.058535460783299
C2_MYB_53-C3_MYB_30-C5_MYB_21	C2_MYB_53-C3_MYB_30-C5_MYB_21	7	6	6	1.1666666666666665	-0.031053504702226734
C10_ABI3VP1_14-C2_ABI3VP1_17-C3_ABI3VP1_7-C4_ABI3VP1_13-C6_ABI3VP1_21	C10_FAR1_2-C2_FAR1_3-C3_FAR1_1-C4_FAR1_3-C6_FAR1_3-C7_FAR1_1	4	6	2	1.1547005383792515	-0.7302967433402212
C10_ABI3VP1_14-C2_ABI3VP1_17-C3_ABI3VP1_7-C4_ABI3VP1_13-C6_ABI3VP1_21	C3_E2FDP_7-C6_E2FDP_9	4	6	2	1.1547005383792515	-0.20935090358026986
C10_AP2EREBP_101-C4_AP2EREBP_76	C3_bZIP_37-C6_bZIP_51	2	1	3	1.1547005383792515	0.8260561574345486
C10_AP2EREBP_39	C3_AP2EREBP_90	2	3	1	1.1547005383792515	0.8340576562282991
C10_AP2EREBP_5-C13_AP2EREBP_2-C2_AP2EREBP_5-C3_AP2EREBP_5-C4_AP2EREBP_6-C6_AP2EREBP_6-C9_AP2EREBP_5	C3_AP2EREBP_90	2	3	1	1.1547005383792515	0.5175218286277212
C10_FAR1_9-C2_FAR1_12-C3_FAR1_10-C6_FAR1_15	C10_TCP_31-C2_TCP_27-C3_TCP_20-C4_TCP_35-C6_TCP_37	2	1	3	1.1547005383792515	0.8689477560867007
C10_FAR1_9-C2_FAR1_12-C3_FAR1_10-C6_FAR1_15	C2_C2H2_58-C6_C2H2_67	2	1	3	1.1547005383792515	0.7516283835227738
C10_FAR1_9-C2_FAR1_12-C3_FAR1_10-C6_FAR1_15	C3_bZIP_37-C6_bZIP_51	2	1	3	1.1547005383792515	0.8689861830324869
C10_FAR1_9-C2_FAR1_12-C3_FAR1_10-C6_FAR1_15	C6_C2C2gata_28	2	1	3	1.1547005383792515	0.8423669640678025
C10_TCP_31-C2_TCP_27-C3_TCP_20-C4_TCP_35-C6_TCP_37	C2_MYB_40	2	3	1	1.1547005383792515	0.4580800870203307
C10_TCP_31-C2_TCP_27-C3_TCP_20-C4_TCP_35-C6_TCP_37	C3_AP2EREBP_90	2	3	1	1.1547005383792515	0.9229582069908969
C10_bZIP_19-C13_bZIP_3	C2_C2H2_58-C6_C2H2_67	2	1	3	1.1547005383792515	0.7520357238464748
C10_bZIP_19-C13_bZIP_3	C6_C2C2gata_28	2	1	3	1.1547005383792515	0.7198740330653559
C1_AP2EREBP_26-C10_AP2EREBP_93-C2_AP2EREBP_89-C3_AP2EREBP_78-C4_AP2EREBP_69-C6_AP2EREBP_109-C7_AP2EREBP_5-C9_AP2EREBP_48	C3_bZIP_37-C6_bZIP_51	2	1	3	1.1547005383792515	0.5075647261379695
C2_C2H2_58-C6_C2H2_67	C2_MYB_40	2	3	1	1.1547005383792515	0.6396763273389355
C2_MYB_40	C3_bZIP_37-C6_bZIP_51	2	1	3	1.1547005383792515	0.4874666782214324
C2_MYB_40	C6_C2C2gata_28	2	1	3	1.1547005383792515	0.6882472016116854
C3_AP2EREBP_90	C3_bZIP_19	2	1	3	1.1547005383792515	0.49816108240557583
C3_AP2EREBP_90	C6_Trihelix_13	2	1	3	1.1547005383792515	0.9119221284126637
C3_bZIP_37-C6_bZIP_51	C6_NAC_19	2	3	1	1.1547005383792515	0.8531145054348254
C2_BZR_21-C3_BZR_6	C3_AP2EREBP_90	3	7	1	1.133893419027682	0.0
C2_BZR_21-C3_BZR_6	C3_bZIP_19	5	7	3	1.0910894511799618	-1.234633495453461
C10_HMG_3-C3_HMG_1-C6_HMG_3	C2_BZR_21-C3_BZR_6	4	2	7	1.0690449676496976	-0.6329678616644321
C10_LOBAS2_29-C3_LOBAS2_22-C6_LOBAS2_34	C2_BZR_21-C3_BZR_6	4	2	7	1.0690449676496976	-1.127928105139685
C1_AP2EREBP_1-C10_AP2EREBP_1-C11_AP2EREBP_1-C3_AP2EREBP_1-C4_AP2EREBP_1-C6_AP2EREBP_1-C9_AP2EREBP_1	C2_BZR_21-C3_BZR_6	4	2	7	1.0690449676496976	-0.7782898857678647
C2_BZR_21-C3_BZR_6	C2_BZR_22	4	7	2	1.0690449676496976	-0.8922674221200707
C2_BZR_21-C3_BZR_6	C3_AP2EREBP_20	4	7	2	1.0690449676496976	-1.0697988249943855
C10_LOBAS2_29-C3_LOBAS2_22-C6_LOBAS2_34	C2_ABI3VP1_18-C4_ABI3VP1_14-C6_ABI3VP1_22	3	2	4	1.0606601717798214	-0.4693146639657669
C2_ABI3VP1_18-C4_ABI3VP1_14-C6_ABI3VP1_22	C2_BZR_22	3	4	2	1.0606601717798214	-0.34107730066566627
C2_ABI3VP1_18-C4_ABI3VP1_14-C6_ABI3VP1_22	C2_CAMTA_5	3	4	2	1.0606601717798214	-0.22003103604474156
C2_ABI3VP1_18-C4_ABI3VP1_14-C6_ABI3VP1_22	C3_AP2EREBP_181-C6_AP2EREBP_232	3	4	2	1.0606601717798214	-0.4183784395001418
C10_AP2EREBP_94	C2_BZR_21-C3_BZR_6	6	5	7	1.01418510567422	-1.94961997507216
C10_AP2EREBP_101-C4_AP2EREBP_76	C10_FAR1_9-C2_FAR1_12-C3_FAR1_10-C6_FAR1_15	1	1	1	1.0	1.224744871391589
C10_AP2EREBP_101-C4_AP2EREBP_76	C10_bZIP_19-C13_bZIP_3	1	1	1	1.0	0.9229582069908968
C10_AP2EREBP_101-C4_AP2EREBP_76	C2_ABI3VP1_18-C4_ABI3VP1_14-C6_ABI3VP1_22	2	1	4	1.0	0.19868758835638647
C10_AP2EREBP_101-C4_AP2EREBP_76	C2_AP2EREBP_142	2	1	4	1.0	0.23420572297684242
C10_AP2EREBP_101-C4_AP2EREBP_76	C2_E2FDP_18-C3_E2FDP_17-C4_E2FDP_10-C6_E2FDP_20-C9_E2FDP_8	2	1	4	1.0	0.061839241410310664
C10_AP2EREBP_101-C4_AP2EREBP_76	C2_MYB_40	1	1	1	1.0	1.0
C10_AP2EREBP_101-C4_AP2EREBP_76	C3_AP2EREBP_90	1	1	1	1.0	1.3333333333333335
C10_AP2EREBP_101-C4_AP2EREBP_76	C6_bZIP_49	2	1	4	1.0	0.0
C10_FAR1_2-C2_FAR1_3-C3_FAR1_1-C4_FAR1_3-C6_FAR1_3-C7_FAR1_1	C10_HMG_3-C3_HMG_1-C6_HMG_3	2	2	2	1.0	0.41627538788157603
C10_FAR1_2-C2_FAR1_3-C3_FAR1_1-C4_FAR1_3-C6_FAR1_3-C7_FAR1_1	C1_AP2EREBP_1-C10_AP2EREBP_1-C11_AP2EREBP_1-C3_AP2EREBP_1-C4_AP2EREBP_1-C6_AP2EREBP_1-C9_AP2EREBP_1	2	2	2	1.0	0.09912279006826356
C10_FAR1_2-C2_FAR1_3-C3_FAR1_1-C4_FAR1_3-C6_FAR1_3-C7_FAR1_1	C2_CAMTA_5	2	2	2	1.0	0.1711867881720424
C10_FAR1_2-C2_FAR1_3-C3_FAR1_1-C4_FAR1_3-C6_FAR1_3-C7_FAR1_1	C3_AP2EREBP_181-C6_AP2EREBP_232	2	2	2	1.0	0.25979436665882194
C10_FAR1_2-C2_FAR1_3-C3_FAR1_1-C4_FAR1_3-C6_FAR1_3-C7_FAR1_1	C3_AP2EREBP_20	2	2	2	1.0	-0.019072719867469393
C10_FAR1_2-C2_FAR1_3-C3_FAR1_1-C4_FAR1_3-C6_FAR1_3-C7_FAR1_1	C3_E2FDP_7-C6_E2FDP_9	2	2	2	1.0	0.3162277660168379
C10_FAR1_9-C2_FAR1_12-C3_FAR1_10-C6_FAR1_15	C10_bZIP_19-C13_bZIP_3	1	1	1	1.0	1.0
C10_FAR1_9-C2_FAR1_12-C3_FAR1_10-C6_FAR1_15	C1_AP2EREBP_26-C10_AP2EREBP_93-C2_AP2EREBP_89-C3_AP2EREBP_78-C4_AP2EREBP_69-C6_AP2EREBP_109-C7_AP2EREBP_5-C9_AP2EREBP_48	1	1	1	1.0	1.0408329997330663
C10_FAR1_9-C2_FAR1_12-C3_FAR1_10-C6_FAR1_15	C2_ABI3VP1_18-C4_ABI3VP1_14-C6_ABI3VP1_22	2	1	4	1.0	0.35613814953099693
C10_FAR1_9-C2_FAR1_12-C3_FAR1_10-C6_FAR1_15	C3_AP2EREBP_90	1	1	1	1.0	1.2773327473170106
C10_FAR1_9-C2_FAR1_12-C3_FAR1_10-C6_FAR1_15	C6_NAC_19	1	1	1	1.0	1.224744871391589
C10_HMG_3-C3_HMG_1-C6_HMG_3	C10_LOBAS2_29-C3_LOBAS2_22-C6_LOBAS2_34	2	2	2	1.0	0.03537745688386127
C10_HMG_3-C3_HMG_1-C6_HMG_3	C2_BZR_22	2	2	2	1.0	0.2285817953278378
C10_HMG_3-C3_HMG_1-C6_HMG_3	C3_C2C2YABBY_5	2	2	2	1.0	0.15886029415790753
C10_HMG_3-C3_HMG_1-C6_HMG_3	C3_E2FDP_7-C6_E2FDP_9	2	2	2	1.0	0.3162636256037329
C10_HMG_3-C3_HMG_1-C6_HMG_3	C3_NAC_21-C6_NAC_60-C9_NAC_25	2	2	2	1.0	0.1740776559556978
C10_LOBAS2_29-C3_LOBAS2_22-C6_LOBAS2_34	C1_AP2EREBP_1-C10_AP2EREBP_1-C11_AP2EREBP_1-C3_AP2EREBP_1-C4_AP2EREBP_1-C6_AP2EREBP_1-C9_AP2EREBP_1	2	2	2	1.0	0.10344827586206906
C10_LOBAS2_29-C3_LOBAS2_22-C6_LOBAS2_34	C3_AP2EREBP_20	2	2	2	1.0	-0.2000000000000002
C10_bZIP_19-C13_bZIP_3	C1_AP2EREBP_26-C10_AP2EREBP_93-C2_AP2EREBP_89-C3_AP2EREBP_78-C4_AP2EREBP_69-C6_AP2EREBP_109-C7_AP2EREBP_5-C9_AP2EREBP_48	1	1	1	1.0	1.0408329997330663
C10_bZIP_19-C13_bZIP_3	C2_ABI3VP1_18-C4_ABI3VP1_14-C6_ABI3VP1_22	2	1	4	1.0	0.2060379705667075
C10_bZIP_19-C13_bZIP_3	C2_MYB_40	1	1	1	1.0	1.2247448713915892
C10_bZIP_19-C13_bZIP_3	C3_AP2EREBP_90	1	1	1	1.0	1.0834726777719226
C10_bZIP_19-C13_bZIP_3	C6_NAC_19	1	1	1	1.0	0.9607689228305226
C10_bZIP_2-C2_bZIP_2-C3_bZIP_2-C6_bZIP_2-C9_bZIP_1	C2_CAMTA_5	2	2	2	1.0	0.29688260613931905
C10_bZIP_2-C2_bZIP_2-C3_bZIP_2-C6_bZIP_2-C9_bZIP_1	C3_AP2EREBP_181-C6_AP2EREBP_232	2	2	2	1.0	0.24356115022372735
C1_AP2EREBP_1-C10_AP2EREBP_1-C11_AP2EREBP_1-C3_AP2EREBP_1-C4_AP2EREBP_1-C6_AP2EREBP_1-C9_AP2EREBP_1	C2_BZR_22	2	2	2	1.0	0.1476426941051124
C1_AP2EREBP_1-C10_AP2EREBP_1-C11_AP2EREBP_1-C3_AP2EREBP_1-C4_AP2EREBP_1-C6_AP2EREBP_1-C9_AP2EREBP_1	C3_C2C2YABBY_5	2	2	2	1.0	-0.11412537853628014
C1_AP2EREBP_1-C10_AP2EREBP_1-C11_AP2EREBP_1-C3_AP2EREBP_1-C4_AP2EREBP_1-C6_AP2EREBP_1-C9_AP2EREBP_1	C3_E2FDP_7-C6_E2FDP_9	2	2	2	1.0	0.305441419328485
C1_AP2EREBP_1-C10_AP2EREBP_1-C11_AP2EREBP_1-C3_AP2EREBP_1-C4_AP2EREBP_1-C6_AP2EREBP_1-C9_AP2EREBP_1	C3_NAC_21-C6_NAC_60-C9_NAC_25	2	2	2	1.0	0.2172406991397971
C1_AP2EREBP_26-C10_AP2EREBP_93-C2_AP2EREBP_89-C3_AP2EREBP_78-C4_AP2EREBP_69-C6_AP2EREBP_109-C7_AP2EREBP_5-C9_AP2EREBP_48	C2_ABI3VP1_18-C4_ABI3VP1_14-C6_ABI3VP1_22	2	1	4	1.0	0.23735633163877068
C1_AP2EREBP_26-C10_AP2EREBP_93-C2_AP2EREBP_89-C3_AP2EREBP_78-C4_AP2EREBP_69-C6_AP2EREBP_109-C7_AP2EREBP_5-C9_AP2EREBP_48	C2_AP2EREBP_142	2	1	4	1.0	0.15505722380336356
C1_AP2EREBP_26-C10_AP2EREBP_93-C2_AP2EREBP_89-C3_AP2EREBP_78-C4_AP2EREBP_69-C6_AP2EREBP_109-C7_AP2EREBP_5-C9_AP2EREBP_48	C2_E2FDP_18-C3_E2FDP_17-C4_E2FDP_10-C6_E2FDP_20-C9_E2FDP_8	2	1	4	1.0	0.14659847100401954
C1_AP2EREBP_26-C10_AP2EREBP_93-C2_AP2EREBP_89-C3_AP2EREBP_78-C4_AP2EREBP_69-C6_AP2EREBP_109-C7_AP2EREBP_5-C9_AP2EREBP_48	C2_MYB_40	1	1	1	1.0	0.9607689228305225
C1_AP2EREBP_26-C10_AP2EREBP_93-C2_AP2EREBP_89-C3_AP2EREBP_78-C4_AP2EREBP_69-C6_AP2EREBP_109-C7_AP2EREBP_5-C9_AP2EREBP_48	C3_AP2EREBP_90	1	1	1	1.0	0.9607689228305225
C1_AP2EREBP_26-C10_AP2EREBP_93-C2_AP2EREBP_89-C3_AP2EREBP_78-C4_AP2EREBP_69-C6_AP2EREBP_109-C7_AP2EREBP_5-C9_AP2EREBP_48	C6_bZIP_49	2	1	4	1.0	-0.05352877275721896
C2_ABI3VP1_18-C4_ABI3VP1_14-C6_ABI3VP1_22	C2_MYB_40	2	4	1	1.0	0.22699055229393258
C2_ABI3VP1_18-C4_ABI3VP1_14-C6_ABI3VP1_22	C6_NAC_19	2	4	1	1.0	0.16439898730535726
C2_AP2EREBP_142	C6_NAC_19	2	4	1	1.0	0.11665046633795327
C2_BZR_22	C3_AP2EREBP_20	2	2	2	1.0	0.22319215616939916
C2_C2H2_58-C6_C2H2_67	C3_bZIP_37-C6_bZIP_51	3	3	3	1.0	-0.6135079316379113
C2_CAMTA_5	C3_AP2EREBP_181-C6_AP2EREBP_232	2	2	2	1.0	0.16903085094570328
C2_CAMTA_5	C3_E2FDP_7-C6_E2FDP_9	2	2	2	1.0	0.34026228050238794
C2_E2FDP_18-C3_E2FDP_17-C4_E2FDP_10-C6_E2FDP_20-C9_E2FDP_8	C3_AP2EREBP_90	2	4	1	1.0	0.32637570018144557
C2_E2FDP_18-C3_E2FDP_17-C4_E2FDP_10-C6_E2FDP_20-C9_E2FDP_8	C6_NAC_19	2	4	1	1.0	0.08804509063256245
C2_MYB_40	C3_AP2EREBP_90	1	1	1	1.0	1.224744871391589
C2_MYB_40	C6_NAC_19	1	1	1	1.0	1.0
C3_AP2EREBP_181-C6_AP2EREBP_232	C3_E2FDP_7-C6_E2FDP_9	2	2	2	1.0	0.0431175140346184
C3_AP2EREBP_20	C3_E2FDP_7-C6_E2FDP_9	2	2	2	1.0	0.4005963724010765
C3_AP2EREBP_90	C6_NAC_19	1	1	1	1.0	1.1281521496355327
C3_bZIP_37-C6_bZIP_51	C6_C2C2gata_28	3	3	3	1.0	-0.5406705217488961
C6_NAC_19	C6_bZIP_49	2	1	4	1.0	0.07432941462471669
C10_AP2EREBP_94	C3_AP2EREBP_90	2	5	1	0.8944271909999157	-0.047192917818300914
C10_ABI3VP1_14-C2_ABI3VP1_17-C3_ABI3VP1_7-C4_ABI3VP1_13-C6_ABI3VP1_21	C10_bZIP_2-C2_bZIP_2-C3_bZIP_2-C6_bZIP_2-C9_bZIP_1	3	6	2	0.8660254037844386	-0.8419748775825218
C2_BZR_21-C3_BZR_6	C2_BZR_21-C3_BZR_6	6	7	7	0.8571428571428572	-0.8481564778370925
C1_E2FDP_9-C2_E2FDP_17-C3_E2FDP_16-C4_E2FDP_9-C6_E2FDP_19	C1_E2FDP_9-C2_E2FDP_17-C3_E2FDP_16-C4_E2FDP_9-C6_E2FDP_19	5	6	6	0.8333333333333334	-0.621432534658905
C2_TCP_47-C3_TCP_51	C2_TCP_47-C3_TCP_51	5	6	6	0.8333333333333334	-0.46257302031856296
C3_E2FDP_9	C3_E2FDP_9	5	6	6	0.8333333333333334	-0.3658304992333457
C6_E2FDP_12	C6_E2FDP_12	5	6	6	0.8333333333333334	-0.3800932359491139
C10_AP2EREBP_101-C4_AP2EREBP_76	C1_E2FDP_9-C2_E2FDP_17-C3_E2FDP_16-C4_E2FDP_9-C6_E2FDP_19	2	1	6	0.816496580927726	-0.42741954628391315
C10_AP2EREBP_101-C4_AP2EREBP_76	C2_MYB_53-C3_MYB_30-C5_MYB_21	2	1	6	0.816496580927726	-0.22542306524353095
C10_AP2EREBP_101-C4_AP2EREBP_76	C2_TCP_47-C3_TCP_51	2	1	6	0.816496580927726	-0.3814690425354203
C10_AP2EREBP_101-C4_AP2EREBP_76	C3_E2FDP_9	2	1	6	0.816496580927726	-0.41376260939631127
C10_AP2EREBP_101-C4_AP2EREBP_76	C6_E2FDP_12	2	1	6	0.816496580927726	-0.3017381301266216
C10_AP2EREBP_39	C10_HMG_3-C3_HMG_1-C6_HMG_3	2	3	2	0.816496580927726	-0.49319696191607215
C10_AP2EREBP_39	C1_AP2EREBP_1-C10_AP2EREBP_1-C11_AP2EREBP_1-C3_AP2EREBP_1-C4_AP2EREBP_1-C6_AP2EREBP_1-C9_AP2EREBP_1	2	3	2	0.816496580927726	-0.4837392441255208
C10_AP2EREBP_39	C3_AP2EREBP_20	2	3	2	0.816496580927726	-0.4833640963115585
C10_AP2EREBP_5-C13_AP2EREBP_2-C2_AP2EREBP_5-C3_AP2EREBP_5-C4_AP2EREBP_6-C6_AP2EREBP_6-C9_AP2EREBP_5	C10_HMG_3-C3_HMG_1-C6_HMG_3	2	3	2	0.816496580927726	-0.5804294924639212
C10_AP2EREBP_5-C13_AP2EREBP_2-C2_AP2EREBP_5-C3_AP2EREBP_5-C4_AP2EREBP_6-C6_AP2EREBP_6-C9_AP2EREBP_5	C1_AP2EREBP_1-C10_AP2EREBP_1-C11_AP2EREBP_1-C3_AP2EREBP_1-C4_AP2EREBP_1-C6_AP2EREBP_1-C9_AP2EREBP_1	2	3	2	0.816496580927726	-0.923720648536655
C10_AP2EREBP_5-C13_AP2EREBP_2-C2_AP2EREBP_5-C3_AP2EREBP_5-C4_AP2EREBP_6-C6_AP2EREBP_6-C9_AP2EREBP_5	C3_AP2EREBP_20	2	3	2	0.816496580927726	-0.8268106308031118
C10_FAR1_2-C2_FAR1_3-C3_FAR1_1-C4_FAR1_3-C6_FAR1_3-C7_FAR1_1	C2_C2H2_58-C6_C2H2_67	2	2	3	0.816496580927726	-0.5939226701421112
C10_FAR1_2-C2_FAR1_3-C3_FAR1_1-C4_FAR1_3-C6_FAR1_3-C7_FAR1_1	C6_C2C2gata_28	2	2	3	0.816496580927726	-0.38590645615595837
C10_HMG_3-C3_HMG_1-C6_HMG_3	C6_Trihelix_13	2	2	3	0.816496580927726	-0.39552881031997317
C1_AP2EREBP_1-C10_AP2EREBP_1-C11_AP2EREBP_1-C3_AP2EREBP_1-C4_AP2EREBP_1-C6_AP2EREBP_1-C9_AP2EREBP_1	C6_Trihelix_13	2	2	3	0.816496580927726	-0.6409349425122762
C1_AP2EREBP_26-C10_AP2EREBP_93-C2_AP2EREBP_89-C3_AP2EREBP_78-C4_AP2EREBP_69-C6_AP2EREBP_109-C7_AP2EREBP_5-C9_AP2EREBP_48	C1_E2FDP_9-C2_E2FDP_17-C3_E2FDP_16-C4_E2FDP_9-C6_E2FDP_19	2	1	6	0.816496580927726	-0.6054922444972205
C1_AP2EREBP_26-C10_AP2EREBP_93-C2_AP2EREBP_89-C3_AP2EREBP_78-C4_AP2EREBP_69-C6_AP2EREBP_109-C7_AP2EREBP_5-C9_AP2EREBP_48	C2_MYB_53-C3_MYB_30-C5_MYB_21	2	1	6	0.816496580927726	-0.5235128319002438
C1_AP2EREBP_26-C10_AP2EREBP_93-C2_AP2EREBP_89-C3_AP2EREBP_78-C4_AP2EREBP_69-C6_AP2EREBP_109-C7_AP2EREBP_5-C9_AP2EREBP_48	C2_TCP_47-C3_TCP_51	2	1	6	0.816496580927726	-0.552865605150556
C1_AP2EREBP_26-C10_AP2EREBP_93-C2_AP2EREBP_89-C3_AP2EREBP_78-C4_AP2EREBP_69-C6_AP2EREBP_109-C7_AP2EREBP_5-C9_AP2EREBP_48	C3_E2FDP_9	2	1	6	0.816496580927726	-0.546056511060946
C1_AP2EREBP_26-C10_AP2EREBP_93-C2_AP2EREBP_89-C3_AP2EREBP_78-C4_AP2EREBP_69-C6_AP2EREBP_109-C7_AP2EREBP_5-C9_AP2EREBP_48	C6_E2FDP_12	2	1	6	0.816496580927726	-0.34510605119415355
C1_E2FDP_9-C2_E2FDP_17-C3_E2FDP_16-C4_E2FDP_9-C6_E2FDP_19	C3_AP2EREBP_90	2	6	1	0.816496580927726	-0.32514207333608836
C1_E2FDP_9-C2_E2FDP_17-C3_E2FDP_16-C4_E2FDP_9-C6_E2FDP_19	C6_NAC_19	2	6	1	0.816496580927726	-0.581133328569332
C2_C2H2_58-C6_C2H2_67	C3_E2FDP_7-C6_E2FDP_9	2	3	2	0.816496580927726	-0.38313051408846066
C2_MYB_53-C3_MYB_30-C5_MYB_21	C3_AP2EREBP_90	2	6	1	0.816496580927726	-0.30408280457197384
C2_MYB_53-C3_MYB_30-C5_MYB_21	C6_NAC_19	2	6	1	0.816496580927726	-0.5856271576959884
C2_TCP_47-C3_TCP_51	C3_AP2EREBP_90	2	6	1	0.816496580927726	-0.23764111605195173
C2_TCP_47-C3_TCP_51	C6_NAC_19	2	6	1	0.816496580927726	-0.42123273948081824
C3_AP2EREBP_20	C6_Trihelix_13	2	2	3	0.816496580927726	-0.40089186286863665
C3_AP2EREBP_90	C6_E2FDP_12	2	1	6	0.816496580927726	-0.15956092512274272
C3_E2FDP_7-C6_E2FDP_9	C6_C2C2gata_28	2	2	3	0.816496580927726	-0.39056673294247163
C3_E2FDP_9	C6_NAC_19	2	6	1	0.816496580927726	-0.4174544402284397
C6_E2FDP_12	C6_NAC_19	2	6	1	0.816496580927726	-0.241359450191482
C10_AP2EREBP_101-C4_AP2EREBP_76	C2_BZR_21-C3_BZR_6	2	1	7	0.7559289460184545	-0.513911595353598
C1_AP2EREBP_26-C10_AP2EREBP_93-C2_AP2EREBP_89-C3_AP2EREBP_78-C4_AP2EREBP_69-C6_AP2EREBP_109-C7_AP2EREBP_5-C9_AP2EREBP_48	C2_BZR_21-C3_BZR_6	2	1	7	0.7559289460184545	-0.7533451446063056
C2_BZR_21-C3_BZR_6	C6_NAC_19	2	7	1	0.7559289460184545	-0.6009217364794185
C2_AP2EREBP_142	C2_AP2EREBP_142	3	4	4	0.75	0.23059543028261936
C6_bZIP_49	C6_bZIP_49	3	4	4	0.75	0.15235188668583635
C10_AP2EREBP_101-C4_AP2EREBP_76	C10_FAR1_2-C2_FAR1_3-C3_FAR1_1-C4_FAR1_3-C6_FAR1_3-C7_FAR1_1	1	1	2	0.7071067811865476	-0.07902950546607491
C10_AP2EREBP_101-C4_AP2EREBP_76	C10_LOBAS2_29-C3_LOBAS2_22-C6_LOBAS2_34	1	1	2	0.7071067811865476	0.18701608980084272
C10_AP2EREBP_101-C4_AP2EREBP_76	C2_BZR_22	1	1	2	0.7071067811865476	0.32737515284415564
C10_AP2EREBP_101-C4_AP2EREBP_76	C2_CAMTA_5	1	1	2	0.7071067811865476	0.05170876899950194
C10_AP2EREBP_101-C4_AP2EREBP_76	C3_AP2EREBP_181-C6_AP2EREBP_232	1	1	2	0.7071067811865476	0.12803687993289592
C10_AP2EREBP_101-C4_AP2EREBP_76	C3_C2C2YABBY_5	1	1	2	0.7071067811865476	0.025408222923375662
C10_AP2EREBP_101-C4_AP2EREBP_76	C3_E2FDP_7-C6_E2FDP_9	1	1	2	0.7071067811865476	0.18701608980084272
C10_AP2EREBP_101-C4_AP2EREBP_76	C3_NAC_21-C6_NAC_60-C9_NAC_25	1	1	2	0.7071067811865476	0.3258752679561409
C10_FAR1_2-C2_FAR1_3-C3_FAR1_1-C4_FAR1_3-C6_FAR1_3-C7_FAR1_1	C10_FAR1_9-C2_FAR1_12-C3_FAR1_10-C6_FAR1_15	1	2	1	0.7071067811865476	0.3273751528441557
C10_FAR1_2-C2_FAR1_3-C3_FAR1_1-C4_FAR1_3-C6_FAR1_3-C7_FAR1_1	C1_AP2EREBP_26-C10_AP2EREBP_93-C2_AP2EREBP_89-C3_AP2EREBP_78-C4_AP2EREBP_69-C6_AP2EREBP_109-C7_AP2EREBP_5-C9_AP2EREBP_48	1	2	1	0.7071067811865476	0.2111119255877038
C10_FAR1_2-C2_FAR1_3-C3_FAR1_1-C4_FAR1_3-C6_FAR1_3-C7_FAR1_1	C2_MYB_40	1	2	1	0.7071067811865476	0.05352877275721896
C10_FAR1_2-C2_FAR1_3-C3_FAR1_1-C4_FAR1_3-C6_FAR1_3-C7_FAR1_1	C6_NAC_19	1	2	1	0.7071067811865476	0.16245910832216473
C10_FAR1_9-C2_FAR1_12-C3_FAR1_10-C6_FAR1_15	C10_bZIP_2-C2_bZIP_2-C3_bZIP_2-C6_bZIP_2-C9_bZIP_1	1	1	2	0.7071067811865476	0.8219949365267866
C10_FAR1_9-C2_FAR1_12-C3_FAR1_10-C6_FAR1_15	C2_CAMTA_5	1	1	2	0.7071067811865476	0.521904725868689
C10_FAR1_9-C2_FAR1_12-C3_FAR1_10-C6_FAR1_15	C3_AP2EREBP_181-C6_AP2EREBP_232	1	1	2	0.7071067811865476	0.1749453381214215
C10_FAR1_9-C2_FAR1_12-C3_FAR1_10-C6_FAR1_15	C3_E2FDP_7-C6_E2FDP_9	1	1	2	0.7071067811865476	0.34982151236612113
C10_HMG_3-C3_HMG_1-C6_HMG_3	C3_AP2EREBP_90	1	2	1	0.7071067811865476	0.2019884498886664
C10_LOBAS2_29-C3_LOBAS2_22-C6_LOBAS2_34	C1_AP2EREBP_26-C10_AP2EREBP_93-C2_AP2EREBP_89-C3_AP2EREBP_78-C4_AP2EREBP_69-C6_AP2EREBP_109-C7_AP2EREBP_5-C9_AP2EREBP_48	1	2	1	0.7071067811865476	-0.15171652122725224
C10_LOBAS2_29-C3_LOBAS2_22-C6_LOBAS2_34	C3_AP2EREBP_90	1	2	1	0.7071067811865476	0.21111192558770375
C10_LOBAS2_29-C3_LOBAS2_22-C6_LOBAS2_34	C6_NAC_19	1	2	1	0.7071067811865476	0.10383482633023298
C10_bZIP_19-C13_bZIP_3	C2_CAMTA_5	1	1	2	0.7071067811865476	0.053528772757218956
C10_bZIP_19-C13_bZIP_3	C3_AP2EREBP_181-C6_AP2EREBP_232	1	1	2	0.7071067811865476	0.0
C10_bZIP_2-C2_bZIP_2-C3_bZIP_2-C6_bZIP_2-C9_bZIP_1	C2_MYB_40	1	2	1	0.7071067811865476	0.3137738479618212
C1_AP2EREBP_1-C10_AP2EREBP_1-C11_AP2EREBP_1-C3_AP2EREBP_1-C4_AP2EREBP_1-C6_AP2EREBP_1-C9_AP2EREBP_1	C3_AP2EREBP_90	1	2	1	0.7071067811865476	0.20412414523193145
C1_AP2EREBP_26-C10_AP2EREBP_93-C2_AP2EREBP_89-C3_AP2EREBP_78-C4_AP2EREBP_69-C6_AP2EREBP_109-C7_AP2EREBP_5-C9_AP2EREBP_48	C2_BZR_22	1	1	2	0.7071067811865476	0.051708768999501956
C1_AP2EREBP_26-C10_AP2EREBP_93-C2_AP2EREBP_89-C3_AP2EREBP_78-C4_AP2EREBP_69-C6_AP2EREBP_109-C7_AP2EREBP_5-C9_AP2EREBP_48	C2_CAMTA_5	1	1	2	0.7071067811865476	-0.026270346874636717
C1_AP2EREBP_26-C10_AP2EREBP_93-C2_AP2EREBP_89-C3_AP2EREBP_78-C4_AP2EREBP_69-C6_AP2EREBP_109-C7_AP2EREBP_5-C9_AP2EREBP_48	C3_AP2EREBP_181-C6_AP2EREBP_232	1	1	2	0.7071067811865476	0.07902950546607491
C1_AP2EREBP_26-C10_AP2EREBP_93-C2_AP2EREBP_89-C3_AP2EREBP_78-C4_AP2EREBP_69-C6_AP2EREBP_109-C7_AP2EREBP_5-C9_AP2EREBP_48	C3_C2C2YABBY_5	1	1	2	0.7071067811865476	-0.20198844988866635
C1_AP2EREBP_26-C10_AP2EREBP_93-C2_AP2EREBP_89-C3_AP2EREBP_78-C4_AP2EREBP_69-C6_AP2EREBP_109-C7_AP2EREBP_5-C9_AP2EREBP_48	C3_E2FDP_7-C6_E2FDP_9	1	1	2	0.7071067811865476	-0.024625761678892633
C1_AP2EREBP_26-C10_AP2EREBP_93-C2_AP2EREBP_89-C3_AP2EREBP_78-C4_AP2EREBP_69-C6_AP2EREBP_109-C7_AP2EREBP_5-C9_AP2EREBP_48	C3_NAC_21-C6_NAC_60-C9_NAC_25	1	1	2	0.7071067811865476	0.21111192558770372
C2_BZR_22	C3_AP2EREBP_90	1	2	1	0.7071067811865476	-0.053528772757218956
C2_BZR_22	C6_NAC_19	1	2	1	0.7071067811865476	0.05170876899950194
C2_CAMTA_5	C2_MYB_40	1	2	1	0.7071067811865476	-0.0555555555555556
C2_CAMTA_5	C3_AP2EREBP_90	1	2	1	0.7071067811865476	0.07405714479169694
C2_CAMTA_5	C6_NAC_19	1	2	1	0.7071067811865476	0.0
C2_MYB_40	C3_AP2EREBP_181-C6_AP2EREBP_232	1	1	2	0.7071067811865476	0.24999999999999994
C2_MYB_40	C3_E2FDP_7-C6_E2FDP_9	1	1	2	0.7071067811865476	0.23570226039551576
C3_AP2EREBP_181-C6_AP2EREBP_232	C3_AP2EREBP_90	1	2	1	0.7071067811865476	0.048564293117863234
C3_AP2EREBP_181-C6_AP2EREBP_232	C6_NAC_19	1	2	1	0.7071067811865476	-0.025408222923375665
C3_AP2EREBP_20	C3_AP2EREBP_90	1	2	1	0.7071067811865476	0.15681251204679503
C3_AP2EREBP_90	C3_C2C2YABBY_5	1	1	2	0.7071067811865476	0.16245910832216473
C3_AP2EREBP_90	C3_NAC_21-C6_NAC_60-C9_NAC_25	1	1	2	0.7071067811865476	0.3258752679561409
C3_C2C2YABBY_5	C6_NAC_19	1	2	1	0.7071067811865476	0.12149134784615738
C3_E2FDP_7-C6_E2FDP_9	C6_NAC_19	1	2	1	0.7071067811865476	0.3498215123661212
C3_NAC_21-C6_NAC_60-C9_NAC_25	C6_NAC_19	1	2	1	0.7071067811865476	0.5248906591678238
C10_ABI3VP1_14-C2_ABI3VP1_17-C3_ABI3VP1_7-C4_ABI3VP1_13-C6_ABI3VP1_21	C10_ABI3VP1_14-C2_ABI3VP1_17-C3_ABI3VP1_7-C4_ABI3VP1_13-C6_ABI3VP1_21	4	6	6	0.6666666666666666	-0.8696166705157014
C10_AP2EREBP_39	C10_AP2EREBP_39	2	3	3	0.6666666666666666	0.9119221284126637
C10_AP2EREBP_39	C2_C2H2_58-C6_C2H2_67	2	3	3	0.6666666666666666	-1.4552137502179978
C10_AP2EREBP_39	C6_C2C2gata_28	2	3	3	0.6666666666666666	-0.8962928797819159
C10_AP2EREBP_5-C13_AP2EREBP_2-C2_AP2EREBP_5-C3_AP2EREBP_5-C4_AP2EREBP_6-C6_AP2EREBP_6-C9_AP2EREBP_5	C10_AP2EREBP_5-C13_AP2EREBP_2-C2_AP2EREBP_5-C3_AP2EREBP_5-C4_AP2EREBP_6-C6_AP2EREBP_6-C9_AP2EREBP_5	2	3	3	0.6666666666666666	0.5389802644119638
C10_AP2EREBP_5-C13_AP2EREBP_2-C2_AP2EREBP_5-C3_AP2EREBP_5-C4_AP2EREBP_6-C6_AP2EREBP_6-C9_AP2EREBP_5	C2_C2H2_58-C6_C2H2_67	2	3	3	0.6666666666666666	-1.2894198915438533
C10_AP2EREBP_5-C13_AP2EREBP_2-C2_AP2EREBP_5-C3_AP2EREBP_5-C4_AP2EREBP_6-C6_AP2EREBP_6-C9_AP2EREBP_5	C6_C2C2gata_28	2	3	3	0.6666666666666666	-1.4997823368475185
C2_C2H2_58-C6_C2H2_67	C6_Trihelix_13	2	3	3	0.6666666666666666	-1.1531133203941102
C3_bZIP_37-C6_bZIP_51	C3_bZIP_37-C6_bZIP_51	2	3	3	0.6666666666666666	0.7913176446005973
C6_C2C2gata_28	C6_Trihelix_13	2	3	3	0.6666666666666666	-0.8632643436026661
C6_Trihelix_13	C6_Trihelix_13	2	3	3	0.6666666666666666	0.49784388818701325
C10_AP2EREBP_94	C10_HMG_3-C3_HMG_1-C6_HMG_3	2	5	2	0.6324555320336758	-1.0776645113397993
C10_AP2EREBP_94	C10_LOBAS2_29-C3_LOBAS2_22-C6_LOBAS2_34	2	5	2	0.6324555320336758	-1.637804455201046
C10_AP2EREBP_94	C1_AP2EREBP_1-C10_AP2EREBP_1-C11_AP2EREBP_1-C3_AP2EREBP_1-C4_AP2EREBP_1-C6_AP2EREBP_1-C9_AP2EREBP_1	2	5	2	0.6324555320336758	-1.5512581324520325
C10_AP2EREBP_94	C2_BZR_22	2	5	2	0.6324555320336758	-1.2343726020446704
C10_AP2EREBP_94	C3_C2C2YABBY_5	2	5	2	0.6324555320336758	-1.4201361099357361
C10_AP2EREBP_94	C3_NAC_21-C6_NAC_60-C9_NAC_25	2	5	2	0.6324555320336758	-1.1299148333604556
C10_AP2EREBP_101-C4_AP2EREBP_76	C10_AP2EREBP_39	1	1	3	0.5773502691896257	-0.35464968280759535
C10_AP2EREBP_101-C4_AP2EREBP_76	C10_AP2EREBP_5-C13_AP2EREBP_2-C2_AP2EREBP_5-C3_AP2EREBP_5-C4_AP2EREBP_6-C6_AP2EREBP_6-C9_AP2EREBP_5	1	1	3	0.5773502691896257	-0.4264014327112209
C10_AP2EREBP_101-C4_AP2EREBP_76	C10_TCP_31-C2_TCP_27-C3_TCP_20-C4_TCP_35-C6_TCP_37	1	1	3	0.5773502691896257	-0.132263949099314
C10_AP2EREBP_101-C4_AP2EREBP_76	C3_bZIP_19	1	1	3	0.5773502691896257	-0.39223227027636803
C10_AP2EREBP_101-C4_AP2EREBP_76	C6_Trihelix_13	1	1	3	0.5773502691896257	-0.28497536081391944
C10_AP2EREBP_39	C1_AP2EREBP_26-C10_AP2EREBP_93-C2_AP2EREBP_89-C3_AP2EREBP_78-C4_AP2EREBP_69-C6_AP2EREBP_109-C7_AP2EREBP_5-C9_AP2EREBP_48	1	3	1	0.5773502691896257	-0.20282414382021738
C10_AP2EREBP_39	C6_NAC_19	1	3	1	0.5773502691896257	-0.45883146774112343
C10_AP2EREBP_5-C13_AP2EREBP_2-C2_AP2EREBP_5-C3_AP2EREBP_5-C4_AP2EREBP_6-C6_AP2EREBP_6-C9_AP2EREBP_5	C1_AP2EREBP_26-C10_AP2EREBP_93-C2_AP2EREBP_89-C3_AP2EREBP_78-C4_AP2EREBP_69-C6_AP2EREBP_109-C7_AP2EREBP_5-C9_AP2EREBP_48	1	3	1	0.5773502691896257	-0.6782541720302914
C10_AP2EREBP_5-C13_AP2EREBP_2-C2_AP2EREBP_5-C3_AP2EREBP_5-C4_AP2EREBP_6-C6_AP2EREBP_6-C9_AP2EREBP_5	C6_NAC_19	1	3	1	0.5773502691896257	-0.408248290463863
C10_TCP_31-C2_TCP_27-C3_TCP_20-C4_TCP_35-C6_TCP_37	C10_bZIP_19-C13_bZIP_3	1	3	1	0.5773502691896257	-0.3080430342483094
C10_TCP_31-C2_TCP_27-C3_TCP_20-C4_TCP_35-C6_TCP_37	C1_AP2EREBP_26-C10_AP2EREBP_93-C2_AP2EREBP_89-C3_AP2EREBP_78-C4_AP2EREBP_69-C6_AP2EREBP_109-C7_AP2EREBP_5-C9_AP2EREBP_48	1	3	1	0.5773502691896257	-0.4157041699540494
C10_TCP_31-C2_TCP_27-C3_TCP_20-C4_TCP_35-C6_TCP_37	C6_NAC_19	1	3	1	0.5773502691896257	-0.42785921963963225
C1_AP2EREBP_26-C10_AP2EREBP_93-C2_AP2EREBP_89-C3_AP2EREBP_78-C4_AP2EREBP_69-C6_AP2EREBP_109-C7_AP2EREBP_5-C9_AP2EREBP_48	C3_bZIP_19	1	1	3	0.5773502691896257	-0.34986534591335505
C1_AP2EREBP_26-C10_AP2EREBP_93-C2_AP2EREBP_89-C3_AP2EREBP_78-C4_AP2EREBP_69-C6_AP2EREBP_109-C7_AP2EREBP_5-C9_AP2EREBP_48	C6_Trihelix_13	1	1	3	0.5773502691896257	-0.42785921963963225
C2_C2H2_58-C6_C2H2_67	C3_AP2EREBP_90	1	3	1	0.5773502691896257	-0.1655211777204736
C3_AP2EREBP_90	C6_C2C2gata_28	1	1	3	0.5773502691896257	-0.31108550841912763
C3_bZIP_19	C6_NAC_19	1	3	1	0.5773502691896257	-0.2510700709556062
C6_NAC_19	C6_Trihelix_13	1	1	3	0.5773502691896257	-0.37729962733528677
C2_BZR_21-C3_BZR_6	C3_C2C2YABBY_5	2	7	2	0.5345224838248488	-1.565247584249853
C2_BZR_21-C3_BZR_6	C3_NAC_21-C6_NAC_60-C9_NAC_25	2	7	2	0.5345224838248488	-1.5530327330662375
C10_AP2EREBP_94	C3_bZIP_19	2	5	3	0.5163977794943221	-1.6341930643894615
C10_FAR1_2-C2_FAR1_3-C3_FAR1_1-C4_FAR1_3-C6_FAR1_3-C7_FAR1_1	C10_FAR1_2-C2_FAR1_3-C3_FAR1_1-C4_FAR1_3-C6_FAR1_3-C7_FAR1_1	1	2	2	0.5	1.224744871391589
C2_ABI3VP1_18-C4_ABI3VP1_14-C6_ABI3VP1_22	C2_ABI3VP1_18-C4_ABI3VP1_14-C6_ABI3VP1_22	2	4	4	0.5	-0.25045319213683276
C2_ABI3VP1_18-C4_ABI3VP1_14-C6_ABI3VP1_22	C3_AP2EREBP_90	1	4	1	0.5	-0.5632351276341856
C2_CAMTA_5	C2_CAMTA_5	1	2	2	0.5	1.0408329997330663
C3_AP2EREBP_181-C6_AP2EREBP_232	C3_AP2EREBP_181-C6_AP2EREBP_232	1	2	2	0.5	1.1751393027860069
C3_E2FDP_7-C6_E2FDP_9	C3_E2FDP_7-C6_E2FDP_9	1	2	2	0.5	1.1281521496355327
C10_AP2EREBP_101-C4_AP2EREBP_76	C10_AP2EREBP_94	1	1	5	0.44721359549995787	-0.8965742149782822
C10_AP2EREBP_94	C1_AP2EREBP_26-C10_AP2EREBP_93-C2_AP2EREBP_89-C3_AP2EREBP_78-C4_AP2EREBP_69-C6_AP2EREBP_109-C7_AP2EREBP_5-C9_AP2EREBP_48	1	5	1	0.44721359549995787	-1.0932163332202425
C10_AP2EREBP_94	C6_NAC_19	1	5	1	0.44721359549995787	-1.135600339008628
C2_BZR_21-C3_BZR_6	C2_C2H2_58-C6_C2H2_67	2	7	3	0.4364357804719847	-2.2997886106945704
C2_BZR_21-C3_BZR_6	C6_C2C2gata_28	2	7	3	0.4364357804719847	-2.0675252722919164
C10_ABI3VP1_14-C2_ABI3VP1_17-C3_ABI3VP1_7-C4_ABI3VP1_13-C6_ABI3VP1_21	C10_FAR1_9-C2_FAR1_12-C3_FAR1_10-C6_FAR1_15	1	6	1	0.408248290463863	-0.8385481602338832
C10_ABI3VP1_14-C2_ABI3VP1_17-C3_ABI3VP1_7-C4_ABI3VP1_13-C6_ABI3VP1_21	C2_MYB_40	1	6	1	0.408248290463863	-1.334105286787459
C10_HMG_3-C3_HMG_1-C6_HMG_3	C3_bZIP_19	1	2	3	0.408248290463863	-1.0467691005511122
C10_LOBAS2_29-C3_LOBAS2_22-C6_LOBAS2_34	C3_bZIP_19	1	2	3	0.408248290463863	-1.5448643253910876
C1_AP2EREBP_1-C10_AP2EREBP_1-C11_AP2EREBP_1-C3_AP2EREBP_1-C4_AP2EREBP_1-C6_AP2EREBP_1-C9_AP2EREBP_1	C3_bZIP_19	1	2	3	0.408248290463863	-1.1586012886322996
C2_BZR_22	C3_bZIP_19	1	2	3	0.408248290463863	-0.9914781699292359
C3_AP2EREBP_20	C3_bZIP_19	1	2	3	0.408248290463863	-1.4002800840280099
C3_C2C2YABBY_5	C3_bZIP_19	1	2	3	0.408248290463863	-1.1183666874594613
C3_NAC_21-C6_NAC_60-C9_NAC_25	C3_bZIP_19	1	2	3	0.408248290463863	-1.1913667943625412
C10_AP2EREBP_94	C10_AP2EREBP_94	2	5	5	0.39999999999999997	-1.0976846266014473
C10_TCP_31-C2_TCP_27-C3_TCP_20-C4_TCP_35-C6_TCP_37	C10_TCP_31-C2_TCP_27-C3_TCP_20-C4_TCP_35-C6_TCP_37	1	3	3	0.3333333333333333	-0.32955392168506853
C2_C2H2_58-C6_C2H2_67	C3_bZIP_19	1	3	3	0.3333333333333333	-1.6259369771900243
C3_bZIP_19	C3_bZIP_19	1	3	3	0.3333333333333333	-0.16552117772047353
C3_bZIP_19	C6_C2C2gata_28	1	3	3	0.3333333333333333	-1.8080759400867115
