TF1	TF2	TF1_TF2_count	TF1_count	TF2_count	cosine	zscore
C3_ND_2	C4_ND_3	263	52	69	4.390657203659219	16.921248111527966
C3_C2C2gata_3	C3_ND_2	203	52	52	3.903846153846154	17.765056788574245
C3_C2C2gata_1-C4_C2C2gata_1	C3_C2C2gata_3	256	88	52	3.784399334330129	14.701896926642636
C3_C2C2gata_1-C4_C2C2gata_1	C3_ND_2	253	88	52	3.740050904630948	17.15165283786814
C3_C2C2gata_3	C4_ND_3	223	52	69	3.7228766403650417	16.777410298314297
C3_C2C2gata_1-C4_C2C2gata_1	C4_ND_3	279	88	69	3.5804558413169345	11.647166163048901
C3_C2C2gata_1-C4_C2C2gata_1	C3_C2C2gata_46	179	88	37	3.1369733766166976	13.599733101835366
C3_C2C2gata_3	C3_C2C2gata_46	137	52	37	3.123331155224739	13.969940046957516
C3_C2C2gata_1-C4_C2C2gata_1	C3_C2H2_41-C5_C2H2_8	166	88	44	2.667721038112884	9.137219820515528
C3_C2C2gata_1-C4_C2C2gata_1	C3_C2H2_26	156	88	40	2.629379463606644	12.147710249783339
C3_C2C2gata_3	C3_C2H2_41-C5_C2H2_8	125	52	44	2.6132562812721587	10.773680649463454
C3_C2C2gata_3	C3_C2H2_26	114	52	40	2.4996153550250337	12.157323187141449
C3_C2C2gata_46	C3_ND_2	109	37	52	2.484986101602165	11.183434254345181
C3_ND_2	C3_ND_2	128	52	52	2.4615384615384617	14.117291875193263
C3_C2C2gata_46	C3_C2H2_26	90	37	40	2.3394386020951634	11.317660855326107
C3_C2C2gata_46	C4_ND_3	118	37	69	2.3353748553166533	10.669570850191429
C3_C2C2gata_46	C3_C2H2_41-C5_C2H2_8	92	37	44	2.2801353466444048	9.306298581737307
C3_C2H2_26	C3_ND_2	101	40	52	2.214571498750249	13.364514487576258
C4_ND_3	C4_ND_3	151	69	69	2.1884057971014497	13.080487489563371
C3_C2H2_41-C5_C2H2_8	C3_ND_2	103	44	52	2.153323175768259	8.202306403119376
C3_C2H2_26	C4_ND_3	106	40	69	2.0176755172112344	7.917419770015803
C3_C2H2_41-C5_C2H2_8	C4_ND_3	110	44	69	1.9963735237617262	6.447266238322663
C3_C2C2gata_1-C4_C2C2gata_1	C3_C2C2gata_1-C4_C2C2gata_1	171	88	88	1.9431818181818183	10.568395317725098
C3_C2H2_26	C3_C2H2_41-C5_C2H2_8	81	40	44	1.9307617432223245	7.794336589607978
C3_C2C2gata_3	C3_C2C2gata_3	96	52	52	1.8461538461538463	12.01624335980809
C3_C2C2gata_46	C3_C2C2gata_46	50	37	37	1.3513513513513515	10.715521656530992
C2_HSF_14-C3_HSF_12	C3_HSF_2	81	60	64	1.3071318793450033	2.563125717426086
C2_HSF_15	C3_HSF_2	61	43	64	1.1628015987861104	3.346577116200037
C2_HSF_14-C3_HSF_12	C2_HSF_15	58	60	43	1.1418738848893288	2.406560784631584
C2_HSF_2	C3_HSF_2	60	46	64	1.1058146711617285	3.3361907525277976
C2_HSF_14-C3_HSF_12	C2_HSF_2	57	60	46	1.0849764573683054	1.8822652481827793
C3_C2H2_26	C3_C2H2_26	41	40	40	1.025	4.276103241441922
C3_HSF_2	C3_HSF_4	43	64	29	0.9981124427016538	3.4123044038371564
C2_HSF_15	C2_HSF_2	43	43	46	0.966841563388569	2.3502180789600464
C3_C2H2_41-C5_C2H2_8	C3_C2H2_41-C5_C2H2_8	42	44	44	0.9545454545454545	5.703759254162752
C2_HSF_16	C3_HSF_2	41	31	64	0.9204771728872213	2.4106354840667246
C2_HSF_14-C3_HSF_12	C3_HSF_4	38	60	29	0.9109802728222299	1.859958317223377
C2_HSF_14-C3_HSF_12	C2_HSF_16	39	60	31	0.9042908467323281	2.2215048265649853
C2_AP2EREBP_3-C3_AP2EREBP_24	C3_AP2EREBP_22	16	18	18	0.8888888888888888	4.982275333855138
C2_BBRBPC_4	C2_HSF_15	28	24	43	0.8716019289105664	3.4404101297158314
C2_HSF_15	C2_HSF_16	30	43	31	0.8216865534971651	1.9841328110688483
C2_HSF_2	C3_HSF_4	30	46	29	0.8213785172900904	2.1977024231573874
C2_HSF_15	C3_HSF_4	29	43	29	0.8212299340934686	2.4146256909625268
C2_HSF_16	C3_HSF_4	24	31	29	0.8004448151580841	2.549414620747163
C2_BBRBPC_4	C3_HSF_2	31	24	64	0.7909810627737347	2.2813089839880116
C2_HSF_15	C2_ND_33	23	43	20	0.7842934903910445	2.527400121723544
C2_C2C2gata_25	C2_NAC_51	13	25	11	0.7839294959021854	3.3090385118972474
C2_AP2EREBP_3-C3_AP2EREBP_24	C2_Trihelix_9	14	18	18	0.7777777777777778	4.121330265745303
C2_Trihelix_9	C3_AP2EREBP_22	14	18	18	0.7777777777777778	5.287501124629681
C2_BBRBPC_4	C2_HSF_26	17	24	20	0.7759402897989853	3.5524549432354906
C2_HSF_16	C2_HSF_2	29	31	46	0.7679593549319452	1.7680623767970187
C2_BBRBPC_4	C2_HSF_14-C3_HSF_12	29	24	60	0.7642171012073584	2.0170083455092365
C2_Trihelix_9	C3_AP2EREBP_7	12	18	14	0.7559289460184545	4.252343932161613
C1_bHLH_18-C4_bHLH_13	C1_bZIP_3	18	27	22	0.7385489458759965	3.015044754902748
C2_MADS_5	C3_HSF_2	24	17	64	0.7276068751089989	2.1033723263571216
C2_HSF_14-C3_HSF_12	C2_MADS_5	23	60	17	0.7201579347479219	1.6793850844396707
C2_G2like_47	C3_HSF_2	23	16	64	0.71875	2.3199521404335206
C2_ND_33	C3_HSF_2	25	20	64	0.6987712429686842	2.0210352764084663
C2_HSF_14-C3_HSF_12	C2_ND_33	24	60	20	0.6928203230275509	1.5310636316482231
C2_BBRBPC_4	C2_HSF_2	23	24	46	0.6922186552431729	1.8318582636182792
C2_G2like_47	C2_HSF_15	18	16	43	0.686243566496721	2.9103229313420824
C2_HSF_26	C2_Trihelix_6	11	20	13	0.6821910402406465	4.146473070198592
C2_HSF_2	C2_MADS_5	19	46	17	0.679438612859544	2.0230002929919495
C2_G2like_47	C2_HSF_14-C3_HSF_12	21	16	60	0.677772085586298	1.807384109005271
C2_AP2EREBP_3-C3_AP2EREBP_24	C2_BBRBPC_4	14	18	24	0.6735753140545634	3.404822223150203
C2_BBRBPC_4	C3_AP2EREBP_22	14	24	18	0.6735753140545634	2.8421661136738856
C2_HSF_14-C3_HSF_12	C2_HSF_26	23	60	20	0.6639528095680696	1.2334921128498695
C2_AP2EREBP_3-C3_AP2EREBP_24	C2_Trihelix_6	10	18	13	0.6537204504606136	3.069703067574602
C2_Trihelix_6	C3_AP2EREBP_22	10	13	18	0.6537204504606136	3.7577184805772377
C2_AP2EREBP_3-C3_AP2EREBP_24	C2_HSF_15	18	18	43	0.6469966392206304	2.1538470788468804
C2_HSF_15	C3_AP2EREBP_22	18	43	18	0.6469966392206304	1.9479935844877212
C2_HSF_26	C3_HSF_2	23	20	64	0.6428695435311894	1.5576185512447371
C3_HSF_2	C3_HSF_2	41	64	64	0.640625	2.111750323039921
C2_BBRBPC_4	C2_C2H2_56	17	24	30	0.6335525936249404	2.826147721782335
C1_bZIP_3	C3_AP2EREBP_7	11	22	14	0.6267831705280087	3.104185064115976
C2_HSF_2	C2_ND_33	19	46	20	0.6264114497259977	1.1572259824780524
C2_BBRBPC_4	C2_Trihelix_9	13	24	18	0.6254627916220945	2.892867296513449
C2_C2C2gata_25	C3_HSF_2	25	25	64	0.625	0.870062840141097
C2_BBRBPC_4	C2_HSF_16	17	24	31	0.6232502388407515	1.9701714362353213
C2_HSF_14-C3_HSF_12	C2_HSF_14-C3_HSF_12	37	60	60	0.6166666666666666	1.5426827439296305
C2_HSF_15	C2_Trihelix_8-C3_Trihelix_24	14	43	12	0.6163156344279366	2.184137578240008
C2_NAC_51	C3_HSF_4	11	11	29	0.6158817620514397	2.572898335572121
C2_HSF_15	C2_HSF_26	18	43	20	0.6137949055234261	1.38090192640673
C2_C2H2_56	C2_Trihelix_6	12	30	13	0.6076436202501999	2.4825192127442732
C2_NAC_51	C3_HSF_2	16	11	64	0.6030226891555273	2.0178979480005004
C2_AP2EREBP_3-C3_AP2EREBP_24	C2_C2H2_56	14	18	30	0.6024640760767093	1.6933964942325583
C2_C2H2_56	C3_AP2EREBP_22	14	30	18	0.6024640760767093	2.10644066251069
C2_HSF_26	C3_AP2EREBP_7	10	20	14	0.5976143046671969	1.9036506047794137
C2_HSF_14-C3_HSF_12	C2_Trihelix_8-C3_Trihelix_24	16	60	12	0.5962847939999439	1.4693252564523793
C2_C2C2gata_25	C3_HSF_4	16	25	29	0.5942250821665659	1.4660796036010881
C2_G2like_47	C2_HSF_2	16	16	46	0.5897678246195885	1.9912208769127628
C2_AP2EREBP_3-C3_AP2EREBP_24	C2_G2like_47	10	18	16	0.5892556509887897	2.232003573497446
C2_G2like_47	C2_Trihelix_9	10	16	18	0.5892556509887897	2.887930933122738
C2_G2like_47	C3_AP2EREBP_22	10	16	18	0.5892556509887897	3.848282244687757
C2_HSF_14-C3_HSF_12	C3_AP2EREBP_7	17	60	14	0.5865557254410011	1.1876869349402819
C2_HSF_14-C3_HSF_12	C3_C2H2_104	17	60	14	0.5865557254410011	0.7785997794633076
C2_HSF_14-C3_HSF_12	C2_NAC_51	15	60	11	0.5838742081211422	1.5799747664062072
C2_HSF_26	C2_Trihelix_8-C3_Trihelix_24	9	20	12	0.5809475019311124	2.4813552415740108
C2_AP2EREBP_3-C3_AP2EREBP_24	C2_ND_33	11	18	20	0.5797509043642027	2.1720911216210137
C2_ND_33	C2_Trihelix_9	11	20	18	0.5797509043642027	2.8917190496157934
C2_ND_33	C3_AP2EREBP_22	11	20	18	0.5797509043642027	2.127642385270841
C2_AP2EREBP_3-C3_AP2EREBP_24	C2_HSF_14-C3_HSF_12	19	18	60	0.5781515884776753	0.9687533340309544
C2_HSF_14-C3_HSF_12	C3_AP2EREBP_22	19	60	18	0.5781515884776753	0.9440878906019583
C2_HSF_15	C2_Trihelix_9	16	43	18	0.5751081237516715	1.7701882271373903
C2_BBRBPC_4	C2_C2C2gata_25	14	24	25	0.5715476066494082	1.730300325269745
C2_HSF_15	C3_AP2EREBP_7	14	43	14	0.5705974021574557	1.5944679496082828
C2_HSF_15	C3_C2H2_104	14	43	14	0.5705974021574557	1.6663775802839602
C2_BBRBPC_4	C2_Trihelix_6	10	24	13	0.5661385170722979	2.2526281779486137
C2_C2H2_56	C2_HSF_14-C3_HSF_12	24	30	60	0.5656854249492381	-0.20563821541790853
C2_HSF_16	C2_ND_33	14	31	20	0.5622535302317492	1.9433294466783264
C2_BBRBPC_4	C2_G2like_47	11	24	16	0.5613413993878117	2.4430352131378656
C2_AP2EREBP_30	C2_HSF_2	12	10	46	0.5595028849441882	1.860738465592388
C2_C2H2_56	C2_HSF_15	20	30	43	0.5568460463897046	0.5705454484784404
C2_HSF_15	C2_MADS_5	15	43	17	0.5547950410914818	1.4036684156968782
C2_BBRBPC_4	C2_NAC_51	9	24	11	0.5539117094069973	2.3673705207729405
C2_HSF_15	C2_NAC_51	12	43	11	0.5517605878460434	1.890327709031531
C2_HSF_15	C2_Trihelix_6	13	43	13	0.5498414147691576	1.3978750351046492
C2_HSF_14-C3_HSF_12	C2_Trihelix_9	18	60	18	0.5477225575051661	0.8326645684187315
C2_G2like_47	C2_MADS_5	9	16	17	0.5457051563317492	3.23302462269046
C2_Trihelix_8-C3_Trihelix_24	C2_Trihelix_9	8	12	18	0.5443310539518172	3.2250385795261427
C2_C2C2gata_25	C2_HSF_14-C3_HSF_12	21	25	60	0.5422176684690383	-0.07888947910127371
C2_MADS_5	C3_HSF_4	12	17	29	0.540452818933254	1.5132520840215649
C2_G2like_47	C2_HSF_16	12	16	31	0.5388159060803247	1.7943823183109684
C2_HSF_26	C3_C2H2_104	9	20	14	0.5378528742004771	2.4285714285714284
C2_ND_33	C3_AP2EREBP_7	9	20	14	0.5378528742004771	2.0583071674090454
C2_HSF_14-C3_HSF_12	C2_Trihelix_6	15	60	13	0.5370861555295747	0.8066660287817857
C3_C2H2_104	C3_HSF_2	16	14	64	0.5345224838248488	0.8521075112775488
C2_G2like_20	C2_HSF_2	12	11	46	0.5334650693692645	1.9487094073848925
C2_C2H2_56	C2_HSF_26	13	30	20	0.5307227776030218	1.2989025943480408
C2_AP2EREBP_3-C3_AP2EREBP_24	C3_HSF_2	18	18	64	0.5303300858899107	0.8758009560685495
C2_Trihelix_9	C3_HSF_2	18	18	64	0.5303300858899107	0.8646290648609404
C3_AP2EREBP_22	C3_HSF_2	18	18	64	0.5303300858899107	0.803958177423288
C2_AP2EREBP_30	C3_HSF_4	9	10	29	0.5284981975632331	1.9135893613488733
C2_AP2EREBP_3-C3_AP2EREBP_24	C2_HSF_26	10	18	20	0.5270462766947298	2.180336945567288
C2_HSF_26	C3_AP2EREBP_22	10	20	18	0.5270462766947298	1.8473580639357028
C2_C2H2_56	C3_HSF_2	23	30	64	0.5249007842757841	-0.09994901860489439
C2_Trihelix_6	C2_Trihelix_9	8	13	18	0.5229763603684907	2.6397829946181335
C2_Trihelix_6	C3_AP2EREBP_7	7	13	14	0.5188745216627708	1.9204306500371913
C2_C2C2gata_25	C2_HSF_15	17	25	43	0.5184951391308558	0.7650387447289547
C2_AP2EREBP_30	C3_HSF_2	13	10	64	0.5138701197773615	1.0256544126845797
C2_HSF_15	C2_HSF_15	22	43	43	0.5116279069767442	2.968075409048085
C2_C2C2gata_25	C2_C2H2_56	14	25	30	0.511207720338155	0.9271726499455305
C2_G2like_20	C2_HSF_15	11	11	43	0.5057805388588731	1.507556722888818
C2_Trihelix_8-C3_Trihelix_24	C3_HSF_2	14	12	64	0.5051814855409226	1.5911089491172734
C2_AP2EREBP_3-C3_AP2EREBP_24	C3_AP2EREBP_7	8	18	14	0.5039526306789697	2.7774920880417886
C2_Trihelix_9	C3_C2H2_104	8	18	14	0.5039526306789697	2.270490636507933
C3_AP2EREBP_22	C3_AP2EREBP_7	8	18	14	0.5039526306789697	2.488684067353021
C2_G2like_47	C2_ND_33	9	16	20	0.5031152949374527	1.9727648821128003
C2_BBRBPC_4	C2_ND_33	11	24	20	0.5020790110464023	1.591320967307016
C2_C2C2gata_25	C2_HSF_2	17	25	46	0.5013026509266503	0.31983816366946777
C3_AP2EREBP_7	C3_HSF_2	15	14	64	0.5011148285857958	0.7716314649623554
C2_HSF_26	C2_ND_33	10	20	20	0.5	1.4064518796924885
C2_ND_33	C3_HSF_4	12	20	29	0.49827287912243984	1.1011235955056178
C1_bHLH_18-C4_bHLH_13	C3_AP2EREBP_14	10	27	15	0.49690399499995325	1.8844459036110228
C1_bHLH_18-C4_bHLH_13	C3_AP2EREBP_23	10	27	15	0.49690399499995325	1.4601912855199384
C2_BBRBPC_4	C2_MADS_5	10	24	17	0.4950737714883372	1.7588539596743067
C2_HSF_2	C2_HSF_26	15	46	20	0.49453535504684026	0.702949381127685
C2_BBRBPC_4	C3_HSF_4	13	24	29	0.49276372832628723	1.1615078990692516
C1_Trihelix_17	C1_bZIP_3	8	12	22	0.49236596391733084	2.444091236754875
C2_BBRBPC_4	C3_AP2EREBP_7	9	24	14	0.4909902530309828	1.7298031109420235
C2_MADS_5	C2_Trihelix_8-C3_Trihelix_24	7	17	12	0.4900980294098034	2.174243917500951
C2_G2like_20	C3_HSF_2	13	11	64	0.48995593493886586	1.1757742730072938
C2_HSF_2	C2_NAC_51	11	46	11	0.4890096469218258	1.2982291210455634
C2_MADS_5	C2_ND_33	9	17	20	0.4880935300919764	1.9318812881297693
C2_C2H2_56	C3_AP2EREBP_7	10	30	14	0.4879500364742666	1.3516951225573648
C2_HSF_2	C2_Trihelix_9	14	46	18	0.4865336327998411	1.0882560358978106
C2_AP2EREBP_30	C2_HSF_15	10	10	43	0.48224282217041214	1.274023585665438
C2_Trihelix_9	C3_HSF_4	11	18	29	0.4814569204856493	1.5095467150396693
C1_E2FDP_2	C2_HSF_15	7	5	43	0.47739603762933136	1.9239737025476489
C2_AP2EREBP_3-C3_AP2EREBP_24	C2_Trihelix_8-C3_Trihelix_24	7	18	12	0.47628967220784013	2.1661462211578093
C2_Trihelix_8-C3_Trihelix_24	C3_AP2EREBP_22	7	12	18	0.47628967220784013	2.128275216529508
C2_HSF_2	C3_C2H2_104	12	46	14	0.47286624374346037	0.8189145710442132
C2_NAC_51	C2_ND_33	7	11	20	0.4719399037242694	1.4418397205032805
C2_BBRBPC_4	C2_Trihelix_8-C3_Trihelix_24	8	24	12	0.4714045207910316	2.0252641593763117
C2_MADS_5	C2_Trihelix_6	7	17	13	0.4708709557974187	2.1708501456679588
C2_HSF_2	C2_Trihelix_8-C3_Trihelix_24	11	46	12	0.46819109191731173	1.089709144251607
C2_G2like_47	C3_AP2EREBP_7	7	16	14	0.4677071733467427	3.117922847950466
C2_G2like_20	C2_HSF_14-C3_HSF_12	12	11	60	0.46709936649691375	0.7630375195832595
C2_G2like_47	C3_HSF_4	10	16	29	0.46423834544262965	1.5918641316433275
C1_bHLH_18-C4_bHLH_13	C3_AP2EREBP_7	9	27	14	0.4629100498862757	1.1805363152102122
C2_Trihelix_8-C3_Trihelix_24	C3_AP2EREBP_7	6	12	14	0.4629100498862757	2.7000494460652456
C2_C2H2_56	C2_HSF_2	17	30	46	0.4576246167494407	0.04280094890755607
C2_C2H2_56	C2_G2like_47	10	30	16	0.45643546458763845	1.2042872048957804
C2_MADS_5	C3_AP2EREBP_7	7	17	14	0.45374260648651504	2.1904582295767487
C2_MADS_5	C3_C2H2_104	7	17	14	0.45374260648651504	2.135585615008705
C2_G2like_47	C2_NAC_51	6	16	11	0.45226701686664544	2.080218973176697
C2_HSF_14-C3_HSF_12	C3_HSF_13	14	60	16	0.451848057057532	0.36288736930121146
C2_Trihelix_6	C3_HSF_2	13	13	64	0.45069390943299864	0.5914851063549565
C2_AP2EREBP_30	C2_HSF_14-C3_HSF_12	11	10	60	0.44907311951024925	0.5898738121888907
C2_C2H2_56	C2_ND_33	11	30	20	0.44907311951024925	0.8263043448944231
C2_G2like_20	C3_HSF_4	8	11	29	0.4479140087646834	1.626417954172073
C1_AP2EREBP_37	C2_HSF_26	4	4	20	0.44721359549995787	2.5
C1_AP2EREBP_37	C3_C2C2COlike_7	2	4	5	0.44721359549995787	4.737270777287717
C1_AP2EREBP_37	C3_SBP_9	2	4	5	0.44721359549995787	3.241246954210958
C2_G2like_47	C2_HSF_26	8	16	20	0.44721359549995787	1.6413500086045842
C2_AP2EREBP_3-C3_AP2EREBP_24	C2_AP2EREBP_3-C3_AP2EREBP_24	8	18	18	0.4444444444444444	3.238524429177719
C3_AP2EREBP_22	C3_AP2EREBP_22	8	18	18	0.4444444444444444	4.637744119745204
C2_HSF_16	C2_HSF_26	11	31	20	0.4417706308963743	0.8484341333093023
C2_AP2EREBP_3-C3_AP2EREBP_24	C3_C2H2_104	7	18	14	0.44095855184409843	1.690711849260777
C3_AP2EREBP_22	C3_C2H2_104	7	18	14	0.44095855184409843	1.368252396037516
C2_C2H2_56	C2_NAC_51	8	30	11	0.4403855060505442	1.0941433378243746
C2_BBRBPC_4	C3_C2H2_104	8	24	14	0.4364357804719847	1.4706179720067538
C1_bZIP_3	C2_MYB_50	5	22	6	0.4351941398892446	2.903025964771806
C2_NAC_51	C2_Trihelix_8-C3_Trihelix_24	5	11	12	0.4351941398892446	2.116525504970636
C2_HSF_2	C2_HSF_2	20	46	46	0.4347826086956522	1.3007749095587624
C1_E2FDP_2	C2_MADS_5	4	5	17	0.4338609156373123	2.2072349492060073
C2_HSF_26	C2_MADS_5	8	20	17	0.4338609156373123	1.3684871312747338
C2_HSF_2	C3_AP2EREBP_7	11	46	14	0.4334607234315053	0.4997245195718667
C2_HSF_16	C2_NAC_51	8	31	11	0.43322428885910585	1.4989173582133362
C2_G2like_47	C2_Trihelix_8-C3_Trihelix_24	6	16	12	0.4330127018922193	2.4627662071955485
C2_C2H2_56	C2_Trihelix_9	10	30	18	0.43033148291193524	1.283901018959023
C2_NAC_51	C2_Trihelix_9	6	11	18	0.4264014327112209	2.2074087694383198
C2_C2H2_56	C2_Trihelix_8-C3_Trihelix_24	8	30	12	0.4216370213557839	1.2023770622691523
C1_E2FDP_2	C2_Trihelix_9	4	5	18	0.42163702135578385	2.5146189116199475
C2_AP2EREBP_3-C3_AP2EREBP_24	C3_C2C2COlike_7	4	18	5	0.42163702135578385	2.784613377335853
C2_AP2EREBP_3-C3_AP2EREBP_24	C3_SBP_9	4	18	5	0.42163702135578385	2.3718934793594237
C2_HSF_26	C2_Trihelix_9	8	20	18	0.42163702135578385	1.6580778489203316
C3_AP2EREBP_22	C3_C2C2COlike_7	4	18	5	0.42163702135578385	2.4290627417188175
C3_AP2EREBP_22	C3_SBP_9	4	18	5	0.42163702135578385	2.3734347239825957
C2_NAC_51	C2_Trihelix_6	5	11	13	0.41812100500354543	2.4626402749781184
C2_AP2EREBP_3-C3_AP2EREBP_24	C2_HSF_2	12	18	46	0.41702882811414954	0.35195132907109944
C2_HSF_2	C3_AP2EREBP_22	12	46	18	0.41702882811414954	0.22767965241555205
C2_G2like_47	C2_Trihelix_6	6	16	13	0.41602514716892186	1.6160169526854924
C2_HSF_26	C3_HSF_4	10	20	29	0.4152273992686999	0.7120029524484105
C2_HSF_16	C2_Trihelix_8-C3_Trihelix_24	8	31	12	0.4147806778921701	1.2560887074859444
C3_HSF_4	C3_HSF_4	12	29	29	0.41379310344827586	2.1277235083028327
C2_HSF_2	C2_Trihelix_6	10	46	13	0.4089304100547653	0.6160274742549718
C1_AP2EREBP_37	C2_BBRBPC_4	4	4	24	0.408248290463863	2.2895390875741493
C3_HSF_13	C3_HSF_2	13	16	64	0.40625	0.06416619878983947
C1_E2FDP_2	C2_HSF_14-C3_HSF_12	7	5	60	0.404145188432738	1.1927646183222413
C2_NAC_51	C3_C2H2_104	5	11	14	0.40291148201269017	1.8226447537315338
C2_C2C2gata_25	C2_ND_33	9	25	20	0.40249223594996214	0.9543114407605319
C2_G2like_47	C3_C2H2_104	6	16	14	0.4008918628686366	1.5193412711761132
C2_AP2EREBP_3-C3_AP2EREBP_24	C2_MADS_5	7	18	17	0.40016336533252056	1.3287276776598398
C2_MADS_5	C2_Trihelix_9	7	17	18	0.40016336533252056	1.2975387736093698
C2_MADS_5	C3_AP2EREBP_22	7	17	18	0.40016336533252056	1.4288124489499003
C3_AP2EREBP_14	C3_AP2EREBP_23	6	15	15	0.4	1.7617023245759407
C1_E2FDP_2	C2_ND_33	4	5	20	0.39999999999999997	2.287155376763265
C1_E2FDP_2	C2_HSF_2	6	5	46	0.3956282840374722	1.5357313280749552
C2_C2C2gata_25	C2_HSF_16	11	25	31	0.39513166445890474	-0.07720914364821839
C1_E2FDP_2	C3_HSF_2	7	5	64	0.39131189606246314	1.0287705122676682
C2_C2H2_56	C3_C2H2_104	8	30	14	0.39036002917941326	1.1958482609400907
C1_C2C2dof_15	C2_NAC_51	5	15	11	0.3892494720807615	1.5894956364183292
C1_Trihelix_17	C1_bHLH_18-C4_bHLH_13	7	12	27	0.3888888888888889	0.8835112941413079
C2_C2C2gata_25	C2_Trihelix_6	7	25	13	0.3882901373576604	1.1868909881515841
C1_E2FDP_2	C2_Trihelix_8-C3_Trihelix_24	3	5	12	0.38729833462074165	2.5324075372183534
C2_ND_33	C2_Trihelix_8-C3_Trihelix_24	6	20	12	0.38729833462074165	1.2140475604148555
C2_HSF_16	C2_HSF_16	12	31	31	0.3870967741935484	1.794754119723418
C1_C2C2dof_15	C1_bZIP_3	7	15	22	0.3853373177942262	1.4526003741187563
C2_HSF_16	C3_AP2EREBP_7	8	31	14	0.3840122885898554	0.6089893987053943
C2_HSF_16	C3_C2H2_104	8	31	14	0.3840122885898554	1.1304199767737857
C1_bZIP_3	C2_HSF_26	8	22	20	0.3813850356982369	0.8060211324691202
C2_AP2EREBP_3-C3_AP2EREBP_24	C2_HSF_16	9	18	31	0.3810003810005715	0.7519445197271296
C2_HSF_16	C2_Trihelix_9	9	31	18	0.3810003810005715	0.8924624940837191
C2_HSF_16	C3_AP2EREBP_22	9	31	18	0.3810003810005715	0.4618844915398303
C1_AP2EREBP_37	C3_bHLH_9	2	4	7	0.37796447300922725	2.2105718506704877
C1_C2C2dof_15	C1_Trihelix_17	5	15	12	0.372677996249965	1.8859083345447676
C1_E2FDP_2	C2_Trihelix_6	3	5	13	0.3721042037676254	3.098386676965934
C2_ND_33	C2_Trihelix_6	6	20	13	0.3721042037676254	1.2219274191403755
C1_bHLH_18-C4_bHLH_13	C1_bHLH_18-C4_bHLH_13	10	27	27	0.3703703703703704	1.5065347958693986
C1_E2FDP_2	C2_BBRBPC_4	4	5	24	0.3651483716701107	1.863901987543548
C2_WRKY_13-C3_WRKY_7	C3_C2C2COlike_7	2	6	5	0.3651483716701107	2.236803405237977
C2_WRKY_13-C3_WRKY_7	C3_SBP_9	2	6	5	0.3651483716701107	2.1835204716499885
C1_E2FDP_2	C3_C2H2_104	3	5	14	0.3585685828003181	1.9532182791787398
C2_ND_33	C3_C2H2_104	6	20	14	0.3585685828003181	0.8132202844993978
C3_AP2EREBP_7	C3_C2C2COlike_7	3	14	5	0.3585685828003181	2.1505247533276535
C3_AP2EREBP_7	C3_SBP_9	3	14	5	0.3585685828003181	1.796053020267749
C3_AP2EREBP_7	C3_C2H2_104	5	14	14	0.35714285714285715	1.3083428913199782
C2_C2H2_56	C2_MADS_5	8	30	17	0.3542459542160381	0.5176062280119285
C2_HSF_16	C2_Trihelix_6	7	31	13	0.3486948369707025	0.7649635702676613
C2_HSF_16	C2_MADS_5	8	31	17	0.34848547349522563	0.16117078560773745
C1_bZIP_3	C2_WRKY_13-C3_WRKY_7	4	22	6	0.34815531191139565	1.7522829726928626
C2_C2C2gata_25	C2_Trihelix_8-C3_Trihelix_24	6	25	12	0.34641016151377546	0.7038227547420377
C2_HSF_26	C2_TCP_3-C3_TCP_20	6	20	15	0.34641016151377546	0.8627421544111673
C1_E2FDP_2	C2_G2like_47	3	5	16	0.3354101966249684	2.293658554627823
C2_BBRBPC_4	C2_BBRBPC_4	8	24	24	0.3333333333333333	1.816232492639539
C2_HSF_2	C3_HSF_13	9	46	16	0.33174440134851857	-0.4183435629464771
C2_C2H2_56	C2_HSF_16	10	30	31	0.32791291789197646	-0.4843221048378525
C2_MYB_50	C3_AP2EREBP_7	3	6	14	0.32732683535398854	1.6711276161567283
C1_bZIP_3	C3_bHLH_9	4	22	7	0.3223291856101521	1.0677217279203095
C2_C2C2gata_25	C3_C2H2_104	6	25	14	0.32071349029490925	0.33780480521758305
C2_Trihelix_6	C2_Trihelix_8-C3_Trihelix_24	4	13	12	0.3202563076101742	1.3202586882700558
C2_C2C2gata_25	C2_C2C2gata_25	8	25	25	0.31999999999999995	1.6902654867256632
C1_bZIP_3	C1_bZIP_3	7	22	22	0.3181818181818182	1.985142344611837
C2_C2H2_46-C3_C2H2_70	C2_WRKY_13-C3_WRKY_7	2	7	6	0.30860669992418377	1.5294934391835144
C2_Trihelix_8-C3_Trihelix_24	C3_C2H2_104	4	12	14	0.30860669992418377	1.2364876603120816
C2_AP2EREBP_30	C2_MADS_5	4	10	17	0.30678599553894814	1.3158994828371644
C2_MADS_5	C3_HSF_13	5	17	16	0.30316953129541624	0.8340576562282991
C1_E2FDP_2	C2_HSF_26	3	5	20	0.3	1.3209114738171208
C2_HSF_14-C3_HSF_12	C2_TCP_3-C3_TCP_20	9	60	15	0.3	-0.6216487027335159
C2_HSF_26	C3_C2C2COlike_7	3	20	5	0.3	1.545454545454545
C2_HSF_26	C3_SBP_9	3	20	5	0.3	1.0519739118711102
C1_Trihelix_17	C3_AP2EREBP_14	4	12	15	0.29814239699997197	0.9023338398766036
C1_Trihelix_17	C3_AP2EREBP_23	4	12	15	0.29814239699997197	1.2955969390869326
C2_Trihelix_8-C3_Trihelix_24	C3_AP2EREBP_14	4	12	15	0.29814239699997197	0.986440050415621
C2_Trihelix_8-C3_Trihelix_24	C3_AP2EREBP_23	4	12	15	0.29814239699997197	1.133444973916598
C2_Trihelix_6	C3_C2H2_104	4	13	14	0.29649972666444047	0.836598918545349
C2_G2like_20	C2_MADS_5	4	11	17	0.29250896965085227	1.1078234188139944
C2_MADS_5	C2_NAC_51	4	17	11	0.29250896965085227	0.9036961141150639
C2_C2C2gata_25	C2_MADS_5	6	25	17	0.29104275004359953	-0.006516490480342007
C2_ND_33	C3_AP2EREBP_14	5	20	15	0.2886751345948129	0.03134580622146752
C2_ND_33	C3_AP2EREBP_23	5	20	15	0.2886751345948129	0.5905413843368921
C2_AP2EREBP_3-C3_AP2EREBP_24	C2_MYB_50	3	18	6	0.28867513459481287	1.9103992738776978
C2_AP2EREBP_3-C3_AP2EREBP_24	C2_WRKY_13-C3_WRKY_7	3	18	6	0.28867513459481287	1.0714095911263277
C2_MYB_50	C2_Trihelix_9	3	6	18	0.28867513459481287	1.094233339069723
C2_MYB_50	C3_AP2EREBP_22	3	6	18	0.28867513459481287	1.420296229421998
C2_WRKY_13-C3_WRKY_7	C3_AP2EREBP_22	3	6	18	0.28867513459481287	1.2195705986919854
C1_bZIP_3	C3_C2C2COlike_7	3	22	5	0.28603877677367767	1.5084607478950247
C1_bZIP_3	C3_SBP_9	3	22	5	0.28603877677367767	1.3336156744525645
C2_AP2EREBP_30	C2_NAC_51	3	10	11	0.28603877677367767	1.3081164775912644
C2_C2H2_46-C3_C2H2_70	C3_HSF_13	3	7	16	0.2834733547569205	1.56644147991959
C1_E2FDP_2	C2_AP2EREBP_30	2	5	10	0.282842712474619	1.4598340521725686
C2_AP2EREBP_30	C2_HSF_26	4	10	20	0.282842712474619	0.4999038443038092
C2_C2C2gata_25	C2_Trihelix_9	6	25	18	0.282842712474619	0.2060472022210857
C3_HSF_13	C3_HSF_4	6	16	29	0.2785430072655778	-0.10547438309019447
C2_Trihelix_9	C2_Trihelix_9	5	18	18	0.2777777777777778	2.4998141194837387
C1_AP2EREBP_37	C2_Trihelix_6	2	4	13	0.2773500981126146	1.7309604386804753
C2_C2H2_56	C3_bHLH_9	4	30	7	0.2760262237369417	0.3782336349378216
C3_AP2EREBP_14	C3_AP2EREBP_7	4	15	14	0.2760262237369417	0.5083751753187719
C3_AP2EREBP_14	C3_C2H2_104	4	15	14	0.2760262237369417	0.37330579706768735
C3_AP2EREBP_23	C3_AP2EREBP_7	4	15	14	0.2760262237369417	0.6041648507114489
C3_AP2EREBP_23	C3_C2H2_104	4	15	14	0.2760262237369417	0.6301303850894271
C2_HSF_15	C3_AP2EREBP_14	7	43	15	0.2756247308353552	-0.4822159341724437
C2_HSF_15	C3_AP2EREBP_23	7	43	15	0.2756247308353552	-0.4563860398218012
C1_bZIP_3	C2_HSF_14-C3_HSF_12	10	22	60	0.27524094128159016	-1.3429450025779306
C1_bZIP_3	C3_AP2EREBP_14	5	22	15	0.27524094128159016	0.18333969940564238
C1_bZIP_3	C3_AP2EREBP_23	5	22	15	0.27524094128159016	0.35937499999999994
C1_AP2EREBP_37	C2_C2H2_56	3	4	30	0.27386127875258304	0.9899494936611667
C2_BBRBPC_4	C3_C2C2COlike_7	3	24	5	0.27386127875258304	1.2493900951088492
C2_BBRBPC_4	C3_SBP_9	3	24	5	0.27386127875258304	1.2464454055961567
C2_HSF_26	C2_MYB_50	3	20	6	0.27386127875258304	1.0298507462686568
C2_G2like_20	C2_NAC_51	3	11	11	0.27272727272727276	1.5193302946757827
C2_G2like_20	C2_HSF_16	5	11	31	0.2707651805369412	0.31866962530841675
C1_E2FDP_2	C2_G2like_20	2	5	11	0.2696799449852968	1.5215349135496976
C1_E2FDP_2	C2_NAC_51	2	5	11	0.2696799449852968	1.477564275700497
C2_G2like_20	C2_HSF_26	4	11	20	0.2696799449852968	0.7096592790548761
C1_bZIP_3	C2_HSF_16	7	22	31	0.26804385337361925	-0.5199567153683369
C2_Trihelix_8-C3_Trihelix_24	C3_HSF_4	5	12	29	0.2680281337094487	0.10095736168718555
C1_C2C2dof_15	C1_C2C2dof_15	4	15	15	0.26666666666666666	2.4849177522040686
C1_C2C2dof_15	C3_AP2EREBP_14	4	15	15	0.26666666666666666	0.6205427141408237
C1_C2C2dof_15	C3_AP2EREBP_23	4	15	15	0.26666666666666666	0.4322041914901383
C2_TCP_3-C3_TCP_20	C3_AP2EREBP_14	4	15	15	0.26666666666666666	0.3941159001450102
C2_TCP_3-C3_TCP_20	C3_AP2EREBP_23	4	15	15	0.26666666666666666	0.77005354108682
C1_bZIP_3	C3_HSF_13	5	22	16	0.26650089544451305	0.05842062378369865
C2_TCP_3-C3_TCP_20	C3_HSF_2	8	15	64	0.2581988897471611	-0.8958058579397952
C2_AP2EREBP_30	C2_BBRBPC_4	4	10	24	0.25819888974716104	0.4640317446451816
C2_HSF_26	C3_bHLH_9	3	20	7	0.253546276418555	0.5530812242488792
C1_bZIP_3	C2_HSF_2	8	22	46	0.2514778453847726	-1.2072857966532589
C1_bZIP_3	C2_AP2EREBP_3-C3_AP2EREBP_24	5	22	18	0.251259453814803	-0.18831089428867737
C1_bZIP_3	C2_Trihelix_9	5	22	18	0.251259453814803	0.2621008073740068
C1_bZIP_3	C3_AP2EREBP_22	5	22	18	0.251259453814803	0.029581785594198877
C2_C2C2gata_25	C2_G2like_47	5	25	16	0.25	-0.21019978473837156
C2_G2like_47	C2_G2like_47	4	16	16	0.25	2.0720765063621642
C1_E2FDP_2	C3_HSF_4	3	5	29	0.24913643956121992	0.9262116498428254
C1_C2C2dof_15	C1_bHLH_18-C4_bHLH_13	5	15	27	0.24845199749997662	-0.07902950546607491
C1_bHLH_18-C4_bHLH_13	C2_TCP_3-C3_TCP_20	5	27	15	0.24845199749997662	-0.058445563218680406
C3_C2H2_104	C3_HSF_4	5	14	29	0.2481458334927326	-0.22638984409404955
C2_Trihelix_6	C3_C2C2COlike_7	2	13	5	0.2480694691784169	0.8596491228070179
C2_Trihelix_6	C3_SBP_9	2	13	5	0.2480694691784169	0.8783458023640935
C2_BBRBPC_4	C2_G2like_20	4	24	11	0.24618298195866542	0.3800765227798108
C1_E2FDP_2	C2_C2H2_56	3	5	30	0.24494897427831777	0.8634557276037987
C2_AP2EREBP_3-C3_AP2EREBP_24	C2_TCP_3-C3_TCP_20	4	18	15	0.2434322477800738	0.40699406848152103
C2_TCP_3-C3_TCP_20	C2_Trihelix_9	4	15	18	0.2434322477800738	0.24243390451248115
C2_TCP_3-C3_TCP_20	C3_AP2EREBP_22	4	15	18	0.2434322477800738	0.09683075928319532
C1_bZIP_3	C3_HSF_2	9	22	64	0.23985080590006175	-1.5500645200623455
C1_E2FDP_2	C3_AP2EREBP_7	2	5	14	0.23904572186687872	0.9805806756909201
C2_C2H2_56	C3_HSF_4	7	30	29	0.2373222262672836	-1.0175201862085803
C2_AP2EREBP_30	C2_G2like_47	3	10	16	0.23717082451262844	0.5656854249492379
C2_HSF_15	C2_TCP_3-C3_TCP_20	6	43	15	0.23624976928744734	-0.5444780552383429
C1_bHLH_18-C4_bHLH_13	C2_MYB_50	3	27	6	0.23570226039551584	0.581133328569332
C2_HSF_14-C3_HSF_12	C3_AP2EREBP_14	7	60	15	0.23333333333333334	-1.0324033182850512
C2_HSF_14-C3_HSF_12	C3_AP2EREBP_23	7	60	15	0.23333333333333334	-0.995274633925616
C1_Trihelix_17	C3_AP2EREBP_7	3	12	14	0.23145502494313785	0.358219957925447
C2_BBRBPC_4	C3_bHLH_9	3	24	7	0.23145502494313785	0.31264553693895947
C1_E2FDP_2	C2_TCP_3-C3_TCP_20	2	5	15	0.2309401076758503	1.034792955221957
C1_bHLH_18-C4_bHLH_13	C2_C2C2gata_25	6	27	25	0.2309401076758503	-0.8293574141913859
C2_HSF_15	C3_HSF_13	6	43	16	0.228747855498907	-0.7452771450184259
C2_HSF_2	C2_TCP_3-C3_TCP_20	6	46	15	0.22841609628806428	-0.8226894306579767
C2_HSF_2	C3_AP2EREBP_14	6	46	15	0.22841609628806428	-0.9298695007338653
C2_HSF_2	C3_AP2EREBP_23	6	46	15	0.22841609628806428	-0.8322983369568543
C2_C2H2_46-C3_C2H2_70	C2_G2like_20	2	7	11	0.22792115291927587	0.7803989725717079
C2_AP2EREBP_30	C2_HSF_16	4	10	31	0.2271847336988259	0.08634691088658691
C2_C2C2gata_25	C3_bHLH_9	3	25	7	0.22677868380553634	0.1536474044641217
C2_MYB_50	C2_Trihelix_6	2	6	13	0.22645540682891913	0.7287828881031497
C2_G2like_20	C2_G2like_47	3	11	16	0.22613350843332272	0.7980814084557059
C2_G2like_20	C3_HSF_13	3	11	16	0.22613350843332272	0.45705304450712314
C3_AP2EREBP_14	C3_HSF_2	7	15	64	0.225924028528766	-1.1308102564955398
C3_AP2EREBP_23	C3_HSF_2	7	15	64	0.225924028528766	-0.8731977020149126
C2_C2H2_56	C2_MYB_50	3	30	6	0.223606797749979	0.6074442435387547
C2_AP2EREBP_30	C2_Trihelix_9	3	10	18	0.22360679774997896	0.4603684421896254
C1_bZIP_3	C2_TCP_3-C3_TCP_20	4	22	15	0.2201927530252721	-0.34084980354134264
C2_AP2EREBP_3-C3_AP2EREBP_24	C3_HSF_4	5	18	29	0.21884405476620428	-0.4476716386617206
C3_AP2EREBP_22	C3_HSF_4	5	18	29	0.21884405476620428	-0.6751594758381605
C1_bHLH_18-C4_bHLH_13	C3_bHLH_9	3	27	7	0.2182178902359924	0.2575131013123024
C2_WRKY_13-C3_WRKY_7	C3_AP2EREBP_7	2	6	14	0.21821789023599236	0.4582665201009639
C2_Trihelix_6	C3_AP2EREBP_14	3	13	15	0.2148344622118299	0.27255700173861247
C2_Trihelix_6	C3_AP2EREBP_23	3	13	15	0.2148344622118299	0.2799748199650662
C1_bZIP_3	C2_C2C2gata_25	5	22	25	0.21320071635561047	-0.5341683420389236
C1_AP2EREBP_37	C1_bZIP_3	2	4	22	0.21320071635561041	0.666010175452128
C1_C2C2dof_15	C2_WRKY_13-C3_WRKY_7	2	15	6	0.21081851067789195	0.5795497067512154
C2_BBRBPC_4	C3_AP2EREBP_14	4	24	15	0.21081851067789195	-0.2526455763199557
C2_BBRBPC_4	C3_AP2EREBP_23	4	24	15	0.21081851067789195	-0.25978056206936906
C1_E2FDP_2	C2_AP2EREBP_3-C3_AP2EREBP_24	2	5	18	0.21081851067789192	0.7465567718252107
C1_E2FDP_2	C3_AP2EREBP_22	2	5	18	0.21081851067789192	0.7500000000000004
C2_Trihelix_6	C3_bHLH_9	2	13	7	0.20965696734438363	1.0110079522972828
C1_AP2EREBP_37	C2_MYB_50	1	4	6	0.2041241452319315	1.788854381999833
C1_Trihelix_17	C2_AP2EREBP_3-C3_AP2EREBP_24	3	12	18	0.2041241452319315	0.0680939436535107
C1_Trihelix_17	C3_AP2EREBP_22	3	12	18	0.2041241452319315	0.11907481075079136
C2_MYB_50	C3_HSF_2	4	6	64	0.2041241452319315	-0.15782644031360976
C2_WRKY_13-C3_WRKY_7	C3_HSF_13	2	6	16	0.2041241452319315	0.569260441826381
C2_G2like_20	C2_ND_33	3	11	20	0.20225995873897262	0.12849029443802415
C2_HSF_26	C2_NAC_51	3	20	11	0.20225995873897262	-0.01012791306431194
C3_AP2EREBP_14	C3_AP2EREBP_14	3	15	15	0.2	1.0112737356473782
C3_AP2EREBP_23	C3_AP2EREBP_23	3	15	15	0.2	0.794332406953238
C1_AP2EREBP_37	C2_C2C2gata_25	2	4	25	0.19999999999999998	0.35623524993954825
C2_C2C2gata_25	C3_HSF_13	4	25	16	0.19999999999999998	-0.4668607112814896
C2_ND_33	C2_ND_33	4	20	20	0.19999999999999998	0.6432675209026771
C2_C2H2_46-C3_C2H2_70	C2_HSF_14-C3_HSF_12	4	7	60	0.19518001458970663	-0.24843407506480847
C2_C2H2_46-C3_C2H2_70	C2_TCP_3-C3_TCP_20	2	7	15	0.19518001458970663	0.40572339093892706
C2_G2like_47	C3_AP2EREBP_14	3	16	15	0.19364916731037085	-0.2300342729652713
C2_G2like_47	C3_AP2EREBP_23	3	16	15	0.19364916731037085	0.04243807894803489
C1_AP2EREBP_37	C1_bHLH_18-C4_bHLH_13	2	4	27	0.19245008972987526	0.2008917419168723
C2_AP2EREBP_30	C2_G2like_20	2	10	11	0.19069251784911845	0.6863262101726101
C2_AP2EREBP_30	C2_C2C2gata_25	3	10	25	0.18973665961010275	-0.2706356355594708
C2_C2H2_56	C3_AP2EREBP_14	4	30	15	0.18856180831641267	-0.7222106136148062
C2_C2H2_56	C3_AP2EREBP_23	4	30	15	0.18856180831641267	-0.3848904023547903
C2_MADS_5	C2_TCP_3-C3_TCP_20	3	17	15	0.18786728732554486	-0.15363294845715136
C2_MADS_5	C3_AP2EREBP_14	3	17	15	0.18786728732554486	-0.17888543819998312
C2_MADS_5	C3_AP2EREBP_23	3	17	15	0.18786728732554486	-0.057564716734000265
C2_C2H2_46-C3_C2H2_70	C2_MADS_5	2	7	17	0.18333969940564224	0.5115817956786488
C1_C2C2dof_15	C2_AP2EREBP_3-C3_AP2EREBP_24	3	15	18	0.18257418583505536	-0.30173813012662165
C1_C2C2dof_15	C3_AP2EREBP_22	3	15	18	0.18257418583505536	-0.19608480084216665
C2_AP2EREBP_3-C3_AP2EREBP_24	C3_AP2EREBP_14	3	18	15	0.18257418583505536	-0.2586832745487024
C2_AP2EREBP_3-C3_AP2EREBP_24	C3_AP2EREBP_23	3	18	15	0.18257418583505536	0.0
C2_C2H2_56	C3_HSF_13	4	30	16	0.18257418583505536	-0.6507723113555108
C2_Trihelix_9	C3_AP2EREBP_14	3	18	15	0.18257418583505536	-0.28422276695563403
C2_Trihelix_9	C3_AP2EREBP_23	3	18	15	0.18257418583505536	-0.08025723539051287
C3_AP2EREBP_14	C3_AP2EREBP_22	3	15	18	0.18257418583505536	-0.3006321701105679
C3_AP2EREBP_22	C3_AP2EREBP_23	3	18	15	0.18257418583505536	-0.17931987427068896
C1_bHLH_18-C4_bHLH_13	C2_AP2EREBP_3-C3_AP2EREBP_24	4	27	18	0.18144368465060579	-0.7353388364548639
C1_bHLH_18-C4_bHLH_13	C3_AP2EREBP_22	4	27	18	0.18144368465060579	-0.7223471460272067
C2_C2C2gata_25	C2_G2like_20	3	25	11	0.18090680674665818	-0.31879088759233604
C2_HSF_2	C2_WRKY_13-C3_WRKY_7	3	46	6	0.1805787796286538	-0.2728839315216997
C1_E2FDP_2	C2_C2C2gata_25	2	5	25	0.17888543819998315	0.340262280502388
C1_Trihelix_17	C2_NAC_51	2	12	11	0.17407765595569782	0.15747244473304664
C2_G2like_20	C2_Trihelix_8-C3_Trihelix_24	2	11	12	0.17407765595569782	0.33333333333333326
C1_C2C2dof_15	C2_HSF_26	3	15	20	0.17320508075688773	-0.6523091250059986
C2_AP2EREBP_30	C2_C2H2_56	3	10	30	0.17320508075688773	-0.41031745231848354
C2_HSF_26	C3_AP2EREBP_14	3	20	15	0.17320508075688773	-0.37417664777658977
C2_HSF_26	C3_AP2EREBP_23	3	20	15	0.17320508075688773	-0.5542647907130177
C2_AP2EREBP_30	C3_AP2EREBP_7	2	10	14	0.1690308509457033	-0.023255813953488393
C2_HSF_26	C3_HSF_13	3	20	16	0.1677050983124842	-0.4923401524856906
C2_ND_33	C3_HSF_13	3	20	16	0.1677050983124842	-0.6469978446745258
C2_G2like_20	C2_Trihelix_6	2	11	13	0.16724840200141816	0.33205471974749123
C2_C2H2_56	C2_C2H2_56	5	30	30	0.16666666666666669	-0.3153052532766384
C2_BBRBPC_4	C2_MYB_50	2	24	6	0.16666666666666666	0.05907961912673917
C2_MYB_50	C2_MYB_50	1	6	6	0.16666666666666666	1.1973421894279315
C2_Trihelix_8-C3_Trihelix_24	C2_Trihelix_8-C3_Trihelix_24	2	12	12	0.16666666666666666	1.4928239352033459
C2_C2H2_56	C2_G2like_20	3	30	11	0.1651445647689541	-0.4593251004473507
C2_AP2EREBP_30	C3_AP2EREBP_14	2	10	15	0.16329931618554516	-0.12821111371481095
C2_AP2EREBP_30	C3_AP2EREBP_23	2	10	15	0.16329931618554516	-0.23735633163877073
C2_C2H2_56	C3_C2C2COlike_7	2	30	5	0.16329931618554516	0.14050697196054698
C2_C2H2_56	C3_SBP_9	2	30	5	0.16329931618554516	-0.051708768999501956
C1_bZIP_3	C2_HSF_15	5	22	43	0.1625640221905888	-1.757218785255518
C2_G2like_20	C3_AP2EREBP_7	2	11	14	0.16116459280507606	0.18701608980084275
C2_G2like_20	C3_C2H2_104	2	11	14	0.16116459280507606	0.0
C1_E2FDP_2	C2_HSF_16	2	5	31	0.16064386578049974	0.20952908873087353
C2_HSF_14-C3_HSF_12	C2_MYB_50	3	60	6	0.15811388300841897	-0.46852128566581813
C2_HSF_14-C3_HSF_12	C2_WRKY_13-C3_WRKY_7	3	60	6	0.15811388300841897	-0.7097731780955926
C2_AP2EREBP_30	C3_HSF_13	2	10	16	0.15811388300841894	-0.12421035217284325
C2_G2like_20	C3_AP2EREBP_14	2	11	15	0.1556997888323046	-0.10556140817355561
C2_G2like_20	C3_AP2EREBP_23	2	11	15	0.1556997888323046	0.024084152542954422
C1_C2C2dof_15	C2_C2C2gata_25	3	15	25	0.15491933384829668	-0.7419408268023739
C2_Trihelix_6	C3_HSF_4	3	13	29	0.15450786078738143	-0.8823533723785892
C2_MYB_50	C3_bHLH_9	1	6	7	0.15430334996209188	0.6160274742549718
C2_Trihelix_6	C2_Trihelix_6	2	13	13	0.15384615384615385	0.8769409142902431
C2_BBRBPC_4	C3_HSF_13	3	24	16	0.15309310892394865	-0.48768717117474253
C2_WRKY_13-C3_WRKY_7	C3_HSF_2	3	6	64	0.15309310892394865	-0.6780472691008931
C2_WRKY_13-C3_WRKY_7	C3_HSF_4	2	6	29	0.15161960871578067	-0.046867849079301215
C2_HSF_26	C2_HSF_26	3	20	20	0.15	0.2667755768883471
C2_AP2EREBP_3-C3_AP2EREBP_24	C2_AP2EREBP_30	2	18	10	0.14907119849998596	-0.3048553804248462
C2_AP2EREBP_30	C3_AP2EREBP_22	2	10	18	0.14907119849998596	-0.13714509626474847
C3_AP2EREBP_7	C3_HSF_4	3	14	29	0.14888750009563953	-0.8086507347350924
C2_HSF_16	C2_MYB_50	2	31	6	0.14664711502135327	-0.23764111605195173
C1_bHLH_18-C4_bHLH_13	C3_HSF_13	3	27	16	0.14433756729740646	-1.2486212869041735
C1_AP2EREBP_37	C1_Trihelix_17	1	4	12	0.14433756729740643	0.6308932681440447
C2_Trihelix_8-C3_Trihelix_24	C3_HSF_13	2	12	16	0.14433756729740643	-0.3994750835187241
C3_AP2EREBP_14	C3_HSF_4	3	15	29	0.14383899044561527	-0.8571428571428571
C3_AP2EREBP_23	C3_HSF_4	3	15	29	0.14383899044561527	-0.6563154045867057
C2_TCP_3-C3_TCP_20	C2_Trihelix_6	2	15	13	0.14322297480788657	-0.25607375986579195
C2_C2H2_46-C3_C2H2_70	C2_C2H2_46-C3_C2H2_70	1	7	7	0.14285714285714285	1.1703282643965742
C3_AP2EREBP_7	C3_AP2EREBP_7	2	14	14	0.14285714285714285	0.4708709557974188
C3_C2H2_104	C3_C2H2_104	2	14	14	0.14285714285714285	0.9421167085968964
C2_AP2EREBP_3-C3_AP2EREBP_24	C2_G2like_20	2	18	11	0.14213381090374028	-0.37009680164737996
C2_AP2EREBP_3-C3_AP2EREBP_24	C2_NAC_51	2	18	11	0.14213381090374028	-0.3408871622407158
C2_G2like_20	C2_Trihelix_9	2	11	18	0.14213381090374028	-0.26366402215232193
C2_G2like_20	C3_AP2EREBP_22	2	11	18	0.14213381090374028	-0.35633158904644796
C2_NAC_51	C3_AP2EREBP_22	2	11	18	0.14213381090374028	-0.34467856495770527
C2_C2H2_46-C3_C2H2_70	C3_HSF_2	3	7	64	0.14173667737846024	-0.688244727508714
C2_C2H2_56	C2_TCP_3-C3_TCP_20	3	30	15	0.14142135623730953	-0.9977941518232055
C2_AP2EREBP_3-C3_AP2EREBP_24	C2_C2C2gata_25	3	18	25	0.1414213562373095	-1.065571096957067
C2_C2C2gata_25	C3_AP2EREBP_22	3	25	18	0.1414213562373095	-1.1385962915588277
C2_HSF_16	C2_TCP_3-C3_TCP_20	3	31	15	0.13912166872805048	-1.1989910483342627
C2_Trihelix_6	C3_HSF_13	2	13	16	0.1386750490563073	-0.34554737023254406
C1_C2C2dof_15	C3_AP2EREBP_7	2	15	14	0.13801311186847084	-0.44503164337958606
C2_TCP_3-C3_TCP_20	C3_AP2EREBP_7	2	15	14	0.13801311186847084	-0.3732223558592863
C2_TCP_3-C3_TCP_20	C3_C2H2_104	2	15	14	0.13801311186847084	-0.6637354803286023
C1_bHLH_18-C4_bHLH_13	C2_Trihelix_9	3	27	18	0.13608276348795434	-0.7996827034265371
C2_C2C2gata_25	C2_HSF_26	3	25	20	0.1341640786499874	-1.1714362013027544
C3_AP2EREBP_7	C3_HSF_13	2	14	16	0.1336306209562122	-0.45778014383454374
C3_C2H2_104	C3_HSF_13	2	14	16	0.1336306209562122	-0.6002842255014932
C1_AP2EREBP_37	C1_C2C2dof_15	1	4	15	0.12909944487358055	0.2285817953278378
C1_bHLH_18-C4_bHLH_13	C2_HSF_26	3	27	20	0.12909944487358055	-1.3380300396012077
C2_G2like_47	C2_TCP_3-C3_TCP_20	2	16	15	0.12909944487358055	-0.6568136259994537
C2_TCP_3-C3_TCP_20	C3_HSF_13	2	15	16	0.12909944487358055	-0.38495910026827934
C2_AP2EREBP_30	C2_WRKY_13-C3_WRKY_7	1	10	6	0.12909944487358052	0.3744638735912174
C1_bZIP_3	C2_NAC_51	2	22	11	0.128564869306645	-0.5163099791401223
C3_HSF_13	C3_HSF_13	2	16	16	0.125	0.2202999208416292
C2_HSF_15	C2_MYB_50	2	43	6	0.12451456127293806	-0.4898979485566357
C2_NAC_51	C2_WRKY_13-C3_WRKY_7	1	11	6	0.12309149097933271	0.12087344460380703
C2_HSF_2	C2_MYB_50	2	46	6	0.1203858530857692	-0.5224881513506178
C2_AP2EREBP_30	C2_C2H2_46-C3_C2H2_70	1	10	7	0.11952286093343936	0.4071892788474301
C1_AP2EREBP_37	C2_AP2EREBP_3-C3_AP2EREBP_24	1	4	18	0.11785113019775792	0.020207175225248893
C1_AP2EREBP_37	C3_AP2EREBP_22	1	4	18	0.11785113019775792	-0.11506374300976588
C2_Trihelix_9	C3_HSF_13	2	18	16	0.11785113019775792	-0.5756510406319435
C2_MYB_50	C2_Trihelix_8-C3_Trihelix_24	1	6	12	0.1178511301977579	0.013802625785239076
C2_MADS_5	C2_MADS_5	2	17	17	0.11764705882352941	0.33834506919300467
C1_bHLH_18-C4_bHLH_13	C2_NAC_51	2	27	11	0.1160517706371319	-0.6126198399540498
C1_C2C2dof_15	C1_E2FDP_2	1	15	5	0.11547005383792515	-0.0320420668056001
C1_C2C2dof_15	C3_C2C2COlike_7	1	15	5	0.11547005383792515	-0.13088399820073762
C1_C2C2dof_15	C3_SBP_9	1	15	5	0.11547005383792515	-0.03782347372361171
C1_E2FDP_2	C3_AP2EREBP_14	1	5	15	0.11547005383792515	-0.0975900072948534
C1_E2FDP_2	C3_AP2EREBP_23	1	5	15	0.11547005383792515	0.08559209850218252
C2_ND_33	C2_TCP_3-C3_TCP_20	2	20	15	0.11547005383792515	-0.7806098423184828
C2_TCP_3-C3_TCP_20	C3_C2C2COlike_7	1	15	5	0.11547005383792515	0.2028241438202174
C2_TCP_3-C3_TCP_20	C3_SBP_9	1	15	5	0.11547005383792515	-0.04840598937468214
C1_E2FDP_2	C3_HSF_13	1	5	16	0.11180339887498947	-0.03431991115272904
C2_C2H2_46-C3_C2H2_70	C2_HSF_2	2	7	46	0.11145564251507058	-0.6563780347398812
C1_Trihelix_17	C3_bHLH_9	1	12	7	0.10910894511799618	0.0
C2_MYB_50	C3_C2H2_104	1	6	14	0.10910894511799618	-0.2060379705667075
C2_MADS_5	C3_C2C2COlike_7	1	17	5	0.10846522890932808	-0.08944271909999164
C2_MADS_5	C3_SBP_9	1	17	5	0.10846522890932808	0.139972008397201
C1_C2C2dof_15	C2_BBRBPC_4	2	15	24	0.10540925533894598	-1.0178267156159648
C2_BBRBPC_4	C2_TCP_3-C3_TCP_20	2	24	15	0.10540925533894598	-0.8822720416930327
C2_MYB_50	C2_TCP_3-C3_TCP_20	1	6	15	0.10540925533894598	-0.07088812050083364
C2_TCP_3-C3_TCP_20	C2_WRKY_13-C3_WRKY_7	1	15	6	0.10540925533894598	-0.11624763874381941
C1_bHLH_18-C4_bHLH_13	C2_HSF_16	3	27	31	0.10369516947304253	-1.7956440895954375
C1_bZIP_3	C2_MADS_5	2	22	17	0.10341753799900381	-1.0998395316676994
C2_C2C2gata_25	C2_TCP_3-C3_TCP_20	2	25	15	0.10327955589886444	-0.9321473620499426
C2_C2C2gata_25	C3_AP2EREBP_14	2	25	15	0.10327955589886444	-1.1761006289308173
C2_C2C2gata_25	C3_AP2EREBP_23	2	25	15	0.10327955589886444	-1.4001387706834956
C2_G2like_47	C2_MYB_50	1	16	6	0.10206207261596575	-0.19324698792024933
C2_MYB_50	C3_HSF_13	1	6	16	0.10206207261596575	-0.3202563076101743
C3_AP2EREBP_7	C3_bHLH_9	1	14	7	0.10101525445522108	-0.22988885405523118
C2_AP2EREBP_30	C2_AP2EREBP_30	1	10	10	0.09999999999999999	0.3628873693012115
C1_C2C2dof_15	C3_bHLH_9	1	15	7	0.09759000729485331	-0.44262295081967207
C2_TCP_3-C3_TCP_20	C3_bHLH_9	1	15	7	0.09759000729485331	-0.2203389830508474
C1_E2FDP_2	C1_bZIP_3	1	5	22	0.09534625892455922	-0.0918845837747534
C1_bZIP_3	C2_ND_33	2	22	20	0.09534625892455922	-1.225396227535806
C3_HSF_13	C3_bHLH_9	1	16	7	0.09449111825230681	-0.33806170189140655
C3_HSF_2	C3_bHLH_9	2	64	7	0.09449111825230681	-0.8901820536018963
C1_C2C2dof_15	C2_C2H2_56	2	15	30	0.09428090415820634	-1.349112715465926
C2_HSF_16	C3_AP2EREBP_14	2	31	15	0.09274777915203365	-1.3870967741935483
C2_HSF_16	C3_AP2EREBP_23	2	31	15	0.09274777915203365	-1.1957130632930835
C2_HSF_26	C2_WRKY_13-C3_WRKY_7	1	20	6	0.09128709291752768	-0.45162595769698877
C2_MYB_50	C2_ND_33	1	6	20	0.09128709291752768	-0.22755204959542963
C2_NAC_51	C2_NAC_51	1	11	11	0.09090909090909091	0.17756626403622836
C2_HSF_16	C3_HSF_13	2	31	16	0.08980265101338744	-1.2715226450219443
C2_C2C2gata_25	C3_C2C2COlike_7	1	25	5	0.08944271909999157	-0.37081233599332264
C2_C2C2gata_25	C3_SBP_9	1	25	5	0.08944271909999157	-0.5178270364584595
C2_Trihelix_9	C3_bHLH_9	1	18	7	0.0890870806374748	-0.3287979746107146
C2_AP2EREBP_30	C2_Trihelix_6	1	10	13	0.08770580193070293	-0.6307781753780445
C1_E2FDP_2	C1_bHLH_18-C4_bHLH_13	1	5	27	0.08606629658238704	-0.3498215123661211
C1_bHLH_18-C4_bHLH_13	C2_ND_33	2	27	20	0.08606629658238704	-1.7006082430927008
C1_bHLH_18-C4_bHLH_13	C3_C2C2COlike_7	1	27	5	0.08606629658238704	-0.3971155067771125
C1_bHLH_18-C4_bHLH_13	C3_SBP_9	1	27	5	0.08606629658238704	-0.43798112834398595
C1_bHLH_18-C4_bHLH_13	C2_HSF_2	3	27	46	0.08512565307587486	-2.2699385803688195
C3_AP2EREBP_7	C3_C2H2_26	2	14	40	0.08451542547285165	-1.7242694494986357
C2_C2C2gata_25	C2_MYB_50	1	25	6	0.0816496580927726	-0.7080292953181533
C2_AP2EREBP_30	C2_TCP_3-C3_TCP_20	1	10	15	0.08164965809277258	-0.39942272760141506
C2_NAC_51	C3_AP2EREBP_7	1	11	14	0.08058229640253803	-0.629940788348712
C1_Trihelix_17	C3_ND_2	2	12	52	0.08006407690254355	-2.113412885368406
C2_Trihelix_8-C3_Trihelix_24	C3_ND_2	2	12	52	0.08006407690254355	-1.562276961737254
C1_bHLH_18-C4_bHLH_13	C2_WRKY_13-C3_WRKY_7	1	27	6	0.07856742013183861	-0.5448565870423966
C2_NAC_51	C2_TCP_3-C3_TCP_20	1	11	15	0.0778498944161523	-0.6750527405556146
C2_NAC_51	C3_AP2EREBP_14	1	11	15	0.0778498944161523	-0.5990059360838172
C2_NAC_51	C3_AP2EREBP_23	1	11	15	0.0778498944161523	-0.5550813581037599
C1_Trihelix_17	C3_C2H2_104	1	12	14	0.07715167498104594	-0.7006490497453706
C2_MYB_50	C3_HSF_4	1	6	29	0.07580980435789034	-0.5307770434594339
C1_Trihelix_17	C2_TCP_3-C3_TCP_20	1	12	15	0.07453559924999299	-0.759326396601999
C1_bHLH_18-C4_bHLH_13	C2_HSF_14-C3_HSF_12	3	27	60	0.07453559924999299	-2.52946608475828
C2_TCP_3-C3_TCP_20	C2_Trihelix_8-C3_Trihelix_24	1	15	12	0.07453559924999299	-0.8060683549758052
C2_AP2EREBP_3-C3_AP2EREBP_24	C3_C2H2_26	2	18	40	0.07453559924999298	-1.9413236050786027
C3_AP2EREBP_22	C3_C2H2_26	2	18	40	0.07453559924999298	-1.8408118570790484
C3_C2H2_104	C3_ND_2	2	14	52	0.07412493166611012	-2.0150744117006014
C2_HSF_16	C2_WRKY_13-C3_WRKY_7	1	31	6	0.07332355751067664	-0.7386070330164276
C1_bHLH_18-C4_bHLH_13	C3_HSF_2	3	27	64	0.07216878364870323	-2.566212274319411
C1_C2C2dof_15	C2_Trihelix_6	1	15	13	0.07161148740394328	-0.9471837709409163
C1_C2C2dof_15	C3_ND_2	2	15	52	0.07161148740394328	-1.715010848104833
C3_AP2EREBP_14	C3_ND_2	2	15	52	0.07161148740394328	-2.1922270630695926
C3_AP2EREBP_23	C3_ND_2	2	15	52	0.07161148740394328	-1.8764634187681353
C2_AP2EREBP_30	C2_ND_33	1	10	20	0.07071067811865475	-0.9618692838696563
C2_C2H2_46-C3_C2H2_70	C3_HSF_4	1	7	29	0.07018624063435965	-0.7220647865753681
C2_HSF_15	C3_C2C2COlike_7	1	43	5	0.06819943394704733	-0.6882041336724916
C2_HSF_15	C3_SBP_9	1	43	5	0.06819943394704733	-0.6509284372287534
C2_HSF_16	C3_bHLH_9	1	31	7	0.06788442333021306	-0.8116202673166535
C1_C2C2dof_15	C2_TCP_3-C3_TCP_20	1	15	15	0.06666666666666667	-0.871946878295745
C2_TCP_3-C3_TCP_20	C2_TCP_3-C3_TCP_20	1	15	15	0.06666666666666667	-0.2948839123097943
C2_HSF_2	C3_C2C2COlike_7	1	46	5	0.0659380473395787	-0.7922259156258818
C2_HSF_2	C3_SBP_9	1	46	5	0.0659380473395787	-0.9325048082403138
C2_AP2EREBP_3-C3_AP2EREBP_24	C3_ND_2	2	18	52	0.06537204504606134	-2.3297936920542983
C3_AP2EREBP_22	C3_ND_2	2	18	52	0.06537204504606134	-2.0863280936114332
C3_AP2EREBP_14	C3_HSF_13	1	15	16	0.06454972243679027	-1.0234773755400166
C3_AP2EREBP_23	C3_HSF_13	1	15	16	0.06454972243679027	-0.9545454545454544
C1_Trihelix_17	C2_HSF_26	1	12	20	0.06454972243679026	-1.053370324765175
C2_WRKY_13-C3_WRKY_7	C3_C2H2_26	1	6	40	0.06454972243679026	-0.8244848578954477
C2_G2like_47	C3_HSF_13	1	16	16	0.0625	-1.4571822087961182
C2_HSF_15	C2_WRKY_13-C3_WRKY_7	1	43	6	0.06225728063646903	-1.0086191409614704
C3_C2C2COlike_7	C3_ND_2	1	5	52	0.06201736729460423	-0.9507681208137198
C3_ND_2	C3_SBP_9	1	52	5	0.06201736729460423	-1.0122001090194812
C1_bZIP_3	C3_ND_2	2	22	52	0.059131239598908265	-2.2921819268323964
C2_AP2EREBP_3-C3_AP2EREBP_24	C3_HSF_13	1	18	16	0.05892556509887896	-1.3967288187722247
C3_AP2EREBP_22	C3_HSF_13	1	18	16	0.05892556509887896	-1.3601912660745208
C1_bHLH_18-C4_bHLH_13	C2_G2like_20	1	27	11	0.05802588531856595	-1.1262789090012062
C2_HSF_14-C3_HSF_12	C3_C2C2COlike_7	1	60	5	0.057735026918962574	-1.0723232487814252
C2_HSF_14-C3_HSF_12	C3_SBP_9	1	60	5	0.057735026918962574	-1.120616022239044
C3_C2C2COlike_7	C3_HSF_2	1	5	64	0.055901699437494734	-1.0145375762961075
C3_HSF_2	C3_SBP_9	1	64	5	0.055901699437494734	-0.9918697838003708
C2_HSF_2	C3_bHLH_9	1	46	7	0.05572782125753529	-1.1894008596700103
C2_C2C2gata_25	C3_AP2EREBP_7	1	25	14	0.05345224838248487	-1.2400097094018347
C1_bHLH_18-C4_bHLH_13	C3_ND_2	2	27	52	0.053376051268362375	-2.717474294837679
C1_Trihelix_17	C2_C2H2_56	1	12	30	0.05270462766947299	-1.1239613145232583
C2_HSF_14-C3_HSF_12	C3_bHLH_9	1	60	7	0.04879500364742666	-1.4291166380880271
C1_bHLH_18-C4_bHLH_13	C2_G2like_47	1	27	16	0.048112522432468816	-1.6138906505571584
C2_TCP_3-C3_TCP_20	C3_HSF_4	1	15	29	0.04794633014853841	-1.369752349284839
C1_Trihelix_17	C2_HSF_2	1	12	46	0.04256282653793743	-1.7400211193131838
C2_TCP_3-C3_TCP_20	C3_C2H2_26	1	15	40	0.04082482904638629	-2.0644476962910123
C1_bZIP_3	C2_C2H2_56	1	22	30	0.03892494720807615	-2.193320910468775
C2_MADS_5	C3_C2H2_26	1	17	40	0.03834824944236852	-2.179931861170632
C3_AP2EREBP_7	C3_ND_2	1	14	52	0.03706246583305506	-1.8970067199561516
C1_Trihelix_17	C3_HSF_2	1	12	64	0.03608439182435161	-1.8352119357010068
C2_HSF_26	C3_C2H2_26	1	20	40	0.035355339059327376	-2.28934273247815
C1_bZIP_3	C3_C2H2_26	1	22	40	0.0337099931231621	-2.347826086956521
C2_Trihelix_9	C3_ND_2	1	18	52	0.03268602252303067	-2.3430068704835714
C2_C2C2gata_25	C3_ND_2	1	25	52	0.027735009811261455	-2.850173659220797
C2_HSF_16	C3_ND_2	1	31	52	0.024906774069335894	-3.335348228990446
C2_HSF_15	C3_C2H2_26	1	43	40	0.024112141108520606	-2.7889151981266624
C2_HSF_2	C3_C2H2_26	1	46	40	0.023312620206007842	-3.8867055136744217
C2_HSF_14-C3_HSF_12	C3_C2H2_26	1	60	40	0.020412414523193145	-3.802079764294077
C3_C2H2_26	C3_HSF_2	1	40	64	0.019764235376052368	-3.6420577489544783
C2_HSF_14-C3_HSF_12	C3_ND_2	1	60	52	0.01790287185098582	-3.2758513565181864
