histone	cluster	total_pos	count_pos	total_neg	count_neg	percent_neg	percent_pos	ob_ex	chisq_test	sig
H2Aub	C14	71	11	10092	1444	14.3083630598494	15.4929577464789	1.08279037103507	0.909257350704493	
H2Aub	C15	49	33	10092	1444	14.3083630598494	67.3469387755102	4.70682344960145	7.3042147372297e-25	****
H2Aub	C6	1284	460	10092	1444	14.3083630598494	35.8255451713396	2.5038185725011	5.90195817972041e-84	****
H2Aub	C5	173	125	10092	1444	14.3083630598494	72.2543352601156	5.04979744768066	5.99428381389379e-97	****
H2Aub	C9	172	87	10092	1444	14.3083630598494	50.5813953488372	3.53509308767635	2.12414615975138e-39	****
H2Aub	C4	225	152	10092	1444	14.3083630598494	67.5555555555556	4.72140350877193	6.63016789818353e-105	****
H2Aub	C13	43	12	10092	1444	14.3083630598494	27.906976744186	1.95039618630419	0.0203892696363743	*
H2Aub	C3	1754	1133	10092	1444	14.3083630598494	64.5952109464082	4.51450740215479	0	****
H2Aub	C10	249	178	10092	1444	14.3083630598494	71.4859437751004	4.99609518406034	1.01292529753464e-131	****
H2Aub	C1	836	216	10092	1444	14.3083630598494	25.8373205741627	1.80574957918594	7.00589833333704e-19	****
H2Aub	C2	827	292	10092	1444	14.3083630598494	35.3083434099154	2.4676717568758	1.99047297092707e-56	****
H2Aub	C7	85	51	10092	1444	14.3083630598494	60	4.19335180055402	1.33531460292813e-31	****
H2Aub	C12	42	4	10092	1444	14.3083630598494	9.52380952380952	0.665611396913336	0.507150310695936	
H2Aub	C8	51	6	10092	1444	14.3083630598494	11.7647058823529	0.822225843245886	0.751142314596324	
H2Aub	C11	79	27	10092	1444	14.3083630598494	34.1772151898734	2.38861811423963	1.29299699840978e-06	****
H2AZ	C1	836	516	10092	4578	45.3626634958383	61.7224880382775	1.36064514915312	1.12402167743624e-19	****
H2AZ	C6	1284	929	10092	4578	45.3626634958383	72.3520249221184	1.59496862279165	5.40047715189521e-74	****
H2AZ	C14	71	50	10092	4578	45.3626634958383	70.4225352112676	1.55243386927067	4.03135805621904e-05	****
H2AZ	C12	42	32	10092	4578	45.3626634958383	76.1904761904762	1.67958559570617	0.000118836882313614	***
H2AZ	C13	43	33	10092	4578	45.3626634958383	76.7441860465116	1.69179188637264	7.18041429027928e-05	****
H2AZ	C11	79	65	10092	4578	45.3626634958383	82.2784810126582	1.81379298903396	1.13132101180659e-10	****
H2AZ	C4	225	200	10092	4578	45.3626634958383	88.8888888888889	1.95951652832387	5.65620116462592e-38	****
H2AZ	C10	249	233	10092	4578	45.3626634958383	93.574297188755	2.06280429713612	6.99698288839607e-51	****
H2AZ	C3	1754	1655	10092	4578	45.3626634958383	94.3557582668187	2.08003126349658	2.23841388569974e-314	****
H2AZ	C15	49	40	10092	4578	45.3626634958383	81.6326530612245	1.79955599539947	7.73128302783666e-07	****
H2AZ	C8	51	23	10092	4578	45.3626634958383	45.0980392156863	0.994166473929021	0.999999999999995	
H2AZ	C7	85	55	10092	4578	45.3626634958383	64.7058823529412	1.42641276694164	0.000546744958011342	***
H2AZ	C5	173	151	10092	4578	45.3626634958383	87.2832369942196	1.92412063727756	1.26827813196614e-27	****
H2AZ	C2	827	695	10092	4578	45.3626634958383	84.0386940749698	1.85259611315988	3.02153195262344e-101	****
H2AZ	C9	172	142	10092	4578	45.3626634958383	82.5581395348837	1.81995793837057	6.06833902712246e-22	****
H3	C13	43	13	10092	1969	19.5105033690052	30.2325581395349	1.54955295451593	0.114969544119285	
H3	C3	1754	419	10092	1969	19.5105033690052	23.8882554161916	1.22437924662369	2.8400754408462e-05	****
H3	C6	1284	441	10092	1969	19.5105033690052	34.3457943925234	1.76037459121049	2.51993004142866e-34	****
H3	C1	836	459	10092	1969	19.5105033690052	54.9043062200957	2.81408968193604	2.80155862711744e-123	****
H3	C14	71	29	10092	1969	19.5105033690052	40.8450704225352	2.09349136975229	1.31450199430631e-05	****
H3	C7	85	31	10092	1969	19.5105033690052	36.4705882352941	1.86927971798166	0.000155896202727061	***
H3	C5	173	32	10092	1969	19.5105033690052	18.4971098265896	0.948059077551763	0.812780503560086	
H3	C15	49	5	10092	1969	19.5105033690052	10.2040816326531	0.523004529389206	0.144146680426835	
H3	C4	225	79	10092	1969	19.5105033690052	35.1111111111111	1.79960047401388	1.07853813350117e-08	****
H3	C11	79	20	10092	1969	19.5105033690052	25.3164556962025	1.29758085772512	0.248651786153372	
H3	C9	172	40	10092	1969	19.5105033690052	23.2558139534884	1.1919638111661	0.258190841867682	
H3	C12	42	12	10092	1969	19.5105033690052	28.5714285714286	1.46441268228978	0.199593370634617	
H3	C8	51	17	10092	1969	19.5105033690052	33.3333333333333	1.70848146267141	0.0211930301896246	*
H3	C10	249	51	10092	1969	19.5105033690052	20.4819277108434	1.04978981441255	0.763372534633901	
H3	C2	827	247	10092	1969	19.5105033690052	29.8669891172914	1.53081591758103	1.5037137661781e-12	****
H3K14ac	C14	71	32	10092	3505	34.7304795877923	45.0704225352113	1.29771955556449	0.0895752734301951	
H3K14ac	C13	43	18	10092	3505	34.7304795877923	41.8604651162791	1.2052947616362	0.412638396859651	
H3K14ac	C15	49	28	10092	3505	34.7304795877923	57.1428571428571	1.64532300794783	0.0017213829443637	**
H3K14ac	C1	836	417	10092	3505	34.7304795877923	49.8803827751196	1.43621347494011	2.36828165494793e-18	****
H3K14ac	C2	827	621	10092	3505	34.7304795877923	75.0906892382104	2.16209767701004	7.9846204419335e-117	****
H3K14ac	C10	249	191	10092	3505	34.7304795877923	76.7068273092369	2.20863138717495	4.77647947931292e-42	****
H3K14ac	C5	173	125	10092	3505	34.7304795877923	72.2543352601156	2.08043010398028	3.12619623360956e-24	****
H3K14ac	C6	1284	908	10092	3505	34.7304795877923	70.7165109034268	2.03615129254603	8.51880266793904e-137	****
H3K14ac	C11	79	55	10092	3505	34.7304795877923	69.620253164557	2.00458657613897	2.04598969067429e-10	****
H3K14ac	C4	225	134	10092	3505	34.7304795877923	59.5555555555556	1.71479220161674	2.21808196105476e-14	****
H3K14ac	C7	85	47	10092	3505	34.7304795877923	55.2941176470588	1.5920919694554	0.000119814405612084	***
H3K14ac	C3	1754	1410	10092	3505	34.7304795877923	80.387685290764	2.31461489287986	1.32836044669443e-280	****
H3K14ac	C9	172	125	10092	3505	34.7304795877923	72.6744186046512	2.09252562784063	1.30745282661328e-24	****
H3K14ac	C8	51	20	10092	3505	34.7304795877923	39.2156862745098	1.12914324074851	0.600586113025429	
H3K14ac	C12	42	18	10092	3505	34.7304795877923	42.8571428571429	1.23399225596087	0.346555324300412	
H3K27me1	C7	85	16	10092	2064	20.4518430439952	18.8235294117647	0.920383036935705	0.813687792263183	
H3K27me1	C6	1284	244	10092	2064	20.4518430439952	19.0031152647975	0.929163949865971	0.238394908325445	
H3K27me1	C14	71	39	10092	2064	20.4518430439952	54.9295774647887	2.68580085162136	2.57260340152043e-12	****
H3K27me1	C8	51	31	10092	2064	20.4518430439952	60.7843137254902	2.97207022343821	4.40211402384631e-12	****
H3K27me1	C2	827	319	10092	2064	20.4518430439952	38.5731559854897	1.88604791766261	1.26083282629264e-33	****
H3K27me1	C15	49	10	10092	2064	20.4518430439952	20.4081632653061	0.997864261983863	0.999999999999952	
H3K27me1	C1	836	499	10092	2064	20.4518430439952	59.688995215311	2.91851424279515	1.58067127983706e-145	****
H3K27me1	C5	173	18	10092	2064	20.4518430439952	10.4046242774566	0.50873773356634	0.00155978406271301	**
H3K27me1	C11	79	37	10092	2064	20.4518430439952	46.8354430379747	2.29003532528702	1.79789029251581e-08	****
H3K27me1	C13	43	11	10092	2064	20.4518430439952	25.5813953488372	1.25081124932396	0.520569371559154	
H3K27me1	C9	172	72	10092	2064	20.4518430439952	41.8604651162791	2.0467820443483	1.34747645517081e-11	****
H3K27me1	C3	1754	556	10092	2064	20.4518430439952	31.6989737742303	1.54993238047254	1.55585479274282e-25	****
H3K27me1	C10	249	32	10092	2064	20.4518430439952	12.85140562249	0.62837396096012	0.004137759386127	**
H3K27me1	C4	225	18	10092	2064	20.4518430439952	8	0.391162790697674	6.21962179360807e-06	****
H3K27me1	C12	42	25	10092	2064	20.4518430439952	59.5238095238095	2.91043743078627	1.40082664413974e-09	****
H3K27me3	C14	71	21	10092	1285	12.7328577090765	29.5774647887324	2.32292431632597	5.15465753927397e-05	****
H3K27me3	C1	836	362	10092	1285	12.7328577090765	43.3014354066986	3.40076331614321	4.53039257694443e-124	****
H3K27me3	C8	51	16	10092	1285	12.7328577090765	31.3725490196078	2.46390478370336	0.000169286490623344	***
H3K27me3	C7	85	26	10092	1285	12.7328577090765	30.5882352941176	2.40230716411078	2.23588616430194e-06	****
H3K27me3	C6	1284	184	10092	1285	12.7328577090765	14.3302180685358	1.12545183461217	0.117945554131133	
H3K27me3	C5	173	42	10092	1285	12.7328577090765	24.2774566473988	1.90667776253346	1.22365557245975e-05	****
H3K27me3	C3	1754	648	10092	1285	12.7328577090765	36.9441277080958	2.90147966404749	3.88561479275373e-141	****
H3K27me3	C2	827	141	10092	1285	12.7328577090765	17.049576783555	1.33902201478317	0.000486398028566974	***
H3K27me3	C15	49	20	10092	1285	12.7328577090765	40.8163265306122	3.20559040736917	1.67348560833545e-08	****
H3K27me3	C13	43	9	10092	1285	12.7328577090765	20.9302325581395	1.64379694145326	0.168105212144516	
H3K27me3	C12	42	9	10092	1285	12.7328577090765	21.4285714285714	1.68293496386882	0.146109990383546	
H3K27me3	C11	79	36	10092	1285	12.7328577090765	45.5696202531646	3.57889966999951	2.24963953904594e-17	****
H3K27me3	C10	249	81	10092	1285	12.7328577090765	32.5301204819277	2.55481693310206	1.88508751285261e-19	****
H3K27me3	C9	172	63	10092	1285	12.7328577090765	36.6279069767442	2.87664464754321	1.02564786894414e-19	****
H3K27me3	C4	225	66	10092	1285	12.7328577090765	29.3333333333333	2.30375097276265	5.9969611755939e-13	****
H3K36me3	C6	1284	895	10092	2421	23.9892984542212	69.7040498442368	2.9056310244859	3.61581778995128e-252	****
H3K36me3	C14	71	22	10092	2421	23.9892984542212	30.9859154929577	1.2916557585912	0.216655809339183	
H3K36me3	C8	51	10	10092	2421	23.9892984542212	19.6078431372549	0.817357922103166	0.570909768567945	
H3K36me3	C15	49	20	10092	2421	23.9892984542212	40.8163265306122	1.70143893988822	0.00984931142562524	**
H3K36me3	C1	836	354	10092	2421	23.9892984542212	42.3444976076555	1.76514113943188	1.68966255544421e-31	****
H3K36me3	C5	173	87	10092	2421	23.9892984542212	50.2890173410405	2.09631046264263	2.94676007551696e-15	****
H3K36me3	C7	85	38	10092	2421	23.9892984542212	44.7058823529412	1.86357606239522	1.58909733633088e-05	****
H3K36me3	C13	43	11	10092	2421	23.9892984542212	25.5813953488372	1.06636696348808	0.948157831694159	
H3K36me3	C9	172	70	10092	2421	23.9892984542212	40.6976744186046	1.69649289645832	6.40329692291457e-07	****
H3K36me3	C3	1754	975	10092	2421	23.9892984542212	55.5872291904219	2.31716776947434	2.39813458450692e-160	****
H3K36me3	C2	827	512	10092	2421	23.9892984542212	61.9105199516324	2.58075575114364	2.85794459783937e-123	****
H3K36me3	C10	249	121	10092	2421	23.9892984542212	48.5943775100402	2.02566897080267	1.01316338375495e-18	****
H3K36me3	C4	225	61	10092	2421	23.9892984542212	27.1111111111111	1.13013355362798	0.31504827539381	
H3K36me3	C12	42	16	10092	2421	23.9892984542212	38.0952380952381	1.58800967722901	0.0507363349925758	
H3K36me3	C11	79	29	10092	2421	23.9892984542212	36.7088607594937	1.53021818581086	0.0123685362178295	*
H3K4me1	C6	1284	1084	10092	3644	36.1078081648831	84.4236760124611	2.33810026980724	1.19338478465433e-239	****
H3K4me1	C10	249	153	10092	3644	36.1078081648831	61.4457831325301	1.70173118379115	4.38136689024275e-16	****
H3K4me1	C1	836	494	10092	3644	36.1078081648831	59.0909090909091	1.63651332202375	2.26092222340005e-39	****
H3K4me1	C15	49	25	10092	3644	36.1078081648831	51.0204081632653	1.41300208338	0.0435774027356088	*
H3K4me1	C11	79	54	10092	3644	36.1078081648831	68.3544303797468	1.89306506968278	5.96445798986285e-09	****
H3K4me1	C14	71	42	10092	3644	36.1078081648831	59.1549295774648	1.63828635920904	9.56847767412469e-05	****
H3K4me1	C7	85	43	10092	3644	36.1078081648831	50.5882352941176	1.40103312455608	0.00798843655353715	**
H3K4me1	C12	42	23	10092	3644	36.1078081648831	54.7619047619048	1.5166222361612	0.01878978437132	*
H3K4me1	C13	43	10	10092	3644	36.1078081648831	23.2558139534884	0.644066065912746	0.111312903639581	
H3K4me1	C8	51	20	10092	3644	36.1078081648831	39.2156862745098	1.08607218957836	0.752943986996065	
H3K4me1	C2	827	669	10092	3644	36.1078081648831	80.8948004836759	2.24036862371366	3.86748189443971e-141	****
H3K4me1	C9	172	118	10092	3644	36.1078081648831	68.6046511627907	1.8999948944426	3.60501080471058e-18	****
H3K4me1	C3	1754	1352	10092	3644	36.1078081648831	77.0809578107184	2.13474485791924	2.47537932654049e-225	****
H3K4me1	C5	173	91	10092	3644	36.1078081648831	52.6011560693642	1.45678064503848	1.12704103695517e-05	****
H3K4me1	C4	225	108	10092	3644	36.1078081648831	48	1.32935236004391	0.000321369049402173	***
H3K4me3	C2	827	562	10092	3440	34.0864050733254	67.956469165659	1.99365315935997	8.34402276989637e-84	****
H3K4me3	C8	51	19	10092	3440	34.0864050733254	37.2549019607843	1.09295485636115	0.742869850887532	
H3K4me3	C10	249	237	10092	3440	34.0864050733254	95.1807228915663	2.79233678901653	1.68836726443322e-87	****
H3K4me3	C6	1284	929	10092	3440	34.0864050733254	72.3520249221184	2.12260649858726	5.29317874841424e-155	****
H3K4me3	C1	836	457	10092	3440	34.0864050733254	54.6650717703349	1.60372065205297	1.18748012002717e-32	****
H3K4me3	C7	85	61	10092	3440	34.0864050733254	71.7647058823529	2.10537619699042	7.65120080350286e-13	****
H3K4me3	C14	71	33	10092	3440	34.0864050733254	46.4788732394366	1.36356043236161	0.0386051658564552	*
H3K4me3	C3	1754	1632	10092	3440	34.0864050733254	93.0444697833523	2.72966508445812	0	****
H3K4me3	C13	43	24	10092	3440	34.0864050733254	55.8139534883721	1.63742563547864	0.00456235918075519	**
H3K4me3	C11	79	53	10092	3440	34.0864050733254	67.0886075949367	1.96819252281425	1.59635277795082e-09	****
H3K4me3	C4	225	188	10092	3440	34.0864050733254	83.5555555555556	2.45128682170543	7.70223539592196e-53	****
H3K4me3	C9	172	124	10092	3440	34.0864050733254	72.093023255814	2.11500811249324	6.98498186839061e-25	****
H3K4me3	C12	42	13	10092	3440	34.0864050733254	30.952380952381	0.908056478405316	0.791373187181828	
H3K4me3	C15	49	36	10092	3440	34.0864050733254	73.469387755102	2.15538680588515	1.66750679546963e-08	****
H3K4me3	C5	173	157	10092	3440	34.0864050733254	90.7514450867052	2.66239413899718	1.42012299537911e-53	****
H3K9ac	C7	85	72	10092	3403	33.7197780420135	84.7058823529412	2.51205337850685	1.72878737923789e-22	****
H3K9ac	C10	249	180	10092	3403	33.7197780420135	72.289156626506	2.14382065434822	3.17737238493339e-36	****
H3K9ac	C6	1284	801	10092	3403	33.7197780420135	62.3831775700935	1.85004709972784	4.38547370177649e-89	****
H3K9ac	C11	79	30	10092	3403	33.7197780420135	37.9746835443038	1.12618426779052	0.49826134718674	
H3K9ac	C2	827	436	10092	3403	33.7197780420135	52.720677146312	1.56349419265525	5.66959339520102e-28	****
H3K9ac	C9	172	65	10092	3403	33.7197780420135	37.7906976744186	1.12072794866363	0.299275266131779	
H3K9ac	C8	51	9	10092	3403	33.7197780420135	17.6470588235294	0.523344453855595	0.0229232707665864	*
H3K9ac	C15	49	25	10092	3403	33.7197780420135	51.0204081632653	1.51307069992264	0.0162802177428263	*
H3K9ac	C5	173	147	10092	3403	33.7197780420135	84.971098265896	2.51991867087694	2.30815593969581e-44	****
H3K9ac	C14	71	26	10092	3403	33.7197780420135	36.6197183098592	1.08600116715574	0.697240523995125	
H3K9ac	C1	836	368	10092	3403	33.7197780420135	44.0191387559809	1.30543975411507	2.20550511166183e-09	****
H3K9ac	C13	43	25	10092	3403	33.7197780420135	58.1395348837209	1.72419684409789	0.00130008749330505	**
H3K9ac	C12	42	14	10092	3403	33.7197780420135	33.3333333333333	0.988539523949456	0.99999999999997	
H3K9ac	C3	1754	1052	10092	3403	33.7197780420135	59.9771949828962	1.77869483328648	3.0248807287541e-97	****
H3K9ac	C4	225	176	10092	3403	33.7197780420135	78.2222222222222	2.31977274953472	2.5571337182789e-43	****
H3K9me1	C1	836	605	10092	3463	34.3143083630599	72.3684210526316	2.10898673191787	1.05798763099286e-105	****
H3K9me1	C2	827	488	10092	3463	34.3143083630599	59.0084643288996	1.71964603525052	1.40657082936333e-45	****
H3K9me1	C13	43	20	10092	3463	34.3143083630599	46.5116279069767	1.35545870296624	0.128601560931011	
H3K9me1	C11	79	56	10092	3463	34.3143083630599	70.8860759493671	2.06578769414095	2.260900023875e-11	****
H3K9me1	C10	249	38	10092	3463	34.3143083630599	15.2610441767068	0.444742875631895	5.34310911159193e-10	****
H3K9me1	C3	1754	854	10092	3463	34.3143083630599	48.6887115165336	1.41890406186791	1.06075960951908e-30	****
H3K9me1	C15	49	14	10092	3463	34.3143083630599	28.5714285714286	0.832638917536405	0.48767094937674	
H3K9me1	C8	51	33	10092	3463	34.3143083630599	64.7058823529412	1.88568225442068	1.04544345159705e-05	****
H3K9me1	C14	71	50	10092	3463	34.3143083630599	70.4225352112676	2.05227902209677	4.10815365253369e-10	****
H3K9me1	C7	85	21	10092	3463	34.3143083630599	24.7058823529412	0.719987769869715	0.081096698926388	
H3K9me1	C5	173	22	10092	3463	34.3143083630599	12.7167630057803	0.370596512429498	4.43343046319084e-09	****
H3K9me1	C6	1284	411	10092	3463	34.3143083630599	32.0093457943925	0.932827946165202	0.107328908215457	
H3K9me1	C4	225	31	10092	3463	34.3143083630599	13.7777777777778	0.401516989123111	1.93338130174556e-10	****
H3K9me1	C12	42	33	10092	3463	34.3143083630599	78.5714285714286	2.28975702322511	4.66914456989644e-09	****
H3K9me1	C9	172	89	10092	3463	34.3143083630599	51.7441860465116	1.50794780704994	2.81384698905822e-06	****
