peak	Class	H2Aub	H2AZ	H3	H3K4me1	H3K4me3	H3K9ac	H3K9me1	H3K14ac	H3K27me1	H3K27me3	H3K36me3
chr1.1448744.1448975	pos	0	1	0	1	1	1	0	1	0	0	1
chr1.1565723.1566255	pos	1	1	1	0	1	1	0	0	0	1	0
chr1.1607364.1607544	pos	0	0	0	1	0	0	0	1	0	0	1
chr1.1793735.1794263	pos	0	1	1	1	1	1	0	1	0	0	1
chr1.1796227.1796542	pos	0	0	0	0	1	1	0	0	0	0	1
chr1.2271196.2271554	pos	1	1	0	0	1	1	0	1	0	0	1
chr1.4278030.4278243	pos	1	1	0	0	1	0	0	0	0	0	0
chr1.5301679.5301982	pos	1	1	0	0	1	1	0	1	0	0	0
chr1.5317747.5317873	pos	1	1	0	0	1	1	1	0	0	0	1
chr1.7367130.7367555	pos	1	1	1	1	1	1	0	1	0	0	1
chr1.8185762.8185948	pos	0	1	0	0	1	1	0	1	0	0	1
chr1.9836150.9836214	pos	1	1	0	0	1	1	0	0	0	0	1
chr1.9985295.9985899	pos	1	1	0	1	1	1	0	1	0	0	1
chr1.10006224.10006608	pos	0	1	0	0	1	1	0	1	0	0	1
chr1.10451895.10452007	pos	1	1	0	0	1	1	0	1	0	0	1
chr1.11178951.11179621	pos	1	1	0	0	1	1	0	1	0	0	1
chr1.11737083.11737716	pos	1	1	0	0	1	1	0	0	0	0	1
chr1.11796445.11796687	pos	1	1	0	1	1	1	0	1	0	0	1
chr1.15933723.15934326	pos	1	1	0	0	1	1	0	1	0	0	1
chr1.20426813.20427361	pos	0	1	0	1	1	1	0	1	0	0	1
chr1.22090942.22091310	pos	1	1	0	0	1	0	0	0	0	0	0
chr1.23062390.23062976	pos	1	1	0	1	1	1	0	0	0	0	0
chr1.23535182.23535691	pos	1	1	0	0	1	1	0	1	0	1	1
chr1.24435264.24435373	pos	1	1	0	0	1	1	0	1	0	0	0
chr1.25112498.25112663	pos	1	1	0	1	1	0	0	1	0	1	0
chr1.25928464.25928556	pos	1	1	0	1	1	1	0	1	1	0	0
chr1.25984500.25984887	pos	1	0	0	0	1	0	0	0	0	0	0
chr1.27902675.27902898	pos	1	1	0	1	1	1	0	1	0	1	0
chr1.28219149.28219289	pos	1	1	0	1	1	1	0	1	0	0	0
chr1.28348944.28349784	pos	0	1	0	1	1	1	0	1	0	0	1
chr1.28970887.28971370	pos	0	1	0	1	1	1	1	1	0	1	1
chr1.30313392.30313513	pos	0	1	0	0	1	1	0	0	0	0	1
chr2.722986.723053	pos	1	1	0	1	1	1	1	1	1	1	1
chr2.736728.737603	pos	1	1	0	1	1	1	1	1	1	0	1
chr2.804539.804603	pos	1	1	0	1	1	0	0	1	1	0	0
chr2.1667738.1668116	pos	1	1	1	1	1	1	0	1	0	0	1
chr2.2555090.2555189	pos	1	1	1	1	1	0	0	1	0	1	0
chr2.3411640.3411937	pos	0	0	0	0	1	1	0	1	0	0	1
chr2.4623879.4624618	pos	1	1	0	0	1	1	0	1	0	0	0
chr2.4627788.4628252	pos	1	1	0	1	1	1	0	1	0	0	0
chr2.4870110.4870235	pos	1	1	0	0	1	0	0	0	0	0	0
chr2.5121808.5121940	pos	1	1	0	1	1	1	0	1	0	0	1
chr2.5353955.5354238	pos	1	1	0	0	1	1	0	1	0	0	0
chr2.5410630.5410897	pos	1	1	0	1	1	1	0	1	0	1	0
chr2.5462349.5462986	pos	1	1	0	0	1	1	0	1	0	0	1
chr2.5996641.5996993	pos	1	1	0	1	1	1	1	1	1	1	1
chr2.7845206.7845275	pos	0	1	0	0	1	1	0	1	0	0	1
chr2.8467604.8468304	pos	1	1	1	1	1	1	0	1	0	0	1
chr2.9627383.9627465	pos	1	1	0	0	1	0	0	1	0	0	0
chr2.10765378.10765654	pos	0	1	0	1	1	1	0	1	0	0	1
chr2.12118579.12119137	pos	1	1	0	0	1	1	0	1	0	0	1
chr2.12327687.12328122	pos	1	1	0	1	1	1	0	1	0	0	1
chr2.13176661.13176993	pos	1	1	0	1	1	1	0	1	0	0	1
chr2.16759706.16759813	pos	1	0	0	0	1	1	0	1	0	0	1
chr2.17170369.17171203	pos	1	1	0	1	1	1	0	1	0	0	1
chr2.17473325.17473677	pos	1	1	0	0	1	1	0	1	0	0	1
chr2.17605248.17605356	pos	1	1	0	1	1	1	0	1	0	0	1
chr2.17630570.17631025	pos	1	1	0	1	1	1	0	1	0	1	0
chr2.17803998.17804170	pos	1	1	1	0	1	0	0	0	0	1	0
chr2.18345181.18345574	pos	1	1	0	0	1	0	1	1	0	1	0
chr2.18599773.18600982	pos	0	1	0	0	1	1	0	1	0	0	1
chr2.20896025.20896385	pos	1	1	0	0	1	0	0	0	0	1	0
chr2.22811671.22811744	pos	0	0	0	0	0	0	0	0	0	0	1
chr2.22876763.22876850	pos	0	1	1	0	0	1	0	1	0	0	0
chr2.23102449.23102529	pos	1	1	0	1	1	0	0	1	0	1	0
chr2.23102703.23103077	pos	1	1	0	1	1	1	0	1	0	1	0
chr2.23161608.23162517	pos	1	1	0	1	1	1	0	1	0	1	1
chr2.23204629.23205220	pos	1	1	0	1	1	1	0	1	0	0	0
chr2.24812046.24812179	pos	1	1	0	1	1	0	0	1	1	0	1
chr2.25491463.25491560	pos	0	1	0	1	1	0	1	1	1	0	1
chr2.25963176.25963915	pos	1	1	0	1	1	1	0	1	0	0	1
chr2.25980251.25980329	pos	1	1	1	1	1	1	1	1	1	0	0
chr2.29099853.29100204	pos	1	0	0	0	1	1	0	0	0	0	0
chr3.578527.579060	pos	0	1	0	1	1	1	0	1	0	0	1
chr3.1463583.1463780	pos	0	1	0	1	1	1	1	1	1	0	1
chr3.1622826.1622966	pos	0	0	0	0	1	1	0	1	0	0	1
chr3.1762796.1763059	pos	1	1	0	0	1	1	0	1	0	0	1
chr3.1871966.1872278	pos	1	1	0	0	1	1	0	0	0	1	0
chr3.5080975.5081067	pos	1	1	0	1	1	1	1	1	0	1	0
chr3.6418589.6419653	pos	1	1	0	1	1	1	0	1	0	1	0
chr3.6717889.6717981	pos	0	0	0	0	0	0	0	0	0	0	0
chr3.6745756.6746365	pos	1	1	0	1	1	1	0	1	0	1	1
chr3.10014851.10016012	pos	1	1	0	1	1	1	0	1	0	1	0
chr3.12171331.12171575	pos	1	1	0	1	1	0	0	0	0	1	0
chr3.12218291.12220010	pos	1	1	0	0	1	1	0	1	0	1	0
chr3.13103314.13103403	pos	1	1	1	1	1	1	0	1	1	0	0
chr3.13197176.13197458	pos	1	1	0	1	1	0	0	0	0	1	0
chr3.13635568.13636117	pos	0	1	0	1	1	1	0	1	0	0	1
chr3.13673286.13673386	pos	0	1	0	1	1	1	1	0	1	1	0
chr3.13836093.13836216	pos	1	1	1	1	1	1	0	1	0	1	0
chr3.15123983.15124157	pos	1	1	0	0	1	0	0	0	0	0	0
chr3.16771726.16772407	pos	1	1	0	1	1	1	0	1	0	0	0
chr3.16773620.16773913	pos	1	1	0	1	1	1	0	1	1	0	0
chr3.21072276.21072427	pos	1	1	0	0	1	1	0	1	0	1	0
chr3.21248989.21249158	pos	1	1	1	0	1	1	0	1	0	1	0
chr3.22699816.22699903	pos	0	1	0	1	1	1	0	1	0	0	1
chr3.23545828.23545924	pos	0	0	1	0	0	0	1	0	1	0	0
chr4.593803.594051	pos	1	1	0	1	1	0	0	0	0	1	0
chr4.2534645.2534712	pos	1	1	1	1	1	0	0	1	0	0	0
chr4.3260516.3261082	pos	1	1	1	1	1	0	0	1	0	0	0
chr4.3541633.3542508	pos	1	1	0	0	1	1	0	0	0	0	1
chr4.3652622.3652803	pos	0	1	0	0	1	0	0	0	0	1	0
chr4.4273458.4273967	pos	0	1	0	1	1	1	0	1	0	0	1
chr4.5409755.5410335	pos	1	1	0	1	1	0	0	1	0	1	0
chr4.6455759.6455938	pos	1	1	0	1	1	0	0	1	0	1	0
chr4.7942383.7942583	pos	1	1	1	1	1	1	0	1	0	0	1
chr4.8458822.8459574	pos	0	1	0	1	1	1	0	1	0	0	1
chr4.10256767.10256873	pos	0	0	1	0	1	1	0	0	0	0	1
chr4.11334206.11334762	pos	0	0	1	0	1	1	0	1	0	0	1
chr4.11524569.11524698	pos	1	1	0	1	1	1	0	1	0	1	0
chr4.13901087.13901435	pos	1	1	0	1	1	1	0	1	0	0	0
chr4.14082901.14083002	pos	1	1	0	1	1	1	1	1	1	1	1
chr4.14783851.14784295	pos	0	1	0	0	0	0	1	0	0	0	0
chr4.16018914.16019086	pos	1	1	0	1	1	1	0	1	0	1	1
chr4.16853765.16853837	pos	1	1	1	1	1	1	1	1	1	0	1
chr4.18032310.18033708	pos	0	1	0	0	1	1	0	1	0	0	1
chr4.18509219.18509320	pos	1	1	0	1	1	1	1	1	0	0	1
chr4.19992058.19992537	pos	1	1	0	1	1	0	0	1	0	1	0
chr4.20766194.20766647	pos	1	1	0	1	1	0	0	1	0	0	1
chr4.21854435.21854559	pos	1	1	1	1	1	1	0	1	1	1	0
chr4.23040031.23041030	pos	1	1	1	0	1	1	0	0	0	0	1
chr4.23953978.23954108	pos	1	1	0	1	1	1	0	0	0	0	1
chr4.24571931.24572208	pos	1	1	0	1	1	1	0	1	0	0	1
chr4.24615951.24616745	pos	0	1	0	0	1	1	0	1	0	0	1
chr5.2821447.2821541	pos	1	1	0	1	1	1	1	0	1	0	0
chr5.3171976.3172243	pos	1	1	1	0	1	1	0	1	0	1	0
chr5.3503617.3503688	pos	0	1	1	1	1	1	1	0	0	0	1
chr5.4209442.4209705	pos	1	1	0	1	1	1	0	1	0	0	0
chr5.4230077.4230155	pos	1	1	0	1	1	1	1	1	0	0	1
chr5.4487648.4487857	pos	1	1	0	0	1	0	0	0	0	1	0
chr5.5041139.5041296	pos	1	1	0	0	1	1	0	1	0	1	0
chr5.5055069.5055133	pos	1	1	1	1	1	0	0	0	0	1	0
chr5.5063508.5063573	pos	1	1	1	0	1	0	0	0	0	1	0
chr5.5067664.5067729	pos	1	1	1	1	1	1	0	1	0	1	0
chr5.5083877.5083977	pos	1	1	1	1	1	1	0	1	0	1	0
chr5.5124492.5124642	pos	1	1	0	1	1	0	0	1	0	1	0
chr5.5622114.5622183	pos	0	1	1	0	1	1	0	0	0	0	1
chr5.6147075.6147593	pos	1	1	0	1	1	1	0	1	0	1	0
chr5.6392268.6392820	pos	1	1	0	1	1	1	1	1	0	1	1
chr5.6396283.6396971	pos	1	1	1	1	1	1	0	1	0	1	0
chr5.7076760.7077110	pos	1	1	0	1	1	1	0	1	1	0	0
chr5.7331558.7331859	pos	1	1	0	1	1	0	0	1	0	1	0
chr5.7475782.7475944	pos	0	1	1	1	1	1	0	1	0	0	0
chr5.8305558.8305730	pos	0	1	0	1	1	1	0	1	0	0	1
chr5.8750309.8750617	pos	0	1	0	1	1	1	0	1	0	0	1
chr5.10589866.10590475	pos	1	1	0	1	1	0	1	1	1	0	1
chr5.11715451.11715534	pos	1	1	0	0	0	0	0	0	0	0	0
chr5.12403040.12403144	pos	0	1	1	0	1	1	0	1	0	0	1
chr5.12617473.12617560	pos	1	1	0	1	1	0	0	1	0	1	0
chr5.12869537.12869669	pos	1	1	0	1	1	0	0	1	0	1	0
chr5.12869754.12870037	pos	1	1	0	1	1	0	0	1	0	1	0
chr5.13524088.13524380	pos	1	1	0	1	1	0	0	1	0	1	0
chr5.14333865.14333976	pos	1	1	0	1	1	0	1	1	0	1	0
chr5.14495023.14495087	pos	0	1	0	1	1	1	0	1	0	0	1
chr5.14774196.14774337	pos	1	1	0	0	1	1	0	1	0	0	0
chr5.15253202.15253342	pos	1	1	0	0	1	0	0	0	0	0	1
chr5.15929554.15929640	pos	1	1	0	0	1	0	0	0	0	1	0
chr5.16069148.16069266	pos	1	1	0	0	1	0	0	0	0	0	0
chr5.16296382.16296529	pos	1	1	0	0	1	0	0	0	0	1	0
chr5.16588352.16588472	pos	0	1	0	1	1	1	1	1	0	0	1
chr5.18363930.18364017	pos	0	1	1	0	0	0	0	0	0	0	0
chr5.19415994.19416375	pos	1	1	0	1	1	1	0	0	0	0	1
chr5.19581706.19582103	pos	1	1	0	1	1	1	0	1	0	0	0
chr5.19862947.19863151	pos	0	1	1	1	1	1	1	1	1	0	1
chr5.20433258.20433841	pos	1	1	0	0	1	1	0	0	0	1	0
chr5.20634844.20635263	pos	1	1	0	0	1	1	0	1	0	0	1
chr5.21157145.21158219	pos	1	1	1	1	1	1	1	1	0	1	0
chr5.21601017.21601106	pos	1	1	0	1	1	1	0	1	0	0	0
chr5.22635033.22635209	pos	1	1	0	0	1	1	0	0	0	0	0
chr5.22711932.22712434	pos	1	1	1	1	1	1	0	1	0	0	1
chr5.24660605.24660709	pos	0	1	0	1	1	1	0	1	0	0	1
chr6.2244278.2244454	pos	0	1	0	1	1	1	0	1	0	0	1
chr6.2244562.2244631	pos	0	1	0	1	1	1	0	1	0	0	1
chr6.2389216.2389319	pos	0	0	0	0	1	1	0	0	0	0	1
chr6.3856079.3856698	pos	0	1	0	0	0	1	1	0	0	0	1
chr6.5283300.5283816	pos	1	1	0	0	1	1	0	1	0	0	1
chr6.6197260.6197331	pos	1	1	0	1	1	1	0	1	0	0	1
chr6.6519551.6519910	pos	1	1	0	0	1	1	0	1	0	0	1
chr6.10631868.10632038	pos	1	1	0	0	1	1	0	1	0	0	1
chr6.11326501.11326685	pos	1	1	0	0	1	1	1	1	1	0	0
chr6.14132486.14132600	pos	0	1	1	1	1	1	0	1	0	0	1
chr6.15379531.15379663	pos	1	1	0	1	1	0	0	1	0	1	0
chr6.15732411.15733062	pos	1	1	0	1	1	1	0	1	0	0	1
chr6.16885238.16885631	pos	1	1	0	1	1	1	0	1	0	0	1
chr6.17650900.17651000	pos	0	1	0	1	1	1	0	1	0	0	1
chr6.20049912.20050099	pos	1	1	0	1	1	1	0	1	0	1	0
chr6.20577341.20578266	pos	0	1	0	1	1	0	1	1	0	0	0
chr6.21848247.21848772	pos	1	1	0	1	1	0	0	1	0	0	0
chr6.22035497.22035729	pos	1	1	0	1	1	0	0	1	0	0	0
chr7.741463.741925	pos	0	1	0	0	1	1	1	1	1	0	1
chr7.1046246.1046344	pos	1	1	0	1	1	0	0	1	0	1	0
chr7.1870124.1870253	pos	0	1	1	1	1	1	1	1	0	0	1
chr7.2033444.2034399	pos	1	1	0	1	1	0	1	1	1	1	0
chr7.4090326.4090462	pos	0	1	0	0	0	1	1	0	0	0	0
chr7.4464570.4464839	pos	1	1	0	1	1	1	0	1	0	0	1
chr7.4972029.4972620	pos	1	1	0	1	1	1	0	1	0	0	1
chr7.5056449.5056940	pos	0	1	0	0	1	1	1	1	0	0	1
chr7.5491549.5491834	pos	1	1	0	0	1	1	0	1	0	0	1
chr7.7312173.7312382	pos	1	1	1	1	1	1	0	1	0	0	0
chr7.7427142.7427295	pos	1	1	0	1	1	1	0	1	0	0	0
chr7.7455525.7455605	pos	0	0	0	0	1	1	0	0	0	0	1
chr7.9396642.9396712	pos	1	1	0	0	1	0	0	0	0	1	0
chr7.9490309.9490379	pos	1	1	1	0	1	1	0	1	0	1	0
chr7.10234556.10234661	pos	1	1	1	1	1	0	0	1	0	1	0
chr7.10419964.10420347	pos	1	1	0	0	1	0	0	0	0	0	0
chr7.11463396.11463460	pos	1	1	0	0	1	1	1	1	0	0	1
chr7.12300176.12300247	pos	1	1	0	1	1	1	0	1	1	0	0
chr7.13458530.13459162	pos	0	1	1	1	1	1	0	1	0	0	1
chr7.15813302.15813768	pos	0	1	0	1	1	1	0	1	0	0	1
chr7.16145822.16146412	pos	0	1	1	0	1	1	0	1	0	0	1
chr7.16659491.16660332	pos	1	1	0	1	1	1	0	1	0	1	0
chr7.17101798.17101935	pos	0	1	1	1	1	1	0	1	1	0	1
chr7.17102275.17102415	pos	0	1	1	1	1	1	0	1	1	0	1
chr7.17131956.17132454	pos	0	1	0	1	1	1	0	1	0	0	1
chr7.18532506.18532682	pos	1	1	0	1	1	1	0	1	0	0	1
chr7.18877661.18877882	pos	1	0	0	0	1	1	0	1	0	0	0
chr7.19093312.19093431	pos	0	1	0	0	0	0	0	1	0	0	0
chr7.21430414.21430619	pos	1	1	1	1	1	1	0	1	0	0	0
chr7.21949468.21950218	pos	0	1	0	0	1	1	1	1	0	0	1
chr8.1508559.1508821	pos	1	1	0	1	1	1	0	1	0	1	1
chr8.1795265.1795433	pos	1	1	0	0	1	1	0	1	0	0	0
chr8.2440930.2441115	pos	1	1	0	1	1	0	0	1	0	0	1
chr8.2881523.2881655	pos	1	1	1	0	1	1	0	1	0	1	0
chr8.3120437.3120852	pos	1	1	0	1	1	0	0	0	0	1	0
chr8.3178907.3179068	pos	0	0	0	0	1	1	0	0	0	0	1
chr8.4098522.4099193	pos	0	1	0	0	1	1	0	0	0	0	1
chr8.4697543.4697631	pos	1	1	0	1	1	1	0	1	0	1	0
chr8.5129756.5130042	pos	1	1	0	1	1	1	0	1	0	1	0
chr8.5808306.5808381	pos	1	1	0	1	1	1	0	1	1	0	0
chr8.5808460.5808579	pos	1	1	0	1	1	1	1	1	1	0	0
chr8.5814097.5814910	pos	1	1	0	0	1	1	0	0	0	0	0
chr8.7410491.7410676	pos	0	1	0	1	1	1	0	1	0	0	1
chr8.7990778.7991287	pos	1	1	1	1	1	1	0	1	0	1	0
chr8.8315790.8316417	pos	1	1	0	0	1	0	0	0	0	1	0
chr8.10321896.10321977	pos	1	1	0	1	1	1	0	1	0	1	0
chr8.10438709.10438951	pos	1	1	1	0	1	0	0	1	0	1	0
chr8.11156929.11157045	pos	0	1	0	1	1	0	0	1	0	1	0
chr8.11176610.11177569	pos	1	1	0	1	1	0	0	1	0	1	0
chr8.11681215.11681374	pos	1	1	0	1	1	0	0	1	1	0	0
chr8.13657781.13658148	pos	1	1	1	0	1	1	0	1	0	0	1
chr8.15275339.15275693	pos	1	1	0	1	1	0	0	0	0	1	0
chr8.15704446.15704591	pos	1	1	1	1	1	1	0	1	1	1	1
chr8.17033405.17033927	pos	0	1	0	1	0	0	1	0	0	0	0
chr8.17891541.17891942	pos	1	1	0	1	1	1	0	1	0	0	0
chr8.18747975.18748192	pos	1	1	0	1	1	0	0	0	0	1	0
chr8.18839187.18839289	pos	1	1	0	1	1	0	0	1	0	0	0
chr8.19142574.19142680	pos	0	1	0	0	1	1	0	1	0	0	1
chrV.4099617.4099695	pos	0	1	0	1	1	0	0	1	1	0	1
unplaced-scaffold_145.8801.9224	pos	1	1	1	1	1	1	1	1	1	1	1
chr1.1042000.1042500	neg	0	0	0	0	0	0	0	0	0	0	0
chr1.1234000.1234500	neg	0	0	0	0	0	0	0	0	0	0	0
chr1.2165000.2165500	neg	0	0	0	0	0	0	0	0	0	0	0
chr1.2879000.2879500	neg	0	0	0	0	0	0	0	0	0	0	0
chr1.3057500.3058000	neg	0	0	0	0	0	0	0	0	0	0	0
chr1.3380500.3381000	neg	0	0	0	0	0	0	0	0	0	0	0
chr1.4195500.4196000	neg	0	0	0	0	0	0	0	0	0	0	0
chr1.4477000.4477500	neg	0	0	0	0	0	0	0	0	0	0	0
chr1.4715500.4716000	neg	0	0	0	0	0	0	0	0	0	0	0
chr1.5360000.5360500	neg	0	0	0	0	0	0	0	0	0	0	0
chr1.6155500.6156000	neg	0	0	0	0	0	0	0	0	0	0	0
chr1.6473500.6474000	neg	0	0	0	0	0	0	0	0	0	0	0
chr1.6942000.6942500	neg	0	0	0	0	0	0	0	0	0	0	0
chr1.7472000.7472500	neg	0	0	0	0	0	0	0	0	0	0	0
chr1.9295000.9295500	neg	0	0	0	0	0	0	0	0	0	0	0
chr1.9321500.9322000	neg	0	0	0	0	0	0	0	0	0	0	0
chr1.10906500.10907000	neg	0	0	0	0	0	0	0	0	0	0	0
chr1.13197500.13198000	neg	0	0	0	0	0	0	0	0	0	0	0
chr1.16678500.16679000	neg	0	0	0	0	0	0	0	0	0	0	0
chr1.18059500.18060000	neg	0	0	0	0	0	0	0	0	0	0	0
chr1.18670500.18671000	neg	0	0	0	0	0	0	0	0	0	0	0
chr1.20440000.20440500	neg	0	0	0	0	0	0	0	0	0	0	0
chr1.20687500.20688000	neg	0	0	0	0	0	0	0	0	0	0	0
chr1.21008000.21008500	neg	0	0	0	0	0	0	0	0	0	0	0
chr1.21513500.21514000	neg	0	0	0	0	0	0	0	0	0	0	0
chr1.22231500.22232000	neg	0	0	0	0	0	0	0	0	0	0	0
chr1.24003500.24004000	neg	0	0	0	0	0	0	0	0	0	0	0
chr1.24061500.24062000	neg	0	0	0	0	0	0	0	0	0	0	0
chr1.26018500.26019000	neg	0	0	0	0	0	0	0	0	0	0	0
chr1.26578000.26578500	neg	0	0	0	0	0	0	0	0	0	0	0
chr1.27053000.27053500	neg	0	0	0	0	0	0	0	0	0	0	0
chr1.29897500.29898000	neg	0	0	0	0	0	0	0	0	0	0	0
chr1.30566000.30566500	neg	0	0	0	0	0	0	0	0	0	0	0
chr2.867500.868000	neg	0	0	0	0	0	0	0	0	0	0	0
chr2.2861500.2862000	neg	0	0	0	0	0	0	0	0	0	0	0
chr2.3876500.3877000	neg	0	0	0	0	0	0	0	0	0	0	0
chr2.3877500.3878000	neg	0	0	0	0	0	0	0	0	0	0	0
chr2.3897000.3897500	neg	0	0	0	0	0	0	0	0	0	0	0
chr2.4738500.4739000	neg	0	0	0	0	0	0	0	0	0	0	0
chr2.4813500.4814000	neg	0	0	0	0	0	0	0	0	0	0	0
chr2.5719000.5719500	neg	0	0	0	0	0	0	0	0	0	0	0
chr2.6245000.6245500	neg	0	0	0	0	0	0	0	0	0	0	0
chr2.6904500.6905000	neg	0	0	0	0	0	0	0	0	0	0	0
chr2.8158500.8159000	neg	0	0	0	0	0	0	0	0	0	0	0
chr2.8984000.8984500	neg	0	0	0	0	0	0	0	0	0	0	0
chr2.9174500.9175000	neg	0	0	0	0	0	0	0	0	0	0	0
chr2.9236500.9237000	neg	0	0	0	0	0	0	0	0	0	0	0
chr2.9458000.9458500	neg	0	0	0	0	0	0	0	0	0	0	0
chr2.9663500.9664000	neg	0	0	0	0	0	0	0	0	0	0	0
chr2.9748000.9748500	neg	0	0	0	0	0	0	0	0	0	0	0
chr2.10240500.10241000	neg	0	0	0	0	0	0	0	0	0	0	0
chr2.10937500.10938000	neg	0	0	0	0	0	0	0	0	0	0	0
chr2.12204500.12205000	neg	0	0	0	0	0	0	0	0	0	0	0
chr2.12831000.12831500	neg	0	0	0	0	0	0	0	0	0	0	0
chr2.14670500.14671000	neg	0	0	0	0	0	0	0	0	0	0	0
chr2.15998000.15998500	neg	0	0	0	0	0	0	0	0	0	0	0
chr2.16110500.16111000	neg	0	0	0	0	0	0	0	0	0	0	0
chr2.16212000.16212500	neg	0	0	0	0	0	0	0	0	0	0	0
chr2.16272000.16272500	neg	0	0	0	0	0	0	0	0	0	0	0
chr2.17240500.17241000	neg	0	0	0	0	0	0	0	0	0	0	0
chr2.22195500.22196000	neg	0	0	0	0	0	0	0	0	0	0	0
chr2.22196000.22196500	neg	0	0	0	0	0	0	0	0	0	0	0
chr2.23035000.23035500	neg	0	0	0	0	0	0	0	0	0	0	0
chr2.23714000.23714500	neg	0	0	0	0	0	0	0	0	0	0	0
chr2.23928500.23929000	neg	0	0	0	0	0	0	0	0	0	0	0
chr2.25517500.25518000	neg	0	0	0	0	0	0	0	0	0	0	0
chr2.25993500.25994000	neg	0	0	0	0	0	0	0	0	0	0	0
chr2.26888000.26888500	neg	0	0	0	0	0	0	0	0	0	0	0
chr2.28539000.28539500	neg	0	0	0	0	0	0	0	0	0	0	0
chr3.197000.197500	neg	0	0	0	0	0	0	0	0	0	0	0
chr3.517000.517500	neg	0	0	0	0	0	0	0	0	0	0	0
chr3.1647000.1647500	neg	0	0	0	0	0	0	0	0	0	0	0
chr3.2388000.2388500	neg	0	0	0	0	0	0	0	0	0	0	0
chr3.2754500.2755000	neg	0	0	0	0	0	0	0	0	0	0	0
chr3.4946500.4947000	neg	0	0	0	0	0	0	0	0	0	0	0
chr3.6547500.6548000	neg	0	0	0	0	0	0	0	0	0	0	0
chr3.6865000.6865500	neg	0	0	0	0	0	0	0	0	0	0	0
chr3.7152500.7153000	neg	0	0	0	0	0	0	0	0	0	0	0
chr3.8157500.8158000	neg	0	0	0	0	0	0	0	0	0	0	0
chr3.10429000.10429500	neg	0	0	0	0	0	0	0	0	0	0	0
chr3.11338500.11339000	neg	0	0	0	0	0	0	0	0	0	0	0
chr3.11480500.11481000	neg	0	0	0	0	0	0	0	0	0	0	0
chr3.11831500.11832000	neg	0	0	0	0	0	0	0	0	0	0	0
chr3.12052500.12053000	neg	0	0	0	0	0	0	0	0	0	0	0
chr3.13127000.13127500	neg	0	0	0	0	0	0	0	0	0	0	0
chr3.14155500.14156000	neg	0	0	0	0	0	0	0	0	0	0	0
chr3.14486000.14486500	neg	0	0	0	0	0	0	0	0	0	0	0
chr3.15690000.15690500	neg	0	0	0	0	0	0	0	0	0	0	0
chr3.15971500.15972000	neg	0	0	0	0	0	0	0	0	0	0	0
chr3.19713000.19713500	neg	0	0	0	0	0	0	0	0	0	0	0
chr3.20368000.20368500	neg	0	0	0	0	0	0	0	0	0	0	0
chr3.21845000.21845500	neg	0	0	0	0	0	0	0	0	0	0	0
chr3.23471000.23471500	neg	0	0	0	0	0	0	0	0	0	0	0
chr3.24421000.24421500	neg	0	0	0	0	0	0	0	0	0	0	0
chr3.25145000.25145500	neg	0	0	0	0	0	0	0	0	0	0	0
chr3.26256000.26256500	neg	0	0	0	0	0	0	0	0	0	0	0
chr4.1317500.1318000	neg	0	0	0	0	0	0	0	0	0	0	0
chr4.1452500.1453000	neg	0	0	0	0	0	0	0	0	0	0	0
chr4.4545500.4546000	neg	0	0	0	0	0	0	0	0	0	0	0
chr4.4670500.4671000	neg	0	0	0	0	0	0	0	0	0	0	0
chr4.5300500.5301000	neg	0	0	0	0	0	0	0	0	0	0	0
chr4.6408000.6408500	neg	0	0	0	0	0	0	0	0	0	0	0
chr4.6728000.6728500	neg	0	0	0	0	0	0	0	0	0	0	0
chr4.6875000.6875500	neg	0	0	0	0	0	0	0	0	0	0	0
chr4.8215500.8216000	neg	0	0	0	0	0	0	0	0	0	0	0
chr4.9482500.9483000	neg	0	0	0	0	0	0	0	0	0	0	0
chr4.9745500.9746000	neg	0	0	0	0	0	0	0	0	0	0	0
chr4.10790000.10790500	neg	0	0	0	0	0	0	0	0	0	0	0
chr4.11031500.11032000	neg	0	0	0	0	0	0	0	0	0	0	0
chr4.11226000.11226500	neg	0	0	0	0	0	0	0	0	0	0	0
chr4.11313000.11313500	neg	0	0	0	0	0	0	0	0	0	0	0
chr4.11843500.11844000	neg	0	0	0	0	0	0	0	0	0	0	0
chr4.14073500.14074000	neg	0	0	0	0	0	0	0	0	0	0	0
chr4.15703000.15703500	neg	0	0	0	0	0	0	0	0	0	0	0
chr4.16004000.16004500	neg	0	0	0	0	0	0	0	0	0	0	0
chr4.18201500.18202000	neg	0	0	0	0	0	0	0	0	0	0	0
chr4.18268500.18269000	neg	0	0	0	0	0	0	0	0	0	0	0
chr4.19162500.19163000	neg	0	0	0	0	0	0	0	0	0	0	0
chr4.21384000.21384500	neg	0	0	0	0	0	0	0	0	0	0	0
chr4.21430000.21430500	neg	0	0	0	0	0	0	0	0	0	0	0
chr4.22139000.22139500	neg	0	0	0	0	0	0	0	0	0	0	0
chr4.24387500.24388000	neg	0	0	0	0	0	0	0	0	0	0	0
chr4.24830500.24831000	neg	0	0	0	0	0	0	0	0	0	0	0
chr4.25337500.25338000	neg	0	0	0	0	0	0	0	0	0	0	0
chr4.25338000.25338500	neg	0	0	0	0	0	0	0	0	0	0	0
chr4.25507000.25507500	neg	0	0	0	0	0	0	0	0	0	0	0
chr4.25736500.25737000	neg	0	0	0	0	0	0	0	0	0	0	0
chr4.26945500.26946000	neg	0	0	0	0	0	0	0	0	0	0	0
chr5.894500.895000	neg	0	0	0	0	0	0	0	0	0	0	0
chr5.1261000.1261500	neg	0	0	0	0	0	0	0	0	0	0	0
chr5.2459500.2460000	neg	0	0	0	0	0	0	0	0	0	0	0
chr5.2513000.2513500	neg	0	0	0	0	0	0	0	0	0	0	0
chr5.2717000.2717500	neg	0	0	0	0	0	0	0	0	0	0	0
chr5.3890500.3891000	neg	0	0	0	0	0	0	0	0	0	0	0
chr5.4054500.4055000	neg	0	0	0	0	0	0	0	0	0	0	0
chr5.4100000.4100500	neg	0	0	0	0	0	0	0	0	0	0	0
chr5.4347000.4347500	neg	0	0	0	0	0	0	0	0	0	0	0
chr5.4996500.4997000	neg	0	0	0	0	0	0	0	0	0	0	0
chr5.5548500.5549000	neg	0	0	0	0	0	0	0	0	0	0	0
chr5.5724500.5725000	neg	0	0	0	0	0	0	0	0	0	0	0
chr5.7076000.7076500	neg	0	0	0	0	0	0	0	0	0	0	0
chr5.7267000.7267500	neg	0	0	0	0	0	0	0	0	0	0	0
chr5.9209000.9209500	neg	0	0	0	0	0	0	0	0	0	0	0
chr5.9637000.9637500	neg	0	0	0	0	0	0	0	0	0	0	0
chr5.9661500.9662000	neg	0	0	0	0	0	0	0	0	0	0	0
chr5.10141500.10142000	neg	0	0	0	0	0	0	0	0	0	0	0
chr5.13170500.13171000	neg	0	0	0	0	0	0	0	0	0	0	0
chr5.13865500.13866000	neg	0	0	0	0	0	0	0	0	0	0	0
chr5.14143500.14144000	neg	0	0	0	0	0	0	0	0	0	0	0
chr5.15074500.15075000	neg	0	0	0	0	0	0	0	0	0	0	0
chr5.16107000.16107500	neg	0	0	0	0	0	0	0	0	0	0	0
chr5.16929000.16929500	neg	0	0	0	0	0	0	0	0	0	0	0
chr5.17383000.17383500	neg	0	0	0	0	0	0	0	0	0	0	0
chr5.17813000.17813500	neg	0	0	0	0	0	0	0	0	0	0	0
chr5.18325000.18325500	neg	0	0	0	0	0	0	0	0	0	0	0
chr5.18774000.18774500	neg	0	0	0	0	0	0	0	0	0	0	0
chr5.20293500.20294000	neg	0	0	0	0	0	0	0	0	0	0	0
chr5.21284500.21285000	neg	0	0	0	0	0	0	0	0	0	0	0
chr5.21487000.21487500	neg	0	0	0	0	0	0	0	0	0	0	0
chr5.22201500.22202000	neg	0	0	0	0	0	0	0	0	0	0	0
chr5.22257500.22258000	neg	0	0	0	0	0	0	0	0	0	0	0
chr5.23730000.23730500	neg	0	0	0	0	0	0	0	0	0	0	0
chr5.24093500.24094000	neg	0	0	0	0	0	0	0	0	0	0	0
chr5.24335500.24336000	neg	0	0	0	0	0	0	0	0	0	0	0
chr5.24594000.24594500	neg	0	0	0	0	0	0	0	0	0	0	0
chr5.24676000.24676500	neg	0	0	0	0	0	0	0	0	0	0	0
chr5.25209500.25210000	neg	0	0	0	0	0	0	0	0	0	0	0
chr5.25412000.25412500	neg	0	0	0	0	0	0	0	0	0	0	0
chr5.26602500.26603000	neg	0	0	0	0	0	0	0	0	0	0	0
chr6.1995000.1995500	neg	0	0	0	0	0	0	0	0	0	0	0
chr6.2642000.2642500	neg	0	0	0	0	0	0	0	0	0	0	0
chr6.2743500.2744000	neg	0	0	0	0	0	0	0	0	0	0	0
chr6.3800000.3800500	neg	0	0	0	0	0	0	0	0	0	0	0
chr6.3923500.3924000	neg	0	0	0	0	0	0	0	0	0	0	0
chr6.4068500.4069000	neg	0	0	0	0	0	0	0	0	0	0	0
chr6.4364000.4364500	neg	0	0	0	0	0	0	0	0	0	0	0
chr6.4719500.4720000	neg	0	0	0	0	0	0	0	0	0	0	0
chr6.4787500.4788000	neg	0	0	0	0	0	0	0	0	0	0	0
chr6.7197000.7197500	neg	0	0	0	0	0	0	0	0	0	0	0
chr6.8103000.8103500	neg	0	0	0	0	0	0	0	0	0	0	0
chr6.8430000.8430500	neg	0	0	0	0	0	0	0	0	0	0	0
chr6.8454500.8455000	neg	0	0	0	0	0	0	0	0	0	0	0
chr6.8678500.8679000	neg	0	0	0	0	0	0	0	0	0	0	0
chr6.10461000.10461500	neg	0	0	0	0	0	0	0	0	0	0	0
chr6.10780000.10780500	neg	0	0	0	0	0	0	0	0	0	0	0
chr6.10976500.10977000	neg	0	0	0	0	0	0	0	0	0	0	0
chr6.11339000.11339500	neg	0	0	0	0	0	0	0	0	0	0	0
chr6.11681500.11682000	neg	0	0	0	0	0	0	0	0	0	0	0
chr6.12283000.12283500	neg	0	0	0	0	0	0	0	0	0	0	0
chr6.12546000.12546500	neg	0	0	0	0	0	0	0	0	0	0	0
chr6.13137500.13138000	neg	0	0	0	0	0	0	0	0	0	0	0
chr6.13426000.13426500	neg	0	0	0	0	0	0	0	0	0	0	0
chr6.13969000.13969500	neg	0	0	0	0	0	0	0	0	0	0	0
chr6.15544000.15544500	neg	0	0	0	0	0	0	0	0	0	0	0
chr6.18150000.18150500	neg	0	0	0	0	0	0	0	0	0	0	0
chr6.18315000.18315500	neg	0	0	0	0	0	0	0	0	0	0	0
chr6.18753000.18753500	neg	0	0	0	0	0	0	0	0	0	0	0
chr6.19639500.19640000	neg	0	0	0	0	0	0	0	0	0	0	0
chr6.19885500.19886000	neg	0	0	0	0	0	0	0	0	0	0	0
chr6.20524000.20524500	neg	0	0	0	0	0	0	0	0	0	0	0
chr7.847500.848000	neg	0	0	0	0	0	0	0	0	0	0	0
chr7.2654500.2655000	neg	0	0	0	0	0	0	0	0	0	0	0
chr7.3181000.3181500	neg	0	0	0	0	0	0	0	0	0	0	0
chr7.4959000.4959500	neg	0	0	0	0	0	0	0	0	0	0	0
chr7.5107500.5108000	neg	0	0	0	0	0	0	0	0	0	0	0
chr7.5259000.5259500	neg	0	0	0	0	0	0	0	0	0	0	0
chr7.7042500.7043000	neg	0	0	0	0	0	0	0	0	0	0	0
chr7.7443000.7443500	neg	0	0	0	0	0	0	0	0	0	0	0
chr7.7465000.7465500	neg	0	0	0	0	0	0	0	0	0	0	0
chr7.7929500.7930000	neg	0	0	0	0	0	0	0	0	0	0	0
chr7.10464000.10464500	neg	0	0	0	0	0	0	0	0	0	0	0
chr7.11764000.11764500	neg	0	0	0	0	0	0	0	0	0	0	0
chr7.14417500.14418000	neg	0	0	0	0	0	0	0	0	0	0	0
chr7.15474000.15474500	neg	0	0	0	0	0	0	0	0	0	0	0
chr7.17632000.17632500	neg	0	0	0	0	0	0	0	0	0	0	0
chr7.19437000.19437500	neg	0	0	0	0	0	0	0	0	0	0	0
chr7.19558500.19559000	neg	0	0	0	0	0	0	0	0	0	0	0
chr7.19563000.19563500	neg	0	0	0	0	0	0	0	0	0	0	0
chr7.19789000.19789500	neg	0	0	0	0	0	0	0	0	0	0	0
chr7.20202500.20203000	neg	0	0	0	0	0	0	0	0	0	0	0
chr7.20654500.20655000	neg	0	0	0	0	0	0	0	0	0	0	0
chr8.328000.328500	neg	0	0	0	0	0	0	0	0	0	0	0
chr8.1991500.1992000	neg	0	0	0	0	0	0	0	0	0	0	0
chr8.2102000.2102500	neg	0	0	0	0	0	0	0	0	0	0	0
chr8.2226000.2226500	neg	0	0	0	0	0	0	0	0	0	0	0
chr8.2693500.2694000	neg	0	0	0	0	0	0	0	0	0	0	0
chr8.3861000.3861500	neg	0	0	0	0	0	0	0	0	0	0	0
chr8.3885000.3885500	neg	0	0	0	0	0	0	0	0	0	0	0
chr8.3924500.3925000	neg	0	0	0	0	0	0	0	0	0	0	0
chr8.5121000.5121500	neg	0	0	0	0	0	0	0	0	0	0	0
chr8.6025500.6026000	neg	0	0	0	0	0	0	0	0	0	0	0
chr8.7899000.7899500	neg	0	0	0	0	0	0	0	0	0	0	0
chr8.8941000.8941500	neg	0	0	0	0	0	0	0	0	0	0	0
chr8.10299500.10300000	neg	0	0	0	0	0	0	0	0	0	0	0
chr8.10667500.10668000	neg	0	0	0	0	0	0	0	0	0	0	0
chr8.11387500.11388000	neg	0	0	0	0	0	0	0	0	0	0	0
chr8.12099000.12099500	neg	0	0	0	0	0	0	0	0	0	0	0
chr8.12642500.12643000	neg	0	0	0	0	0	0	0	0	0	0	0
chr8.12653000.12653500	neg	0	0	0	0	0	0	0	0	0	0	0
chr8.13931000.13931500	neg	0	0	0	0	0	0	0	0	0	0	0
chr8.14928000.14928500	neg	0	0	0	0	0	0	0	0	0	0	0
chr8.16924500.16925000	neg	0	0	0	0	0	0	0	0	0	0	0
chr8.21236500.21237000	neg	0	0	0	0	0	0	0	0	0	0	0
chrV.1734500.1735000	neg	0	0	0	0	0	0	0	0	0	0	0
chrV.2271500.2272000	neg	0	0	0	0	0	0	0	0	0	0	0
chrV.7210500.7211000	neg	0	0	0	0	0	0	0	0	0	0	0
unplaced-scaffold_010.17000.17500	neg	0	0	0	0	0	0	0	0	0	0	0
unplaced-scaffold_385.2500.3000	neg	0	0	0	0	0	0	0	0	0	0	0
unplaced-scaffold_399.8500.9000	neg	0	0	0	0	0	0	0	0	0	0	0
