peak	Class	H2Aub	H2AZ	H3	H3K4me1	H3K4me3	H3K9ac	H3K9me1	H3K14ac	H3K27me1	H3K27me3	H3K36me3
chr1.1448744.1448975	pos	0	1	0	1	1	1	0	1	0	0	1
chr1.1565723.1566255	pos	1	1	1	0	1	1	0	0	0	1	0
chr1.1607364.1607544	pos	0	0	0	1	0	0	0	1	0	0	1
chr1.1793735.1794263	pos	0	1	1	1	1	1	0	1	0	0	1
chr1.1796227.1796542	pos	0	0	0	0	1	1	0	0	0	0	1
chr1.2271196.2271554	pos	1	1	0	0	1	1	0	1	0	0	1
chr1.4278030.4278243	pos	1	1	0	0	1	0	0	0	0	0	0
chr1.5301679.5301982	pos	1	1	0	0	1	1	0	1	0	0	0
chr1.5317747.5317873	pos	1	1	0	0	1	1	1	0	0	0	1
chr1.7367130.7367555	pos	1	1	1	1	1	1	0	1	0	0	1
chr1.8185762.8185948	pos	0	1	0	0	1	1	0	1	0	0	1
chr1.9836150.9836214	pos	1	1	0	0	1	1	0	0	0	0	1
chr1.9985295.9985899	pos	1	1	0	1	1	1	0	1	0	0	1
chr1.10006224.10006608	pos	0	1	0	0	1	1	0	1	0	0	1
chr1.10451895.10452007	pos	1	1	0	0	1	1	0	1	0	0	1
chr1.11178951.11179621	pos	1	1	0	0	1	1	0	1	0	0	1
chr1.11737083.11737716	pos	1	1	0	0	1	1	0	0	0	0	1
chr1.11796445.11796687	pos	1	1	0	1	1	1	0	1	0	0	1
chr1.15933723.15934326	pos	1	1	0	0	1	1	0	1	0	0	1
chr1.20426813.20427361	pos	0	1	0	1	1	1	0	1	0	0	1
chr1.22090942.22091310	pos	1	1	0	0	1	0	0	0	0	0	0
chr1.23062390.23062976	pos	1	1	0	1	1	1	0	0	0	0	0
chr1.23535182.23535691	pos	1	1	0	0	1	1	0	1	0	1	1
chr1.24435264.24435373	pos	1	1	0	0	1	1	0	1	0	0	0
chr1.25112498.25112663	pos	1	1	0	1	1	0	0	1	0	1	0
chr1.25928464.25928556	pos	1	1	0	1	1	1	0	1	1	0	0
chr1.25984500.25984887	pos	1	0	0	0	1	0	0	0	0	0	0
chr1.27902675.27902898	pos	1	1	0	1	1	1	0	1	0	1	0
chr1.28219149.28219289	pos	1	1	0	1	1	1	0	1	0	0	0
chr1.28348944.28349784	pos	0	1	0	1	1	1	0	1	0	0	1
chr1.28970887.28971370	pos	0	1	0	1	1	1	1	1	0	1	1
chr1.30313392.30313513	pos	0	1	0	0	1	1	0	0	0	0	1
chr2.722986.723053	pos	1	1	0	1	1	1	1	1	1	1	1
chr2.736728.737603	pos	1	1	0	1	1	1	1	1	1	0	1
chr2.804539.804603	pos	1	1	0	1	1	0	0	1	1	0	0
chr2.1667738.1668116	pos	1	1	1	1	1	1	0	1	0	0	1
chr2.2555090.2555189	pos	1	1	1	1	1	0	0	1	0	1	0
chr2.3411640.3411937	pos	0	0	0	0	1	1	0	1	0	0	1
chr2.4623879.4624618	pos	1	1	0	0	1	1	0	1	0	0	0
chr2.4627788.4628252	pos	1	1	0	1	1	1	0	1	0	0	0
chr2.4870110.4870235	pos	1	1	0	0	1	0	0	0	0	0	0
chr2.5121808.5121940	pos	1	1	0	1	1	1	0	1	0	0	1
chr2.5353955.5354238	pos	1	1	0	0	1	1	0	1	0	0	0
chr2.5410630.5410897	pos	1	1	0	1	1	1	0	1	0	1	0
chr2.5462349.5462986	pos	1	1	0	0	1	1	0	1	0	0	1
chr2.5996641.5996993	pos	1	1	0	1	1	1	1	1	1	1	1
chr2.7845206.7845275	pos	0	1	0	0	1	1	0	1	0	0	1
chr2.8467604.8468304	pos	1	1	1	1	1	1	0	1	0	0	1
chr2.9627383.9627465	pos	1	1	0	0	1	0	0	1	0	0	0
chr2.10765378.10765654	pos	0	1	0	1	1	1	0	1	0	0	1
chr2.12118579.12119137	pos	1	1	0	0	1	1	0	1	0	0	1
chr2.12327687.12328122	pos	1	1	0	1	1	1	0	1	0	0	1
chr2.13176661.13176993	pos	1	1	0	1	1	1	0	1	0	0	1
chr2.16759706.16759813	pos	1	0	0	0	1	1	0	1	0	0	1
chr2.17170369.17171203	pos	1	1	0	1	1	1	0	1	0	0	1
chr2.17473325.17473677	pos	1	1	0	0	1	1	0	1	0	0	1
chr2.17605248.17605356	pos	1	1	0	1	1	1	0	1	0	0	1
chr2.17630570.17631025	pos	1	1	0	1	1	1	0	1	0	1	0
chr2.17803998.17804170	pos	1	1	1	0	1	0	0	0	0	1	0
chr2.18345181.18345574	pos	1	1	0	0	1	0	1	1	0	1	0
chr2.18599773.18600982	pos	0	1	0	0	1	1	0	1	0	0	1
chr2.20896025.20896385	pos	1	1	0	0	1	0	0	0	0	1	0
chr2.22811671.22811744	pos	0	0	0	0	0	0	0	0	0	0	1
chr2.22876763.22876850	pos	0	1	1	0	0	1	0	1	0	0	0
chr2.23102449.23102529	pos	1	1	0	1	1	0	0	1	0	1	0
chr2.23102703.23103077	pos	1	1	0	1	1	1	0	1	0	1	0
chr2.23161608.23162517	pos	1	1	0	1	1	1	0	1	0	1	1
chr2.23204629.23205220	pos	1	1	0	1	1	1	0	1	0	0	0
chr2.24812046.24812179	pos	1	1	0	1	1	0	0	1	1	0	1
chr2.25491463.25491560	pos	0	1	0	1	1	0	1	1	1	0	1
chr2.25963176.25963915	pos	1	1	0	1	1	1	0	1	0	0	1
chr2.25980251.25980329	pos	1	1	1	1	1	1	1	1	1	0	0
chr2.29099853.29100204	pos	1	0	0	0	1	1	0	0	0	0	0
chr3.578527.579060	pos	0	1	0	1	1	1	0	1	0	0	1
chr3.1463583.1463780	pos	0	1	0	1	1	1	1	1	1	0	1
chr3.1622826.1622966	pos	0	0	0	0	1	1	0	1	0	0	1
chr3.1762796.1763059	pos	1	1	0	0	1	1	0	1	0	0	1
chr3.1871966.1872278	pos	1	1	0	0	1	1	0	0	0	1	0
chr3.5080975.5081067	pos	1	1	0	1	1	1	1	1	0	1	0
chr3.6418589.6419653	pos	1	1	0	1	1	1	0	1	0	1	0
chr3.6717889.6717981	pos	0	0	0	0	0	0	0	0	0	0	0
chr3.6745756.6746365	pos	1	1	0	1	1	1	0	1	0	1	1
chr3.10014851.10016012	pos	1	1	0	1	1	1	0	1	0	1	0
chr3.12171331.12171575	pos	1	1	0	1	1	0	0	0	0	1	0
chr3.12218291.12220010	pos	1	1	0	0	1	1	0	1	0	1	0
chr3.13103314.13103403	pos	1	1	1	1	1	1	0	1	1	0	0
chr3.13197176.13197458	pos	1	1	0	1	1	0	0	0	0	1	0
chr3.13635568.13636117	pos	0	1	0	1	1	1	0	1	0	0	1
chr3.13673286.13673386	pos	0	1	0	1	1	1	1	0	1	1	0
chr3.13836093.13836216	pos	1	1	1	1	1	1	0	1	0	1	0
chr3.15123983.15124157	pos	1	1	0	0	1	0	0	0	0	0	0
chr3.16771726.16772407	pos	1	1	0	1	1	1	0	1	0	0	0
chr3.16773620.16773913	pos	1	1	0	1	1	1	0	1	1	0	0
chr3.21072276.21072427	pos	1	1	0	0	1	1	0	1	0	1	0
chr3.21248989.21249158	pos	1	1	1	0	1	1	0	1	0	1	0
chr3.22699816.22699903	pos	0	1	0	1	1	1	0	1	0	0	1
chr3.23545828.23545924	pos	0	0	1	0	0	0	1	0	1	0	0
chr4.593803.594051	pos	1	1	0	1	1	0	0	0	0	1	0
chr4.2534645.2534712	pos	1	1	1	1	1	0	0	1	0	0	0
chr4.3260516.3261082	pos	1	1	1	1	1	0	0	1	0	0	0
chr4.3541633.3542508	pos	1	1	0	0	1	1	0	0	0	0	1
chr4.3652622.3652803	pos	0	1	0	0	1	0	0	0	0	1	0
chr4.4273458.4273967	pos	0	1	0	1	1	1	0	1	0	0	1
chr4.5409755.5410335	pos	1	1	0	1	1	0	0	1	0	1	0
chr4.6455759.6455938	pos	1	1	0	1	1	0	0	1	0	1	0
chr4.7942383.7942583	pos	1	1	1	1	1	1	0	1	0	0	1
chr4.8458822.8459574	pos	0	1	0	1	1	1	0	1	0	0	1
chr4.10256767.10256873	pos	0	0	1	0	1	1	0	0	0	0	1
chr4.11334206.11334762	pos	0	0	1	0	1	1	0	1	0	0	1
chr4.11524569.11524698	pos	1	1	0	1	1	1	0	1	0	1	0
chr4.13901087.13901435	pos	1	1	0	1	1	1	0	1	0	0	0
chr4.14082901.14083002	pos	1	1	0	1	1	1	1	1	1	1	1
chr4.14783851.14784295	pos	0	1	0	0	0	0	1	0	0	0	0
chr4.16018914.16019086	pos	1	1	0	1	1	1	0	1	0	1	1
chr4.16853765.16853837	pos	1	1	1	1	1	1	1	1	1	0	1
chr4.18032310.18033708	pos	0	1	0	0	1	1	0	1	0	0	1
chr4.18509219.18509320	pos	1	1	0	1	1	1	1	1	0	0	1
chr4.19992058.19992537	pos	1	1	0	1	1	0	0	1	0	1	0
chr4.20766194.20766647	pos	1	1	0	1	1	0	0	1	0	0	1
chr4.21854435.21854559	pos	1	1	1	1	1	1	0	1	1	1	0
chr4.23040031.23041030	pos	1	1	1	0	1	1	0	0	0	0	1
chr4.23953978.23954108	pos	1	1	0	1	1	1	0	0	0	0	1
chr4.24571931.24572208	pos	1	1	0	1	1	1	0	1	0	0	1
chr4.24615951.24616745	pos	0	1	0	0	1	1	0	1	0	0	1
chr5.2821447.2821541	pos	1	1	0	1	1	1	1	0	1	0	0
chr5.3171976.3172243	pos	1	1	1	0	1	1	0	1	0	1	0
chr5.3503617.3503688	pos	0	1	1	1	1	1	1	0	0	0	1
chr5.4209442.4209705	pos	1	1	0	1	1	1	0	1	0	0	0
chr5.4230077.4230155	pos	1	1	0	1	1	1	1	1	0	0	1
chr5.4487648.4487857	pos	1	1	0	0	1	0	0	0	0	1	0
chr5.5041139.5041296	pos	1	1	0	0	1	1	0	1	0	1	0
chr5.5055069.5055133	pos	1	1	1	1	1	0	0	0	0	1	0
chr5.5063508.5063573	pos	1	1	1	0	1	0	0	0	0	1	0
chr5.5067664.5067729	pos	1	1	1	1	1	1	0	1	0	1	0
chr5.5083877.5083977	pos	1	1	1	1	1	1	0	1	0	1	0
chr5.5124492.5124642	pos	1	1	0	1	1	0	0	1	0	1	0
chr5.5622114.5622183	pos	0	1	1	0	1	1	0	0	0	0	1
chr5.6147075.6147593	pos	1	1	0	1	1	1	0	1	0	1	0
chr5.6392268.6392820	pos	1	1	0	1	1	1	1	1	0	1	1
chr5.6396283.6396971	pos	1	1	1	1	1	1	0	1	0	1	0
chr5.7076760.7077110	pos	1	1	0	1	1	1	0	1	1	0	0
chr5.7331558.7331859	pos	1	1	0	1	1	0	0	1	0	1	0
chr5.7475782.7475944	pos	0	1	1	1	1	1	0	1	0	0	0
chr5.8305558.8305730	pos	0	1	0	1	1	1	0	1	0	0	1
chr5.8750309.8750617	pos	0	1	0	1	1	1	0	1	0	0	1
chr5.10589866.10590475	pos	1	1	0	1	1	0	1	1	1	0	1
chr5.11715451.11715534	pos	1	1	0	0	0	0	0	0	0	0	0
chr5.12403040.12403144	pos	0	1	1	0	1	1	0	1	0	0	1
chr5.12617473.12617560	pos	1	1	0	1	1	0	0	1	0	1	0
chr5.12869537.12869669	pos	1	1	0	1	1	0	0	1	0	1	0
chr5.12869754.12870037	pos	1	1	0	1	1	0	0	1	0	1	0
chr5.13524088.13524380	pos	1	1	0	1	1	0	0	1	0	1	0
chr5.14333865.14333976	pos	1	1	0	1	1	0	1	1	0	1	0
chr5.14495023.14495087	pos	0	1	0	1	1	1	0	1	0	0	1
chr5.14774196.14774337	pos	1	1	0	0	1	1	0	1	0	0	0
chr5.15253202.15253342	pos	1	1	0	0	1	0	0	0	0	0	1
chr5.15929554.15929640	pos	1	1	0	0	1	0	0	0	0	1	0
chr5.16069148.16069266	pos	1	1	0	0	1	0	0	0	0	0	0
chr5.16296382.16296529	pos	1	1	0	0	1	0	0	0	0	1	0
chr5.16588352.16588472	pos	0	1	0	1	1	1	1	1	0	0	1
chr5.18363930.18364017	pos	0	1	1	0	0	0	0	0	0	0	0
chr5.19415994.19416375	pos	1	1	0	1	1	1	0	0	0	0	1
chr5.19581706.19582103	pos	1	1	0	1	1	1	0	1	0	0	0
chr5.19862947.19863151	pos	0	1	1	1	1	1	1	1	1	0	1
chr5.20433258.20433841	pos	1	1	0	0	1	1	0	0	0	1	0
chr5.20634844.20635263	pos	1	1	0	0	1	1	0	1	0	0	1
chr5.21157145.21158219	pos	1	1	1	1	1	1	1	1	0	1	0
chr5.21601017.21601106	pos	1	1	0	1	1	1	0	1	0	0	0
chr5.22635033.22635209	pos	1	1	0	0	1	1	0	0	0	0	0
chr5.22711932.22712434	pos	1	1	1	1	1	1	0	1	0	0	1
chr5.24660605.24660709	pos	0	1	0	1	1	1	0	1	0	0	1
chr6.2244278.2244454	pos	0	1	0	1	1	1	0	1	0	0	1
chr6.2244562.2244631	pos	0	1	0	1	1	1	0	1	0	0	1
chr6.2389216.2389319	pos	0	0	0	0	1	1	0	0	0	0	1
chr6.3856079.3856698	pos	0	1	0	0	0	1	1	0	0	0	1
chr6.5283300.5283816	pos	1	1	0	0	1	1	0	1	0	0	1
chr6.6197260.6197331	pos	1	1	0	1	1	1	0	1	0	0	1
chr6.6519551.6519910	pos	1	1	0	0	1	1	0	1	0	0	1
chr6.10631868.10632038	pos	1	1	0	0	1	1	0	1	0	0	1
chr6.11326501.11326685	pos	1	1	0	0	1	1	1	1	1	0	0
chr6.14132486.14132600	pos	0	1	1	1	1	1	0	1	0	0	1
chr6.15379531.15379663	pos	1	1	0	1	1	0	0	1	0	1	0
chr6.15732411.15733062	pos	1	1	0	1	1	1	0	1	0	0	1
chr6.16885238.16885631	pos	1	1	0	1	1	1	0	1	0	0	1
chr6.17650900.17651000	pos	0	1	0	1	1	1	0	1	0	0	1
chr6.20049912.20050099	pos	1	1	0	1	1	1	0	1	0	1	0
chr6.20577341.20578266	pos	0	1	0	1	1	0	1	1	0	0	0
chr6.21848247.21848772	pos	1	1	0	1	1	0	0	1	0	0	0
chr6.22035497.22035729	pos	1	1	0	1	1	0	0	1	0	0	0
chr7.741463.741925	pos	0	1	0	0	1	1	1	1	1	0	1
chr7.1046246.1046344	pos	1	1	0	1	1	0	0	1	0	1	0
chr7.1870124.1870253	pos	0	1	1	1	1	1	1	1	0	0	1
chr7.2033444.2034399	pos	1	1	0	1	1	0	1	1	1	1	0
chr7.4090326.4090462	pos	0	1	0	0	0	1	1	0	0	0	0
chr7.4464570.4464839	pos	1	1	0	1	1	1	0	1	0	0	1
chr7.4972029.4972620	pos	1	1	0	1	1	1	0	1	0	0	1
chr7.5056449.5056940	pos	0	1	0	0	1	1	1	1	0	0	1
chr7.5491549.5491834	pos	1	1	0	0	1	1	0	1	0	0	1
chr7.7312173.7312382	pos	1	1	1	1	1	1	0	1	0	0	0
chr7.7427142.7427295	pos	1	1	0	1	1	1	0	1	0	0	0
chr7.7455525.7455605	pos	0	0	0	0	1	1	0	0	0	0	1
chr7.9396642.9396712	pos	1	1	0	0	1	0	0	0	0	1	0
chr7.9490309.9490379	pos	1	1	1	0	1	1	0	1	0	1	0
chr7.10234556.10234661	pos	1	1	1	1	1	0	0	1	0	1	0
chr7.10419964.10420347	pos	1	1	0	0	1	0	0	0	0	0	0
chr7.11463396.11463460	pos	1	1	0	0	1	1	1	1	0	0	1
chr7.12300176.12300247	pos	1	1	0	1	1	1	0	1	1	0	0
chr7.13458530.13459162	pos	0	1	1	1	1	1	0	1	0	0	1
chr7.15813302.15813768	pos	0	1	0	1	1	1	0	1	0	0	1
chr7.16145822.16146412	pos	0	1	1	0	1	1	0	1	0	0	1
chr7.16659491.16660332	pos	1	1	0	1	1	1	0	1	0	1	0
chr7.17101798.17101935	pos	0	1	1	1	1	1	0	1	1	0	1
chr7.17102275.17102415	pos	0	1	1	1	1	1	0	1	1	0	1
chr7.17131956.17132454	pos	0	1	0	1	1	1	0	1	0	0	1
chr7.18532506.18532682	pos	1	1	0	1	1	1	0	1	0	0	1
chr7.18877661.18877882	pos	1	0	0	0	1	1	0	1	0	0	0
chr7.19093312.19093431	pos	0	1	0	0	0	0	0	1	0	0	0
chr7.21430414.21430619	pos	1	1	1	1	1	1	0	1	0	0	0
chr7.21949468.21950218	pos	0	1	0	0	1	1	1	1	0	0	1
chr8.1508559.1508821	pos	1	1	0	1	1	1	0	1	0	1	1
chr8.1795265.1795433	pos	1	1	0	0	1	1	0	1	0	0	0
chr8.2440930.2441115	pos	1	1	0	1	1	0	0	1	0	0	1
chr8.2881523.2881655	pos	1	1	1	0	1	1	0	1	0	1	0
chr8.3120437.3120852	pos	1	1	0	1	1	0	0	0	0	1	0
chr8.3178907.3179068	pos	0	0	0	0	1	1	0	0	0	0	1
chr8.4098522.4099193	pos	0	1	0	0	1	1	0	0	0	0	1
chr8.4697543.4697631	pos	1	1	0	1	1	1	0	1	0	1	0
chr8.5129756.5130042	pos	1	1	0	1	1	1	0	1	0	1	0
chr8.5808306.5808381	pos	1	1	0	1	1	1	0	1	1	0	0
chr8.5808460.5808579	pos	1	1	0	1	1	1	1	1	1	0	0
chr8.5814097.5814910	pos	1	1	0	0	1	1	0	0	0	0	0
chr8.7410491.7410676	pos	0	1	0	1	1	1	0	1	0	0	1
chr8.7990778.7991287	pos	1	1	1	1	1	1	0	1	0	1	0
chr8.8315790.8316417	pos	1	1	0	0	1	0	0	0	0	1	0
chr8.10321896.10321977	pos	1	1	0	1	1	1	0	1	0	1	0
chr8.10438709.10438951	pos	1	1	1	0	1	0	0	1	0	1	0
chr8.11156929.11157045	pos	0	1	0	1	1	0	0	1	0	1	0
chr8.11176610.11177569	pos	1	1	0	1	1	0	0	1	0	1	0
chr8.11681215.11681374	pos	1	1	0	1	1	0	0	1	1	0	0
chr8.13657781.13658148	pos	1	1	1	0	1	1	0	1	0	0	1
chr8.15275339.15275693	pos	1	1	0	1	1	0	0	0	0	1	0
chr8.15704446.15704591	pos	1	1	1	1	1	1	0	1	1	1	1
chr8.17033405.17033927	pos	0	1	0	1	0	0	1	0	0	0	0
chr8.17891541.17891942	pos	1	1	0	1	1	1	0	1	0	0	0
chr8.18747975.18748192	pos	1	1	0	1	1	0	0	0	0	1	0
chr8.18839187.18839289	pos	1	1	0	1	1	0	0	1	0	0	0
chr8.19142574.19142680	pos	0	1	0	0	1	1	0	1	0	0	1
chrV.4099617.4099695	pos	0	1	0	1	1	0	0	1	1	0	1
unplaced-scaffold_145.8801.9224	pos	1	1	1	1	1	1	1	1	1	1	1
chr1.2222000.2222500	neg	0	0	0	0	0	0	0	0	0	0	0
chr1.2606000.2606500	neg	0	0	0	0	0	0	0	0	0	0	0
chr1.3778000.3778500	neg	0	0	0	0	0	0	0	0	0	0	0
chr1.3845500.3846000	neg	0	0	0	0	0	0	0	0	0	0	0
chr1.3942500.3943000	neg	0	0	0	0	0	0	0	0	0	0	0
chr1.4179500.4180000	neg	0	0	0	0	0	0	0	0	0	0	0
chr1.5953500.5954000	neg	0	0	0	0	0	0	0	0	0	0	0
chr1.6071500.6072000	neg	0	0	0	0	0	0	0	0	0	0	0
chr1.7775000.7775500	neg	0	0	0	0	0	0	0	0	0	0	0
chr1.7803500.7804000	neg	0	0	0	0	0	0	0	0	0	0	0
chr1.9876000.9876500	neg	0	0	0	0	0	0	0	0	0	0	0
chr1.12952000.12952500	neg	0	0	0	0	0	0	0	0	0	0	0
chr1.16156000.16156500	neg	0	0	0	0	0	0	0	0	0	0	0
chr1.16771500.16772000	neg	0	0	0	0	0	0	0	0	0	0	0
chr1.18300500.18301000	neg	0	0	0	0	0	0	0	0	0	0	0
chr1.18933500.18934000	neg	0	0	0	0	0	0	0	0	0	0	0
chr1.21600500.21601000	neg	0	0	0	0	0	0	0	0	0	0	0
chr1.21863500.21864000	neg	0	0	0	0	0	0	0	0	0	0	0
chr1.21887000.21887500	neg	0	0	0	0	0	0	0	0	0	0	0
chr1.23123500.23124000	neg	0	0	0	0	0	0	0	0	0	0	0
chr1.23396000.23396500	neg	0	0	0	0	0	0	0	0	0	0	0
chr1.24094500.24095000	neg	0	0	0	0	0	0	0	0	0	0	0
chr1.26947000.26947500	neg	0	0	0	0	0	0	0	0	0	0	0
chr1.27228000.27228500	neg	0	0	0	0	0	0	0	0	0	0	0
chr1.28290000.28290500	neg	0	0	0	0	0	0	0	0	0	0	0
chr1.29043000.29043500	neg	0	0	0	0	0	0	0	0	0	0	0
chr1.29326500.29327000	neg	0	0	0	0	0	0	0	0	0	0	0
chr2.2036000.2036500	neg	0	0	0	0	0	0	0	0	0	0	0
chr2.2138500.2139000	neg	0	0	0	0	0	0	0	0	0	0	0
chr2.2281000.2281500	neg	0	0	0	0	0	0	0	0	0	0	0
chr2.2546500.2547000	neg	0	0	0	0	0	0	0	0	0	0	0
chr2.3785000.3785500	neg	0	0	0	0	0	0	0	0	0	0	0
chr2.6621500.6622000	neg	0	0	0	0	0	0	0	0	0	0	0
chr2.7089000.7089500	neg	0	0	0	0	0	0	0	0	0	0	0
chr2.7098500.7099000	neg	0	0	0	0	0	0	0	0	0	0	0
chr2.8993500.8994000	neg	0	0	0	0	0	0	0	0	0	0	0
chr2.10630500.10631000	neg	0	0	0	0	0	0	0	0	0	0	0
chr2.11138000.11138500	neg	0	0	0	0	0	0	0	0	0	0	0
chr2.12072000.12072500	neg	0	0	0	0	0	0	0	0	0	0	0
chr2.12669500.12670000	neg	0	0	0	0	0	0	0	0	0	0	0
chr2.12949000.12949500	neg	0	0	0	0	0	0	0	0	0	0	0
chr2.13453500.13454000	neg	0	0	0	0	0	0	0	0	0	0	0
chr2.13556500.13557000	neg	0	0	0	0	0	0	0	0	0	0	0
chr2.14959000.14959500	neg	0	0	0	0	0	0	0	0	0	0	0
chr2.15187000.15187500	neg	0	0	0	0	0	0	0	0	0	0	0
chr2.16916500.16917000	neg	0	0	0	0	0	0	0	0	0	0	0
chr2.17886000.17886500	neg	0	0	0	0	0	0	0	0	0	0	0
chr2.20967500.20968000	neg	0	0	0	0	0	0	0	0	0	0	0
chr2.21372000.21372500	neg	0	0	0	0	0	0	0	0	0	0	0
chr2.21759500.21760000	neg	0	0	0	0	0	0	0	0	0	0	0
chr2.23700000.23700500	neg	0	0	0	0	0	0	0	0	0	0	0
chr2.23714500.23715000	neg	0	0	0	0	0	0	0	0	0	0	0
chr2.23824500.23825000	neg	0	0	0	0	0	0	0	0	0	0	0
chr2.24667000.24667500	neg	0	0	0	0	0	0	0	0	0	0	0
chr2.24668000.24668500	neg	0	0	0	0	0	0	0	0	0	0	0
chr2.24811500.24812000	neg	0	0	0	0	0	0	0	0	0	0	0
chr2.25352000.25352500	neg	0	0	0	0	0	0	0	0	0	0	0
chr2.25850000.25850500	neg	0	0	0	0	0	0	0	0	0	0	0
chr2.26210500.26211000	neg	0	0	0	0	0	0	0	0	0	0	0
chr2.26824000.26824500	neg	0	0	0	0	0	0	0	0	0	0	0
chr2.27426500.27427000	neg	0	0	0	0	0	0	0	0	0	0	0
chr2.27875000.27875500	neg	0	0	0	0	0	0	0	0	0	0	0
chr2.28234500.28235000	neg	0	0	0	0	0	0	0	0	0	0	0
chr2.28299500.28300000	neg	0	0	0	0	0	0	0	0	0	0	0
chr2.28451500.28452000	neg	0	0	0	0	0	0	0	0	0	0	0
chr3.491500.492000	neg	0	0	0	0	0	0	0	0	0	0	0
chr3.1408500.1409000	neg	0	0	0	0	0	0	0	0	0	0	0
chr3.1814000.1814500	neg	0	0	0	0	0	0	0	0	0	0	0
chr3.2739500.2740000	neg	0	0	0	0	0	0	0	0	0	0	0
chr3.5753500.5754000	neg	0	0	0	0	0	0	0	0	0	0	0
chr3.5759000.5759500	neg	0	0	0	0	0	0	0	0	0	0	0
chr3.6808000.6808500	neg	0	0	0	0	0	0	0	0	0	0	0
chr3.6951500.6952000	neg	0	0	0	0	0	0	0	0	0	0	0
chr3.8241500.8242000	neg	0	0	0	0	0	0	0	0	0	0	0
chr3.9172000.9172500	neg	0	0	0	0	0	0	0	0	0	0	0
chr3.9520500.9521000	neg	0	0	0	0	0	0	0	0	0	0	0
chr3.9636500.9637000	neg	0	0	0	0	0	0	0	0	0	0	0
chr3.11024500.11025000	neg	0	0	0	0	0	0	0	0	0	0	0
chr3.11815000.11815500	neg	0	0	0	0	0	0	0	0	0	0	0
chr3.12878500.12879000	neg	0	0	0	0	0	0	0	0	0	0	0
chr3.15816500.15817000	neg	0	0	0	0	0	0	0	0	0	0	0
chr3.16754500.16755000	neg	0	0	0	0	0	0	0	0	0	0	0
chr3.16970500.16971000	neg	0	0	0	0	0	0	0	0	0	0	0
chr3.20207000.20207500	neg	0	0	0	0	0	0	0	0	0	0	0
chr3.23532000.23532500	neg	0	0	0	0	0	0	0	0	0	0	0
chr3.24134500.24135000	neg	0	0	0	0	0	0	0	0	0	0	0
chr3.24145000.24145500	neg	0	0	0	0	0	0	0	0	0	0	0
chr3.25364000.25364500	neg	0	0	0	0	0	0	0	0	0	0	0
chr3.26185500.26186000	neg	0	0	0	0	0	0	0	0	0	0	0
chr4.1113500.1114000	neg	0	0	0	0	0	0	0	0	0	0	0
chr4.1562500.1563000	neg	0	0	0	0	0	0	0	0	0	0	0
chr4.2692500.2693000	neg	0	0	0	0	0	0	0	0	0	0	0
chr4.2975500.2976000	neg	0	0	0	0	0	0	0	0	0	0	0
chr4.4253000.4253500	neg	0	0	0	0	0	0	0	0	0	0	0
chr4.4770000.4770500	neg	0	0	0	0	0	0	0	0	0	0	0
chr4.5301000.5301500	neg	0	0	0	0	0	0	0	0	0	0	0
chr4.6599500.6600000	neg	0	0	0	0	0	0	0	0	0	0	0
chr4.7738000.7738500	neg	0	0	0	0	0	0	0	0	0	0	0
chr4.7940000.7940500	neg	0	0	0	0	0	0	0	0	0	0	0
chr4.8375000.8375500	neg	0	0	0	0	0	0	0	0	0	0	0
chr4.9301500.9302000	neg	0	0	0	0	0	0	0	0	0	0	0
chr4.11121500.11122000	neg	0	0	0	0	0	0	0	0	0	0	0
chr4.13210000.13210500	neg	0	0	0	0	0	0	0	0	0	0	0
chr4.13356000.13356500	neg	0	0	0	0	0	0	0	0	0	0	0
chr4.13610000.13610500	neg	0	0	0	0	0	0	0	0	0	0	0
chr4.14738000.14738500	neg	0	0	0	0	0	0	0	0	0	0	0
chr4.15716500.15717000	neg	0	0	0	0	0	0	0	0	0	0	0
chr4.16168000.16168500	neg	0	0	0	0	0	0	0	0	0	0	0
chr4.16272000.16272500	neg	0	0	0	0	0	0	0	0	0	0	0
chr4.16565500.16566000	neg	0	0	0	0	0	0	0	0	0	0	0
chr4.17973500.17974000	neg	0	0	0	0	0	0	0	0	0	0	0
chr4.17974000.17974500	neg	0	0	0	0	0	0	0	0	0	0	0
chr4.18953000.18953500	neg	0	0	0	0	0	0	0	0	0	0	0
chr4.19260500.19261000	neg	0	0	0	0	0	0	0	0	0	0	0
chr4.22708500.22709000	neg	0	0	0	0	0	0	0	0	0	0	0
chr4.23199000.23199500	neg	0	0	0	0	0	0	0	0	0	0	0
chr4.24212000.24212500	neg	0	0	0	0	0	0	0	0	0	0	0
chr4.24818000.24818500	neg	0	0	0	0	0	0	0	0	0	0	0
chr4.25580000.25580500	neg	0	0	0	0	0	0	0	0	0	0	0
chr4.26173000.26173500	neg	0	0	0	0	0	0	0	0	0	0	0
chr4.26403500.26404000	neg	0	0	0	0	0	0	0	0	0	0	0
chr4.26922000.26922500	neg	0	0	0	0	0	0	0	0	0	0	0
chr5.312000.312500	neg	0	0	0	0	0	0	0	0	0	0	0
chr5.860500.861000	neg	0	0	0	0	0	0	0	0	0	0	0
chr5.1221500.1222000	neg	0	0	0	0	0	0	0	0	0	0	0
chr5.1506000.1506500	neg	0	0	0	0	0	0	0	0	0	0	0
chr5.2504500.2505000	neg	0	0	0	0	0	0	0	0	0	0	0
chr5.3802000.3802500	neg	0	0	0	0	0	0	0	0	0	0	0
chr5.4489000.4489500	neg	0	0	0	0	0	0	0	0	0	0	0
chr5.4662500.4663000	neg	0	0	0	0	0	0	0	0	0	0	0
chr5.5813500.5814000	neg	0	0	0	0	0	0	0	0	0	0	0
chr5.6135500.6136000	neg	0	0	0	0	0	0	0	0	0	0	0
chr5.6685500.6686000	neg	0	0	0	0	0	0	0	0	0	0	0
chr5.9003500.9004000	neg	0	0	0	0	0	0	0	0	0	0	0
chr5.9031500.9032000	neg	0	0	0	0	0	0	0	0	0	0	0
chr5.9087500.9088000	neg	0	0	0	0	0	0	0	0	0	0	0
chr5.9665000.9665500	neg	0	0	0	0	0	0	0	0	0	0	0
chr5.10981500.10982000	neg	0	0	0	0	0	0	0	0	0	0	0
chr5.11945500.11946000	neg	0	0	0	0	0	0	0	0	0	0	0
chr5.12103000.12103500	neg	0	0	0	0	0	0	0	0	0	0	0
chr5.12609000.12609500	neg	0	0	0	0	0	0	0	0	0	0	0
chr5.13501000.13501500	neg	0	0	0	0	0	0	0	0	0	0	0
chr5.14769500.14770000	neg	0	0	0	0	0	0	0	0	0	0	0
chr5.15033500.15034000	neg	0	0	0	0	0	0	0	0	0	0	0
chr5.15263500.15264000	neg	0	0	0	0	0	0	0	0	0	0	0
chr5.16080000.16080500	neg	0	0	0	0	0	0	0	0	0	0	0
chr5.21109000.21109500	neg	0	0	0	0	0	0	0	0	0	0	0
chr5.22848500.22849000	neg	0	0	0	0	0	0	0	0	0	0	0
chr5.23443000.23443500	neg	0	0	0	0	0	0	0	0	0	0	0
chr5.23494500.23495000	neg	0	0	0	0	0	0	0	0	0	0	0
chr5.24650500.24651000	neg	0	0	0	0	0	0	0	0	0	0	0
chr5.25265500.25266000	neg	0	0	0	0	0	0	0	0	0	0	0
chr5.25631000.25631500	neg	0	0	0	0	0	0	0	0	0	0	0
chr5.26038000.26038500	neg	0	0	0	0	0	0	0	0	0	0	0
chr5.26158000.26158500	neg	0	0	0	0	0	0	0	0	0	0	0
chr6.124500.125000	neg	0	0	0	0	0	0	0	0	0	0	0
chr6.925000.925500	neg	0	0	0	0	0	0	0	0	0	0	0
chr6.1544000.1544500	neg	0	0	0	0	0	0	0	0	0	0	0
chr6.1676000.1676500	neg	0	0	0	0	0	0	0	0	0	0	0
chr6.1917500.1918000	neg	0	0	0	0	0	0	0	0	0	0	0
chr6.2237500.2238000	neg	0	0	0	0	0	0	0	0	0	0	0
chr6.3061500.3062000	neg	0	0	0	0	0	0	0	0	0	0	0
chr6.4121000.4121500	neg	0	0	0	0	0	0	0	0	0	0	0
chr6.4719500.4720000	neg	0	0	0	0	0	0	0	0	0	0	0
chr6.4908500.4909000	neg	0	0	0	0	0	0	0	0	0	0	0
chr6.5343500.5344000	neg	0	0	0	0	0	0	0	0	0	0	0
chr6.5441500.5442000	neg	0	0	0	0	0	0	0	0	0	0	0
chr6.5662000.5662500	neg	0	0	0	0	0	0	0	0	0	0	0
chr6.6585500.6586000	neg	0	0	0	0	0	0	0	0	0	0	0
chr6.8572500.8573000	neg	0	0	0	0	0	0	0	0	0	0	0
chr6.12174500.12175000	neg	0	0	0	0	0	0	0	0	0	0	0
chr6.12418000.12418500	neg	0	0	0	0	0	0	0	0	0	0	0
chr6.12431000.12431500	neg	0	0	0	0	0	0	0	0	0	0	0
chr6.13225000.13225500	neg	0	0	0	0	0	0	0	0	0	0	0
chr6.14042500.14043000	neg	0	0	0	0	0	0	0	0	0	0	0
chr6.14774000.14774500	neg	0	0	0	0	0	0	0	0	0	0	0
chr6.15719000.15719500	neg	0	0	0	0	0	0	0	0	0	0	0
chr6.15761000.15761500	neg	0	0	0	0	0	0	0	0	0	0	0
chr6.15846000.15846500	neg	0	0	0	0	0	0	0	0	0	0	0
chr6.18856000.18856500	neg	0	0	0	0	0	0	0	0	0	0	0
chr6.20930000.20930500	neg	0	0	0	0	0	0	0	0	0	0	0
chr6.23454000.23454500	neg	0	0	0	0	0	0	0	0	0	0	0
chr7.859000.859500	neg	0	0	0	0	0	0	0	0	0	0	0
chr7.2431000.2431500	neg	0	0	0	0	0	0	0	0	0	0	0
chr7.3020000.3020500	neg	0	0	0	0	0	0	0	0	0	0	0
chr7.3662500.3663000	neg	0	0	0	0	0	0	0	0	0	0	0
chr7.3731500.3732000	neg	0	0	0	0	0	0	0	0	0	0	0
chr7.5058000.5058500	neg	0	0	0	0	0	0	0	0	0	0	0
chr7.5503000.5503500	neg	0	0	0	0	0	0	0	0	0	0	0
chr7.6742000.6742500	neg	0	0	0	0	0	0	0	0	0	0	0
chr7.7158000.7158500	neg	0	0	0	0	0	0	0	0	0	0	0
chr7.7785000.7785500	neg	0	0	0	0	0	0	0	0	0	0	0
chr7.7790000.7790500	neg	0	0	0	0	0	0	0	0	0	0	0
chr7.8534000.8534500	neg	0	0	0	0	0	0	0	0	0	0	0
chr7.8937500.8938000	neg	0	0	0	0	0	0	0	0	0	0	0
chr7.10958000.10958500	neg	0	0	0	0	0	0	0	0	0	0	0
chr7.10958500.10959000	neg	0	0	0	0	0	0	0	0	0	0	0
chr7.11718500.11719000	neg	0	0	0	0	0	0	0	0	0	0	0
chr7.11822000.11822500	neg	0	0	0	0	0	0	0	0	0	0	0
chr7.11822500.11823000	neg	0	0	0	0	0	0	0	0	0	0	0
chr7.12351500.12352000	neg	0	0	0	0	0	0	0	0	0	0	0
chr7.12565500.12566000	neg	0	0	0	0	0	0	0	0	0	0	0
chr7.12721000.12721500	neg	0	0	0	0	0	0	0	0	0	0	0
chr7.14062500.14063000	neg	0	0	0	0	0	0	0	0	0	0	0
chr7.14091000.14091500	neg	0	0	0	0	0	0	0	0	0	0	0
chr7.14131000.14131500	neg	0	0	0	0	0	0	0	0	0	0	0
chr7.14641500.14642000	neg	0	0	0	0	0	0	0	0	0	0	0
chr7.14764000.14764500	neg	0	0	0	0	0	0	0	0	0	0	0
chr7.16109000.16109500	neg	0	0	0	0	0	0	0	0	0	0	0
chr7.16845000.16845500	neg	0	0	0	0	0	0	0	0	0	0	0
chr7.16929000.16929500	neg	0	0	0	0	0	0	0	0	0	0	0
chr7.17345500.17346000	neg	0	0	0	0	0	0	0	0	0	0	0
chr7.17696500.17697000	neg	0	0	0	0	0	0	0	0	0	0	0
chr7.21069500.21070000	neg	0	0	0	0	0	0	0	0	0	0	0
chr7.21870000.21870500	neg	0	0	0	0	0	0	0	0	0	0	0
chr8.397500.398000	neg	0	0	0	0	0	0	0	0	0	0	0
chr8.889000.889500	neg	0	0	0	0	0	0	0	0	0	0	0
chr8.896500.897000	neg	0	0	0	0	0	0	0	0	0	0	0
chr8.1372500.1373000	neg	0	0	0	0	0	0	0	0	0	0	0
chr8.2040500.2041000	neg	0	0	0	0	0	0	0	0	0	0	0
chr8.2577000.2577500	neg	0	0	0	0	0	0	0	0	0	0	0
chr8.3204000.3204500	neg	0	0	0	0	0	0	0	0	0	0	0
chr8.3875000.3875500	neg	0	0	0	0	0	0	0	0	0	0	0
chr8.5113000.5113500	neg	0	0	0	0	0	0	0	0	0	0	0
chr8.5724500.5725000	neg	0	0	0	0	0	0	0	0	0	0	0
chr8.6515000.6515500	neg	0	0	0	0	0	0	0	0	0	0	0
chr8.7491000.7491500	neg	0	0	0	0	0	0	0	0	0	0	0
chr8.9176000.9176500	neg	0	0	0	0	0	0	0	0	0	0	0
chr8.9311000.9311500	neg	0	0	0	0	0	0	0	0	0	0	0
chr8.9651000.9651500	neg	0	0	0	0	0	0	0	0	0	0	0
chr8.12535500.12536000	neg	0	0	0	0	0	0	0	0	0	0	0
chr8.13213000.13213500	neg	0	0	0	0	0	0	0	0	0	0	0
chr8.13648500.13649000	neg	0	0	0	0	0	0	0	0	0	0	0
chr8.13666500.13667000	neg	0	0	0	0	0	0	0	0	0	0	0
chr8.13893000.13893500	neg	0	0	0	0	0	0	0	0	0	0	0
chr8.16924500.16925000	neg	0	0	0	0	0	0	0	0	0	0	0
chr8.17934500.17935000	neg	0	0	0	0	0	0	0	0	0	0	0
chr8.19166500.19167000	neg	0	0	0	0	0	0	0	0	0	0	0
chr8.20462500.20463000	neg	0	0	0	0	0	0	0	0	0	0	0
chrU.2406500.2407000	neg	0	0	0	0	0	0	0	0	0	0	0
chrU.3990500.3991000	neg	0	0	0	0	0	0	0	0	0	0	0
chrV.1883000.1883500	neg	0	0	0	0	0	0	0	0	0	0	0
chrV.5318000.5318500	neg	0	0	0	0	0	0	0	0	0	0	0
chrV.6134500.6135000	neg	0	0	0	0	0	0	0	0	0	0	0
chrV.7126000.7126500	neg	0	0	0	0	0	0	0	0	0	0	0
unplaced-scaffold_233.4500.5000	neg	0	0	0	0	0	0	0	0	0	0	0
unplaced-scaffold_263.3500.4000	neg	0	0	0	0	0	0	0	0	0	0	0
unplaced-scaffold_297.3000.3500	neg	0	0	0	0	0	0	0	0	0	0	0
unplaced-scaffold_436.0.500	neg	0	0	0	0	0	0	0	0	0	0	0
