peak	Class	H2Aub	H2AZ	H3	H3K4me1	H3K4me3	H3K9ac	H3K9me1	H3K14ac	H3K27me1	H3K27me3	H3K36me3
chr1.1448744.1448975	pos	0	1	0	1	1	1	0	1	0	0	1
chr1.1565723.1566255	pos	1	1	1	0	1	1	0	0	0	1	0
chr1.1607364.1607544	pos	0	0	0	1	0	0	0	1	0	0	1
chr1.1793735.1794263	pos	0	1	1	1	1	1	0	1	0	0	1
chr1.1796227.1796542	pos	0	0	0	0	1	1	0	0	0	0	1
chr1.2271196.2271554	pos	1	1	0	0	1	1	0	1	0	0	1
chr1.4278030.4278243	pos	1	1	0	0	1	0	0	0	0	0	0
chr1.5301679.5301982	pos	1	1	0	0	1	1	0	1	0	0	0
chr1.5317747.5317873	pos	1	1	0	0	1	1	1	0	0	0	1
chr1.7367130.7367555	pos	1	1	1	1	1	1	0	1	0	0	1
chr1.8185762.8185948	pos	0	1	0	0	1	1	0	1	0	0	1
chr1.9836150.9836214	pos	1	1	0	0	1	1	0	0	0	0	1
chr1.9985295.9985899	pos	1	1	0	1	1	1	0	1	0	0	1
chr1.10006224.10006608	pos	0	1	0	0	1	1	0	1	0	0	1
chr1.10451895.10452007	pos	1	1	0	0	1	1	0	1	0	0	1
chr1.11178951.11179621	pos	1	1	0	0	1	1	0	1	0	0	1
chr1.11737083.11737716	pos	1	1	0	0	1	1	0	0	0	0	1
chr1.11796445.11796687	pos	1	1	0	1	1	1	0	1	0	0	1
chr1.15933723.15934326	pos	1	1	0	0	1	1	0	1	0	0	1
chr1.20426813.20427361	pos	0	1	0	1	1	1	0	1	0	0	1
chr1.22090942.22091310	pos	1	1	0	0	1	0	0	0	0	0	0
chr1.23062390.23062976	pos	1	1	0	1	1	1	0	0	0	0	0
chr1.23535182.23535691	pos	1	1	0	0	1	1	0	1	0	1	1
chr1.24435264.24435373	pos	1	1	0	0	1	1	0	1	0	0	0
chr1.25112498.25112663	pos	1	1	0	1	1	0	0	1	0	1	0
chr1.25928464.25928556	pos	1	1	0	1	1	1	0	1	1	0	0
chr1.25984500.25984887	pos	1	0	0	0	1	0	0	0	0	0	0
chr1.27902675.27902898	pos	1	1	0	1	1	1	0	1	0	1	0
chr1.28219149.28219289	pos	1	1	0	1	1	1	0	1	0	0	0
chr1.28348944.28349784	pos	0	1	0	1	1	1	0	1	0	0	1
chr1.28970887.28971370	pos	0	1	0	1	1	1	1	1	0	1	1
chr1.30313392.30313513	pos	0	1	0	0	1	1	0	0	0	0	1
chr2.722986.723053	pos	1	1	0	1	1	1	1	1	1	1	1
chr2.736728.737603	pos	1	1	0	1	1	1	1	1	1	0	1
chr2.804539.804603	pos	1	1	0	1	1	0	0	1	1	0	0
chr2.1667738.1668116	pos	1	1	1	1	1	1	0	1	0	0	1
chr2.2555090.2555189	pos	1	1	1	1	1	0	0	1	0	1	0
chr2.3411640.3411937	pos	0	0	0	0	1	1	0	1	0	0	1
chr2.4623879.4624618	pos	1	1	0	0	1	1	0	1	0	0	0
chr2.4627788.4628252	pos	1	1	0	1	1	1	0	1	0	0	0
chr2.4870110.4870235	pos	1	1	0	0	1	0	0	0	0	0	0
chr2.5121808.5121940	pos	1	1	0	1	1	1	0	1	0	0	1
chr2.5353955.5354238	pos	1	1	0	0	1	1	0	1	0	0	0
chr2.5410630.5410897	pos	1	1	0	1	1	1	0	1	0	1	0
chr2.5462349.5462986	pos	1	1	0	0	1	1	0	1	0	0	1
chr2.5996641.5996993	pos	1	1	0	1	1	1	1	1	1	1	1
chr2.7845206.7845275	pos	0	1	0	0	1	1	0	1	0	0	1
chr2.8467604.8468304	pos	1	1	1	1	1	1	0	1	0	0	1
chr2.9627383.9627465	pos	1	1	0	0	1	0	0	1	0	0	0
chr2.10765378.10765654	pos	0	1	0	1	1	1	0	1	0	0	1
chr2.12118579.12119137	pos	1	1	0	0	1	1	0	1	0	0	1
chr2.12327687.12328122	pos	1	1	0	1	1	1	0	1	0	0	1
chr2.13176661.13176993	pos	1	1	0	1	1	1	0	1	0	0	1
chr2.16759706.16759813	pos	1	0	0	0	1	1	0	1	0	0	1
chr2.17170369.17171203	pos	1	1	0	1	1	1	0	1	0	0	1
chr2.17473325.17473677	pos	1	1	0	0	1	1	0	1	0	0	1
chr2.17605248.17605356	pos	1	1	0	1	1	1	0	1	0	0	1
chr2.17630570.17631025	pos	1	1	0	1	1	1	0	1	0	1	0
chr2.17803998.17804170	pos	1	1	1	0	1	0	0	0	0	1	0
chr2.18345181.18345574	pos	1	1	0	0	1	0	1	1	0	1	0
chr2.18599773.18600982	pos	0	1	0	0	1	1	0	1	0	0	1
chr2.20896025.20896385	pos	1	1	0	0	1	0	0	0	0	1	0
chr2.22811671.22811744	pos	0	0	0	0	0	0	0	0	0	0	1
chr2.22876763.22876850	pos	0	1	1	0	0	1	0	1	0	0	0
chr2.23102449.23102529	pos	1	1	0	1	1	0	0	1	0	1	0
chr2.23102703.23103077	pos	1	1	0	1	1	1	0	1	0	1	0
chr2.23161608.23162517	pos	1	1	0	1	1	1	0	1	0	1	1
chr2.23204629.23205220	pos	1	1	0	1	1	1	0	1	0	0	0
chr2.24812046.24812179	pos	1	1	0	1	1	0	0	1	1	0	1
chr2.25491463.25491560	pos	0	1	0	1	1	0	1	1	1	0	1
chr2.25963176.25963915	pos	1	1	0	1	1	1	0	1	0	0	1
chr2.25980251.25980329	pos	1	1	1	1	1	1	1	1	1	0	0
chr2.29099853.29100204	pos	1	0	0	0	1	1	0	0	0	0	0
chr3.578527.579060	pos	0	1	0	1	1	1	0	1	0	0	1
chr3.1463583.1463780	pos	0	1	0	1	1	1	1	1	1	0	1
chr3.1622826.1622966	pos	0	0	0	0	1	1	0	1	0	0	1
chr3.1762796.1763059	pos	1	1	0	0	1	1	0	1	0	0	1
chr3.1871966.1872278	pos	1	1	0	0	1	1	0	0	0	1	0
chr3.5080975.5081067	pos	1	1	0	1	1	1	1	1	0	1	0
chr3.6418589.6419653	pos	1	1	0	1	1	1	0	1	0	1	0
chr3.6717889.6717981	pos	0	0	0	0	0	0	0	0	0	0	0
chr3.6745756.6746365	pos	1	1	0	1	1	1	0	1	0	1	1
chr3.10014851.10016012	pos	1	1	0	1	1	1	0	1	0	1	0
chr3.12171331.12171575	pos	1	1	0	1	1	0	0	0	0	1	0
chr3.12218291.12220010	pos	1	1	0	0	1	1	0	1	0	1	0
chr3.13103314.13103403	pos	1	1	1	1	1	1	0	1	1	0	0
chr3.13197176.13197458	pos	1	1	0	1	1	0	0	0	0	1	0
chr3.13635568.13636117	pos	0	1	0	1	1	1	0	1	0	0	1
chr3.13673286.13673386	pos	0	1	0	1	1	1	1	0	1	1	0
chr3.13836093.13836216	pos	1	1	1	1	1	1	0	1	0	1	0
chr3.15123983.15124157	pos	1	1	0	0	1	0	0	0	0	0	0
chr3.16771726.16772407	pos	1	1	0	1	1	1	0	1	0	0	0
chr3.16773620.16773913	pos	1	1	0	1	1	1	0	1	1	0	0
chr3.21072276.21072427	pos	1	1	0	0	1	1	0	1	0	1	0
chr3.21248989.21249158	pos	1	1	1	0	1	1	0	1	0	1	0
chr3.22699816.22699903	pos	0	1	0	1	1	1	0	1	0	0	1
chr3.23545828.23545924	pos	0	0	1	0	0	0	1	0	1	0	0
chr4.593803.594051	pos	1	1	0	1	1	0	0	0	0	1	0
chr4.2534645.2534712	pos	1	1	1	1	1	0	0	1	0	0	0
chr4.3260516.3261082	pos	1	1	1	1	1	0	0	1	0	0	0
chr4.3541633.3542508	pos	1	1	0	0	1	1	0	0	0	0	1
chr4.3652622.3652803	pos	0	1	0	0	1	0	0	0	0	1	0
chr4.4273458.4273967	pos	0	1	0	1	1	1	0	1	0	0	1
chr4.5409755.5410335	pos	1	1	0	1	1	0	0	1	0	1	0
chr4.6455759.6455938	pos	1	1	0	1	1	0	0	1	0	1	0
chr4.7942383.7942583	pos	1	1	1	1	1	1	0	1	0	0	1
chr4.8458822.8459574	pos	0	1	0	1	1	1	0	1	0	0	1
chr4.10256767.10256873	pos	0	0	1	0	1	1	0	0	0	0	1
chr4.11334206.11334762	pos	0	0	1	0	1	1	0	1	0	0	1
chr4.11524569.11524698	pos	1	1	0	1	1	1	0	1	0	1	0
chr4.13901087.13901435	pos	1	1	0	1	1	1	0	1	0	0	0
chr4.14082901.14083002	pos	1	1	0	1	1	1	1	1	1	1	1
chr4.14783851.14784295	pos	0	1	0	0	0	0	1	0	0	0	0
chr4.16018914.16019086	pos	1	1	0	1	1	1	0	1	0	1	1
chr4.16853765.16853837	pos	1	1	1	1	1	1	1	1	1	0	1
chr4.18032310.18033708	pos	0	1	0	0	1	1	0	1	0	0	1
chr4.18509219.18509320	pos	1	1	0	1	1	1	1	1	0	0	1
chr4.19992058.19992537	pos	1	1	0	1	1	0	0	1	0	1	0
chr4.20766194.20766647	pos	1	1	0	1	1	0	0	1	0	0	1
chr4.21854435.21854559	pos	1	1	1	1	1	1	0	1	1	1	0
chr4.23040031.23041030	pos	1	1	1	0	1	1	0	0	0	0	1
chr4.23953978.23954108	pos	1	1	0	1	1	1	0	0	0	0	1
chr4.24571931.24572208	pos	1	1	0	1	1	1	0	1	0	0	1
chr4.24615951.24616745	pos	0	1	0	0	1	1	0	1	0	0	1
chr5.2821447.2821541	pos	1	1	0	1	1	1	1	0	1	0	0
chr5.3171976.3172243	pos	1	1	1	0	1	1	0	1	0	1	0
chr5.3503617.3503688	pos	0	1	1	1	1	1	1	0	0	0	1
chr5.4209442.4209705	pos	1	1	0	1	1	1	0	1	0	0	0
chr5.4230077.4230155	pos	1	1	0	1	1	1	1	1	0	0	1
chr5.4487648.4487857	pos	1	1	0	0	1	0	0	0	0	1	0
chr5.5041139.5041296	pos	1	1	0	0	1	1	0	1	0	1	0
chr5.5055069.5055133	pos	1	1	1	1	1	0	0	0	0	1	0
chr5.5063508.5063573	pos	1	1	1	0	1	0	0	0	0	1	0
chr5.5067664.5067729	pos	1	1	1	1	1	1	0	1	0	1	0
chr5.5083877.5083977	pos	1	1	1	1	1	1	0	1	0	1	0
chr5.5124492.5124642	pos	1	1	0	1	1	0	0	1	0	1	0
chr5.5622114.5622183	pos	0	1	1	0	1	1	0	0	0	0	1
chr5.6147075.6147593	pos	1	1	0	1	1	1	0	1	0	1	0
chr5.6392268.6392820	pos	1	1	0	1	1	1	1	1	0	1	1
chr5.6396283.6396971	pos	1	1	1	1	1	1	0	1	0	1	0
chr5.7076760.7077110	pos	1	1	0	1	1	1	0	1	1	0	0
chr5.7331558.7331859	pos	1	1	0	1	1	0	0	1	0	1	0
chr5.7475782.7475944	pos	0	1	1	1	1	1	0	1	0	0	0
chr5.8305558.8305730	pos	0	1	0	1	1	1	0	1	0	0	1
chr5.8750309.8750617	pos	0	1	0	1	1	1	0	1	0	0	1
chr5.10589866.10590475	pos	1	1	0	1	1	0	1	1	1	0	1
chr5.11715451.11715534	pos	1	1	0	0	0	0	0	0	0	0	0
chr5.12403040.12403144	pos	0	1	1	0	1	1	0	1	0	0	1
chr5.12617473.12617560	pos	1	1	0	1	1	0	0	1	0	1	0
chr5.12869537.12869669	pos	1	1	0	1	1	0	0	1	0	1	0
chr5.12869754.12870037	pos	1	1	0	1	1	0	0	1	0	1	0
chr5.13524088.13524380	pos	1	1	0	1	1	0	0	1	0	1	0
chr5.14333865.14333976	pos	1	1	0	1	1	0	1	1	0	1	0
chr5.14495023.14495087	pos	0	1	0	1	1	1	0	1	0	0	1
chr5.14774196.14774337	pos	1	1	0	0	1	1	0	1	0	0	0
chr5.15253202.15253342	pos	1	1	0	0	1	0	0	0	0	0	1
chr5.15929554.15929640	pos	1	1	0	0	1	0	0	0	0	1	0
chr5.16069148.16069266	pos	1	1	0	0	1	0	0	0	0	0	0
chr5.16296382.16296529	pos	1	1	0	0	1	0	0	0	0	1	0
chr5.16588352.16588472	pos	0	1	0	1	1	1	1	1	0	0	1
chr5.18363930.18364017	pos	0	1	1	0	0	0	0	0	0	0	0
chr5.19415994.19416375	pos	1	1	0	1	1	1	0	0	0	0	1
chr5.19581706.19582103	pos	1	1	0	1	1	1	0	1	0	0	0
chr5.19862947.19863151	pos	0	1	1	1	1	1	1	1	1	0	1
chr5.20433258.20433841	pos	1	1	0	0	1	1	0	0	0	1	0
chr5.20634844.20635263	pos	1	1	0	0	1	1	0	1	0	0	1
chr5.21157145.21158219	pos	1	1	1	1	1	1	1	1	0	1	0
chr5.21601017.21601106	pos	1	1	0	1	1	1	0	1	0	0	0
chr5.22635033.22635209	pos	1	1	0	0	1	1	0	0	0	0	0
chr5.22711932.22712434	pos	1	1	1	1	1	1	0	1	0	0	1
chr5.24660605.24660709	pos	0	1	0	1	1	1	0	1	0	0	1
chr6.2244278.2244454	pos	0	1	0	1	1	1	0	1	0	0	1
chr6.2244562.2244631	pos	0	1	0	1	1	1	0	1	0	0	1
chr6.2389216.2389319	pos	0	0	0	0	1	1	0	0	0	0	1
chr6.3856079.3856698	pos	0	1	0	0	0	1	1	0	0	0	1
chr6.5283300.5283816	pos	1	1	0	0	1	1	0	1	0	0	1
chr6.6197260.6197331	pos	1	1	0	1	1	1	0	1	0	0	1
chr6.6519551.6519910	pos	1	1	0	0	1	1	0	1	0	0	1
chr6.10631868.10632038	pos	1	1	0	0	1	1	0	1	0	0	1
chr6.11326501.11326685	pos	1	1	0	0	1	1	1	1	1	0	0
chr6.14132486.14132600	pos	0	1	1	1	1	1	0	1	0	0	1
chr6.15379531.15379663	pos	1	1	0	1	1	0	0	1	0	1	0
chr6.15732411.15733062	pos	1	1	0	1	1	1	0	1	0	0	1
chr6.16885238.16885631	pos	1	1	0	1	1	1	0	1	0	0	1
chr6.17650900.17651000	pos	0	1	0	1	1	1	0	1	0	0	1
chr6.20049912.20050099	pos	1	1	0	1	1	1	0	1	0	1	0
chr6.20577341.20578266	pos	0	1	0	1	1	0	1	1	0	0	0
chr6.21848247.21848772	pos	1	1	0	1	1	0	0	1	0	0	0
chr6.22035497.22035729	pos	1	1	0	1	1	0	0	1	0	0	0
chr7.741463.741925	pos	0	1	0	0	1	1	1	1	1	0	1
chr7.1046246.1046344	pos	1	1	0	1	1	0	0	1	0	1	0
chr7.1870124.1870253	pos	0	1	1	1	1	1	1	1	0	0	1
chr7.2033444.2034399	pos	1	1	0	1	1	0	1	1	1	1	0
chr7.4090326.4090462	pos	0	1	0	0	0	1	1	0	0	0	0
chr7.4464570.4464839	pos	1	1	0	1	1	1	0	1	0	0	1
chr7.4972029.4972620	pos	1	1	0	1	1	1	0	1	0	0	1
chr7.5056449.5056940	pos	0	1	0	0	1	1	1	1	0	0	1
chr7.5491549.5491834	pos	1	1	0	0	1	1	0	1	0	0	1
chr7.7312173.7312382	pos	1	1	1	1	1	1	0	1	0	0	0
chr7.7427142.7427295	pos	1	1	0	1	1	1	0	1	0	0	0
chr7.7455525.7455605	pos	0	0	0	0	1	1	0	0	0	0	1
chr7.9396642.9396712	pos	1	1	0	0	1	0	0	0	0	1	0
chr7.9490309.9490379	pos	1	1	1	0	1	1	0	1	0	1	0
chr7.10234556.10234661	pos	1	1	1	1	1	0	0	1	0	1	0
chr7.10419964.10420347	pos	1	1	0	0	1	0	0	0	0	0	0
chr7.11463396.11463460	pos	1	1	0	0	1	1	1	1	0	0	1
chr7.12300176.12300247	pos	1	1	0	1	1	1	0	1	1	0	0
chr7.13458530.13459162	pos	0	1	1	1	1	1	0	1	0	0	1
chr7.15813302.15813768	pos	0	1	0	1	1	1	0	1	0	0	1
chr7.16145822.16146412	pos	0	1	1	0	1	1	0	1	0	0	1
chr7.16659491.16660332	pos	1	1	0	1	1	1	0	1	0	1	0
chr7.17101798.17101935	pos	0	1	1	1	1	1	0	1	1	0	1
chr7.17102275.17102415	pos	0	1	1	1	1	1	0	1	1	0	1
chr7.17131956.17132454	pos	0	1	0	1	1	1	0	1	0	0	1
chr7.18532506.18532682	pos	1	1	0	1	1	1	0	1	0	0	1
chr7.18877661.18877882	pos	1	0	0	0	1	1	0	1	0	0	0
chr7.19093312.19093431	pos	0	1	0	0	0	0	0	1	0	0	0
chr7.21430414.21430619	pos	1	1	1	1	1	1	0	1	0	0	0
chr7.21949468.21950218	pos	0	1	0	0	1	1	1	1	0	0	1
chr8.1508559.1508821	pos	1	1	0	1	1	1	0	1	0	1	1
chr8.1795265.1795433	pos	1	1	0	0	1	1	0	1	0	0	0
chr8.2440930.2441115	pos	1	1	0	1	1	0	0	1	0	0	1
chr8.2881523.2881655	pos	1	1	1	0	1	1	0	1	0	1	0
chr8.3120437.3120852	pos	1	1	0	1	1	0	0	0	0	1	0
chr8.3178907.3179068	pos	0	0	0	0	1	1	0	0	0	0	1
chr8.4098522.4099193	pos	0	1	0	0	1	1	0	0	0	0	1
chr8.4697543.4697631	pos	1	1	0	1	1	1	0	1	0	1	0
chr8.5129756.5130042	pos	1	1	0	1	1	1	0	1	0	1	0
chr8.5808306.5808381	pos	1	1	0	1	1	1	0	1	1	0	0
chr8.5808460.5808579	pos	1	1	0	1	1	1	1	1	1	0	0
chr8.5814097.5814910	pos	1	1	0	0	1	1	0	0	0	0	0
chr8.7410491.7410676	pos	0	1	0	1	1	1	0	1	0	0	1
chr8.7990778.7991287	pos	1	1	1	1	1	1	0	1	0	1	0
chr8.8315790.8316417	pos	1	1	0	0	1	0	0	0	0	1	0
chr8.10321896.10321977	pos	1	1	0	1	1	1	0	1	0	1	0
chr8.10438709.10438951	pos	1	1	1	0	1	0	0	1	0	1	0
chr8.11156929.11157045	pos	0	1	0	1	1	0	0	1	0	1	0
chr8.11176610.11177569	pos	1	1	0	1	1	0	0	1	0	1	0
chr8.11681215.11681374	pos	1	1	0	1	1	0	0	1	1	0	0
chr8.13657781.13658148	pos	1	1	1	0	1	1	0	1	0	0	1
chr8.15275339.15275693	pos	1	1	0	1	1	0	0	0	0	1	0
chr8.15704446.15704591	pos	1	1	1	1	1	1	0	1	1	1	1
chr8.17033405.17033927	pos	0	1	0	1	0	0	1	0	0	0	0
chr8.17891541.17891942	pos	1	1	0	1	1	1	0	1	0	0	0
chr8.18747975.18748192	pos	1	1	0	1	1	0	0	0	0	1	0
chr8.18839187.18839289	pos	1	1	0	1	1	0	0	1	0	0	0
chr8.19142574.19142680	pos	0	1	0	0	1	1	0	1	0	0	1
chrV.4099617.4099695	pos	0	1	0	1	1	0	0	1	1	0	1
unplaced-scaffold_145.8801.9224	pos	1	1	1	1	1	1	1	1	1	1	1
chr1.158500.159000	neg	0	0	0	0	0	0	0	0	0	0	0
chr1.159000.159500	neg	0	0	0	0	0	0	0	0	0	0	0
chr1.498000.498500	neg	0	0	0	0	0	0	0	0	0	0	0
chr1.1747500.1748000	neg	0	0	0	0	0	0	0	0	0	0	0
chr1.2031000.2031500	neg	0	0	0	0	0	0	0	0	0	0	0
chr1.3952500.3953000	neg	0	0	0	0	0	0	0	0	0	0	0
chr1.4317000.4317500	neg	0	0	0	0	0	0	0	0	0	0	0
chr1.6790000.6790500	neg	0	0	0	0	0	0	0	0	0	0	0
chr1.7056000.7056500	neg	0	0	0	0	0	0	0	0	0	0	0
chr1.9125000.9125500	neg	0	0	0	0	0	0	0	0	0	0	0
chr1.11378500.11379000	neg	0	0	0	0	0	0	0	0	0	0	0
chr1.11668000.11668500	neg	0	0	0	0	0	0	0	0	0	0	0
chr1.13424500.13425000	neg	0	0	0	0	0	0	0	0	0	0	0
chr1.13727000.13727500	neg	0	0	0	0	0	0	0	0	0	0	0
chr1.13940000.13940500	neg	0	0	0	0	0	0	0	0	0	0	0
chr1.14651000.14651500	neg	0	0	0	0	0	0	0	0	0	0	0
chr1.15503000.15503500	neg	0	0	0	0	0	0	0	0	0	0	0
chr1.15507500.15508000	neg	0	0	0	0	0	0	0	0	0	0	0
chr1.16077500.16078000	neg	0	0	0	0	0	0	0	0	0	0	0
chr1.17265500.17266000	neg	0	0	0	0	0	0	0	0	0	0	0
chr1.17833500.17834000	neg	0	0	0	0	0	0	0	0	0	0	0
chr1.18590000.18590500	neg	0	0	0	0	0	0	0	0	0	0	0
chr1.21224000.21224500	neg	0	0	0	0	0	0	0	0	0	0	0
chr1.21252500.21253000	neg	0	0	0	0	0	0	0	0	0	0	0
chr1.21377500.21378000	neg	0	0	0	0	0	0	0	0	0	0	0
chr1.21522000.21522500	neg	0	0	0	0	0	0	0	0	0	0	0
chr1.24070500.24071000	neg	0	0	0	0	0	0	0	0	0	0	0
chr1.24249500.24250000	neg	0	0	0	0	0	0	0	0	0	0	0
chr1.25651500.25652000	neg	0	0	0	0	0	0	0	0	0	0	0
chr1.25753000.25753500	neg	0	0	0	0	0	0	0	0	0	0	0
chr1.25778000.25778500	neg	0	0	0	0	0	0	0	0	0	0	0
chr1.26123500.26124000	neg	0	0	0	0	0	0	0	0	0	0	0
chr1.26237500.26238000	neg	0	0	0	0	0	0	0	0	0	0	0
chr1.28400500.28401000	neg	0	0	0	0	0	0	0	0	0	0	0
chr1.29101500.29102000	neg	0	0	0	0	0	0	0	0	0	0	0
chr1.30137000.30137500	neg	0	0	0	0	0	0	0	0	0	0	0
chr2.664500.665000	neg	0	0	0	0	0	0	0	0	0	0	0
chr2.933500.934000	neg	0	0	0	0	0	0	0	0	0	0	0
chr2.1574000.1574500	neg	0	0	0	0	0	0	0	0	0	0	0
chr2.2602500.2603000	neg	0	0	0	0	0	0	0	0	0	0	0
chr2.3213500.3214000	neg	0	0	0	0	0	0	0	0	0	0	0
chr2.3608500.3609000	neg	0	0	0	0	0	0	0	0	0	0	0
chr2.4608500.4609000	neg	0	0	0	0	0	0	0	0	0	0	0
chr2.5052000.5052500	neg	0	0	0	0	0	0	0	0	0	0	0
chr2.6750500.6751000	neg	0	0	0	0	0	0	0	0	0	0	0
chr2.6765000.6765500	neg	0	0	0	0	0	0	0	0	0	0	0
chr2.6798500.6799000	neg	0	0	0	0	0	0	0	0	0	0	0
chr2.6908000.6908500	neg	0	0	0	0	0	0	0	0	0	0	0
chr2.7088500.7089000	neg	0	0	0	0	0	0	0	0	0	0	0
chr2.7779000.7779500	neg	0	0	0	0	0	0	0	0	0	0	0
chr2.9183500.9184000	neg	0	0	0	0	0	0	0	0	0	0	0
chr2.10251000.10251500	neg	0	0	0	0	0	0	0	0	0	0	0
chr2.16768500.16769000	neg	0	0	0	0	0	0	0	0	0	0	0
chr2.17749000.17749500	neg	0	0	0	0	0	0	0	0	0	0	0
chr2.18001500.18002000	neg	0	0	0	0	0	0	0	0	0	0	0
chr2.18120000.18120500	neg	0	0	0	0	0	0	0	0	0	0	0
chr2.18998500.18999000	neg	0	0	0	0	0	0	0	0	0	0	0
chr2.19563000.19563500	neg	0	0	0	0	0	0	0	0	0	0	0
chr2.19663000.19663500	neg	0	0	0	0	0	0	0	0	0	0	0
chr2.20005000.20005500	neg	0	0	0	0	0	0	0	0	0	0	0
chr2.20240000.20240500	neg	0	0	0	0	0	0	0	0	0	0	0
chr2.22537000.22537500	neg	0	0	0	0	0	0	0	0	0	0	0
chr2.23816000.23816500	neg	0	0	0	0	0	0	0	0	0	0	0
chr2.24134500.24135000	neg	0	0	0	0	0	0	0	0	0	0	0
chr2.24516500.24517000	neg	0	0	0	0	0	0	0	0	0	0	0
chr2.26422500.26423000	neg	0	0	0	0	0	0	0	0	0	0	0
chr2.27070000.27070500	neg	0	0	0	0	0	0	0	0	0	0	0
chr2.27889500.27890000	neg	0	0	0	0	0	0	0	0	0	0	0
chr2.28760000.28760500	neg	0	0	0	0	0	0	0	0	0	0	0
chr2.29263000.29263500	neg	0	0	0	0	0	0	0	0	0	0	0
chr3.734500.735000	neg	0	0	0	0	0	0	0	0	0	0	0
chr3.1470500.1471000	neg	0	0	0	0	0	0	0	0	0	0	0
chr3.2839000.2839500	neg	0	0	0	0	0	0	0	0	0	0	0
chr3.2872500.2873000	neg	0	0	0	0	0	0	0	0	0	0	0
chr3.2913000.2913500	neg	0	0	0	0	0	0	0	0	0	0	0
chr3.4025000.4025500	neg	0	0	0	0	0	0	0	0	0	0	0
chr3.4385500.4386000	neg	0	0	0	0	0	0	0	0	0	0	0
chr3.4907000.4907500	neg	0	0	0	0	0	0	0	0	0	0	0
chr3.5285500.5286000	neg	0	0	0	0	0	0	0	0	0	0	0
chr3.5330000.5330500	neg	0	0	0	0	0	0	0	0	0	0	0
chr3.6046000.6046500	neg	0	0	0	0	0	0	0	0	0	0	0
chr3.6924000.6924500	neg	0	0	0	0	0	0	0	0	0	0	0
chr3.8120000.8120500	neg	0	0	0	0	0	0	0	0	0	0	0
chr3.8831500.8832000	neg	0	0	0	0	0	0	0	0	0	0	0
chr3.9021000.9021500	neg	0	0	0	0	0	0	0	0	0	0	0
chr3.9951000.9951500	neg	0	0	0	0	0	0	0	0	0	0	0
chr3.10123000.10123500	neg	0	0	0	0	0	0	0	0	0	0	0
chr3.11831500.11832000	neg	0	0	0	0	0	0	0	0	0	0	0
chr3.13512000.13512500	neg	0	0	0	0	0	0	0	0	0	0	0
chr3.13711000.13711500	neg	0	0	0	0	0	0	0	0	0	0	0
chr3.14460000.14460500	neg	0	0	0	0	0	0	0	0	0	0	0
chr3.14562500.14563000	neg	0	0	0	0	0	0	0	0	0	0	0
chr3.16143500.16144000	neg	0	0	0	0	0	0	0	0	0	0	0
chr3.16814000.16814500	neg	0	0	0	0	0	0	0	0	0	0	0
chr3.17110000.17110500	neg	0	0	0	0	0	0	0	0	0	0	0
chr3.17114500.17115000	neg	0	0	0	0	0	0	0	0	0	0	0
chr3.17157500.17158000	neg	0	0	0	0	0	0	0	0	0	0	0
chr3.18654000.18654500	neg	0	0	0	0	0	0	0	0	0	0	0
chr3.19163500.19164000	neg	0	0	0	0	0	0	0	0	0	0	0
chr3.20625000.20625500	neg	0	0	0	0	0	0	0	0	0	0	0
chr3.20640500.20641000	neg	0	0	0	0	0	0	0	0	0	0	0
chr3.23009000.23009500	neg	0	0	0	0	0	0	0	0	0	0	0
chr3.24814000.24814500	neg	0	0	0	0	0	0	0	0	0	0	0
chr3.24854000.24854500	neg	0	0	0	0	0	0	0	0	0	0	0
chr3.25097500.25098000	neg	0	0	0	0	0	0	0	0	0	0	0
chr3.25282500.25283000	neg	0	0	0	0	0	0	0	0	0	0	0
chr3.25283500.25284000	neg	0	0	0	0	0	0	0	0	0	0	0
chr3.25663000.25663500	neg	0	0	0	0	0	0	0	0	0	0	0
chr3.26151000.26151500	neg	0	0	0	0	0	0	0	0	0	0	0
chr4.1309500.1310000	neg	0	0	0	0	0	0	0	0	0	0	0
chr4.2342000.2342500	neg	0	0	0	0	0	0	0	0	0	0	0
chr4.2537000.2537500	neg	0	0	0	0	0	0	0	0	0	0	0
chr4.2641500.2642000	neg	0	0	0	0	0	0	0	0	0	0	0
chr4.3219500.3220000	neg	0	0	0	0	0	0	0	0	0	0	0
chr4.4065500.4066000	neg	0	0	0	0	0	0	0	0	0	0	0
chr4.5498500.5499000	neg	0	0	0	0	0	0	0	0	0	0	0
chr4.8215500.8216000	neg	0	0	0	0	0	0	0	0	0	0	0
chr4.8549500.8550000	neg	0	0	0	0	0	0	0	0	0	0	0
chr4.8821500.8822000	neg	0	0	0	0	0	0	0	0	0	0	0
chr4.11185500.11186000	neg	0	0	0	0	0	0	0	0	0	0	0
chr4.11944000.11944500	neg	0	0	0	0	0	0	0	0	0	0	0
chr4.12350000.12350500	neg	0	0	0	0	0	0	0	0	0	0	0
chr4.14188000.14188500	neg	0	0	0	0	0	0	0	0	0	0	0
chr4.15431000.15431500	neg	0	0	0	0	0	0	0	0	0	0	0
chr4.15946500.15947000	neg	0	0	0	0	0	0	0	0	0	0	0
chr4.16008500.16009000	neg	0	0	0	0	0	0	0	0	0	0	0
chr4.16310000.16310500	neg	0	0	0	0	0	0	0	0	0	0	0
chr4.18216000.18216500	neg	0	0	0	0	0	0	0	0	0	0	0
chr4.20592500.20593000	neg	0	0	0	0	0	0	0	0	0	0	0
chr4.22881500.22882000	neg	0	0	0	0	0	0	0	0	0	0	0
chr4.25548500.25549000	neg	0	0	0	0	0	0	0	0	0	0	0
chr5.1818500.1819000	neg	0	0	0	0	0	0	0	0	0	0	0
chr5.2103000.2103500	neg	0	0	0	0	0	0	0	0	0	0	0
chr5.3464500.3465000	neg	0	0	0	0	0	0	0	0	0	0	0
chr5.3741000.3741500	neg	0	0	0	0	0	0	0	0	0	0	0
chr5.4996500.4997000	neg	0	0	0	0	0	0	0	0	0	0	0
chr5.5339500.5340000	neg	0	0	0	0	0	0	0	0	0	0	0
chr5.5365000.5365500	neg	0	0	0	0	0	0	0	0	0	0	0
chr5.5434500.5435000	neg	0	0	0	0	0	0	0	0	0	0	0
chr5.6899500.6900000	neg	0	0	0	0	0	0	0	0	0	0	0
chr5.6960000.6960500	neg	0	0	0	0	0	0	0	0	0	0	0
chr5.7160000.7160500	neg	0	0	0	0	0	0	0	0	0	0	0
chr5.7362500.7363000	neg	0	0	0	0	0	0	0	0	0	0	0
chr5.7755000.7755500	neg	0	0	0	0	0	0	0	0	0	0	0
chr5.8667500.8668000	neg	0	0	0	0	0	0	0	0	0	0	0
chr5.9202000.9202500	neg	0	0	0	0	0	0	0	0	0	0	0
chr5.9418000.9418500	neg	0	0	0	0	0	0	0	0	0	0	0
chr5.9777000.9777500	neg	0	0	0	0	0	0	0	0	0	0	0
chr5.10167000.10167500	neg	0	0	0	0	0	0	0	0	0	0	0
chr5.10654000.10654500	neg	0	0	0	0	0	0	0	0	0	0	0
chr5.10926000.10926500	neg	0	0	0	0	0	0	0	0	0	0	0
chr5.11014500.11015000	neg	0	0	0	0	0	0	0	0	0	0	0
chr5.11997000.11997500	neg	0	0	0	0	0	0	0	0	0	0	0
chr5.12818000.12818500	neg	0	0	0	0	0	0	0	0	0	0	0
chr5.14486000.14486500	neg	0	0	0	0	0	0	0	0	0	0	0
chr5.15761500.15762000	neg	0	0	0	0	0	0	0	0	0	0	0
chr5.17311000.17311500	neg	0	0	0	0	0	0	0	0	0	0	0
chr5.17593500.17594000	neg	0	0	0	0	0	0	0	0	0	0	0
chr5.18330000.18330500	neg	0	0	0	0	0	0	0	0	0	0	0
chr5.18909500.18910000	neg	0	0	0	0	0	0	0	0	0	0	0
chr5.20275500.20276000	neg	0	0	0	0	0	0	0	0	0	0	0
chr5.20574000.20574500	neg	0	0	0	0	0	0	0	0	0	0	0
chr5.23289000.23289500	neg	0	0	0	0	0	0	0	0	0	0	0
chr5.23697500.23698000	neg	0	0	0	0	0	0	0	0	0	0	0
chr5.24430500.24431000	neg	0	0	0	0	0	0	0	0	0	0	0
chr5.24702500.24703000	neg	0	0	0	0	0	0	0	0	0	0	0
chr5.24894500.24895000	neg	0	0	0	0	0	0	0	0	0	0	0
chr5.25894500.25895000	neg	0	0	0	0	0	0	0	0	0	0	0
chr6.1247000.1247500	neg	0	0	0	0	0	0	0	0	0	0	0
chr6.2292000.2292500	neg	0	0	0	0	0	0	0	0	0	0	0
chr6.2798500.2799000	neg	0	0	0	0	0	0	0	0	0	0	0
chr6.3397500.3398000	neg	0	0	0	0	0	0	0	0	0	0	0
chr6.3583500.3584000	neg	0	0	0	0	0	0	0	0	0	0	0
chr6.3632500.3633000	neg	0	0	0	0	0	0	0	0	0	0	0
chr6.3670500.3671000	neg	0	0	0	0	0	0	0	0	0	0	0
chr6.4008000.4008500	neg	0	0	0	0	0	0	0	0	0	0	0
chr6.4391000.4391500	neg	0	0	0	0	0	0	0	0	0	0	0
chr6.6008500.6009000	neg	0	0	0	0	0	0	0	0	0	0	0
chr6.6521500.6522000	neg	0	0	0	0	0	0	0	0	0	0	0
chr6.6679500.6680000	neg	0	0	0	0	0	0	0	0	0	0	0
chr6.9466000.9466500	neg	0	0	0	0	0	0	0	0	0	0	0
chr6.9923000.9923500	neg	0	0	0	0	0	0	0	0	0	0	0
chr6.11022500.11023000	neg	0	0	0	0	0	0	0	0	0	0	0
chr6.12024000.12024500	neg	0	0	0	0	0	0	0	0	0	0	0
chr6.12152000.12152500	neg	0	0	0	0	0	0	0	0	0	0	0
chr6.12182000.12182500	neg	0	0	0	0	0	0	0	0	0	0	0
chr6.12911000.12911500	neg	0	0	0	0	0	0	0	0	0	0	0
chr6.14233000.14233500	neg	0	0	0	0	0	0	0	0	0	0	0
chr6.15614500.15615000	neg	0	0	0	0	0	0	0	0	0	0	0
chr6.15718500.15719000	neg	0	0	0	0	0	0	0	0	0	0	0
chr6.16247000.16247500	neg	0	0	0	0	0	0	0	0	0	0	0
chr6.16680000.16680500	neg	0	0	0	0	0	0	0	0	0	0	0
chr6.17425000.17425500	neg	0	0	0	0	0	0	0	0	0	0	0
chr6.18193000.18193500	neg	0	0	0	0	0	0	0	0	0	0	0
chr6.18747500.18748000	neg	0	0	0	0	0	0	0	0	0	0	0
chr6.19369500.19370000	neg	0	0	0	0	0	0	0	0	0	0	0
chr6.19640000.19640500	neg	0	0	0	0	0	0	0	0	0	0	0
chr6.22088000.22088500	neg	0	0	0	0	0	0	0	0	0	0	0
chr6.22439000.22439500	neg	0	0	0	0	0	0	0	0	0	0	0
chr6.23085500.23086000	neg	0	0	0	0	0	0	0	0	0	0	0
chr6.23119000.23119500	neg	0	0	0	0	0	0	0	0	0	0	0
chr6.23576000.23576500	neg	0	0	0	0	0	0	0	0	0	0	0
chr7.3739000.3739500	neg	0	0	0	0	0	0	0	0	0	0	0
chr7.5123500.5124000	neg	0	0	0	0	0	0	0	0	0	0	0
chr7.5503000.5503500	neg	0	0	0	0	0	0	0	0	0	0	0
chr7.5664500.5665000	neg	0	0	0	0	0	0	0	0	0	0	0
chr7.6132500.6133000	neg	0	0	0	0	0	0	0	0	0	0	0
chr7.6569500.6570000	neg	0	0	0	0	0	0	0	0	0	0	0
chr7.7814500.7815000	neg	0	0	0	0	0	0	0	0	0	0	0
chr7.8010500.8011000	neg	0	0	0	0	0	0	0	0	0	0	0
chr7.9285000.9285500	neg	0	0	0	0	0	0	0	0	0	0	0
chr7.9775000.9775500	neg	0	0	0	0	0	0	0	0	0	0	0
chr7.12054500.12055000	neg	0	0	0	0	0	0	0	0	0	0	0
chr7.12195000.12195500	neg	0	0	0	0	0	0	0	0	0	0	0
chr7.15050000.15050500	neg	0	0	0	0	0	0	0	0	0	0	0
chr7.15273000.15273500	neg	0	0	0	0	0	0	0	0	0	0	0
chr7.18781500.18782000	neg	0	0	0	0	0	0	0	0	0	0	0
chr7.19869500.19870000	neg	0	0	0	0	0	0	0	0	0	0	0
chr7.21737500.21738000	neg	0	0	0	0	0	0	0	0	0	0	0
chr8.344500.345000	neg	0	0	0	0	0	0	0	0	0	0	0
chr8.2720000.2720500	neg	0	0	0	0	0	0	0	0	0	0	0
chr8.3387000.3387500	neg	0	0	0	0	0	0	0	0	0	0	0
chr8.3735000.3735500	neg	0	0	0	0	0	0	0	0	0	0	0
chr8.4431500.4432000	neg	0	0	0	0	0	0	0	0	0	0	0
chr8.5863000.5863500	neg	0	0	0	0	0	0	0	0	0	0	0
chr8.7341500.7342000	neg	0	0	0	0	0	0	0	0	0	0	0
chr8.7561000.7561500	neg	0	0	0	0	0	0	0	0	0	0	0
chr8.10221500.10222000	neg	0	0	0	0	0	0	0	0	0	0	0
chr8.10282000.10282500	neg	0	0	0	0	0	0	0	0	0	0	0
chr8.10358500.10359000	neg	0	0	0	0	0	0	0	0	0	0	0
chr8.11355500.11356000	neg	0	0	0	0	0	0	0	0	0	0	0
chr8.11433500.11434000	neg	0	0	0	0	0	0	0	0	0	0	0
chr8.11755000.11755500	neg	0	0	0	0	0	0	0	0	0	0	0
chr8.12321500.12322000	neg	0	0	0	0	0	0	0	0	0	0	0
chr8.12652500.12653000	neg	0	0	0	0	0	0	0	0	0	0	0
chr8.13320000.13320500	neg	0	0	0	0	0	0	0	0	0	0	0
chr8.13332000.13332500	neg	0	0	0	0	0	0	0	0	0	0	0
chr8.16874000.16874500	neg	0	0	0	0	0	0	0	0	0	0	0
chr8.18624500.18625000	neg	0	0	0	0	0	0	0	0	0	0	0
chr8.18700500.18701000	neg	0	0	0	0	0	0	0	0	0	0	0
chr8.21080500.21081000	neg	0	0	0	0	0	0	0	0	0	0	0
chrU.875000.875500	neg	0	0	0	0	0	0	0	0	0	0	0
chrU.1758000.1758500	neg	0	0	0	0	0	0	0	0	0	0	0
chrU.2104000.2104500	neg	0	0	0	0	0	0	0	0	0	0	0
chrU.3334000.3334500	neg	0	0	0	0	0	0	0	0	0	0	0
unplaced-scaffold_104.13000.13500	neg	0	0	0	0	0	0	0	0	0	0	0
unplaced-scaffold_325.1000.1500	neg	0	0	0	0	0	0	0	0	0	0	0
unplaced-scaffold_330.5000.5500	neg	0	0	0	0	0	0	0	0	0	0	0
unplaced-scaffold_441.2000.2203	neg	0	0	0	0	0	0	0	0	0	0	0
