peak	Class	H2Aub	H2AZ	H3	H3K4me1	H3K4me3	H3K9ac	H3K9me1	H3K14ac	H3K27me1	H3K27me3	H3K36me3
chr1.1448744.1448975	pos	0	1	0	1	1	1	0	1	0	0	1
chr1.1565723.1566255	pos	1	1	1	0	1	1	0	0	0	1	0
chr1.1607364.1607544	pos	0	0	0	1	0	0	0	1	0	0	1
chr1.1793735.1794263	pos	0	1	1	1	1	1	0	1	0	0	1
chr1.1796227.1796542	pos	0	0	0	0	1	1	0	0	0	0	1
chr1.2271196.2271554	pos	1	1	0	0	1	1	0	1	0	0	1
chr1.4278030.4278243	pos	1	1	0	0	1	0	0	0	0	0	0
chr1.5301679.5301982	pos	1	1	0	0	1	1	0	1	0	0	0
chr1.5317747.5317873	pos	1	1	0	0	1	1	1	0	0	0	1
chr1.7367130.7367555	pos	1	1	1	1	1	1	0	1	0	0	1
chr1.8185762.8185948	pos	0	1	0	0	1	1	0	1	0	0	1
chr1.9836150.9836214	pos	1	1	0	0	1	1	0	0	0	0	1
chr1.9985295.9985899	pos	1	1	0	1	1	1	0	1	0	0	1
chr1.10006224.10006608	pos	0	1	0	0	1	1	0	1	0	0	1
chr1.10451895.10452007	pos	1	1	0	0	1	1	0	1	0	0	1
chr1.11178951.11179621	pos	1	1	0	0	1	1	0	1	0	0	1
chr1.11737083.11737716	pos	1	1	0	0	1	1	0	0	0	0	1
chr1.11796445.11796687	pos	1	1	0	1	1	1	0	1	0	0	1
chr1.15933723.15934326	pos	1	1	0	0	1	1	0	1	0	0	1
chr1.20426813.20427361	pos	0	1	0	1	1	1	0	1	0	0	1
chr1.22090942.22091310	pos	1	1	0	0	1	0	0	0	0	0	0
chr1.23062390.23062976	pos	1	1	0	1	1	1	0	0	0	0	0
chr1.23535182.23535691	pos	1	1	0	0	1	1	0	1	0	1	1
chr1.24435264.24435373	pos	1	1	0	0	1	1	0	1	0	0	0
chr1.25112498.25112663	pos	1	1	0	1	1	0	0	1	0	1	0
chr1.25928464.25928556	pos	1	1	0	1	1	1	0	1	1	0	0
chr1.25984500.25984887	pos	1	0	0	0	1	0	0	0	0	0	0
chr1.27902675.27902898	pos	1	1	0	1	1	1	0	1	0	1	0
chr1.28219149.28219289	pos	1	1	0	1	1	1	0	1	0	0	0
chr1.28348944.28349784	pos	0	1	0	1	1	1	0	1	0	0	1
chr1.28970887.28971370	pos	0	1	0	1	1	1	1	1	0	1	1
chr1.30313392.30313513	pos	0	1	0	0	1	1	0	0	0	0	1
chr2.722986.723053	pos	1	1	0	1	1	1	1	1	1	1	1
chr2.736728.737603	pos	1	1	0	1	1	1	1	1	1	0	1
chr2.804539.804603	pos	1	1	0	1	1	0	0	1	1	0	0
chr2.1667738.1668116	pos	1	1	1	1	1	1	0	1	0	0	1
chr2.2555090.2555189	pos	1	1	1	1	1	0	0	1	0	1	0
chr2.3411640.3411937	pos	0	0	0	0	1	1	0	1	0	0	1
chr2.4623879.4624618	pos	1	1	0	0	1	1	0	1	0	0	0
chr2.4627788.4628252	pos	1	1	0	1	1	1	0	1	0	0	0
chr2.4870110.4870235	pos	1	1	0	0	1	0	0	0	0	0	0
chr2.5121808.5121940	pos	1	1	0	1	1	1	0	1	0	0	1
chr2.5353955.5354238	pos	1	1	0	0	1	1	0	1	0	0	0
chr2.5410630.5410897	pos	1	1	0	1	1	1	0	1	0	1	0
chr2.5462349.5462986	pos	1	1	0	0	1	1	0	1	0	0	1
chr2.5996641.5996993	pos	1	1	0	1	1	1	1	1	1	1	1
chr2.7845206.7845275	pos	0	1	0	0	1	1	0	1	0	0	1
chr2.8467604.8468304	pos	1	1	1	1	1	1	0	1	0	0	1
chr2.9627383.9627465	pos	1	1	0	0	1	0	0	1	0	0	0
chr2.10765378.10765654	pos	0	1	0	1	1	1	0	1	0	0	1
chr2.12118579.12119137	pos	1	1	0	0	1	1	0	1	0	0	1
chr2.12327687.12328122	pos	1	1	0	1	1	1	0	1	0	0	1
chr2.13176661.13176993	pos	1	1	0	1	1	1	0	1	0	0	1
chr2.16759706.16759813	pos	1	0	0	0	1	1	0	1	0	0	1
chr2.17170369.17171203	pos	1	1	0	1	1	1	0	1	0	0	1
chr2.17473325.17473677	pos	1	1	0	0	1	1	0	1	0	0	1
chr2.17605248.17605356	pos	1	1	0	1	1	1	0	1	0	0	1
chr2.17630570.17631025	pos	1	1	0	1	1	1	0	1	0	1	0
chr2.17803998.17804170	pos	1	1	1	0	1	0	0	0	0	1	0
chr2.18345181.18345574	pos	1	1	0	0	1	0	1	1	0	1	0
chr2.18599773.18600982	pos	0	1	0	0	1	1	0	1	0	0	1
chr2.20896025.20896385	pos	1	1	0	0	1	0	0	0	0	1	0
chr2.22811671.22811744	pos	0	0	0	0	0	0	0	0	0	0	1
chr2.22876763.22876850	pos	0	1	1	0	0	1	0	1	0	0	0
chr2.23102449.23102529	pos	1	1	0	1	1	0	0	1	0	1	0
chr2.23102703.23103077	pos	1	1	0	1	1	1	0	1	0	1	0
chr2.23161608.23162517	pos	1	1	0	1	1	1	0	1	0	1	1
chr2.23204629.23205220	pos	1	1	0	1	1	1	0	1	0	0	0
chr2.24812046.24812179	pos	1	1	0	1	1	0	0	1	1	0	1
chr2.25491463.25491560	pos	0	1	0	1	1	0	1	1	1	0	1
chr2.25963176.25963915	pos	1	1	0	1	1	1	0	1	0	0	1
chr2.25980251.25980329	pos	1	1	1	1	1	1	1	1	1	0	0
chr2.29099853.29100204	pos	1	0	0	0	1	1	0	0	0	0	0
chr3.578527.579060	pos	0	1	0	1	1	1	0	1	0	0	1
chr3.1463583.1463780	pos	0	1	0	1	1	1	1	1	1	0	1
chr3.1622826.1622966	pos	0	0	0	0	1	1	0	1	0	0	1
chr3.1762796.1763059	pos	1	1	0	0	1	1	0	1	0	0	1
chr3.1871966.1872278	pos	1	1	0	0	1	1	0	0	0	1	0
chr3.5080975.5081067	pos	1	1	0	1	1	1	1	1	0	1	0
chr3.6418589.6419653	pos	1	1	0	1	1	1	0	1	0	1	0
chr3.6717889.6717981	pos	0	0	0	0	0	0	0	0	0	0	0
chr3.6745756.6746365	pos	1	1	0	1	1	1	0	1	0	1	1
chr3.10014851.10016012	pos	1	1	0	1	1	1	0	1	0	1	0
chr3.12171331.12171575	pos	1	1	0	1	1	0	0	0	0	1	0
chr3.12218291.12220010	pos	1	1	0	0	1	1	0	1	0	1	0
chr3.13103314.13103403	pos	1	1	1	1	1	1	0	1	1	0	0
chr3.13197176.13197458	pos	1	1	0	1	1	0	0	0	0	1	0
chr3.13635568.13636117	pos	0	1	0	1	1	1	0	1	0	0	1
chr3.13673286.13673386	pos	0	1	0	1	1	1	1	0	1	1	0
chr3.13836093.13836216	pos	1	1	1	1	1	1	0	1	0	1	0
chr3.15123983.15124157	pos	1	1	0	0	1	0	0	0	0	0	0
chr3.16771726.16772407	pos	1	1	0	1	1	1	0	1	0	0	0
chr3.16773620.16773913	pos	1	1	0	1	1	1	0	1	1	0	0
chr3.21072276.21072427	pos	1	1	0	0	1	1	0	1	0	1	0
chr3.21248989.21249158	pos	1	1	1	0	1	1	0	1	0	1	0
chr3.22699816.22699903	pos	0	1	0	1	1	1	0	1	0	0	1
chr3.23545828.23545924	pos	0	0	1	0	0	0	1	0	1	0	0
chr4.593803.594051	pos	1	1	0	1	1	0	0	0	0	1	0
chr4.2534645.2534712	pos	1	1	1	1	1	0	0	1	0	0	0
chr4.3260516.3261082	pos	1	1	1	1	1	0	0	1	0	0	0
chr4.3541633.3542508	pos	1	1	0	0	1	1	0	0	0	0	1
chr4.3652622.3652803	pos	0	1	0	0	1	0	0	0	0	1	0
chr4.4273458.4273967	pos	0	1	0	1	1	1	0	1	0	0	1
chr4.5409755.5410335	pos	1	1	0	1	1	0	0	1	0	1	0
chr4.6455759.6455938	pos	1	1	0	1	1	0	0	1	0	1	0
chr4.7942383.7942583	pos	1	1	1	1	1	1	0	1	0	0	1
chr4.8458822.8459574	pos	0	1	0	1	1	1	0	1	0	0	1
chr4.10256767.10256873	pos	0	0	1	0	1	1	0	0	0	0	1
chr4.11334206.11334762	pos	0	0	1	0	1	1	0	1	0	0	1
chr4.11524569.11524698	pos	1	1	0	1	1	1	0	1	0	1	0
chr4.13901087.13901435	pos	1	1	0	1	1	1	0	1	0	0	0
chr4.14082901.14083002	pos	1	1	0	1	1	1	1	1	1	1	1
chr4.14783851.14784295	pos	0	1	0	0	0	0	1	0	0	0	0
chr4.16018914.16019086	pos	1	1	0	1	1	1	0	1	0	1	1
chr4.16853765.16853837	pos	1	1	1	1	1	1	1	1	1	0	1
chr4.18032310.18033708	pos	0	1	0	0	1	1	0	1	0	0	1
chr4.18509219.18509320	pos	1	1	0	1	1	1	1	1	0	0	1
chr4.19992058.19992537	pos	1	1	0	1	1	0	0	1	0	1	0
chr4.20766194.20766647	pos	1	1	0	1	1	0	0	1	0	0	1
chr4.21854435.21854559	pos	1	1	1	1	1	1	0	1	1	1	0
chr4.23040031.23041030	pos	1	1	1	0	1	1	0	0	0	0	1
chr4.23953978.23954108	pos	1	1	0	1	1	1	0	0	0	0	1
chr4.24571931.24572208	pos	1	1	0	1	1	1	0	1	0	0	1
chr4.24615951.24616745	pos	0	1	0	0	1	1	0	1	0	0	1
chr5.2821447.2821541	pos	1	1	0	1	1	1	1	0	1	0	0
chr5.3171976.3172243	pos	1	1	1	0	1	1	0	1	0	1	0
chr5.3503617.3503688	pos	0	1	1	1	1	1	1	0	0	0	1
chr5.4209442.4209705	pos	1	1	0	1	1	1	0	1	0	0	0
chr5.4230077.4230155	pos	1	1	0	1	1	1	1	1	0	0	1
chr5.4487648.4487857	pos	1	1	0	0	1	0	0	0	0	1	0
chr5.5041139.5041296	pos	1	1	0	0	1	1	0	1	0	1	0
chr5.5055069.5055133	pos	1	1	1	1	1	0	0	0	0	1	0
chr5.5063508.5063573	pos	1	1	1	0	1	0	0	0	0	1	0
chr5.5067664.5067729	pos	1	1	1	1	1	1	0	1	0	1	0
chr5.5083877.5083977	pos	1	1	1	1	1	1	0	1	0	1	0
chr5.5124492.5124642	pos	1	1	0	1	1	0	0	1	0	1	0
chr5.5622114.5622183	pos	0	1	1	0	1	1	0	0	0	0	1
chr5.6147075.6147593	pos	1	1	0	1	1	1	0	1	0	1	0
chr5.6392268.6392820	pos	1	1	0	1	1	1	1	1	0	1	1
chr5.6396283.6396971	pos	1	1	1	1	1	1	0	1	0	1	0
chr5.7076760.7077110	pos	1	1	0	1	1	1	0	1	1	0	0
chr5.7331558.7331859	pos	1	1	0	1	1	0	0	1	0	1	0
chr5.7475782.7475944	pos	0	1	1	1	1	1	0	1	0	0	0
chr5.8305558.8305730	pos	0	1	0	1	1	1	0	1	0	0	1
chr5.8750309.8750617	pos	0	1	0	1	1	1	0	1	0	0	1
chr5.10589866.10590475	pos	1	1	0	1	1	0	1	1	1	0	1
chr5.11715451.11715534	pos	1	1	0	0	0	0	0	0	0	0	0
chr5.12403040.12403144	pos	0	1	1	0	1	1	0	1	0	0	1
chr5.12617473.12617560	pos	1	1	0	1	1	0	0	1	0	1	0
chr5.12869537.12869669	pos	1	1	0	1	1	0	0	1	0	1	0
chr5.12869754.12870037	pos	1	1	0	1	1	0	0	1	0	1	0
chr5.13524088.13524380	pos	1	1	0	1	1	0	0	1	0	1	0
chr5.14333865.14333976	pos	1	1	0	1	1	0	1	1	0	1	0
chr5.14495023.14495087	pos	0	1	0	1	1	1	0	1	0	0	1
chr5.14774196.14774337	pos	1	1	0	0	1	1	0	1	0	0	0
chr5.15253202.15253342	pos	1	1	0	0	1	0	0	0	0	0	1
chr5.15929554.15929640	pos	1	1	0	0	1	0	0	0	0	1	0
chr5.16069148.16069266	pos	1	1	0	0	1	0	0	0	0	0	0
chr5.16296382.16296529	pos	1	1	0	0	1	0	0	0	0	1	0
chr5.16588352.16588472	pos	0	1	0	1	1	1	1	1	0	0	1
chr5.18363930.18364017	pos	0	1	1	0	0	0	0	0	0	0	0
chr5.19415994.19416375	pos	1	1	0	1	1	1	0	0	0	0	1
chr5.19581706.19582103	pos	1	1	0	1	1	1	0	1	0	0	0
chr5.19862947.19863151	pos	0	1	1	1	1	1	1	1	1	0	1
chr5.20433258.20433841	pos	1	1	0	0	1	1	0	0	0	1	0
chr5.20634844.20635263	pos	1	1	0	0	1	1	0	1	0	0	1
chr5.21157145.21158219	pos	1	1	1	1	1	1	1	1	0	1	0
chr5.21601017.21601106	pos	1	1	0	1	1	1	0	1	0	0	0
chr5.22635033.22635209	pos	1	1	0	0	1	1	0	0	0	0	0
chr5.22711932.22712434	pos	1	1	1	1	1	1	0	1	0	0	1
chr5.24660605.24660709	pos	0	1	0	1	1	1	0	1	0	0	1
chr6.2244278.2244454	pos	0	1	0	1	1	1	0	1	0	0	1
chr6.2244562.2244631	pos	0	1	0	1	1	1	0	1	0	0	1
chr6.2389216.2389319	pos	0	0	0	0	1	1	0	0	0	0	1
chr6.3856079.3856698	pos	0	1	0	0	0	1	1	0	0	0	1
chr6.5283300.5283816	pos	1	1	0	0	1	1	0	1	0	0	1
chr6.6197260.6197331	pos	1	1	0	1	1	1	0	1	0	0	1
chr6.6519551.6519910	pos	1	1	0	0	1	1	0	1	0	0	1
chr6.10631868.10632038	pos	1	1	0	0	1	1	0	1	0	0	1
chr6.11326501.11326685	pos	1	1	0	0	1	1	1	1	1	0	0
chr6.14132486.14132600	pos	0	1	1	1	1	1	0	1	0	0	1
chr6.15379531.15379663	pos	1	1	0	1	1	0	0	1	0	1	0
chr6.15732411.15733062	pos	1	1	0	1	1	1	0	1	0	0	1
chr6.16885238.16885631	pos	1	1	0	1	1	1	0	1	0	0	1
chr6.17650900.17651000	pos	0	1	0	1	1	1	0	1	0	0	1
chr6.20049912.20050099	pos	1	1	0	1	1	1	0	1	0	1	0
chr6.20577341.20578266	pos	0	1	0	1	1	0	1	1	0	0	0
chr6.21848247.21848772	pos	1	1	0	1	1	0	0	1	0	0	0
chr6.22035497.22035729	pos	1	1	0	1	1	0	0	1	0	0	0
chr7.741463.741925	pos	0	1	0	0	1	1	1	1	1	0	1
chr7.1046246.1046344	pos	1	1	0	1	1	0	0	1	0	1	0
chr7.1870124.1870253	pos	0	1	1	1	1	1	1	1	0	0	1
chr7.2033444.2034399	pos	1	1	0	1	1	0	1	1	1	1	0
chr7.4090326.4090462	pos	0	1	0	0	0	1	1	0	0	0	0
chr7.4464570.4464839	pos	1	1	0	1	1	1	0	1	0	0	1
chr7.4972029.4972620	pos	1	1	0	1	1	1	0	1	0	0	1
chr7.5056449.5056940	pos	0	1	0	0	1	1	1	1	0	0	1
chr7.5491549.5491834	pos	1	1	0	0	1	1	0	1	0	0	1
chr7.7312173.7312382	pos	1	1	1	1	1	1	0	1	0	0	0
chr7.7427142.7427295	pos	1	1	0	1	1	1	0	1	0	0	0
chr7.7455525.7455605	pos	0	0	0	0	1	1	0	0	0	0	1
chr7.9396642.9396712	pos	1	1	0	0	1	0	0	0	0	1	0
chr7.9490309.9490379	pos	1	1	1	0	1	1	0	1	0	1	0
chr7.10234556.10234661	pos	1	1	1	1	1	0	0	1	0	1	0
chr7.10419964.10420347	pos	1	1	0	0	1	0	0	0	0	0	0
chr7.11463396.11463460	pos	1	1	0	0	1	1	1	1	0	0	1
chr7.12300176.12300247	pos	1	1	0	1	1	1	0	1	1	0	0
chr7.13458530.13459162	pos	0	1	1	1	1	1	0	1	0	0	1
chr7.15813302.15813768	pos	0	1	0	1	1	1	0	1	0	0	1
chr7.16145822.16146412	pos	0	1	1	0	1	1	0	1	0	0	1
chr7.16659491.16660332	pos	1	1	0	1	1	1	0	1	0	1	0
chr7.17101798.17101935	pos	0	1	1	1	1	1	0	1	1	0	1
chr7.17102275.17102415	pos	0	1	1	1	1	1	0	1	1	0	1
chr7.17131956.17132454	pos	0	1	0	1	1	1	0	1	0	0	1
chr7.18532506.18532682	pos	1	1	0	1	1	1	0	1	0	0	1
chr7.18877661.18877882	pos	1	0	0	0	1	1	0	1	0	0	0
chr7.19093312.19093431	pos	0	1	0	0	0	0	0	1	0	0	0
chr7.21430414.21430619	pos	1	1	1	1	1	1	0	1	0	0	0
chr7.21949468.21950218	pos	0	1	0	0	1	1	1	1	0	0	1
chr8.1508559.1508821	pos	1	1	0	1	1	1	0	1	0	1	1
chr8.1795265.1795433	pos	1	1	0	0	1	1	0	1	0	0	0
chr8.2440930.2441115	pos	1	1	0	1	1	0	0	1	0	0	1
chr8.2881523.2881655	pos	1	1	1	0	1	1	0	1	0	1	0
chr8.3120437.3120852	pos	1	1	0	1	1	0	0	0	0	1	0
chr8.3178907.3179068	pos	0	0	0	0	1	1	0	0	0	0	1
chr8.4098522.4099193	pos	0	1	0	0	1	1	0	0	0	0	1
chr8.4697543.4697631	pos	1	1	0	1	1	1	0	1	0	1	0
chr8.5129756.5130042	pos	1	1	0	1	1	1	0	1	0	1	0
chr8.5808306.5808381	pos	1	1	0	1	1	1	0	1	1	0	0
chr8.5808460.5808579	pos	1	1	0	1	1	1	1	1	1	0	0
chr8.5814097.5814910	pos	1	1	0	0	1	1	0	0	0	0	0
chr8.7410491.7410676	pos	0	1	0	1	1	1	0	1	0	0	1
chr8.7990778.7991287	pos	1	1	1	1	1	1	0	1	0	1	0
chr8.8315790.8316417	pos	1	1	0	0	1	0	0	0	0	1	0
chr8.10321896.10321977	pos	1	1	0	1	1	1	0	1	0	1	0
chr8.10438709.10438951	pos	1	1	1	0	1	0	0	1	0	1	0
chr8.11156929.11157045	pos	0	1	0	1	1	0	0	1	0	1	0
chr8.11176610.11177569	pos	1	1	0	1	1	0	0	1	0	1	0
chr8.11681215.11681374	pos	1	1	0	1	1	0	0	1	1	0	0
chr8.13657781.13658148	pos	1	1	1	0	1	1	0	1	0	0	1
chr8.15275339.15275693	pos	1	1	0	1	1	0	0	0	0	1	0
chr8.15704446.15704591	pos	1	1	1	1	1	1	0	1	1	1	1
chr8.17033405.17033927	pos	0	1	0	1	0	0	1	0	0	0	0
chr8.17891541.17891942	pos	1	1	0	1	1	1	0	1	0	0	0
chr8.18747975.18748192	pos	1	1	0	1	1	0	0	0	0	1	0
chr8.18839187.18839289	pos	1	1	0	1	1	0	0	1	0	0	0
chr8.19142574.19142680	pos	0	1	0	0	1	1	0	1	0	0	1
chrV.4099617.4099695	pos	0	1	0	1	1	0	0	1	1	0	1
unplaced-scaffold_145.8801.9224	pos	1	1	1	1	1	1	1	1	1	1	1
chr1.1808500.1809000	neg	0	0	0	0	0	0	0	0	0	0	0
chr1.2520500.2521000	neg	0	0	0	0	0	0	0	0	0	0	0
chr1.6546000.6546500	neg	0	0	0	0	0	0	0	0	0	0	0
chr1.7301500.7302000	neg	0	0	0	0	0	0	0	0	0	0	0
chr1.7863000.7863500	neg	0	0	0	0	0	0	0	0	0	0	0
chr1.7893000.7893500	neg	0	0	0	0	0	0	0	0	0	0	0
chr1.8192500.8193000	neg	0	0	0	0	0	0	0	0	0	0	0
chr1.8964500.8965000	neg	0	0	0	0	0	0	0	0	0	0	0
chr1.9135000.9135500	neg	0	0	0	0	0	0	0	0	0	0	0
chr1.10441000.10441500	neg	0	0	0	0	0	0	0	0	0	0	0
chr1.11297500.11298000	neg	0	0	0	0	0	0	0	0	0	0	0
chr1.12282500.12283000	neg	0	0	0	0	0	0	0	0	0	0	0
chr1.12582000.12582500	neg	0	0	0	0	0	0	0	0	0	0	0
chr1.13117000.13117500	neg	0	0	0	0	0	0	0	0	0	0	0
chr1.13409000.13409500	neg	0	0	0	0	0	0	0	0	0	0	0
chr1.13504000.13504500	neg	0	0	0	0	0	0	0	0	0	0	0
chr1.14866000.14866500	neg	0	0	0	0	0	0	0	0	0	0	0
chr1.15666500.15667000	neg	0	0	0	0	0	0	0	0	0	0	0
chr1.15973500.15974000	neg	0	0	0	0	0	0	0	0	0	0	0
chr1.16366500.16367000	neg	0	0	0	0	0	0	0	0	0	0	0
chr1.17346000.17346500	neg	0	0	0	0	0	0	0	0	0	0	0
chr1.18590000.18590500	neg	0	0	0	0	0	0	0	0	0	0	0
chr1.21183000.21183500	neg	0	0	0	0	0	0	0	0	0	0	0
chr1.22080500.22081000	neg	0	0	0	0	0	0	0	0	0	0	0
chr1.22105000.22105500	neg	0	0	0	0	0	0	0	0	0	0	0
chr1.22601000.22601500	neg	0	0	0	0	0	0	0	0	0	0	0
chr1.23160000.23160500	neg	0	0	0	0	0	0	0	0	0	0	0
chr1.24071500.24072000	neg	0	0	0	0	0	0	0	0	0	0	0
chr1.24117000.24117500	neg	0	0	0	0	0	0	0	0	0	0	0
chr1.25807000.25807500	neg	0	0	0	0	0	0	0	0	0	0	0
chr1.27389500.27390000	neg	0	0	0	0	0	0	0	0	0	0	0
chr1.28456000.28456500	neg	0	0	0	0	0	0	0	0	0	0	0
chr1.28557000.28557500	neg	0	0	0	0	0	0	0	0	0	0	0
chr1.28659500.28660000	neg	0	0	0	0	0	0	0	0	0	0	0
chr2.875000.875500	neg	0	0	0	0	0	0	0	0	0	0	0
chr2.1370500.1371000	neg	0	0	0	0	0	0	0	0	0	0	0
chr2.3151000.3151500	neg	0	0	0	0	0	0	0	0	0	0	0
chr2.3232000.3232500	neg	0	0	0	0	0	0	0	0	0	0	0
chr2.3569500.3570000	neg	0	0	0	0	0	0	0	0	0	0	0
chr2.3829500.3830000	neg	0	0	0	0	0	0	0	0	0	0	0
chr2.4358000.4358500	neg	0	0	0	0	0	0	0	0	0	0	0
chr2.6564500.6565000	neg	0	0	0	0	0	0	0	0	0	0	0
chr2.7810500.7811000	neg	0	0	0	0	0	0	0	0	0	0	0
chr2.10251500.10252000	neg	0	0	0	0	0	0	0	0	0	0	0
chr2.10605000.10605500	neg	0	0	0	0	0	0	0	0	0	0	0
chr2.10941000.10941500	neg	0	0	0	0	0	0	0	0	0	0	0
chr2.11037500.11038000	neg	0	0	0	0	0	0	0	0	0	0	0
chr2.11264500.11265000	neg	0	0	0	0	0	0	0	0	0	0	0
chr2.13092500.13093000	neg	0	0	0	0	0	0	0	0	0	0	0
chr2.14585500.14586000	neg	0	0	0	0	0	0	0	0	0	0	0
chr2.15485000.15485500	neg	0	0	0	0	0	0	0	0	0	0	0
chr2.15949000.15949500	neg	0	0	0	0	0	0	0	0	0	0	0
chr2.17266500.17267000	neg	0	0	0	0	0	0	0	0	0	0	0
chr2.17881500.17882000	neg	0	0	0	0	0	0	0	0	0	0	0
chr2.19037000.19037500	neg	0	0	0	0	0	0	0	0	0	0	0
chr2.20955000.20955500	neg	0	0	0	0	0	0	0	0	0	0	0
chr2.21292000.21292500	neg	0	0	0	0	0	0	0	0	0	0	0
chr2.21299000.21299500	neg	0	0	0	0	0	0	0	0	0	0	0
chr2.22156500.22157000	neg	0	0	0	0	0	0	0	0	0	0	0
chr2.23352500.23353000	neg	0	0	0	0	0	0	0	0	0	0	0
chr2.23714000.23714500	neg	0	0	0	0	0	0	0	0	0	0	0
chr2.24535500.24536000	neg	0	0	0	0	0	0	0	0	0	0	0
chr2.26547000.26547500	neg	0	0	0	0	0	0	0	0	0	0	0
chr2.27166500.27167000	neg	0	0	0	0	0	0	0	0	0	0	0
chr2.27971500.27972000	neg	0	0	0	0	0	0	0	0	0	0	0
chr3.581000.581500	neg	0	0	0	0	0	0	0	0	0	0	0
chr3.1884500.1885000	neg	0	0	0	0	0	0	0	0	0	0	0
chr3.2295500.2296000	neg	0	0	0	0	0	0	0	0	0	0	0
chr3.2754500.2755000	neg	0	0	0	0	0	0	0	0	0	0	0
chr3.2872000.2872500	neg	0	0	0	0	0	0	0	0	0	0	0
chr3.3310000.3310500	neg	0	0	0	0	0	0	0	0	0	0	0
chr3.3638000.3638500	neg	0	0	0	0	0	0	0	0	0	0	0
chr3.4024500.4025000	neg	0	0	0	0	0	0	0	0	0	0	0
chr3.4053000.4053500	neg	0	0	0	0	0	0	0	0	0	0	0
chr3.5915000.5915500	neg	0	0	0	0	0	0	0	0	0	0	0
chr3.9176500.9177000	neg	0	0	0	0	0	0	0	0	0	0	0
chr3.9344000.9344500	neg	0	0	0	0	0	0	0	0	0	0	0
chr3.9821500.9822000	neg	0	0	0	0	0	0	0	0	0	0	0
chr3.11024500.11025000	neg	0	0	0	0	0	0	0	0	0	0	0
chr3.11060500.11061000	neg	0	0	0	0	0	0	0	0	0	0	0
chr3.11883000.11883500	neg	0	0	0	0	0	0	0	0	0	0	0
chr3.13937500.13938000	neg	0	0	0	0	0	0	0	0	0	0	0
chr3.14871000.14871500	neg	0	0	0	0	0	0	0	0	0	0	0
chr3.15511500.15512000	neg	0	0	0	0	0	0	0	0	0	0	0
chr3.15924500.15925000	neg	0	0	0	0	0	0	0	0	0	0	0
chr3.16099000.16099500	neg	0	0	0	0	0	0	0	0	0	0	0
chr3.18220000.18220500	neg	0	0	0	0	0	0	0	0	0	0	0
chr3.19005500.19006000	neg	0	0	0	0	0	0	0	0	0	0	0
chr3.19051500.19052000	neg	0	0	0	0	0	0	0	0	0	0	0
chr3.19164500.19165000	neg	0	0	0	0	0	0	0	0	0	0	0
chr3.20422000.20422500	neg	0	0	0	0	0	0	0	0	0	0	0
chr3.20640500.20641000	neg	0	0	0	0	0	0	0	0	0	0	0
chr3.20935500.20936000	neg	0	0	0	0	0	0	0	0	0	0	0
chr3.23352000.23352500	neg	0	0	0	0	0	0	0	0	0	0	0
chr3.23584500.23585000	neg	0	0	0	0	0	0	0	0	0	0	0
chr3.25995500.25996000	neg	0	0	0	0	0	0	0	0	0	0	0
chr3.26976000.26976500	neg	0	0	0	0	0	0	0	0	0	0	0
chr3.27139000.27139500	neg	0	0	0	0	0	0	0	0	0	0	0
chr4.429000.429500	neg	0	0	0	0	0	0	0	0	0	0	0
chr4.698000.698500	neg	0	0	0	0	0	0	0	0	0	0	0
chr4.2307000.2307500	neg	0	0	0	0	0	0	0	0	0	0	0
chr4.2506000.2506500	neg	0	0	0	0	0	0	0	0	0	0	0
chr4.6745000.6745500	neg	0	0	0	0	0	0	0	0	0	0	0
chr4.6875000.6875500	neg	0	0	0	0	0	0	0	0	0	0	0
chr4.7980000.7980500	neg	0	0	0	0	0	0	0	0	0	0	0
chr4.9271000.9271500	neg	0	0	0	0	0	0	0	0	0	0	0
chr4.9718500.9719000	neg	0	0	0	0	0	0	0	0	0	0	0
chr4.9985500.9986000	neg	0	0	0	0	0	0	0	0	0	0	0
chr4.10127000.10127500	neg	0	0	0	0	0	0	0	0	0	0	0
chr4.10870000.10870500	neg	0	0	0	0	0	0	0	0	0	0	0
chr4.11748500.11749000	neg	0	0	0	0	0	0	0	0	0	0	0
chr4.11808500.11809000	neg	0	0	0	0	0	0	0	0	0	0	0
chr4.12350000.12350500	neg	0	0	0	0	0	0	0	0	0	0	0
chr4.12710000.12710500	neg	0	0	0	0	0	0	0	0	0	0	0
chr4.16433000.16433500	neg	0	0	0	0	0	0	0	0	0	0	0
chr4.16686000.16686500	neg	0	0	0	0	0	0	0	0	0	0	0
chr4.17166500.17167000	neg	0	0	0	0	0	0	0	0	0	0	0
chr4.17189500.17190000	neg	0	0	0	0	0	0	0	0	0	0	0
chr4.17951500.17952000	neg	0	0	0	0	0	0	0	0	0	0	0
chr4.19260000.19260500	neg	0	0	0	0	0	0	0	0	0	0	0
chr4.19676500.19677000	neg	0	0	0	0	0	0	0	0	0	0	0
chr4.19746000.19746500	neg	0	0	0	0	0	0	0	0	0	0	0
chr4.21151500.21152000	neg	0	0	0	0	0	0	0	0	0	0	0
chr4.22507500.22508000	neg	0	0	0	0	0	0	0	0	0	0	0
chr4.22874500.22875000	neg	0	0	0	0	0	0	0	0	0	0	0
chr4.23400000.23400500	neg	0	0	0	0	0	0	0	0	0	0	0
chr4.25058500.25059000	neg	0	0	0	0	0	0	0	0	0	0	0
chr4.25131500.25132000	neg	0	0	0	0	0	0	0	0	0	0	0
chr4.25573500.25574000	neg	0	0	0	0	0	0	0	0	0	0	0
chr4.26155500.26156000	neg	0	0	0	0	0	0	0	0	0	0	0
chr4.26928500.26929000	neg	0	0	0	0	0	0	0	0	0	0	0
chr5.120000.120500	neg	0	0	0	0	0	0	0	0	0	0	0
chr5.1073500.1074000	neg	0	0	0	0	0	0	0	0	0	0	0
chr5.3410000.3410500	neg	0	0	0	0	0	0	0	0	0	0	0
chr5.3428500.3429000	neg	0	0	0	0	0	0	0	0	0	0	0
chr5.3464500.3465000	neg	0	0	0	0	0	0	0	0	0	0	0
chr5.4489500.4490000	neg	0	0	0	0	0	0	0	0	0	0	0
chr5.6406000.6406500	neg	0	0	0	0	0	0	0	0	0	0	0
chr5.8027500.8028000	neg	0	0	0	0	0	0	0	0	0	0	0
chr5.8033500.8034000	neg	0	0	0	0	0	0	0	0	0	0	0
chr5.8826500.8827000	neg	0	0	0	0	0	0	0	0	0	0	0
chr5.9325000.9325500	neg	0	0	0	0	0	0	0	0	0	0	0
chr5.9482500.9483000	neg	0	0	0	0	0	0	0	0	0	0	0
chr5.10078500.10079000	neg	0	0	0	0	0	0	0	0	0	0	0
chr5.10199000.10199500	neg	0	0	0	0	0	0	0	0	0	0	0
chr5.10247500.10248000	neg	0	0	0	0	0	0	0	0	0	0	0
chr5.10345000.10345500	neg	0	0	0	0	0	0	0	0	0	0	0
chr5.14888000.14888500	neg	0	0	0	0	0	0	0	0	0	0	0
chr5.15130000.15130500	neg	0	0	0	0	0	0	0	0	0	0	0
chr5.16152500.16153000	neg	0	0	0	0	0	0	0	0	0	0	0
chr5.16847000.16847500	neg	0	0	0	0	0	0	0	0	0	0	0
chr5.18100500.18101000	neg	0	0	0	0	0	0	0	0	0	0	0
chr5.21858000.21858500	neg	0	0	0	0	0	0	0	0	0	0	0
chr5.23012500.23013000	neg	0	0	0	0	0	0	0	0	0	0	0
chr5.23040500.23041000	neg	0	0	0	0	0	0	0	0	0	0	0
chr5.24998000.24998500	neg	0	0	0	0	0	0	0	0	0	0	0
chr5.25467000.25467500	neg	0	0	0	0	0	0	0	0	0	0	0
chr5.26002000.26002500	neg	0	0	0	0	0	0	0	0	0	0	0
chr5.26171500.26172000	neg	0	0	0	0	0	0	0	0	0	0	0
chr5.26347000.26347500	neg	0	0	0	0	0	0	0	0	0	0	0
chr6.105000.105500	neg	0	0	0	0	0	0	0	0	0	0	0
chr6.204500.205000	neg	0	0	0	0	0	0	0	0	0	0	0
chr6.1878000.1878500	neg	0	0	0	0	0	0	0	0	0	0	0
chr6.3272500.3273000	neg	0	0	0	0	0	0	0	0	0	0	0
chr6.3388000.3388500	neg	0	0	0	0	0	0	0	0	0	0	0
chr6.3402500.3403000	neg	0	0	0	0	0	0	0	0	0	0	0
chr6.3992000.3992500	neg	0	0	0	0	0	0	0	0	0	0	0
chr6.5956000.5956500	neg	0	0	0	0	0	0	0	0	0	0	0
chr6.6684000.6684500	neg	0	0	0	0	0	0	0	0	0	0	0
chr6.9044000.9044500	neg	0	0	0	0	0	0	0	0	0	0	0
chr6.9201500.9202000	neg	0	0	0	0	0	0	0	0	0	0	0
chr6.9393000.9393500	neg	0	0	0	0	0	0	0	0	0	0	0
chr6.9810500.9811000	neg	0	0	0	0	0	0	0	0	0	0	0
chr6.10390500.10391000	neg	0	0	0	0	0	0	0	0	0	0	0
chr6.11210000.11210500	neg	0	0	0	0	0	0	0	0	0	0	0
chr6.11989000.11989500	neg	0	0	0	0	0	0	0	0	0	0	0
chr6.13242000.13242500	neg	0	0	0	0	0	0	0	0	0	0	0
chr6.14243000.14243500	neg	0	0	0	0	0	0	0	0	0	0	0
chr6.14866000.14866500	neg	0	0	0	0	0	0	0	0	0	0	0
chr6.16059000.16059500	neg	0	0	0	0	0	0	0	0	0	0	0
chr6.17015500.17016000	neg	0	0	0	0	0	0	0	0	0	0	0
chr6.18458500.18459000	neg	0	0	0	0	0	0	0	0	0	0	0
chr6.20341000.20341500	neg	0	0	0	0	0	0	0	0	0	0	0
chr6.20887000.20887500	neg	0	0	0	0	0	0	0	0	0	0	0
chr6.20903000.20903500	neg	0	0	0	0	0	0	0	0	0	0	0
chr6.21472000.21472500	neg	0	0	0	0	0	0	0	0	0	0	0
chr6.22859500.22860000	neg	0	0	0	0	0	0	0	0	0	0	0
chr6.23601000.23601500	neg	0	0	0	0	0	0	0	0	0	0	0
chr7.726000.726500	neg	0	0	0	0	0	0	0	0	0	0	0
chr7.1732000.1732500	neg	0	0	0	0	0	0	0	0	0	0	0
chr7.2335500.2336000	neg	0	0	0	0	0	0	0	0	0	0	0
chr7.4095500.4096000	neg	0	0	0	0	0	0	0	0	0	0	0
chr7.5465000.5465500	neg	0	0	0	0	0	0	0	0	0	0	0
chr7.6369000.6369500	neg	0	0	0	0	0	0	0	0	0	0	0
chr7.7278500.7279000	neg	0	0	0	0	0	0	0	0	0	0	0
chr7.7464500.7465000	neg	0	0	0	0	0	0	0	0	0	0	0
chr7.7541500.7542000	neg	0	0	0	0	0	0	0	0	0	0	0
chr7.7670000.7670500	neg	0	0	0	0	0	0	0	0	0	0	0
chr7.7865000.7865500	neg	0	0	0	0	0	0	0	0	0	0	0
chr7.8829000.8829500	neg	0	0	0	0	0	0	0	0	0	0	0
chr7.8922500.8923000	neg	0	0	0	0	0	0	0	0	0	0	0
chr7.9013000.9013500	neg	0	0	0	0	0	0	0	0	0	0	0
chr7.9167000.9167500	neg	0	0	0	0	0	0	0	0	0	0	0
chr7.10058000.10058500	neg	0	0	0	0	0	0	0	0	0	0	0
chr7.10351000.10351500	neg	0	0	0	0	0	0	0	0	0	0	0
chr7.10683000.10683500	neg	0	0	0	0	0	0	0	0	0	0	0
chr7.13054500.13055000	neg	0	0	0	0	0	0	0	0	0	0	0
chr7.13148500.13149000	neg	0	0	0	0	0	0	0	0	0	0	0
chr7.13506500.13507000	neg	0	0	0	0	0	0	0	0	0	0	0
chr7.13654500.13655000	neg	0	0	0	0	0	0	0	0	0	0	0
chr7.13883000.13883500	neg	0	0	0	0	0	0	0	0	0	0	0
chr7.14062000.14062500	neg	0	0	0	0	0	0	0	0	0	0	0
chr7.15657000.15657500	neg	0	0	0	0	0	0	0	0	0	0	0
chr7.15687500.15688000	neg	0	0	0	0	0	0	0	0	0	0	0
chr7.16168500.16169000	neg	0	0	0	0	0	0	0	0	0	0	0
chr7.16589000.16589500	neg	0	0	0	0	0	0	0	0	0	0	0
chr7.16799500.16800000	neg	0	0	0	0	0	0	0	0	0	0	0
chr7.17632500.17633000	neg	0	0	0	0	0	0	0	0	0	0	0
chr7.19563000.19563500	neg	0	0	0	0	0	0	0	0	0	0	0
chr7.19789500.19790000	neg	0	0	0	0	0	0	0	0	0	0	0
chr7.20248000.20248500	neg	0	0	0	0	0	0	0	0	0	0	0
chr7.20623000.20623500	neg	0	0	0	0	0	0	0	0	0	0	0
chr7.20774500.20775000	neg	0	0	0	0	0	0	0	0	0	0	0
chr7.20938000.20938500	neg	0	0	0	0	0	0	0	0	0	0	0
chr7.21417000.21417500	neg	0	0	0	0	0	0	0	0	0	0	0
chr8.29000.29500	neg	0	0	0	0	0	0	0	0	0	0	0
chr8.41500.42000	neg	0	0	0	0	0	0	0	0	0	0	0
chr8.568000.568500	neg	0	0	0	0	0	0	0	0	0	0	0
chr8.2310500.2311000	neg	0	0	0	0	0	0	0	0	0	0	0
chr8.3171500.3172000	neg	0	0	0	0	0	0	0	0	0	0	0
chr8.3412500.3413000	neg	0	0	0	0	0	0	0	0	0	0	0
chr8.3885000.3885500	neg	0	0	0	0	0	0	0	0	0	0	0
chr8.3924000.3924500	neg	0	0	0	0	0	0	0	0	0	0	0
chr8.4729500.4730000	neg	0	0	0	0	0	0	0	0	0	0	0
chr8.5231000.5231500	neg	0	0	0	0	0	0	0	0	0	0	0
chr8.9987000.9987500	neg	0	0	0	0	0	0	0	0	0	0	0
chr8.14724000.14724500	neg	0	0	0	0	0	0	0	0	0	0	0
chr8.15080000.15080500	neg	0	0	0	0	0	0	0	0	0	0	0
chr8.16092500.16093000	neg	0	0	0	0	0	0	0	0	0	0	0
chr8.16109000.16109500	neg	0	0	0	0	0	0	0	0	0	0	0
chr8.16848500.16849000	neg	0	0	0	0	0	0	0	0	0	0	0
chr8.18266000.18266500	neg	0	0	0	0	0	0	0	0	0	0	0
chr8.19707000.19707500	neg	0	0	0	0	0	0	0	0	0	0	0
chrV.5318000.5318500	neg	0	0	0	0	0	0	0	0	0	0	0
chrV.7178000.7178500	neg	0	0	0	0	0	0	0	0	0	0	0
chrV.7388500.7389000	neg	0	0	0	0	0	0	0	0	0	0	0
chrV.7502500.7503000	neg	0	0	0	0	0	0	0	0	0	0	0
unplaced-scaffold_274.5500.6000	neg	0	0	0	0	0	0	0	0	0	0	0
unplaced-scaffold_376.1000.1500	neg	0	0	0	0	0	0	0	0	0	0	0
