peak	Class	H2Aub	H2AZ	H3	H3K4me1	H3K4me3	H3K9ac	H3K9me1	H3K14ac	H3K27me1	H3K27me3	H3K36me3
chr1.1448744.1448975	pos	0	1	0	1	1	1	0	1	0	0	1
chr1.1565723.1566255	pos	1	1	1	0	1	1	0	0	0	1	0
chr1.1607364.1607544	pos	0	0	0	1	0	0	0	1	0	0	1
chr1.1793735.1794263	pos	0	1	1	1	1	1	0	1	0	0	1
chr1.1796227.1796542	pos	0	0	0	0	1	1	0	0	0	0	1
chr1.2271196.2271554	pos	1	1	0	0	1	1	0	1	0	0	1
chr1.4278030.4278243	pos	1	1	0	0	1	0	0	0	0	0	0
chr1.5301679.5301982	pos	1	1	0	0	1	1	0	1	0	0	0
chr1.5317747.5317873	pos	1	1	0	0	1	1	1	0	0	0	1
chr1.7367130.7367555	pos	1	1	1	1	1	1	0	1	0	0	1
chr1.8185762.8185948	pos	0	1	0	0	1	1	0	1	0	0	1
chr1.9836150.9836214	pos	1	1	0	0	1	1	0	0	0	0	1
chr1.9985295.9985899	pos	1	1	0	1	1	1	0	1	0	0	1
chr1.10006224.10006608	pos	0	1	0	0	1	1	0	1	0	0	1
chr1.10451895.10452007	pos	1	1	0	0	1	1	0	1	0	0	1
chr1.11178951.11179621	pos	1	1	0	0	1	1	0	1	0	0	1
chr1.11737083.11737716	pos	1	1	0	0	1	1	0	0	0	0	1
chr1.11796445.11796687	pos	1	1	0	1	1	1	0	1	0	0	1
chr1.15933723.15934326	pos	1	1	0	0	1	1	0	1	0	0	1
chr1.20426813.20427361	pos	0	1	0	1	1	1	0	1	0	0	1
chr1.22090942.22091310	pos	1	1	0	0	1	0	0	0	0	0	0
chr1.23062390.23062976	pos	1	1	0	1	1	1	0	0	0	0	0
chr1.23535182.23535691	pos	1	1	0	0	1	1	0	1	0	1	1
chr1.24435264.24435373	pos	1	1	0	0	1	1	0	1	0	0	0
chr1.25112498.25112663	pos	1	1	0	1	1	0	0	1	0	1	0
chr1.25928464.25928556	pos	1	1	0	1	1	1	0	1	1	0	0
chr1.25984500.25984887	pos	1	0	0	0	1	0	0	0	0	0	0
chr1.27902675.27902898	pos	1	1	0	1	1	1	0	1	0	1	0
chr1.28219149.28219289	pos	1	1	0	1	1	1	0	1	0	0	0
chr1.28348944.28349784	pos	0	1	0	1	1	1	0	1	0	0	1
chr1.28970887.28971370	pos	0	1	0	1	1	1	1	1	0	1	1
chr1.30313392.30313513	pos	0	1	0	0	1	1	0	0	0	0	1
chr2.722986.723053	pos	1	1	0	1	1	1	1	1	1	1	1
chr2.736728.737603	pos	1	1	0	1	1	1	1	1	1	0	1
chr2.804539.804603	pos	1	1	0	1	1	0	0	1	1	0	0
chr2.1667738.1668116	pos	1	1	1	1	1	1	0	1	0	0	1
chr2.2555090.2555189	pos	1	1	1	1	1	0	0	1	0	1	0
chr2.3411640.3411937	pos	0	0	0	0	1	1	0	1	0	0	1
chr2.4623879.4624618	pos	1	1	0	0	1	1	0	1	0	0	0
chr2.4627788.4628252	pos	1	1	0	1	1	1	0	1	0	0	0
chr2.4870110.4870235	pos	1	1	0	0	1	0	0	0	0	0	0
chr2.5121808.5121940	pos	1	1	0	1	1	1	0	1	0	0	1
chr2.5353955.5354238	pos	1	1	0	0	1	1	0	1	0	0	0
chr2.5410630.5410897	pos	1	1	0	1	1	1	0	1	0	1	0
chr2.5462349.5462986	pos	1	1	0	0	1	1	0	1	0	0	1
chr2.5996641.5996993	pos	1	1	0	1	1	1	1	1	1	1	1
chr2.7845206.7845275	pos	0	1	0	0	1	1	0	1	0	0	1
chr2.8467604.8468304	pos	1	1	1	1	1	1	0	1	0	0	1
chr2.9627383.9627465	pos	1	1	0	0	1	0	0	1	0	0	0
chr2.10765378.10765654	pos	0	1	0	1	1	1	0	1	0	0	1
chr2.12118579.12119137	pos	1	1	0	0	1	1	0	1	0	0	1
chr2.12327687.12328122	pos	1	1	0	1	1	1	0	1	0	0	1
chr2.13176661.13176993	pos	1	1	0	1	1	1	0	1	0	0	1
chr2.16759706.16759813	pos	1	0	0	0	1	1	0	1	0	0	1
chr2.17170369.17171203	pos	1	1	0	1	1	1	0	1	0	0	1
chr2.17473325.17473677	pos	1	1	0	0	1	1	0	1	0	0	1
chr2.17605248.17605356	pos	1	1	0	1	1	1	0	1	0	0	1
chr2.17630570.17631025	pos	1	1	0	1	1	1	0	1	0	1	0
chr2.17803998.17804170	pos	1	1	1	0	1	0	0	0	0	1	0
chr2.18345181.18345574	pos	1	1	0	0	1	0	1	1	0	1	0
chr2.18599773.18600982	pos	0	1	0	0	1	1	0	1	0	0	1
chr2.20896025.20896385	pos	1	1	0	0	1	0	0	0	0	1	0
chr2.22811671.22811744	pos	0	0	0	0	0	0	0	0	0	0	1
chr2.22876763.22876850	pos	0	1	1	0	0	1	0	1	0	0	0
chr2.23102449.23102529	pos	1	1	0	1	1	0	0	1	0	1	0
chr2.23102703.23103077	pos	1	1	0	1	1	1	0	1	0	1	0
chr2.23161608.23162517	pos	1	1	0	1	1	1	0	1	0	1	1
chr2.23204629.23205220	pos	1	1	0	1	1	1	0	1	0	0	0
chr2.24812046.24812179	pos	1	1	0	1	1	0	0	1	1	0	1
chr2.25491463.25491560	pos	0	1	0	1	1	0	1	1	1	0	1
chr2.25963176.25963915	pos	1	1	0	1	1	1	0	1	0	0	1
chr2.25980251.25980329	pos	1	1	1	1	1	1	1	1	1	0	0
chr2.29099853.29100204	pos	1	0	0	0	1	1	0	0	0	0	0
chr3.578527.579060	pos	0	1	0	1	1	1	0	1	0	0	1
chr3.1463583.1463780	pos	0	1	0	1	1	1	1	1	1	0	1
chr3.1622826.1622966	pos	0	0	0	0	1	1	0	1	0	0	1
chr3.1762796.1763059	pos	1	1	0	0	1	1	0	1	0	0	1
chr3.1871966.1872278	pos	1	1	0	0	1	1	0	0	0	1	0
chr3.5080975.5081067	pos	1	1	0	1	1	1	1	1	0	1	0
chr3.6418589.6419653	pos	1	1	0	1	1	1	0	1	0	1	0
chr3.6717889.6717981	pos	0	0	0	0	0	0	0	0	0	0	0
chr3.6745756.6746365	pos	1	1	0	1	1	1	0	1	0	1	1
chr3.10014851.10016012	pos	1	1	0	1	1	1	0	1	0	1	0
chr3.12171331.12171575	pos	1	1	0	1	1	0	0	0	0	1	0
chr3.12218291.12220010	pos	1	1	0	0	1	1	0	1	0	1	0
chr3.13103314.13103403	pos	1	1	1	1	1	1	0	1	1	0	0
chr3.13197176.13197458	pos	1	1	0	1	1	0	0	0	0	1	0
chr3.13635568.13636117	pos	0	1	0	1	1	1	0	1	0	0	1
chr3.13673286.13673386	pos	0	1	0	1	1	1	1	0	1	1	0
chr3.13836093.13836216	pos	1	1	1	1	1	1	0	1	0	1	0
chr3.15123983.15124157	pos	1	1	0	0	1	0	0	0	0	0	0
chr3.16771726.16772407	pos	1	1	0	1	1	1	0	1	0	0	0
chr3.16773620.16773913	pos	1	1	0	1	1	1	0	1	1	0	0
chr3.21072276.21072427	pos	1	1	0	0	1	1	0	1	0	1	0
chr3.21248989.21249158	pos	1	1	1	0	1	1	0	1	0	1	0
chr3.22699816.22699903	pos	0	1	0	1	1	1	0	1	0	0	1
chr3.23545828.23545924	pos	0	0	1	0	0	0	1	0	1	0	0
chr4.593803.594051	pos	1	1	0	1	1	0	0	0	0	1	0
chr4.2534645.2534712	pos	1	1	1	1	1	0	0	1	0	0	0
chr4.3260516.3261082	pos	1	1	1	1	1	0	0	1	0	0	0
chr4.3541633.3542508	pos	1	1	0	0	1	1	0	0	0	0	1
chr4.3652622.3652803	pos	0	1	0	0	1	0	0	0	0	1	0
chr4.4273458.4273967	pos	0	1	0	1	1	1	0	1	0	0	1
chr4.5409755.5410335	pos	1	1	0	1	1	0	0	1	0	1	0
chr4.6455759.6455938	pos	1	1	0	1	1	0	0	1	0	1	0
chr4.7942383.7942583	pos	1	1	1	1	1	1	0	1	0	0	1
chr4.8458822.8459574	pos	0	1	0	1	1	1	0	1	0	0	1
chr4.10256767.10256873	pos	0	0	1	0	1	1	0	0	0	0	1
chr4.11334206.11334762	pos	0	0	1	0	1	1	0	1	0	0	1
chr4.11524569.11524698	pos	1	1	0	1	1	1	0	1	0	1	0
chr4.13901087.13901435	pos	1	1	0	1	1	1	0	1	0	0	0
chr4.14082901.14083002	pos	1	1	0	1	1	1	1	1	1	1	1
chr4.14783851.14784295	pos	0	1	0	0	0	0	1	0	0	0	0
chr4.16018914.16019086	pos	1	1	0	1	1	1	0	1	0	1	1
chr4.16853765.16853837	pos	1	1	1	1	1	1	1	1	1	0	1
chr4.18032310.18033708	pos	0	1	0	0	1	1	0	1	0	0	1
chr4.18509219.18509320	pos	1	1	0	1	1	1	1	1	0	0	1
chr4.19992058.19992537	pos	1	1	0	1	1	0	0	1	0	1	0
chr4.20766194.20766647	pos	1	1	0	1	1	0	0	1	0	0	1
chr4.21854435.21854559	pos	1	1	1	1	1	1	0	1	1	1	0
chr4.23040031.23041030	pos	1	1	1	0	1	1	0	0	0	0	1
chr4.23953978.23954108	pos	1	1	0	1	1	1	0	0	0	0	1
chr4.24571931.24572208	pos	1	1	0	1	1	1	0	1	0	0	1
chr4.24615951.24616745	pos	0	1	0	0	1	1	0	1	0	0	1
chr5.2821447.2821541	pos	1	1	0	1	1	1	1	0	1	0	0
chr5.3171976.3172243	pos	1	1	1	0	1	1	0	1	0	1	0
chr5.3503617.3503688	pos	0	1	1	1	1	1	1	0	0	0	1
chr5.4209442.4209705	pos	1	1	0	1	1	1	0	1	0	0	0
chr5.4230077.4230155	pos	1	1	0	1	1	1	1	1	0	0	1
chr5.4487648.4487857	pos	1	1	0	0	1	0	0	0	0	1	0
chr5.5041139.5041296	pos	1	1	0	0	1	1	0	1	0	1	0
chr5.5055069.5055133	pos	1	1	1	1	1	0	0	0	0	1	0
chr5.5063508.5063573	pos	1	1	1	0	1	0	0	0	0	1	0
chr5.5067664.5067729	pos	1	1	1	1	1	1	0	1	0	1	0
chr5.5083877.5083977	pos	1	1	1	1	1	1	0	1	0	1	0
chr5.5124492.5124642	pos	1	1	0	1	1	0	0	1	0	1	0
chr5.5622114.5622183	pos	0	1	1	0	1	1	0	0	0	0	1
chr5.6147075.6147593	pos	1	1	0	1	1	1	0	1	0	1	0
chr5.6392268.6392820	pos	1	1	0	1	1	1	1	1	0	1	1
chr5.6396283.6396971	pos	1	1	1	1	1	1	0	1	0	1	0
chr5.7076760.7077110	pos	1	1	0	1	1	1	0	1	1	0	0
chr5.7331558.7331859	pos	1	1	0	1	1	0	0	1	0	1	0
chr5.7475782.7475944	pos	0	1	1	1	1	1	0	1	0	0	0
chr5.8305558.8305730	pos	0	1	0	1	1	1	0	1	0	0	1
chr5.8750309.8750617	pos	0	1	0	1	1	1	0	1	0	0	1
chr5.10589866.10590475	pos	1	1	0	1	1	0	1	1	1	0	1
chr5.11715451.11715534	pos	1	1	0	0	0	0	0	0	0	0	0
chr5.12403040.12403144	pos	0	1	1	0	1	1	0	1	0	0	1
chr5.12617473.12617560	pos	1	1	0	1	1	0	0	1	0	1	0
chr5.12869537.12869669	pos	1	1	0	1	1	0	0	1	0	1	0
chr5.12869754.12870037	pos	1	1	0	1	1	0	0	1	0	1	0
chr5.13524088.13524380	pos	1	1	0	1	1	0	0	1	0	1	0
chr5.14333865.14333976	pos	1	1	0	1	1	0	1	1	0	1	0
chr5.14495023.14495087	pos	0	1	0	1	1	1	0	1	0	0	1
chr5.14774196.14774337	pos	1	1	0	0	1	1	0	1	0	0	0
chr5.15253202.15253342	pos	1	1	0	0	1	0	0	0	0	0	1
chr5.15929554.15929640	pos	1	1	0	0	1	0	0	0	0	1	0
chr5.16069148.16069266	pos	1	1	0	0	1	0	0	0	0	0	0
chr5.16296382.16296529	pos	1	1	0	0	1	0	0	0	0	1	0
chr5.16588352.16588472	pos	0	1	0	1	1	1	1	1	0	0	1
chr5.18363930.18364017	pos	0	1	1	0	0	0	0	0	0	0	0
chr5.19415994.19416375	pos	1	1	0	1	1	1	0	0	0	0	1
chr5.19581706.19582103	pos	1	1	0	1	1	1	0	1	0	0	0
chr5.19862947.19863151	pos	0	1	1	1	1	1	1	1	1	0	1
chr5.20433258.20433841	pos	1	1	0	0	1	1	0	0	0	1	0
chr5.20634844.20635263	pos	1	1	0	0	1	1	0	1	0	0	1
chr5.21157145.21158219	pos	1	1	1	1	1	1	1	1	0	1	0
chr5.21601017.21601106	pos	1	1	0	1	1	1	0	1	0	0	0
chr5.22635033.22635209	pos	1	1	0	0	1	1	0	0	0	0	0
chr5.22711932.22712434	pos	1	1	1	1	1	1	0	1	0	0	1
chr5.24660605.24660709	pos	0	1	0	1	1	1	0	1	0	0	1
chr6.2244278.2244454	pos	0	1	0	1	1	1	0	1	0	0	1
chr6.2244562.2244631	pos	0	1	0	1	1	1	0	1	0	0	1
chr6.2389216.2389319	pos	0	0	0	0	1	1	0	0	0	0	1
chr6.3856079.3856698	pos	0	1	0	0	0	1	1	0	0	0	1
chr6.5283300.5283816	pos	1	1	0	0	1	1	0	1	0	0	1
chr6.6197260.6197331	pos	1	1	0	1	1	1	0	1	0	0	1
chr6.6519551.6519910	pos	1	1	0	0	1	1	0	1	0	0	1
chr6.10631868.10632038	pos	1	1	0	0	1	1	0	1	0	0	1
chr6.11326501.11326685	pos	1	1	0	0	1	1	1	1	1	0	0
chr6.14132486.14132600	pos	0	1	1	1	1	1	0	1	0	0	1
chr6.15379531.15379663	pos	1	1	0	1	1	0	0	1	0	1	0
chr6.15732411.15733062	pos	1	1	0	1	1	1	0	1	0	0	1
chr6.16885238.16885631	pos	1	1	0	1	1	1	0	1	0	0	1
chr6.17650900.17651000	pos	0	1	0	1	1	1	0	1	0	0	1
chr6.20049912.20050099	pos	1	1	0	1	1	1	0	1	0	1	0
chr6.20577341.20578266	pos	0	1	0	1	1	0	1	1	0	0	0
chr6.21848247.21848772	pos	1	1	0	1	1	0	0	1	0	0	0
chr6.22035497.22035729	pos	1	1	0	1	1	0	0	1	0	0	0
chr7.741463.741925	pos	0	1	0	0	1	1	1	1	1	0	1
chr7.1046246.1046344	pos	1	1	0	1	1	0	0	1	0	1	0
chr7.1870124.1870253	pos	0	1	1	1	1	1	1	1	0	0	1
chr7.2033444.2034399	pos	1	1	0	1	1	0	1	1	1	1	0
chr7.4090326.4090462	pos	0	1	0	0	0	1	1	0	0	0	0
chr7.4464570.4464839	pos	1	1	0	1	1	1	0	1	0	0	1
chr7.4972029.4972620	pos	1	1	0	1	1	1	0	1	0	0	1
chr7.5056449.5056940	pos	0	1	0	0	1	1	1	1	0	0	1
chr7.5491549.5491834	pos	1	1	0	0	1	1	0	1	0	0	1
chr7.7312173.7312382	pos	1	1	1	1	1	1	0	1	0	0	0
chr7.7427142.7427295	pos	1	1	0	1	1	1	0	1	0	0	0
chr7.7455525.7455605	pos	0	0	0	0	1	1	0	0	0	0	1
chr7.9396642.9396712	pos	1	1	0	0	1	0	0	0	0	1	0
chr7.9490309.9490379	pos	1	1	1	0	1	1	0	1	0	1	0
chr7.10234556.10234661	pos	1	1	1	1	1	0	0	1	0	1	0
chr7.10419964.10420347	pos	1	1	0	0	1	0	0	0	0	0	0
chr7.11463396.11463460	pos	1	1	0	0	1	1	1	1	0	0	1
chr7.12300176.12300247	pos	1	1	0	1	1	1	0	1	1	0	0
chr7.13458530.13459162	pos	0	1	1	1	1	1	0	1	0	0	1
chr7.15813302.15813768	pos	0	1	0	1	1	1	0	1	0	0	1
chr7.16145822.16146412	pos	0	1	1	0	1	1	0	1	0	0	1
chr7.16659491.16660332	pos	1	1	0	1	1	1	0	1	0	1	0
chr7.17101798.17101935	pos	0	1	1	1	1	1	0	1	1	0	1
chr7.17102275.17102415	pos	0	1	1	1	1	1	0	1	1	0	1
chr7.17131956.17132454	pos	0	1	0	1	1	1	0	1	0	0	1
chr7.18532506.18532682	pos	1	1	0	1	1	1	0	1	0	0	1
chr7.18877661.18877882	pos	1	0	0	0	1	1	0	1	0	0	0
chr7.19093312.19093431	pos	0	1	0	0	0	0	0	1	0	0	0
chr7.21430414.21430619	pos	1	1	1	1	1	1	0	1	0	0	0
chr7.21949468.21950218	pos	0	1	0	0	1	1	1	1	0	0	1
chr8.1508559.1508821	pos	1	1	0	1	1	1	0	1	0	1	1
chr8.1795265.1795433	pos	1	1	0	0	1	1	0	1	0	0	0
chr8.2440930.2441115	pos	1	1	0	1	1	0	0	1	0	0	1
chr8.2881523.2881655	pos	1	1	1	0	1	1	0	1	0	1	0
chr8.3120437.3120852	pos	1	1	0	1	1	0	0	0	0	1	0
chr8.3178907.3179068	pos	0	0	0	0	1	1	0	0	0	0	1
chr8.4098522.4099193	pos	0	1	0	0	1	1	0	0	0	0	1
chr8.4697543.4697631	pos	1	1	0	1	1	1	0	1	0	1	0
chr8.5129756.5130042	pos	1	1	0	1	1	1	0	1	0	1	0
chr8.5808306.5808381	pos	1	1	0	1	1	1	0	1	1	0	0
chr8.5808460.5808579	pos	1	1	0	1	1	1	1	1	1	0	0
chr8.5814097.5814910	pos	1	1	0	0	1	1	0	0	0	0	0
chr8.7410491.7410676	pos	0	1	0	1	1	1	0	1	0	0	1
chr8.7990778.7991287	pos	1	1	1	1	1	1	0	1	0	1	0
chr8.8315790.8316417	pos	1	1	0	0	1	0	0	0	0	1	0
chr8.10321896.10321977	pos	1	1	0	1	1	1	0	1	0	1	0
chr8.10438709.10438951	pos	1	1	1	0	1	0	0	1	0	1	0
chr8.11156929.11157045	pos	0	1	0	1	1	0	0	1	0	1	0
chr8.11176610.11177569	pos	1	1	0	1	1	0	0	1	0	1	0
chr8.11681215.11681374	pos	1	1	0	1	1	0	0	1	1	0	0
chr8.13657781.13658148	pos	1	1	1	0	1	1	0	1	0	0	1
chr8.15275339.15275693	pos	1	1	0	1	1	0	0	0	0	1	0
chr8.15704446.15704591	pos	1	1	1	1	1	1	0	1	1	1	1
chr8.17033405.17033927	pos	0	1	0	1	0	0	1	0	0	0	0
chr8.17891541.17891942	pos	1	1	0	1	1	1	0	1	0	0	0
chr8.18747975.18748192	pos	1	1	0	1	1	0	0	0	0	1	0
chr8.18839187.18839289	pos	1	1	0	1	1	0	0	1	0	0	0
chr8.19142574.19142680	pos	0	1	0	0	1	1	0	1	0	0	1
chrV.4099617.4099695	pos	0	1	0	1	1	0	0	1	1	0	1
unplaced-scaffold_145.8801.9224	pos	1	1	1	1	1	1	1	1	1	1	1
chr1.1028000.1028500	neg	0	0	0	0	0	0	0	0	0	0	0
chr1.2606000.2606500	neg	0	0	0	0	0	0	0	0	0	0	0
chr1.2891000.2891500	neg	0	0	0	0	0	0	0	0	0	0	0
chr1.4048500.4049000	neg	0	0	0	0	0	0	0	0	0	0	0
chr1.4900000.4900500	neg	0	0	0	0	0	0	0	0	0	0	0
chr1.5280000.5280500	neg	0	0	0	0	0	0	0	0	0	0	0
chr1.5460500.5461000	neg	0	0	0	0	0	0	0	0	0	0	0
chr1.8570000.8570500	neg	0	0	0	0	0	0	0	0	0	0	0
chr1.9294500.9295000	neg	0	0	0	0	0	0	0	0	0	0	0
chr1.11719000.11719500	neg	0	0	0	0	0	0	0	0	0	0	0
chr1.12682500.12683000	neg	0	0	0	0	0	0	0	0	0	0	0
chr1.13275000.13275500	neg	0	0	0	0	0	0	0	0	0	0	0
chr1.14013500.14014000	neg	0	0	0	0	0	0	0	0	0	0	0
chr1.14874000.14874500	neg	0	0	0	0	0	0	0	0	0	0	0
chr1.16143000.16143500	neg	0	0	0	0	0	0	0	0	0	0	0
chr1.18379000.18379500	neg	0	0	0	0	0	0	0	0	0	0	0
chr1.18858000.18858500	neg	0	0	0	0	0	0	0	0	0	0	0
chr1.20399000.20399500	neg	0	0	0	0	0	0	0	0	0	0	0
chr1.21223500.21224000	neg	0	0	0	0	0	0	0	0	0	0	0
chr1.21646000.21646500	neg	0	0	0	0	0	0	0	0	0	0	0
chr1.21938500.21939000	neg	0	0	0	0	0	0	0	0	0	0	0
chr1.23248500.23249000	neg	0	0	0	0	0	0	0	0	0	0	0
chr1.23300000.23300500	neg	0	0	0	0	0	0	0	0	0	0	0
chr1.24071000.24071500	neg	0	0	0	0	0	0	0	0	0	0	0
chr1.24226500.24227000	neg	0	0	0	0	0	0	0	0	0	0	0
chr1.24504500.24505000	neg	0	0	0	0	0	0	0	0	0	0	0
chr1.24957500.24958000	neg	0	0	0	0	0	0	0	0	0	0	0
chr1.25270500.25271000	neg	0	0	0	0	0	0	0	0	0	0	0
chr1.26101000.26101500	neg	0	0	0	0	0	0	0	0	0	0	0
chr1.26840000.26840500	neg	0	0	0	0	0	0	0	0	0	0	0
chr1.27472000.27472500	neg	0	0	0	0	0	0	0	0	0	0	0
chr1.28319000.28319500	neg	0	0	0	0	0	0	0	0	0	0	0
chr1.29499500.29500000	neg	0	0	0	0	0	0	0	0	0	0	0
chr1.30535500.30536000	neg	0	0	0	0	0	0	0	0	0	0	0
chr2.91000.91500	neg	0	0	0	0	0	0	0	0	0	0	0
chr2.124500.125000	neg	0	0	0	0	0	0	0	0	0	0	0
chr2.276000.276500	neg	0	0	0	0	0	0	0	0	0	0	0
chr2.602500.603000	neg	0	0	0	0	0	0	0	0	0	0	0
chr2.867000.867500	neg	0	0	0	0	0	0	0	0	0	0	0
chr2.2333000.2333500	neg	0	0	0	0	0	0	0	0	0	0	0
chr2.3171000.3171500	neg	0	0	0	0	0	0	0	0	0	0	0
chr2.3668500.3669000	neg	0	0	0	0	0	0	0	0	0	0	0
chr2.3868000.3868500	neg	0	0	0	0	0	0	0	0	0	0	0
chr2.4377000.4377500	neg	0	0	0	0	0	0	0	0	0	0	0
chr2.4766000.4766500	neg	0	0	0	0	0	0	0	0	0	0	0
chr2.5537000.5537500	neg	0	0	0	0	0	0	0	0	0	0	0
chr2.6446000.6446500	neg	0	0	0	0	0	0	0	0	0	0	0
chr2.7232000.7232500	neg	0	0	0	0	0	0	0	0	0	0	0
chr2.7844000.7844500	neg	0	0	0	0	0	0	0	0	0	0	0
chr2.10886500.10887000	neg	0	0	0	0	0	0	0	0	0	0	0
chr2.10887000.10887500	neg	0	0	0	0	0	0	0	0	0	0	0
chr2.10971500.10972000	neg	0	0	0	0	0	0	0	0	0	0	0
chr2.11391500.11392000	neg	0	0	0	0	0	0	0	0	0	0	0
chr2.11572000.11572500	neg	0	0	0	0	0	0	0	0	0	0	0
chr2.11898500.11899000	neg	0	0	0	0	0	0	0	0	0	0	0
chr2.12399000.12399500	neg	0	0	0	0	0	0	0	0	0	0	0
chr2.13987500.13988000	neg	0	0	0	0	0	0	0	0	0	0	0
chr2.14903000.14903500	neg	0	0	0	0	0	0	0	0	0	0	0
chr2.15472500.15473000	neg	0	0	0	0	0	0	0	0	0	0	0
chr2.15997500.15998000	neg	0	0	0	0	0	0	0	0	0	0	0
chr2.16036000.16036500	neg	0	0	0	0	0	0	0	0	0	0	0
chr2.16528500.16529000	neg	0	0	0	0	0	0	0	0	0	0	0
chr2.17157000.17157500	neg	0	0	0	0	0	0	0	0	0	0	0
chr2.17749500.17750000	neg	0	0	0	0	0	0	0	0	0	0	0
chr2.18588000.18588500	neg	0	0	0	0	0	0	0	0	0	0	0
chr2.23435500.23436000	neg	0	0	0	0	0	0	0	0	0	0	0
chr2.24070000.24070500	neg	0	0	0	0	0	0	0	0	0	0	0
chr2.24232500.24233000	neg	0	0	0	0	0	0	0	0	0	0	0
chr2.24482500.24483000	neg	0	0	0	0	0	0	0	0	0	0	0
chr2.26570500.26571000	neg	0	0	0	0	0	0	0	0	0	0	0
chr2.27667500.27668000	neg	0	0	0	0	0	0	0	0	0	0	0
chr2.29160000.29160500	neg	0	0	0	0	0	0	0	0	0	0	0
chr3.2376500.2377000	neg	0	0	0	0	0	0	0	0	0	0	0
chr3.4083500.4084000	neg	0	0	0	0	0	0	0	0	0	0	0
chr3.5292000.5292500	neg	0	0	0	0	0	0	0	0	0	0	0
chr3.5776500.5777000	neg	0	0	0	0	0	0	0	0	0	0	0
chr3.5986500.5987000	neg	0	0	0	0	0	0	0	0	0	0	0
chr3.6616000.6616500	neg	0	0	0	0	0	0	0	0	0	0	0
chr3.6755500.6756000	neg	0	0	0	0	0	0	0	0	0	0	0
chr3.7417500.7418000	neg	0	0	0	0	0	0	0	0	0	0	0
chr3.7661500.7662000	neg	0	0	0	0	0	0	0	0	0	0	0
chr3.7721500.7722000	neg	0	0	0	0	0	0	0	0	0	0	0
chr3.7909500.7910000	neg	0	0	0	0	0	0	0	0	0	0	0
chr3.9916500.9917000	neg	0	0	0	0	0	0	0	0	0	0	0
chr3.10064000.10064500	neg	0	0	0	0	0	0	0	0	0	0	0
chr3.10113500.10114000	neg	0	0	0	0	0	0	0	0	0	0	0
chr3.16098500.16099000	neg	0	0	0	0	0	0	0	0	0	0	0
chr3.17638000.17638500	neg	0	0	0	0	0	0	0	0	0	0	0
chr3.20099500.20100000	neg	0	0	0	0	0	0	0	0	0	0	0
chr3.20231500.20232000	neg	0	0	0	0	0	0	0	0	0	0	0
chr3.20760000.20760500	neg	0	0	0	0	0	0	0	0	0	0	0
chr3.20760500.20761000	neg	0	0	0	0	0	0	0	0	0	0	0
chr3.20988500.20989000	neg	0	0	0	0	0	0	0	0	0	0	0
chr3.22333000.22333500	neg	0	0	0	0	0	0	0	0	0	0	0
chr3.22779500.22780000	neg	0	0	0	0	0	0	0	0	0	0	0
chr3.24153000.24153500	neg	0	0	0	0	0	0	0	0	0	0	0
chr3.25708500.25709000	neg	0	0	0	0	0	0	0	0	0	0	0
chr3.26877000.26877500	neg	0	0	0	0	0	0	0	0	0	0	0
chr4.848500.849000	neg	0	0	0	0	0	0	0	0	0	0	0
chr4.2058500.2059000	neg	0	0	0	0	0	0	0	0	0	0	0
chr4.2582000.2582500	neg	0	0	0	0	0	0	0	0	0	0	0
chr4.4359000.4359500	neg	0	0	0	0	0	0	0	0	0	0	0
chr4.5685000.5685500	neg	0	0	0	0	0	0	0	0	0	0	0
chr4.5831000.5831500	neg	0	0	0	0	0	0	0	0	0	0	0
chr4.6038000.6038500	neg	0	0	0	0	0	0	0	0	0	0	0
chr4.6736500.6737000	neg	0	0	0	0	0	0	0	0	0	0	0
chr4.7873500.7874000	neg	0	0	0	0	0	0	0	0	0	0	0
chr4.9560500.9561000	neg	0	0	0	0	0	0	0	0	0	0	0
chr4.11900000.11900500	neg	0	0	0	0	0	0	0	0	0	0	0
chr4.11914500.11915000	neg	0	0	0	0	0	0	0	0	0	0	0
chr4.12758000.12758500	neg	0	0	0	0	0	0	0	0	0	0	0
chr4.13189000.13189500	neg	0	0	0	0	0	0	0	0	0	0	0
chr4.13570500.13571000	neg	0	0	0	0	0	0	0	0	0	0	0
chr4.14315000.14315500	neg	0	0	0	0	0	0	0	0	0	0	0
chr4.14370000.14370500	neg	0	0	0	0	0	0	0	0	0	0	0
chr4.14498000.14498500	neg	0	0	0	0	0	0	0	0	0	0	0
chr4.16341000.16341500	neg	0	0	0	0	0	0	0	0	0	0	0
chr4.17339500.17340000	neg	0	0	0	0	0	0	0	0	0	0	0
chr4.18202000.18202500	neg	0	0	0	0	0	0	0	0	0	0	0
chr4.18590000.18590500	neg	0	0	0	0	0	0	0	0	0	0	0
chr4.20821500.20822000	neg	0	0	0	0	0	0	0	0	0	0	0
chr4.22873500.22874000	neg	0	0	0	0	0	0	0	0	0	0	0
chr4.23326000.23326500	neg	0	0	0	0	0	0	0	0	0	0	0
chr4.23690000.23690500	neg	0	0	0	0	0	0	0	0	0	0	0
chr4.23802000.23802500	neg	0	0	0	0	0	0	0	0	0	0	0
chr4.25140000.25140500	neg	0	0	0	0	0	0	0	0	0	0	0
chr4.25306500.25307000	neg	0	0	0	0	0	0	0	0	0	0	0
chr4.25706500.25707000	neg	0	0	0	0	0	0	0	0	0	0	0
chr4.26934500.26935000	neg	0	0	0	0	0	0	0	0	0	0	0
chr5.2653000.2653500	neg	0	0	0	0	0	0	0	0	0	0	0
chr5.2800500.2801000	neg	0	0	0	0	0	0	0	0	0	0	0
chr5.2940500.2941000	neg	0	0	0	0	0	0	0	0	0	0	0
chr5.3045000.3045500	neg	0	0	0	0	0	0	0	0	0	0	0
chr5.5145500.5146000	neg	0	0	0	0	0	0	0	0	0	0	0
chr5.5328000.5328500	neg	0	0	0	0	0	0	0	0	0	0	0
chr5.8172000.8172500	neg	0	0	0	0	0	0	0	0	0	0	0
chr5.8452500.8453000	neg	0	0	0	0	0	0	0	0	0	0	0
chr5.8641500.8642000	neg	0	0	0	0	0	0	0	0	0	0	0
chr5.9202500.9203000	neg	0	0	0	0	0	0	0	0	0	0	0
chr5.9631500.9632000	neg	0	0	0	0	0	0	0	0	0	0	0
chr5.9994500.9995000	neg	0	0	0	0	0	0	0	0	0	0	0
chr5.11055500.11056000	neg	0	0	0	0	0	0	0	0	0	0	0
chr5.11213500.11214000	neg	0	0	0	0	0	0	0	0	0	0	0
chr5.11782000.11782500	neg	0	0	0	0	0	0	0	0	0	0	0
chr5.13170500.13171000	neg	0	0	0	0	0	0	0	0	0	0	0
chr5.13672000.13672500	neg	0	0	0	0	0	0	0	0	0	0	0
chr5.14421500.14422000	neg	0	0	0	0	0	0	0	0	0	0	0
chr5.15522000.15522500	neg	0	0	0	0	0	0	0	0	0	0	0
chr5.16988500.16989000	neg	0	0	0	0	0	0	0	0	0	0	0
chr5.17212500.17213000	neg	0	0	0	0	0	0	0	0	0	0	0
chr5.17572000.17572500	neg	0	0	0	0	0	0	0	0	0	0	0
chr5.18633500.18634000	neg	0	0	0	0	0	0	0	0	0	0	0
chr5.19145500.19146000	neg	0	0	0	0	0	0	0	0	0	0	0
chr5.21285000.21285500	neg	0	0	0	0	0	0	0	0	0	0	0
chr5.21477500.21478000	neg	0	0	0	0	0	0	0	0	0	0	0
chr5.21661000.21661500	neg	0	0	0	0	0	0	0	0	0	0	0
chr5.21674500.21675000	neg	0	0	0	0	0	0	0	0	0	0	0
chr5.22407000.22407500	neg	0	0	0	0	0	0	0	0	0	0	0
chr5.23353500.23354000	neg	0	0	0	0	0	0	0	0	0	0	0
chr5.26115000.26115500	neg	0	0	0	0	0	0	0	0	0	0	0
chr6.91500.92000	neg	0	0	0	0	0	0	0	0	0	0	0
chr6.958500.959000	neg	0	0	0	0	0	0	0	0	0	0	0
chr6.1811000.1811500	neg	0	0	0	0	0	0	0	0	0	0	0
chr6.2174000.2174500	neg	0	0	0	0	0	0	0	0	0	0	0
chr6.3353000.3353500	neg	0	0	0	0	0	0	0	0	0	0	0
chr6.3577500.3578000	neg	0	0	0	0	0	0	0	0	0	0	0
chr6.3760500.3761000	neg	0	0	0	0	0	0	0	0	0	0	0
chr6.3983500.3984000	neg	0	0	0	0	0	0	0	0	0	0	0
chr6.4025500.4026000	neg	0	0	0	0	0	0	0	0	0	0	0
chr6.4363500.4364000	neg	0	0	0	0	0	0	0	0	0	0	0
chr6.5063500.5064000	neg	0	0	0	0	0	0	0	0	0	0	0
chr6.5679000.5679500	neg	0	0	0	0	0	0	0	0	0	0	0
chr6.6822500.6823000	neg	0	0	0	0	0	0	0	0	0	0	0
chr6.8372000.8372500	neg	0	0	0	0	0	0	0	0	0	0	0
chr6.9065500.9066000	neg	0	0	0	0	0	0	0	0	0	0	0
chr6.9822000.9822500	neg	0	0	0	0	0	0	0	0	0	0	0
chr6.9852500.9853000	neg	0	0	0	0	0	0	0	0	0	0	0
chr6.10461000.10461500	neg	0	0	0	0	0	0	0	0	0	0	0
chr6.10855000.10855500	neg	0	0	0	0	0	0	0	0	0	0	0
chr6.11938500.11939000	neg	0	0	0	0	0	0	0	0	0	0	0
chr6.12655500.12656000	neg	0	0	0	0	0	0	0	0	0	0	0
chr6.13928500.13929000	neg	0	0	0	0	0	0	0	0	0	0	0
chr6.14884000.14884500	neg	0	0	0	0	0	0	0	0	0	0	0
chr6.15058000.15058500	neg	0	0	0	0	0	0	0	0	0	0	0
chr6.16027500.16028000	neg	0	0	0	0	0	0	0	0	0	0	0
chr6.16301500.16302000	neg	0	0	0	0	0	0	0	0	0	0	0
chr6.16901000.16901500	neg	0	0	0	0	0	0	0	0	0	0	0
chr6.20113000.20113500	neg	0	0	0	0	0	0	0	0	0	0	0
chr6.21274000.21274500	neg	0	0	0	0	0	0	0	0	0	0	0
chr6.21361000.21361500	neg	0	0	0	0	0	0	0	0	0	0	0
chr6.21437000.21437500	neg	0	0	0	0	0	0	0	0	0	0	0
chr6.21572000.21572500	neg	0	0	0	0	0	0	0	0	0	0	0
chr6.21690000.21690500	neg	0	0	0	0	0	0	0	0	0	0	0
chr6.22293000.22293500	neg	0	0	0	0	0	0	0	0	0	0	0
chr6.23392500.23393000	neg	0	0	0	0	0	0	0	0	0	0	0
chr6.23523500.23524000	neg	0	0	0	0	0	0	0	0	0	0	0
chr7.2278000.2278500	neg	0	0	0	0	0	0	0	0	0	0	0
chr7.2825500.2826000	neg	0	0	0	0	0	0	0	0	0	0	0
chr7.3730500.3731000	neg	0	0	0	0	0	0	0	0	0	0	0
chr7.5707000.5707500	neg	0	0	0	0	0	0	0	0	0	0	0
chr7.6014000.6014500	neg	0	0	0	0	0	0	0	0	0	0	0
chr7.8307000.8307500	neg	0	0	0	0	0	0	0	0	0	0	0
chr7.8623000.8623500	neg	0	0	0	0	0	0	0	0	0	0	0
chr7.8789000.8789500	neg	0	0	0	0	0	0	0	0	0	0	0
chr7.9685500.9686000	neg	0	0	0	0	0	0	0	0	0	0	0
chr7.11811500.11812000	neg	0	0	0	0	0	0	0	0	0	0	0
chr7.12754000.12754500	neg	0	0	0	0	0	0	0	0	0	0	0
chr7.13495000.13495500	neg	0	0	0	0	0	0	0	0	0	0	0
chr7.13653000.13653500	neg	0	0	0	0	0	0	0	0	0	0	0
chr7.15582000.15582500	neg	0	0	0	0	0	0	0	0	0	0	0
chr7.15650000.15650500	neg	0	0	0	0	0	0	0	0	0	0	0
chr7.15974000.15974500	neg	0	0	0	0	0	0	0	0	0	0	0
chr7.16121500.16122000	neg	0	0	0	0	0	0	0	0	0	0	0
chr7.16487000.16487500	neg	0	0	0	0	0	0	0	0	0	0	0
chr7.18880500.18881000	neg	0	0	0	0	0	0	0	0	0	0	0
chr7.18999500.19000000	neg	0	0	0	0	0	0	0	0	0	0	0
chr7.19049000.19049500	neg	0	0	0	0	0	0	0	0	0	0	0
chr7.20166000.20166500	neg	0	0	0	0	0	0	0	0	0	0	0
chr7.21299500.21300000	neg	0	0	0	0	0	0	0	0	0	0	0
chr8.43000.43500	neg	0	0	0	0	0	0	0	0	0	0	0
chr8.607000.607500	neg	0	0	0	0	0	0	0	0	0	0	0
chr8.1620000.1620500	neg	0	0	0	0	0	0	0	0	0	0	0
chr8.4920000.4920500	neg	0	0	0	0	0	0	0	0	0	0	0
chr8.4920500.4921000	neg	0	0	0	0	0	0	0	0	0	0	0
chr8.5994500.5995000	neg	0	0	0	0	0	0	0	0	0	0	0
chr8.6025000.6025500	neg	0	0	0	0	0	0	0	0	0	0	0
chr8.9276000.9276500	neg	0	0	0	0	0	0	0	0	0	0	0
chr8.10466500.10467000	neg	0	0	0	0	0	0	0	0	0	0	0
chr8.12101000.12101500	neg	0	0	0	0	0	0	0	0	0	0	0
chr8.12541000.12541500	neg	0	0	0	0	0	0	0	0	0	0	0
chr8.12616500.12617000	neg	0	0	0	0	0	0	0	0	0	0	0
chr8.12742500.12743000	neg	0	0	0	0	0	0	0	0	0	0	0
chr8.13470000.13470500	neg	0	0	0	0	0	0	0	0	0	0	0
chr8.14734500.14735000	neg	0	0	0	0	0	0	0	0	0	0	0
chr8.15752500.15753000	neg	0	0	0	0	0	0	0	0	0	0	0
chr8.16839000.16839500	neg	0	0	0	0	0	0	0	0	0	0	0
chr8.16967500.16968000	neg	0	0	0	0	0	0	0	0	0	0	0
chr8.18652500.18653000	neg	0	0	0	0	0	0	0	0	0	0	0
chr8.19230500.19231000	neg	0	0	0	0	0	0	0	0	0	0	0
chr8.19833000.19833500	neg	0	0	0	0	0	0	0	0	0	0	0
chr8.20036500.20037000	neg	0	0	0	0	0	0	0	0	0	0	0
chr8.20251000.20251500	neg	0	0	0	0	0	0	0	0	0	0	0
chr8.20282000.20282500	neg	0	0	0	0	0	0	0	0	0	0	0
chr8.20797000.20797500	neg	0	0	0	0	0	0	0	0	0	0	0
chrV.1535500.1536000	neg	0	0	0	0	0	0	0	0	0	0	0
chrV.1667000.1667500	neg	0	0	0	0	0	0	0	0	0	0	0
chrV.7169000.7169500	neg	0	0	0	0	0	0	0	0	0	0	0
chrV.7493500.7494000	neg	0	0	0	0	0	0	0	0	0	0	0
unplaced-scaffold_403.2000.2500	neg	0	0	0	0	0	0	0	0	0	0	0
