peak	Class	H2Aub	H2AZ	H3	H3K4me1	H3K4me3	H3K9ac	H3K9me1	H3K14ac	H3K27me1	H3K27me3	H3K36me3
chr1.1448744.1448975	pos	0	1	0	1	1	1	0	1	0	0	1
chr1.1565723.1566255	pos	1	1	1	0	1	1	0	0	0	1	0
chr1.1607364.1607544	pos	0	0	0	1	0	0	0	1	0	0	1
chr1.1793735.1794263	pos	0	1	1	1	1	1	0	1	0	0	1
chr1.1796227.1796542	pos	0	0	0	0	1	1	0	0	0	0	1
chr1.2271196.2271554	pos	1	1	0	0	1	1	0	1	0	0	1
chr1.4278030.4278243	pos	1	1	0	0	1	0	0	0	0	0	0
chr1.5301679.5301982	pos	1	1	0	0	1	1	0	1	0	0	0
chr1.5317747.5317873	pos	1	1	0	0	1	1	1	0	0	0	1
chr1.7367130.7367555	pos	1	1	1	1	1	1	0	1	0	0	1
chr1.8185762.8185948	pos	0	1	0	0	1	1	0	1	0	0	1
chr1.9836150.9836214	pos	1	1	0	0	1	1	0	0	0	0	1
chr1.9985295.9985899	pos	1	1	0	1	1	1	0	1	0	0	1
chr1.10006224.10006608	pos	0	1	0	0	1	1	0	1	0	0	1
chr1.10451895.10452007	pos	1	1	0	0	1	1	0	1	0	0	1
chr1.11178951.11179621	pos	1	1	0	0	1	1	0	1	0	0	1
chr1.11737083.11737716	pos	1	1	0	0	1	1	0	0	0	0	1
chr1.11796445.11796687	pos	1	1	0	1	1	1	0	1	0	0	1
chr1.15933723.15934326	pos	1	1	0	0	1	1	0	1	0	0	1
chr1.20426813.20427361	pos	0	1	0	1	1	1	0	1	0	0	1
chr1.22090942.22091310	pos	1	1	0	0	1	0	0	0	0	0	0
chr1.23062390.23062976	pos	1	1	0	1	1	1	0	0	0	0	0
chr1.23535182.23535691	pos	1	1	0	0	1	1	0	1	0	1	1
chr1.24435264.24435373	pos	1	1	0	0	1	1	0	1	0	0	0
chr1.25112498.25112663	pos	1	1	0	1	1	0	0	1	0	1	0
chr1.25928464.25928556	pos	1	1	0	1	1	1	0	1	1	0	0
chr1.25984500.25984887	pos	1	0	0	0	1	0	0	0	0	0	0
chr1.27902675.27902898	pos	1	1	0	1	1	1	0	1	0	1	0
chr1.28219149.28219289	pos	1	1	0	1	1	1	0	1	0	0	0
chr1.28348944.28349784	pos	0	1	0	1	1	1	0	1	0	0	1
chr1.28970887.28971370	pos	0	1	0	1	1	1	1	1	0	1	1
chr1.30313392.30313513	pos	0	1	0	0	1	1	0	0	0	0	1
chr2.722986.723053	pos	1	1	0	1	1	1	1	1	1	1	1
chr2.736728.737603	pos	1	1	0	1	1	1	1	1	1	0	1
chr2.804539.804603	pos	1	1	0	1	1	0	0	1	1	0	0
chr2.1667738.1668116	pos	1	1	1	1	1	1	0	1	0	0	1
chr2.2555090.2555189	pos	1	1	1	1	1	0	0	1	0	1	0
chr2.3411640.3411937	pos	0	0	0	0	1	1	0	1	0	0	1
chr2.4623879.4624618	pos	1	1	0	0	1	1	0	1	0	0	0
chr2.4627788.4628252	pos	1	1	0	1	1	1	0	1	0	0	0
chr2.4870110.4870235	pos	1	1	0	0	1	0	0	0	0	0	0
chr2.5121808.5121940	pos	1	1	0	1	1	1	0	1	0	0	1
chr2.5353955.5354238	pos	1	1	0	0	1	1	0	1	0	0	0
chr2.5410630.5410897	pos	1	1	0	1	1	1	0	1	0	1	0
chr2.5462349.5462986	pos	1	1	0	0	1	1	0	1	0	0	1
chr2.5996641.5996993	pos	1	1	0	1	1	1	1	1	1	1	1
chr2.7845206.7845275	pos	0	1	0	0	1	1	0	1	0	0	1
chr2.8467604.8468304	pos	1	1	1	1	1	1	0	1	0	0	1
chr2.9627383.9627465	pos	1	1	0	0	1	0	0	1	0	0	0
chr2.10765378.10765654	pos	0	1	0	1	1	1	0	1	0	0	1
chr2.12118579.12119137	pos	1	1	0	0	1	1	0	1	0	0	1
chr2.12327687.12328122	pos	1	1	0	1	1	1	0	1	0	0	1
chr2.13176661.13176993	pos	1	1	0	1	1	1	0	1	0	0	1
chr2.16759706.16759813	pos	1	0	0	0	1	1	0	1	0	0	1
chr2.17170369.17171203	pos	1	1	0	1	1	1	0	1	0	0	1
chr2.17473325.17473677	pos	1	1	0	0	1	1	0	1	0	0	1
chr2.17605248.17605356	pos	1	1	0	1	1	1	0	1	0	0	1
chr2.17630570.17631025	pos	1	1	0	1	1	1	0	1	0	1	0
chr2.17803998.17804170	pos	1	1	1	0	1	0	0	0	0	1	0
chr2.18345181.18345574	pos	1	1	0	0	1	0	1	1	0	1	0
chr2.18599773.18600982	pos	0	1	0	0	1	1	0	1	0	0	1
chr2.20896025.20896385	pos	1	1	0	0	1	0	0	0	0	1	0
chr2.22811671.22811744	pos	0	0	0	0	0	0	0	0	0	0	1
chr2.22876763.22876850	pos	0	1	1	0	0	1	0	1	0	0	0
chr2.23102449.23102529	pos	1	1	0	1	1	0	0	1	0	1	0
chr2.23102703.23103077	pos	1	1	0	1	1	1	0	1	0	1	0
chr2.23161608.23162517	pos	1	1	0	1	1	1	0	1	0	1	1
chr2.23204629.23205220	pos	1	1	0	1	1	1	0	1	0	0	0
chr2.24812046.24812179	pos	1	1	0	1	1	0	0	1	1	0	1
chr2.25491463.25491560	pos	0	1	0	1	1	0	1	1	1	0	1
chr2.25963176.25963915	pos	1	1	0	1	1	1	0	1	0	0	1
chr2.25980251.25980329	pos	1	1	1	1	1	1	1	1	1	0	0
chr2.29099853.29100204	pos	1	0	0	0	1	1	0	0	0	0	0
chr3.578527.579060	pos	0	1	0	1	1	1	0	1	0	0	1
chr3.1463583.1463780	pos	0	1	0	1	1	1	1	1	1	0	1
chr3.1622826.1622966	pos	0	0	0	0	1	1	0	1	0	0	1
chr3.1762796.1763059	pos	1	1	0	0	1	1	0	1	0	0	1
chr3.1871966.1872278	pos	1	1	0	0	1	1	0	0	0	1	0
chr3.5080975.5081067	pos	1	1	0	1	1	1	1	1	0	1	0
chr3.6418589.6419653	pos	1	1	0	1	1	1	0	1	0	1	0
chr3.6717889.6717981	pos	0	0	0	0	0	0	0	0	0	0	0
chr3.6745756.6746365	pos	1	1	0	1	1	1	0	1	0	1	1
chr3.10014851.10016012	pos	1	1	0	1	1	1	0	1	0	1	0
chr3.12171331.12171575	pos	1	1	0	1	1	0	0	0	0	1	0
chr3.12218291.12220010	pos	1	1	0	0	1	1	0	1	0	1	0
chr3.13103314.13103403	pos	1	1	1	1	1	1	0	1	1	0	0
chr3.13197176.13197458	pos	1	1	0	1	1	0	0	0	0	1	0
chr3.13635568.13636117	pos	0	1	0	1	1	1	0	1	0	0	1
chr3.13673286.13673386	pos	0	1	0	1	1	1	1	0	1	1	0
chr3.13836093.13836216	pos	1	1	1	1	1	1	0	1	0	1	0
chr3.15123983.15124157	pos	1	1	0	0	1	0	0	0	0	0	0
chr3.16771726.16772407	pos	1	1	0	1	1	1	0	1	0	0	0
chr3.16773620.16773913	pos	1	1	0	1	1	1	0	1	1	0	0
chr3.21072276.21072427	pos	1	1	0	0	1	1	0	1	0	1	0
chr3.21248989.21249158	pos	1	1	1	0	1	1	0	1	0	1	0
chr3.22699816.22699903	pos	0	1	0	1	1	1	0	1	0	0	1
chr3.23545828.23545924	pos	0	0	1	0	0	0	1	0	1	0	0
chr4.593803.594051	pos	1	1	0	1	1	0	0	0	0	1	0
chr4.2534645.2534712	pos	1	1	1	1	1	0	0	1	0	0	0
chr4.3260516.3261082	pos	1	1	1	1	1	0	0	1	0	0	0
chr4.3541633.3542508	pos	1	1	0	0	1	1	0	0	0	0	1
chr4.3652622.3652803	pos	0	1	0	0	1	0	0	0	0	1	0
chr4.4273458.4273967	pos	0	1	0	1	1	1	0	1	0	0	1
chr4.5409755.5410335	pos	1	1	0	1	1	0	0	1	0	1	0
chr4.6455759.6455938	pos	1	1	0	1	1	0	0	1	0	1	0
chr4.7942383.7942583	pos	1	1	1	1	1	1	0	1	0	0	1
chr4.8458822.8459574	pos	0	1	0	1	1	1	0	1	0	0	1
chr4.10256767.10256873	pos	0	0	1	0	1	1	0	0	0	0	1
chr4.11334206.11334762	pos	0	0	1	0	1	1	0	1	0	0	1
chr4.11524569.11524698	pos	1	1	0	1	1	1	0	1	0	1	0
chr4.13901087.13901435	pos	1	1	0	1	1	1	0	1	0	0	0
chr4.14082901.14083002	pos	1	1	0	1	1	1	1	1	1	1	1
chr4.14783851.14784295	pos	0	1	0	0	0	0	1	0	0	0	0
chr4.16018914.16019086	pos	1	1	0	1	1	1	0	1	0	1	1
chr4.16853765.16853837	pos	1	1	1	1	1	1	1	1	1	0	1
chr4.18032310.18033708	pos	0	1	0	0	1	1	0	1	0	0	1
chr4.18509219.18509320	pos	1	1	0	1	1	1	1	1	0	0	1
chr4.19992058.19992537	pos	1	1	0	1	1	0	0	1	0	1	0
chr4.20766194.20766647	pos	1	1	0	1	1	0	0	1	0	0	1
chr4.21854435.21854559	pos	1	1	1	1	1	1	0	1	1	1	0
chr4.23040031.23041030	pos	1	1	1	0	1	1	0	0	0	0	1
chr4.23953978.23954108	pos	1	1	0	1	1	1	0	0	0	0	1
chr4.24571931.24572208	pos	1	1	0	1	1	1	0	1	0	0	1
chr4.24615951.24616745	pos	0	1	0	0	1	1	0	1	0	0	1
chr5.2821447.2821541	pos	1	1	0	1	1	1	1	0	1	0	0
chr5.3171976.3172243	pos	1	1	1	0	1	1	0	1	0	1	0
chr5.3503617.3503688	pos	0	1	1	1	1	1	1	0	0	0	1
chr5.4209442.4209705	pos	1	1	0	1	1	1	0	1	0	0	0
chr5.4230077.4230155	pos	1	1	0	1	1	1	1	1	0	0	1
chr5.4487648.4487857	pos	1	1	0	0	1	0	0	0	0	1	0
chr5.5041139.5041296	pos	1	1	0	0	1	1	0	1	0	1	0
chr5.5055069.5055133	pos	1	1	1	1	1	0	0	0	0	1	0
chr5.5063508.5063573	pos	1	1	1	0	1	0	0	0	0	1	0
chr5.5067664.5067729	pos	1	1	1	1	1	1	0	1	0	1	0
chr5.5083877.5083977	pos	1	1	1	1	1	1	0	1	0	1	0
chr5.5124492.5124642	pos	1	1	0	1	1	0	0	1	0	1	0
chr5.5622114.5622183	pos	0	1	1	0	1	1	0	0	0	0	1
chr5.6147075.6147593	pos	1	1	0	1	1	1	0	1	0	1	0
chr5.6392268.6392820	pos	1	1	0	1	1	1	1	1	0	1	1
chr5.6396283.6396971	pos	1	1	1	1	1	1	0	1	0	1	0
chr5.7076760.7077110	pos	1	1	0	1	1	1	0	1	1	0	0
chr5.7331558.7331859	pos	1	1	0	1	1	0	0	1	0	1	0
chr5.7475782.7475944	pos	0	1	1	1	1	1	0	1	0	0	0
chr5.8305558.8305730	pos	0	1	0	1	1	1	0	1	0	0	1
chr5.8750309.8750617	pos	0	1	0	1	1	1	0	1	0	0	1
chr5.10589866.10590475	pos	1	1	0	1	1	0	1	1	1	0	1
chr5.11715451.11715534	pos	1	1	0	0	0	0	0	0	0	0	0
chr5.12403040.12403144	pos	0	1	1	0	1	1	0	1	0	0	1
chr5.12617473.12617560	pos	1	1	0	1	1	0	0	1	0	1	0
chr5.12869537.12869669	pos	1	1	0	1	1	0	0	1	0	1	0
chr5.12869754.12870037	pos	1	1	0	1	1	0	0	1	0	1	0
chr5.13524088.13524380	pos	1	1	0	1	1	0	0	1	0	1	0
chr5.14333865.14333976	pos	1	1	0	1	1	0	1	1	0	1	0
chr5.14495023.14495087	pos	0	1	0	1	1	1	0	1	0	0	1
chr5.14774196.14774337	pos	1	1	0	0	1	1	0	1	0	0	0
chr5.15253202.15253342	pos	1	1	0	0	1	0	0	0	0	0	1
chr5.15929554.15929640	pos	1	1	0	0	1	0	0	0	0	1	0
chr5.16069148.16069266	pos	1	1	0	0	1	0	0	0	0	0	0
chr5.16296382.16296529	pos	1	1	0	0	1	0	0	0	0	1	0
chr5.16588352.16588472	pos	0	1	0	1	1	1	1	1	0	0	1
chr5.18363930.18364017	pos	0	1	1	0	0	0	0	0	0	0	0
chr5.19415994.19416375	pos	1	1	0	1	1	1	0	0	0	0	1
chr5.19581706.19582103	pos	1	1	0	1	1	1	0	1	0	0	0
chr5.19862947.19863151	pos	0	1	1	1	1	1	1	1	1	0	1
chr5.20433258.20433841	pos	1	1	0	0	1	1	0	0	0	1	0
chr5.20634844.20635263	pos	1	1	0	0	1	1	0	1	0	0	1
chr5.21157145.21158219	pos	1	1	1	1	1	1	1	1	0	1	0
chr5.21601017.21601106	pos	1	1	0	1	1	1	0	1	0	0	0
chr5.22635033.22635209	pos	1	1	0	0	1	1	0	0	0	0	0
chr5.22711932.22712434	pos	1	1	1	1	1	1	0	1	0	0	1
chr5.24660605.24660709	pos	0	1	0	1	1	1	0	1	0	0	1
chr6.2244278.2244454	pos	0	1	0	1	1	1	0	1	0	0	1
chr6.2244562.2244631	pos	0	1	0	1	1	1	0	1	0	0	1
chr6.2389216.2389319	pos	0	0	0	0	1	1	0	0	0	0	1
chr6.3856079.3856698	pos	0	1	0	0	0	1	1	0	0	0	1
chr6.5283300.5283816	pos	1	1	0	0	1	1	0	1	0	0	1
chr6.6197260.6197331	pos	1	1	0	1	1	1	0	1	0	0	1
chr6.6519551.6519910	pos	1	1	0	0	1	1	0	1	0	0	1
chr6.10631868.10632038	pos	1	1	0	0	1	1	0	1	0	0	1
chr6.11326501.11326685	pos	1	1	0	0	1	1	1	1	1	0	0
chr6.14132486.14132600	pos	0	1	1	1	1	1	0	1	0	0	1
chr6.15379531.15379663	pos	1	1	0	1	1	0	0	1	0	1	0
chr6.15732411.15733062	pos	1	1	0	1	1	1	0	1	0	0	1
chr6.16885238.16885631	pos	1	1	0	1	1	1	0	1	0	0	1
chr6.17650900.17651000	pos	0	1	0	1	1	1	0	1	0	0	1
chr6.20049912.20050099	pos	1	1	0	1	1	1	0	1	0	1	0
chr6.20577341.20578266	pos	0	1	0	1	1	0	1	1	0	0	0
chr6.21848247.21848772	pos	1	1	0	1	1	0	0	1	0	0	0
chr6.22035497.22035729	pos	1	1	0	1	1	0	0	1	0	0	0
chr7.741463.741925	pos	0	1	0	0	1	1	1	1	1	0	1
chr7.1046246.1046344	pos	1	1	0	1	1	0	0	1	0	1	0
chr7.1870124.1870253	pos	0	1	1	1	1	1	1	1	0	0	1
chr7.2033444.2034399	pos	1	1	0	1	1	0	1	1	1	1	0
chr7.4090326.4090462	pos	0	1	0	0	0	1	1	0	0	0	0
chr7.4464570.4464839	pos	1	1	0	1	1	1	0	1	0	0	1
chr7.4972029.4972620	pos	1	1	0	1	1	1	0	1	0	0	1
chr7.5056449.5056940	pos	0	1	0	0	1	1	1	1	0	0	1
chr7.5491549.5491834	pos	1	1	0	0	1	1	0	1	0	0	1
chr7.7312173.7312382	pos	1	1	1	1	1	1	0	1	0	0	0
chr7.7427142.7427295	pos	1	1	0	1	1	1	0	1	0	0	0
chr7.7455525.7455605	pos	0	0	0	0	1	1	0	0	0	0	1
chr7.9396642.9396712	pos	1	1	0	0	1	0	0	0	0	1	0
chr7.9490309.9490379	pos	1	1	1	0	1	1	0	1	0	1	0
chr7.10234556.10234661	pos	1	1	1	1	1	0	0	1	0	1	0
chr7.10419964.10420347	pos	1	1	0	0	1	0	0	0	0	0	0
chr7.11463396.11463460	pos	1	1	0	0	1	1	1	1	0	0	1
chr7.12300176.12300247	pos	1	1	0	1	1	1	0	1	1	0	0
chr7.13458530.13459162	pos	0	1	1	1	1	1	0	1	0	0	1
chr7.15813302.15813768	pos	0	1	0	1	1	1	0	1	0	0	1
chr7.16145822.16146412	pos	0	1	1	0	1	1	0	1	0	0	1
chr7.16659491.16660332	pos	1	1	0	1	1	1	0	1	0	1	0
chr7.17101798.17101935	pos	0	1	1	1	1	1	0	1	1	0	1
chr7.17102275.17102415	pos	0	1	1	1	1	1	0	1	1	0	1
chr7.17131956.17132454	pos	0	1	0	1	1	1	0	1	0	0	1
chr7.18532506.18532682	pos	1	1	0	1	1	1	0	1	0	0	1
chr7.18877661.18877882	pos	1	0	0	0	1	1	0	1	0	0	0
chr7.19093312.19093431	pos	0	1	0	0	0	0	0	1	0	0	0
chr7.21430414.21430619	pos	1	1	1	1	1	1	0	1	0	0	0
chr7.21949468.21950218	pos	0	1	0	0	1	1	1	1	0	0	1
chr8.1508559.1508821	pos	1	1	0	1	1	1	0	1	0	1	1
chr8.1795265.1795433	pos	1	1	0	0	1	1	0	1	0	0	0
chr8.2440930.2441115	pos	1	1	0	1	1	0	0	1	0	0	1
chr8.2881523.2881655	pos	1	1	1	0	1	1	0	1	0	1	0
chr8.3120437.3120852	pos	1	1	0	1	1	0	0	0	0	1	0
chr8.3178907.3179068	pos	0	0	0	0	1	1	0	0	0	0	1
chr8.4098522.4099193	pos	0	1	0	0	1	1	0	0	0	0	1
chr8.4697543.4697631	pos	1	1	0	1	1	1	0	1	0	1	0
chr8.5129756.5130042	pos	1	1	0	1	1	1	0	1	0	1	0
chr8.5808306.5808381	pos	1	1	0	1	1	1	0	1	1	0	0
chr8.5808460.5808579	pos	1	1	0	1	1	1	1	1	1	0	0
chr8.5814097.5814910	pos	1	1	0	0	1	1	0	0	0	0	0
chr8.7410491.7410676	pos	0	1	0	1	1	1	0	1	0	0	1
chr8.7990778.7991287	pos	1	1	1	1	1	1	0	1	0	1	0
chr8.8315790.8316417	pos	1	1	0	0	1	0	0	0	0	1	0
chr8.10321896.10321977	pos	1	1	0	1	1	1	0	1	0	1	0
chr8.10438709.10438951	pos	1	1	1	0	1	0	0	1	0	1	0
chr8.11156929.11157045	pos	0	1	0	1	1	0	0	1	0	1	0
chr8.11176610.11177569	pos	1	1	0	1	1	0	0	1	0	1	0
chr8.11681215.11681374	pos	1	1	0	1	1	0	0	1	1	0	0
chr8.13657781.13658148	pos	1	1	1	0	1	1	0	1	0	0	1
chr8.15275339.15275693	pos	1	1	0	1	1	0	0	0	0	1	0
chr8.15704446.15704591	pos	1	1	1	1	1	1	0	1	1	1	1
chr8.17033405.17033927	pos	0	1	0	1	0	0	1	0	0	0	0
chr8.17891541.17891942	pos	1	1	0	1	1	1	0	1	0	0	0
chr8.18747975.18748192	pos	1	1	0	1	1	0	0	0	0	1	0
chr8.18839187.18839289	pos	1	1	0	1	1	0	0	1	0	0	0
chr8.19142574.19142680	pos	0	1	0	0	1	1	0	1	0	0	1
chrV.4099617.4099695	pos	0	1	0	1	1	0	0	1	1	0	1
unplaced-scaffold_145.8801.9224	pos	1	1	1	1	1	1	1	1	1	1	1
chr1.530500.531000	neg	0	0	0	0	0	0	0	0	0	0	0
chr1.1077500.1078000	neg	0	0	0	0	0	0	0	0	0	0	0
chr1.1678000.1678500	neg	0	0	0	0	0	0	0	0	0	0	0
chr1.3422000.3422500	neg	0	0	0	0	0	0	0	0	0	0	0
chr1.5254500.5255000	neg	0	0	0	0	0	0	0	0	0	0	0
chr1.6317500.6318000	neg	0	0	0	0	0	0	0	0	0	0	0
chr1.6864500.6865000	neg	0	0	0	0	0	0	0	0	0	0	0
chr1.6985500.6986000	neg	0	0	0	0	0	0	0	0	0	0	0
chr1.7179500.7180000	neg	0	0	0	0	0	0	0	0	0	0	0
chr1.7422000.7422500	neg	0	0	0	0	0	0	0	0	0	0	0
chr1.8562000.8562500	neg	0	0	0	0	0	0	0	0	0	0	0
chr1.11789500.11790000	neg	0	0	0	0	0	0	0	0	0	0	0
chr1.12376000.12376500	neg	0	0	0	0	0	0	0	0	0	0	0
chr1.13276000.13276500	neg	0	0	0	0	0	0	0	0	0	0	0
chr1.13503500.13504000	neg	0	0	0	0	0	0	0	0	0	0	0
chr1.13693500.13694000	neg	0	0	0	0	0	0	0	0	0	0	0
chr1.16143000.16143500	neg	0	0	0	0	0	0	0	0	0	0	0
chr1.18647000.18647500	neg	0	0	0	0	0	0	0	0	0	0	0
chr1.18965500.18966000	neg	0	0	0	0	0	0	0	0	0	0	0
chr1.20980500.20981000	neg	0	0	0	0	0	0	0	0	0	0	0
chr1.21177000.21177500	neg	0	0	0	0	0	0	0	0	0	0	0
chr1.22002500.22003000	neg	0	0	0	0	0	0	0	0	0	0	0
chr1.23159500.23160000	neg	0	0	0	0	0	0	0	0	0	0	0
chr1.24071000.24071500	neg	0	0	0	0	0	0	0	0	0	0	0
chr1.24117000.24117500	neg	0	0	0	0	0	0	0	0	0	0	0
chr1.24155000.24155500	neg	0	0	0	0	0	0	0	0	0	0	0
chr1.25072500.25073000	neg	0	0	0	0	0	0	0	0	0	0	0
chr1.25651500.25652000	neg	0	0	0	0	0	0	0	0	0	0	0
chr1.26033000.26033500	neg	0	0	0	0	0	0	0	0	0	0	0
chr1.27083000.27083500	neg	0	0	0	0	0	0	0	0	0	0	0
chr1.28512000.28512500	neg	0	0	0	0	0	0	0	0	0	0	0
chr1.29100500.29101000	neg	0	0	0	0	0	0	0	0	0	0	0
chr1.29356000.29356500	neg	0	0	0	0	0	0	0	0	0	0	0
chr1.30163000.30163500	neg	0	0	0	0	0	0	0	0	0	0	0
chr2.854000.854500	neg	0	0	0	0	0	0	0	0	0	0	0
chr2.1136500.1137000	neg	0	0	0	0	0	0	0	0	0	0	0
chr2.2292000.2292500	neg	0	0	0	0	0	0	0	0	0	0	0
chr2.3776000.3776500	neg	0	0	0	0	0	0	0	0	0	0	0
chr2.4609500.4610000	neg	0	0	0	0	0	0	0	0	0	0	0
chr2.5947000.5947500	neg	0	0	0	0	0	0	0	0	0	0	0
chr2.6356500.6357000	neg	0	0	0	0	0	0	0	0	0	0	0
chr2.8033500.8034000	neg	0	0	0	0	0	0	0	0	0	0	0
chr2.9490000.9490500	neg	0	0	0	0	0	0	0	0	0	0	0
chr2.9993000.9993500	neg	0	0	0	0	0	0	0	0	0	0	0
chr2.10144500.10145000	neg	0	0	0	0	0	0	0	0	0	0	0
chr2.10322000.10322500	neg	0	0	0	0	0	0	0	0	0	0	0
chr2.10887500.10888000	neg	0	0	0	0	0	0	0	0	0	0	0
chr2.11222500.11223000	neg	0	0	0	0	0	0	0	0	0	0	0
chr2.12683000.12683500	neg	0	0	0	0	0	0	0	0	0	0	0
chr2.13586500.13587000	neg	0	0	0	0	0	0	0	0	0	0	0
chr2.14571500.14572000	neg	0	0	0	0	0	0	0	0	0	0	0
chr2.14702000.14702500	neg	0	0	0	0	0	0	0	0	0	0	0
chr2.16617500.16618000	neg	0	0	0	0	0	0	0	0	0	0	0
chr2.18171500.18172000	neg	0	0	0	0	0	0	0	0	0	0	0
chr2.19799000.19799500	neg	0	0	0	0	0	0	0	0	0	0	0
chr2.21615500.21616000	neg	0	0	0	0	0	0	0	0	0	0	0
chr2.23294000.23294500	neg	0	0	0	0	0	0	0	0	0	0	0
chr2.23777500.23778000	neg	0	0	0	0	0	0	0	0	0	0	0
chr2.26150500.26151000	neg	0	0	0	0	0	0	0	0	0	0	0
chr2.27099000.27099500	neg	0	0	0	0	0	0	0	0	0	0	0
chr2.28144000.28144500	neg	0	0	0	0	0	0	0	0	0	0	0
chr2.28539500.28540000	neg	0	0	0	0	0	0	0	0	0	0	0
chr3.2385000.2385500	neg	0	0	0	0	0	0	0	0	0	0	0
chr3.4020500.4021000	neg	0	0	0	0	0	0	0	0	0	0	0
chr3.4432000.4432500	neg	0	0	0	0	0	0	0	0	0	0	0
chr3.4549500.4550000	neg	0	0	0	0	0	0	0	0	0	0	0
chr3.6259500.6260000	neg	0	0	0	0	0	0	0	0	0	0	0
chr3.9618500.9619000	neg	0	0	0	0	0	0	0	0	0	0	0
chr3.10635500.10636000	neg	0	0	0	0	0	0	0	0	0	0	0
chr3.11617500.11618000	neg	0	0	0	0	0	0	0	0	0	0	0
chr3.11839000.11839500	neg	0	0	0	0	0	0	0	0	0	0	0
chr3.11975000.11975500	neg	0	0	0	0	0	0	0	0	0	0	0
chr3.12058000.12058500	neg	0	0	0	0	0	0	0	0	0	0	0
chr3.12627000.12627500	neg	0	0	0	0	0	0	0	0	0	0	0
chr3.13718500.13719000	neg	0	0	0	0	0	0	0	0	0	0	0
chr3.13740000.13740500	neg	0	0	0	0	0	0	0	0	0	0	0
chr3.17501000.17501500	neg	0	0	0	0	0	0	0	0	0	0	0
chr3.18320500.18321000	neg	0	0	0	0	0	0	0	0	0	0	0
chr3.21082500.21083000	neg	0	0	0	0	0	0	0	0	0	0	0
chr3.22398000.22398500	neg	0	0	0	0	0	0	0	0	0	0	0
chr3.22875000.22875500	neg	0	0	0	0	0	0	0	0	0	0	0
chr3.23521500.23522000	neg	0	0	0	0	0	0	0	0	0	0	0
chr3.24238500.24239000	neg	0	0	0	0	0	0	0	0	0	0	0
chr3.24251000.24251500	neg	0	0	0	0	0	0	0	0	0	0	0
chr3.24594000.24594500	neg	0	0	0	0	0	0	0	0	0	0	0
chr3.25282500.25283000	neg	0	0	0	0	0	0	0	0	0	0	0
chr3.26495000.26495500	neg	0	0	0	0	0	0	0	0	0	0	0
chr4.1482000.1482500	neg	0	0	0	0	0	0	0	0	0	0	0
chr4.1614000.1614500	neg	0	0	0	0	0	0	0	0	0	0	0
chr4.3141000.3141500	neg	0	0	0	0	0	0	0	0	0	0	0
chr4.4059500.4060000	neg	0	0	0	0	0	0	0	0	0	0	0
chr4.4546500.4547000	neg	0	0	0	0	0	0	0	0	0	0	0
chr4.4787000.4787500	neg	0	0	0	0	0	0	0	0	0	0	0
chr4.4856000.4856500	neg	0	0	0	0	0	0	0	0	0	0	0
chr4.5335000.5335500	neg	0	0	0	0	0	0	0	0	0	0	0
chr4.6320500.6321000	neg	0	0	0	0	0	0	0	0	0	0	0
chr4.6604000.6604500	neg	0	0	0	0	0	0	0	0	0	0	0
chr4.6656500.6657000	neg	0	0	0	0	0	0	0	0	0	0	0
chr4.7810000.7810500	neg	0	0	0	0	0	0	0	0	0	0	0
chr4.8293000.8293500	neg	0	0	0	0	0	0	0	0	0	0	0
chr4.8709000.8709500	neg	0	0	0	0	0	0	0	0	0	0	0
chr4.8834500.8835000	neg	0	0	0	0	0	0	0	0	0	0	0
chr4.8943500.8944000	neg	0	0	0	0	0	0	0	0	0	0	0
chr4.10924500.10925000	neg	0	0	0	0	0	0	0	0	0	0	0
chr4.11579000.11579500	neg	0	0	0	0	0	0	0	0	0	0	0
chr4.12022500.12023000	neg	0	0	0	0	0	0	0	0	0	0	0
chr4.12275000.12275500	neg	0	0	0	0	0	0	0	0	0	0	0
chr4.12448500.12449000	neg	0	0	0	0	0	0	0	0	0	0	0
chr4.14058000.14058500	neg	0	0	0	0	0	0	0	0	0	0	0
chr4.14351500.14352000	neg	0	0	0	0	0	0	0	0	0	0	0
chr4.14739000.14739500	neg	0	0	0	0	0	0	0	0	0	0	0
chr4.15759500.15760000	neg	0	0	0	0	0	0	0	0	0	0	0
chr4.15760500.15761000	neg	0	0	0	0	0	0	0	0	0	0	0
chr4.16476500.16477000	neg	0	0	0	0	0	0	0	0	0	0	0
chr4.16586500.16587000	neg	0	0	0	0	0	0	0	0	0	0	0
chr4.16691000.16691500	neg	0	0	0	0	0	0	0	0	0	0	0
chr4.17527000.17527500	neg	0	0	0	0	0	0	0	0	0	0	0
chr4.18899000.18899500	neg	0	0	0	0	0	0	0	0	0	0	0
chr4.21009500.21010000	neg	0	0	0	0	0	0	0	0	0	0	0
chr4.21429000.21429500	neg	0	0	0	0	0	0	0	0	0	0	0
chr4.22789000.22789500	neg	0	0	0	0	0	0	0	0	0	0	0
chr4.24371500.24372000	neg	0	0	0	0	0	0	0	0	0	0	0
chr4.24720500.24721000	neg	0	0	0	0	0	0	0	0	0	0	0
chr4.24830500.24831000	neg	0	0	0	0	0	0	0	0	0	0	0
chr4.25506500.25507000	neg	0	0	0	0	0	0	0	0	0	0	0
chr4.25963500.25964000	neg	0	0	0	0	0	0	0	0	0	0	0
chr4.26496000.26496500	neg	0	0	0	0	0	0	0	0	0	0	0
chr5.204000.204500	neg	0	0	0	0	0	0	0	0	0	0	0
chr5.1011000.1011500	neg	0	0	0	0	0	0	0	0	0	0	0
chr5.1074000.1074500	neg	0	0	0	0	0	0	0	0	0	0	0
chr5.2372500.2373000	neg	0	0	0	0	0	0	0	0	0	0	0
chr5.2740500.2741000	neg	0	0	0	0	0	0	0	0	0	0	0
chr5.2780000.2780500	neg	0	0	0	0	0	0	0	0	0	0	0
chr5.2801000.2801500	neg	0	0	0	0	0	0	0	0	0	0	0
chr5.2979000.2979500	neg	0	0	0	0	0	0	0	0	0	0	0
chr5.4618000.4618500	neg	0	0	0	0	0	0	0	0	0	0	0
chr5.4762500.4763000	neg	0	0	0	0	0	0	0	0	0	0	0
chr5.5777000.5777500	neg	0	0	0	0	0	0	0	0	0	0	0
chr5.6107000.6107500	neg	0	0	0	0	0	0	0	0	0	0	0
chr5.7098500.7099000	neg	0	0	0	0	0	0	0	0	0	0	0
chr5.10329500.10330000	neg	0	0	0	0	0	0	0	0	0	0	0
chr5.11038000.11038500	neg	0	0	0	0	0	0	0	0	0	0	0
chr5.12961500.12962000	neg	0	0	0	0	0	0	0	0	0	0	0
chr5.13539500.13540000	neg	0	0	0	0	0	0	0	0	0	0	0
chr5.14176500.14177000	neg	0	0	0	0	0	0	0	0	0	0	0
chr5.15777000.15777500	neg	0	0	0	0	0	0	0	0	0	0	0
chr5.16761500.16762000	neg	0	0	0	0	0	0	0	0	0	0	0
chr5.16914000.16914500	neg	0	0	0	0	0	0	0	0	0	0	0
chr5.17600000.17600500	neg	0	0	0	0	0	0	0	0	0	0	0
chr5.17801500.17802000	neg	0	0	0	0	0	0	0	0	0	0	0
chr5.18634000.18634500	neg	0	0	0	0	0	0	0	0	0	0	0
chr5.19396000.19396500	neg	0	0	0	0	0	0	0	0	0	0	0
chr5.19736500.19737000	neg	0	0	0	0	0	0	0	0	0	0	0
chr5.21287500.21288000	neg	0	0	0	0	0	0	0	0	0	0	0
chr5.21819500.21820000	neg	0	0	0	0	0	0	0	0	0	0	0
chr5.23668500.23669000	neg	0	0	0	0	0	0	0	0	0	0	0
chr5.25491000.25491500	neg	0	0	0	0	0	0	0	0	0	0	0
chr5.25630500.25631000	neg	0	0	0	0	0	0	0	0	0	0	0
chr5.25826500.25827000	neg	0	0	0	0	0	0	0	0	0	0	0
chr5.26509500.26510000	neg	0	0	0	0	0	0	0	0	0	0	0
chr5.26571500.26572000	neg	0	0	0	0	0	0	0	0	0	0	0
chr5.26750500.26751000	neg	0	0	0	0	0	0	0	0	0	0	0
chr6.889000.889500	neg	0	0	0	0	0	0	0	0	0	0	0
chr6.1074000.1074500	neg	0	0	0	0	0	0	0	0	0	0	0
chr6.1957000.1957500	neg	0	0	0	0	0	0	0	0	0	0	0
chr6.2075000.2075500	neg	0	0	0	0	0	0	0	0	0	0	0
chr6.2659000.2659500	neg	0	0	0	0	0	0	0	0	0	0	0
chr6.4126000.4126500	neg	0	0	0	0	0	0	0	0	0	0	0
chr6.7089500.7090000	neg	0	0	0	0	0	0	0	0	0	0	0
chr6.8372500.8373000	neg	0	0	0	0	0	0	0	0	0	0	0
chr6.9382500.9383000	neg	0	0	0	0	0	0	0	0	0	0	0
chr6.10486500.10487000	neg	0	0	0	0	0	0	0	0	0	0	0
chr6.10623000.10623500	neg	0	0	0	0	0	0	0	0	0	0	0
chr6.11717000.11717500	neg	0	0	0	0	0	0	0	0	0	0	0
chr6.12474000.12474500	neg	0	0	0	0	0	0	0	0	0	0	0
chr6.12481000.12481500	neg	0	0	0	0	0	0	0	0	0	0	0
chr6.12683000.12683500	neg	0	0	0	0	0	0	0	0	0	0	0
chr6.13446500.13447000	neg	0	0	0	0	0	0	0	0	0	0	0
chr6.14727000.14727500	neg	0	0	0	0	0	0	0	0	0	0	0
chr6.14735500.14736000	neg	0	0	0	0	0	0	0	0	0	0	0
chr6.15035000.15035500	neg	0	0	0	0	0	0	0	0	0	0	0
chr6.15275500.15276000	neg	0	0	0	0	0	0	0	0	0	0	0
chr6.15481000.15481500	neg	0	0	0	0	0	0	0	0	0	0	0
chr6.16313000.16313500	neg	0	0	0	0	0	0	0	0	0	0	0
chr6.17179500.17180000	neg	0	0	0	0	0	0	0	0	0	0	0
chr6.19013000.19013500	neg	0	0	0	0	0	0	0	0	0	0	0
chr6.19439000.19439500	neg	0	0	0	0	0	0	0	0	0	0	0
chr6.20255000.20255500	neg	0	0	0	0	0	0	0	0	0	0	0
chr6.20778500.20779000	neg	0	0	0	0	0	0	0	0	0	0	0
chr6.21062500.21063000	neg	0	0	0	0	0	0	0	0	0	0	0
chr6.21845500.21846000	neg	0	0	0	0	0	0	0	0	0	0	0
chr6.21934500.21935000	neg	0	0	0	0	0	0	0	0	0	0	0
chr6.23282000.23282500	neg	0	0	0	0	0	0	0	0	0	0	0
chr7.151000.151500	neg	0	0	0	0	0	0	0	0	0	0	0
chr7.2597500.2598000	neg	0	0	0	0	0	0	0	0	0	0	0
chr7.4361500.4362000	neg	0	0	0	0	0	0	0	0	0	0	0
chr7.5390500.5391000	neg	0	0	0	0	0	0	0	0	0	0	0
chr7.5493500.5494000	neg	0	0	0	0	0	0	0	0	0	0	0
chr7.5494000.5494500	neg	0	0	0	0	0	0	0	0	0	0	0
chr7.6132500.6133000	neg	0	0	0	0	0	0	0	0	0	0	0
chr7.6368500.6369000	neg	0	0	0	0	0	0	0	0	0	0	0
chr7.7541500.7542000	neg	0	0	0	0	0	0	0	0	0	0	0
chr7.8808000.8808500	neg	0	0	0	0	0	0	0	0	0	0	0
chr7.9121500.9122000	neg	0	0	0	0	0	0	0	0	0	0	0
chr7.9966500.9967000	neg	0	0	0	0	0	0	0	0	0	0	0
chr7.10869000.10869500	neg	0	0	0	0	0	0	0	0	0	0	0
chr7.13653500.13654000	neg	0	0	0	0	0	0	0	0	0	0	0
chr7.14785500.14786000	neg	0	0	0	0	0	0	0	0	0	0	0
chr7.15273500.15274000	neg	0	0	0	0	0	0	0	0	0	0	0
chr7.16650500.16651000	neg	0	0	0	0	0	0	0	0	0	0	0
chr7.16986000.16986500	neg	0	0	0	0	0	0	0	0	0	0	0
chr7.19277500.19278000	neg	0	0	0	0	0	0	0	0	0	0	0
chr7.19300500.19301000	neg	0	0	0	0	0	0	0	0	0	0	0
chr7.20768000.20768500	neg	0	0	0	0	0	0	0	0	0	0	0
chr7.20919500.20920000	neg	0	0	0	0	0	0	0	0	0	0	0
chr7.21317000.21317500	neg	0	0	0	0	0	0	0	0	0	0	0
chr7.21402000.21402500	neg	0	0	0	0	0	0	0	0	0	0	0
chr7.21491000.21491500	neg	0	0	0	0	0	0	0	0	0	0	0
chr8.943000.943500	neg	0	0	0	0	0	0	0	0	0	0	0
chr8.1085000.1085500	neg	0	0	0	0	0	0	0	0	0	0	0
chr8.1255500.1256000	neg	0	0	0	0	0	0	0	0	0	0	0
chr8.3288000.3288500	neg	0	0	0	0	0	0	0	0	0	0	0
chr8.5228500.5229000	neg	0	0	0	0	0	0	0	0	0	0	0
chr8.6265500.6266000	neg	0	0	0	0	0	0	0	0	0	0	0
chr8.6328500.6329000	neg	0	0	0	0	0	0	0	0	0	0	0
chr8.6566000.6566500	neg	0	0	0	0	0	0	0	0	0	0	0
chr8.7225500.7226000	neg	0	0	0	0	0	0	0	0	0	0	0
chr8.8934500.8935000	neg	0	0	0	0	0	0	0	0	0	0	0
chr8.9094000.9094500	neg	0	0	0	0	0	0	0	0	0	0	0
chr8.9311000.9311500	neg	0	0	0	0	0	0	0	0	0	0	0
chr8.10707000.10707500	neg	0	0	0	0	0	0	0	0	0	0	0
chr8.10921000.10921500	neg	0	0	0	0	0	0	0	0	0	0	0
chr8.11068500.11069000	neg	0	0	0	0	0	0	0	0	0	0	0
chr8.11083500.11084000	neg	0	0	0	0	0	0	0	0	0	0	0
chr8.11084000.11084500	neg	0	0	0	0	0	0	0	0	0	0	0
chr8.11842500.11843000	neg	0	0	0	0	0	0	0	0	0	0	0
chr8.11959000.11959500	neg	0	0	0	0	0	0	0	0	0	0	0
chr8.12643000.12643500	neg	0	0	0	0	0	0	0	0	0	0	0
chr8.14106500.14107000	neg	0	0	0	0	0	0	0	0	0	0	0
chr8.16891000.16891500	neg	0	0	0	0	0	0	0	0	0	0	0
chr8.17647500.17648000	neg	0	0	0	0	0	0	0	0	0	0	0
chr8.20225000.20225500	neg	0	0	0	0	0	0	0	0	0	0	0
chr8.20525500.20526000	neg	0	0	0	0	0	0	0	0	0	0	0
chr8.20829500.20830000	neg	0	0	0	0	0	0	0	0	0	0	0
chrU.3334500.3335000	neg	0	0	0	0	0	0	0	0	0	0	0
chrV.7161500.7162000	neg	0	0	0	0	0	0	0	0	0	0	0
chrV.7248500.7249000	neg	0	0	0	0	0	0	0	0	0	0	0
unplaced-scaffold_330.7500.8000	neg	0	0	0	0	0	0	0	0	0	0	0
unplaced-scaffold_407.5000.5500	neg	0	0	0	0	0	0	0	0	0	0	0
