peak	Class	H2Aub	H2AZ	H3	H3K4me1	H3K4me3	H3K9ac	H3K9me1	H3K14ac	H3K27me1	H3K27me3	H3K36me3
chr1.18409500.18409628	pos	0	1	0	1	1	0	1	1	0	0	1
chr1.29390406.29390695	pos	1	1	0	1	1	1	0	1	0	1	0
chr2.5834665.5834781	pos	1	1	0	1	1	1	0	1	0	1	1
chr2.8148647.8148732	pos	0	1	0	0	1	1	0	0	0	0	1
chr2.12437464.12437529	pos	0	0	0	0	0	0	0	0	0	1	0
chr2.13176387.13176495	pos	1	1	0	1	1	1	0	1	0	0	1
chr2.15866887.15867196	pos	0	0	0	0	0	0	1	0	1	0	0
chr2.17869705.17869790	pos	1	1	0	0	1	1	0	1	0	1	0
chr2.18483083.18483865	pos	1	1	1	0	1	1	0	1	0	0	1
chr3.2227424.2227500	pos	1	1	0	0	1	1	0	1	0	0	1
chr3.3718930.3719063	pos	0	0	0	0	0	0	1	0	1	0	0
chr3.8090637.8090803	pos	1	1	0	1	1	0	0	1	0	1	0
chr3.17057292.17057372	pos	1	1	0	1	1	1	1	1	1	1	1
chr3.17644187.17644421	pos	1	1	1	1	1	1	1	1	0	1	0
chr3.20047652.20047903	pos	0	1	0	0	0	1	0	0	0	0	0
chr4.806107.806227	pos	1	1	0	1	1	0	1	1	0	0	0
chr4.4063078.4063185	pos	1	1	0	1	1	1	0	1	1	1	1
chr4.6232995.6233072	pos	1	1	0	1	1	0	0	0	0	1	0
chr4.10923515.10923648	pos	1	1	0	1	1	1	0	1	0	0	1
chr4.11318365.11318976	pos	0	0	0	0	0	0	1	0	1	0	0
chr4.11503058.11503305	pos	1	1	0	0	1	0	0	0	0	1	0
chr4.18066182.18066314	pos	0	1	0	0	0	1	0	0	0	0	0
chr4.20400997.20401081	pos	0	1	0	1	1	1	0	1	0	0	1
chr4.22726383.22726486	pos	1	1	0	1	1	0	0	0	0	1	0
chr5.1219110.1219174	pos	1	0	0	0	0	0	0	0	0	0	0
chr5.5075384.5075482	pos	1	1	1	0	1	0	0	0	0	1	0
chr5.5128437.5128567	pos	1	1	0	0	1	0	0	0	0	1	0
chr5.5690882.5690946	pos	0	1	0	1	1	1	0	1	0	0	1
chr5.19169619.19169685	pos	1	1	0	1	1	1	0	1	0	0	1
chr5.21828255.21828342	pos	0	1	0	0	1	1	0	1	0	0	1
chr5.25632690.25632873	pos	1	1	0	1	1	1	0	0	0	0	1
chr6.18658770.18658849	pos	1	1	0	1	1	0	0	1	0	0	1
chr6.18659550.18659692	pos	1	1	0	1	1	0	0	1	0	0	1
chr6.22766978.22767167	pos	1	1	1	1	1	0	1	0	0	1	0
chr7.3601928.3602047	pos	1	1	0	1	1	0	1	1	1	1	0
chr7.7391358.7391469	pos	0	1	0	1	1	0	1	1	1	0	0
chr7.10140257.10140321	pos	0	1	0	0	0	1	1	1	1	0	1
chr7.13640300.13640395	pos	0	1	0	1	1	1	0	1	0	0	1
chr7.17257866.17258177	pos	0	0	0	0	0	0	1	0	1	0	0
chr8.5165582.5165653	pos	0	1	1	0	0	1	1	1	0	0	0
chr8.5224124.5224248	pos	1	1	0	0	1	1	0	0	0	0	1
chr8.5420727.5420895	pos	1	1	0	0	1	1	0	1	0	1	0
chr8.5421051.5421124	pos	1	1	0	0	1	1	0	1	0	1	0
chr8.6064057.6064186	pos	1	1	0	1	1	0	0	0	0	1	0
chr8.11934053.11934145	pos	1	0	0	0	0	0	0	0	0	0	0
chr8.11960610.11960692	pos	1	0	0	0	0	0	0	0	0	1	0
chr8.11962244.11962337	pos	1	0	0	0	0	0	0	0	0	1	0
chr8.16617273.16617371	pos	1	1	0	1	1	1	0	1	0	0	1
chr8.19993892.19994113	pos	1	1	0	1	1	0	1	1	1	0	0
chr1.6791000.6791500	neg	0	0	0	0	0	0	0	0	0	0	0
chr1.9781500.9782000	neg	0	0	0	0	0	0	0	0	0	0	0
chr1.12765500.12766000	neg	0	0	0	0	0	0	0	0	0	0	0
chr1.16631500.16632000	neg	0	0	0	0	0	0	0	0	0	0	0
chr1.30472500.30473000	neg	0	0	0	0	0	0	0	0	0	0	0
chr2.4086500.4087000	neg	0	0	0	0	0	0	0	0	0	0	0
chr2.8984000.8984500	neg	0	0	0	0	0	0	0	0	0	0	0
chr2.10096000.10096500	neg	0	0	0	0	0	0	0	0	0	0	0
chr2.25241000.25241500	neg	0	0	0	0	0	0	0	0	0	0	0
chr2.25267500.25268000	neg	0	0	0	0	0	0	0	0	0	0	0
chr3.937000.937500	neg	0	0	0	0	0	0	0	0	0	0	0
chr3.9861000.9861500	neg	0	0	0	0	0	0	0	0	0	0	0
chr3.11832000.11832500	neg	0	0	0	0	0	0	0	0	0	0	0
chr3.22084500.22085000	neg	0	0	0	0	0	0	0	0	0	0	0
chr3.25000000.25000500	neg	0	0	0	0	0	0	0	0	0	0	0
chr4.2506000.2506500	neg	0	0	0	0	0	0	0	0	0	0	0
chr4.3219000.3219500	neg	0	0	0	0	0	0	0	0	0	0	0
chr4.6728500.6729000	neg	0	0	0	0	0	0	0	0	0	0	0
chr4.11213500.11214000	neg	0	0	0	0	0	0	0	0	0	0	0
chr4.17252000.17252500	neg	0	0	0	0	0	0	0	0	0	0	0
chr4.17627000.17627500	neg	0	0	0	0	0	0	0	0	0	0	0
chr4.20558500.20559000	neg	0	0	0	0	0	0	0	0	0	0	0
chr4.26016000.26016500	neg	0	0	0	0	0	0	0	0	0	0	0
chr5.949000.949500	neg	0	0	0	0	0	0	0	0	0	0	0
chr5.3909000.3909500	neg	0	0	0	0	0	0	0	0	0	0	0
chr5.6539500.6540000	neg	0	0	0	0	0	0	0	0	0	0	0
chr5.9425000.9425500	neg	0	0	0	0	0	0	0	0	0	0	0
chr5.13815000.13815500	neg	0	0	0	0	0	0	0	0	0	0	0
chr5.19560500.19561000	neg	0	0	0	0	0	0	0	0	0	0	0
chr6.4375500.4376000	neg	0	0	0	0	0	0	0	0	0	0	0
chr6.5285500.5286000	neg	0	0	0	0	0	0	0	0	0	0	0
chr6.6817000.6817500	neg	0	0	0	0	0	0	0	0	0	0	0
chr6.11350000.11350500	neg	0	0	0	0	0	0	0	0	0	0	0
chr6.14043000.14043500	neg	0	0	0	0	0	0	0	0	0	0	0
chr6.17927000.17927500	neg	0	0	0	0	0	0	0	0	0	0	0
chr6.20341000.20341500	neg	0	0	0	0	0	0	0	0	0	0	0
chr6.20756500.20757000	neg	0	0	0	0	0	0	0	0	0	0	0
chr7.9071000.9071500	neg	0	0	0	0	0	0	0	0	0	0	0
chr7.11981000.11981500	neg	0	0	0	0	0	0	0	0	0	0	0
chr7.15974500.15975000	neg	0	0	0	0	0	0	0	0	0	0	0
chr7.18754500.18755000	neg	0	0	0	0	0	0	0	0	0	0	0
chr8.1255000.1255500	neg	0	0	0	0	0	0	0	0	0	0	0
chr8.12924000.12924500	neg	0	0	0	0	0	0	0	0	0	0	0
chr8.18394500.18395000	neg	0	0	0	0	0	0	0	0	0	0	0
chr8.19865500.19866000	neg	0	0	0	0	0	0	0	0	0	0	0
chrV.7162500.7163000	neg	0	0	0	0	0	0	0	0	0	0	0
unplaced-scaffold_078.54500.55000	neg	0	0	0	0	0	0	0	0	0	0	0
unplaced-scaffold_257.10500.11000	neg	0	0	0	0	0	0	0	0	0	0	0
unplaced-scaffold_399.8000.8500	neg	0	0	0	0	0	0	0	0	0	0	0
