peak	Class	H2Aub	H2AZ	H3	H3K4me1	H3K4me3	H3K9ac	H3K9me1	H3K14ac	H3K27me1	H3K27me3	H3K36me3
chr1.18409500.18409628	pos	0	1	0	1	1	0	1	1	0	0	1
chr1.29390406.29390695	pos	1	1	0	1	1	1	0	1	0	1	0
chr2.5834665.5834781	pos	1	1	0	1	1	1	0	1	0	1	1
chr2.8148647.8148732	pos	0	1	0	0	1	1	0	0	0	0	1
chr2.12437464.12437529	pos	0	0	0	0	0	0	0	0	0	1	0
chr2.13176387.13176495	pos	1	1	0	1	1	1	0	1	0	0	1
chr2.15866887.15867196	pos	0	0	0	0	0	0	1	0	1	0	0
chr2.17869705.17869790	pos	1	1	0	0	1	1	0	1	0	1	0
chr2.18483083.18483865	pos	1	1	1	0	1	1	0	1	0	0	1
chr3.2227424.2227500	pos	1	1	0	0	1	1	0	1	0	0	1
chr3.3718930.3719063	pos	0	0	0	0	0	0	1	0	1	0	0
chr3.8090637.8090803	pos	1	1	0	1	1	0	0	1	0	1	0
chr3.17057292.17057372	pos	1	1	0	1	1	1	1	1	1	1	1
chr3.17644187.17644421	pos	1	1	1	1	1	1	1	1	0	1	0
chr3.20047652.20047903	pos	0	1	0	0	0	1	0	0	0	0	0
chr4.806107.806227	pos	1	1	0	1	1	0	1	1	0	0	0
chr4.4063078.4063185	pos	1	1	0	1	1	1	0	1	1	1	1
chr4.6232995.6233072	pos	1	1	0	1	1	0	0	0	0	1	0
chr4.10923515.10923648	pos	1	1	0	1	1	1	0	1	0	0	1
chr4.11318365.11318976	pos	0	0	0	0	0	0	1	0	1	0	0
chr4.11503058.11503305	pos	1	1	0	0	1	0	0	0	0	1	0
chr4.18066182.18066314	pos	0	1	0	0	0	1	0	0	0	0	0
chr4.20400997.20401081	pos	0	1	0	1	1	1	0	1	0	0	1
chr4.22726383.22726486	pos	1	1	0	1	1	0	0	0	0	1	0
chr5.1219110.1219174	pos	1	0	0	0	0	0	0	0	0	0	0
chr5.5075384.5075482	pos	1	1	1	0	1	0	0	0	0	1	0
chr5.5128437.5128567	pos	1	1	0	0	1	0	0	0	0	1	0
chr5.5690882.5690946	pos	0	1	0	1	1	1	0	1	0	0	1
chr5.19169619.19169685	pos	1	1	0	1	1	1	0	1	0	0	1
chr5.21828255.21828342	pos	0	1	0	0	1	1	0	1	0	0	1
chr5.25632690.25632873	pos	1	1	0	1	1	1	0	0	0	0	1
chr6.18658770.18658849	pos	1	1	0	1	1	0	0	1	0	0	1
chr6.18659550.18659692	pos	1	1	0	1	1	0	0	1	0	0	1
chr6.22766978.22767167	pos	1	1	1	1	1	0	1	0	0	1	0
chr7.3601928.3602047	pos	1	1	0	1	1	0	1	1	1	1	0
chr7.7391358.7391469	pos	0	1	0	1	1	0	1	1	1	0	0
chr7.10140257.10140321	pos	0	1	0	0	0	1	1	1	1	0	1
chr7.13640300.13640395	pos	0	1	0	1	1	1	0	1	0	0	1
chr7.17257866.17258177	pos	0	0	0	0	0	0	1	0	1	0	0
chr8.5165582.5165653	pos	0	1	1	0	0	1	1	1	0	0	0
chr8.5224124.5224248	pos	1	1	0	0	1	1	0	0	0	0	1
chr8.5420727.5420895	pos	1	1	0	0	1	1	0	1	0	1	0
chr8.5421051.5421124	pos	1	1	0	0	1	1	0	1	0	1	0
chr8.6064057.6064186	pos	1	1	0	1	1	0	0	0	0	1	0
chr8.11934053.11934145	pos	1	0	0	0	0	0	0	0	0	0	0
chr8.11960610.11960692	pos	1	0	0	0	0	0	0	0	0	1	0
chr8.11962244.11962337	pos	1	0	0	0	0	0	0	0	0	1	0
chr8.16617273.16617371	pos	1	1	0	1	1	1	0	1	0	0	1
chr8.19993892.19994113	pos	1	1	0	1	1	0	1	1	1	0	0
chr1.59000.59500	neg	0	0	0	0	0	0	0	0	0	0	0
chr1.2405000.2405500	neg	0	0	0	0	0	0	0	0	0	0	0
chr1.3595500.3596000	neg	0	0	0	0	0	0	0	0	0	0	0
chr1.7253500.7254000	neg	0	0	0	0	0	0	0	0	0	0	0
chr1.8752000.8752500	neg	0	0	0	0	0	0	0	0	0	0	0
chr1.17721500.17722000	neg	0	0	0	0	0	0	0	0	0	0	0
chr1.20095500.20096000	neg	0	0	0	0	0	0	0	0	0	0	0
chr1.29632500.29633000	neg	0	0	0	0	0	0	0	0	0	0	0
chr2.7394000.7394500	neg	0	0	0	0	0	0	0	0	0	0	0
chr2.15794500.15795000	neg	0	0	0	0	0	0	0	0	0	0	0
chr2.16707500.16708000	neg	0	0	0	0	0	0	0	0	0	0	0
chr2.21649500.21650000	neg	0	0	0	0	0	0	0	0	0	0	0
chr2.23777500.23778000	neg	0	0	0	0	0	0	0	0	0	0	0
chr2.27110500.27111000	neg	0	0	0	0	0	0	0	0	0	0	0
chr3.3733000.3733500	neg	0	0	0	0	0	0	0	0	0	0	0
chr3.4170500.4171000	neg	0	0	0	0	0	0	0	0	0	0	0
chr3.4558500.4559000	neg	0	0	0	0	0	0	0	0	0	0	0
chr3.4888000.4888500	neg	0	0	0	0	0	0	0	0	0	0	0
chr3.24986000.24986500	neg	0	0	0	0	0	0	0	0	0	0	0
chr4.2713000.2713500	neg	0	0	0	0	0	0	0	0	0	0	0
chr4.7672500.7673000	neg	0	0	0	0	0	0	0	0	0	0	0
chr4.16743500.16744000	neg	0	0	0	0	0	0	0	0	0	0	0
chr4.20005000.20005500	neg	0	0	0	0	0	0	0	0	0	0	0
chr4.20821500.20822000	neg	0	0	0	0	0	0	0	0	0	0	0
chr5.1125000.1125500	neg	0	0	0	0	0	0	0	0	0	0	0
chr5.10175500.10176000	neg	0	0	0	0	0	0	0	0	0	0	0
chr5.12468000.12468500	neg	0	0	0	0	0	0	0	0	0	0	0
chr5.12479500.12480000	neg	0	0	0	0	0	0	0	0	0	0	0
chr5.17255500.17256000	neg	0	0	0	0	0	0	0	0	0	0	0
chr5.20276000.20276500	neg	0	0	0	0	0	0	0	0	0	0	0
chr5.21285500.21286000	neg	0	0	0	0	0	0	0	0	0	0	0
chr5.22719500.22720000	neg	0	0	0	0	0	0	0	0	0	0	0
chr6.3915500.3916000	neg	0	0	0	0	0	0	0	0	0	0	0
chr6.7476500.7477000	neg	0	0	0	0	0	0	0	0	0	0	0
chr6.8418500.8419000	neg	0	0	0	0	0	0	0	0	0	0	0
chr6.9891500.9892000	neg	0	0	0	0	0	0	0	0	0	0	0
chr6.10356000.10356500	neg	0	0	0	0	0	0	0	0	0	0	0
chr6.10558000.10558500	neg	0	0	0	0	0	0	0	0	0	0	0
chr7.105000.105500	neg	0	0	0	0	0	0	0	0	0	0	0
chr7.3289500.3290000	neg	0	0	0	0	0	0	0	0	0	0	0
chr7.13054000.13054500	neg	0	0	0	0	0	0	0	0	0	0	0
chr7.19457000.19457500	neg	0	0	0	0	0	0	0	0	0	0	0
chr7.20990000.20990500	neg	0	0	0	0	0	0	0	0	0	0	0
chr8.304500.305000	neg	0	0	0	0	0	0	0	0	0	0	0
chr8.9566500.9567000	neg	0	0	0	0	0	0	0	0	0	0	0
chr8.10218500.10219000	neg	0	0	0	0	0	0	0	0	0	0	0
chr8.10310500.10311000	neg	0	0	0	0	0	0	0	0	0	0	0
chr8.11544500.11545000	neg	0	0	0	0	0	0	0	0	0	0	0
chr8.15151500.15152000	neg	0	0	0	0	0	0	0	0	0	0	0
