peak	Class	H2Aub	H2AZ	H3	H3K4me1	H3K4me3	H3K9ac	H3K9me1	H3K14ac	H3K27me1	H3K27me3	H3K36me3
chr1.18409500.18409628	pos	0	1	0	1	1	0	1	1	0	0	1
chr1.29390406.29390695	pos	1	1	0	1	1	1	0	1	0	1	0
chr2.5834665.5834781	pos	1	1	0	1	1	1	0	1	0	1	1
chr2.8148647.8148732	pos	0	1	0	0	1	1	0	0	0	0	1
chr2.12437464.12437529	pos	0	0	0	0	0	0	0	0	0	1	0
chr2.13176387.13176495	pos	1	1	0	1	1	1	0	1	0	0	1
chr2.15866887.15867196	pos	0	0	0	0	0	0	1	0	1	0	0
chr2.17869705.17869790	pos	1	1	0	0	1	1	0	1	0	1	0
chr2.18483083.18483865	pos	1	1	1	0	1	1	0	1	0	0	1
chr3.2227424.2227500	pos	1	1	0	0	1	1	0	1	0	0	1
chr3.3718930.3719063	pos	0	0	0	0	0	0	1	0	1	0	0
chr3.8090637.8090803	pos	1	1	0	1	1	0	0	1	0	1	0
chr3.17057292.17057372	pos	1	1	0	1	1	1	1	1	1	1	1
chr3.17644187.17644421	pos	1	1	1	1	1	1	1	1	0	1	0
chr3.20047652.20047903	pos	0	1	0	0	0	1	0	0	0	0	0
chr4.806107.806227	pos	1	1	0	1	1	0	1	1	0	0	0
chr4.4063078.4063185	pos	1	1	0	1	1	1	0	1	1	1	1
chr4.6232995.6233072	pos	1	1	0	1	1	0	0	0	0	1	0
chr4.10923515.10923648	pos	1	1	0	1	1	1	0	1	0	0	1
chr4.11318365.11318976	pos	0	0	0	0	0	0	1	0	1	0	0
chr4.11503058.11503305	pos	1	1	0	0	1	0	0	0	0	1	0
chr4.18066182.18066314	pos	0	1	0	0	0	1	0	0	0	0	0
chr4.20400997.20401081	pos	0	1	0	1	1	1	0	1	0	0	1
chr4.22726383.22726486	pos	1	1	0	1	1	0	0	0	0	1	0
chr5.1219110.1219174	pos	1	0	0	0	0	0	0	0	0	0	0
chr5.5075384.5075482	pos	1	1	1	0	1	0	0	0	0	1	0
chr5.5128437.5128567	pos	1	1	0	0	1	0	0	0	0	1	0
chr5.5690882.5690946	pos	0	1	0	1	1	1	0	1	0	0	1
chr5.19169619.19169685	pos	1	1	0	1	1	1	0	1	0	0	1
chr5.21828255.21828342	pos	0	1	0	0	1	1	0	1	0	0	1
chr5.25632690.25632873	pos	1	1	0	1	1	1	0	0	0	0	1
chr6.18658770.18658849	pos	1	1	0	1	1	0	0	1	0	0	1
chr6.18659550.18659692	pos	1	1	0	1	1	0	0	1	0	0	1
chr6.22766978.22767167	pos	1	1	1	1	1	0	1	0	0	1	0
chr7.3601928.3602047	pos	1	1	0	1	1	0	1	1	1	1	0
chr7.7391358.7391469	pos	0	1	0	1	1	0	1	1	1	0	0
chr7.10140257.10140321	pos	0	1	0	0	0	1	1	1	1	0	1
chr7.13640300.13640395	pos	0	1	0	1	1	1	0	1	0	0	1
chr7.17257866.17258177	pos	0	0	0	0	0	0	1	0	1	0	0
chr8.5165582.5165653	pos	0	1	1	0	0	1	1	1	0	0	0
chr8.5224124.5224248	pos	1	1	0	0	1	1	0	0	0	0	1
chr8.5420727.5420895	pos	1	1	0	0	1	1	0	1	0	1	0
chr8.5421051.5421124	pos	1	1	0	0	1	1	0	1	0	1	0
chr8.6064057.6064186	pos	1	1	0	1	1	0	0	0	0	1	0
chr8.11934053.11934145	pos	1	0	0	0	0	0	0	0	0	0	0
chr8.11960610.11960692	pos	1	0	0	0	0	0	0	0	0	1	0
chr8.11962244.11962337	pos	1	0	0	0	0	0	0	0	0	1	0
chr8.16617273.16617371	pos	1	1	0	1	1	1	0	1	0	0	1
chr8.19993892.19994113	pos	1	1	0	1	1	0	1	1	1	0	0
chr1.7301500.7302000	neg	0	0	0	0	0	0	0	0	0	0	0
chr1.15666500.15667000	neg	0	0	0	0	0	0	0	0	0	0	0
chr1.17346000.17346500	neg	0	0	0	0	0	0	0	0	0	0	0
chr1.18590000.18590500	neg	0	0	0	0	0	0	0	0	0	0	0
chr1.28456000.28456500	neg	0	0	0	0	0	0	0	0	0	0	0
chr2.875000.875500	neg	0	0	0	0	0	0	0	0	0	0	0
chr2.3151000.3151500	neg	0	0	0	0	0	0	0	0	0	0	0
chr2.3232000.3232500	neg	0	0	0	0	0	0	0	0	0	0	0
chr2.6564500.6565000	neg	0	0	0	0	0	0	0	0	0	0	0
chr2.7810500.7811000	neg	0	0	0	0	0	0	0	0	0	0	0
chr2.23352500.23353000	neg	0	0	0	0	0	0	0	0	0	0	0
chr2.24535500.24536000	neg	0	0	0	0	0	0	0	0	0	0	0
chr2.27971500.27972000	neg	0	0	0	0	0	0	0	0	0	0	0
chr3.2295500.2296000	neg	0	0	0	0	0	0	0	0	0	0	0
chr3.9176500.9177000	neg	0	0	0	0	0	0	0	0	0	0	0
chr3.13937500.13938000	neg	0	0	0	0	0	0	0	0	0	0	0
chr3.15924500.15925000	neg	0	0	0	0	0	0	0	0	0	0	0
chr3.18220000.18220500	neg	0	0	0	0	0	0	0	0	0	0	0
chr3.19164500.19165000	neg	0	0	0	0	0	0	0	0	0	0	0
chr4.698000.698500	neg	0	0	0	0	0	0	0	0	0	0	0
chr4.9718500.9719000	neg	0	0	0	0	0	0	0	0	0	0	0
chr4.16686000.16686500	neg	0	0	0	0	0	0	0	0	0	0	0
chr4.22874500.22875000	neg	0	0	0	0	0	0	0	0	0	0	0
chr4.25131500.25132000	neg	0	0	0	0	0	0	0	0	0	0	0
chr4.25573500.25574000	neg	0	0	0	0	0	0	0	0	0	0	0
chr4.26155500.26156000	neg	0	0	0	0	0	0	0	0	0	0	0
chr5.3464500.3465000	neg	0	0	0	0	0	0	0	0	0	0	0
chr5.6406000.6406500	neg	0	0	0	0	0	0	0	0	0	0	0
chr5.8027500.8028000	neg	0	0	0	0	0	0	0	0	0	0	0
chr5.10247500.10248000	neg	0	0	0	0	0	0	0	0	0	0	0
chr5.15130000.15130500	neg	0	0	0	0	0	0	0	0	0	0	0
chr5.26002000.26002500	neg	0	0	0	0	0	0	0	0	0	0	0
chr6.105000.105500	neg	0	0	0	0	0	0	0	0	0	0	0
chr6.1878000.1878500	neg	0	0	0	0	0	0	0	0	0	0	0
chr6.3272500.3273000	neg	0	0	0	0	0	0	0	0	0	0	0
chr6.9044000.9044500	neg	0	0	0	0	0	0	0	0	0	0	0
chr6.10390500.10391000	neg	0	0	0	0	0	0	0	0	0	0	0
chr6.14866000.14866500	neg	0	0	0	0	0	0	0	0	0	0	0
chr6.20341000.20341500	neg	0	0	0	0	0	0	0	0	0	0	0
chr7.4095500.4096000	neg	0	0	0	0	0	0	0	0	0	0	0
chr7.8922500.8923000	neg	0	0	0	0	0	0	0	0	0	0	0
chr7.10351000.10351500	neg	0	0	0	0	0	0	0	0	0	0	0
chr7.15657000.15657500	neg	0	0	0	0	0	0	0	0	0	0	0
chr7.15687500.15688000	neg	0	0	0	0	0	0	0	0	0	0	0
chr7.16799500.16800000	neg	0	0	0	0	0	0	0	0	0	0	0
chr8.2310500.2311000	neg	0	0	0	0	0	0	0	0	0	0	0
chr8.16109000.16109500	neg	0	0	0	0	0	0	0	0	0	0	0
chrV.7388500.7389000	neg	0	0	0	0	0	0	0	0	0	0	0
unplaced-scaffold_274.5500.6000	neg	0	0	0	0	0	0	0	0	0	0	0
