TF1	TF2	TF1_TF2_count	TF1_count	TF2_count	cosine	zscore
C2_E2FDP_13-C6_E2FDP_16	C3_bHLH_18	2	1	2	1.4142135623730951	inf
C2_MYB_24	C3_bHLH_18	2	1	2	1.4142135623730951	14.142857142857144
C2_TCP_26-C3_TCP_19	C3_bHLH_18	2	1	2	1.4142135623730951	14.142857142857153
C3_AP2EREBP_123	C3_bHLH_18	2	1	2	1.4142135623730951	14.142857142857153
C3_LOBAS2_18	C3_bHLH_18	2	1	2	1.4142135623730951	inf
C3_bHLH_18	C6_NAC_40	2	2	1	1.4142135623730951	10.002083116364638
C3_bHLH_18	C9_MYBrelated_7	2	2	1	1.4142135623730951	inf
C11_ND_1-C13_ND_1-C4_ND_3	C3_bHLH_18	2	2	2	1.0	10.002083116364638
C11_ND_1-C13_ND_1-C4_ND_3	C4_TCP_43	2	2	2	1.0	14.142857142857155
C1_Trihelix_12	C9_WRKY_7	1	1	1	1.0	inf
C2_C2C2gata_11-C4_C2C2gata_12-C6_C2C2gata_10-C9_C2C2gata_9	C3_AP2EREBP_123	1	1	1	1.0	inf
C2_C2C2gata_11-C4_C2C2gata_12-C6_C2C2gata_10-C9_C2C2gata_9	C5_C2H2_80-C6_C2H2_77	1	1	1	1.0	inf
C2_C2C2gata_11-C4_C2C2gata_12-C6_C2C2gata_10-C9_C2C2gata_9	C9_MYBrelated_7	1	1	1	1.0	7.0000000000000036
C2_E2FDP_13-C6_E2FDP_16	C2_MYB_24	1	1	1	1.0	inf
C2_E2FDP_13-C6_E2FDP_16	C3_AP2EREBP_123	1	1	1	1.0	inf
C2_E2FDP_13-C6_E2FDP_16	C6_NAC_40	1	1	1	1.0	inf
C2_EIL_6-C6_EIL_6	C4_LOBAS2_16	1	1	1	1.0	inf
C2_MYB_24	C2_TCP_26-C3_TCP_19	1	1	1	1.0	inf
C2_MYB_24	C3_AP2EREBP_123	1	1	1	1.0	inf
C2_MYB_24	C3_LOBAS2_18	1	1	1	1.0	inf
C2_MYB_24	C9_MYBrelated_7	1	1	1	1.0	inf
C2_TCP_26-C3_TCP_19	C3_AP2EREBP_123	1	1	1	1.0	inf
C2_TCP_26-C3_TCP_19	C6_NAC_40	1	1	1	1.0	inf
C2_TCP_26-C3_TCP_19	C9_MYBrelated_7	1	1	1	1.0	inf
C2_bHLH_20-C5_bHLH_21	C3_AP2EREBP_123	1	1	1	1.0	inf
C2_bHLH_20-C5_bHLH_21	C5_C2H2_80-C6_C2H2_77	1	1	1	1.0	inf
C2_bHLH_20-C5_bHLH_21	C9_MYBrelated_7	1	1	1	1.0	inf
C3_AP2EREBP_123	C3_LOBAS2_18	1	1	1	1.0	7.000000000000002
C3_AP2EREBP_123	C5_C2H2_80-C6_C2H2_77	1	1	1	1.0	inf
C3_AP2EREBP_123	C6_NAC_40	1	1	1	1.0	7.000000000000004
C3_LOBAS2_18	C6_NAC_40	1	1	1	1.0	inf
C4_AP2EREBP_111	C4_BBRBPC_12-C5_BBRBPC_7-C6_BBRBPC_11	1	1	1	1.0	inf
C5_C2H2_80-C6_C2H2_77	C9_MYBrelated_7	1	1	1	1.0	inf
C6_NAC_40	C9_MYBrelated_7	1	1	1	1.0	inf
C10_WRKY_10-C13_WRKY_5-C2_WRKY_16-C3_WRKY_9-C4_WRKY_11-C5_WRKY_17-C6_WRKY_18-C9_WRKY_15	C2_TCP_20	1	2	1	0.7071067811865476	inf
C10_WRKY_10-C13_WRKY_5-C2_WRKY_16-C3_WRKY_9-C4_WRKY_11-C5_WRKY_17-C6_WRKY_18-C9_WRKY_15	C2_Trihelix_10-C5_Trihelix_11-C6_Trihelix_14	1	2	1	0.7071067811865476	7.000000000000004
C10_WRKY_10-C13_WRKY_5-C2_WRKY_16-C3_WRKY_9-C4_WRKY_11-C5_WRKY_17-C6_WRKY_18-C9_WRKY_15	C6_TCP_40	1	2	1	0.7071067811865476	7.0000000000000036
C11_ND_1-C13_ND_1-C4_ND_3	C2_C2C2gata_11-C4_C2C2gata_12-C6_C2C2gata_10-C9_C2C2gata_9	1	2	1	0.7071067811865476	inf
C11_ND_1-C13_ND_1-C4_ND_3	C2_MYB_24	1	2	1	0.7071067811865476	inf
C11_ND_1-C13_ND_1-C4_ND_3	C2_bHLH_20-C5_bHLH_21	1	2	1	0.7071067811865476	inf
C11_ND_1-C13_ND_1-C4_ND_3	C5_C2H2_80-C6_C2H2_77	1	2	1	0.7071067811865476	7.000000000000001
C11_ND_1-C13_ND_1-C4_ND_3	C6_NAC_40	1	2	1	0.7071067811865476	inf
C1_Trihelix_1-C10_Trihelix_1-C2_Trihelix_1-C3_Trihelix_1-C4_Trihelix_1-C5_Trihelix_1-C6_Trihelix_1-C9_Trihelix_1	C9_WRKY_7	1	2	1	0.7071067811865476	inf
C2_C2C2gata_11-C4_C2C2gata_12-C6_C2C2gata_10-C9_C2C2gata_9	C3_bHLH_18	1	1	2	0.7071067811865476	inf
C2_TCP_20	C3_TCP_82-C5_TCP_105-C6_TCP_112	1	1	2	0.7071067811865476	inf
C2_Trihelix_10-C5_Trihelix_11-C6_Trihelix_14	C3_TCP_82-C5_TCP_105-C6_TCP_112	1	1	2	0.7071067811865476	inf
C2_bHLH_20-C5_bHLH_21	C3_bHLH_18	1	1	2	0.7071067811865476	inf
C3_AP2EREBP_123	C4_GRF_2-C6_GRF_2	1	1	2	0.7071067811865476	inf
C3_TCP_82-C5_TCP_105-C6_TCP_112	C6_TCP_40	1	2	1	0.7071067811865476	inf
C3_bHLH_18	C5_C2H2_80-C6_C2H2_77	1	2	1	0.7071067811865476	inf
C4_GRF_2-C6_GRF_2	C5_C2H2_80-C6_C2H2_77	1	2	1	0.7071067811865476	7.0000000000000036
C4_GRF_2-C6_GRF_2	C9_MYBrelated_7	1	2	1	0.7071067811865476	inf
C10_C2H2_10-C13_C2H2_4-C4_C2H2_7-C5_C2H2_9-C6_C2H2_10	C3_MYB_14	2	5	2	0.6324555320336758	10.00208311636464
C2_TCP_20	C3_GRF_3-C4_GRF_5-C5_GRF_7-C6_GRF_5-C9_GRF_1	1	1	3	0.5773502691896257	7.000000000000006
C2_Trihelix_10-C5_Trihelix_11-C6_Trihelix_14	C3_GRF_3-C4_GRF_5-C5_GRF_7-C6_GRF_5-C9_GRF_1	1	1	3	0.5773502691896257	7.000000000000006
C3_GRF_3-C4_GRF_5-C5_GRF_7-C6_GRF_5-C9_GRF_1	C6_TCP_40	1	3	1	0.5773502691896257	inf
C5_bHLH_47	C6_LOBAS2_9	1	1	3	0.5773502691896257	inf
C10_AP2EREBP_72-C3_AP2EREBP_63-C5_AP2EREBP_73	C10_bZIP_5-C2_bZIP_5-C3_bZIP_7-C4_bZIP_3-C5_bZIP_3-C9_bZIP_5	2	3	5	0.5163977794943221	10.002083116364643
C3_Trihelix_38	C9_Trihelix_24	2	3	5	0.5163977794943221	14.142857142857144
C11_ND_1-C13_ND_1-C4_ND_3	C4_GRF_2-C6_GRF_2	1	2	2	0.5	7.000000000000006
C3_bHLH_18	C3_bHLH_18	1	2	2	0.5	inf
C3_bHLH_18	C4_GRF_2-C6_GRF_2	1	2	2	0.5	inf
C4_TCP_43	C4_TCP_43	1	2	2	0.5	inf
C2_AP2EREBP_17	C6_AP2EREBP_138	2	3	8	0.408248290463863	6.333333333333336
C2_AP2EREBP_17	C6_AP2EREBP_73	1	3	2	0.408248290463863	7.000000000000001
C4_ND_7	C4_TCP_71	1	4	2	0.3535533905932738	4.898979485566354
C3_Trihelix_32-C4_Trihelix_30	C9_HSF_1	3	8	10	0.3354101966249684	4.612470218504147
C10_AP2EREBP_72-C3_AP2EREBP_63-C5_AP2EREBP_73	C10_AP2EREBP_72-C3_AP2EREBP_63-C5_AP2EREBP_73	1	3	3	0.3333333333333333	inf
C2_AP2EREBP_52-C6_AP2EREBP_64	C3_AP2EREBP_105-C5_AP2EREBP_121-C6_AP2EREBP_145	2	6	6	0.3333333333333333	5.269651864139678
C5_AP2EREBP_134	C6_AP2EREBP_73	1	5	2	0.3162277660168379	inf
C5_Trihelix_39	C6_CAMTA_8	1	10	1	0.3162277660168379	7.000000000000006
C10_MYB_17-C5_MYB_20-C6_MYB_24	C10_NAC_23-C13_NAC_7-C2_NAC_23-C3_NAC_10-C4_NAC_24-C5_NAC_29-C6_NAC_34-C7_NAC_3-C9_NAC_14	6	10	38	0.30779350562554625	3.985426458515494
C2_C2H2_12	C6_AP2EREBP_224	1	11	1	0.30151134457776363	4.898979485566354
C13_RAV_1-C2_RAV_2-C4_RAV_2	C9_HSF_1	5	30	10	0.2886751345948129	3.3333333333333335
C2_AP2EREBP_52-C6_AP2EREBP_64	C3_Trihelix_24	1	6	2	0.28867513459481287	inf
C2_AP2EREBP_96	C3_MYB_14	1	6	2	0.28867513459481287	inf
C2_BZR_13	C6_AP2EREBP_73	1	6	2	0.28867513459481287	7.000000000000002
C3_BES1_2	C5_bZIP_47	1	6	2	0.28867513459481287	7.000000000000006
C10_MYB_17-C5_MYB_20-C6_MYB_24	C9_LOBAS2_17	3	10	11	0.28603877677367767	5.533761519643882
C10_Trihelix_13-C13_Trihelix_4-C2_Trihelix_13-C3_Trihelix_10-C4_Trihelix_11-C5_Trihelix_12-C6_Trihelix_17-C7_Trihelix_2-C9_Trihelix_10	C13_RAV_1-C2_RAV_2-C4_RAV_2	9	35	30	0.27774602993176545	4.345468351502923
C2_HSF_9-C9_HSF_3	C5_AP2EREBP_134	2	11	5	0.2696799449852968	5.785300076028636
C2_bZIP_44	C9_LOBAS2_17	2	5	11	0.2696799449852968	3.869565217391303
C3_AP2EREBP_183	C9_LOBAS2_17	2	5	11	0.2696799449852968	4.2019895785104495
C5_AP2EREBP_134	C9_LOBAS2_17	2	5	11	0.2696799449852968	7.077213895435058
C3_bHLH_10-C4_bHLH_7	C5_C2C2COlike_5	2	8	7	0.2672612419124244	5.360430884649388
C5_C2C2COlike_5	C6_AP2EREBP_73	1	7	2	0.2672612419124244	3.958114029012638
C10_C2H2_10-C13_C2H2_4-C4_C2H2_7-C5_C2H2_9-C6_C2H2_10	C4_Trihelix_26-C6_Trihelix_39	1	5	3	0.25819888974716104	4.898979485566355
C2_AP2EREBP_168	C2_WRKY_7	1	3	5	0.25819888974716104	3.3911649915626327
C2_bZIP_44	C6_MYB_20	1	5	3	0.25819888974716104	inf
C5_AP2EREBP_134	C6_bHLH_58	1	5	3	0.25819888974716104	3.9581140290126386
C10_Trihelix_13-C13_Trihelix_4-C2_Trihelix_13-C3_Trihelix_10-C4_Trihelix_11-C5_Trihelix_12-C6_Trihelix_17-C7_Trihelix_2-C9_Trihelix_10	C5_C2C2COlike_5	4	35	7	0.25555062599997597	3.6657239940027346
C10_C2H2_7-C13_C2H2_2-C4_C2H2_4-C5_C2H2_6-C6_C2H2_8	C2_HSF_9-C9_HSF_3	5	35	11	0.2548235957188128	3.695988483398206
C10_NAC_14	C1_Trihelix_12	1	16	1	0.25	3.3911649915626327
C10_NAC_14	C6_ABI3VP1_26	1	16	1	0.25	3.9581140290126373
C10_NAC_14	C9_WRKY_7	1	16	1	0.25	7.0000000000000036
C3_Trihelix_32-C4_Trihelix_30	C4_TCP_71	1	8	2	0.25	7.000000000000004
C3_bHLH_10-C4_bHLH_7	C6_AP2EREBP_138	2	8	8	0.25	4.296960491308882
C6_AP2EREBP_138	C6_AP2EREBP_73	1	8	2	0.25	3.3911649915626327
C11_C2H2_3-C2_C2H2_8-C6_C2H2_12-C9_C2H2_4	C2_G2like_1-C4_G2like_2-C5_G2like_2-C6_G2like_1-C9_G2like_1	8	25	44	0.24120907566221092	2.204570645701078
C10_Trihelix_13-C13_Trihelix_4-C2_Trihelix_13-C3_Trihelix_10-C4_Trihelix_11-C5_Trihelix_12-C6_Trihelix_17-C7_Trihelix_2-C9_Trihelix_10	C3_bHLH_10-C4_bHLH_7	4	35	8	0.23904572186687872	2.7670578590629975
C10_Trihelix_13-C13_Trihelix_4-C2_Trihelix_13-C3_Trihelix_10-C4_Trihelix_11-C5_Trihelix_12-C6_Trihelix_17-C7_Trihelix_2-C9_Trihelix_10	C6_AP2EREBP_73	2	35	2	0.23904572186687872	4.024922359499623
C2_G2like_1-C4_G2like_2-C5_G2like_2-C6_G2like_1-C9_G2like_1	C9_HSF_1	5	44	10	0.2383656473113981	3.425000336682182
C3_AP2EREBP_105-C5_AP2EREBP_121-C6_AP2EREBP_145	C6_bHLH_58	1	6	3	0.2357022603955158	3.9581140290126373
C10_NAC_23-C13_NAC_7-C2_NAC_23-C3_NAC_10-C4_NAC_24-C5_NAC_29-C6_NAC_34-C7_NAC_3-C9_NAC_14	C2_HSF_7	2	38	2	0.22941573387056174	4.737270777287717
C10_Trihelix_13-C13_Trihelix_4-C2_Trihelix_13-C3_Trihelix_10-C4_Trihelix_11-C5_Trihelix_12-C6_Trihelix_17-C7_Trihelix_2-C9_Trihelix_10	C5_AP2EREBP_134	3	35	5	0.22677868380553634	3.4799437166854568
C10_Trihelix_13-C13_Trihelix_4-C2_Trihelix_13-C3_Trihelix_10-C4_Trihelix_11-C5_Trihelix_12-C6_Trihelix_17-C7_Trihelix_2-C9_Trihelix_10	C5_HSF_5-C6_HSF_5-C9_HSF_2	6	35	20	0.22677868380553634	2.443047772636512
C10_MYB_17-C5_MYB_20-C6_MYB_24	C2_HSF_7	1	10	2	0.22360679774997894	3.3911649915626327
C10_MYB_17-C5_MYB_20-C6_MYB_24	C6_C2H2_24	1	10	2	0.22360679774997894	3.0000000000000013
C2_MYB_50	C5_Trihelix_39	1	2	10	0.22360679774997894	4.898979485566355
C5_HSF_5-C6_HSF_5-C9_HSF_2	C6_ABI3VP1_26	1	20	1	0.22360679774997894	3.0275361440839044
C2_AP2EREBP_17	C5_C2C2COlike_5	1	3	7	0.21821789023599236	3.391164991562634
C4_Trihelix_26-C6_Trihelix_39	C5_AP2EREBP_67	1	3	7	0.21821789023599236	3.391164991562634
C10_MYB_17-C5_MYB_20-C6_MYB_24	C10_Trihelix_13-C13_Trihelix_4-C2_Trihelix_13-C3_Trihelix_10-C4_Trihelix_11-C5_Trihelix_12-C6_Trihelix_17-C7_Trihelix_2-C9_Trihelix_10	4	10	35	0.21380899352993948	3.0550504633038935
C2_C2H2_12	C6_C2H2_24	1	11	2	0.21320071635561041	1.6956521739130435
C2_G2like_1-C4_G2like_2-C5_G2like_2-C6_G2like_1-C9_G2like_1	C3_bHLH_18	2	44	2	0.21320071635561041	4.201989578510453
C10_Trihelix_13-C13_Trihelix_4-C2_Trihelix_13-C3_Trihelix_10-C4_Trihelix_11-C5_Trihelix_12-C6_Trihelix_17-C7_Trihelix_2-C9_Trihelix_10	C2_BZR_13	3	35	6	0.20701966780270625	2.860929017268543
C2_ABI3VP1_7-C4_ABI3VP1_5	C9_HSF_1	3	21	10	0.20701966780270625	3.034863430140467
C11_MYB_2-C2_MYB_18	C2_BZR_13	2	16	6	0.2041241452319315	4.120977570959454
C11_MYB_2-C2_MYB_18	C3_BES1_2	2	16	6	0.2041241452319315	5.019011475427827
C2_AP2EREBP_17	C3_bHLH_10-C4_bHLH_7	1	3	8	0.2041241452319315	2.7295978138458628
C2_BZR_13	C4_ND_7	1	6	4	0.2041241452319315	3.000000000000002
C3_BES1_2	C4_ND_7	1	6	4	0.2041241452319315	3.3911649915626336
C3_HMG_3	C3_bHLH_10-C4_bHLH_7	1	3	8	0.2041241452319315	4.898979485566354
C5_AP2EREBP_195	C5_ZFHD_4	1	6	4	0.2041241452319315	3.9581140290126373
C10_C2H2_7-C13_C2H2_2-C4_C2H2_4-C5_C2H2_6-C6_C2H2_8	C2_C2H2_12	4	35	11	0.20385887657505022	2.8770651895795334
C10_NAC_14	C10_NAC_23-C13_NAC_7-C2_NAC_23-C3_NAC_10-C4_NAC_24-C5_NAC_29-C6_NAC_34-C7_NAC_3-C9_NAC_14	5	16	38	0.20277677641345318	1.9205531989934397
C2_G2like_1-C4_G2like_2-C5_G2like_2-C6_G2like_1-C9_G2like_1	C3_AP2EREBP_183	3	44	5	0.20225995873897262	2.6701281527444025
C10_C2H2_10-C13_C2H2_4-C4_C2H2_7-C5_C2H2_9-C6_C2H2_10	C10_C2H2_10-C13_C2H2_4-C4_C2H2_7-C5_C2H2_9-C6_C2H2_10	1	5	5	0.19999999999999998	7.000000000000001
C10_bZIP_5-C2_bZIP_5-C3_bZIP_7-C4_bZIP_3-C5_bZIP_3-C9_bZIP_5	C10_bZIP_5-C2_bZIP_5-C3_bZIP_7-C4_bZIP_3-C5_bZIP_3-C9_bZIP_5	1	5	5	0.19999999999999998	4.898979485566354
C11_C2H2_3-C2_C2H2_8-C6_C2H2_12-C9_C2H2_4	C6_AP2EREBP_224	1	25	1	0.19999999999999998	3.9581140290126378
C3_AP2EREBP_107-C6_AP2EREBP_147	C3_AP2EREBP_183	1	5	5	0.19999999999999998	inf
C3_AP2EREBP_183	C5_AP2EREBP_134	1	5	5	0.19999999999999998	3.958114029012638
C13_RAV_1-C2_RAV_2-C4_RAV_2	C3_Trihelix_32-C4_Trihelix_30	3	30	8	0.19364916731037085	2.5205041512504174
C2_C2H2_12	C9_HSF_1	2	11	10	0.19069251784911845	2.334868926348074
C10_NAC_14	C5_C2C2COlike_5	2	16	7	0.18898223650461363	3.200529056794554
C10_NAC_23-C13_NAC_7-C2_NAC_23-C3_NAC_10-C4_NAC_24-C5_NAC_29-C6_NAC_34-C7_NAC_3-C9_NAC_14	C2_AP2EREBP_25	2	38	3	0.18731716231633877	2.7705232514378926
C10_NAC_23-C13_NAC_7-C2_NAC_23-C3_NAC_10-C4_NAC_24-C5_NAC_29-C6_NAC_34-C7_NAC_3-C9_NAC_14	C6_MYB_20	2	38	3	0.18731716231633877	2.828632432852637
C10_C2H2_7-C13_C2H2_2-C4_C2H2_4-C5_C2H2_6-C6_C2H2_8	C2_ABI3VP1_7-C4_ABI3VP1_5	5	35	21	0.18442777839082938	1.3856406460551014
C10_NAC_23-C13_NAC_7-C2_NAC_23-C3_NAC_10-C4_NAC_24-C5_NAC_29-C6_NAC_34-C7_NAC_3-C9_NAC_14	C5_C2C2COlike_5	3	38	7	0.18394180184548975	2.239463392277817
C10_AP2EREBP_114-C3_AP2EREBP_98	C6_bHLH_58	1	10	3	0.18257418583505536	3.0000000000000018
C10_MYB_17-C5_MYB_20-C6_MYB_24	C6_bHLH_58	1	10	3	0.18257418583505536	3.0000000000000018
C13_RAV_1-C2_RAV_2-C4_RAV_2	C6_ABI3VP1_26	1	30	1	0.18257418583505536	3.3911649915626314
C13_RAV_1-C2_RAV_2-C4_RAV_2	C6_AP2EREBP_224	1	30	1	0.18257418583505536	2.729597813845862
C2_AP2EREBP_52-C6_AP2EREBP_64	C3_AP2EREBP_107-C6_AP2EREBP_147	1	6	5	0.18257418583505536	3.3911649915626323
C2_AP2EREBP_52-C6_AP2EREBP_64	C6_MYB_58	1	6	5	0.18257418583505536	3.3911649915626323
C3_AP2EREBP_105-C5_AP2EREBP_121-C6_AP2EREBP_145	C3_AP2EREBP_183	1	6	5	0.18257418583505536	3.0000000000000013
C3_AP2EREBP_105-C5_AP2EREBP_121-C6_AP2EREBP_145	C6_MYB_58	1	6	5	0.18257418583505536	2.4784787961282104
C3_BES1_2	C9_Trihelix_24	1	6	5	0.18257418583505536	7.0000000000000036
C2_C2H2_12	C2_C2H2_12	2	11	11	0.18181818181818182	4.201989578510451
C2_G2like_1-C4_G2like_2-C5_G2like_2-C6_G2like_1-C9_G2like_1	C9_LOBAS2_17	4	44	11	0.18181818181818182	2.02837021134844
C10_NAC_23-C13_NAC_7-C2_NAC_23-C3_NAC_10-C4_NAC_24-C5_NAC_29-C6_NAC_34-C7_NAC_3-C9_NAC_14	C5_HSF_5-C6_HSF_5-C9_HSF_2	5	38	20	0.18136906252750293	1.6577555968558644
C11_C2H2_3-C2_C2H2_8-C6_C2H2_12-C9_C2H2_4	C2_HSF_9-C9_HSF_3	3	25	11	0.18090680674665818	2.669472689853544
C10_Trihelix_13-C13_Trihelix_4-C2_Trihelix_13-C3_Trihelix_10-C4_Trihelix_11-C5_Trihelix_12-C6_Trihelix_17-C7_Trihelix_2-C9_Trihelix_10	C2_G2like_1-C4_G2like_2-C5_G2like_2-C6_G2like_1-C9_G2like_1	7	35	44	0.17837651700316895	1.471960144387974
C2_ABI3VP1_7-C4_ABI3VP1_5	C2_AP2EREBP_52-C6_AP2EREBP_64	2	21	6	0.1781741612749496	3.156820749009882
C10_NAC_23-C13_NAC_7-C2_NAC_23-C3_NAC_10-C4_NAC_24-C5_NAC_29-C6_NAC_34-C7_NAC_3-C9_NAC_14	C2_ABI3VP1_7-C4_ABI3VP1_5	5	38	21	0.17699808135119718	1.5555555555555554
C10_NAC_14	C1_Trihelix_1-C10_Trihelix_1-C2_Trihelix_1-C3_Trihelix_1-C4_Trihelix_1-C5_Trihelix_1-C6_Trihelix_1-C9_Trihelix_1	1	16	2	0.1767766952966369	3.3911649915626327
C11_MYB_2-C2_MYB_18	C2_HSF_7	1	16	2	0.1767766952966369	7.0000000000000036
C5_ZFHD_4	C6_AP2EREBP_138	1	4	8	0.1767766952966369	7.000000000000001
C6_MYB_20	C9_LOBAS2_17	1	3	11	0.17407765595569782	3.9581140290126378
C10_C2H2_7-C13_C2H2_2-C4_C2H2_4-C5_C2H2_6-C6_C2H2_8	C6_AP2EREBP_224	1	35	1	0.16903085094570333	3.0000000000000013
C10_Trihelix_13-C13_Trihelix_4-C2_Trihelix_13-C3_Trihelix_10-C4_Trihelix_11-C5_Trihelix_12-C6_Trihelix_17-C7_Trihelix_2-C9_Trihelix_10	C11_C2H2_3-C2_C2H2_8-C6_C2H2_12-C9_C2H2_4	5	35	25	0.16903085094570333	1.3247266976891314
C10_Trihelix_13-C13_Trihelix_4-C2_Trihelix_13-C3_Trihelix_10-C4_Trihelix_11-C5_Trihelix_12-C6_Trihelix_17-C7_Trihelix_2-C9_Trihelix_10	C6_ABI3VP1_26	1	35	1	0.16903085094570333	7.000000000000006
C10_Trihelix_13-C13_Trihelix_4-C2_Trihelix_13-C3_Trihelix_10-C4_Trihelix_11-C5_Trihelix_12-C6_Trihelix_17-C7_Trihelix_2-C9_Trihelix_10	C6_AP2EREBP_137	2	35	4	0.16903085094570333	3.435822761549333
C5_AP2EREBP_134	C5_C2C2COlike_5	1	5	7	0.1690308509457033	3.3911649915626327
C2_BZR_13	C3_BES1_2	1	6	6	0.16666666666666666	2.4784787961282118
C10_NAC_23-C13_NAC_7-C2_NAC_23-C3_NAC_10-C4_NAC_24-C5_NAC_29-C6_NAC_34-C7_NAC_3-C9_NAC_14	C5_ZFHD_4	2	38	4	0.16222142113076254	2.2036006570737476
C10_NAC_23-C13_NAC_7-C2_NAC_23-C3_NAC_10-C4_NAC_24-C5_NAC_29-C6_NAC_34-C7_NAC_3-C9_NAC_14	C6_ABI3VP1_26	1	38	1	0.16222142113076254	2.011435198964418
C10_C2H2_7-C13_C2H2_2-C4_C2H2_4-C5_C2H2_6-C6_C2H2_8	C9_HSF_1	3	35	10	0.16035674514745463	2.21532576196186
C11_C2H2_3-C2_C2H2_8-C6_C2H2_12-C9_C2H2_4	C11_C2H2_3-C2_C2H2_8-C6_C2H2_12-C9_C2H2_4	4	25	25	0.15999999999999998	4.052372003419388
C10_AP2EREBP_114-C3_AP2EREBP_98	C5_ZFHD_4	1	10	4	0.15811388300841894	3.9581140290126378
C3_CAMTA_4	C3_Trihelix_32-C4_Trihelix_30	1	5	8	0.15811388300841894	2.0
C3_bHLH_10-C4_bHLH_7	C5_HSF_5-C6_HSF_5-C9_HSF_2	2	8	20	0.15811388300841894	1.4836295180675845
C5_AP2EREBP_134	C6_AP2EREBP_138	1	5	8	0.15811388300841894	3.3911649915626336
C5_Trihelix_39	C5_ZFHD_4	1	10	4	0.15811388300841894	4.898979485566354
C6_AP2EREBP_137	C6_AP2EREBP_227	1	4	10	0.15811388300841894	3.9581140290126378
C6_AP2EREBP_138	C9_Trihelix_24	1	8	5	0.15811388300841894	2.2912878474779212
C2_ABI3VP1_7-C4_ABI3VP1_5	C2_HSF_7	1	21	2	0.15430334996209188	3.9581140290126378
C10_NAC_23-C13_NAC_7-C2_NAC_23-C3_NAC_10-C4_NAC_24-C5_NAC_29-C6_NAC_34-C7_NAC_3-C9_NAC_14	C5_Trihelix_39	3	38	10	0.15389675281277312	1.3336156744525647
C10_Trihelix_13-C13_Trihelix_4-C2_Trihelix_13-C3_Trihelix_10-C4_Trihelix_11-C5_Trihelix_12-C6_Trihelix_17-C7_Trihelix_2-C9_Trihelix_10	C2_HSF_9-C9_HSF_3	3	35	11	0.15289415743128767	1.8313900374908711
C10_C2H2_7-C13_C2H2_2-C4_C2H2_4-C5_C2H2_6-C6_C2H2_8	C3_AP2EREBP_183	2	35	5	0.15118578920369088	2.73054616385462
C10_Trihelix_13-C13_Trihelix_4-C2_Trihelix_13-C3_Trihelix_10-C4_Trihelix_11-C5_Trihelix_12-C6_Trihelix_17-C7_Trihelix_2-C9_Trihelix_10	C3_AP2EREBP_107-C6_AP2EREBP_147	2	35	5	0.15118578920369088	1.5650160901149999
C10_NAC_14	C2_HSF_9-C9_HSF_3	2	16	11	0.15075567228888181	1.6499158227686113
C2_E2FDP_13-C6_E2FDP_16	C2_G2like_1-C4_G2like_2-C5_G2like_2-C6_G2like_1-C9_G2like_1	1	1	44	0.15075567228888181	3.9581140290126378
C2_G2like_1-C4_G2like_2-C5_G2like_2-C6_G2like_1-C9_G2like_1	C2_MYB_24	1	44	1	0.15075567228888181	2.7080128015453195
C2_G2like_1-C4_G2like_2-C5_G2like_2-C6_G2like_1-C9_G2like_1	C2_TCP_26-C3_TCP_19	1	44	1	0.15075567228888181	1.356801050599936
C2_G2like_1-C4_G2like_2-C5_G2like_2-C6_G2like_1-C9_G2like_1	C3_AP2EREBP_123	1	44	1	0.15075567228888181	2.7295978138458623
C2_G2like_1-C4_G2like_2-C5_G2like_2-C6_G2like_1-C9_G2like_1	C3_LOBAS2_18	1	44	1	0.15075567228888181	2.4784787961282104
C2_G2like_1-C4_G2like_2-C5_G2like_2-C6_G2like_1-C9_G2like_1	C6_NAC_40	1	44	1	0.15075567228888181	1.687054784573947
C2_G2like_1-C4_G2like_2-C5_G2like_2-C6_G2like_1-C9_G2like_1	C9_MYBrelated_7	1	44	1	0.15075567228888181	2.7295978138458614
C2_HSF_9-C9_HSF_3	C6_AP2EREBP_137	1	11	4	0.15075567228888181	3.3911649915626336
C5_ZFHD_4	C9_LOBAS2_17	1	4	11	0.15075567228888181	2.7080128015453186
C11_C2H2_3-C2_C2H2_8-C6_C2H2_12-C9_C2H2_4	C11_MYB_2-C2_MYB_18	3	25	16	0.15	2.0608393492772334
C10_NAC_23-C13_NAC_7-C2_NAC_23-C3_NAC_10-C4_NAC_24-C5_NAC_29-C6_NAC_34-C7_NAC_3-C9_NAC_14	C2_G2like_1-C4_G2like_2-C5_G2like_2-C6_G2like_1-C9_G2like_1	6	38	44	0.14673479641335554	0.15801637212464043
C10_NAC_23-C13_NAC_7-C2_NAC_23-C3_NAC_10-C4_NAC_24-C5_NAC_29-C6_NAC_34-C7_NAC_3-C9_NAC_14	C2_HSF_9-C9_HSF_3	3	38	11	0.14673479641335554	2.130002993349505
C10_NAC_23-C13_NAC_7-C2_NAC_23-C3_NAC_10-C4_NAC_24-C5_NAC_29-C6_NAC_34-C7_NAC_3-C9_NAC_14	C3_CAMTA_4	2	38	5	0.14509525002200233	2.0139959720120846
C10_NAC_14	C2_AP2EREBP_168	1	16	3	0.14433756729740643	2.0114351989644184
C10_NAC_14	C2_AP2EREBP_17	1	16	3	0.14433756729740643	2.011435198964418
C10_NAC_14	C2_AP2EREBP_25	1	16	3	0.14433756729740643	3.3911649915626327
C10_NAC_14	C3_Trihelix_38	1	16	3	0.14433756729740643	1.5550318345163547
C10_NAC_14	C6_MYB_20	1	16	3	0.14433756729740643	1.5350186552432912
C2_BZR_13	C6_AP2EREBP_138	1	6	8	0.14433756729740643	2.478478796128211
C10_MYB_17-C5_MYB_20-C6_MYB_24	C2_G2like_1-C4_G2like_2-C5_G2like_2-C6_G2like_1-C9_G2like_1	3	10	44	0.14301938838683884	1.2795484941033344
C10_C2H2_7-C13_C2H2_2-C4_C2H2_4-C5_C2H2_6-C6_C2H2_8	C10_C2H2_7-C13_C2H2_2-C4_C2H2_4-C5_C2H2_6-C6_C2H2_8	5	35	35	0.14285714285714288	2.207994968177487
C10_Trihelix_13-C13_Trihelix_4-C2_Trihelix_13-C3_Trihelix_10-C4_Trihelix_11-C5_Trihelix_12-C6_Trihelix_17-C7_Trihelix_2-C9_Trihelix_10	C10_Trihelix_13-C13_Trihelix_4-C2_Trihelix_13-C3_Trihelix_10-C4_Trihelix_11-C5_Trihelix_12-C6_Trihelix_17-C7_Trihelix_2-C9_Trihelix_10	5	35	35	0.14285714285714288	2.7987079682501195
C2_ABI3VP1_7-C4_ABI3VP1_5	C2_ABI3VP1_7-C4_ABI3VP1_5	3	21	21	0.14285714285714288	2.2003287148531943
C10_MYB_17-C5_MYB_20-C6_MYB_24	C3_AP2EREBP_183	1	10	5	0.1414213562373095	1.6870547845739468
C2_WRKY_7	C9_HSF_1	1	5	10	0.1414213562373095	3.0000000000000013
C2_bZIP_44	C9_HSF_1	1	5	10	0.1414213562373095	1.8829377433825436
C3_AP2EREBP_107-C6_AP2EREBP_147	C6_AP2EREBP_227	1	5	10	0.1414213562373095	3.000000000000002
C3_AP2EREBP_107-C6_AP2EREBP_147	C9_HSF_1	1	5	10	0.1414213562373095	2.1343747458109497
C3_AP2EREBP_183	C5_Trihelix_39	1	5	10	0.1414213562373095	2.478478796128211
C6_AP2EREBP_227	C6_MYB_58	1	10	5	0.1414213562373095	2.7080128015453195
C2_G2like_1-C4_G2like_2-C5_G2like_2-C6_G2like_1-C9_G2like_1	C2_G2like_1-C4_G2like_2-C5_G2like_2-C6_G2like_1-C9_G2like_1	6	44	44	0.13636363636363638	1.640693984477386
C10_C2H2_7-C13_C2H2_2-C4_C2H2_4-C5_C2H2_6-C6_C2H2_8	C11_C2H2_3-C2_C2H2_8-C6_C2H2_12-C9_C2H2_4	4	35	25	0.13522468075656266	1.0722320311678906
C2_C2H2_12	C3_CAMTA_4	1	11	5	0.1348399724926484	1.611558966391944
C2_G2like_1-C4_G2like_2-C5_G2like_2-C6_G2like_1-C9_G2like_1	C2_WRKY_7	2	44	5	0.1348399724926484	1.065170199671947
C2_G2like_1-C4_G2like_2-C5_G2like_2-C6_G2like_1-C9_G2like_1	C5_AP2EREBP_134	2	44	5	0.1348399724926484	0.8348297590391935
C2_G2like_1-C4_G2like_2-C5_G2like_2-C6_G2like_1-C9_G2like_1	C5_HSF_5-C6_HSF_5-C9_HSF_2	4	44	20	0.1348399724926484	0.48111141852476497
C2_HSF_9-C9_HSF_3	C2_bZIP_44	1	11	5	0.1348399724926484	2.011435198964418
C2_HSF_9-C9_HSF_3	C3_AP2EREBP_183	1	11	5	0.1348399724926484	3.000000000000002
C2_HSF_9-C9_HSF_3	C5_HSF_5-C6_HSF_5-C9_HSF_2	2	11	20	0.1348399724926484	1.712895254323586
C5_C2C2COlike_5	C6_AP2EREBP_138	1	7	8	0.1336306209562122	3.3911649915626323
C13_RAV_1-C2_RAV_2-C4_RAV_2	C13_RAV_1-C2_RAV_2-C4_RAV_2	4	30	30	0.13333333333333333	2.242227956050979
C10_NAC_23-C13_NAC_7-C2_NAC_23-C3_NAC_10-C4_NAC_24-C5_NAC_29-C6_NAC_34-C7_NAC_3-C9_NAC_14	C2_AP2EREBP_52-C6_AP2EREBP_64	2	38	6	0.13245323570650439	2.11514921675761
C2_ABI3VP1_7-C4_ABI3VP1_5	C2_G2like_1-C4_G2like_2-C5_G2like_2-C6_G2like_1-C9_G2like_1	4	21	44	0.1315903389919538	0.9354143466934854
C10_AP2EREBP_114-C3_AP2EREBP_98	C3_AP2EREBP_105-C5_AP2EREBP_121-C6_AP2EREBP_145	1	10	6	0.12909944487358052	1.6035674514745462
C10_AP2EREBP_114-C3_AP2EREBP_98	C5_AP2EREBP_195	1	10	6	0.12909944487358052	1.7888543819998333
C10_MYB_17-C5_MYB_20-C6_MYB_24	C3_AP2EREBP_105-C5_AP2EREBP_121-C6_AP2EREBP_145	1	10	6	0.12909944487358052	1.6035674514745464
C2_AP2EREBP_25	C5_HSF_5-C6_HSF_5-C9_HSF_2	1	3	20	0.12909944487358052	2.729597813845861
C3_AP2EREBP_105-C5_AP2EREBP_121-C6_AP2EREBP_145	C5_Trihelix_39	1	6	10	0.12909944487358052	1.695652173913043
C5_AP2EREBP_195	C6_AP2EREBP_227	1	6	10	0.12909944487358052	1.2696221085454766
C5_HSF_5-C6_HSF_5-C9_HSF_2	C6_MYB_20	1	20	3	0.12909944487358052	1.8932040958124006
C10_C2H2_7-C13_C2H2_2-C4_C2H2_4-C5_C2H2_6-C6_C2H2_8	C2_G2like_1-C4_G2like_2-C5_G2like_2-C6_G2like_1-C9_G2like_1	5	35	44	0.1274117978594064	0.05105138929260246
C11_C2H2_3-C2_C2H2_8-C6_C2H2_12-C9_C2H2_4	C9_HSF_1	2	25	10	0.12649110640673517	1.429654565148065
C2_ABI3VP1_7-C4_ABI3VP1_5	C2_AP2EREBP_25	1	21	3	0.12598815766974242	2.2912878474779212
C2_ABI3VP1_7-C4_ABI3VP1_5	C3_HMG_3	1	21	3	0.12598815766974242	2.478478796128211
C2_ABI3VP1_7-C4_ABI3VP1_5	C6_MYB_20	1	21	3	0.12598815766974242	1.7888543819998324
C10_NAC_14	C6_AP2EREBP_137	1	16	4	0.125	2.1343747458109497
C11_MYB_2-C2_MYB_18	C6_AP2EREBP_137	1	16	4	0.125	2.0
C4_AP2EREBP_87	C6_AP2EREBP_138	1	8	8	0.125	2.1343747458109497
C5_AP2EREBP_195	C9_LOBAS2_17	1	6	11	0.12309149097933271	2.708012801545319
C10_C2H2_7-C13_C2H2_2-C4_C2H2_4-C5_C2H2_6-C6_C2H2_8	C2_HSF_7	1	35	2	0.11952286093343936	2.1343747458109497
C10_C2H2_7-C13_C2H2_2-C4_C2H2_4-C5_C2H2_6-C6_C2H2_8	C6_C2H2_24	1	35	2	0.11952286093343936	1.2465616729790372
C10_Trihelix_13-C13_Trihelix_4-C2_Trihelix_13-C3_Trihelix_10-C4_Trihelix_11-C5_Trihelix_12-C6_Trihelix_17-C7_Trihelix_2-C9_Trihelix_10	C2_HSF_7	1	35	2	0.11952286093343936	1.555031834516355
C10_NAC_23-C13_NAC_7-C2_NAC_23-C3_NAC_10-C4_NAC_24-C5_NAC_29-C6_NAC_34-C7_NAC_3-C9_NAC_14	C13_RAV_1-C2_RAV_2-C4_RAV_2	4	38	30	0.11846977555181848	0.047524845652175775
C11_C2H2_3-C2_C2H2_8-C6_C2H2_12-C9_C2H2_4	C2_AP2EREBP_25	1	25	3	0.11547005383792515	2.0
C10_NAC_23-C13_NAC_7-C2_NAC_23-C3_NAC_10-C4_NAC_24-C5_NAC_29-C6_NAC_34-C7_NAC_3-C9_NAC_14	C3_Trihelix_32-C4_Trihelix_30	2	38	8	0.11470786693528087	0.7701540462154055
C10_NAC_23-C13_NAC_7-C2_NAC_23-C3_NAC_10-C4_NAC_24-C5_NAC_29-C6_NAC_34-C7_NAC_3-C9_NAC_14	C3_bHLH_10-C4_bHLH_7	2	38	8	0.11470786693528087	1.0055325456772093
C10_C2H2_7-C13_C2H2_2-C4_C2H2_4-C5_C2H2_6-C6_C2H2_8	C10_Trihelix_13-C13_Trihelix_4-C2_Trihelix_13-C3_Trihelix_10-C4_Trihelix_11-C5_Trihelix_12-C6_Trihelix_17-C7_Trihelix_2-C9_Trihelix_10	4	35	35	0.1142857142857143	0.34095601715109336
C10_AP2EREBP_114-C3_AP2EREBP_98	C4_AP2EREBP_87	1	10	8	0.11180339887498947	1.4836507379417574
C10_AP2EREBP_114-C3_AP2EREBP_98	C6_AP2EREBP_138	1	10	8	0.11180339887498947	3.3911649915626327
C10_MYB_17-C5_MYB_20-C6_MYB_24	C4_AP2EREBP_87	1	10	8	0.11180339887498947	1.4648192257880865
C10_NAC_14	C2_bZIP_44	1	16	5	0.11180339887498947	1.0131091737451021
C10_NAC_14	C9_Trihelix_24	1	16	5	0.11180339887498947	1.5350186552432912
C11_MYB_2-C2_MYB_18	C3_AP2EREBP_107-C6_AP2EREBP_147	1	16	5	0.11180339887498947	1.3820466381612848
C11_MYB_2-C2_MYB_18	C9_Trihelix_24	1	16	5	0.11180339887498947	1.1703282643965744
C3_Trihelix_32-C4_Trihelix_30	C5_Trihelix_39	1	8	10	0.11180339887498947	1.8829377433825434
C3_Trihelix_32-C4_Trihelix_30	C6_AP2EREBP_227	1	8	10	0.11180339887498947	1.1962490654307827
C4_AP2EREBP_87	C9_HSF_1	1	8	10	0.11180339887498947	1.150792911137501
C5_HSF_5-C6_HSF_5-C9_HSF_2	C6_AP2EREBP_137	1	20	4	0.11180339887498947	1.2998673672393632
C13_RAV_1-C2_RAV_2-C4_RAV_2	C2_G2like_1-C4_G2like_2-C5_G2like_2-C6_G2like_1-C9_G2like_1	4	30	44	0.11009637651263605	0.03227299362233895
C10_C2H2_7-C13_C2H2_2-C4_C2H2_4-C5_C2H2_6-C6_C2H2_8	C10_NAC_23-C13_NAC_7-C2_NAC_23-C3_NAC_10-C4_NAC_24-C5_NAC_29-C6_NAC_34-C7_NAC_3-C9_NAC_14	4	35	38	0.10968169942141635	-0.1654427219927443
C10_NAC_14	C2_ABI3VP1_7-C4_ABI3VP1_5	2	16	21	0.1091089451179962	1.007648294978144
C10_AP2EREBP_114-C3_AP2EREBP_98	C10_Trihelix_13-C13_Trihelix_4-C2_Trihelix_13-C3_Trihelix_10-C4_Trihelix_11-C5_Trihelix_12-C6_Trihelix_17-C7_Trihelix_2-C9_Trihelix_10	2	10	35	0.10690449676496974	1.0623007917422558
C10_Trihelix_13-C13_Trihelix_4-C2_Trihelix_13-C3_Trihelix_10-C4_Trihelix_11-C5_Trihelix_12-C6_Trihelix_17-C7_Trihelix_2-C9_Trihelix_10	C9_HSF_1	2	35	10	0.10690449676496974	0.9520397922090313
C11_ND_1-C13_ND_1-C4_ND_3	C2_G2like_1-C4_G2like_2-C5_G2like_2-C6_G2like_1-C9_G2like_1	1	2	44	0.10660035817780521	0.7755149821534619
C2_C2H2_12	C3_Trihelix_32-C4_Trihelix_30	1	11	8	0.10660035817780521	1.6870547845739468
C2_G2like_1-C4_G2like_2-C5_G2like_2-C6_G2like_1-C9_G2like_1	C2_HSF_7	1	44	2	0.10660035817780521	1.417843080692793
C2_HSF_9-C9_HSF_3	C6_AP2EREBP_138	1	11	8	0.10660035817780521	1.695652173913043
C3_Trihelix_32-C4_Trihelix_30	C9_LOBAS2_17	1	8	11	0.10660035817780521	3.0000000000000013
C10_NAC_14	C3_AP2EREBP_105-C5_AP2EREBP_121-C6_AP2EREBP_145	1	16	6	0.10206207261596575	1.150792911137501
C11_MYB_2-C2_MYB_18	C3_AP2EREBP_105-C5_AP2EREBP_121-C6_AP2EREBP_145	1	16	6	0.10206207261596575	1.1246369913751446
C10_Trihelix_13-C13_Trihelix_4-C2_Trihelix_13-C3_Trihelix_10-C4_Trihelix_11-C5_Trihelix_12-C6_Trihelix_17-C7_Trihelix_2-C9_Trihelix_10	C2_C2H2_12	2	35	11	0.10192943828752511	0.6585046078685178
C10_Trihelix_13-C13_Trihelix_4-C2_Trihelix_13-C3_Trihelix_10-C4_Trihelix_11-C5_Trihelix_12-C6_Trihelix_17-C7_Trihelix_2-C9_Trihelix_10	C9_LOBAS2_17	2	35	11	0.10192943828752511	1.1264151224769423
C10_AP2EREBP_114-C3_AP2EREBP_98	C10_MYB_17-C5_MYB_20-C6_MYB_24	1	10	10	0.09999999999999999	1.5350186552432912
C10_AP2EREBP_114-C3_AP2EREBP_98	C9_HSF_1	1	10	10	0.09999999999999999	1.299867367239363
C10_MYB_17-C5_MYB_20-C6_MYB_24	C6_AP2EREBP_227	1	10	10	0.09999999999999999	1.299867367239363
C5_Trihelix_39	C6_AP2EREBP_227	1	10	10	0.09999999999999999	1.356801050599936
C9_HSF_1	C9_HSF_1	1	10	10	0.09999999999999999	2.1343747458109497
C10_NAC_23-C13_NAC_7-C2_NAC_23-C3_NAC_10-C4_NAC_24-C5_NAC_29-C6_NAC_34-C7_NAC_3-C9_NAC_14	C2_C2H2_12	2	38	11	0.09782319760890369	0.4626865671641792
C10_NAC_23-C13_NAC_7-C2_NAC_23-C3_NAC_10-C4_NAC_24-C5_NAC_29-C6_NAC_34-C7_NAC_3-C9_NAC_14	C9_LOBAS2_17	2	38	11	0.09782319760890369	1.0132383036964872
C10_C2H2_7-C13_C2H2_2-C4_C2H2_4-C5_C2H2_6-C6_C2H2_8	C6_MYB_20	1	35	3	0.09759000729485331	1.6956521739130428
C10_C2H2_7-C13_C2H2_2-C4_C2H2_4-C5_C2H2_6-C6_C2H2_8	C6_bHLH_58	1	35	3	0.09759000729485331	1.3397876906064712
C10_Trihelix_13-C13_Trihelix_4-C2_Trihelix_13-C3_Trihelix_10-C4_Trihelix_11-C5_Trihelix_12-C6_Trihelix_17-C7_Trihelix_2-C9_Trihelix_10	C2_AP2EREBP_168	1	35	3	0.09759000729485331	1.356801050599936
C10_Trihelix_13-C13_Trihelix_4-C2_Trihelix_13-C3_Trihelix_10-C4_Trihelix_11-C5_Trihelix_12-C6_Trihelix_17-C7_Trihelix_2-C9_Trihelix_10	C2_AP2EREBP_17	1	35	3	0.09759000729485331	1.8932040958124012
C2_ABI3VP1_7-C4_ABI3VP1_5	C2_bZIP_44	1	21	5	0.09759000729485331	1.4836507379417567
C2_ABI3VP1_7-C4_ABI3VP1_5	C3_CAMTA_4	1	21	5	0.09759000729485331	0.9999999999999998
C2_ABI3VP1_7-C4_ABI3VP1_5	C6_MYB_58	1	21	5	0.09759000729485331	1.218543591689885
C10_AP2EREBP_114-C3_AP2EREBP_98	C2_G2like_1-C4_G2like_2-C5_G2like_2-C6_G2like_1-C9_G2like_1	2	10	44	0.09534625892455922	0.9625200432329807
C10_AP2EREBP_114-C3_AP2EREBP_98	C9_LOBAS2_17	1	10	11	0.09534625892455922	0.899022925376899
C10_MYB_17-C5_MYB_20-C6_MYB_24	C2_C2H2_12	1	10	11	0.09534625892455922	1.3820466381612846
C10_MYB_17-C5_MYB_20-C6_MYB_24	C2_HSF_9-C9_HSF_3	1	10	11	0.09534625892455922	0.9393939393939392
C2_HSF_9-C9_HSF_3	C6_AP2EREBP_227	1	11	10	0.09534625892455922	0.7440916048338274
C6_AP2EREBP_227	C9_LOBAS2_17	1	10	11	0.09534625892455922	1.0811798054391777
C10_NAC_23-C13_NAC_7-C2_NAC_23-C3_NAC_10-C4_NAC_24-C5_NAC_29-C6_NAC_34-C7_NAC_3-C9_NAC_14	C2_AP2EREBP_168	1	38	3	0.09365858115816939	0.9393939393939397
C10_NAC_23-C13_NAC_7-C2_NAC_23-C3_NAC_10-C4_NAC_24-C5_NAC_29-C6_NAC_34-C7_NAC_3-C9_NAC_14	C3_HMG_3	1	38	3	0.09365858115816939	1.0645161290322578
C10_NAC_23-C13_NAC_7-C2_NAC_23-C3_NAC_10-C4_NAC_24-C5_NAC_29-C6_NAC_34-C7_NAC_3-C9_NAC_14	C6_LOBAS2_9	1	38	3	0.09365858115816939	1.4142135623730956
C10_NAC_14	C13_RAV_1-C2_RAV_2-C4_RAV_2	2	16	30	0.09128709291752768	0.18394180184548975
C13_RAV_1-C2_RAV_2-C4_RAV_2	C5_ZFHD_4	1	30	4	0.09128709291752768	0.8449886842979475
C13_RAV_1-C2_RAV_2-C4_RAV_2	C6_AP2EREBP_137	1	30	4	0.09128709291752768	0.9755372173595078
C5_AP2EREBP_195	C5_HSF_5-C6_HSF_5-C9_HSF_2	1	6	20	0.09128709291752768	0.6582183780869638
C2_G2like_1-C4_G2like_2-C5_G2like_2-C6_G2like_1-C9_G2like_1	C2_HSF_9-C9_HSF_3	2	44	11	0.09090909090909091	0.8221786020271294
C2_HSF_9-C9_HSF_3	C2_HSF_9-C9_HSF_3	1	11	11	0.09090909090909091	2.4784787961282104
C2_HSF_9-C9_HSF_3	C9_LOBAS2_17	1	11	11	0.09090909090909091	1.1962490654307827
C9_LOBAS2_17	C9_LOBAS2_17	1	11	11	0.09090909090909091	3.0000000000000018
C11_C2H2_3-C2_C2H2_8-C6_C2H2_12-C9_C2H2_4	C2_WRKY_7	1	25	5	0.08944271909999157	0.7440916048338274
C11_C2H2_3-C2_C2H2_8-C6_C2H2_12-C9_C2H2_4	C3_AP2EREBP_107-C6_AP2EREBP_147	1	25	5	0.08944271909999157	1.3397876906064714
C11_C2H2_3-C2_C2H2_8-C6_C2H2_12-C9_C2H2_4	C3_AP2EREBP_183	1	25	5	0.08944271909999157	0.9618692838696564
C11_C2H2_3-C2_C2H2_8-C6_C2H2_12-C9_C2H2_4	C3_CAMTA_4	1	25	5	0.08944271909999157	0.6622661785325219
C11_C2H2_3-C2_C2H2_8-C6_C2H2_12-C9_C2H2_4	C5_AP2EREBP_134	1	25	5	0.08944271909999157	0.9857426511607846
C11_C2H2_3-C2_C2H2_8-C6_C2H2_12-C9_C2H2_4	C5_HSF_5-C6_HSF_5-C9_HSF_2	2	25	20	0.08944271909999157	0.5376827916736917
C11_C2H2_3-C2_C2H2_8-C6_C2H2_12-C9_C2H2_4	C6_MYB_58	1	25	5	0.08944271909999157	0.8029550685469663
C10_NAC_14	C3_bHLH_10-C4_bHLH_7	1	16	8	0.08838834764831845	0.7718449849879598
C11_MYB_2-C2_MYB_18	C4_AP2EREBP_87	1	16	8	0.08838834764831845	0.6201736729460422
C10_NAC_14	C10_Trihelix_13-C13_Trihelix_4-C2_Trihelix_13-C3_Trihelix_10-C4_Trihelix_11-C5_Trihelix_12-C6_Trihelix_17-C7_Trihelix_2-C9_Trihelix_10	2	16	35	0.08451542547285167	0.0
C5_C2C2COlike_5	C5_HSF_5-C6_HSF_5-C9_HSF_2	1	7	20	0.08451542547285165	2.0
C2_ABI3VP1_7-C4_ABI3VP1_5	C5_C2C2COlike_5	1	21	7	0.08247860988423225	0.7453559924999299
C10_NAC_23-C13_NAC_7-C2_NAC_23-C3_NAC_10-C4_NAC_24-C5_NAC_29-C6_NAC_34-C7_NAC_3-C9_NAC_14	C10_Trihelix_13-C13_Trihelix_4-C2_Trihelix_13-C3_Trihelix_10-C4_Trihelix_11-C5_Trihelix_12-C6_Trihelix_17-C7_Trihelix_2-C9_Trihelix_10	3	38	35	0.08226127456606226	-0.5656641426352806
C11_C2H2_3-C2_C2H2_8-C6_C2H2_12-C9_C2H2_4	C2_AP2EREBP_52-C6_AP2EREBP_64	1	25	6	0.0816496580927726	0.6087807775281009
C13_RAV_1-C2_RAV_2-C4_RAV_2	C3_AP2EREBP_183	1	30	5	0.08164965809277258	1.019585703205214
C13_RAV_1-C2_RAV_2-C4_RAV_2	C5_HSF_5-C6_HSF_5-C9_HSF_2	2	30	20	0.08164965809277258	-0.02604661305353119
C13_RAV_1-C2_RAV_2-C4_RAV_2	C6_MYB_58	1	30	5	0.08164965809277258	0.6637354803286024
C13_RAV_1-C2_RAV_2-C4_RAV_2	C2_ABI3VP1_7-C4_ABI3VP1_5	2	30	21	0.07968190728895957	0.014826615721184669
C10_AP2EREBP_114-C3_AP2EREBP_98	C11_MYB_2-C2_MYB_18	1	10	16	0.07905694150420947	0.7431605356175385
C10_MYB_17-C5_MYB_20-C6_MYB_24	C11_MYB_2-C2_MYB_18	1	10	16	0.07905694150420947	0.5235296376914395
C10_NAC_14	C5_Trihelix_39	1	16	10	0.07905694150420947	0.5852057359806528
C10_NAC_23-C13_NAC_7-C2_NAC_23-C3_NAC_10-C4_NAC_24-C5_NAC_29-C6_NAC_34-C7_NAC_3-C9_NAC_14	C10_NAC_23-C13_NAC_7-C2_NAC_23-C3_NAC_10-C4_NAC_24-C5_NAC_29-C6_NAC_34-C7_NAC_3-C9_NAC_14	3	38	38	0.07894736842105263	0.4766412802163628
C2_ABI3VP1_7-C4_ABI3VP1_5	C3_Trihelix_32-C4_Trihelix_30	1	21	8	0.07715167498104594	0.942306497225697
C2_ABI3VP1_7-C4_ABI3VP1_5	C3_bHLH_10-C4_bHLH_7	1	21	8	0.07715167498104594	0.8896802485305642
C2_ABI3VP1_7-C4_ABI3VP1_5	C4_AP2EREBP_87	1	21	8	0.07715167498104594	0.6327159625705662
C10_C2H2_7-C13_C2H2_2-C4_C2H2_4-C5_C2H2_6-C6_C2H2_8	C3_AP2EREBP_107-C6_AP2EREBP_147	1	35	5	0.07559289460184544	0.2785430072655778
C10_C2H2_7-C13_C2H2_2-C4_C2H2_4-C5_C2H2_6-C6_C2H2_8	C3_CAMTA_4	1	35	5	0.07559289460184544	0.6359987280038162
C10_C2H2_7-C13_C2H2_2-C4_C2H2_4-C5_C2H2_6-C6_C2H2_8	C5_AP2EREBP_134	1	35	5	0.07559289460184544	0.4766412802163628
C10_Trihelix_13-C13_Trihelix_4-C2_Trihelix_13-C3_Trihelix_10-C4_Trihelix_11-C5_Trihelix_12-C6_Trihelix_17-C7_Trihelix_2-C9_Trihelix_10	C3_AP2EREBP_183	1	35	5	0.07559289460184544	0.7755149821534618
C10_Trihelix_13-C13_Trihelix_4-C2_Trihelix_13-C3_Trihelix_10-C4_Trihelix_11-C5_Trihelix_12-C6_Trihelix_17-C7_Trihelix_2-C9_Trihelix_10	C3_CAMTA_4	1	35	5	0.07559289460184544	1.0242950394631678
C11_C2H2_3-C2_C2H2_8-C6_C2H2_12-C9_C2H2_4	C5_C2C2COlike_5	1	25	7	0.07559289460184544	0.8449886842979476
C10_NAC_14	C2_G2like_1-C4_G2like_2-C5_G2like_2-C6_G2like_1-C9_G2like_1	2	16	44	0.07537783614444091	-0.04661961036424878
C11_MYB_2-C2_MYB_18	C2_HSF_9-C9_HSF_3	1	16	11	0.07537783614444091	0.6859943405700356
C2_G2like_1-C4_G2like_2-C5_G2like_2-C6_G2like_1-C9_G2like_1	C5_ZFHD_4	1	44	4	0.07537783614444091	0.580429492463921
C2_G2like_1-C4_G2like_2-C5_G2like_2-C6_G2like_1-C9_G2like_1	C6_AP2EREBP_137	1	44	4	0.07537783614444091	0.3236453576250938
C13_RAV_1-C2_RAV_2-C4_RAV_2	C3_AP2EREBP_105-C5_AP2EREBP_121-C6_AP2EREBP_145	1	30	6	0.07453559924999299	0.5594532462194358
C10_Trihelix_13-C13_Trihelix_4-C2_Trihelix_13-C3_Trihelix_10-C4_Trihelix_11-C5_Trihelix_12-C6_Trihelix_17-C7_Trihelix_2-C9_Trihelix_10	C2_ABI3VP1_7-C4_ABI3VP1_5	2	35	21	0.07377111135633174	-0.025007816164017788
C10_MYB_17-C5_MYB_20-C6_MYB_24	C5_HSF_5-C6_HSF_5-C9_HSF_2	1	10	20	0.07071067811865475	0.31273693612613923
C11_C2H2_3-C2_C2H2_8-C6_C2H2_12-C9_C2H2_4	C3_bHLH_10-C4_bHLH_7	1	25	8	0.07071067811865475	0.34982151236612125
C5_HSF_5-C6_HSF_5-C9_HSF_2	C9_HSF_1	1	20	10	0.07071067811865475	0.18894058752636567
C10_C2H2_7-C13_C2H2_2-C4_C2H2_4-C5_C2H2_6-C6_C2H2_8	C2_AP2EREBP_52-C6_AP2EREBP_64	1	35	6	0.06900655593423542	0.2572088054497255
C10_C2H2_7-C13_C2H2_2-C4_C2H2_4-C5_C2H2_6-C6_C2H2_8	C2_BZR_13	1	35	6	0.06900655593423542	0.44920898118342706
C10_Trihelix_13-C13_Trihelix_4-C2_Trihelix_13-C3_Trihelix_10-C4_Trihelix_11-C5_Trihelix_12-C6_Trihelix_17-C7_Trihelix_2-C9_Trihelix_10	C3_AP2EREBP_105-C5_AP2EREBP_121-C6_AP2EREBP_145	1	35	6	0.06900655593423542	0.8360796171499411
C2_ABI3VP1_7-C4_ABI3VP1_5	C5_Trihelix_39	1	21	10	0.06900655593423542	0.4396787718714283
C5_HSF_5-C6_HSF_5-C9_HSF_2	C9_LOBAS2_17	1	20	11	0.0674199862463242	0.34982151236612125
C10_NAC_23-C13_NAC_7-C2_NAC_23-C3_NAC_10-C4_NAC_24-C5_NAC_29-C6_NAC_34-C7_NAC_3-C9_NAC_14	C3_AP2EREBP_105-C5_AP2EREBP_121-C6_AP2EREBP_145	1	38	6	0.06622661785325219	0.244203374913962
C2_ABI3VP1_7-C4_ABI3VP1_5	C2_C2H2_12	1	21	11	0.0657951694959769	0.4051065296900326
C2_ABI3VP1_7-C4_ABI3VP1_5	C2_HSF_9-C9_HSF_3	1	21	11	0.0657951694959769	0.1889405875263658
C10_NAC_23-C13_NAC_7-C2_NAC_23-C3_NAC_10-C4_NAC_24-C5_NAC_29-C6_NAC_34-C7_NAC_3-C9_NAC_14	C11_C2H2_3-C2_C2H2_8-C6_C2H2_12-C9_C2H2_4	2	38	25	0.064888568452305	-0.5407575913134987
C13_RAV_1-C2_RAV_2-C4_RAV_2	C6_AP2EREBP_138	1	30	8	0.06454972243679027	0.6582183780869639
C10_C2H2_7-C13_C2H2_2-C4_C2H2_4-C5_C2H2_6-C6_C2H2_8	C5_C2C2COlike_5	1	35	7	0.06388765649999399	0.10153461651336187
C11_MYB_2-C2_MYB_18	C11_MYB_2-C2_MYB_18	1	16	16	0.0625	1.0397066299035835
C10_C2H2_7-C13_C2H2_2-C4_C2H2_4-C5_C2H2_6-C6_C2H2_8	C13_RAV_1-C2_RAV_2-C4_RAV_2	2	35	30	0.06172133998483676	-0.625
C2_BZR_13	C2_G2like_1-C4_G2like_2-C5_G2like_2-C6_G2like_1-C9_G2like_1	1	6	44	0.061545745489666355	0.44475804587471396
C2_G2like_1-C4_G2like_2-C5_G2like_2-C6_G2like_1-C9_G2like_1	C5_AP2EREBP_195	1	44	6	0.061545745489666355	0.15271616650082984
C10_C2H2_7-C13_C2H2_2-C4_C2H2_4-C5_C2H2_6-C6_C2H2_8	C3_Trihelix_32-C4_Trihelix_30	1	35	8	0.05976143046671968	0.18670401120373464
C10_C2H2_7-C13_C2H2_2-C4_C2H2_4-C5_C2H2_6-C6_C2H2_8	C4_AP2EREBP_87	1	35	8	0.05976143046671968	0.2646486548347385
C10_Trihelix_13-C13_Trihelix_4-C2_Trihelix_13-C3_Trihelix_10-C4_Trihelix_11-C5_Trihelix_12-C6_Trihelix_17-C7_Trihelix_2-C9_Trihelix_10	C3_Trihelix_32-C4_Trihelix_30	1	35	8	0.05976143046671968	0.16208817969462158
C10_Trihelix_13-C13_Trihelix_4-C2_Trihelix_13-C3_Trihelix_10-C4_Trihelix_11-C5_Trihelix_12-C6_Trihelix_17-C7_Trihelix_2-C9_Trihelix_10	C6_AP2EREBP_138	1	35	8	0.05976143046671968	0.047192917818300886
C10_MYB_17-C5_MYB_20-C6_MYB_24	C13_RAV_1-C2_RAV_2-C4_RAV_2	1	10	30	0.057735026918962574	0.09759000729485327
C13_RAV_1-C2_RAV_2-C4_RAV_2	C5_Trihelix_39	1	30	10	0.057735026918962574	-0.08304547985374004
C2_G2like_1-C4_G2like_2-C5_G2like_2-C6_G2like_1-C9_G2like_1	C5_C2C2COlike_5	1	44	7	0.056980288229818966	-0.03925343359894301
C10_NAC_14	C5_HSF_5-C6_HSF_5-C9_HSF_2	1	16	20	0.055901699437494734	0.0
C11_MYB_2-C2_MYB_18	C5_HSF_5-C6_HSF_5-C9_HSF_2	1	16	20	0.055901699437494734	-0.25045319213683276
C13_RAV_1-C2_RAV_2-C4_RAV_2	C2_C2H2_12	1	30	11	0.05504818825631803	-0.019806834933486627
C13_RAV_1-C2_RAV_2-C4_RAV_2	C2_HSF_9-C9_HSF_3	1	30	11	0.05504818825631803	0.14920659471182068
C13_RAV_1-C2_RAV_2-C4_RAV_2	C9_LOBAS2_17	1	30	11	0.05504818825631803	0.16494577036919558
C11_MYB_2-C2_MYB_18	C2_ABI3VP1_7-C4_ABI3VP1_5	1	16	21	0.0545544725589981	-0.11020775375559685
C10_AP2EREBP_114-C3_AP2EREBP_98	C10_C2H2_7-C13_C2H2_2-C4_C2H2_4-C5_C2H2_6-C6_C2H2_8	1	10	35	0.05345224838248487	-0.060720783254579115
C10_C2H2_7-C13_C2H2_2-C4_C2H2_4-C5_C2H2_6-C6_C2H2_8	C10_MYB_17-C5_MYB_20-C6_MYB_24	1	35	10	0.05345224838248487	-0.1066677201802168
C10_AP2EREBP_114-C3_AP2EREBP_98	C10_NAC_23-C13_NAC_7-C2_NAC_23-C3_NAC_10-C4_NAC_24-C5_NAC_29-C6_NAC_34-C7_NAC_3-C9_NAC_14	1	10	38	0.0512989176042577	-0.10846522890932818
C10_NAC_23-C13_NAC_7-C2_NAC_23-C3_NAC_10-C4_NAC_24-C5_NAC_29-C6_NAC_34-C7_NAC_3-C9_NAC_14	C6_AP2EREBP_227	1	38	10	0.0512989176042577	-0.22071356783331292
C10_C2H2_7-C13_C2H2_2-C4_C2H2_4-C5_C2H2_6-C6_C2H2_8	C9_LOBAS2_17	1	35	11	0.050964719143762556	-0.15581787742632394
C2_ABI3VP1_7-C4_ABI3VP1_5	C5_HSF_5-C6_HSF_5-C9_HSF_2	1	21	20	0.04879500364742666	-0.0680939436535107
C2_G2like_1-C4_G2like_2-C5_G2like_2-C6_G2like_1-C9_G2like_1	C6_AP2EREBP_227	1	44	10	0.04767312946227961	-0.293234229920628
C11_MYB_2-C2_MYB_18	C13_RAV_1-C2_RAV_2-C4_RAV_2	1	16	30	0.04564354645876384	-0.4101515562147979
C11_C2H2_3-C2_C2H2_8-C6_C2H2_12-C9_C2H2_4	C2_ABI3VP1_7-C4_ABI3VP1_5	1	25	21	0.04364357804719848	-0.5969507391375296
C10_C2H2_7-C13_C2H2_2-C4_C2H2_4-C5_C2H2_6-C6_C2H2_8	C10_NAC_14	1	35	16	0.04225771273642583	-0.5494083400819044
C10_C2H2_7-C13_C2H2_2-C4_C2H2_4-C5_C2H2_6-C6_C2H2_8	C11_MYB_2-C2_MYB_18	1	35	16	0.04225771273642583	-0.4751909633114914
C10_C2H2_7-C13_C2H2_2-C4_C2H2_4-C5_C2H2_6-C6_C2H2_8	C5_HSF_5-C6_HSF_5-C9_HSF_2	1	35	20	0.03779644730092272	-0.8113386229196426
C11_C2H2_3-C2_C2H2_8-C6_C2H2_12-C9_C2H2_4	C13_RAV_1-C2_RAV_2-C4_RAV_2	1	25	30	0.03651483716701107	-0.919145030018058
