X	Class	AGCAGC	AGCGAG	AGGGCG	CAGGAG	CCACCC	CCCAGC	CCCGCA	CGACGA	CGCAGC	CGCCCA	CGCTCC	CGCTGC	CGGGCA	CGTCGC	CGTGGC	CTCCAG	CTCGTC	CTGCGC	GAACGA	GCCGCA	GCGCCC	GCGCGA	GCGCGC	GCGGGA	GCTCCA	GGAGAC	GGGGGA
chr1.8290917.8291030	pos	0	0	0	0	0	0	0	0	0	1	0	0	0	0	0	1	0	0	0	0	0	0	0	0	0	0	0
chr1.16418431.16418769	pos	0	1	1	1	0	0	0	0	0	0	0	0	0	0	0	0	0	0	0	0	0	0	0	0	1	1	0
chr1.16697612.16698016	pos	1	1	0	1	1	1	1	1	1	1	1	1	0	1	0	1	0	1	0	1	1	1	1	0	1	0	0
chr1.20306471.20307126	pos	1	0	1	1	1	1	1	1	0	1	1	1	1	1	1	1	1	1	1	1	1	1	0	0	0	0	1
chr1.28805660.28806228	pos	1	0	0	1	1	1	0	1	1	1	1	0	1	1	0	0	0	1	1	0	1	1	1	1	1	0	1
chr2.625787.626472	pos	1	1	1	0	0	0	1	1	0	1	1	1	1	1	1	1	1	1	1	0	1	1	0	1	1	1	0
chr2.6186388.6187275	pos	0	0	1	1	1	1	1	1	1	1	1	1	0	1	1	1	1	1	1	1	1	1	1	1	1	0	1
chr2.6788002.6788160	pos	0	0	0	0	0	0	0	0	0	0	0	0	0	0	0	0	0	0	0	0	0	0	0	0	0	0	0
chr3.517582.518069	pos	0	1	1	0	0	0	0	0	1	0	0	0	0	0	1	0	0	0	1	0	0	1	1	0	0	1	0
chr3.8056442.8056625	pos	0	0	0	0	0	0	0	0	0	0	0	0	0	0	1	0	0	0	0	0	0	0	0	0	0	0	0
chr3.10821204.10821498	pos	0	1	0	1	0	0	1	1	0	0	1	0	0	1	1	1	0	0	0	0	1	0	0	1	1	0	1
chr3.27102055.27102205	pos	0	0	1	0	0	0	1	0	1	1	0	1	0	0	1	0	0	0	0	0	0	0	0	1	0	1	0
chr3.27116535.27116973	pos	1	1	1	0	0	0	0	0	0	1	0	0	1	1	0	0	1	0	0	1	1	0	0	0	0	0	0
chr4.1240048.1240179	pos	0	0	0	0	0	0	0	0	0	0	0	0	0	0	0	0	0	0	0	0	0	0	0	0	0	0	0
chr4.4534445.4534586	pos	0	0	1	0	0	0	1	0	0	0	0	0	0	0	0	0	0	0	0	0	0	0	0	1	0	1	0
chr4.7949866.7950335	pos	1	0	0	0	1	0	1	0	0	0	1	0	1	0	0	1	1	0	0	1	0	0	0	0	0	0	1
chr4.14419305.14419681	pos	0	1	0	1	0	1	0	0	1	0	1	1	1	1	0	0	1	1	1	0	1	1	1	1	0	1	1
chr5.26074.26492	pos	0	1	0	0	1	1	1	0	0	0	0	0	0	0	0	1	0	0	0	0	0	0	0	0	1	1	0
chr5.6172536.6172667	pos	0	0	0	1	0	0	0	0	0	0	1	0	0	0	0	0	0	0	1	0	0	0	0	0	0	1	0
chr5.12944424.12944589	pos	1	1	1	0	0	0	0	0	1	0	0	0	0	0	1	0	1	1	0	0	0	0	0	0	0	0	0
chr5.13639015.13639115	pos	0	0	0	0	0	0	0	0	0	0	0	0	0	0	0	0	0	0	0	0	0	0	0	0	0	0	0
chr6.8993856.8994281	pos	0	0	0	0	0	0	0	0	0	0	0	0	1	0	1	0	0	0	1	0	0	0	0	0	0	0	0
chr6.15390403.15390579	pos	0	0	0	0	1	1	0	0	0	0	0	0	0	0	0	0	0	0	0	0	0	0	0	0	0	0	0
chr7.11918012.11918255	pos	0	0	0	0	0	0	1	1	0	0	1	0	0	1	0	1	0	0	1	0	0	0	0	1	0	1	0
chr7.12442741.12442946	pos	1	1	0	0	0	0	0	0	0	1	0	1	0	0	0	1	0	0	0	0	1	0	0	0	1	1	0
chr7.20403243.20403373	pos	1	1	0	1	0	0	0	1	0	0	0	1	0	0	0	0	0	0	0	0	0	0	0	1	0	0	0
chr8.1793687.1793868	pos	1	0	0	1	0	1	0	1	0	0	0	1	1	1	0	0	0	0	0	0	0	1	1	0	0	0	0
chr8.16139110.16139421	pos	0	0	0	0	0	1	0	0	0	0	0	0	0	0	0	1	0	0	0	0	0	0	0	0	0	0	0
chrU.1724913.1725098	pos	0	0	0	0	0	0	0	0	0	0	0	0	1	0	0	0	0	0	0	1	0	0	0	0	0	0	0
unplaced-scaffold_330.3107.4395	pos	1	0	0	0	0	1	0	1	1	1	0	1	0	1	0	1	1	0	0	1	1	1	1	1	1	1	1
chr1.6791000.6791500	neg	1	0	0	1	0	0	0	0	0	0	0	0	0	0	0	0	0	0	0	0	0	0	0	0	0	0	0
chr2.4086500.4087000	neg	0	0	0	0	0	0	0	0	0	0	0	0	1	0	0	0	0	0	0	0	0	0	0	0	0	0	0
chr2.10096000.10096500	neg	0	0	0	0	0	0	0	0	0	0	0	0	0	0	0	0	0	0	0	0	0	0	0	0	0	0	0
chr2.25267500.25268000	neg	0	0	0	0	0	0	0	0	0	0	0	0	0	0	0	0	0	0	0	0	0	0	0	0	0	0	0
chr3.937000.937500	neg	1	0	0	0	0	0	0	0	0	0	0	0	0	0	0	0	0	0	0	0	0	0	0	0	0	0	0
chr3.9861000.9861500	neg	0	0	0	0	0	1	0	0	0	0	0	0	0	0	0	1	0	0	0	0	0	0	0	0	0	0	0
chr3.11832000.11832500	neg	0	0	0	0	0	0	0	0	0	0	0	0	0	0	0	0	0	0	0	0	0	0	0	0	0	0	0
chr3.25000000.25000500	neg	0	0	0	0	0	0	0	0	0	0	0	0	0	0	0	0	0	0	0	0	0	0	0	0	0	0	0
chr4.2506000.2506500	neg	0	0	0	0	0	0	0	0	0	0	0	0	0	0	0	0	0	0	0	0	0	0	0	0	0	0	0
chr4.6728500.6729000	neg	0	0	0	0	0	0	0	0	0	0	0	0	0	0	0	0	0	0	0	0	0	0	0	0	0	0	0
chr4.11213500.11214000	neg	0	0	0	0	0	0	0	0	0	0	0	1	0	0	0	0	0	0	0	0	0	0	0	0	0	0	0
chr4.17252000.17252500	neg	0	0	0	0	0	0	0	0	0	0	1	0	0	0	0	0	0	0	0	0	0	0	0	0	0	1	0
chr4.17627000.17627500	neg	0	0	0	0	0	0	0	0	0	0	0	0	0	0	0	0	0	0	0	0	0	0	0	0	0	0	0
chr4.26016000.26016500	neg	0	0	0	0	0	0	0	0	0	0	0	0	0	0	0	0	0	0	0	0	0	0	0	0	0	0	0
chr5.949000.949500	neg	0	0	0	0	0	0	0	0	0	0	0	0	0	0	0	0	0	0	0	0	0	0	0	0	0	0	0
chr5.3909000.3909500	neg	0	0	0	0	0	0	0	0	0	0	0	0	0	0	0	1	0	0	0	0	0	0	0	0	0	0	0
chr5.6539500.6540000	neg	0	0	0	0	0	0	0	0	0	0	0	0	0	0	0	0	0	0	0	0	0	0	0	0	0	0	0
chr6.4375500.4376000	neg	0	0	0	0	0	0	0	0	0	0	0	0	0	0	0	0	0	0	0	0	0	0	0	0	0	0	0
chr6.5285500.5286000	neg	0	0	0	0	0	0	0	0	0	0	0	0	0	0	0	0	0	0	0	0	0	0	0	0	1	0	0
chr6.6817000.6817500	neg	0	0	0	0	0	0	0	0	0	0	0	0	0	0	0	0	0	0	0	0	0	0	0	1	0	0	0
chr6.11350000.11350500	neg	0	0	0	0	0	0	0	0	0	0	0	0	0	0	0	0	0	0	0	0	0	0	0	0	0	0	0
chr6.20756500.20757000	neg	0	0	0	0	0	0	0	0	0	0	0	0	0	0	0	0	0	0	0	0	0	0	0	0	0	0	0
chr7.15974500.15975000	neg	0	0	0	0	0	0	0	0	0	0	0	0	0	0	0	0	0	0	0	0	0	0	0	0	0	0	0
chr8.1255000.1255500	neg	0	0	0	0	0	0	0	0	0	0	0	0	0	0	0	0	0	0	0	0	0	0	0	0	0	0	0
chr8.18394500.18395000	neg	0	0	0	0	0	0	0	0	0	0	0	0	0	0	0	0	0	0	1	0	0	0	0	0	0	0	0
chr8.19865500.19866000	neg	0	0	0	0	0	0	0	0	0	0	0	0	0	0	0	0	0	0	0	0	0	0	0	0	0	0	0
chrV.7162500.7163000	neg	0	0	0	0	0	0	0	0	0	0	0	0	0	0	0	0	0	0	0	0	0	0	0	0	0	0	0
unplaced-scaffold_078.54500.55000	neg	0	0	0	0	0	0	0	0	0	0	0	0	0	0	0	0	0	0	0	0	0	0	0	0	0	1	0
unplaced-scaffold_257.10500.11000	neg	0	0	0	0	0	0	0	0	0	0	0	0	0	0	0	1	0	0	0	0	0	0	0	0	0	0	0
unplaced-scaffold_399.8000.8500	neg	0	0	0	0	0	0	1	0	0	1	0	0	0	0	0	0	0	0	0	0	1	1	0	0	0	0	0
