X	Class	AACGAC	ACGACA	AGCAGC	AGGGAG	ATGGGG	CCCGCA	CGACGA	CGAGCA	CGCCAG	CGCGCC	CGCTCC	CGCTGC	CGTTCA	CTCCAG	GAACGA	GCGAGC	GCGCCC	GCGCGA
chr1.8290917.8291030	pos	0	0	0	0	0	0	0	0	0	0	0	0	0	1	0	0	0	0
chr1.16418431.16418769	pos	1	1	0	0	0	0	0	1	1	0	0	0	1	0	0	1	0	0
chr1.16697612.16698016	pos	0	1	1	0	0	1	1	1	1	1	1	1	0	1	0	0	1	1
chr1.20306471.20307126	pos	1	1	1	1	1	1	1	1	1	0	1	1	0	1	1	1	1	1
chr1.28805660.28806228	pos	0	1	1	1	1	0	1	1	1	1	1	0	0	0	1	1	1	1
chr2.625787.626472	pos	1	1	1	1	0	1	1	1	0	1	1	1	1	1	1	0	1	1
chr2.6186388.6187275	pos	0	0	0	0	0	1	1	0	1	1	1	1	1	1	1	1	1	1
chr2.6788002.6788160	pos	0	0	0	0	0	0	0	0	0	0	0	0	0	0	0	0	0	0
chr3.517582.518069	pos	1	1	0	0	1	0	0	0	1	1	0	0	0	0	1	1	0	1
chr3.8056442.8056625	pos	0	0	0	0	0	0	0	0	0	0	0	0	0	0	0	0	0	0
chr3.10821204.10821498	pos	1	1	0	0	0	1	1	1	0	0	1	0	0	1	0	1	1	0
chr3.27102055.27102205	pos	0	0	0	1	0	1	0	0	0	0	0	1	0	0	0	0	0	0
chr3.27116535.27116973	pos	0	0	1	1	0	0	0	0	0	0	0	0	0	0	0	0	1	0
chr4.1240048.1240179	pos	0	0	0	0	0	0	0	0	0	0	0	0	0	0	0	0	0	0
chr4.4534445.4534586	pos	0	0	0	0	0	1	0	0	0	0	0	0	0	0	0	0	0	0
chr4.7949866.7950335	pos	0	0	1	1	1	1	0	0	0	0	1	0	0	1	0	0	0	0
chr4.14419305.14419681	pos	0	1	0	0	1	0	0	0	1	1	1	1	1	0	1	1	1	1
chr5.26074.26492	pos	0	0	0	0	0	1	0	1	0	0	0	0	0	1	0	0	0	0
chr5.6172536.6172667	pos	0	0	0	0	0	0	0	0	0	0	1	0	1	0	1	0	0	0
chr5.12944424.12944589	pos	1	0	1	0	0	0	0	1	0	0	0	0	0	0	0	1	0	0
chr5.13639015.13639115	pos	0	0	0	0	0	0	0	0	0	0	0	0	0	0	0	0	0	0
chr6.8993856.8994281	pos	0	0	0	0	1	0	0	0	0	0	0	0	0	0	1	0	0	0
chr6.15390403.15390579	pos	0	0	0	0	0	0	0	0	0	0	0	0	0	0	0	0	0	0
chr7.11918012.11918255	pos	1	1	0	1	0	1	1	1	0	0	1	0	1	1	1	0	0	0
chr7.12442741.12442946	pos	0	0	1	0	0	0	0	0	0	0	0	1	0	1	0	0	1	0
chr7.20403243.20403373	pos	0	0	1	0	0	0	1	0	1	0	0	1	0	0	0	0	0	0
chr8.1793687.1793868	pos	0	0	1	0	0	0	1	0	0	1	0	1	0	0	0	0	0	1
chr8.16139110.16139421	pos	0	0	0	0	0	0	0	0	0	0	0	0	0	1	0	0	0	0
chrU.1724913.1725098	pos	0	0	0	0	0	0	0	0	1	0	0	0	0	0	0	0	0	0
unplaced-scaffold_330.3107.4395	pos	0	0	1	1	1	0	1	1	1	1	0	1	1	1	0	1	1	1
chr1.4241000.4241500	neg	0	0	0	0	0	0	0	0	0	0	0	0	0	0	0	0	0	0
chr2.3817500.3818000	neg	0	0	0	0	0	0	0	0	0	0	0	0	0	0	0	0	0	0
chr2.6271000.6271500	neg	0	0	0	0	0	0	0	0	0	0	0	0	0	0	0	0	0	0
chr2.8520000.8520500	neg	0	0	0	0	0	0	0	0	0	0	0	0	0	0	0	0	0	0
chr2.16489500.16490000	neg	0	0	0	0	0	0	0	0	0	0	0	0	0	0	0	0	0	0
chr2.23971000.23971500	neg	0	0	0	0	0	0	0	0	0	0	0	0	0	1	0	0	0	0
chr3.4757000.4757500	neg	0	0	0	0	0	0	0	0	0	0	0	0	0	0	0	0	0	0
chr3.10514500.10515000	neg	0	0	0	0	0	0	1	0	0	0	0	0	0	0	0	0	0	0
chr3.17954500.17955000	neg	0	0	0	0	0	0	0	0	0	0	0	0	0	0	0	0	0	0
chr4.5499000.5499500	neg	0	0	0	0	0	0	0	0	0	0	0	0	0	0	0	0	0	0
chr4.8749500.8750000	neg	0	0	0	0	0	0	0	0	0	0	0	0	0	0	0	0	0	0
chr4.13387500.13388000	neg	0	0	0	0	0	0	0	0	0	0	0	0	0	0	0	0	0	0
chr4.16656000.16656500	neg	0	0	0	0	0	0	0	0	0	0	0	0	0	0	0	0	0	0
chr4.16922500.16923000	neg	0	0	0	0	0	0	0	0	0	0	0	0	0	0	0	0	0	0
chr5.13495500.13496000	neg	0	0	0	0	0	0	0	0	0	0	1	0	0	0	0	0	0	0
chr5.18910000.18910500	neg	0	0	0	0	0	0	0	0	0	0	0	0	0	0	0	0	0	0
chr6.1629000.1629500	neg	0	0	0	0	0	0	0	0	0	0	0	0	0	0	0	0	0	0
chr6.3743000.3743500	neg	0	0	0	0	0	0	0	0	0	0	0	0	0	0	0	0	0	0
chr6.8659000.8659500	neg	0	0	0	0	0	0	0	0	0	0	0	0	0	0	0	0	0	0
chr6.18475000.18475500	neg	0	0	0	0	0	0	0	0	0	0	0	0	0	0	0	0	0	0
chr6.19422500.19423000	neg	0	0	0	0	0	0	0	0	0	0	0	0	0	0	0	0	0	0
chr6.21189000.21189500	neg	0	0	1	0	0	0	0	0	0	0	0	0	0	0	0	0	0	0
chr6.23055000.23055500	neg	0	0	0	0	0	0	0	0	0	0	0	0	0	0	0	0	0	1
chr7.9278500.9279000	neg	0	0	0	0	0	0	0	0	0	0	0	0	0	1	0	0	0	0
chr8.337500.338000	neg	0	0	0	0	0	0	0	0	0	0	0	0	0	0	0	0	0	0
chr8.1085000.1085500	neg	0	0	0	0	0	0	0	0	0	0	0	0	0	0	0	0	0	0
chr8.5052500.5053000	neg	0	0	0	0	0	0	0	0	0	0	0	0	0	0	0	0	0	0
chr8.13589000.13589500	neg	0	0	0	0	0	0	0	0	0	0	0	0	0	0	0	0	0	0
chrV.5470000.5470500	neg	0	0	0	0	0	0	0	0	0	0	0	0	0	0	0	0	0	0
unplaced-scaffold_035.8500.9000	neg	0	0	0	0	0	1	0	0	1	0	0	1	0	0	1	1	0	0
