X	Class	ACCACG	AGAGGG	AGCAGC	AGCAGG	AGCGCG	AGGCTG	AGGGCG	ATGGGC	CACGAC	CAGGCG	CCACCC	CCCAGC	CCCGCA	CCGTCG	CCTGCC	CGCCCA	CGCGAC	CGCTTC	CGGGCA	CGTGGC	CTCTGC	GCAGGC	GCGCGA	GCGCGC	GCGGGA	GGGGGA
chr1.8290917.8291030	pos	0	0	0	0	0	0	0	0	0	0	0	0	0	0	0	1	0	0	0	0	0	0	0	0	0	0
chr1.16418431.16418769	pos	0	0	0	0	0	0	1	0	0	0	0	0	0	0	0	0	0	1	0	0	1	0	0	0	0	0
chr1.16697612.16698016	pos	1	0	1	1	1	0	0	0	0	1	1	1	1	1	1	1	1	0	0	0	0	1	1	1	0	0
chr1.20306471.20307126	pos	1	1	1	0	1	0	1	1	1	1	1	1	1	1	0	1	1	0	1	1	1	1	1	0	0	1
chr1.28805660.28806228	pos	1	1	1	1	1	0	0	1	1	1	1	1	0	1	0	1	1	1	1	0	1	1	1	1	1	1
chr2.625787.626472	pos	0	1	1	1	0	1	1	1	1	0	0	0	1	0	1	1	1	1	1	1	1	1	1	0	1	0
chr2.6186388.6187275	pos	1	0	0	0	1	1	1	0	1	1	1	1	1	1	1	1	1	0	0	1	1	1	1	1	1	1
chr2.6788002.6788160	pos	0	0	0	0	0	0	0	0	0	0	0	0	0	0	0	0	0	0	0	0	0	0	0	0	0	0
chr3.517582.518069	pos	0	0	0	0	1	0	1	1	0	0	0	0	0	0	1	0	0	0	0	1	1	0	1	1	0	0
chr3.8056442.8056625	pos	1	0	0	0	0	0	0	0	0	0	0	0	0	0	0	0	0	0	0	1	0	0	0	0	0	0
chr3.10821204.10821498	pos	1	0	0	0	0	0	0	0	1	0	0	0	1	1	0	0	0	0	0	1	0	0	0	0	1	1
chr3.27102055.27102205	pos	0	1	0	0	0	0	1	0	0	0	0	0	1	1	0	1	0	0	0	1	0	0	0	0	1	0
chr3.27116535.27116973	pos	0	0	1	0	0	0	1	0	0	0	0	0	0	1	0	1	0	0	1	0	0	0	0	0	0	0
chr4.1240048.1240179	pos	0	0	0	0	0	0	0	0	0	0	0	0	0	0	0	0	0	0	0	0	0	0	0	0	0	0
chr4.4534445.4534586	pos	0	0	0	0	0	0	1	0	0	0	0	0	1	0	0	0	0	0	0	0	0	0	0	0	1	0
chr4.7949866.7950335	pos	0	1	1	0	0	1	0	0	0	0	1	0	1	0	0	0	0	0	1	0	1	0	0	0	0	1
chr4.14419305.14419681	pos	0	0	0	0	1	0	0	0	1	0	0	1	0	1	1	0	1	1	1	0	0	0	1	1	1	1
chr5.26074.26492	pos	1	1	0	0	0	1	0	1	1	1	1	1	1	1	1	0	0	1	0	0	1	1	0	0	0	0
chr5.6172536.6172667	pos	0	0	0	0	0	0	0	0	0	0	0	0	0	0	0	0	0	0	0	0	0	0	0	0	0	0
chr5.12944424.12944589	pos	0	0	1	0	0	0	1	0	0	0	0	0	0	0	1	0	0	0	0	1	1	1	0	0	0	0
chr5.13639015.13639115	pos	0	0	0	0	0	0	0	0	0	0	0	0	0	0	0	0	0	0	0	0	0	0	0	0	0	0
chr6.8993856.8994281	pos	0	0	0	1	0	0	0	0	0	0	0	0	0	0	1	0	0	1	1	1	0	0	0	0	0	0
chr6.15390403.15390579	pos	0	0	0	1	0	0	0	0	0	1	1	1	0	0	0	0	0	0	0	0	0	1	0	0	0	0
chr7.11918012.11918255	pos	0	0	0	0	0	0	0	0	1	0	0	0	1	0	0	0	0	0	0	0	0	0	0	0	1	0
chr7.12442741.12442946	pos	0	0	1	0	0	0	0	1	0	1	0	0	0	0	0	1	0	0	0	0	0	0	0	0	0	0
chr7.20403243.20403373	pos	0	0	1	1	0	1	0	0	0	0	0	0	0	0	0	0	0	1	0	0	0	0	0	0	1	0
chr8.1793687.1793868	pos	0	0	1	1	1	0	0	0	0	1	0	1	0	1	0	0	1	0	1	0	0	1	1	1	0	0
chr8.16139110.16139421	pos	0	0	0	0	0	1	0	0	0	0	0	1	0	0	0	0	0	0	0	0	1	0	0	0	0	0
chrU.1724913.1725098	pos	0	0	0	0	0	0	0	1	0	0	0	0	0	0	1	0	0	0	1	0	0	1	0	0	0	0
unplaced-scaffold_330.3107.4395	pos	1	1	1	0	1	1	0	0	1	0	0	1	0	1	0	1	1	1	0	0	1	0	1	1	1	1
chr1.2222000.2222500	neg	0	0	0	0	0	0	0	0	0	0	0	0	0	0	0	0	0	0	0	0	0	0	0	0	0	0
chr1.6071500.6072000	neg	0	0	0	0	0	0	0	0	0	0	0	0	0	0	0	0	0	0	0	0	0	0	0	0	0	0
chr1.7803500.7804000	neg	0	0	0	0	0	0	0	0	0	0	0	0	0	0	0	0	0	0	0	0	0	0	0	0	0	0
chr1.18933500.18934000	neg	0	0	0	0	0	0	0	0	0	0	0	0	0	0	0	0	0	0	0	0	0	0	0	0	0	0
chr2.2138500.2139000	neg	0	0	1	0	0	0	0	0	0	0	0	0	0	0	0	0	0	0	0	0	0	0	0	0	0	0
chr2.3785000.3785500	neg	0	0	0	0	0	0	0	0	0	0	0	0	0	0	0	0	0	0	0	0	0	0	0	0	0	0
chr2.12669500.12670000	neg	0	0	0	0	0	0	0	0	0	0	0	0	0	0	0	0	0	0	0	0	0	0	0	0	0	0
chr2.21759500.21760000	neg	0	0	0	0	0	0	0	0	0	0	0	0	0	0	0	0	0	0	0	0	0	0	0	0	0	0
chr2.25352000.25352500	neg	0	0	0	0	0	0	0	0	0	0	0	0	0	0	0	0	0	0	0	0	0	0	0	0	0	0
chr2.26824000.26824500	neg	0	0	0	0	0	0	0	0	0	0	0	0	0	0	0	0	0	0	0	0	0	0	0	0	0	0
chr2.27875000.27875500	neg	0	0	0	0	0	0	0	0	0	0	0	0	0	0	0	0	0	0	0	0	0	0	0	0	0	0
chr3.2739500.2740000	neg	0	0	0	0	0	0	0	0	0	0	0	0	0	0	0	0	0	0	0	0	1	0	0	0	0	0
chr3.9520500.9521000	neg	0	0	0	0	0	0	0	0	0	0	0	0	0	0	0	0	0	0	0	0	0	0	0	0	0	0
chr3.11815000.11815500	neg	0	0	0	0	0	0	0	0	0	0	0	0	0	0	0	0	0	0	0	0	0	0	0	0	0	0
chr3.12878500.12879000	neg	0	0	0	0	0	0	0	0	0	0	0	0	0	0	0	0	0	0	1	0	0	0	0	0	0	0
chr4.6599500.6600000	neg	0	0	0	0	0	0	0	0	0	0	0	0	0	0	0	0	0	0	0	0	0	0	0	0	0	0
chr4.26922000.26922500	neg	0	0	0	0	0	0	0	0	1	0	0	1	0	1	0	0	0	0	0	1	0	0	0	0	0	0
chr5.11945500.11946000	neg	0	0	0	0	0	0	0	0	0	0	0	0	0	0	0	0	0	0	0	0	0	0	0	0	0	0
chr5.16080000.16080500	neg	0	0	0	0	0	0	0	0	0	0	0	0	0	0	0	0	0	0	0	0	0	0	0	0	0	0
chr5.26038000.26038500	neg	0	0	0	0	0	0	0	0	0	0	0	0	0	0	0	0	0	0	0	0	0	0	0	0	0	0
chr6.12431000.12431500	neg	0	0	0	0	0	0	0	0	0	0	0	0	1	0	1	0	0	0	0	0	0	0	0	0	0	0
chr6.18856000.18856500	neg	0	0	0	0	0	0	0	0	0	0	0	0	0	0	0	0	0	0	0	0	0	0	0	0	0	0
chr6.20930000.20930500	neg	0	0	0	0	0	0	0	0	0	0	0	0	0	0	0	0	0	0	0	0	0	0	0	0	0	0
chr7.3731500.3732000	neg	0	0	0	0	0	0	0	0	0	0	0	0	0	0	0	0	0	0	0	0	0	0	0	0	0	0
chr7.16109000.16109500	neg	0	0	0	0	0	0	0	0	0	0	0	0	0	1	0	0	0	0	0	0	0	0	0	0	0	0
chr7.16929000.16929500	neg	0	0	0	0	0	0	0	0	0	0	0	0	0	0	0	0	0	0	0	0	0	0	0	0	0	0
chr8.16924500.16925000	neg	0	0	0	0	0	0	0	0	0	0	0	0	0	0	0	0	0	0	0	0	0	0	0	0	0	0
chr8.20462500.20463000	neg	0	0	0	0	0	0	0	0	0	0	0	0	0	0	0	0	0	0	0	0	0	0	0	0	0	0
chrV.5318000.5318500	neg	0	0	0	0	0	0	0	0	0	0	0	0	0	0	0	0	0	0	0	0	0	0	0	0	0	0
unplaced-scaffold_297.3000.3500	neg	0	0	0	0	0	0	1	0	0	0	0	0	0	0	0	1	0	0	0	0	0	0	0	0	0	0
