X	Class	AATCGG	AATCGGA	ACCCCC	ACCGTC	ACCTGC	ACGAGC	ACGAGT	ACGCAG	ACGGAG	ACGGCA	ACTCCG	AGCACC	AGCAGC	AGCAGG	AGCCGG	AGCTCA	AGCTCC	AGCTGC	AGGACG	AGGAGC	AGGGCA	AGGTCA	AGTCGG	AGTGAG	CACCCA	CACCGG	CACGCA	CAGAGG	CAGCAG	CAGCTC	CAGGAG	CAGGGG	CCACAG	CCACCC	CCACGG	CCCAAG	CCCACG	CCCCAC	CCCCCA	CCCCCC	CCCCCG	CCCCGC	CCCGCA	CCCGCC	CCCGGC	CCCTGC	CCGCAG	CCGGAG	CCGTCC	CCGTCG	CCTCCG	CCTCCTC	CCTGCC	CCTGCG	CCTTCG	CGACGA	CGAGCC	CGCACC	CGCAGC	CGCCAC	CGCCCG	CGCCGC	CGCTCC	CGGCAA	CGGCAC	CGGCAG	CGGTGA	CGTAGA	CGTCGC	CTAGGA	CTCAGC	CTCCGA	CTCGCA	CTCGTC	CTGACC	CTGCCC	GAGACC	GAGGGC	GCAGCA	GCAGCC	GCAGGC	GCCACC	GCCCAA	GCCCCC	GCGAAC	GCGAGA	GCTCCA	GCTGCC	GGAGAC	GGGAGA	GTCAGA	GTCCAC
chr1.20493102.20493346	pos	0	0	0	0	0	0	0	1	0	0	0	0	0	0	0	0	0	1	0	0	0	0	0	1	0	0	0	1	0	0	0	0	0	0	0	0	0	0	1	1	1	0	0	1	1	1	0	0	0	1	0	0	1	0	0	0	0	0	0	0	1	1	0	0	0	0	0	0	1	0	0	0	0	0	1	1	0	0	0	0	1	0	0	1	0	0	0	0	0	1	1	1
chr3.7870243.7871338	pos	1	1	0	1	1	1	0	1	1	0	0	0	0	0	1	1	1	0	1	0	1	1	0	1	0	1	1	1	1	0	0	1	1	0	0	0	1	1	1	0	0	1	1	1	1	1	1	1	1	0	1	1	1	1	1	1	1	0	0	0	0	0	1	1	0	1	1	1	1	1	1	1	1	1	1	1	0	0	0	0	0	1	1	1	1	1	1	0	1	1	1	1
chr3.10822382.10823515	pos	0	0	0	1	1	1	1	0	0	1	1	1	1	1	0	1	1	0	1	1	0	1	1	1	1	0	1	0	1	1	1	1	1	1	0	0	1	1	1	1	0	1	1	0	0	1	1	0	1	1	1	0	1	1	1	0	1	1	1	1	0	0	1	1	0	1	1	1	1	0	0	1	1	1	0	0	1	0	1	1	1	0	1	1	1	1	1	0	0	1	0	0
chr3.18620065.18621026	pos	1	1	1	1	1	1	0	1	0	1	1	0	1	1	1	1	1	1	0	1	1	1	1	1	1	1	0	0	1	1	1	0	0	0	1	0	0	0	1	1	1	1	1	1	1	0	1	0	1	0	0	1	1	1	0	1	1	1	1	1	0	1	1	0	1	1	0	0	1	0	1	1	1	1	1	1	1	1	1	1	1	0	1	1	0	0	1	1	1	1	1	1
chr4.6629607.6629739	pos	1	1	0	0	0	0	0	0	0	1	0	0	0	0	0	0	0	1	0	0	0	1	0	0	0	0	0	0	0	0	0	0	0	0	0	0	1	0	0	0	0	0	0	0	0	0	1	0	0	0	0	0	0	0	0	0	0	1	1	0	0	0	0	0	0	1	0	0	0	0	1	0	1	0	1	0	1	0	0	1	0	0	0	0	0	0	0	1	1	0	1	0
chr4.6690862.6690992	pos	0	0	0	1	0	0	1	0	0	0	0	0	1	1	1	0	0	1	1	0	0	0	0	0	1	0	0	0	1	0	1	0	0	1	0	0	0	1	0	0	0	0	0	0	0	0	1	0	1	0	0	0	0	0	0	0	0	0	0	0	0	0	0	0	0	0	0	0	0	1	0	0	0	1	0	0	0	0	1	0	0	0	0	0	0	1	0	1	0	0	0	0
chr4.11118546.11119309	pos	1	1	1	0	1	1	1	1	1	0	1	1	1	0	1	1	0	1	1	0	1	0	1	0	0	1	1	1	1	0	1	1	1	1	0	1	1	1	1	1	1	1	0	1	1	1	0	0	1	1	1	1	1	1	1	1	1	0	0	1	1	1	1	0	1	1	1	0	1	1	1	1	1	1	1	1	1	1	1	0	1	1	1	1	0	1	0	1	0	0	1	1
chr4.22635294.22635484	pos	0	0	1	0	0	0	1	0	1	1	1	0	0	1	0	0	0	0	1	0	0	0	0	1	1	0	0	0	0	0	0	0	0	0	1	1	0	0	1	0	0	0	0	0	0	0	0	0	0	0	0	1	0	0	1	0	0	0	0	0	0	0	0	0	1	0	1	0	0	0	0	0	0	0	0	0	0	0	0	1	0	1	0	0	0	1	0	1	0	0	0	0
chr4.24589553.24589651	pos	0	0	0	1	0	0	0	0	0	0	0	0	0	0	0	0	0	0	0	1	0	0	0	0	0	0	0	0	0	0	0	0	0	0	0	0	0	0	0	0	0	0	0	0	0	0	0	0	0	1	0	0	0	0	0	1	0	0	0	0	0	0	1	0	0	0	0	0	0	0	0	0	0	0	0	0	0	0	0	0	0	0	0	0	0	0	1	0	1	1	0	0
chr5.2112475.2112557	pos	0	0	0	0	0	0	0	1	0	0	0	0	0	0	0	1	0	1	0	0	1	0	1	0	0	0	1	0	0	1	0	0	1	0	0	0	0	0	0	0	0	0	0	0	0	0	0	0	0	0	0	0	0	0	0	0	1	0	0	1	1	0	0	0	0	0	0	0	0	0	1	0	1	0	0	1	0	0	0	0	0	1	0	0	0	1	0	1	0	0	0	0
chr5.3589097.3589250	pos	0	0	0	0	0	0	0	0	0	0	0	0	0	1	0	0	0	0	0	0	1	0	0	0	0	0	0	0	1	0	0	1	0	0	0	0	0	0	0	0	0	0	0	0	0	1	1	0	0	0	0	0	0	1	0	0	0	0	0	0	0	0	0	0	0	0	0	0	0	0	0	0	0	0	0	0	0	0	1	1	1	0	0	0	0	0	0	0	0	0	1	0
chr5.12168561.12170255	pos	1	1	0	1	0	0	1	0	0	1	1	0	1	1	1	1	1	1	0	1	1	1	0	1	1	1	1	1	1	1	0	0	1	1	0	1	1	1	0	0	0	0	1	1	1	0	1	1	0	1	0	1	1	0	0	0	0	1	1	1	0	0	1	0	1	0	1	1	0	1	1	1	0	0	0	1	1	1	0	1	1	1	1	0	1	1	0	0	1	1	1	1
chr5.12170370.12170461	pos	0	0	0	0	0	1	0	0	0	0	0	0	0	0	0	0	0	0	1	0	0	1	0	0	0	0	0	0	0	0	0	0	0	0	0	0	0	0	0	0	0	0	0	0	0	0	0	1	0	0	0	0	0	0	0	0	0	0	0	0	0	0	0	0	0	0	0	0	0	0	1	0	0	0	0	0	0	0	0	0	0	0	0	0	0	0	0	0	0	0	0	0
chr5.19854057.19855589	pos	1	1	1	0	0	1	1	1	1	1	1	1	1	1	0	1	1	0	0	1	0	1	0	1	0	1	1	1	1	1	1	1	1	1	1	1	1	1	1	1	1	1	1	1	1	1	0	1	0	1	1	1	1	1	1	0	1	1	0	0	1	1	1	1	1	1	1	1	1	0	1	0	0	1	1	1	1	1	1	1	1	1	1	1	1	1	1	1	1	1	1	0
chr6.16964276.16964915	pos	0	0	1	1	0	1	1	0	1	1	0	1	0	0	1	0	1	0	1	1	1	0	1	1	0	1	0	0	0	1	0	0	0	0	0	0	0	0	1	1	1	0	0	1	1	0	0	1	1	1	1	1	0	0	0	1	1	0	1	0	1	1	1	1	1	1	0	1	0	1	1	1	1	1	1	0	0	1	1	1	0	1	0	1	1	1	0	1	0	0	1	1
chr7.2993948.2994535	pos	0	0	0	0	1	0	1	1	1	1	0	1	1	1	0	1	1	1	1	0	0	0	1	1	0	0	0	1	1	1	0	0	0	0	1	1	0	0	0	0	0	0	0	0	0	0	1	0	0	1	0	0	0	0	0	0	0	0	1	1	0	0	0	1	0	0	0	0	0	1	0	1	0	0	0	1	0	0	1	0	0	0	1	0	0	0	0	0	0	0	0	0
chr8.4977971.4980548	pos	1	1	1	1	1	1	1	0	1	1	1	1	1	1	1	0	1	1	0	1	1	1	1	1	1	1	1	1	1	1	1	1	0	1	1	1	1	1	1	1	1	1	1	1	1	1	1	1	1	1	1	1	1	1	1	1	1	1	0	1	1	1	1	1	1	1	1	1	1	0	1	1	1	1	0	1	1	1	1	1	1	1	1	1	1	1	1	1	0	1	1	1
chr8.11437694.11437801	pos	0	0	0	0	0	0	1	0	0	1	0	0	0	0	0	0	0	0	0	0	0	0	0	0	0	0	0	0	0	0	0	0	0	0	1	0	1	0	0	0	0	0	0	0	0	0	0	0	0	0	0	0	0	0	0	0	0	0	0	0	0	0	0	0	0	1	0	0	0	0	0	0	0	0	0	0	0	0	0	0	0	0	0	0	0	0	0	0	0	0	0	1
chr2.4086500.4087000	neg	0	0	0	0	0	0	0	0	0	0	0	0	0	0	0	0	0	0	0	0	0	0	0	0	0	0	0	0	0	0	0	0	0	0	0	0	0	0	0	0	0	0	0	0	0	0	0	0	0	0	0	0	0	0	0	0	0	0	0	0	0	0	0	0	0	0	0	0	0	0	0	0	0	0	0	0	0	0	0	0	0	0	0	0	0	0	0	0	0	0	0	0
chr2.10096000.10096500	neg	0	0	0	0	0	0	0	0	0	0	0	0	0	0	0	0	0	0	0	0	0	0	0	0	0	0	0	0	0	0	0	0	0	0	0	0	0	0	0	0	0	0	0	0	0	0	0	0	0	0	0	0	0	0	0	0	0	0	0	0	0	0	0	0	0	0	0	0	0	0	0	0	0	0	0	0	0	0	0	0	0	0	0	0	0	0	0	0	0	0	0	0
chr3.9861000.9861500	neg	0	0	0	0	0	1	0	0	0	0	0	0	0	0	0	0	0	0	0	0	0	0	0	0	0	0	0	0	0	0	0	0	0	0	0	0	0	0	0	0	0	0	0	0	0	0	0	0	0	0	0	0	0	0	0	0	0	0	0	0	0	0	0	0	0	0	0	0	0	0	0	0	0	0	0	0	0	0	0	0	0	0	0	0	0	0	0	0	0	0	0	0
chr3.11832000.11832500	neg	0	0	0	0	0	0	0	0	0	0	0	0	0	0	0	0	0	0	0	0	0	0	0	0	0	0	0	0	0	0	0	0	0	0	0	0	0	0	0	0	0	0	0	0	0	0	0	0	0	0	0	0	0	0	0	0	0	0	0	0	0	0	0	0	0	0	0	0	0	0	0	0	0	0	0	0	0	0	0	0	0	0	0	0	0	0	0	0	0	0	0	0
chr3.25000000.25000500	neg	0	0	0	0	0	0	0	0	0	0	0	0	0	0	0	0	0	0	0	0	0	0	0	0	0	0	0	0	0	0	0	0	0	0	0	0	0	0	1	0	0	0	0	0	0	0	0	0	0	0	0	0	0	0	0	0	0	0	0	0	0	0	0	0	0	0	0	0	0	0	0	0	0	0	0	0	0	0	1	0	0	0	0	1	0	1	0	0	0	0	0	0
chr4.2506000.2506500	neg	0	0	0	0	0	0	0	0	0	0	0	0	0	0	0	0	0	0	0	0	0	0	0	1	0	0	0	0	0	0	0	0	0	0	0	0	0	0	0	0	0	0	0	0	0	0	0	0	0	0	0	0	0	0	0	0	0	0	0	0	0	0	0	0	0	0	0	0	0	0	0	0	0	0	0	0	0	0	0	0	0	0	0	0	0	0	0	0	0	0	0	0
chr4.11213500.11214000	neg	0	0	0	0	0	0	0	0	0	0	0	0	0	0	0	0	0	0	0	0	0	0	0	0	0	0	0	0	0	0	0	0	0	0	0	0	0	0	0	0	0	0	0	0	0	0	0	0	0	0	0	0	0	0	0	0	0	0	0	0	0	0	0	0	0	0	0	0	0	0	0	0	0	0	0	0	0	0	0	0	0	0	0	0	0	0	0	0	0	0	0	0
chr4.17627000.17627500	neg	0	0	0	0	0	0	0	0	0	0	0	0	0	0	0	0	0	0	0	0	0	0	0	0	0	0	0	0	0	0	0	0	0	0	0	0	0	0	0	0	0	0	0	0	0	0	0	0	0	0	0	0	0	0	0	0	0	0	0	0	0	0	0	0	0	0	0	0	0	0	0	0	0	0	0	0	0	0	0	0	0	0	0	0	0	0	0	0	0	0	0	0
chr4.26016000.26016500	neg	0	0	0	0	0	0	0	0	0	0	0	0	0	0	0	0	0	0	0	0	0	0	0	0	0	0	0	0	0	0	0	0	0	0	0	0	0	0	0	0	0	0	0	0	0	0	0	0	0	0	0	0	0	0	0	0	0	0	0	0	0	0	0	0	0	0	0	0	0	0	0	0	1	0	0	0	0	0	0	0	1	1	0	0	0	1	0	0	0	0	0	0
chr5.949000.949500	neg	0	0	0	0	0	0	0	0	0	0	0	0	0	0	0	0	0	0	0	0	0	0	0	1	0	0	0	0	0	0	0	0	0	0	0	0	0	0	0	0	0	0	0	0	0	0	0	0	0	1	0	0	0	0	0	0	0	0	0	0	0	0	0	0	0	0	0	0	0	0	0	0	0	0	0	0	0	0	0	0	0	0	0	0	0	0	0	0	0	0	0	0
chr5.3909000.3909500	neg	0	0	0	0	0	0	0	0	0	0	0	0	0	0	0	1	0	0	0	0	0	0	0	0	0	0	0	0	0	0	0	0	0	0	0	0	0	0	0	0	0	0	0	0	0	0	0	0	0	0	0	0	0	0	0	0	0	0	0	0	0	0	0	0	0	0	0	0	0	0	0	0	0	0	0	0	0	0	0	0	0	0	0	0	0	0	0	0	0	0	0	0
chr5.6539500.6540000	neg	0	0	0	0	0	0	1	0	0	0	0	0	0	0	0	0	0	0	1	0	0	0	0	0	0	0	0	0	0	0	0	0	0	0	0	0	0	0	0	0	0	0	0	0	0	0	0	0	0	0	0	0	0	0	0	0	0	0	0	0	0	0	0	0	0	0	0	0	0	0	0	0	0	0	0	0	0	0	0	0	0	0	0	0	0	0	0	0	0	1	0	0
chr6.4375500.4376000	neg	0	0	0	0	0	0	0	0	0	0	0	0	0	0	0	0	0	0	0	0	0	0	0	0	0	0	0	0	0	1	0	0	0	0	0	0	0	0	0	0	0	0	0	0	0	0	0	0	0	0	0	0	0	0	0	0	0	0	0	0	0	0	0	0	0	0	0	0	0	0	1	0	0	0	0	0	0	0	0	0	0	0	0	0	0	0	0	0	0	0	0	0
chr6.6817000.6817500	neg	0	0	0	0	0	0	0	0	0	0	0	0	0	0	0	0	0	0	0	0	0	0	0	0	0	0	0	0	0	0	0	0	0	0	0	0	0	0	0	0	0	0	0	0	0	0	0	0	0	0	0	0	0	0	0	0	0	0	0	0	0	0	0	0	0	0	0	0	0	0	0	0	0	0	0	0	0	0	0	0	0	0	0	0	0	0	0	0	0	0	0	0
chr6.11350000.11350500	neg	0	0	0	0	0	0	0	0	0	0	0	0	0	0	0	0	0	0	0	0	0	0	0	0	0	0	0	0	0	0	0	0	0	0	0	0	0	0	0	0	0	0	0	0	0	0	0	0	0	0	0	0	0	0	0	0	0	0	0	0	0	0	0	0	0	0	0	0	0	0	0	0	0	0	0	0	0	0	0	0	0	0	0	0	0	0	0	0	0	0	0	0
chr8.19865500.19866000	neg	0	0	0	0	0	0	0	0	0	0	0	0	0	0	0	0	0	0	0	0	0	0	0	0	0	0	0	0	0	0	0	0	0	0	0	0	0	0	0	0	0	0	0	0	0	0	0	0	0	0	0	0	0	0	0	0	0	0	0	0	0	0	0	0	0	0	0	0	0	0	0	0	0	0	0	0	0	0	0	0	0	0	0	0	0	0	0	0	0	0	0	0
chrV.7162500.7163000	neg	0	0	0	0	0	0	0	0	0	0	0	0	0	0	0	0	0	0	0	0	0	0	0	0	0	0	0	0	0	0	0	0	0	0	0	0	0	0	0	0	0	0	0	0	0	0	0	0	0	0	0	0	0	0	0	0	0	0	0	0	0	0	0	0	0	0	0	0	0	0	0	0	0	0	0	0	0	0	0	0	0	0	0	0	0	0	0	0	0	0	0	0
unplaced-scaffold_257.10500.11000	neg	0	0	0	0	0	0	0	0	0	0	0	0	0	1	0	0	0	0	0	0	0	1	0	0	0	0	0	0	1	0	0	0	0	0	0	0	0	0	0	0	0	0	0	0	0	0	0	0	0	0	0	0	0	0	0	0	0	0	0	0	0	0	0	0	0	0	0	0	0	0	1	0	0	0	0	0	0	0	0	0	0	0	0	0	0	0	0	0	0	0	0	0
