TF1	TF2	TF1_TF2_count	TF1_count	TF2_count	cosine	zscore
C3_ND_2	C4_ND_3	262	45	65	4.844381713700335	9.699339765195964
C1_C3H_3	C3_ND_2	244	65	45	4.511561595965197	8.679927623871645
C3_ND_2	C4_CCAATHAP3_1	226	45	61	4.313574118497807	8.610552163487323
C1_ND_1-C4_ND_1	C3_ND_2	239	69	45	4.289109153063385	8.013217846909582
C4_CCAATHAP3_1	C4_ND_3	256	61	65	4.065541227547418	5.788320883135993
C1_C3H_3	C4_ND_3	264	65	65	4.061538461538462	6.352156606783252
C3_C2C2gata_3	C3_ND_2	186	47	45	4.044434052931342	8.551775668579305
C1_ND_1-C4_ND_1	C4_ND_3	265	69	65	3.956987243984039	5.906619766918079
C3_C2C2gata_1-C4_C2C2gata_1	C3_ND_2	235	81	45	3.892414627499633	5.468615992349742
C3_C2C2gata_3	C4_ND_3	213	47	65	3.853665332841581	6.6518820881434815
C1_C3H_3	C4_CCAATHAP3_1	240	65	61	3.8114449008257045	5.219248122572809
C3_C2C2gata_1-C4_C2C2gata_1	C4_ND_3	269	81	65	3.707260400499675	4.202145658671973
C1_C3H_3	C1_ND_1-C4_ND_1	247	65	69	3.68821075193984	4.737824312484564
C1_ND_1-C4_ND_1	C4_CCAATHAP3_1	238	69	61	3.668491306084529	5.925016715237194
C3_C2C2gata_3	C4_CCAATHAP3_1	193	47	61	3.604486991745962	6.809636693566469
C1_C3H_3	C3_C2C2gata_3	196	65	47	3.5460957992345064	7.044814211467283
C3_C2C2gata_1-C4_C2C2gata_1	C3_C2C2gata_3	218	81	47	3.5331742385045573	5.076803186597906
C3_C2C2gata_1-C4_C2C2gata_1	C4_CCAATHAP3_1	243	81	61	3.456995758188191	3.7840999215569138
C1_C3H_3	C3_C2C2gata_1-C4_C2C2gata_1	250	65	81	3.44540929414468	3.144459017410149
C1_ND_1-C4_ND_1	C3_C2C2gata_3	195	69	47	3.4242158801803892	5.968115262663802
C3_ND_2	C4_C2C2gata_5	207	45	85	3.3469916255013947	3.6039008977550013
C1_ND_1-C4_ND_1	C3_C2C2gata_1-C4_C2C2gata_1	243	69	81	3.2504180333157686	2.986912772069253
C3_ND_2	C4_C2C2gata_4	142	45	43	3.2281065401602413	5.438490296697806
C4_C2C2gata_5	C4_ND_3	239	85	65	3.215375955302374	2.5422097477322643
C4_C2C2gata_5	C4_CCAATHAP3_1	221	85	61	3.069148437457456	2.995548392443468
C1_C2C2gata_1-C2_C2C2gata_1-C3_C2C2gata_2-C4_C2C2gata_2	C3_ND_2	215	112	45	3.0284694127771843	2.7157567026595264
C3_C2C2gata_1-C4_C2C2gata_1	C4_C2C2gata_5	250	81	85	3.0129230252591133	1.415800745327139
C3_C2C2gata_3	C4_C2C2gata_5	186	47	85	2.942758022837797	2.7240010893042474
C1_C3H_3	C4_C2C2gata_5	217	65	85	2.919399925943996	2.141025656343286
C1_C2C2gata_1-C2_C2C2gata_1-C3_C2C2gata_2-C4_C2C2gata_2	C4_ND_3	247	112	65	2.894884651045209	1.1759850282021433
C1_C2C2gata_1-C2_C2C2gata_1-C3_C2C2gata_2-C4_C2C2gata_2	C3_C2C2gata_1-C4_C2C2gata_1	275	112	81	2.8872286132649303	0.41171507118363376
C4_C2C2gata_4	C4_CCAATHAP3_1	147	43	61	2.870239847523257	3.8752233252539527
C3_C2C2gata_1-C4_C2C2gata_1	C3_C2C2gata_46	146	81	32	2.867710834812109	4.598208280509608
C4_C2C2gata_4	C4_ND_3	150	43	65	2.8372679544657537	4.041565442733668
C3_C2C2gata_3	C3_C2C2gata_46	110	47	32	2.836408427211682	6.0679997471935545
C3_ND_2	C3_ND_2	127	45	45	2.822222222222222	10.294691092701344
C1_ND_1-C4_ND_1	C4_C2C2gata_5	216	69	85	2.8204586882768226	1.809971137388622
C1_C3H_3	C4_C2C2gata_4	149	65	43	2.8183528347693154	3.5649396640557334
C1_C2C2gata_1-C2_C2C2gata_1-C3_C2C2gata_2-C4_C2C2gata_2	C4_CCAATHAP3_1	232	112	61	2.8068167272757982	1.2235176262674232
C1_C2C2gata_1-C2_C2C2gata_1-C3_C2C2gata_2-C4_C2C2gata_2	C1_C3H_3	239	112	65	2.8011232048575105	1.3735167782474915
C1_C2C2gata_1-C2_C2C2gata_1-C3_C2C2gata_2-C4_C2C2gata_2	C3_C2C2gata_3	203	112	47	2.797938070581354	2.068447565204383
C1_C2C2gata_1-C2_C2C2gata_1-C3_C2C2gata_2-C4_C2C2gata_2	C1_ND_1-C4_ND_1	244	112	69	2.7755961066790698	0.8674478979208307
C1_ND_1-C4_ND_1	C4_C2C2gata_4	150	69	43	2.753800572577618	4.047631169066034
C3_C2C2gata_46	C3_ND_2	99	32	45	2.608879069638913	5.450798132815138
C3_C2C2gata_1-C4_C2C2gata_1	C4_C2C2gata_4	151	81	43	2.558587124469256	2.0345650081105373
C3_C2C2gata_3	C4_C2C2gata_4	112	47	43	2.4913506984807228	4.324923759357107
C3_C2C2gata_1-C4_C2C2gata_1	C3_C2H2_26	141	81	40	2.477117500465231	1.815349623024289
C3_C2C2gata_46	C4_ND_3	110	32	65	2.4119095530943304	3.334023956861922
C1_C2C2gata_1-C2_C2C2gata_1-C3_C2C2gata_2-C4_C2C2gata_2	C4_C2C2gata_5	232	112	85	2.3777681789032843	-0.8687100607179723
C3_C2H2_26	C3_ND_2	100	40	45	2.3570226039551585	3.3658267680291654
C3_C2C2gata_3	C3_C2H2_26	102	47	40	2.352454580473657	3.4482999843940054
C1_C3H_3	C3_C2C2gata_46	107	65	32	2.3461302016463033	3.1053991670513064
C3_C2C2gata_46	C4_C2C2gata_5	122	32	85	2.33924321598448	2.4516398329428424
C4_ND_3	C4_ND_3	151	65	65	2.3230769230769233	5.073449681146213
C1_C2C2gata_1-C2_C2C2gata_1-C3_C2C2gata_2-C4_C2C2gata_2	C3_C2C2gata_46	139	112	32	2.3218320391141867	1.7421133674793208
C1_ND_1-C4_ND_1	C3_C2C2gata_46	109	69	32	2.31967404631759	2.69732544456751
C2_bZIP_3-C3_bZIP_6-C4_bZIP_1	C3_ND_2	99	42	45	2.277216345829769	3.387469185138047
C3_C2C2gata_46	C4_CCAATHAP3_1	99	32	61	2.2407597145523335	3.516485006040421
C2_bZIP_3-C3_bZIP_6-C4_bZIP_1	C3_C2C2gata_1-C4_C2C2gata_1	128	42	81	2.1945365327941957	1.4995144335587272
C1_C3H_3	C3_C2H2_26	110	65	40	2.1572774865200244	2.183292747614488
C3_C2C2gata_46	C3_C2H2_26	76	32	40	2.1242645786248002	3.2023866131882968
C4_C2C2gata_4	C4_C2C2gata_5	128	43	85	2.117221419452318	1.0024099561994895
C1_ND_1-C4_ND_1	C3_C2H2_26	111	69	40	2.1128488906645946	1.554948426418741
C2_bZIP_3-C3_bZIP_6-C4_bZIP_1	C4_ND_3	110	42	65	2.1052872564651204	2.0737487458625217
C3_C2C2gata_1-C4_C2C2gata_1	C3_C2H2_41-C5_C2H2_8	135	81	51	2.100420126042015	0.9079905261307695
C1_C3H_3	C2_bZIP_3-C3_bZIP_6-C4_bZIP_1	109	65	42	2.086148281406347	2.2254670241538466
C3_C2H2_26	C4_ND_3	106	40	65	2.078831032464751	1.7559055819815235
C3_C2H2_26	C4_CCAATHAP3_1	101	40	61	2.0446852337017627	1.616259686386047
C1_ND_1-C4_ND_1	C2_bZIP_3-C3_bZIP_6-C4_bZIP_1	110	69	42	2.043353446109627	1.7220902683418777
C3_C2C2gata_3	C3_C2H2_41-C5_C2H2_8	100	47	51	2.0425184255141673	2.167408389477023
C2_bZIP_3-C3_bZIP_6-C4_bZIP_1	C3_C2C2gata_3	90	42	47	2.025671114728547	2.770348110013726
C1_C2C2gata_1-C2_C2C2gata_1-C3_C2C2gata_2-C4_C2C2gata_2	C3_C2H2_26	135	112	40	2.0169482782517894	0.23493518369970004
C3_ND_2	C4_bHLH_15	80	45	35	2.0158105227158787	3.1261108392654857
C3_C2H2_26	C4_C2C2gata_5	116	40	85	1.9893835876531023	0.692599166410725
C1_C2C2gata_1-C2_C2C2gata_1-C3_C2C2gata_2-C4_C2C2gata_2	C4_C2C2gata_4	138	112	43	1.9885469410796106	0.15930755354207565
C2_bZIP_3-C3_bZIP_6-C4_bZIP_1	C4_CCAATHAP3_1	100	42	61	1.9756519492339992	1.862338344854273
C3_C2H2_41-C5_C2H2_8	C3_ND_2	94	51	45	1.962169445400135	2.147387867644447
C1_C3H_3	C1_C3H_3	126	65	65	1.9384615384615387	3.7597698819498775
C4_ND_3	C4_bHLH_15	91	65	35	1.9078784028338915	2.116916518291838
C2_bZIP_3-C3_bZIP_6-C4_bZIP_1	C3_C2C2gata_46	69	42	32	1.8821293032854345	2.268603518533797
C1_ND_1-C4_ND_1	C1_ND_1-C4_ND_1	129	69	69	1.8695652173913042	4.082950848789427
C4_CCAATHAP3_1	C4_CCAATHAP3_1	114	61	61	1.8688524590163935	4.1526821511595395
C3_C2C2gata_46	C4_C2C2gata_4	68	32	43	1.8331571444584531	2.5944406525800603
C3_C2C2gata_1-C4_C2C2gata_1	C3_C2C2gata_1-C4_C2C2gata_1	148	81	81	1.8271604938271604	2.060345760109538
C1_C3H_3	C3_C2H2_41-C5_C2H2_8	103	65	51	1.7889386963015776	0.674576514519028
C3_C2H2_41-C5_C2H2_8	C4_ND_3	103	51	65	1.7889386963015776	0.8501908625511341
C1_ND_1-C4_ND_1	C3_C2H2_41-C5_C2H2_8	106	69	51	1.7868834722320803	0.4329754420940585
C3_C2H2_41-C5_C2H2_8	C4_CCAATHAP3_1	97	51	61	1.7390886820138618	0.7165259064174629
C1_C2C2gata_1-C2_C2C2gata_1-C3_C2C2gata_2-C4_C2C2gata_2	C2_bZIP_3-C3_bZIP_6-C4_bZIP_1	119	112	42	1.735055234471418	-0.3615790721146511
C3_C2C2gata_46	C3_C2H2_41-C5_C2H2_8	70	32	51	1.73275820020918	1.7033537089567599
C3_C2C2gata_1-C4_C2C2gata_1	C4_bHLH_15	92	81	35	1.7278709207783007	0.8068884859204873
C3_C2C2gata_3	C4_bHLH_15	70	47	35	1.7258978545253827	2.107231774753346
C3_C2C2gata_3	C3_C2C2gata_3	80	47	47	1.7021276595744683	4.848043701395661
C4_C2H2_24	C4_ND_3	41	9	65	1.6951413727191822	2.9090840734017154
C1_C2C2gata_1-C2_C2C2gata_1-C3_C2C2gata_2-C4_C2C2gata_2	C3_C2H2_41-C5_C2H2_8	128	112	51	1.693619596879882	-0.835529629349299
C3_ND_2	C4_C2H2_24	34	45	9	1.689473582999841	3.7072897723101357
C2_bZIP_3-C3_bZIP_6-C4_bZIP_1	C4_C2C2gata_5	100	42	85	1.6736548175114463	-0.021305936929650354
C2_bZIP_3-C3_bZIP_6-C4_bZIP_1	C3_C2H2_26	68	42	40	1.6590301240125063	1.481538631998209
C1_C3H_3	C4_bHLH_15	79	65	35	1.656290042020631	1.0818313852519394
C3_C2H2_41-C5_C2H2_8	C4_C2C2gata_5	109	51	85	1.6555105283788567	-0.4463947459871505
C3_C2H2_26	C4_C2C2gata_4	66	40	43	1.59140131316236	1.2062737249489737
C4_CCAATHAP3_1	C4_bHLH_15	72	61	35	1.5582371592592983	0.8716790046358295
C1_ND_1-C4_ND_1	C4_bHLH_15	76	69	35	1.5465181623573114	0.5887028676540267
C3_C2H2_26	C3_C2H2_41-C5_C2H2_8	67	40	51	1.4834049332796597	0.6383036514852066
C2_bZIP_3-C3_bZIP_6-C4_bZIP_1	C4_C2C2gata_4	63	42	43	1.4824555368052867	1.0610072130212531
C4_C2C2gata_5	C4_bHLH_15	77	85	35	1.4117156854234454	-0.3643623645823947
C3_C2H2_41-C5_C2H2_8	C4_C2C2gata_4	65	51	43	1.3880146207166915	0.27730246961264465
C3_AP2EREBP_62	C3_Trihelix_26	12	8	10	1.3416407864998736	4.8661821494246436
C3_Trihelix_1	C3_Trihelix_26	12	8	10	1.3416407864998736	4.171620127351186
C3_Trihelix_26	C3_WRKY_8	12	10	8	1.3416407864998736	6.0451222882815525
C1_C3H_3	C4_C2H2_24	32	65	9	1.3230371689515568	2.1601082463634054
C2_bZIP_3-C3_bZIP_6-C4_bZIP_1	C3_C2H2_41-C5_C2H2_8	60	42	51	1.2964074471043288	0.18071119309051253
C4_C2C2gata_4	C4_bHLH_15	50	43	35	1.2888481555661677	0.6502976480711464
C1_C2C2gata_1-C2_C2C2gata_1-C3_C2C2gata_2-C4_C2C2gata_2	C4_bHLH_15	80	112	35	1.2777531299998799	-1.0484784603692607
C4_C2C2gata_5	C4_C2C2gata_5	108	85	85	1.2705882352941176	0.27532617778454577
C3_C2C2gata_46	C3_C2C2gata_46	40	32	32	1.2500000000000002	3.427624393572596
C1_ND_1-C4_ND_1	C4_C2H2_24	31	69	9	1.2439871485529486	1.9488406291895186
C4_C2H2_24	C4_CCAATHAP3_1	29	9	61	1.2376898393513278	1.8566369604353445
C1_C2C2gata_1-C2_C2C2gata_1-C3_C2C2gata_2-C4_C2C2gata_2	C1_C2C2gata_1-C2_C2C2gata_1-C3_C2C2gata_2-C4_C2C2gata_2	133	112	112	1.1875	-1.0691920290449715
C3_C2C2gata_46	C4_bHLH_15	36	32	35	1.0757057484009542	0.4945918511581102
C3_LOBAS2_8	C3_Trihelix_26	9	7	10	1.0757057484009542	4.3006293544127585
C2_bZIP_3-C3_bZIP_6-C4_bZIP_1	C4_bHLH_15	38	42	35	0.991117008818872	-0.16975995936626098
C3_C2H2_26	C4_bHLH_15	36	40	35	0.9621404708847278	-0.43747226873128015
C3_AP2EREBP_18	C3_Trihelix_26	9	9	10	0.9486832980505137	2.0430133751144464
C3_C2H2_26	C3_C2H2_26	37	40	40	0.9249999999999998	1.2214729319952706
C4_C2C2gata_4	C4_C2H2_24	18	43	9	0.914991421995628	1.298964003827557
C3_LOBAS2_2	C3_Trihelix_26	7	6	10	0.9036961141150638	2.711630722733202
C3_Trihelix_26	C3_Trihelix_26	9	10	10	0.8999999999999999	7.714267693129476
C4_C2C2gata_4	C4_C2C2gata_4	38	43	43	0.8837209302325582	0.9728620526450308
C3_C2C2gata_3	C4_C2H2_24	18	47	9	0.8751899489873673	1.081204265712788
C4_C2C2gata_5	C4_C2H2_24	23	85	9	0.8315667549715153	0.15363457892577354
C3_C2C2gata_1-C4_C2C2gata_1	C4_C2H2_24	22	81	9	0.8148148148148148	0.2341952560936139
C3_AP2EREBP_62	C3_LOBAS2_8	6	8	7	0.8017837257372732	2.742444718614944
C3_LOBAS2_8	C3_Trihelix_1	6	7	8	0.8017837257372732	3.1721116816707435
C3_LOBAS2_8	C3_WRKY_8	6	7	8	0.8017837257372732	3.0301167335362287
C4_C2H2_24	C4_bHLH_15	14	9	35	0.7888106377466155	1.0843457827074872
C3_C2H2_41-C5_C2H2_8	C4_bHLH_15	33	51	35	0.781078762746399	-0.9859109498763202
C3_AP2EREBP_18	C3_LOBAS2_8	6	9	7	0.7559289460184545	2.30799658774168
C2_C2C2YABBY_12	C3_C2C2gata_1-C4_C2C2gata_1	27	16	81	0.75	-0.7717905400996249
C3_AP2EREBP_62	C3_Trihelix_1	6	8	8	0.75	2.4466753321124406
C3_AP2EREBP_62	C3_WRKY_8	6	8	8	0.75	2.0782562248602106
C3_Trihelix_1	C3_WRKY_8	6	8	8	0.75	2.4388492617565825
C2_bZIP_3-C3_bZIP_6-C4_bZIP_1	C2_bZIP_3-C3_bZIP_6-C4_bZIP_1	31	42	42	0.7380952380952381	0.9390189232728252
C1_C2C2gata_1-C2_C2C2gata_1-C3_C2C2gata_2-C4_C2C2gata_2	C2_C2C2YABBY_12	31	112	16	0.7323061664553778	-1.2317145195225787
C2_C2C2YABBY_12	C3_C2C2gata_3	20	16	47	0.7293249574894729	0.1364782387869882
C3_AP2EREBP_62	C3_LOBAS2_2	5	8	6	0.7216878364870323	2.016149634811114
C3_AP2EREBP_18	C3_AP2EREBP_62	6	9	8	0.7071067811865476	2.1915232930962634
C2_C2C2YABBY_12	C3_C2C2gata_46	15	16	32	0.6629126073623883	0.4321346219544468
C2_C2C2YABBY_12	C4_C2C2gata_5	24	16	85	0.6507913734559685	-1.0463327617075937
C1_Trihelix_21	C3_C2C2gata_46	16	20	32	0.6324555320336758	-0.31095826798051734
C2_C2C2YABBY_12	C3_C2H2_26	16	16	40	0.6324555320336758	-0.29820482412632027
C1_C2C2gata_1-C2_C2C2gata_1-C3_C2C2gata_2-C4_C2C2gata_2	C4_C2H2_24	20	112	9	0.6299407883487121	-0.5113110031252441
C3_LOBAS2_2	C3_LOBAS2_8	4	6	7	0.6172133998483675	2.50979169922973
C3_C2H2_41-C5_C2H2_8	C3_C2H2_41-C5_C2H2_8	31	51	51	0.607843137254902	-0.18862345751770415
C3_AP2EREBP_18	C3_Trihelix_1	5	9	8	0.5892556509887897	1.355091155716938
C3_AP2EREBP_18	C3_WRKY_8	5	9	8	0.5892556509887897	1.4142135623730951
C3_LOBAS2_2	C3_Trihelix_1	4	6	8	0.5773502691896257	1.8639019875435476
C3_LOBAS2_2	C3_WRKY_8	4	6	8	0.5773502691896257	1.2034589249796468
C2_bZIP_3-C3_bZIP_6-C4_bZIP_1	C4_C2H2_24	11	42	9	0.5657789498610036	0.1636363636363637
C2_C2C2YABBY_12	C3_C2H2_41-C5_C2H2_8	16	16	51	0.5601120336112039	-0.5983286781524296
C2_C2C2YABBY_12	C2_bZIP_3-C3_bZIP_6-C4_bZIP_1	13	16	42	0.5014858873767987	-0.6146328049592795
C1_C3H_3	C2_C2C2YABBY_12	16	65	16	0.4961389383568338	-1.1089052035746507
C2_C2C2YABBY_12	C3_ND_2	13	16	45	0.4844813951249544	-0.8021002800822324
C1_Trihelix_21	C2_bZIP_3-C3_bZIP_6-C4_bZIP_1	14	20	42	0.48304589153964794	-1.116149009239843
C1_ND_1-C4_ND_1	C2_C2C2YABBY_12	16	69	16	0.4815434123430768	-1.204273889890594
C2_C2C2YABBY_12	C4_CCAATHAP3_1	14	16	61	0.4481290797651359	-1.2837525281549864
C1_Trihelix_21	C3_C2H2_26	12	20	40	0.4242640687119285	-1.696986547161735
C3_AP2EREBP_18	C3_LOBAS2_2	3	9	6	0.408248290463863	0.6188527477552762
C4_bHLH_15	C4_bHLH_15	14	35	35	0.4	-0.34076342724342396
C3_HSF_21	C3_Trihelix_26	4	10	10	0.39999999999999997	0.4956583325050558
C2_C2C2YABBY_12	C4_C2C2gata_4	10	16	43	0.3812464258315117	-1.3703878612667546
C3_AP2EREBP_62	C3_AP2EREBP_62	3	8	8	0.375	2.0416339610148606
C3_Trihelix_1	C3_Trihelix_1	3	8	8	0.375	2.532407537218354
C3_WRKY_8	C3_WRKY_8	3	8	8	0.375	1.9445436482630059
C2_C2C2YABBY_12	C4_ND_3	12	16	65	0.3721042037676254	-1.5802461109221475
C1_Trihelix_21	C3_ND_2	11	20	45	0.36666666666666664	-1.7294086967219302
C3_HSF_21	C3_LOBAS2_8	3	10	7	0.3585685828003181	0.5521055942202217
C3_C2C2COlike_7	C4_C2C2gata_3	1	1	8	0.3535533905932738	1.6329931618554523
C3_SBP_9	C4_C2C2gata_3	1	1	8	0.3535533905932738	1.464819225788087
C1_ND_1-C4_ND_1	C1_Trihelix_21	13	69	20	0.3499482363378076	-2.672419659360667
C1_Trihelix_21	C3_C2H2_41-C5_C2H2_8	11	20	51	0.3444233600968322	-1.4668276442400485
C1_WRKY_7	C2_C2C2YABBY_12	3	5	16	0.3354101966249684	0.346218536461627
C1_C3H_3	C1_Trihelix_21	12	65	20	0.3328201177351375	-2.40374343400983
C3_AP2EREBP_18	C3_HSF_21	3	9	10	0.3162277660168379	0.009386878617269214
C3_C2H2_26	C4_C2H2_24	6	40	9	0.3162277660168379	-0.7543665683766411
C3_C2C2gata_46	C4_C2H2_24	5	32	9	0.29462782549439487	-0.5185185185185186
C2_HSF_16	C3_NLP_13	1	4	3	0.28867513459481287	1.246500477681503
C3_LOBAS2_8	C3_LOBAS2_8	2	7	7	0.2857142857142857	2.00849822061044
C3_C2H2_41-C5_C2H2_8	C4_C2H2_24	6	51	9	0.280056016805602	-1.1121422936637273
C1_Trihelix_21	C2_C2C2YABBY_12	5	20	16	0.2795084971874737	-0.9739351445862604
C1_Trihelix_21	C4_ND_3	10	20	65	0.2773500981126146	-2.3113614708147994
C3_HSF_21	C3_LOBAS2_2	2	10	6	0.25819888974716104	0.20929790394104192
C1_Trihelix_21	C3_C2C2gata_1-C4_C2C2gata_1	10	20	81	0.24845199749997662	-2.9437863057282767
C2_bZIP_3-C3_bZIP_6-C4_bZIP_1	C3_Trihelix_26	5	42	10	0.2439750182371333	-1.0153934459006393
C2_C2C2gata_18-C3_C2C2gata_16	C3_Trihelix_26	2	7	10	0.23904572186687872	0.03501415441502574
C1_Trihelix_21	C4_CCAATHAP3_1	8	20	61	0.22903933372554727	-2.3493123359809274
C3_AP2EREBP_62	C3_HSF_21	2	8	10	0.22360679774997894	-0.18464014256311295
C3_HSF_21	C3_Trihelix_1	2	10	8	0.22360679774997894	-0.1029711045702057
C3_HSF_21	C3_WRKY_8	2	10	8	0.22360679774997894	-0.01811011832375013
C3_AP2EREBP_18	C3_AP2EREBP_18	2	9	9	0.2222222222222222	0.47335140520496266
C4_C2H2_24	C4_C2H2_24	2	9	9	0.2222222222222222	0.8220461894845947
C2_bZIP_3-C3_bZIP_6-C4_bZIP_1	C3_AP2EREBP_62	4	42	8	0.2182178902359924	-1.2429867566351693
C2_bZIP_3-C3_bZIP_6-C4_bZIP_1	C3_Trihelix_1	4	42	8	0.2182178902359924	-0.996424801024706
C2_bZIP_3-C3_bZIP_6-C4_bZIP_1	C3_WRKY_8	4	42	8	0.2182178902359924	-0.8912455275820994
C1_ND_1-C4_ND_1	C3_NLP_13	3	69	3	0.20851441405707477	-0.5648189781216305
C1_Trihelix_21	C1_Trihelix_21	4	20	20	0.19999999999999998	-0.34099716973523675
C1_WRKY_7	C1_WRKY_7	1	5	5	0.19999999999999998	0.7276068751089992
C1_ND_1-C4_ND_1	C3_HSF_27	7	69	18	0.198626523843708	-2.272199269081301
C1_Trihelix_21	C3_C2C2gata_3	6	20	47	0.19569842191603265	-2.5565864444445623
C3_AP2EREBP_18	C3_NLP_13	1	9	3	0.19245008972987523	0.2132007163556104
C1_C2C2gata_1-C2_C2C2gata_1-C3_C2C2gata_2-C4_C2C2gata_2	C1_Trihelix_21	9	112	20	0.19015970731391624	-3.232199127594767
C1_Trihelix_21	C4_bHLH_15	5	20	35	0.18898223650461363	-2.003839685518664
C1_ND_1-C4_ND_1	C2_C2C2gata_18-C3_C2C2gata_16	4	69	7	0.18200630207731602	-1.396187929900655
C1_ND_1-C4_ND_1	C2_HSF_16	3	69	4	0.1805787796286538	-0.7112754645006331
C1_C3H_3	C3_HSF_27	6	65	18	0.17541160386140586	-2.2844668941808215
C2_bZIP_3-C3_bZIP_6-C4_bZIP_1	C3_LOBAS2_8	3	42	7	0.17496355305594133	-1.1763938133786016
C1_Trihelix_21	C4_C2C2gata_5	7	20	85	0.16977493752543307	-2.997411925796781
C3_AP2EREBP_18	C3_MYB_3	1	9	4	0.16666666666666666	-0.15211896583492074
C3_LOBAS2_2	C3_LOBAS2_2	1	6	6	0.16666666666666666	0.44920898118342706
C1_Trihelix_21	C3_AP2EREBP_62	2	20	8	0.15811388300841894	-0.8529103186913647
C1_Trihelix_21	C3_Trihelix_1	2	20	8	0.15811388300841894	-0.8060211324691204
C1_Trihelix_21	C3_WRKY_8	2	20	8	0.15811388300841894	-0.7536432741366063
C2_C2C2YABBY_12	C3_Trihelix_26	2	16	10	0.15811388300841894	-0.8735468931232622
C1_C2C2gata_1-C2_C2C2gata_1-C3_C2C2gata_2-C4_C2C2gata_2	C3_HSF_27	7	112	18	0.15590239111558088	-2.707400059643248
C2_C2C2gata_18-C3_C2C2gata_16	C3_LOBAS2_2	1	7	6	0.15430334996209188	-0.24433888871261045
C1_ND_1-C4_ND_1	C3_HSF_21	4	69	10	0.1522773975253762	-1.3344286393657716
C1_ND_1-C4_ND_1	C3_LOBAS2_2	3	69	6	0.14744195615489714	-1.4166842138945146
C2_C2C2gata_18-C3_C2C2gata_16	C3_LOBAS2_8	1	7	7	0.14285714285714285	-0.2886751345948129
C3_HSF_27	C4_MYB_6	2	18	11	0.14213381090374028	-1.0589352005907167
C1_Trihelix_21	C3_Trihelix_26	2	20	10	0.1414213562373095	-1.0028515232029251
C1_ND_1-C4_ND_1	C3_LOBAS2_8	3	69	7	0.13650472655798704	-1.6425642136608536
C1_Trihelix_21	C4_C2C2gata_4	4	20	43	0.13639886789409467	-2.412012372362745
C2_C2C2gata_18-C3_C2C2gata_16	C3_AP2EREBP_62	1	7	8	0.1336306209562122	-0.4897166056118488
C2_C2C2gata_18-C3_C2C2gata_16	C3_Trihelix_1	1	7	8	0.1336306209562122	-0.3810383197988732
C2_C2C2gata_18-C3_C2C2gata_16	C3_WRKY_8	1	7	8	0.1336306209562122	-0.5014378738738386
C2_G2like_49	C3_AP2EREBP_62	1	7	8	0.1336306209562122	-0.4013363271718187
C2_G2like_49	C3_Trihelix_1	1	7	8	0.1336306209562122	-0.29488391230979427
C2_G2like_49	C3_WRKY_8	1	7	8	0.1336306209562122	-0.3287979746107146
C3_MYB_3	C4_NAC_18-C5_NAC_5	1	4	14	0.1336306209562122	-0.3287979746107145
C4_C2C2gata_5	C5_AP2EREBP_5	6	85	24	0.1328422328310143	-3.360203905189946
C3_AP2EREBP_18	C4_CCAATHAP3_1	3	9	61	0.12803687993289598	-1.9921124678702011
C3_HSF_27	C4_NAC_18-C5_NAC_5	2	18	14	0.12598815766974242	-1.5281471628823295
C2_C2C2YABBY_12	C2_C2C2YABBY_12	2	16	16	0.125	-0.3468439878096479
C2_C2C2YABBY_12	C2_HSF_16	1	16	4	0.125	-0.45960073372344584
C3_LOBAS2_2	C4_C2C2gata_4	2	6	43	0.12451456127293806	-1.0674899923282326
C1_C3H_3	C2_HSF_16	2	65	4	0.12403473458920845	-0.8878772552982764
C3_HSF_27	C4_CCAATHAP3_1	4	18	61	0.12071432805669138	-1.9455302106202765
C1_ND_1-C4_ND_1	C3_AP2EREBP_18	3	69	9	0.12038585308576921	-2.1097108783405036
C1_Trihelix_21	C4_NAC_18-C5_NAC_5	2	20	14	0.11952286093343936	-1.452483730682019
C2_G2like_49	C3_Trihelix_26	1	7	10	0.11952286093343936	-0.34163532810050545
C2_C2C2YABBY_12	C3_HSF_27	2	16	18	0.11785113019775792	-1.5967425981181318
C1_ND_1-C4_ND_1	C3_Trihelix_26	3	69	10	0.11420804814403214	-1.9305478806445624
C2_G2like_49	C4_MYB_6	1	7	11	0.11396057645963793	-0.45727873412480935
C3_C2C2gata_1-C4_C2C2gata_1	C5_AP2EREBP_5	5	81	24	0.11340230290662862	-2.9455853220447157
C4_NAC_18-C5_NAC_5	C5_AP2EREBP_5	2	14	24	0.10910894511799618	-1.4993763961052107
C3_AP2EREBP_18	C4_C2C2gata_5	3	9	85	0.1084652289093281	-2.4971107988670598
C1_WRKY_7	C3_HSF_27	1	5	18	0.10540925533894596	-0.8392543274162825
C3_AP2EREBP_18	C3_C2H2_26	2	9	40	0.10540925533894596	-1.9007863078539458
C3_LOBAS2_2	C4_CCAATHAP3_1	2	6	61	0.10454167469786334	-1.2347315489087038
C4_bHLH_15	C5_AP2EREBP_5	3	35	24	0.10350983390135313	-2.470986235259898
C3_Trihelix_26	C4_C2C2gata_5	3	10	85	0.10289915108550529	-2.006693125520544
C2_bZIP_3-C3_bZIP_6-C4_bZIP_1	C3_AP2EREBP_18	2	42	9	0.10286889997472794	-2.232560723372099
C2_C2C2YABBY_12	C3_LOBAS2_2	1	16	6	0.10206207261596575	-0.7923335658276774
C4_MYB_6	C4_bHLH_15	2	11	35	0.10192943828752511	-1.6502057613168721
C1_C3H_3	C3_LOBAS2_2	2	65	6	0.10127393670836665	-1.2463730785419769
C2_C2C2gata_18-C3_C2C2gata_16	C4_NAC_18-C5_NAC_5	1	7	14	0.10101525445522108	-0.9030709378808246
C3_AP2EREBP_18	C4_MYB_6	1	9	11	0.10050378152592121	-0.8049844718999243
C2_bZIP_3-C3_bZIP_6-C4_bZIP_1	C3_HSF_21	2	42	10	0.09759000729485331	-1.433966553566814
C3_NLP_13	C4_bHLH_15	1	3	35	0.09759000729485331	-0.7236377988359356
C3_LOBAS2_8	C4_CCAATHAP3_1	2	7	61	0.09678678369916545	-1.657243816254417
C1_ND_1-C4_ND_1	C4_NAC_18-C5_NAC_5	3	69	14	0.09652341781316803	-1.9667158690723097
C2_C2C2YABBY_12	C2_G2like_49	1	16	7	0.09449111825230681	-0.8047217485013147
C2_C2C2YABBY_12	C3_LOBAS2_8	1	16	7	0.09449111825230681	-1.1177172203659338
C1_C3H_3	C3_LOBAS2_8	2	65	7	0.09376144618769909	-1.777642395939736
C1_Trihelix_21	C3_LOBAS2_2	1	20	6	0.09128709291752768	-0.9972167763776291
C1_C2C2gata_1-C2_C2C2gata_1-C3_C2C2gata_2-C4_C2C2gata_2	C3_Trihelix_26	3	112	10	0.08964214570007953	-2.244096972731255
C3_AP2EREBP_18	C4_NAC_18-C5_NAC_5	1	9	14	0.0890870806374748	-1.3987572123604706
C2_C2C2YABBY_12	C3_AP2EREBP_62	1	16	8	0.08838834764831845	-1.3306157385308737
C2_C2C2YABBY_12	C3_Trihelix_1	1	16	8	0.08838834764831845	-1.1876313904403288
C2_C2C2YABBY_12	C3_WRKY_8	1	16	8	0.08838834764831845	-1.1891489757030917
C2_C2C2YABBY_12	C4_bHLH_15	2	16	35	0.08451542547285167	-2.1962941985733444
C3_MYB_3	C4_bHLH_15	1	4	35	0.08451542547285167	-1.041958041958042
C1_Trihelix_21	C3_LOBAS2_8	1	20	7	0.08451542547285165	-1.2099558761597884
C3_AP2EREBP_18	C4_ND_3	2	9	65	0.0826898230594723	-2.0784100309986506
C2_G2like_49	C4_C2C2gata_5	2	7	85	0.08199200616907877	-1.4507702679982168
C3_LOBAS2_8	C4_C2C2gata_5	2	7	85	0.08199200616907877	-1.8264482541921385
C3_Trihelix_26	C4_CCAATHAP3_1	2	10	61	0.0809776330178916	-1.9909699600199273
C4_MYB_6	C4_NAC_18-C5_NAC_5	1	11	14	0.08058229640253803	-1.1894008596700103
C3_C2H2_26	C3_MYB_3	1	40	4	0.07905694150420947	-0.9751036615211238
C3_C2C2gata_1-C4_C2C2gata_1	C3_HSF_27	3	81	18	0.07856742013183861	-2.9102830398472816
C1_C3H_3	C3_Trihelix_26	2	65	10	0.0784464540552736	-2.1365940472729563
C1_C2C2gata_1-C2_C2C2gata_1-C3_C2C2gata_2-C4_C2C2gata_2	C5_AP2EREBP_5	4	112	24	0.07715167498104594	-3.7314126497279037
C3_AP2EREBP_62	C4_C2C2gata_5	2	8	85	0.07669649888473704	-2.322412827427911
C3_HSF_27	C4_C2C2gata_5	3	18	85	0.07669649888473704	-3.0087998028956555
C3_Trihelix_1	C4_C2C2gata_5	2	8	85	0.07669649888473704	-1.8201975426731578
C3_WRKY_8	C4_C2C2gata_5	2	8	85	0.07669649888473704	-1.6789112193125317
C2_HSF_16	C4_C2C2gata_4	1	4	43	0.07624928516630233	-1.0486984175038863
C2_HSF_16	C3_ND_2	1	4	45	0.07453559924999299	-1.086270907322938
C3_NLP_13	C4_CCAATHAP3_1	1	3	61	0.07392212709545729	-1.0860285959979352
C1_C3H_3	C3_NLP_13	1	65	3	0.07161148740394328	-0.9423420038352781
C1_C2C2gata_1-C2_C2C2gata_1-C3_C2C2gata_2-C4_C2C2gata_2	C2_C2C2gata_18-C3_C2C2gata_16	2	112	7	0.07142857142857142	-1.9774758897274693
C1_C2C2gata_1-C2_C2C2gata_1-C3_C2C2gata_2-C4_C2C2gata_2	C2_G2like_49	2	112	7	0.07142857142857142	-1.6718015867624634
C3_C2C2gata_1-C4_C2C2gata_1	C3_HSF_21	2	81	10	0.07027283689263064	-1.7241373993894646
C3_HSF_27	C3_ND_2	2	18	45	0.07027283689263064	-2.51572736729134
C3_LOBAS2_2	C4_bHLH_15	1	6	35	0.06900655593423542	-1.2208384057942965
C3_AP2EREBP_18	C5_AP2EREBP_5	1	9	24	0.06804138174397716	-1.641724716905
C4_C2H2_24	C5_AP2EREBP_5	1	9	24	0.06804138174397716	-1.4383483002333433
C2_C2C2YABBY_12	C4_NAC_18-C5_NAC_5	1	16	14	0.0668153104781061	-1.4348219005507594
C2_C2C2gata_18-C3_C2C2gata_16	C3_C2C2gata_46	1	7	32	0.0668153104781061	-1.299423475490882
C4_C2C2gata_5	C4_MYB_6	2	85	11	0.06540699401677286	-2.1197299053138132
C3_HSF_21	C5_AP2EREBP_5	1	10	24	0.06454972243679026	-1.3635193919549928
C3_MYB_3	C4_CCAATHAP3_1	1	4	61	0.06401843996644797	-1.1598117735241873
C3_LOBAS2_8	C4_bHLH_15	1	7	35	0.06388765649999399	-1.330484692440121
C2_bZIP_3-C3_bZIP_6-C4_bZIP_1	C3_LOBAS2_2	1	42	6	0.06299407883487121	-1.349941537937105
C4_C2C2gata_4	C5_AP2EREBP_5	2	43	24	0.06225728063646903	-2.456398766266402
C3_LOBAS2_2	C3_ND_2	1	6	45	0.06085806194501845	-1.3856841533049375
C3_C2C2gata_3	C5_AP2EREBP_5	2	47	24	0.05954913341754136	-2.9511768948033636
C3_AP2EREBP_18	C3_C2C2gata_46	1	9	32	0.05892556509887896	-1.8200216102176565
C2_G2like_49	C2_bZIP_3-C3_bZIP_6-C4_bZIP_1	1	7	42	0.058321184351980436	-1.363187374418005
C3_LOBAS2_8	C4_C2C2gata_4	1	7	43	0.05763904177042349	-1.5650596020771064
C3_AP2EREBP_18	C4_bHLH_15	1	9	35	0.0563436169819011	-1.9403079293714474
C3_LOBAS2_8	C3_ND_2	1	7	45	0.0563436169819011	-1.826690593933794
C2_HSF_16	C4_C2C2gata_5	1	4	85	0.05423261445466404	-1.2269514707875253
C3_AP2EREBP_62	C4_C2C2gata_4	1	8	43	0.053916386601719206	-1.9041420413574779
C3_Trihelix_1	C4_C2C2gata_4	1	8	43	0.053916386601719206	-1.6324575124511977
C3_WRKY_8	C4_C2C2gata_4	1	8	43	0.053916386601719206	-1.6367353128229836
C3_Trihelix_26	C4_bHLH_15	1	10	35	0.05345224838248487	-1.696882752978096
C1_Trihelix_21	C3_HSF_27	1	20	18	0.05270462766947298	-2.0506818196894554
C2_C2C2YABBY_12	C5_AP2EREBP_5	1	16	24	0.05103103630798288	-2.1033090514382806
C1_C3H_3	C5_AP2EREBP_5	2	65	24	0.050636968354183326	-2.8330086561426815
C3_LOBAS2_2	C4_ND_3	1	6	65	0.050636968354183326	-1.3347487366560395
C3_C2H2_26	C3_HSF_21	1	40	10	0.049999999999999996	-1.8701725556154412
C3_HSF_21	C4_C2C2gata_4	1	10	43	0.04822428221704121	-1.6971113469585892
C3_Trihelix_26	C4_C2C2gata_4	1	10	43	0.04822428221704121	-1.7976929092605063
C3_C2H2_26	C4_MYB_6	1	40	11	0.04767312946227961	-1.9691773852215766
C1_C2C2gata_1-C2_C2C2gata_1-C3_C2C2gata_2-C4_C2C2gata_2	C2_HSF_16	1	112	4	0.04724555912615341	-1.5369015830803758
C3_ND_2	C3_Trihelix_26	1	45	10	0.04714045207910316	-2.0572530846275083
C1_C3H_3	C2_C2C2gata_18-C3_C2C2gata_16	1	65	7	0.046880723093849545	-1.5169241910896072
C2_G2like_49	C4_ND_3	1	7	65	0.046880723093849545	-1.5656340112617504
C3_LOBAS2_8	C4_ND_3	1	7	65	0.046880723093849545	-1.8137336619528
C4_C2C2gata_4	C4_MYB_6	1	43	11	0.045980048987170286	-1.8911872104876126
C1_Trihelix_21	C5_AP2EREBP_5	1	20	24	0.04564354645876384	-2.3621158602681267
C3_C2C2gata_1-C4_C2C2gata_1	C3_LOBAS2_2	1	81	6	0.04536092116265144	-1.7009725964107651
C4_NAC_18-C5_NAC_5	C4_bHLH_15	1	14	35	0.04517539514526256	-1.797731238766687
C3_LOBAS2_2	C4_C2C2gata_5	1	6	85	0.044280744277004756	-1.4000802510176455
C3_C2H2_26	C4_NAC_18-C5_NAC_5	1	40	14	0.042257712736425826	-2.276969528335226
C3_C2H2_41-C5_C2H2_8	C4_MYB_6	1	51	11	0.04222003309207491	-2.014911301241317
C5_AP2EREBP_5	C5_AP2EREBP_5	1	24	24	0.041666666666666664	-1.5709149638493196
C1_C3H_3	C3_AP2EREBP_18	1	65	9	0.04134491152973615	-2.228462990162463
C2_bZIP_3-C3_bZIP_6-C4_bZIP_1	C4_NAC_18-C5_NAC_5	1	42	14	0.041239304942116126	-2.187044413199266
C2_C2C2gata_18-C3_C2C2gata_16	C4_C2C2gata_5	1	7	85	0.040996003084539386	-1.855807848458046
C4_C2C2gata_4	C4_NAC_18-C5_NAC_5	1	43	14	0.04075695729696112	-2.288248536489316
C3_HSF_21	C4_CCAATHAP3_1	1	10	61	0.0404888165089458	-1.8303025851025514
C3_HSF_27	C4_bHLH_15	1	18	35	0.03984095364447979	-2.2443550170494544
C3_AP2EREBP_62	C3_C2C2gata_1-C4_C2C2gata_1	1	8	81	0.039283710065919304	-2.0827048283499483
C3_C2C2gata_1-C4_C2C2gata_1	C3_Trihelix_1	1	81	8	0.039283710065919304	-1.8752963503600277
C3_C2C2gata_1-C4_C2C2gata_1	C3_WRKY_8	1	81	8	0.039283710065919304	-1.5382950767579715
C3_HSF_21	C4_ND_3	1	10	65	0.0392232270276368	-1.6831781463650939
C3_Trihelix_26	C4_ND_3	1	10	65	0.0392232270276368	-2.405384480113813
C4_CCAATHAP3_1	C4_MYB_6	1	61	11	0.038604571824109146	-2.3852120485316237
C1_C2C2gata_1-C2_C2C2gata_1-C3_C2C2gata_2-C4_C2C2gata_2	C3_LOBAS2_2	1	112	6	0.03857583749052297	-1.665403950218939
C4_MYB_6	C4_ND_3	1	11	65	0.03739787960033829	-2.2665335557914648
C3_AP2EREBP_18	C3_C2C2gata_1-C4_C2C2gata_1	1	9	81	0.037037037037037035	-2.4582797407672055
C2_bZIP_3-C3_bZIP_6-C4_bZIP_1	C3_HSF_27	1	42	18	0.036369648372665396	-2.4874421894372394
C3_C2C2gata_46	C5_AP2EREBP_5	1	32	24	0.03608439182435161	-2.4346648331906073
C3_HSF_27	C4_C2C2gata_4	1	18	43	0.03594425773447947	-2.2802345265391497
C1_C2C2gata_1-C2_C2C2gata_1-C3_C2C2gata_2-C4_C2C2gata_2	C3_LOBAS2_8	1	112	7	0.03571428571428571	-1.7726510997498914
C3_C2C2gata_3	C3_HSF_27	1	47	18	0.034380708208626445	-2.5520714590012923
C3_HSF_21	C4_C2C2gata_5	1	10	85	0.034299717028501764	-1.8468652859429997
C4_CCAATHAP3_1	C4_NAC_18-C5_NAC_5	1	61	14	0.034219295541457743	-2.6077013536791473
C1_C2C2gata_1-C2_C2C2gata_1-C3_C2C2gata_2-C4_C2C2gata_2	C3_AP2EREBP_62	1	112	8	0.03340765523905305	-2.4582312430266064
C1_C2C2gata_1-C2_C2C2gata_1-C3_C2C2gata_2-C4_C2C2gata_2	C3_Trihelix_1	1	112	8	0.03340765523905305	-2.1859660364511204
C1_C2C2gata_1-C2_C2C2gata_1-C3_C2C2gata_2-C4_C2C2gata_2	C3_WRKY_8	1	112	8	0.03340765523905305	-1.8631047286782558
C1_C3H_3	C4_NAC_18-C5_NAC_5	1	65	14	0.033149677206589796	-2.576375439803902
C4_NAC_18-C5_NAC_5	C4_ND_3	1	14	65	0.033149677206589796	-2.608372233162033
C1_C2C2gata_1-C2_C2C2gata_1-C3_C2C2gata_2-C4_C2C2gata_2	C3_AP2EREBP_18	1	112	9	0.031497039417435604	-2.567461883530145
C1_C2C2gata_1-C2_C2C2gata_1-C3_C2C2gata_2-C4_C2C2gata_2	C3_HSF_21	1	112	10	0.02988071523335984	-1.8747040729402016
C3_HSF_27	C4_ND_3	1	18	65	0.029235267310234306	-2.4881484434311245
C4_C2C2gata_5	C4_NAC_18-C5_NAC_5	1	85	14	0.02898855178262242	-3.070780676302368
C4_CCAATHAP3_1	C5_AP2EREBP_5	1	61	24	0.026135418674465834	-2.854199784084468
C4_ND_3	C5_AP2EREBP_5	1	65	24	0.025318484177091663	-2.6140696512425547
C1_ND_1-C4_ND_1	C5_AP2EREBP_5	1	69	24	0.02457365935914952	-3.1001994570441664
