peak	Class	H2Aub	H2AZ	H3	H3K4me1	H3K4me3	H3K9ac	H3K9me1	H3K14ac	H3K27me1	H3K27me3	H3K36me3
chr1.2130033.2130465	pos	0	1	0	1	1	1	1	0	1	0	1
chr1.3570297.3570944	pos	1	1	0	0	1	1	0	1	0	0	0
chr1.3876787.3876939	pos	0	1	1	0	0	1	1	0	0	0	1
chr1.4913541.4913653	pos	0	1	0	1	0	1	1	0	1	0	1
chr1.9509251.9510430	pos	1	1	0	1	1	1	1	1	1	1	1
chr1.14050337.14050454	pos	1	1	0	1	1	0	0	1	0	0	0
chr1.15712496.15712759	pos	0	1	0	0	0	1	1	0	1	0	1
chr1.21098104.21098368	pos	0	0	1	0	0	0	1	0	1	0	0
chr1.28552432.28552832	pos	0	1	0	0	1	0	0	0	0	1	0
chr1.29278783.29279074	pos	0	1	0	1	1	0	1	1	0	1	0
chr1.30566694.30566985	pos	0	1	0	0	0	0	1	0	1	0	0
chr2.5273377.5273625	pos	0	1	1	1	1	1	1	1	1	1	0
chr2.13376422.13376528	pos	0	0	1	1	0	1	0	1	0	0	1
chr2.19950258.19950335	pos	1	1	1	1	1	1	1	1	0	1	0
chr2.26488208.26488406	pos	1	1	0	0	1	1	0	1	0	0	1
chr2.26929260.26929397	pos	0	1	0	1	1	0	1	0	0	1	0
chr2.27393837.27394261	pos	1	1	0	1	1	0	0	1	0	1	0
chr2.29241407.29241582	pos	0	1	0	0	0	0	1	0	1	1	0
chr3.898617.899224	pos	0	0	0	0	0	0	1	0	0	0	1
chr3.4188144.4188334	pos	0	0	0	0	1	1	0	1	0	0	1
chr3.4218662.4219020	pos	0	1	1	1	1	1	1	1	1	0	0
chr3.7694021.7694541	pos	1	1	1	1	1	0	1	0	0	1	0
chr3.12043848.12044297	pos	0	1	0	1	1	0	1	1	0	1	0
chr3.12584271.12584530	pos	0	1	0	1	1	0	1	0	1	1	0
chr3.15492834.15492900	pos	0	1	1	1	1	0	0	1	0	1	0
chr3.18879380.18879621	pos	0	1	1	1	0	0	1	0	0	1	0
chr3.21771928.21772233	pos	0	1	0	1	0	0	1	1	1	1	0
chr4.4213920.4214144	pos	1	1	1	1	1	1	0	1	0	1	0
chr4.4216025.4216229	pos	1	1	0	1	1	0	0	1	0	1	0
chr4.4221398.4221608	pos	1	1	0	1	1	0	0	1	0	1	0
chr4.4227243.4227713	pos	1	1	0	1	1	0	0	1	0	1	0
chr4.8672071.8672316	pos	1	1	0	1	1	0	1	1	0	1	0
chr4.9067390.9067608	pos	0	1	0	1	1	0	1	1	0	0	1
chr4.11807906.11808218	pos	1	1	0	1	1	0	0	1	0	1	0
chr4.13722555.13723033	pos	0	1	0	1	1	1	1	1	1	0	1
chr4.14238699.14239022	pos	1	1	0	1	0	0	0	1	0	1	0
chr4.16599808.16600693	pos	0	1	0	1	1	0	1	1	1	0	0
chr4.18280276.18280546	pos	1	0	1	1	1	0	0	1	0	0	1
chr4.19376176.19376585	pos	0	1	1	1	1	1	1	0	1	0	0
chr4.20732663.20732786	pos	0	1	0	0	0	0	1	1	1	0	0
chr4.23927930.23928343	pos	1	1	0	1	1	1	1	1	1	0	1
chr4.26696345.26696426	pos	0	1	0	0	0	0	1	0	1	0	0
chr5.7479869.7480189	pos	0	0	1	1	0	0	0	1	0	0	0
chr5.10205532.10205701	pos	0	1	1	1	1	1	1	1	0	0	0
chr5.12313713.12313801	pos	0	1	0	1	1	1	1	0	1	0	0
chr5.12577996.12578089	pos	0	1	0	0	0	0	0	0	0	1	0
chr5.15945676.15947059	pos	1	1	1	1	1	0	1	1	0	1	0
chr5.18966932.18967167	pos	0	1	0	1	1	0	1	1	1	0	1
chr5.21270625.21271026	pos	0	1	1	1	1	0	1	1	1	1	1
chr5.24503633.24503704	pos	0	1	0	1	1	1	1	1	1	0	1
chr6.5428588.5428772	pos	0	1	0	0	0	0	1	0	1	0	0
chr6.8148673.8148892	pos	1	1	0	1	1	1	1	1	0	1	1
chr6.8149071.8149134	pos	1	1	0	1	1	1	1	1	0	1	1
chr6.15411226.15411388	pos	0	1	0	1	1	0	1	1	0	0	0
chr6.15463800.15463919	pos	0	0	0	0	0	0	1	0	1	1	0
chr6.16818211.16818941	pos	1	1	0	0	1	1	0	0	0	0	0
chr6.18985153.18985324	pos	1	1	1	1	1	1	0	1	0	1	1
chr6.20718886.20719142	pos	0	1	1	1	1	0	1	1	1	0	0
chr6.21566577.21566726	pos	1	1	0	1	1	0	0	1	1	1	0
chr7.2831450.2831555	pos	0	0	0	1	0	0	1	1	0	1	0
chr7.6067395.6067508	pos	1	1	0	1	1	0	1	1	0	1	0
chr7.9073100.9073284	pos	1	1	1	1	1	0	1	1	1	1	0
chr7.12327265.12327647	pos	0	1	0	1	0	1	1	1	1	0	1
chr7.14227749.14227973	pos	0	1	0	1	1	0	1	1	0	0	1
chr7.17473114.17473322	pos	1	0	0	1	1	1	0	1	0	0	1
chr7.17955230.17956130	pos	0	1	0	1	1	1	1	1	1	1	1
chr7.18303694.18303816	pos	0	1	0	1	1	0	1	1	1	1	1
chr7.20963048.20963130	pos	0	1	0	1	1	0	1	1	0	0	1
chr8.7254228.7254341	pos	0	1	0	0	0	0	1	0	1	1	0
chr8.11938174.11938366	pos	1	1	0	0	1	0	0	1	0	1	0
chr8.12232697.12233943	pos	0	1	0	1	1	1	1	1	1	0	1
chr8.15989318.15989846	pos	1	0	0	0	0	1	0	0	0	0	1
chr8.17749514.17749666	pos	0	1	1	1	0	0	1	1	0	0	1
chrV.898082.898287	pos	0	0	0	0	0	0	1	0	1	0	0
chrV.2148243.2148657	pos	0	0	0	0	0	0	1	1	1	0	0
chrV.2148767.2148893	pos	0	0	0	0	0	0	1	1	1	0	0
chrV.4189335.4189532	pos	0	0	0	0	0	0	1	0	1	0	0
chrV.4713659.4713994	pos	0	1	0	0	1	1	1	1	1	0	1
chrV.4714240.4714364	pos	0	1	0	0	1	1	1	1	1	0	0
chr1.7301500.7302000	neg	0	0	0	0	0	0	0	0	0	0	0
chr1.7893000.7893500	neg	0	0	0	0	0	0	0	0	0	0	0
chr1.10441000.10441500	neg	0	0	0	0	0	0	0	0	0	0	0
chr1.12282500.12283000	neg	0	0	0	0	0	0	0	0	0	0	0
chr1.15666500.15667000	neg	0	0	0	0	0	0	0	0	0	0	0
chr1.17346000.17346500	neg	0	0	0	0	0	0	0	0	0	0	0
chr1.18590000.18590500	neg	0	0	0	0	0	0	0	0	0	0	0
chr1.22080500.22081000	neg	0	0	0	0	0	0	0	0	0	0	0
chr1.28456000.28456500	neg	0	0	0	0	0	0	0	0	0	0	0
chr1.28557000.28557500	neg	0	0	0	0	0	0	0	0	0	0	0
chr2.875000.875500	neg	0	0	0	0	0	0	0	0	0	0	0
chr2.3151000.3151500	neg	0	0	0	0	0	0	0	0	0	0	0
chr2.3232000.3232500	neg	0	0	0	0	0	0	0	0	0	0	0
chr2.6564500.6565000	neg	0	0	0	0	0	0	0	0	0	0	0
chr2.7810500.7811000	neg	0	0	0	0	0	0	0	0	0	0	0
chr2.10941000.10941500	neg	0	0	0	0	0	0	0	0	0	0	0
chr2.20955000.20955500	neg	0	0	0	0	0	0	0	0	0	0	0
chr2.23352500.23353000	neg	0	0	0	0	0	0	0	0	0	0	0
chr2.24535500.24536000	neg	0	0	0	0	0	0	0	0	0	0	0
chr2.27971500.27972000	neg	0	0	0	0	0	0	0	0	0	0	0
chr3.2295500.2296000	neg	0	0	0	0	0	0	0	0	0	0	0
chr3.2754500.2755000	neg	0	0	0	0	0	0	0	0	0	0	0
chr3.9176500.9177000	neg	0	0	0	0	0	0	0	0	0	0	0
chr3.9821500.9822000	neg	0	0	0	0	0	0	0	0	0	0	0
chr3.13937500.13938000	neg	0	0	0	0	0	0	0	0	0	0	0
chr3.15924500.15925000	neg	0	0	0	0	0	0	0	0	0	0	0
chr3.18220000.18220500	neg	0	0	0	0	0	0	0	0	0	0	0
chr3.19164500.19165000	neg	0	0	0	0	0	0	0	0	0	0	0
chr3.27139000.27139500	neg	0	0	0	0	0	0	0	0	0	0	0
chr4.698000.698500	neg	0	0	0	0	0	0	0	0	0	0	0
chr4.9718500.9719000	neg	0	0	0	0	0	0	0	0	0	0	0
chr4.11808500.11809000	neg	0	0	0	0	0	0	0	0	0	0	0
chr4.16686000.16686500	neg	0	0	0	0	0	0	0	0	0	0	0
chr4.17951500.17952000	neg	0	0	0	0	0	0	0	0	0	0	0
chr4.22874500.22875000	neg	0	0	0	0	0	0	0	0	0	0	0
chr4.25058500.25059000	neg	0	0	0	0	0	0	0	0	0	0	0
chr4.25131500.25132000	neg	0	0	0	0	0	0	0	0	0	0	0
chr4.25573500.25574000	neg	0	0	0	0	0	0	0	0	0	0	0
chr4.26155500.26156000	neg	0	0	0	0	0	0	0	0	0	0	0
chr5.3410000.3410500	neg	0	0	0	0	0	0	0	0	0	0	0
chr5.3464500.3465000	neg	0	0	0	0	0	0	0	0	0	0	0
chr5.4489500.4490000	neg	0	0	0	0	0	0	0	0	0	0	0
chr5.6406000.6406500	neg	0	0	0	0	0	0	0	0	0	0	0
chr5.8027500.8028000	neg	0	0	0	0	0	0	0	0	0	0	0
chr5.8033500.8034000	neg	0	0	0	0	0	0	0	0	0	0	0
chr5.10247500.10248000	neg	0	0	0	0	0	0	0	0	0	0	0
chr5.14888000.14888500	neg	0	0	0	0	0	0	0	0	0	0	0
chr5.15130000.15130500	neg	0	0	0	0	0	0	0	0	0	0	0
chr5.26002000.26002500	neg	0	0	0	0	0	0	0	0	0	0	0
chr6.105000.105500	neg	0	0	0	0	0	0	0	0	0	0	0
chr6.1878000.1878500	neg	0	0	0	0	0	0	0	0	0	0	0
chr6.3272500.3273000	neg	0	0	0	0	0	0	0	0	0	0	0
chr6.9044000.9044500	neg	0	0	0	0	0	0	0	0	0	0	0
chr6.9810500.9811000	neg	0	0	0	0	0	0	0	0	0	0	0
chr6.10390500.10391000	neg	0	0	0	0	0	0	0	0	0	0	0
chr6.11210000.11210500	neg	0	0	0	0	0	0	0	0	0	0	0
chr6.14243000.14243500	neg	0	0	0	0	0	0	0	0	0	0	0
chr6.14866000.14866500	neg	0	0	0	0	0	0	0	0	0	0	0
chr6.20341000.20341500	neg	0	0	0	0	0	0	0	0	0	0	0
chr6.21472000.21472500	neg	0	0	0	0	0	0	0	0	0	0	0
chr7.4095500.4096000	neg	0	0	0	0	0	0	0	0	0	0	0
chr7.7670000.7670500	neg	0	0	0	0	0	0	0	0	0	0	0
chr7.8829000.8829500	neg	0	0	0	0	0	0	0	0	0	0	0
chr7.8922500.8923000	neg	0	0	0	0	0	0	0	0	0	0	0
chr7.9167000.9167500	neg	0	0	0	0	0	0	0	0	0	0	0
chr7.10351000.10351500	neg	0	0	0	0	0	0	0	0	0	0	0
chr7.13054500.13055000	neg	0	0	0	0	0	0	0	0	0	0	0
chr7.13654500.13655000	neg	0	0	0	0	0	0	0	0	0	0	0
chr7.13883000.13883500	neg	0	0	0	0	0	0	0	0	0	0	0
chr7.15657000.15657500	neg	0	0	0	0	0	0	0	0	0	0	0
chr7.15687500.15688000	neg	0	0	0	0	0	0	0	0	0	0	0
chr7.16799500.16800000	neg	0	0	0	0	0	0	0	0	0	0	0
chr7.20774500.20775000	neg	0	0	0	0	0	0	0	0	0	0	0
chr7.20938000.20938500	neg	0	0	0	0	0	0	0	0	0	0	0
chr8.2310500.2311000	neg	0	0	0	0	0	0	0	0	0	0	0
chr8.4729500.4730000	neg	0	0	0	0	0	0	0	0	0	0	0
chr8.16109000.16109500	neg	0	0	0	0	0	0	0	0	0	0	0
chrV.7388500.7389000	neg	0	0	0	0	0	0	0	0	0	0	0
unplaced-scaffold_274.5500.6000	neg	0	0	0	0	0	0	0	0	0	0	0
