X	Class	AATCTGG	AATGCG	ACAGACTC	ACTCCCAG	AGAGCT	AGCAGTC	AGGTCA	AGGTGC	ATCGACG	CACGGA	CACGTG	CCCAGA	CCTCAG	CCTGAG	CGAACG	CGAGCA	CGATGC	CGGCGC	CGGGGC	CGTGCAC	CGTGTA	CTGGCC	CTGTAC	GCATGC	GGCCCA	GGCCTA	GTCGAA
Mp1g00270	pos	0	0	0	0	1	0	0	0	0	0	0	0	0	1	1	1	0	0	0	0	1	1	1	1	1	0	0
Mp1g01440	pos	0	0	0	0	0	0	0	0	0	0	0	0	0	0	0	1	0	0	0	0	1	0	0	0	0	0	0
Mp1g01950	pos	1	1	0	0	0	0	0	1	1	1	0	1	0	0	0	1	1	0	1	0	0	0	0	1	0	1	1
Mp1g03040	pos	0	0	0	0	0	0	0	0	0	1	0	0	1	0	1	0	0	1	1	0	0	0	0	0	0	0	0
Mp1g03140	pos	0	0	0	0	1	1	1	0	0	1	1	0	1	1	1	1	0	1	1	0	1	0	1	0	0	0	1
Mp1g03450	pos	0	0	0	0	0	0	0	0	0	1	0	0	0	1	1	0	0	0	0	0	1	0	0	0	0	0	0
Mp1g03780	pos	0	1	1	0	0	1	1	0	0	0	0	0	0	0	1	0	0	0	0	0	0	1	1	0	0	0	0
Mp1g04670	pos	0	0	0	0	0	0	1	0	0	1	0	0	0	0	1	1	1	1	1	0	1	0	1	0	0	0	1
Mp1g04770	pos	0	1	0	0	1	1	1	0	0	1	0	0	1	1	1	1	0	0	0	0	0	0	0	0	0	0	0
Mp1g04910	pos	0	0	0	0	1	0	0	0	1	1	0	1	0	0	1	1	0	1	0	0	0	0	0	0	0	0	1
Mp1g04940	pos	0	0	0	0	1	0	1	0	0	1	1	0	0	1	0	0	0	0	0	1	0	0	1	1	0	0	0
Mp1g05150	pos	0	1	0	0	1	1	0	1	0	0	0	0	1	1	1	1	1	0	0	0	1	1	1	0	0	0	1
Mp1g05260	pos	1	1	0	0	1	0	0	1	0	0	0	1	1	0	1	1	1	0	1	0	0	0	0	0	0	0	1
Mp1g06910	pos	1	1	0	0	0	1	1	1	0	1	0	0	0	0	1	1	1	0	0	0	0	0	1	0	1	0	1
Mp1g06930	pos	1	1	0	0	1	0	1	1	0	0	0	1	1	1	1	0	0	1	1	0	1	1	1	1	1	1	1
Mp1g07250	pos	1	1	1	0	1	0	0	1	0	1	0	1	0	0	0	1	1	1	1	0	1	1	1	0	1	0	1
Mp1g07390	pos	0	0	0	0	1	1	1	1	0	0	0	1	1	1	1	1	0	0	1	0	1	1	0	0	0	0	0
Mp1g08090	pos	0	1	0	0	1	0	1	1	0	1	0	1	1	0	1	1	1	1	1	0	0	0	1	1	1	1	0
Mp1g08290	pos	0	1	0	0	1	0	1	1	1	0	1	0	0	0	1	0	1	0	0	1	1	0	0	1	1	0	1
Mp1g10180	pos	0	1	0	0	0	0	0	0	0	1	0	1	0	1	1	1	1	1	1	1	0	0	1	0	0	0	1
Mp1g10610	pos	0	0	0	0	1	0	0	0	0	0	1	0	0	1	0	1	0	1	0	0	0	1	1	1	0	0	0
Mp1g10620	pos	0	0	0	0	1	1	0	0	1	0	0	0	1	1	0	1	1	1	1	0	0	0	0	0	1	0	1
Mp1g11660	pos	1	1	0	0	1	1	1	0	0	0	1	1	1	1	0	1	1	1	0	0	0	1	0	0	1	0	0
Mp1g12510	pos	0	1	0	0	1	0	1	0	0	0	0	1	1	0	0	1	1	0	0	0	0	1	1	1	0	1	1
Mp1g13290	pos	0	1	0	0	1	0	1	0	0	1	0	1	0	0	0	0	0	1	0	0	0	0	1	0	1	0	1
Mp1g13390	pos	1	1	0	0	0	0	0	0	0	0	0	1	1	0	1	1	0	0	0	0	1	0	0	0	1	1	1
Mp1g13440	pos	0	0	0	0	1	0	0	0	0	0	0	0	0	1	0	1	1	1	1	0	0	1	0	1	0	0	1
Mp1g14470	pos	1	1	0	0	1	0	0	0	0	0	0	1	1	1	1	0	0	1	0	0	1	0	0	1	0	0	1
Mp1g14640	pos	0	1	0	0	1	0	1	1	0	0	0	0	0	1	1	1	0	0	1	1	0	1	1	0	0	1	0
Mp1g14970	pos	1	1	0	0	1	0	1	1	0	0	0	1	1	1	1	0	0	1	0	0	0	0	1	1	0	0	1
Mp1g15090	pos	0	0	0	0	1	0	0	1	0	1	0	1	1	1	0	1	1	0	0	0	0	0	0	1	1	0	1
Mp1g15590	pos	0	1	0	0	1	0	0	1	0	1	1	1	1	0	0	1	1	0	0	0	0	1	1	0	0	0	1
Mp1g15700	pos	1	0	0	0	0	0	0	0	0	0	0	1	0	1	0	1	0	0	0	0	0	0	0	0	0	0	1
Mp1g16110	pos	0	1	0	0	1	0	0	0	0	1	0	0	1	0	0	1	0	0	0	0	0	1	1	0	1	1	0
Mp1g16160	pos	0	0	0	0	1	0	1	1	0	1	0	1	0	0	0	0	0	0	0	0	0	1	0	1	0	0	0
Mp1g17860	pos	1	1	0	0	1	1	0	0	0	1	0	1	0	1	1	1	1	1	1	0	0	1	1	1	1	0	1
Mp1g18540	pos	0	1	0	0	1	0	0	1	0	1	1	0	0	0	1	1	0	1	1	0	0	1	0	1	1	1	0
Mp1g18740	pos	0	0	0	0	0	0	1	0	0	0	0	0	0	1	0	0	0	0	0	0	0	0	0	1	1	0	0
Mp1g18910	pos	0	1	0	0	1	0	0	0	0	1	1	0	0	0	0	1	1	0	0	0	0	0	1	1	1	1	0
Mp1g19030	pos	0	1	0	0	1	0	1	0	0	0	1	0	1	1	0	1	0	1	1	0	1	1	1	1	1	0	0
Mp1g19730	pos	0	1	0	0	0	0	0	1	0	0	0	0	1	0	1	0	0	0	0	0	0	0	0	0	1	0	1
Mp1g20160	pos	0	0	1	0	0	0	1	1	0	1	1	0	0	1	1	1	1	1	1	0	0	1	0	1	0	1	0
Mp1g20280	pos	0	1	0	0	1	0	1	0	0	1	0	1	1	0	1	1	1	0	1	0	1	0	0	1	0	0	1
Mp1g20520	pos	0	1	0	0	0	1	1	0	0	1	0	1	0	0	1	1	0	0	1	0	1	0	1	1	0	0	0
Mp1g20880	pos	0	1	1	0	1	1	0	0	0	1	1	0	1	1	0	1	0	1	1	1	0	1	0	1	0	0	0
Mp1g21250	pos	0	1	0	1	1	0	1	1	0	1	1	0	0	1	1	1	1	0	1	1	0	0	0	0	0	0	1
Mp1g21770	pos	0	0	0	0	0	0	0	1	0	1	1	0	0	1	1	0	1	1	0	0	1	0	0	0	1	0	1
Mp1g21830	pos	0	0	0	0	0	0	0	1	0	1	0	1	0	0	1	0	1	0	1	0	0	1	0	0	1	0	1
Mp1g21950	pos	0	1	0	0	1	0	1	0	0	0	1	1	0	0	0	1	1	0	1	1	0	0	0	1	0	0	1
Mp1g22530	pos	0	0	0	0	1	0	0	1	0	1	0	1	0	0	0	0	1	1	0	0	0	1	0	0	1	0	1
Mp1g22550	pos	0	1	0	0	1	0	1	1	0	0	0	1	1	1	0	1	1	0	0	0	0	1	0	1	1	0	0
Mp1g23740	pos	0	0	0	0	1	0	0	0	0	1	0	0	0	1	0	1	1	0	1	0	0	0	1	0	0	0	1
Mp1g23760	pos	1	1	0	0	0	1	0	0	0	0	0	1	0	0	1	1	1	1	1	1	0	1	0	0	0	0	1
Mp1g23790	pos	1	1	0	0	0	0	0	1	0	1	0	0	0	0	1	1	0	1	1	1	1	0	1	1	0	0	1
Mp1g24040	pos	0	0	0	0	0	1	0	0	0	0	1	0	1	1	0	0	0	1	1	0	1	0	1	0	0	0	0
Mp1g24060	pos	0	0	0	0	1	0	1	0	0	1	0	0	0	1	0	1	0	0	0	0	0	0	1	0	1	0	1
Mp1g24320	pos	0	0	0	0	0	0	0	0	1	1	0	0	0	0	0	1	0	0	0	0	0	1	1	0	0	0	0
Mp1g25060	pos	1	1	0	0	0	0	0	0	1	1	0	1	0	1	1	1	1	1	0	0	0	1	1	0	0	0	0
Mp1g25540	pos	0	1	0	0	0	1	1	0	0	1	0	0	1	0	1	1	1	1	1	0	0	1	1	1	0	0	1
Mp1g25550	pos	1	0	0	0	1	0	1	1	0	1	1	0	1	0	1	1	1	0	1	0	1	0	1	0	1	0	0
Mp1g25870	pos	0	0	0	0	1	0	1	0	0	1	0	0	1	1	1	1	1	1	1	1	0	1	1	1	0	0	1
Mp1g26030	pos	0	0	0	0	1	0	0	1	0	1	0	1	0	0	1	1	1	0	1	0	0	1	0	0	0	0	0
Mp1g26160	pos	0	0	0	0	1	0	0	1	0	1	1	1	0	0	1	0	1	0	1	0	0	0	1	0	1	1	1
Mp1g26240	pos	1	1	0	0	1	0	1	0	0	0	0	0	0	0	1	1	0	0	0	1	1	1	0	1	1	0	1
Mp1g26850	pos	1	0	0	0	1	1	0	1	1	1	0	0	1	1	1	1	0	0	0	0	0	1	1	1	1	0	1
Mp1g27110	pos	1	0	0	0	1	0	0	1	0	0	0	0	0	1	0	1	0	1	1	0	1	0	1	0	0	1	1
Mp1g27310	pos	1	0	0	0	0	0	1	0	1	1	0	0	1	0	1	1	0	1	0	0	0	1	1	0	0	0	0
Mp1g27720	pos	1	1	0	0	1	0	0	0	1	0	0	0	0	0	1	1	1	1	1	0	0	1	1	0	0	1	1
Mp1g27930	pos	0	0	0	0	1	0	0	1	0	0	0	1	0	1	0	1	1	1	0	0	1	1	1	0	1	1	1
Mp1g28000	pos	0	0	0	0	1	1	0	0	0	1	0	0	0	0	1	1	0	0	1	0	1	1	0	0	0	0	1
Mp1g28010	pos	1	1	0	0	0	0	1	0	0	1	0	0	0	1	1	0	0	0	0	0	1	0	1	1	0	0	0
Mp1g28160	pos	1	1	0	0	1	0	1	0	0	1	1	1	1	1	0	0	0	0	0	0	0	1	1	0	1	1	0
Mp1g28170	pos	0	1	0	0	1	0	0	0	0	1	0	0	0	1	1	0	0	0	0	0	0	1	0	0	0	1	1
Mp1g28320	pos	0	0	0	0	0	0	1	1	0	0	1	1	1	0	0	1	0	0	1	0	1	1	1	0	0	0	0
Mp1g28570	pos	0	0	0	0	1	1	1	0	0	1	0	0	1	1	0	1	1	1	0	0	1	1	0	0	1	0	1
Mp1g28990	pos	0	0	0	0	1	0	0	1	0	1	0	1	1	0	1	1	0	0	1	1	1	1	1	0	0	1	1
Mp1g29010	pos	1	0	0	0	1	0	0	0	1	1	0	0	0	0	0	1	0	1	1	0	1	1	1	0	0	0	1
Mp2g00230	pos	0	0	0	0	0	0	1	1	0	1	0	0	0	0	0	1	0	0	0	0	0	0	1	1	0	1	0
Mp2g00260	pos	1	0	0	0	1	1	0	1	0	1	0	1	0	0	1	1	0	0	1	1	1	0	1	0	0	0	1
Mp2g00990	pos	0	0	0	0	1	1	0	1	0	1	1	1	1	0	1	1	0	0	0	1	1	1	1	0	0	0	0
Mp2g01380	pos	0	1	0	0	1	0	0	0	0	1	0	1	1	1	1	0	0	0	1	1	0	1	1	0	0	0	1
Mp2g01990	pos	0	0	0	0	1	0	0	0	0	1	1	0	0	0	0	0	1	1	0	0	0	0	1	0	0	0	1
Mp2g02020	pos	0	1	0	0	1	0	1	0	0	0	0	1	1	1	1	1	0	0	1	0	1	0	0	0	1	1	0
Mp2g02280	pos	0	0	0	0	0	0	0	0	0	1	0	0	0	1	1	1	1	1	1	0	0	1	0	0	0	0	1
Mp2g02290	pos	0	1	0	0	0	1	0	0	0	0	0	1	0	0	1	0	0	0	1	0	1	1	1	0	0	1	1
Mp2g02770	pos	0	0	0	0	1	0	0	1	0	1	0	1	1	0	0	0	1	0	0	0	0	0	0	1	1	1	0
Mp2g03710	pos	1	0	0	0	0	0	1	0	0	0	0	0	0	0	1	0	1	0	0	0	0	0	1	0	0	0	1
Mp2g04130	pos	0	0	0	0	0	0	0	0	1	0	0	1	0	0	0	0	1	1	0	0	0	1	1	0	0	0	1
Mp2g04800	pos	0	0	0	0	1	0	0	0	1	0	1	1	0	0	1	1	1	1	1	0	0	0	0	0	1	0	1
Mp2g05080	pos	0	0	0	0	1	0	1	0	0	1	0	1	0	1	1	1	0	1	0	0	0	0	1	0	1	0	1
Mp2g05760	pos	0	1	0	0	0	0	0	1	1	1	0	1	0	0	0	1	1	1	1	0	1	1	0	1	1	1	1
Mp2g05950	pos	0	1	0	0	1	1	1	0	0	0	0	0	0	0	0	1	0	0	1	1	0	0	1	1	0	0	0
Mp2g05990	pos	0	0	0	0	0	0	1	0	1	0	1	0	0	1	1	1	0	0	1	0	1	0	0	0	0	0	0
Mp2g06030	pos	0	1	0	0	0	0	0	1	0	0	0	0	0	0	0	1	0	1	1	0	0	0	0	0	0	0	1
Mp2g06670	pos	0	1	1	0	1	1	0	0	0	0	0	1	0	0	1	1	1	0	0	0	0	1	1	0	0	0	0
Mp2g06760	pos	0	0	0	0	1	0	0	1	1	1	0	1	1	0	0	1	0	0	0	0	0	0	0	0	0	0	0
Mp2g07170	pos	0	0	0	0	1	0	0	1	1	1	1	0	1	0	0	1	1	1	1	1	1	1	0	0	1	1	1
Mp2g07210	pos	0	1	0	0	0	0	0	1	0	1	0	1	0	1	1	1	1	1	1	1	1	0	1	0	0	1	1
Mp2g07710	pos	0	0	0	0	1	0	0	0	0	0	0	1	1	0	1	0	0	1	0	0	1	0	1	1	0	0	1
Mp2g07720	pos	1	1	0	0	1	0	0	0	0	1	0	0	0	0	0	1	1	1	0	1	1	1	1	1	0	0	1
Mp2g08140	pos	1	0	0	0	1	1	1	1	0	0	0	0	0	0	0	1	0	0	0	1	1	0	0	0	0	0	1
Mp2g08540	pos	0	0	0	0	1	0	1	0	0	1	0	1	0	0	1	1	1	0	1	0	0	1	0	1	0	0	1
Mp2g08650	pos	0	1	0	0	1	0	0	0	0	1	1	0	1	0	1	1	1	1	0	0	0	0	1	0	0	0	0
Mp2g09910	pos	1	1	0	0	0	0	1	0	0	0	1	0	0	0	1	0	1	1	1	0	0	1	0	0	0	0	1
Mp2g09970	pos	0	1	0	0	1	0	1	0	0	1	0	0	0	0	0	1	1	0	1	0	1	1	0	1	0	1	0
Mp2g10120	pos	0	0	0	0	1	0	1	1	1	0	0	1	1	1	1	1	1	1	0	0	0	1	0	0	0	0	1
Mp2g10240	pos	1	1	0	0	1	0	1	0	0	1	0	0	1	1	0	1	1	0	1	0	1	1	0	1	0	0	1
Mp2g10510	pos	0	0	0	0	1	1	1	0	1	1	1	1	0	0	1	1	0	1	1	0	0	1	1	1	0	0	1
Mp2g10720	pos	1	0	0	0	1	0	1	0	0	0	0	0	0	1	0	1	0	0	0	0	1	1	1	0	1	0	1
Mp2g10850	pos	1	0	0	0	0	1	1	0	1	1	0	0	1	0	0	0	1	1	0	1	0	0	0	0	1	0	1
Mp2g10860	pos	0	0	0	0	1	0	1	0	0	0	0	1	1	1	1	1	1	1	1	0	0	1	1	0	1	0	1
Mp2g10870	pos	0	0	0	0	0	0	1	1	0	1	0	1	0	0	0	0	1	0	0	0	1	0	1	0	0	0	1
Mp2g11300	pos	1	0	0	0	0	0	1	1	0	1	0	0	0	1	1	1	1	0	0	1	0	0	1	1	0	0	1
Mp2g11560	pos	0	0	0	0	0	0	1	0	0	1	1	0	1	0	1	0	0	0	0	0	0	0	0	0	0	0	1
Mp2g11660	pos	0	1	0	0	0	0	0	0	0	1	0	1	0	0	1	0	0	0	0	1	1	1	1	0	1	0	1
Mp2g12290	pos	0	0	0	0	1	0	0	0	1	1	0	0	1	1	1	1	1	1	0	0	0	1	1	1	0	1	0
Mp2g12890	pos	0	0	0	0	1	0	1	0	0	0	0	1	0	0	1	1	0	1	1	0	1	0	1	0	1	0	1
Mp2g14670	pos	0	1	0	0	1	1	0	1	0	0	1	1	1	0	1	1	0	0	0	0	1	1	1	0	0	0	1
Mp2g15260	pos	0	0	0	0	1	0	1	1	0	1	0	0	1	0	1	1	1	0	0	0	1	0	1	0	0	1	0
Mp2g15620	pos	0	0	0	0	1	1	0	0	0	0	1	0	0	0	0	1	0	0	0	0	1	0	0	0	0	0	0
Mp2g15720	pos	0	0	0	0	1	1	0	1	0	0	1	0	0	1	0	0	1	1	1	0	0	0	1	1	0	0	1
Mp2g16290	pos	0	1	0	0	1	1	0	0	0	1	0	1	1	1	1	1	0	0	1	0	0	1	1	0	1	0	1
Mp2g18710	pos	0	0	0	0	1	0	1	1	0	0	1	0	1	0	1	0	1	1	0	1	0	0	0	1	0	0	1
Mp2g18740	pos	1	0	0	0	0	0	1	0	1	0	1	1	0	0	1	0	0	0	1	0	0	1	1	0	0	0	1
Mp2g20040	pos	1	1	0	0	1	0	1	0	0	0	0	0	1	1	0	0	0	0	0	0	0	0	1	0	0	0	0
Mp2g20430	pos	0	0	0	0	1	0	1	1	0	1	0	1	0	1	1	1	0	1	1	0	0	0	1	0	0	1	0
Mp2g21290	pos	0	1	0	0	1	0	1	1	0	0	0	1	1	1	1	0	1	1	1	0	0	0	0	0	0	0	1
Mp2g21870	pos	0	1	0	0	0	1	1	0	1	0	0	1	0	0	0	0	1	0	0	0	0	0	0	0	1	0	0
Mp2g21880	pos	0	0	0	0	1	0	1	1	0	0	0	0	1	0	0	0	0	0	1	0	0	1	1	0	1	0	0
Mp2g22680	pos	1	0	0	0	0	0	1	0	0	0	1	1	0	0	0	1	0	0	0	0	0	1	1	0	0	0	1
Mp2g22750	pos	0	1	0	0	1	1	0	0	1	1	1	0	1	1	1	0	1	0	1	0	0	0	0	0	0	0	0
Mp2g22760	pos	0	1	0	0	1	0	0	1	0	1	0	1	1	0	1	1	1	1	1	0	0	1	1	0	1	0	0
Mp2g22790	pos	0	0	0	0	0	0	1	1	0	0	1	1	0	0	0	0	1	0	1	0	1	0	0	0	1	0	0
Mp2g22890	pos	0	0	0	0	1	0	1	1	1	0	1	0	0	0	1	1	1	0	1	0	0	0	0	0	0	1	1
Mp2g23680	pos	0	1	0	0	0	1	0	1	0	0	0	1	0	0	0	0	1	0	0	0	1	0	1	1	1	0	1
Mp2g23900	pos	1	1	0	0	1	0	0	1	0	1	0	1	0	0	1	1	0	0	0	0	0	1	1	0	0	0	1
Mp2g24840	pos	0	1	0	0	0	0	1	1	1	0	0	0	1	1	0	1	0	1	1	0	0	0	1	1	0	0	1
Mp2g24940	pos	0	0	0	1	1	1	0	1	0	1	0	1	1	0	0	1	1	0	1	1	1	1	1	0	1	1	1
Mp2g25050	pos	0	0	0	0	0	0	1	1	0	0	0	0	0	0	0	0	1	0	0	0	0	0	0	0	0	0	0
Mp2g25120	pos	1	1	0	0	0	0	1	0	0	0	0	0	1	0	1	1	0	0	1	0	0	0	0	1	0	0	1
Mp2g25630	pos	0	0	0	0	1	0	0	1	0	1	0	1	1	0	1	1	1	1	1	0	1	1	1	1	1	0	1
Mp2g25640	pos	0	0	0	0	1	0	0	1	0	1	0	1	0	0	1	1	1	1	1	0	1	1	1	1	1	0	1
Mp2g26345	pos	0	0	0	0	0	0	1	0	0	0	0	0	1	0	0	0	0	0	0	0	0	0	0	0	0	0	1
Mp3g00090	pos	0	0	0	1	0	0	1	1	0	1	0	0	1	0	0	0	0	0	1	0	0	1	1	0	0	0	1
Mp3g00110	pos	0	1	0	0	1	0	0	1	1	0	1	0	1	0	1	0	0	1	0	0	0	1	1	1	1	0	1
Mp3g00500	pos	0	1	0	0	1	0	1	1	0	1	1	1	0	1	0	1	0	0	0	0	0	0	1	0	0	0	0
Mp3g00640	pos	0	1	0	0	0	0	1	1	0	0	1	0	1	1	1	0	0	1	1	0	0	0	0	0	0	0	1
Mp3g00960	pos	0	0	0	0	0	0	0	0	0	0	0	0	1	1	1	1	0	0	0	1	0	1	1	0	0	0	1
Mp3g01200	pos	1	1	1	0	1	1	1	0	0	0	0	1	1	0	0	1	0	0	0	0	0	0	0	0	0	0	0
Mp3g01630	pos	0	0	0	0	1	0	1	0	0	1	0	0	0	0	0	0	1	0	0	0	1	0	1	0	1	0	1
Mp3g01690	pos	0	0	0	0	1	0	0	1	0	1	1	1	0	0	0	1	1	1	0	0	1	0	0	0	1	0	1
Mp3g02290	pos	0	1	0	0	0	0	1	1	1	0	0	1	1	1	0	1	1	1	0	0	0	0	1	1	0	0	1
Mp3g02660	pos	0	0	0	0	1	0	0	1	1	1	1	0	0	1	0	0	1	0	1	0	0	0	1	0	1	0	1
Mp3g02710	pos	0	0	0	0	0	1	1	0	0	0	0	1	0	1	1	0	1	0	1	1	0	1	1	0	0	1	1
Mp3g02820	pos	0	0	1	0	1	1	1	1	1	1	0	0	0	0	0	1	1	1	0	1	0	0	0	0	0	1	1
Mp3g03030	pos	0	1	0	0	1	1	0	0	0	0	0	0	1	1	0	0	1	0	1	0	1	1	1	0	0	1	0
Mp3g03040	pos	1	0	0	0	1	0	1	1	1	0	0	1	0	1	1	1	0	0	0	0	0	0	0	0	0	0	1
Mp3g03200	pos	0	1	0	0	0	0	0	1	0	1	0	1	0	1	1	1	0	0	0	0	0	0	0	0	0	0	1
Mp3g03770	pos	0	1	0	0	1	1	0	1	0	0	0	1	1	1	0	0	0	0	1	0	0	0	0	0	0	0	0
Mp3g03980	pos	1	1	0	0	1	1	0	0	0	0	0	0	1	0	0	1	0	0	0	0	0	1	1	1	0	0	1
Mp3g04050	pos	0	1	0	0	1	0	0	0	1	1	1	0	0	0	0	1	1	0	0	1	0	1	0	0	1	0	1
Mp3g04190	pos	0	1	0	0	1	0	1	0	0	1	0	0	0	0	1	1	1	1	0	0	0	1	0	1	0	0	1
Mp3g04260	pos	0	1	0	0	0	1	0	0	0	0	0	1	0	0	0	1	0	1	0	0	1	0	1	0	1	0	1
Mp3g04620	pos	0	1	1	0	0	1	1	0	0	1	0	0	1	1	1	0	0	1	0	0	1	1	0	0	0	0	1
Mp3g05190	pos	1	0	0	0	0	0	0	0	0	1	0	0	0	1	0	1	0	0	1	0	0	1	1	0	0	0	0
Mp3g05560	pos	0	0	0	0	1	0	1	0	1	1	0	1	1	1	1	1	0	0	0	0	0	0	0	0	0	1	0
Mp3g06480	pos	0	1	0	0	0	0	0	1	1	1	1	0	0	0	1	1	1	1	1	0	0	1	1	1	1	0	1
Mp3g06490	pos	0	1	1	0	1	0	1	1	1	1	0	1	1	1	1	1	1	1	1	0	0	1	0	0	1	1	1
Mp3g06510	pos	0	0	0	0	0	0	0	0	0	0	1	0	1	0	0	0	1	0	0	0	1	0	1	0	0	1	0
Mp3g06520	pos	0	0	0	0	1	0	1	0	0	0	0	1	1	1	1	0	0	0	0	0	0	1	1	0	0	1	1
Mp3g06660	pos	0	1	0	0	1	0	1	1	0	1	0	0	0	1	0	1	0	1	1	0	0	1	0	1	1	0	1
Mp3g08200	pos	0	1	0	0	1	0	1	0	1	0	1	0	0	0	0	1	1	0	1	0	0	0	0	0	1	0	0
Mp3g09290	pos	0	1	0	0	1	1	0	0	0	1	1	0	0	0	1	1	1	0	0	1	0	0	0	0	1	0	1
Mp3g10370	pos	0	1	0	0	0	0	0	1	0	0	0	1	1	1	1	1	0	0	1	0	1	1	1	1	0	0	1
Mp3g10510	pos	1	1	0	0	1	0	1	0	1	1	0	1	1	0	1	1	1	0	1	0	0	1	0	1	1	0	1
Mp3g10920	pos	0	0	0	1	1	0	0	0	1	1	0	1	1	0	1	0	0	0	1	0	0	1	1	1	1	0	0
Mp3g11360	pos	0	1	0	0	1	1	0	0	0	1	0	0	1	1	1	1	0	0	0	0	0	1	1	1	1	0	1
Mp3g11390	pos	0	0	0	0	1	1	1	1	0	0	1	1	0	0	1	1	1	0	1	1	1	0	1	0	0	0	1
Mp3g14030	pos	0	1	0	0	0	0	0	0	0	0	0	0	0	0	0	0	1	0	0	1	0	0	0	1	0	0	1
Mp3g14230	pos	0	0	0	0	1	0	1	1	0	0	1	0	0	0	0	0	0	0	0	0	0	1	0	0	0	0	0
Mp3g14290	pos	1	0	0	0	0	0	0	0	1	1	1	0	0	0	1	1	1	1	1	0	0	1	0	1	1	0	0
Mp3g14910	pos	0	1	0	0	1	0	1	0	0	0	0	1	1	1	0	1	0	0	0	1	0	0	0	0	0	1	1
Mp3g15230	pos	1	0	0	0	0	1	0	0	0	0	0	1	0	0	0	1	1	0	0	0	1	1	0	1	0	0	1
Mp3g15350	pos	1	0	0	0	0	0	1	0	0	0	0	0	1	0	0	0	0	0	0	0	1	1	1	1	1	0	0
Mp3g15370	pos	0	1	0	0	0	0	1	1	0	1	0	0	0	1	1	1	1	0	0	1	1	0	1	0	1	0	0
Mp3g15830	pos	1	1	0	0	0	0	1	0	0	0	0	1	1	1	0	1	0	0	0	0	1	0	0	0	0	1	1
Mp3g16760	pos	0	0	0	0	1	0	1	0	1	0	0	0	1	0	0	0	1	0	1	0	0	0	0	0	1	0	1
Mp3g17420	pos	0	0	0	0	1	0	1	1	0	0	0	0	1	1	0	1	0	1	0	0	1	0	1	0	0	0	1
Mp3g17740	pos	0	1	0	0	1	0	1	1	0	0	0	0	0	0	1	1	1	0	0	1	0	0	0	0	1	0	1
Mp3g18140	pos	0	1	0	0	1	0	0	0	0	0	0	0	0	0	1	1	0	0	0	0	0	1	0	0	0	0	0
Mp3g18270	pos	0	0	0	0	1	0	1	0	0	0	0	0	1	1	1	1	1	1	1	0	0	1	0	1	0	1	0
Mp3g18470	pos	0	0	0	0	1	0	0	0	0	0	0	1	0	0	1	0	0	0	0	0	0	0	0	0	0	0	0
Mp3g18590	pos	0	1	0	0	0	1	1	1	0	1	0	0	1	1	1	1	1	0	0	0	1	0	1	0	1	1	0
Mp3g20320	pos	1	0	0	0	1	0	0	0	0	0	0	1	0	0	0	1	0	0	0	0	0	0	1	0	1	0	0
Mp3g21310	pos	0	1	0	1	1	1	1	1	0	0	0	0	0	0	1	1	0	1	1	0	0	1	1	0	1	0	0
Mp3g21520	pos	0	1	0	0	1	0	1	1	0	0	1	0	1	1	1	1	1	1	0	1	1	0	1	1	0	0	0
Mp3g21880	pos	0	0	0	0	0	0	0	1	0	0	0	0	0	0	0	1	0	0	1	0	1	0	1	1	0	1	0
Mp3g22880	pos	0	0	0	0	1	0	1	1	0	1	0	0	0	0	0	1	0	0	0	0	0	0	1	0	0	0	1
Mp3g24330	pos	0	0	0	0	1	0	1	1	0	0	0	1	1	1	0	1	1	0	0	0	1	0	1	0	0	1	1
Mp3g24510	pos	0	1	0	0	0	0	1	0	1	0	0	0	0	1	0	0	1	0	0	0	0	0	0	0	1	0	1
Mp4g00510	pos	1	0	0	0	1	1	0	1	0	1	0	0	0	1	1	1	0	0	0	0	0	1	0	0	1	0	1
Mp4g00950	pos	0	1	0	0	1	0	0	0	1	0	0	1	1	1	0	1	1	1	1	0	1	1	0	0	0	1	0
Mp4g01840	pos	0	0	0	0	0	0	1	0	0	0	1	0	1	1	0	1	0	0	1	0	0	0	0	1	0	0	0
Mp4g02360	pos	1	0	0	0	1	0	0	0	0	1	0	1	0	0	1	1	0	0	0	0	0	0	1	0	0	0	0
Mp4g02710	pos	0	1	0	0	1	0	1	0	0	1	0	1	1	0	1	1	1	1	0	1	1	1	0	0	1	0	1
Mp4g03380	pos	0	0	0	0	1	1	0	1	0	0	1	0	1	0	0	0	0	0	1	0	0	0	0	0	1	0	1
Mp4g03520	pos	0	0	0	0	0	0	1	1	0	1	0	1	0	1	1	1	1	1	0	0	0	0	1	1	0	0	1
Mp4g03650	pos	0	0	1	0	1	0	0	0	0	0	1	0	0	0	0	0	0	0	1	0	1	0	0	0	0	0	0
Mp4g03830	pos	0	0	0	0	1	1	1	0	0	1	0	1	0	0	0	0	0	0	1	0	1	0	1	1	0	0	1
Mp4g03840	pos	0	0	0	0	1	0	0	0	0	1	0	0	0	0	1	0	1	1	0	0	0	1	1	1	1	0	0
Mp4g05080	pos	0	0	0	0	1	1	0	1	0	0	0	0	1	1	0	1	1	1	1	0	1	1	0	0	1	0	0
Mp4g06100	pos	1	0	0	0	0	0	1	0	1	0	0	1	1	0	0	1	1	1	0	0	0	1	0	0	1	1	1
Mp4g06220	pos	0	0	0	0	1	0	1	0	1	0	0	1	1	0	0	1	1	0	0	0	0	1	1	1	1	0	1
Mp4g06650	pos	0	0	0	0	1	0	1	1	0	1	0	0	1	0	1	1	1	1	1	0	0	0	0	1	0	0	0
Mp4g07180	pos	0	1	0	0	0	0	0	1	0	1	0	1	1	0	1	1	1	0	0	0	0	0	0	0	1	0	1
Mp4g07520	pos	0	0	0	0	0	0	0	0	0	1	1	0	0	0	1	1	1	1	0	0	1	1	0	0	0	0	1
Mp4g08110	pos	1	1	0	0	1	0	0	0	0	0	1	0	0	0	0	0	1	1	1	0	1	0	0	1	0	0	1
Mp4g08200	pos	0	0	0	0	1	0	1	0	1	0	1	0	0	0	1	1	1	0	0	0	1	0	0	0	0	0	0
Mp4g08290	pos	0	0	0	0	0	0	1	1	1	0	0	0	1	1	0	1	0	0	0	0	1	0	1	0	0	1	1
Mp4g08360	pos	0	0	0	0	0	0	1	0	0	0	0	0	0	0	0	0	0	0	0	0	0	0	1	1	0	0	0
Mp4g08370	pos	0	1	0	0	1	0	1	1	0	0	0	1	0	1	0	1	0	1	0	0	0	1	1	0	1	0	0
Mp4g09470	pos	1	0	0	0	0	0	0	0	0	1	1	0	1	0	1	1	0	0	0	0	0	0	0	0	1	0	0
Mp4g10290	pos	0	0	0	0	1	0	0	1	0	0	1	0	1	1	0	1	0	0	1	0	1	1	1	0	1	0	1
Mp4g10330	pos	0	0	0	0	1	0	1	1	0	0	1	1	1	1	0	1	0	0	1	0	0	1	1	1	1	0	0
Mp4g10470	pos	1	1	0	0	1	1	1	0	1	0	1	0	1	1	0	1	1	0	1	0	0	0	1	0	0	1	0
Mp4g11730	pos	0	1	0	0	1	0	1	0	0	1	0	1	1	1	0	0	0	1	1	0	1	1	1	0	0	0	0
Mp4g11800	pos	0	1	0	0	1	0	0	1	0	0	1	1	1	1	1	0	1	1	1	0	0	1	1	0	1	0	1
Mp4g11930	pos	0	1	1	0	1	0	1	0	1	1	1	0	0	0	1	1	1	1	1	0	0	0	0	0	0	0	1
Mp4g12510	pos	0	1	1	0	1	0	0	0	0	0	0	1	1	0	1	1	0	1	0	0	0	1	0	0	0	0	0
Mp4g13340	pos	0	1	0	0	1	0	1	1	1	0	0	1	1	1	1	1	1	0	0	0	0	0	1	0	1	0	1
Mp4g13390	pos	0	0	0	0	1	0	0	1	0	0	1	1	0	0	0	1	0	1	1	0	0	0	1	0	0	0	1
Mp4g14330	pos	0	0	0	0	1	0	1	1	0	1	0	0	0	0	0	1	1	0	0	0	0	1	0	1	0	0	1
Mp4g15170	pos	1	1	0	0	1	0	0	1	0	1	0	1	1	1	1	1	1	1	1	0	0	0	1	0	1	0	1
Mp4g15710	pos	1	0	0	0	1	0	1	0	0	0	0	1	0	0	1	0	1	0	0	0	1	0	0	0	0	0	1
Mp4g15770	pos	0	1	0	0	1	0	0	1	0	0	0	0	0	0	1	1	0	0	1	0	0	1	1	1	0	1	1
Mp4g16110	pos	0	0	0	0	1	0	1	1	0	1	0	1	1	1	1	0	0	0	0	0	1	0	1	1	0	1	0
Mp4g16180	pos	0	0	0	0	0	0	0	1	0	1	1	0	1	1	0	0	0	1	0	0	1	0	1	1	1	1	1
Mp4g16250	pos	1	1	0	0	0	0	0	0	0	1	0	1	1	0	0	1	1	0	0	0	0	0	0	0	0	1	1
Mp4g17360	pos	0	1	0	0	1	0	0	0	0	1	0	1	1	0	1	1	1	0	1	0	0	1	0	0	0	0	1
Mp4g17840	pos	0	0	0	0	1	0	0	0	0	0	0	1	0	0	1	1	0	0	0	0	0	0	0	0	1	0	1
Mp4g17950	pos	1	1	0	0	1	0	1	0	1	0	1	1	1	1	0	0	1	0	0	1	1	0	0	1	0	0	1
Mp4g18420	pos	0	1	0	0	1	0	1	1	0	1	0	0	1	0	1	1	1	0	0	0	1	0	0	1	1	0	1
Mp4g19370	pos	0	0	0	0	0	0	1	1	1	0	0	0	0	1	1	1	1	0	1	0	0	1	1	0	1	1	0
Mp4g19770	pos	0	0	0	0	1	1	0	0	1	0	0	1	1	1	0	0	1	0	1	0	0	1	0	0	0	1	0
Mp4g21220	pos	0	0	0	0	1	0	0	1	1	0	0	0	0	0	0	0	1	1	1	0	0	0	1	0	1	1	1
Mp4g21450	pos	1	0	0	0	0	0	0	0	1	1	1	1	0	0	1	1	1	0	1	0	0	0	0	0	0	0	1
Mp4g21500	pos	0	1	0	0	1	0	1	1	0	1	0	0	0	1	0	1	0	1	1	0	0	1	1	0	0	0	0
Mp4g21550	pos	0	1	1	0	1	0	0	0	1	1	0	0	0	1	1	1	1	0	1	0	1	1	0	1	0	1	0
Mp4g21730	pos	0	0	0	0	1	0	1	1	0	0	1	0	0	0	1	1	0	0	1	0	0	1	0	0	1	0	0
Mp4g21990	pos	0	0	0	0	1	0	1	1	1	1	0	1	0	0	0	0	0	0	0	1	1	0	1	1	1	1	0
Mp4g22050	pos	0	0	0	0	1	0	0	0	1	1	0	0	0	0	0	0	1	0	0	1	1	0	1	1	1	1	1
Mp4g22110	pos	0	1	0	0	0	0	0	0	1	1	0	1	1	1	1	1	1	0	0	0	1	1	0	0	1	0	1
Mp4g22230	pos	0	0	0	0	1	0	1	0	0	0	0	1	1	0	0	1	1	0	0	0	1	0	1	1	0	0	0
Mp4g22240	pos	0	0	0	0	1	0	0	0	0	0	0	0	1	1	0	0	0	0	0	0	0	0	0	0	0	1	0
Mp4g22580	pos	1	0	0	0	1	0	0	0	0	1	0	0	1	1	0	1	0	0	1	1	1	0	1	1	0	0	0
Mp4g22620	pos	1	0	0	0	0	1	1	1	0	1	0	1	0	1	0	0	0	0	0	0	1	1	1	1	0	0	1
Mp4g22860	pos	0	0	0	0	1	0	1	0	0	1	0	0	0	0	0	1	1	0	1	0	0	1	0	0	0	1	0
Mp4g22970	pos	0	1	0	0	1	0	0	1	1	0	0	0	1	1	0	1	1	1	1	0	0	0	1	0	0	1	1
Mp4g23230	pos	0	0	0	0	1	1	1	1	1	0	0	1	0	0	0	0	0	0	0	0	0	0	1	1	0	0	1
Mp4g23700	pos	0	1	0	0	0	0	1	0	0	0	0	0	0	1	1	1	0	0	0	0	0	1	1	0	1	0	1
Mp5g00520	pos	0	0	0	0	0	0	0	1	0	1	0	1	1	1	1	0	1	1	0	1	0	0	1	1	0	0	1
Mp5g00630	pos	0	0	0	0	1	1	1	0	0	1	0	0	1	1	1	0	1	1	0	0	0	1	1	1	1	1	0
Mp5g01570	pos	1	0	1	0	1	0	0	0	0	0	1	0	0	0	0	0	0	0	0	0	1	1	1	0	0	0	0
Mp5g01580	pos	1	0	0	0	1	0	1	1	0	1	1	0	1	0	0	1	0	1	1	0	0	0	0	1	0	0	1
Mp5g02750	pos	0	1	0	0	1	0	0	0	1	1	0	0	0	0	1	1	1	0	1	0	0	1	1	0	1	0	0
Mp5g03330	pos	0	0	0	0	0	0	1	0	1	1	1	0	1	1	1	1	1	1	1	0	0	0	0	0	1	0	1
Mp5g03360	pos	0	0	0	0	1	0	0	1	0	0	1	0	1	0	1	0	1	0	0	1	0	0	0	0	0	0	1
Mp5g04210	pos	0	1	0	0	0	0	1	0	0	1	0	0	1	0	0	0	0	1	1	0	0	0	0	0	0	0	0
Mp5g04520	pos	0	1	0	0	1	0	1	0	1	1	0	0	1	1	1	0	1	1	0	0	1	0	0	0	1	1	1
Mp5g04750	pos	0	0	0	0	1	1	1	1	0	0	0	1	1	1	1	0	1	0	0	1	1	0	1	1	0	1	1
Mp5g04860	pos	1	1	1	0	0	0	0	0	0	0	0	1	1	0	0	1	1	0	0	0	1	0	1	1	1	0	1
Mp5g05900	pos	1	1	0	0	0	1	1	1	0	1	0	0	1	0	1	1	0	0	1	0	0	1	0	0	1	1	0
Mp5g06150	pos	0	0	0	0	1	0	1	0	0	0	0	0	1	0	1	1	1	1	1	0	0	1	1	0	0	0	1
Mp5g06220	pos	0	1	0	0	0	0	0	1	0	1	0	0	0	1	0	0	1	0	0	0	1	0	1	0	0	0	1
Mp5g06380	pos	0	0	0	0	1	0	0	1	0	0	0	1	0	0	0	0	1	1	0	0	1	0	1	0	0	1	1
Mp5g06450	pos	0	1	0	0	0	0	0	1	0	0	1	1	1	0	0	1	0	0	1	1	1	0	1	0	1	0	1
Mp5g06470	pos	0	1	0	0	0	0	0	0	0	0	1	1	0	1	1	1	1	1	1	0	1	1	0	0	0	0	0
Mp5g06600	pos	0	1	0	0	1	1	0	0	1	0	1	1	0	0	1	1	1	1	1	0	0	1	0	1	1	1	0
Mp5g07400	pos	0	0	0	0	1	0	1	1	1	1	0	1	0	0	0	1	1	0	1	0	0	1	0	1	0	0	1
Mp5g07420	pos	0	0	0	0	1	0	0	0	1	1	1	1	1	0	1	1	0	0	1	1	0	1	0	0	0	1	1
Mp5g08040	pos	1	0	0	0	1	0	1	1	1	0	0	1	0	0	1	1	1	1	1	1	0	1	1	0	0	0	1
Mp5g08110	pos	1	0	0	0	1	0	0	0	0	0	0	0	0	0	0	0	1	0	0	0	1	0	1	0	0	0	1
Mp5g08140	pos	1	0	0	0	1	1	1	0	0	1	0	1	1	0	0	1	1	0	1	1	0	0	0	1	1	0	0
Mp5g08420	pos	1	0	0	0	0	0	0	0	1	0	0	1	0	0	0	0	0	0	0	0	0	0	1	0	1	0	0
Mp5g08590	pos	1	1	0	0	1	0	1	1	1	1	1	0	1	1	0	1	0	1	1	1	1	1	1	0	0	0	1
Mp5g08640	pos	0	1	0	0	0	0	1	1	0	0	0	1	1	1	1	1	1	0	1	0	0	1	0	1	0	0	0
Mp5g08720	pos	0	0	0	0	1	1	1	0	1	0	0	0	1	0	0	1	0	1	0	0	0	1	0	0	0	0	0
Mp5g08790	pos	1	1	1	0	1	0	1	1	0	0	0	0	0	1	0	1	1	0	1	0	0	0	0	0	0	1	0
Mp5g09050	pos	0	0	0	0	0	0	0	0	1	0	1	1	0	1	0	0	1	1	1	0	1	1	1	0	1	1	0
Mp5g09090	pos	0	0	0	0	0	0	0	0	0	1	0	0	1	0	1	0	0	1	0	0	0	1	0	0	0	0	1
Mp5g09410	pos	0	0	0	0	1	0	0	1	0	1	0	0	1	0	0	1	1	0	0	0	1	1	0	0	1	1	1
Mp5g09530	pos	0	1	0	0	1	1	1	0	0	0	0	1	0	0	1	1	0	0	0	0	1	0	1	0	1	0	1
Mp5g12010	pos	0	1	0	0	1	0	1	1	0	1	1	0	1	1	0	1	1	1	1	0	1	1	1	0	1	0	0
Mp5g12090	pos	0	0	0	1	0	1	1	0	0	1	1	1	1	1	0	1	1	1	1	0	1	0	0	0	1	0	1
Mp5g12390	pos	0	0	0	0	1	1	1	1	0	0	0	0	1	0	0	0	0	0	0	0	0	1	0	0	0	0	0
Mp5g13090	pos	0	1	0	0	0	0	1	0	0	0	1	0	1	0	0	1	0	1	0	0	0	0	1	0	0	0	1
Mp5g13140	pos	0	0	0	0	1	0	1	0	0	0	1	0	0	0	0	1	0	0	0	0	1	1	1	0	0	0	0
Mp5g13320	pos	0	0	0	0	1	1	0	1	1	1	0	1	1	1	1	1	1	0	1	1	0	0	1	1	1	0	1
Mp5g13430	pos	0	1	0	0	0	0	0	0	1	1	1	1	0	0	0	1	0	1	1	1	0	1	0	0	1	0	0
Mp5g14750	pos	0	0	0	0	1	0	1	0	0	0	1	1	0	0	0	1	0	0	0	0	0	1	0	0	1	0	0
Mp5g17400	pos	0	0	1	0	1	0	0	0	1	0	1	1	1	0	1	1	1	0	1	0	0	0	0	0	0	0	1
Mp5g18870	pos	0	0	0	0	0	1	0	1	0	1	0	1	1	0	1	1	0	1	1	1	0	1	1	1	1	0	1
Mp5g18970	pos	1	0	0	0	1	0	1	1	0	1	0	1	0	1	1	1	1	1	1	0	1	1	0	0	1	0	0
Mp5g18980	pos	0	0	0	0	1	0	0	0	1	0	0	0	1	1	1	1	0	0	1	0	1	1	1	0	1	1	1
Mp5g19480	pos	0	1	0	0	1	0	0	0	0	0	0	1	1	1	0	1	0	1	1	0	0	1	0	1	1	1	1
Mp5g19570	pos	0	1	0	0	0	0	0	0	0	1	1	1	0	0	0	1	0	1	1	0	0	1	0	0	0	1	1
Mp5g19680	pos	0	1	0	0	1	0	0	0	0	0	0	0	1	0	0	1	0	0	0	1	1	0	1	0	0	0	1
Mp5g19820	pos	0	0	0	0	1	1	1	0	0	1	0	1	0	0	1	0	1	0	0	0	0	0	1	0	0	0	1
Mp5g20360	pos	1	0	0	0	0	1	0	1	0	0	1	1	0	0	0	1	0	0	1	0	1	1	1	0	1	0	0
Mp5g20860	pos	0	1	0	0	1	0	0	0	0	0	0	1	1	1	1	1	1	0	0	0	0	0	1	1	0	0	0
Mp5g20930	pos	0	1	0	0	1	0	0	1	1	1	0	1	1	0	1	1	1	0	1	0	0	0	0	1	0	0	1
Mp5g22190	pos	1	0	0	0	1	0	0	1	0	1	1	1	1	0	1	0	1	0	1	0	0	1	1	1	0	0	1
Mp5g22540	pos	0	1	0	0	1	0	0	1	1	1	1	0	0	0	1	0	1	1	1	1	0	0	1	0	0	0	0
Mp5g22790	pos	0	1	0	0	1	0	0	1	0	0	0	0	1	0	0	0	1	0	1	0	1	0	1	0	0	0	0
Mp5g22830	pos	0	0	0	0	1	0	0	1	0	1	1	1	0	1	1	1	1	1	1	0	1	1	1	0	1	0	0
Mp5g23350	pos	0	0	0	0	0	1	0	1	0	1	0	1	0	0	1	0	0	0	0	0	0	0	0	0	1	1	0
Mp5g23560	pos	0	0	1	0	1	1	0	0	0	1	0	0	1	1	1	1	0	0	1	0	0	0	0	1	1	1	1
Mp5g23660	pos	0	1	1	0	0	0	1	1	0	1	0	1	0	0	0	0	0	1	1	0	1	1	0	0	0	1	1
Mp6g00310	pos	1	1	0	0	0	0	1	0	0	0	0	1	1	0	0	1	1	0	1	1	0	0	1	0	1	0	0
Mp6g00770	pos	0	0	0	0	0	1	0	0	1	0	1	1	0	1	1	1	0	0	1	1	0	0	0	0	1	1	1
Mp6g01870	pos	0	0	0	0	1	0	0	1	0	1	1	0	0	0	1	1	0	0	1	1	0	0	0	1	0	0	1
Mp6g02170	pos	0	0	0	0	1	0	1	1	0	0	0	0	0	0	0	1	1	1	0	1	1	1	0	0	1	0	1
Mp6g02250	pos	0	0	0	0	1	0	1	0	0	1	0	0	1	0	1	1	0	0	0	0	0	0	0	0	0	0	1
Mp6g02280	pos	0	1	0	0	1	0	1	0	0	0	0	1	0	0	0	1	0	0	0	1	1	1	1	1	0	0	0
Mp6g02400	pos	0	0	0	0	0	0	0	1	0	1	1	1	0	0	0	1	0	0	1	0	0	1	1	0	1	1	1
Mp6g02830	pos	0	0	0	0	0	1	0	0	0	0	1	0	0	0	0	1	0	0	0	0	0	0	0	0	0	0	0
Mp6g03280	pos	0	1	0	0	1	0	0	0	1	0	0	0	0	0	1	1	1	0	1	0	1	1	0	0	0	0	0
Mp6g03710	pos	0	0	0	1	0	0	1	1	0	0	0	1	0	0	1	1	0	1	0	0	1	1	1	0	0	1	1
Mp6g03920	pos	0	1	0	0	0	0	1	0	1	0	0	1	0	0	1	0	1	1	0	0	0	0	1	0	0	0	1
Mp6g03960	pos	0	0	0	0	1	0	1	0	1	0	1	0	1	1	1	1	1	1	0	0	0	1	0	0	0	1	0
Mp6g04020	pos	0	1	0	0	1	0	1	1	1	1	0	0	0	0	0	1	0	0	0	0	0	0	0	0	1	0	1
Mp6g05390	pos	1	1	0	0	1	0	1	0	1	0	0	1	0	1	1	1	0	0	0	0	0	0	0	1	0	0	1
Mp6g05510	pos	0	0	0	0	1	0	1	0	0	0	1	0	0	0	1	0	0	1	1	1	0	1	1	0	0	0	1
Mp6g05670	pos	0	1	1	0	1	0	0	1	0	1	0	1	0	0	1	1	1	1	1	1	1	0	0	1	1	0	1
Mp6g05850	pos	0	1	0	0	1	0	1	1	0	1	1	1	0	0	1	1	1	1	0	0	0	0	0	0	0	0	1
Mp6g06720	pos	0	0	0	0	1	0	1	1	0	0	0	0	0	0	0	1	1	0	0	0	0	0	1	0	0	1	1
Mp6g06980	pos	0	1	0	0	0	0	1	0	0	1	1	0	1	1	0	0	0	1	1	0	1	1	1	1	1	0	1
Mp6g07310	pos	0	1	0	1	0	0	1	1	0	1	1	1	1	0	1	1	1	0	0	1	0	0	1	0	0	0	1
Mp6g07390	pos	1	0	1	0	1	1	1	1	1	1	1	1	1	1	1	1	1	0	1	0	1	1	0	1	1	0	1
Mp6g07630	pos	1	1	0	0	1	0	0	0	0	1	1	0	0	1	0	0	0	0	0	0	0	0	0	1	0	1	1
Mp6g08020	pos	0	1	0	0	1	0	0	0	1	1	0	1	1	1	1	1	1	0	1	0	0	1	1	1	1	1	1
Mp6g08040	pos	0	1	0	0	0	0	1	0	1	0	0	0	0	1	0	0	1	1	1	0	1	1	1	1	1	0	1
Mp6g08170	pos	0	0	0	0	0	1	1	1	0	0	0	1	1	1	1	0	1	1	1	1	1	1	1	0	1	1	0
Mp6g08190	pos	1	1	0	0	1	0	0	1	0	1	0	1	1	1	1	1	0	1	0	1	0	1	1	1	1	0	1
Mp6g09310	pos	1	1	0	0	0	1	1	1	1	0	0	0	1	0	1	0	0	0	0	0	0	0	0	0	1	0	0
Mp6g09650	pos	1	1	0	0	0	0	0	0	0	0	0	1	1	0	1	1	0	1	0	0	1	1	1	1	0	1	1
Mp6g10120	pos	0	0	0	0	0	0	0	0	0	0	0	1	0	0	1	1	1	0	1	1	0	0	0	0	0	0	1
Mp6g10330	pos	0	0	0	0	1	1	0	1	0	1	0	0	0	1	1	0	1	0	1	0	1	0	1	0	0	0	1
Mp6g10340	pos	0	0	0	0	1	0	1	1	0	1	0	1	1	1	0	0	0	1	1	0	1	1	1	0	1	0	0
Mp6g10370	pos	0	1	1	0	1	0	1	0	0	1	1	0	0	0	1	1	1	1	1	0	0	1	1	1	1	0	1
Mp6g10520	pos	0	0	0	0	0	0	1	0	0	1	0	1	0	0	0	0	1	0	1	0	0	1	0	0	1	1	1
Mp6g11570	pos	1	1	0	0	1	0	1	0	0	0	0	0	0	0	0	1	0	0	1	0	1	0	1	1	0	0	1
Mp6g11870	pos	0	1	0	0	1	0	0	0	0	0	0	0	0	0	0	0	1	0	0	0	0	0	1	0	0	0	1
Mp6g12130	pos	0	0	0	0	0	1	1	0	0	0	0	0	0	0	1	1	1	1	1	0	1	0	0	0	1	0	1
Mp6g12650	pos	0	0	0	0	1	0	0	1	0	1	0	1	1	0	0	1	1	0	0	0	1	0	1	1	0	1	1
Mp6g12900	pos	0	1	0	0	0	0	0	0	0	1	1	0	1	1	0	1	0	1	0	0	0	1	0	0	1	1	1
Mp6g13190	pos	0	0	0	0	1	1	0	1	0	0	0	0	1	1	1	1	0	0	0	0	0	0	0	0	0	0	1
Mp6g13670	pos	0	0	0	0	1	1	0	1	1	1	1	0	0	0	0	1	1	1	0	0	0	0	1	1	0	0	0
Mp6g14400	pos	0	1	0	0	1	1	0	1	1	1	0	0	1	1	1	1	0	1	1	0	0	1	1	0	0	0	1
Mp6g14830	pos	0	0	1	0	0	0	0	1	1	1	1	0	0	0	1	1	1	1	1	0	0	0	0	0	0	0	1
Mp6g15230	pos	0	0	0	1	0	0	0	0	1	0	0	1	0	0	0	1	1	0	0	0	0	1	1	1	1	0	0
Mp6g15280	pos	0	0	0	0	0	0	1	0	0	0	1	1	1	1	0	1	1	0	1	0	1	1	1	0	1	0	1
Mp6g15580	pos	0	1	0	0	0	1	1	0	0	1	0	0	0	0	0	0	0	0	0	0	0	0	0	0	0	0	1
Mp6g16310	pos	0	1	0	0	0	0	0	1	0	0	0	0	1	0	0	0	1	0	0	0	1	1	1	1	1	0	1
Mp6g16540	pos	1	0	0	0	0	0	0	0	0	1	0	1	1	1	0	1	1	0	0	0	0	1	1	0	0	0	0
Mp6g16900	pos	0	1	0	0	0	1	0	0	0	1	0	1	0	0	0	1	1	1	0	0	0	1	0	0	0	1	1
Mp6g17310	pos	0	1	0	0	0	1	1	1	0	1	1	0	1	0	0	0	0	1	1	0	1	1	0	0	0	0	0
Mp6g17320	pos	0	0	0	0	1	0	0	1	0	1	1	0	0	0	1	0	1	0	0	0	1	0	0	0	1	0	0
Mp6g17450	pos	0	0	0	0	0	0	0	1	0	0	1	0	0	1	0	1	0	1	1	0	1	1	1	0	0	0	1
Mp6g18480	pos	0	1	0	0	1	0	0	0	0	1	0	0	1	1	0	1	0	0	1	0	0	1	1	0	1	0	1
Mp6g18550	pos	0	0	1	0	1	0	0	0	0	0	1	0	1	1	0	1	1	0	1	0	0	1	1	0	0	1	0
Mp6g19230	pos	1	0	0	0	1	0	0	1	0	1	0	1	0	0	1	1	0	1	1	0	1	1	1	0	0	1	1
Mp6g19640	pos	0	1	0	1	0	0	0	0	0	1	0	1	1	0	0	1	1	0	1	1	0	1	1	1	1	0	1
Mp6g21240	pos	0	1	0	0	0	1	0	1	0	0	0	1	0	1	1	1	1	0	1	0	0	1	0	1	1	0	0
Mp7g00670	pos	0	1	0	0	1	0	0	1	0	1	1	1	0	1	0	0	1	0	0	0	1	1	1	1	1	0	1
Mp7g00880	pos	0	1	0	0	0	0	0	0	0	1	0	1	0	0	0	1	0	1	1	0	0	1	0	0	1	0	1
Mp7g00890	pos	0	1	1	0	1	0	1	1	0	1	1	0	1	1	1	1	1	1	1	1	0	1	0	0	1	0	0
Mp7g00970	pos	0	0	0	0	1	0	0	0	0	0	0	0	0	0	0	1	1	1	0	0	1	0	1	1	1	0	0
Mp7g01080	pos	0	0	0	0	1	1	1	1	0	1	0	1	1	0	1	0	0	1	1	0	0	1	0	1	0	1	1
Mp7g01300	pos	0	1	0	1	1	1	1	1	0	1	0	1	0	0	1	1	1	0	1	1	0	0	1	0	0	0	1
Mp7g01570	pos	0	1	0	0	0	0	0	0	0	0	0	0	1	1	0	0	1	0	0	0	0	0	0	0	0	0	0
Mp7g02060	pos	0	0	0	0	0	0	1	1	0	0	0	0	0	0	0	0	1	1	1	0	1	0	0	0	1	0	1
Mp7g03090	pos	0	0	0	0	1	1	0	0	1	0	1	0	1	1	1	1	1	0	1	0	1	1	1	1	0	0	0
Mp7g03220	pos	1	1	0	0	0	0	1	1	0	1	0	1	0	0	1	1	1	0	0	1	1	1	0	0	0	1	0
Mp7g03330	pos	0	0	0	0	0	1	1	0	0	1	0	0	0	0	1	1	1	1	1	0	0	0	1	0	0	0	0
Mp7g03490	pos	0	0	0	0	1	0	0	1	1	0	0	0	1	0	1	1	0	1	1	1	0	0	0	0	0	0	0
Mp7g03660	pos	1	0	0	0	0	0	1	0	0	0	1	1	0	1	1	1	0	1	0	0	1	1	1	1	1	1	1
Mp7g04340	pos	1	0	0	0	0	1	1	1	0	0	1	1	1	0	1	1	1	0	0	0	0	1	0	1	1	0	1
Mp7g04580	pos	0	1	0	0	1	0	0	1	0	1	0	1	1	1	1	1	1	1	1	0	0	1	0	0	0	0	1
Mp7g04950	pos	0	0	0	0	0	0	0	0	0	0	1	0	1	1	1	1	1	1	1	0	0	1	1	0	0	1	0
Mp7g05040	pos	0	0	0	0	1	1	0	0	0	0	0	1	0	1	1	1	1	1	0	0	1	1	0	0	1	1	1
Mp7g05120	pos	0	1	0	0	1	1	1	1	1	1	0	1	1	1	1	1	1	0	1	0	0	0	1	1	0	0	0
Mp7g05330	pos	0	1	0	0	1	0	0	0	0	0	1	1	0	0	1	1	1	0	1	0	0	1	1	0	0	0	0
Mp7g05680	pos	0	0	0	0	1	0	1	1	0	1	0	0	1	1	1	1	1	1	0	0	0	0	1	0	1	0	0
Mp7g06000	pos	0	0	0	1	0	1	1	1	0	0	0	1	1	0	1	1	0	0	1	0	0	1	0	0	0	0	0
Mp7g06030	pos	0	1	0	0	1	1	0	1	1	1	0	0	1	0	1	1	0	1	0	0	0	1	0	1	1	1	0
Mp7g07210	pos	0	0	0	0	0	0	0	1	1	0	0	1	1	0	1	1	0	0	1	0	0	1	0	1	0	1	0
Mp7g07260	pos	0	0	1	0	0	0	0	0	0	1	0	1	1	0	0	1	1	1	0	0	1	0	0	0	0	0	1
Mp7g07710	pos	0	1	0	0	0	0	0	1	1	1	1	1	1	0	1	0	0	1	1	0	1	0	0	0	1	0	0
Mp7g07860	pos	1	0	0	0	1	1	1	0	0	1	0	0	0	0	0	1	1	0	0	0	0	1	0	0	1	0	0
Mp7g07990	pos	0	0	0	0	0	0	1	0	0	0	1	1	1	0	1	1	0	0	0	0	0	1	1	0	1	0	1
Mp7g08170	pos	0	1	0	0	0	0	1	0	0	1	0	0	1	1	1	1	1	1	1	0	0	0	1	0	1	1	1
Mp7g08450	pos	0	1	0	0	0	1	0	0	1	1	0	1	0	0	1	1	1	0	0	0	0	1	1	1	0	0	0
Mp7g08480	pos	1	1	1	0	1	0	1	0	0	0	0	0	0	1	0	0	1	0	0	1	0	0	1	0	1	0	1
Mp7g08500	pos	0	0	0	0	1	0	1	0	0	1	0	1	0	0	0	1	1	0	0	0	0	0	1	1	0	0	1
Mp7g09030	pos	0	1	0	0	0	1	0	1	0	1	0	0	0	0	1	1	1	0	0	0	0	0	1	0	0	0	1
Mp7g09410	pos	0	1	0	0	1	0	0	1	1	1	1	0	0	0	0	1	1	1	0	0	1	1	0	1	0	1	1
Mp7g09420	pos	0	0	0	0	1	0	0	0	0	0	1	0	0	1	0	0	1	1	0	0	1	0	0	1	1	0	0
Mp7g09660	pos	0	0	0	0	1	0	0	0	0	0	1	0	1	0	1	1	0	0	1	0	0	0	1	0	0	0	1
Mp7g12300	pos	0	1	0	1	1	0	1	0	0	1	0	0	0	0	0	1	0	0	1	0	1	1	0	1	0	0	1
Mp7g12690	pos	0	1	0	0	0	0	1	1	0	1	0	1	0	1	0	1	0	1	1	0	0	0	0	1	1	0	1
Mp7g12720	pos	0	1	0	0	0	0	0	1	0	1	0	0	0	0	1	1	1	0	0	1	0	0	1	1	1	0	1
Mp7g12820	pos	0	0	0	0	0	0	1	0	0	0	0	0	0	0	1	0	0	0	0	0	0	0	0	0	0	0	0
Mp7g13030	pos	0	0	0	0	1	0	0	0	0	0	0	0	1	0	0	0	1	0	1	0	0	1	0	0	1	0	0
Mp7g13070	pos	0	0	0	0	0	0	1	1	0	0	1	0	0	1	0	1	0	1	0	0	0	1	1	1	1	0	0
Mp7g13490	pos	0	0	0	0	0	0	1	0	1	0	0	1	0	0	0	0	1	0	1	1	0	0	1	0	0	0	0
Mp7g13570	pos	1	0	0	0	1	0	1	0	0	0	0	0	0	0	1	1	1	1	1	0	0	1	1	0	1	0	1
Mp7g13750	pos	0	1	0	1	1	1	1	1	0	0	0	1	0	1	1	1	0	1	1	0	0	1	1	1	0	1	0
Mp7g13760	pos	0	1	0	0	1	0	1	1	1	0	0	1	1	1	0	1	0	1	0	0	0	0	1	0	0	0	0
Mp7g13830	pos	0	0	0	0	0	0	0	1	1	0	0	0	1	1	1	0	1	0	0	0	1	1	1	0	0	0	1
Mp7g14030	pos	0	1	0	0	0	1	0	1	0	0	0	1	0	0	0	1	1	0	1	0	0	0	1	1	0	1	1
Mp7g14040	pos	0	1	0	0	1	0	1	0	0	1	0	1	0	0	0	1	0	0	0	0	0	0	1	0	0	1	0
Mp7g14050	pos	1	1	0	0	1	1	0	0	0	0	0	1	0	0	0	1	1	1	1	0	0	0	1	0	0	0	0
Mp7g14460	pos	1	1	0	0	1	0	0	1	0	0	1	1	0	1	1	1	1	0	0	0	1	1	1	0	1	1	0
Mp7g15020	pos	0	1	0	0	1	0	1	1	0	1	0	0	1	0	1	1	1	0	0	0	1	1	0	0	0	0	1
Mp7g15030	pos	0	1	0	0	1	1	0	0	0	0	0	1	0	0	1	1	0	0	0	0	0	0	0	0	1	1	0
Mp7g15550	pos	1	1	0	0	0	0	1	0	0	1	0	1	0	0	0	0	1	0	0	0	0	0	1	0	0	0	1
Mp7g15570	pos	1	1	0	0	1	0	0	0	0	0	0	0	1	1	1	1	0	1	1	1	1	0	1	1	0	0	1
Mp7g15800	pos	0	0	0	0	1	0	1	1	0	1	1	0	0	0	1	1	1	1	0	1	1	0	1	0	0	0	1
Mp7g16130	pos	1	1	0	0	0	0	0	0	0	1	0	0	0	0	0	0	1	0	1	0	0	1	0	1	1	0	1
Mp7g16140	pos	0	0	0	0	0	0	0	0	0	1	1	0	1	0	0	1	1	0	1	0	1	1	0	1	1	0	1
Mp7g16270	pos	1	1	0	0	1	0	0	1	1	1	0	0	1	0	0	1	0	0	0	1	1	1	0	1	1	0	1
Mp7g16480	pos	0	0	0	1	0	0	0	0	0	1	0	1	0	0	1	1	1	0	0	1	1	0	0	0	1	1	1
Mp7g17120	pos	0	0	0	0	1	0	0	0	1	1	1	1	1	0	0	0	0	0	1	0	0	1	1	1	1	0	0
Mp7g17880	pos	0	0	0	0	1	0	0	0	0	1	0	1	0	0	1	1	1	1	1	0	0	1	1	0	1	1	1
Mp7g17950	pos	1	1	0	0	0	0	1	0	0	0	0	1	1	0	1	1	1	0	1	0	1	1	1	0	1	0	0
Mp7g18140	pos	0	0	1	0	0	0	1	0	0	1	0	1	0	1	1	1	1	0	1	0	0	1	0	0	1	0	1
Mp7g19120	pos	0	0	1	0	1	0	1	1	1	1	0	1	1	1	1	1	0	0	0	0	1	0	0	0	0	0	0
Mp8g00630	pos	0	0	0	0	0	0	0	0	0	1	0	0	1	1	1	1	1	0	0	0	0	1	0	1	0	0	1
Mp8g00680	pos	0	1	0	0	1	0	1	0	0	1	0	0	0	0	0	1	1	0	0	0	1	1	0	0	0	0	0
Mp8g01270	pos	0	0	0	0	1	0	1	0	0	0	0	0	1	1	1	0	0	1	1	0	0	1	0	1	1	0	1
Mp8g01460	pos	0	0	1	0	0	1	1	1	0	0	0	0	1	0	1	1	1	0	1	0	1	1	1	0	0	0	1
Mp8g02450	pos	1	1	0	0	1	0	0	1	0	0	0	1	1	0	0	1	1	1	0	0	1	0	0	0	0	0	1
Mp8g02460	pos	0	0	0	0	1	0	1	1	0	1	0	1	0	1	0	1	1	0	0	0	1	1	0	1	1	0	1
Mp8g02530	pos	0	0	0	0	1	1	1	0	1	0	1	0	0	0	0	1	1	1	1	0	0	1	1	0	0	1	1
Mp8g02540	pos	1	1	0	0	1	1	0	1	0	0	0	0	1	1	1	1	0	1	0	0	1	0	0	1	1	0	1
Mp8g03300	pos	0	1	0	0	1	0	0	1	1	0	0	0	0	0	1	1	0	0	0	0	0	0	0	0	0	0	1
Mp8g04240	pos	0	0	0	0	1	0	1	0	0	0	0	1	0	1	0	0	1	0	0	0	0	0	0	1	0	0	0
Mp8g05430	pos	1	1	0	0	0	0	1	1	0	0	0	0	1	1	1	0	1	0	0	0	0	1	1	0	0	1	1
Mp8g05440	pos	0	0	0	0	1	0	0	1	1	1	0	0	1	0	1	1	1	1	1	0	0	1	0	1	1	1	0
Mp8g05680	pos	0	0	0	0	1	0	0	0	0	0	0	0	0	1	1	0	0	0	0	0	0	0	1	0	0	0	1
Mp8g06400	pos	0	1	0	1	0	0	1	0	0	1	1	0	1	0	0	1	0	1	1	0	0	1	1	1	1	0	1
Mp8g06460	pos	0	0	0	0	0	0	0	1	0	1	0	0	1	1	0	1	0	0	0	0	0	0	0	0	1	1	1
Mp8g06520	pos	0	0	0	0	1	0	0	1	0	1	1	0	0	1	1	1	1	1	0	0	0	0	0	0	0	0	1
Mp8g06540	pos	1	1	0	0	0	0	0	1	0	0	0	1	0	0	1	1	1	1	1	0	0	1	0	1	1	0	1
Mp8g06920	pos	0	1	0	0	1	1	0	0	0	0	0	1	1	1	0	1	1	0	1	0	0	1	1	0	1	1	0
Mp8g07000	pos	0	1	0	0	1	0	1	1	0	1	1	1	1	1	0	1	1	1	1	1	0	1	0	0	1	0	0
Mp8g07010	pos	0	1	0	0	1	0	1	1	0	1	1	1	1	1	1	1	1	0	1	1	0	1	0	0	1	0	0
Mp8g08920	pos	0	1	0	0	1	0	0	0	0	0	0	0	1	0	0	1	0	0	0	0	0	0	0	1	1	0	1
Mp8g09430	pos	0	0	0	0	1	0	0	1	0	1	0	1	0	1	1	0	0	1	0	0	0	0	0	0	0	0	1
Mp8g09750	pos	1	0	1	0	1	0	1	1	0	1	0	1	0	1	0	1	1	0	0	0	0	1	0	1	0	0	0
Mp8g10000	pos	0	0	0	0	1	0	1	0	0	0	0	1	1	0	0	1	1	0	1	0	1	1	1	0	0	0	0
Mp8g10060	pos	1	1	0	0	0	1	1	0	0	0	0	1	1	1	1	1	1	0	0	0	0	0	0	0	1	0	1
Mp8g10660	pos	1	0	0	0	1	0	1	1	0	1	0	1	1	0	0	1	0	0	1	0	0	1	0	1	1	0	1
Mp8g10880	pos	1	0	0	0	1	1	0	1	0	1	0	0	1	0	0	1	1	0	0	0	0	0	0	1	1	1	1
Mp8g13060	pos	0	0	1	0	1	0	1	1	0	0	1	0	0	0	0	1	0	0	0	0	1	0	0	0	0	0	0
Mp8g14230	pos	1	0	0	0	1	1	1	0	1	1	0	1	0	0	0	1	1	0	1	0	0	1	1	0	0	0	1
Mp8g14240	pos	0	1	0	0	1	0	0	0	0	0	1	1	1	1	0	1	0	0	0	1	0	0	1	0	0	0	0
Mp8g14590	pos	1	1	0	0	0	0	0	1	0	0	1	0	1	0	1	0	0	0	0	0	1	0	0	0	0	0	1
Mp8g14650	pos	1	0	0	0	1	0	0	0	0	0	0	1	0	0	0	1	1	1	1	0	1	1	0	1	1	0	0
Mp8g14740	pos	0	0	0	0	0	0	0	0	0	1	0	0	1	0	0	1	0	0	0	0	0	1	0	1	0	0	1
Mp8g14750	pos	1	1	0	0	0	0	1	1	0	0	0	1	1	0	1	0	0	0	1	0	1	0	0	0	1	0	0
Mp8g14850	pos	0	0	0	0	0	0	0	1	1	1	0	0	0	0	1	1	0	1	0	0	0	0	0	0	0	0	1
Mp8g15160	pos	1	0	0	0	0	0	0	1	0	1	1	0	1	0	0	1	1	0	1	0	0	0	1	1	0	1	1
Mp8g15420	pos	0	0	0	0	1	0	1	1	0	1	1	1	1	1	1	1	0	0	0	0	0	0	1	0	1	0	1
Mp8g15640	pos	0	0	0	0	0	1	0	0	0	1	1	0	0	1	0	1	0	0	0	0	1	0	1	0	0	0	1
Mp8g15800	pos	1	0	1	0	1	0	1	0	0	1	1	0	1	1	1	1	0	0	0	0	0	1	1	0	0	0	1
Mp8g16250	pos	0	0	0	0	1	0	1	1	0	1	0	1	1	1	0	1	0	1	1	0	0	0	1	0	1	0	1
Mp8g16380	pos	0	1	0	0	1	0	1	1	0	1	1	1	0	0	1	0	1	0	0	1	0	0	0	0	0	0	0
Mp8g16390	pos	1	0	0	0	0	0	0	1	0	1	0	0	1	1	1	1	1	0	1	1	0	0	0	0	0	0	0
Mp8g16400	pos	1	1	0	0	1	0	1	0	0	0	0	0	1	0	1	1	1	1	1	0	0	1	0	0	1	0	1
Mp8g16450	pos	0	0	0	0	1	0	1	0	0	0	0	0	0	0	1	1	1	0	1	0	1	1	1	0	1	1	1
Mp8g16770	pos	0	0	0	0	1	0	1	0	0	0	0	0	0	0	0	1	1	1	1	0	1	1	1	0	1	0	0
Mp8g16790	pos	0	1	0	0	1	0	1	0	0	1	0	0	0	0	1	0	1	0	1	0	1	0	1	1	0	1	0
Mp8g17360	pos	0	0	0	0	1	1	1	1	1	1	0	0	0	1	0	1	1	1	1	0	1	1	0	0	0	0	1
Mp8g18560	pos	1	0	0	0	0	0	0	1	1	1	0	0	0	0	1	1	1	1	1	0	0	0	1	0	1	1	0
Mp1g00140	neg	0	0	0	0	1	1	0	0	0	0	0	0	0	0	1	0	0	0	1	0	0	0	0	0	0	0	1
Mp1g00380	neg	0	1	0	0	0	0	1	0	0	1	1	0	0	0	0	1	0	0	0	0	0	1	1	1	0	0	1
Mp1g01210	neg	0	0	0	0	1	0	0	0	0	1	1	0	1	0	0	0	0	1	1	0	1	1	0	1	0	0	1
Mp1g01290	neg	0	0	0	0	0	0	1	1	0	1	0	0	0	1	0	0	0	1	0	0	0	0	1	0	0	0	0
Mp1g01400	neg	0	1	0	0	0	0	0	1	0	0	0	1	0	0	1	0	1	1	0	0	0	1	1	0	0	0	0
Mp1g01650	neg	0	1	0	0	0	0	0	1	0	0	0	0	1	0	0	1	1	1	1	0	0	0	0	0	0	0	1
Mp1g01990	neg	0	0	0	0	0	0	0	0	1	0	0	1	0	0	0	1	0	0	0	0	0	0	0	0	1	0	0
Mp1g02080	neg	0	0	0	0	0	0	0	0	1	1	0	0	1	1	0	1	1	1	0	0	0	0	0	0	0	0	0
Mp1g02120	neg	0	0	0	0	1	0	1	0	0	1	0	0	0	0	1	0	0	0	0	0	0	0	1	1	0	1	1
Mp1g02380	neg	0	0	0	0	0	0	0	1	0	1	0	1	0	0	0	1	1	0	1	0	0	0	1	0	0	0	0
Mp1g02630	neg	1	0	0	0	1	0	0	0	0	0	0	1	1	1	0	1	1	1	1	1	0	1	1	0	1	0	0
Mp1g02950	neg	1	0	0	0	1	1	1	0	0	0	1	0	0	0	0	1	1	0	0	0	0	0	1	0	0	0	0
Mp1g03290	neg	0	0	0	0	0	1	1	0	0	0	0	0	0	0	0	1	1	0	0	0	0	0	0	0	0	0	1
Mp1g03540	neg	0	0	0	0	1	0	0	1	1	0	0	0	0	1	1	0	1	1	1	0	1	0	1	0	1	0	0
Mp1g03860	neg	0	0	0	0	1	0	0	0	0	1	0	1	1	1	0	1	0	0	0	0	1	1	0	1	0	0	0
Mp1g04100	neg	0	0	0	0	1	1	0	1	0	1	1	0	0	1	1	0	0	0	1	0	0	1	1	0	0	0	0
Mp1g04110	neg	0	0	0	0	1	0	1	1	0	1	0	0	1	0	0	0	1	0	1	0	1	1	0	0	0	0	0
Mp1g04140	neg	0	0	0	0	1	0	0	1	1	0	0	1	1	0	1	1	1	0	0	0	0	1	0	0	0	0	0
Mp1g04920	neg	0	1	0	0	1	0	0	1	0	0	0	1	0	0	1	0	0	0	0	1	0	1	0	0	0	0	0
Mp1g05030	neg	0	0	0	0	0	0	1	1	0	1	0	0	1	0	1	1	0	1	1	0	0	0	0	0	0	1	1
Mp1g05120	neg	0	0	0	0	1	0	0	0	0	1	0	1	0	0	0	0	1	1	1	1	0	1	0	0	1	0	0
Mp1g05340	neg	0	0	0	0	1	0	1	0	0	0	0	0	0	1	1	1	0	1	1	0	0	0	0	1	0	1	0
Mp1g05460	neg	0	0	0	0	0	0	0	0	0	1	0	0	0	0	0	0	0	1	0	0	0	1	1	0	0	1	0
Mp1g05540	neg	0	0	0	0	0	0	1	0	0	0	0	1	1	0	1	1	0	0	1	0	0	1	0	1	1	0	0
Mp1g05740	neg	0	0	0	0	0	0	1	1	0	0	0	1	0	0	0	1	1	1	1	0	1	0	1	0	0	0	0
Mp1g06800	neg	0	0	0	0	1	0	1	0	0	1	0	1	0	0	0	1	0	0	1	1	1	1	1	0	1	0	0
Mp1g06840	neg	0	0	0	0	1	0	0	0	0	1	1	1	0	0	0	1	1	0	1	1	1	1	1	0	1	0	1
Mp1g06900	neg	0	0	0	0	0	0	0	0	1	0	0	0	1	0	0	1	1	1	1	1	0	1	1	0	0	0	1
Mp1g07040	neg	0	0	0	0	0	0	1	0	0	1	0	0	0	0	1	0	0	1	1	1	1	1	1	1	1	1	0
Mp1g07200	neg	1	0	0	0	1	0	0	1	0	0	0	0	0	0	1	1	0	0	0	1	1	0	0	0	0	0	1
Mp1g07610	neg	0	0	0	0	1	1	1	0	0	0	1	0	0	0	0	1	0	1	1	1	0	0	0	0	1	0	0
Mp1g07700	neg	0	1	0	0	0	0	1	0	0	1	0	0	0	0	1	1	0	0	0	0	1	1	0	0	0	0	1
Mp1g07920	neg	0	1	0	0	0	1	0	1	0	0	1	0	0	0	1	1	1	1	1	0	0	1	1	0	0	0	1
Mp1g08630	neg	0	0	0	0	0	0	0	0	1	1	0	0	0	0	1	1	1	1	1	0	0	0	1	0	1	0	1
Mp1g08740	neg	1	0	0	0	1	0	0	1	0	0	0	0	0	0	0	1	0	0	1	0	0	0	0	0	1	0	1
Mp1g08780	neg	0	0	0	0	1	0	0	0	0	1	0	0	0	0	0	1	0	0	0	0	0	0	0	0	0	0	0
Mp1g09390	neg	0	0	0	0	1	0	0	0	0	0	0	1	0	1	1	1	0	0	0	0	0	1	0	0	1	1	1
Mp1g09620	neg	0	0	0	0	1	0	1	0	0	1	1	0	1	0	0	1	0	0	0	0	0	0	0	1	0	0	0
Mp1g09790	neg	0	1	0	0	0	0	0	1	0	0	0	0	1	1	1	1	1	1	1	0	1	0	1	0	0	0	1
Mp1g10290	neg	0	1	0	0	0	0	0	1	0	0	0	1	1	0	0	0	0	0	1	1	0	0	1	0	0	0	0
Mp1g10300	neg	0	1	0	0	0	0	1	1	0	1	0	1	0	0	1	0	1	1	0	0	1	0	0	0	0	0	1
Mp1g10330	neg	1	0	0	0	1	0	0	1	1	0	1	0	0	0	0	0	1	1	1	1	0	1	0	1	0	0	1
Mp1g10440	neg	0	0	0	0	0	1	0	1	0	0	1	1	1	0	1	1	1	0	0	0	1	0	0	1	0	0	1
Mp1g10790	neg	0	0	0	0	1	0	1	1	0	0	0	0	0	1	0	1	0	0	0	0	1	0	1	0	0	0	1
Mp1g11210	neg	0	1	0	0	1	0	1	0	0	1	0	0	0	0	1	1	1	0	1	0	0	0	0	0	0	0	1
Mp1g11290	neg	0	1	0	0	0	0	1	1	0	1	1	0	0	1	1	1	1	0	0	0	1	1	0	1	0	0	1
Mp1g11300	neg	0	0	0	0	1	0	0	1	0	0	1	0	0	0	1	1	0	0	0	0	0	1	1	1	0	0	0
Mp1g11330	neg	1	0	0	0	0	0	1	1	0	1	1	0	0	1	1	1	1	0	0	0	0	0	0	0	0	0	1
Mp1g12020	neg	0	0	0	0	1	0	0	0	0	1	0	1	1	1	1	1	1	1	1	0	0	0	1	0	0	0	1
Mp1g12340	neg	0	1	0	0	1	0	1	0	0	1	1	1	0	0	0	0	1	0	0	0	0	1	0	0	1	0	0
Mp1g12450	neg	0	0	0	0	1	0	0	0	0	0	0	1	0	0	0	1	0	0	0	0	1	0	0	1	0	0	0
Mp1g12690	neg	0	1	0	0	1	0	1	0	0	1	0	0	0	0	0	1	1	0	0	0	0	0	1	0	0	0	0
Mp1g12750	neg	0	1	0	0	0	0	1	0	0	1	0	1	0	1	1	1	0	1	1	0	0	1	1	0	0	1	1
Mp1g13040	neg	0	1	0	0	1	0	0	1	1	0	1	1	0	0	0	0	1	0	0	0	0	1	1	0	0	0	0
Mp1g13230	neg	1	1	0	0	1	0	1	1	0	1	0	1	0	1	0	0	0	0	0	1	1	0	1	0	1	1	1
Mp1g13860	neg	1	1	0	0	0	0	1	0	0	0	1	0	0	0	1	0	0	0	0	1	0	0	1	0	0	0	1
Mp1g14410	neg	0	1	0	0	1	0	0	1	1	1	1	1	0	1	0	1	1	1	1	0	0	1	1	1	0	1	1
Mp1g14420	neg	0	0	0	0	0	0	1	0	0	0	1	0	1	0	0	0	0	0	1	0	0	0	0	0	1	0	0
Mp1g14620	neg	0	1	0	0	0	0	1	0	0	0	0	0	1	0	1	1	0	1	1	1	0	0	0	0	0	0	1
Mp1g14700	neg	0	0	0	0	0	0	1	1	0	1	0	1	1	1	0	0	1	1	0	0	0	1	0	1	0	0	1
Mp1g14710	neg	0	0	0	0	0	0	1	1	0	1	0	1	1	1	0	0	1	1	0	0	0	1	0	1	0	0	1
Mp1g14790	neg	0	1	0	0	0	0	0	0	0	1	1	0	0	1	0	0	0	0	0	0	1	0	0	0	0	0	0
Mp1g14990	neg	0	0	0	0	1	0	1	1	0	0	0	1	1	1	0	0	0	0	1	0	1	0	0	1	1	1	0
Mp1g15120	neg	0	0	0	0	1	0	0	0	0	1	0	0	1	1	0	1	0	0	0	0	1	0	0	0	0	0	1
Mp1g15160	neg	0	0	0	0	1	0	1	1	0	0	0	0	0	0	0	1	0	0	0	0	0	0	0	1	0	0	0
Mp1g15190	neg	0	0	0	0	0	0	0	0	0	1	0	0	0	0	0	1	1	1	0	0	1	0	1	0	0	0	1
Mp1g15630	neg	1	0	0	0	1	0	0	0	0	1	0	1	0	1	1	0	1	0	1	0	0	1	0	1	1	1	1
Mp1g15850	neg	0	0	0	0	1	0	0	0	0	0	0	1	0	0	0	1	1	0	1	0	1	0	1	0	1	1	0
Mp1g16350	neg	0	0	0	0	1	0	0	0	0	0	0	1	0	0	0	1	1	0	1	0	0	0	0	1	1	0	1
Mp1g16370	neg	0	0	0	0	1	0	0	0	0	1	0	0	1	0	0	1	0	0	0	0	1	1	0	0	0	0	1
Mp1g16410	neg	0	0	1	0	1	0	0	0	0	0	0	0	1	0	1	1	0	1	0	0	0	1	1	0	0	0	1
Mp1g17040	neg	0	0	0	0	1	0	0	0	0	0	0	1	0	0	0	0	1	0	1	0	1	1	0	0	1	1	1
Mp1g17060	neg	1	1	0	0	1	0	1	0	0	0	0	1	0	0	1	1	0	1	0	0	0	1	0	0	0	0	0
Mp1g17710	neg	0	0	0	0	0	0	1	1	0	1	1	0	1	0	0	1	0	0	0	0	0	0	1	0	1	0	1
Mp1g17760	neg	0	1	0	0	0	0	1	1	0	1	0	0	0	0	1	1	1	1	0	0	0	0	1	0	0	0	1
Mp1g18160	neg	0	1	0	0	1	0	1	0	1	1	0	0	1	0	0	0	1	0	0	0	1	1	0	0	1	1	0
Mp1g18450	neg	0	1	0	0	1	0	1	0	0	1	1	0	0	0	1	1	1	0	1	1	0	1	0	0	0	1	1
Mp1g18500	neg	0	1	0	0	1	0	0	0	0	0	0	0	0	1	1	1	0	0	0	0	0	0	1	1	0	0	1
Mp1g18520	neg	1	1	0	0	1	0	1	0	1	0	0	1	1	0	0	0	1	0	0	0	0	0	1	0	1	0	1
Mp1g18590	neg	0	1	0	0	1	0	1	1	0	0	0	0	1	0	0	0	1	0	0	0	0	0	0	1	0	0	0
Mp1g18830	neg	0	1	0	0	1	0	0	0	0	1	0	0	0	1	0	0	1	1	0	0	0	0	1	1	0	0	0
Mp1g18880	neg	0	0	0	0	1	0	1	0	1	0	0	1	1	0	1	1	1	1	1	0	1	1	0	1	0	0	0
Mp1g18940	neg	0	1	0	0	1	0	0	1	0	0	0	0	0	1	1	1	1	1	1	0	0	1	0	0	0	0	0
Mp1g19540	neg	0	1	0	0	1	0	0	0	0	0	0	1	1	0	0	1	0	0	0	0	0	0	1	0	0	0	0
Mp1g19560	neg	0	1	0	0	0	0	0	0	0	1	0	0	1	0	0	1	0	1	0	0	0	1	1	0	1	0	1
Mp1g19770	neg	0	0	0	0	0	1	0	0	0	0	0	1	0	1	0	0	1	0	0	0	0	0	0	0	0	0	1
Mp1g19920	neg	0	0	0	0	1	0	0	0	0	0	0	1	0	1	0	1	0	1	1	1	0	1	1	0	1	0	0
Mp1g20440	neg	1	0	0	0	1	0	0	0	0	0	0	0	0	0	0	0	0	0	1	0	0	0	0	0	0	0	0
Mp1g20460	neg	0	0	0	0	0	0	0	0	0	0	0	1	0	1	1	1	1	1	1	0	1	0	0	0	0	1	1
Mp1g20800	neg	1	1	0	0	0	0	1	0	0	1	0	0	0	0	1	0	0	0	1	0	1	0	0	1	1	0	1
Mp1g21360	neg	0	1	0	0	1	1	0	1	0	0	0	0	1	1	0	1	0	1	1	0	0	1	0	0	0	1	0
Mp1g21510	neg	1	0	0	0	0	0	1	1	0	1	0	0	0	1	0	0	0	0	0	0	0	1	0	0	0	0	1
Mp1g21620	neg	1	1	0	0	1	0	1	0	0	0	0	1	1	1	1	0	0	0	0	0	1	0	0	0	0	0	1
Mp1g22030	neg	0	0	0	0	1	0	0	1	0	1	1	1	0	0	0	1	1	0	0	1	0	0	1	0	0	0	1
Mp1g23230	neg	0	0	0	0	0	0	1	0	0	1	0	1	1	1	1	1	0	1	0	0	0	0	0	0	1	0	0
Mp1g23400	neg	0	0	0	0	0	0	1	0	0	1	0	1	0	1	1	1	1	0	0	0	1	0	1	0	0	0	0
Mp1g23420	neg	0	0	0	0	0	0	0	0	1	1	0	0	1	1	0	0	1	0	1	0	1	0	0	0	0	0	0
Mp1g23530	neg	0	0	0	0	1	0	1	0	0	1	0	1	0	0	1	1	0	0	1	0	0	0	1	0	0	0	0
Mp1g23880	neg	0	1	0	0	1	0	0	1	1	1	0	0	0	1	1	0	1	1	1	0	0	1	0	0	0	0	1
Mp1g24460	neg	0	1	0	0	1	0	0	0	0	0	0	1	0	0	1	1	0	0	1	0	0	0	0	1	1	0	0
Mp1g24880	neg	0	1	0	0	1	0	0	0	0	0	1	0	1	0	0	1	1	0	0	1	0	0	0	0	0	0	0
Mp1g25400	neg	0	1	0	0	0	0	0	0	0	1	0	1	0	1	1	1	1	0	1	0	0	0	1	0	0	0	1
Mp1g25470	neg	0	0	0	0	0	1	0	1	0	1	1	0	0	1	0	0	1	0	0	0	1	0	1	0	0	0	1
Mp1g26090	neg	0	1	0	0	0	0	0	1	0	0	1	0	1	0	1	1	1	1	1	0	0	0	0	1	0	0	0
Mp1g26690	neg	1	0	0	0	1	1	0	1	0	1	0	1	1	1	0	0	0	0	0	0	1	0	0	0	1	0	0
Mp1g27250	neg	0	1	0	0	0	0	1	0	1	0	0	1	0	0	1	1	1	1	0	0	0	1	1	1	1	0	1
Mp1g27510	neg	0	1	0	0	1	0	0	0	0	1	0	0	0	0	0	1	0	0	0	0	0	1	0	0	0	0	1
Mp1g27810	neg	0	1	0	0	0	0	0	0	1	1	0	1	0	0	1	0	0	1	1	0	1	0	0	0	1	0	0
Mp1g28080	neg	0	0	0	0	1	0	0	0	0	0	0	1	0	0	0	0	1	1	1	1	0	0	1	1	0	0	1
Mp1g28650	neg	0	1	0	0	1	0	0	0	0	1	0	0	1	1	1	1	0	0	1	0	0	1	1	0	1	0	0
Mp1g29230	neg	0	1	0	0	0	0	1	0	0	0	0	0	0	0	0	1	1	0	0	0	0	0	0	0	0	0	0
Mp1g29250	neg	1	1	0	0	0	0	0	0	1	0	1	0	0	0	1	1	0	0	0	0	0	1	1	0	0	0	1
Mp1g29270	neg	0	0	0	0	1	0	1	0	0	1	0	1	0	0	1	1	0	0	0	0	0	1	0	1	1	0	1
Mp2g00080	neg	0	0	0	0	0	0	1	0	0	0	1	0	0	0	0	0	0	0	0	1	1	0	1	0	0	0	1
Mp2g00520	neg	0	0	0	0	0	0	1	1	0	1	0	1	1	0	0	1	0	1	0	0	0	1	0	0	0	0	0
Mp2g00540	neg	1	1	0	0	1	0	1	0	0	0	0	0	0	0	1	0	1	0	0	0	0	0	1	0	1	0	0
Mp2g00560	neg	0	1	0	1	1	1	0	1	0	0	1	0	1	1	1	1	1	1	1	0	0	1	1	0	0	0	1
Mp2g01270	neg	0	0	0	0	0	0	1	1	1	0	0	0	1	0	1	1	0	1	1	0	0	0	1	1	0	1	0
Mp2g01410	neg	0	1	0	0	0	0	0	0	1	0	0	0	0	0	1	1	0	0	0	0	0	0	1	0	0	0	1
Mp2g02160	neg	0	0	0	0	1	0	1	1	1	1	0	0	0	0	1	1	1	1	0	0	0	1	0	1	0	0	1
Mp2g02800	neg	1	0	0	0	0	0	1	1	1	0	0	1	0	0	1	0	1	0	1	0	0	0	0	0	0	0	1
Mp2g04340	neg	1	0	0	0	1	0	1	1	0	0	0	1	0	0	1	1	0	1	0	0	0	1	0	0	1	1	0
Mp2g05580	neg	0	1	0	0	1	0	1	1	0	0	0	0	1	0	0	0	0	0	0	0	0	1	1	1	0	1	1
Mp2g06230	neg	0	1	0	0	0	0	1	0	0	0	1	0	1	0	1	1	1	0	1	0	0	0	0	1	0	0	1
Mp2g06330	neg	0	0	0	0	1	1	1	0	0	1	0	0	1	1	1	1	0	1	1	0	0	1	1	0	1	0	0
Mp2g07200	neg	0	1	0	0	1	1	0	0	0	0	0	0	1	1	0	0	1	0	1	0	0	0	1	0	1	0	1
Mp2g07580	neg	0	0	0	0	1	0	0	0	0	0	1	0	0	0	1	1	0	0	0	0	0	0	0	1	1	0	0
Mp2g07650	neg	0	1	0	0	1	0	0	1	0	0	1	0	1	0	0	1	0	1	1	0	1	1	1	1	1	0	1
Mp2g07690	neg	0	1	0	0	1	1	0	1	0	1	0	1	0	0	1	1	1	1	1	0	0	1	0	1	1	0	1
Mp2g07850	neg	0	1	0	0	1	0	0	1	0	0	0	0	0	1	0	1	0	0	1	0	1	0	1	0	1	0	1
Mp2g07960	neg	0	0	0	0	1	0	1	1	0	0	1	0	0	0	0	0	1	0	0	0	0	1	0	0	1	0	1
Mp2g08010	neg	0	0	0	0	1	1	1	1	0	1	0	0	0	0	1	1	1	0	0	0	1	0	0	1	1	0	1
Mp2g08730	neg	0	1	0	0	1	0	0	0	1	1	0	0	0	0	0	1	1	0	1	0	0	1	0	0	0	0	0
Mp2g08790	neg	1	0	0	0	0	0	0	1	1	1	0	1	0	1	1	1	1	0	0	0	0	0	1	1	0	0	1
Mp2g08920	neg	0	0	0	0	1	0	0	1	0	0	0	1	0	1	1	1	1	1	1	0	0	1	1	0	1	0	1
Mp2g08950	neg	0	1	1	0	1	0	0	1	0	1	0	0	1	0	1	1	0	0	0	0	0	1	0	0	1	0	1
Mp2g08990	neg	0	0	0	0	0	0	0	0	1	1	1	0	0	0	0	0	1	0	0	0	0	1	0	0	1	0	1
Mp2g10140	neg	0	0	0	0	1	1	1	1	1	1	0	0	1	0	1	1	1	0	0	1	0	1	0	1	1	0	1
Mp2g11510	neg	0	0	0	0	1	0	0	0	0	0	1	1	0	0	0	0	0	0	0	0	1	1	0	1	0	0	1
Mp2g12030	neg	0	0	0	0	1	0	0	0	0	0	0	1	1	1	1	1	1	0	1	0	0	0	0	0	1	0	1
Mp2g12730	neg	1	0	0	0	1	0	0	0	1	0	0	1	0	1	1	1	1	1	1	0	1	0	0	0	0	1	1
Mp2g13420	neg	0	1	0	0	0	0	1	0	0	1	0	1	0	1	1	1	1	0	0	0	0	0	0	0	1	1	0
Mp2g13590	neg	0	0	0	0	0	0	0	0	0	0	0	0	0	1	1	0	1	0	0	0	1	0	1	0	0	0	1
Mp2g13650	neg	0	0	0	0	0	0	0	1	0	1	0	0	1	1	1	1	0	0	0	0	0	0	0	0	0	0	1
Mp2g13990	neg	0	1	0	0	1	0	1	0	0	0	0	0	1	1	0	0	1	0	0	0	1	0	1	0	0	0	0
Mp2g14130	neg	0	0	0	0	1	0	0	1	0	0	0	1	1	0	0	1	0	0	0	0	0	0	1	0	0	1	1
Mp2g14230	neg	0	1	0	0	0	0	1	0	0	0	1	0	0	0	1	0	1	0	0	0	0	0	1	1	0	0	0
Mp2g14310	neg	0	1	0	0	1	0	1	0	0	1	1	1	1	1	0	1	1	1	1	0	1	1	0	0	1	0	0
Mp2g15450	neg	0	1	0	0	1	0	0	0	1	0	0	1	1	1	0	1	1	0	1	0	0	0	0	1	0	0	1
Mp2g15630	neg	0	1	0	0	0	0	1	0	0	0	0	0	1	0	1	1	0	0	0	0	0	1	1	0	0	0	1
Mp2g16080	neg	0	1	0	0	0	0	0	1	0	1	0	0	1	1	1	1	0	0	0	0	0	0	0	0	0	0	1
Mp2g16110	neg	0	0	0	0	0	1	0	0	1	0	0	0	1	1	1	1	1	0	1	0	0	0	1	0	0	0	0
Mp2g16570	neg	0	0	0	0	1	0	0	0	0	0	0	1	1	1	1	0	0	0	0	0	0	0	1	0	1	0	0
Mp2g18890	neg	0	0	0	0	1	1	0	0	0	1	0	0	0	0	0	1	1	0	1	0	0	0	0	0	1	0	1
Mp2g19100	neg	0	0	0	0	1	1	0	1	0	1	0	1	1	1	0	1	1	0	0	0	1	0	1	0	1	1	1
Mp2g19380	neg	0	0	0	0	0	0	0	0	0	0	0	0	0	1	1	1	0	1	1	0	0	1	1	1	1	1	1
Mp2g19530	neg	0	0	0	0	0	0	0	0	0	1	0	0	1	0	1	0	0	0	1	0	1	0	0	0	0	0	0
Mp2g20330	neg	0	0	0	0	1	1	0	0	1	1	0	0	1	0	0	0	0	1	1	0	0	1	1	0	0	1	1
Mp2g21550	neg	0	0	0	0	1	1	0	0	0	1	1	0	0	0	1	1	0	1	0	1	0	0	0	0	0	1	0
Mp2g22180	neg	0	1	0	0	0	0	0	0	0	1	0	0	0	0	0	1	0	0	0	0	1	1	0	0	0	0	0
Mp2g22520	neg	0	0	0	0	0	0	0	0	0	0	0	1	0	0	1	0	0	0	0	0	0	1	0	0	1	0	1
Mp2g22670	neg	0	0	0	0	1	1	1	0	1	1	1	1	1	0	0	1	0	1	1	0	1	0	0	1	0	0	1
Mp2g22810	neg	0	0	0	0	0	1	0	0	1	0	0	0	0	0	0	1	0	0	0	0	0	0	0	1	0	0	0
Mp2g23020	neg	0	1	0	0	0	0	0	1	0	0	0	0	0	0	1	0	0	0	0	0	0	0	1	0	0	0	0
Mp2g23110	neg	0	1	0	0	0	0	1	1	0	0	1	1	1	0	1	1	0	1	1	0	0	0	1	0	0	0	1
Mp2g23560	neg	0	0	0	0	0	0	0	1	0	0	0	0	0	0	0	1	0	0	0	0	0	0	1	1	0	0	1
Mp2g23810	neg	0	1	0	0	1	0	0	0	0	1	0	1	0	0	0	1	1	0	0	0	0	0	1	0	0	0	0
Mp2g23970	neg	0	0	0	0	1	0	1	1	0	0	0	0	1	0	0	0	1	0	0	0	0	0	0	0	0	0	1
Mp2g24040	neg	1	1	0	1	0	0	1	0	0	1	0	0	1	0	1	1	1	0	0	0	0	0	0	0	0	0	1
Mp2g24400	neg	0	0	0	0	1	0	1	1	0	0	0	0	0	0	0	1	0	0	0	0	1	0	0	0	1	0	0
Mp2g24450	neg	0	0	0	0	0	0	1	0	0	0	0	1	0	0	0	0	0	0	1	0	0	0	0	0	1	0	0
Mp2g24510	neg	0	0	0	0	1	0	0	0	0	1	1	0	0	0	1	1	1	1	1	1	0	1	0	0	1	0	0
Mp2g25220	neg	0	0	0	0	0	0	1	0	0	0	0	0	0	0	0	0	1	0	0	0	0	0	0	1	0	0	0
Mp2g25560	neg	0	1	0	0	1	1	1	1	0	1	0	0	0	0	0	1	0	1	0	0	1	0	0	1	1	0	1
Mp2g25870	neg	0	0	0	0	1	0	1	1	0	0	0	0	1	0	0	1	0	1	0	0	0	1	1	1	1	0	1
Mp2g26220	neg	1	0	0	0	0	1	1	1	0	1	0	1	1	1	0	1	1	0	0	0	0	1	0	0	1	0	1
Mp2g26730	neg	0	1	0	0	0	0	1	0	0	0	1	0	0	0	0	1	1	0	1	0	0	1	0	0	1	0	1
Mp3g00550	neg	1	1	0	0	1	0	1	1	0	1	1	0	1	0	0	0	1	0	1	0	1	1	1	0	0	0	1
Mp3g00600	neg	1	0	0	0	0	1	1	1	1	1	0	1	0	0	1	1	1	0	1	0	0	0	0	1	1	0	0
Mp3g00650	neg	0	1	0	0	0	0	0	0	0	0	0	0	1	1	1	0	1	1	0	0	0	0	1	0	0	0	0
Mp3g01040	neg	1	0	0	0	0	0	1	0	0	0	1	1	1	0	1	0	1	0	1	0	1	1	0	0	0	0	0
Mp3g01080	neg	0	0	0	0	1	0	0	0	0	0	0	1	1	0	1	1	0	0	0	0	0	0	1	0	0	0	1
Mp3g01230	neg	0	0	0	0	0	0	1	1	0	1	0	1	0	0	0	1	0	1	1	0	0	1	0	0	0	0	0
Mp3g02490	neg	0	0	0	0	0	0	1	1	0	0	1	0	0	0	0	0	0	0	0	0	1	1	0	0	0	0	0
Mp3g02570	neg	0	0	0	0	1	0	0	1	0	1	1	0	0	0	1	1	0	1	1	0	0	1	0	0	0	1	0
Mp3g03710	neg	0	0	0	0	0	0	0	0	1	0	0	1	1	0	0	1	1	0	0	0	0	1	0	0	0	0	1
Mp3g04100	neg	0	1	0	0	1	0	0	0	0	0	0	0	0	0	1	1	0	0	0	0	1	1	0	0	0	0	1
Mp3g04750	neg	0	1	0	0	1	0	1	1	0	0	1	1	0	0	0	1	1	0	1	0	0	1	0	0	1	1	1
Mp3g04800	neg	0	1	0	0	1	0	0	0	0	1	1	0	0	0	1	1	0	0	1	0	0	1	0	0	1	0	0
Mp3g06130	neg	0	1	0	0	1	0	1	0	0	0	0	0	0	0	0	1	0	0	1	0	1	0	1	0	1	0	0
Mp3g06940	neg	1	0	0	0	0	1	0	0	0	0	0	0	0	1	0	0	0	0	0	0	0	1	1	1	0	0	1
Mp3g07010	neg	0	1	0	0	1	0	0	0	0	0	0	1	0	0	0	1	0	1	0	0	0	0	0	0	0	0	0
Mp3g07040	neg	0	0	0	0	1	0	1	1	0	1	0	0	1	1	0	1	0	0	0	1	1	1	1	0	0	0	0
Mp3g07100	neg	0	0	0	0	0	0	0	0	0	0	0	0	1	0	0	1	0	1	0	0	0	1	1	0	0	0	0
Mp3g07480	neg	0	0	0	0	1	0	1	1	0	1	0	0	0	0	1	1	1	0	0	0	0	0	0	1	0	0	0
Mp3g07870	neg	0	1	0	0	1	0	0	1	0	0	1	1	0	1	1	1	1	1	0	0	0	1	0	0	1	0	1
Mp3g08120	neg	0	0	0	0	0	0	0	0	0	0	0	0	1	0	0	1	0	0	1	0	0	0	0	0	0	0	0
Mp3g08520	neg	0	1	0	0	0	0	1	1	0	0	0	0	1	0	0	0	0	0	0	0	1	0	1	0	0	0	0
Mp3g08890	neg	0	0	0	0	0	0	0	1	0	0	0	1	0	0	1	1	1	1	0	0	1	1	0	1	0	0	0
Mp3g09000	neg	0	1	0	0	0	0	0	0	0	0	0	0	0	0	1	1	1	0	0	0	0	1	0	1	1	0	1
Mp3g09070	neg	0	0	0	0	0	0	1	0	0	1	1	1	1	1	1	0	1	0	0	0	0	1	0	0	0	0	1
Mp3g09390	neg	0	0	0	0	0	0	1	0	0	1	0	0	1	0	0	1	1	1	1	0	0	0	1	0	0	0	1
Mp3g09460	neg	0	0	0	0	1	0	0	1	1	0	1	0	0	0	1	1	0	0	1	0	1	0	1	0	0	0	0
Mp3g09840	neg	0	0	0	0	1	0	1	0	0	1	0	0	0	0	1	1	0	1	1	0	0	0	1	0	0	0	0
Mp3g10030	neg	0	1	0	0	1	0	0	1	0	0	1	0	1	0	0	0	0	1	0	0	0	0	1	0	1	0	1
Mp3g10170	neg	0	0	0	0	1	0	0	0	0	0	1	0	1	0	0	1	1	0	0	0	0	0	0	1	0	0	0
Mp3g10540	neg	0	1	0	0	0	1	1	0	0	0	0	0	0	0	0	0	0	0	0	0	0	0	0	0	0	0	1
Mp3g11650	neg	0	1	0	0	1	1	0	0	0	0	0	0	0	1	0	1	0	1	1	0	0	1	1	0	1	0	0
Mp3g12050	neg	1	1	0	0	1	0	1	1	1	1	0	0	1	1	0	1	1	0	0	0	0	1	0	1	0	0	1
Mp3g12200	neg	0	0	0	0	1	1	0	0	0	0	0	0	0	1	0	0	1	0	0	0	0	0	0	0	0	0	1
Mp3g12590	neg	0	0	0	0	1	1	0	0	0	0	0	0	1	1	1	1	0	0	0	0	0	1	0	0	1	0	0
Mp3g12870	neg	0	1	0	0	1	0	0	0	1	0	1	0	0	0	1	1	0	1	0	0	0	0	1	0	0	0	1
Mp3g13360	neg	1	0	0	0	1	0	1	0	0	0	0	1	0	1	0	0	1	0	0	0	0	1	0	0	1	0	1
Mp3g14020	neg	0	1	0	0	1	0	0	0	1	0	0	0	0	0	0	1	0	0	0	1	0	1	0	0	0	0	1
Mp3g14160	neg	1	0	0	0	1	1	0	1	0	1	1	0	1	0	1	0	0	1	1	0	0	0	0	1	0	1	1
Mp3g15030	neg	0	1	0	0	0	1	1	0	0	1	0	1	1	1	0	1	0	1	0	0	1	0	1	0	0	0	0
Mp3g15130	neg	1	0	0	0	0	1	1	0	0	0	0	0	1	1	0	1	0	0	0	1	0	1	0	0	1	1	0
Mp3g15620	neg	0	0	0	0	0	0	1	0	0	1	1	0	1	0	0	1	0	0	1	0	1	0	0	0	1	0	1
Mp3g15860	neg	0	1	0	0	1	0	0	0	0	1	0	1	1	0	0	1	1	0	1	1	1	0	0	0	0	0	0
Mp3g15900	neg	1	1	0	0	0	0	1	1	1	1	0	0	0	0	1	1	1	0	0	0	1	0	1	0	0	0	1
Mp3g16250	neg	0	1	0	0	1	0	0	1	1	1	0	1	0	0	1	1	0	1	0	0	1	1	0	0	1	1	0
Mp3g16920	neg	0	1	0	0	1	0	0	0	0	0	0	1	0	0	1	0	1	1	1	0	0	1	1	0	0	0	1
Mp3g17190	neg	0	0	0	1	0	1	1	0	0	1	0	1	0	0	0	1	0	1	0	0	0	0	0	0	0	0	0
Mp3g17410	neg	0	0	0	0	0	0	0	1	0	0	1	0	0	1	0	1	0	0	0	1	1	0	0	0	0	0	0
Mp3g17820	neg	0	0	0	0	0	0	1	0	0	0	0	0	0	0	0	1	0	0	0	0	1	0	0	0	0	0	1
Mp3g18250	neg	0	0	0	0	1	0	1	0	0	1	0	0	0	0	1	1	0	0	0	0	0	0	1	0	0	0	1
Mp3g19130	neg	1	0	0	0	1	0	0	0	0	1	0	1	0	0	0	0	0	0	0	0	0	0	1	0	0	0	1
Mp3g20500	neg	0	0	0	0	0	1	0	1	0	0	0	1	0	0	0	0	0	0	0	0	0	0	1	0	1	0	0
Mp3g20790	neg	0	0	0	0	0	1	1	1	0	1	1	0	1	0	0	1	0	0	0	0	1	0	1	1	0	0	1
Mp3g20850	neg	0	1	0	0	0	0	0	1	0	0	0	0	1	1	0	0	0	0	0	0	1	1	1	0	0	0	0
Mp3g22890	neg	0	1	0	0	0	0	1	0	1	1	0	1	0	0	0	1	0	0	1	0	0	0	0	1	1	1	1
Mp3g23100	neg	0	0	0	0	0	0	1	0	0	0	0	1	1	0	1	1	0	0	0	0	1	1	1	1	1	0	0
Mp3g23240	neg	0	0	0	0	0	0	0	1	0	0	0	0	0	0	0	1	0	0	1	0	0	0	1	0	0	0	0
Mp3g23580	neg	0	0	0	0	0	0	0	1	0	1	0	0	0	1	0	1	1	1	1	0	0	1	0	0	1	1	0
Mp3g23600	neg	0	1	0	0	0	0	0	1	0	0	0	1	1	0	0	1	1	0	1	0	0	1	0	0	0	1	0
Mp3g23950	neg	0	0	0	0	1	0	1	1	0	1	0	0	1	0	0	1	0	0	0	1	0	0	1	0	1	1	1
Mp3g24660	neg	0	0	0	0	0	0	1	0	0	0	0	0	0	0	0	0	0	1	0	0	0	0	0	0	1	0	0
Mp3g24890	neg	1	0	0	0	1	1	1	1	1	1	0	1	1	0	0	1	0	1	1	0	0	0	0	0	1	0	1
Mp3g24990	neg	0	0	0	0	1	0	0	0	1	1	0	1	0	0	0	1	1	0	1	0	0	0	0	0	1	0	0
Mp3g25280	neg	0	0	0	0	1	0	0	0	0	0	0	0	0	0	1	1	1	1	0	0	1	0	1	0	0	0	0
Mp4g00850	neg	0	0	0	0	0	0	0	0	1	1	1	1	0	0	0	1	0	1	1	0	0	0	0	1	0	0	0
Mp4g01040	neg	1	1	0	0	1	0	1	0	1	0	0	0	1	0	1	1	1	0	1	1	0	0	0	0	0	1	0
Mp4g01250	neg	0	0	0	0	0	0	0	1	0	0	0	1	0	1	0	1	0	0	0	0	0	1	0	0	0	0	0
Mp4g01270	neg	0	0	0	0	1	0	1	0	0	0	1	0	0	0	0	1	1	0	1	0	0	0	0	0	0	0	1
Mp4g01350	neg	0	1	0	0	1	0	0	1	0	1	0	1	1	0	1	1	0	0	0	0	0	1	0	0	0	0	1
Mp4g02350	neg	0	0	0	0	1	0	0	0	0	1	0	0	0	1	1	1	0	1	0	0	1	1	1	0	0	0	1
Mp4g02900	neg	0	1	0	0	1	0	1	0	0	0	0	0	0	1	1	0	0	0	0	0	0	1	1	1	0	0	1
Mp4g03450	neg	0	1	0	0	0	0	0	1	0	0	1	0	0	0	0	1	0	1	1	0	0	0	0	0	0	0	0
Mp4g03610	neg	1	0	0	0	1	1	0	0	0	1	0	0	0	1	0	1	0	1	0	0	0	0	1	1	1	0	0
Mp4g03720	neg	0	1	0	0	0	0	1	1	0	1	0	0	0	0	1	0	0	0	1	0	0	0	1	0	1	0	1
Mp4g04260	neg	0	0	0	0	1	0	1	1	0	0	0	1	0	0	1	1	1	0	1	0	0	0	0	0	0	0	1
Mp4g04390	neg	0	0	0	0	1	0	0	1	1	0	0	0	1	1	0	1	1	0	1	0	0	0	1	0	1	0	0
Mp4g04400	neg	0	1	0	0	0	0	0	1	0	1	0	0	1	0	1	1	0	0	0	1	1	0	1	0	0	0	1
Mp4g04550	neg	1	1	0	0	0	0	1	0	1	1	0	1	0	1	1	0	1	1	1	0	0	1	0	1	1	1	0
Mp4g04620	neg	0	0	0	0	1	0	1	0	1	0	1	0	0	1	0	1	0	1	1	0	0	1	0	1	0	0	1
Mp4g04710	neg	1	0	0	0	0	0	0	0	0	0	0	1	0	0	0	0	1	1	0	0	0	0	0	1	0	0	1
Mp4g05250	neg	1	0	0	0	0	0	0	0	0	0	0	1	0	0	1	1	1	0	0	0	0	0	1	1	0	0	1
Mp4g05380	neg	0	0	0	0	0	0	0	0	0	0	0	0	0	0	0	1	1	0	1	0	0	1	1	1	0	0	0
Mp4g05880	neg	0	0	0	0	1	1	1	0	0	0	0	1	1	0	1	1	1	0	0	0	0	1	0	0	0	1	0
Mp4g06110	neg	0	1	0	0	1	0	1	0	1	1	0	1	1	0	1	1	0	1	1	0	1	0	1	1	0	0	0
Mp4g07210	neg	0	0	0	0	0	0	1	0	0	0	0	1	0	0	0	0	0	0	0	0	0	1	1	0	1	0	1
Mp4g07940	neg	0	0	0	0	0	0	0	0	0	1	0	1	1	1	0	0	1	0	0	0	1	0	0	0	0	1	1
Mp4g08260	neg	0	0	0	0	0	0	0	1	0	0	0	0	1	0	1	0	0	1	0	0	0	1	0	0	1	0	0
Mp4g08930	neg	0	1	0	0	1	1	1	1	1	0	0	0	1	0	0	1	0	0	0	0	0	0	1	1	0	0	0
Mp4g09710	neg	0	1	0	0	0	0	0	0	0	1	1	0	0	0	1	1	0	1	0	0	0	1	1	0	0	0	1
Mp4g10100	neg	0	1	0	0	1	0	0	1	0	0	0	1	0	1	0	0	0	0	1	0	1	0	0	0	1	0	0
Mp4g10220	neg	0	1	0	0	0	1	1	0	0	0	0	1	0	0	1	0	0	0	0	0	0	0	1	0	0	0	0
Mp4g10240	neg	0	0	0	0	1	0	0	1	0	1	1	0	0	0	1	0	0	1	0	0	0	1	1	0	1	0	1
Mp4g11030	neg	0	1	0	0	0	0	0	0	0	1	0	1	0	0	1	0	1	1	1	0	1	1	0	0	1	0	0
Mp4g11560	neg	1	0	1	0	1	1	1	0	0	0	0	0	1	1	1	1	1	1	1	0	1	0	0	0	0	0	0
Mp4g12580	neg	0	1	0	0	0	0	0	1	0	0	0	0	0	0	0	1	0	0	0	0	0	0	1	0	1	0	1
Mp4g12650	neg	0	0	0	0	0	0	0	1	1	0	0	1	0	0	1	1	0	0	1	0	0	1	0	0	0	0	1
Mp4g12780	neg	0	0	0	0	0	1	0	0	0	0	0	0	0	0	0	0	1	0	0	0	0	1	0	0	0	0	1
Mp4g12910	neg	0	0	0	0	0	0	0	0	0	0	0	0	0	0	1	1	1	1	0	0	0	1	1	0	0	0	0
Mp4g13000	neg	0	1	0	0	0	0	0	0	0	0	0	1	1	1	1	0	0	0	0	0	0	1	1	0	1	0	1
Mp4g13140	neg	0	1	0	0	1	0	1	1	1	0	0	0	1	1	1	1	0	1	0	0	0	0	1	0	0	0	1
Mp4g13270	neg	1	0	0	0	1	0	0	0	0	0	1	0	0	0	0	1	0	0	0	0	0	0	0	0	0	0	1
Mp4g13740	neg	0	0	0	0	0	0	0	1	1	1	1	1	1	0	1	1	1	1	1	0	0	0	1	1	1	0	1
Mp4g13860	neg	0	0	0	0	1	0	1	0	1	1	0	0	1	0	0	1	1	1	0	1	0	0	0	0	0	0	1
Mp4g14000	neg	0	0	0	0	1	0	0	0	1	1	0	1	0	0	1	1	1	1	1	0	1	0	0	1	0	0	0
Mp4g14030	neg	0	0	1	0	1	0	0	1	0	0	0	0	0	0	1	1	0	0	0	0	0	1	1	1	0	0	1
Mp4g14050	neg	1	0	0	0	1	0	1	0	0	0	0	0	1	1	0	0	1	1	0	0	0	1	0	1	1	0	1
Mp4g14470	neg	0	1	0	0	1	0	1	1	0	1	0	0	1	0	1	1	1	1	1	0	0	1	1	0	1	0	1
Mp4g15150	neg	0	1	0	0	1	0	0	0	0	0	0	0	1	0	0	0	0	0	1	0	0	0	1	1	0	0	0
Mp4g15900	neg	0	1	0	0	1	1	1	0	0	0	0	0	1	1	1	0	1	0	0	0	0	1	1	0	0	1	0
Mp4g17010	neg	0	0	0	0	0	0	0	1	0	0	0	1	0	1	1	1	0	0	1	0	0	1	0	0	0	0	0
Mp4g17030	neg	0	1	0	0	0	0	1	0	0	0	1	0	1	1	0	1	1	0	0	1	0	0	1	1	0	0	0
Mp4g17040	neg	1	1	0	0	0	0	1	1	0	1	0	0	0	0	1	0	1	0	0	0	0	0	1	0	1	0	1
Mp4g18390	neg	0	1	0	0	1	1	0	0	0	1	0	0	1	1	0	1	0	0	1	0	0	1	1	1	1	1	0
Mp4g19270	neg	0	1	0	0	1	0	0	1	0	0	1	0	0	0	0	0	0	0	0	0	0	1	1	0	0	0	0
Mp4g19350	neg	0	1	0	0	0	0	0	1	0	0	1	1	0	0	0	1	0	0	0	0	1	0	0	1	1	0	1
Mp4g20550	neg	0	0	0	0	1	0	0	0	0	0	0	0	0	0	0	1	1	1	0	0	0	1	0	0	0	0	1
Mp4g20560	neg	0	0	0	0	1	0	0	0	0	0	1	0	0	0	0	0	0	0	0	0	1	0	0	0	0	0	1
Mp4g20830	neg	0	0	0	0	0	1	0	0	1	0	1	0	0	0	0	1	0	1	1	0	0	0	1	0	0	1	0
Mp4g21130	neg	1	0	0	0	1	0	0	0	1	0	0	1	0	0	1	1	0	1	1	0	0	1	0	0	0	0	0
Mp4g21390	neg	0	1	0	0	1	0	0	1	1	1	1	1	1	0	1	0	1	0	0	0	1	0	0	0	1	0	0
Mp4g21780	neg	0	1	0	0	1	0	0	1	0	0	1	1	1	1	0	0	0	0	1	0	0	0	1	1	0	0	0
Mp4g22030	neg	1	0	0	0	0	0	1	1	0	0	0	1	0	0	0	0	0	0	0	1	0	0	1	1	1	1	0
Mp4g22190	neg	0	0	0	0	1	0	1	1	0	0	0	0	1	1	0	1	0	1	1	1	0	0	0	0	1	0	0
Mp4g23300	neg	1	0	0	0	0	0	0	0	0	1	0	0	1	1	0	0	0	1	0	0	0	1	1	0	0	1	0
Mp4g23810	neg	0	0	0	0	0	0	0	0	0	1	1	0	1	1	0	0	1	0	0	0	1	1	0	0	1	1	0
Mp4g24100	neg	0	0	0	0	0	0	0	1	0	0	0	0	0	0	0	0	0	0	0	0	0	0	0	0	0	0	0
Mp5g00670	neg	1	1	0	0	0	0	0	1	0	0	0	0	1	0	0	1	0	0	0	0	0	1	1	1	0	0	0
Mp5g01420	neg	1	0	0	0	1	0	1	0	0	0	0	1	1	0	0	0	0	0	0	0	1	1	1	0	0	0	0
Mp5g03740	neg	0	1	0	0	1	0	1	1	0	0	0	1	1	1	0	1	1	0	0	0	0	0	1	1	1	1	1
Mp5g03840	neg	0	0	0	0	1	0	1	0	0	1	0	0	1	0	0	1	0	0	0	0	0	0	0	0	0	0	0
Mp5g03870	neg	0	0	0	0	1	0	0	0	1	0	0	1	0	0	1	0	1	1	1	0	0	1	1	0	1	0	1
Mp5g05250	neg	1	1	0	0	1	0	1	0	0	0	0	1	0	0	1	1	0	0	1	0	0	1	1	1	1	0	1
Mp5g05850	neg	0	1	0	0	1	0	0	0	0	1	1	0	1	1	1	0	1	0	0	0	0	0	1	0	0	0	1
Mp5g05920	neg	0	1	0	0	0	0	0	1	0	1	0	1	1	1	0	1	0	0	0	0	0	0	0	0	1	0	0
Mp5g05950	neg	0	1	0	0	0	0	0	0	0	1	0	0	0	0	1	0	1	0	0	0	0	0	0	0	1	0	1
Mp5g06160	neg	0	0	0	0	1	0	1	1	0	0	1	1	0	0	0	1	1	0	1	0	1	1	0	0	0	0	0
Mp5g06430	neg	0	0	0	0	0	0	1	1	0	1	0	0	0	0	0	0	0	0	0	0	1	0	1	0	0	0	1
Mp5g06770	neg	0	0	0	0	1	0	0	0	0	0	0	0	0	1	1	0	0	0	1	0	0	0	1	0	1	0	0
Mp5g07690	neg	1	0	0	0	1	0	1	0	0	1	0	1	1	1	0	0	0	0	0	0	0	0	0	0	0	0	1
Mp5g07770	neg	1	0	0	0	1	0	1	0	0	0	0	0	1	0	1	0	0	0	1	0	1	0	1	1	0	0	0
Mp5g08150	neg	0	1	0	0	1	0	0	1	0	0	0	0	0	0	0	1	0	1	0	0	0	0	1	0	0	0	0
Mp5g08280	neg	0	0	0	0	1	0	0	0	0	0	0	0	1	1	1	1	1	1	1	0	0	1	0	0	1	0	0
Mp5g08480	neg	1	0	0	0	1	0	0	0	0	0	0	0	0	1	0	0	1	0	1	0	0	0	0	1	1	0	1
Mp5g08510	neg	0	0	0	0	0	0	1	0	0	1	1	0	0	1	0	1	1	1	0	0	0	1	0	0	0	0	0
Mp5g09490	neg	0	0	0	0	1	0	0	0	0	1	0	1	0	0	1	0	0	1	1	0	0	0	1	0	0	1	0
Mp5g09980	neg	0	0	1	0	1	0	0	1	0	0	0	1	0	0	1	0	0	0	1	0	0	1	1	0	0	0	0
Mp5g10150	neg	0	0	0	0	0	1	1	1	0	1	0	0	1	0	0	1	0	0	0	0	1	1	0	0	0	0	0
Mp5g10330	neg	0	1	0	0	0	0	0	0	1	0	0	0	1	1	0	1	1	1	1	0	1	1	0	1	1	1	0
Mp5g11100	neg	0	0	0	0	0	0	0	0	0	0	0	0	0	1	0	0	1	0	0	0	1	0	0	0	0	0	0
Mp5g11590	neg	0	0	0	0	0	0	0	0	0	1	0	0	0	0	0	1	1	0	0	0	1	0	1	1	0	0	0
Mp5g11600	neg	1	0	0	0	0	0	0	0	0	0	0	1	1	0	0	1	0	0	1	0	1	1	1	0	1	0	1
Mp5g12620	neg	0	0	0	0	0	0	0	0	1	1	1	0	1	0	0	1	1	0	1	0	0	0	1	0	0	0	1
Mp5g12670	neg	0	0	0	0	0	0	0	0	0	1	0	1	0	0	0	1	0	0	0	0	0	0	1	0	1	0	1
Mp5g12790	neg	0	0	0	0	1	0	0	0	0	0	1	1	0	0	1	0	1	0	1	0	0	0	1	0	1	0	1
Mp5g13180	neg	0	0	0	0	0	0	0	0	0	1	0	0	0	0	0	1	0	0	0	0	0	0	1	0	0	0	0
Mp5g13270	neg	0	0	0	0	0	0	1	0	0	1	0	0	0	0	0	0	0	0	0	0	1	0	1	0	1	0	1
Mp5g13500	neg	0	0	0	0	1	1	1	0	1	1	0	0	1	1	1	0	1	0	0	0	1	1	1	0	0	1	1
Mp5g13570	neg	0	1	0	0	1	0	1	0	0	1	0	1	0	0	0	1	1	0	1	0	0	0	0	0	0	1	1
Mp5g14610	neg	0	1	0	0	1	0	1	0	0	0	0	0	0	0	1	0	0	0	1	0	1	1	0	0	1	1	0
Mp5g14850	neg	0	0	0	0	1	0	0	0	0	0	0	1	1	0	1	0	1	0	0	0	0	0	0	0	0	0	1
Mp5g15020	neg	1	0	0	0	1	0	0	1	1	0	0	0	1	1	0	1	0	0	1	0	1	1	1	0	0	0	1
Mp5g15760	neg	1	0	0	0	0	0	0	0	0	0	0	1	0	1	0	0	0	0	0	0	0	0	0	0	0	0	0
Mp5g15830	neg	0	0	0	0	1	0	0	1	0	0	0	0	0	0	0	0	0	0	0	1	0	0	0	0	0	0	1
Mp5g17680	neg	0	0	0	0	0	0	1	0	0	0	1	0	1	0	1	0	0	1	0	0	0	0	1	0	1	1	0
Mp5g17800	neg	1	0	0	0	1	0	0	0	1	1	0	1	0	0	1	0	1	0	1	0	1	0	0	0	1	0	1
Mp5g18800	neg	0	1	0	0	1	0	1	1	0	0	0	1	0	1	1	1	1	0	0	0	1	0	1	1	0	1	0
Mp5g18950	neg	1	1	0	0	0	0	0	0	0	1	0	0	0	0	0	0	0	1	0	0	0	0	0	0	0	0	1
Mp5g19280	neg	1	0	0	0	1	0	1	0	0	0	0	1	0	0	1	0	0	0	0	0	0	0	1	0	0	0	0
Mp5g20370	neg	0	1	0	0	0	0	0	0	0	1	0	0	0	1	0	1	1	0	1	0	1	0	1	1	0	1	1
Mp5g20550	neg	0	0	0	0	1	0	0	1	0	0	0	1	0	0	0	0	0	0	0	0	1	0	0	0	1	0	0
Mp5g20920	neg	0	0	0	0	1	0	1	0	0	1	0	1	1	0	0	1	1	0	1	1	0	0	1	1	1	0	0
Mp5g20960	neg	1	1	0	0	1	0	0	1	0	1	0	0	0	1	1	1	1	0	0	0	1	0	0	0	0	0	1
Mp5g21270	neg	0	0	0	0	0	0	1	1	0	0	0	1	1	1	0	0	1	0	0	0	1	0	0	1	0	0	0
Mp5g21320	neg	0	0	0	0	0	0	0	1	1	0	0	1	0	0	0	1	0	1	1	0	0	0	0	1	0	0	1
Mp5g21520	neg	0	0	0	0	0	0	0	1	0	1	0	0	0	0	0	0	1	0	1	0	0	1	1	0	1	0	1
Mp5g21990	neg	0	1	0	0	0	1	1	1	0	0	0	0	0	0	1	1	1	0	1	0	0	0	0	1	1	0	1
Mp5g22660	neg	0	0	0	0	0	0	0	1	0	0	0	1	0	1	1	1	1	0	1	0	0	1	0	0	0	0	1
Mp5g23530	neg	0	1	0	0	1	0	0	0	0	1	0	0	1	0	0	0	1	0	0	0	1	0	0	1	0	1	1
Mp5g23720	neg	0	0	0	0	0	0	0	1	1	1	0	0	0	0	0	0	0	0	0	0	0	0	0	0	0	0	1
Mp5g24520	neg	0	0	0	0	0	0	1	0	0	1	0	0	0	1	0	1	0	0	0	0	0	0	0	0	1	0	0
Mp6g00190	neg	0	0	0	0	0	0	1	0	0	0	0	0	0	0	1	0	0	1	1	0	0	0	0	0	0	0	0
Mp6g00260	neg	0	1	0	0	1	1	0	0	0	0	0	1	0	0	0	0	0	0	1	1	0	0	1	0	0	1	0
Mp6g01020	neg	0	1	0	0	1	0	1	0	0	1	0	0	0	0	0	1	0	1	1	0	0	1	0	0	0	1	1
Mp6g01480	neg	1	1	0	0	0	0	1	1	0	1	0	1	0	0	0	1	0	0	1	0	0	0	1	0	0	1	1
Mp6g01750	neg	0	1	0	0	1	0	0	0	0	0	0	0	1	1	1	1	0	0	0	0	0	1	1	0	0	1	1
Mp6g02090	neg	1	1	0	0	0	0	1	0	0	0	1	0	0	0	0	1	0	0	1	1	0	1	1	0	0	0	1
Mp6g02710	neg	0	0	0	0	0	0	0	0	0	0	1	1	0	0	0	0	1	0	1	0	1	1	1	0	0	0	0
Mp6g03580	neg	0	0	0	0	0	1	0	1	0	0	0	1	0	0	1	0	0	0	1	0	0	0	1	0	0	0	1
Mp6g04320	neg	0	0	0	0	0	0	0	0	1	0	0	0	0	0	1	1	1	0	0	0	0	0	0	0	0	0	0
Mp6g04570	neg	0	0	0	0	1	0	0	0	0	0	1	1	1	1	0	0	1	0	0	1	1	0	1	0	0	1	1
Mp6g05160	neg	0	1	0	0	1	0	0	0	0	1	1	0	0	0	1	0	1	0	1	0	0	0	0	0	0	0	0
Mp6g05290	neg	0	0	0	0	0	1	0	1	0	1	1	1	1	0	0	1	0	1	1	0	0	1	0	1	0	1	1
Mp6g05630	neg	0	0	0	0	0	0	1	0	0	1	1	1	0	0	1	0	1	0	0	0	1	0	0	0	0	0	0
Mp6g05780	neg	1	1	0	0	1	1	1	1	0	0	0	0	0	0	0	1	0	0	1	0	0	0	0	0	1	0	1
Mp6g05870	neg	1	1	0	1	1	0	1	0	0	1	0	1	1	1	0	1	1	1	0	0	0	0	0	1	0	0	0
Mp6g06040	neg	0	0	0	0	0	0	1	0	0	0	0	0	1	0	0	0	0	0	1	0	1	0	0	0	0	0	0
Mp6g06500	neg	1	0	0	0	1	0	1	0	0	1	0	1	1	0	1	1	1	1	0	1	0	1	1	0	0	0	0
Mp6g06650	neg	0	1	0	0	0	0	1	1	0	0	0	0	1	0	0	0	0	0	0	1	1	1	0	0	0	0	0
Mp6g06820	neg	0	1	0	0	0	0	0	1	1	0	0	0	1	0	0	1	1	0	1	0	1	0	1	0	0	0	0
Mp6g07180	neg	0	0	0	0	0	0	0	0	0	0	1	0	1	1	1	1	0	0	1	0	1	1	0	1	0	0	1
Mp6g07320	neg	1	0	0	0	1	0	1	1	0	1	0	1	0	1	0	0	0	0	1	0	0	0	1	0	1	0	1
Mp6g07650	neg	0	1	0	0	1	1	1	1	0	1	0	1	0	1	1	1	1	1	0	0	1	0	0	0	0	0	1
Mp6g07990	neg	1	0	0	0	0	0	0	0	1	1	0	0	0	0	0	0	1	0	1	0	0	1	1	0	1	0	1
Mp6g08130	neg	0	0	0	0	0	0	1	0	0	0	0	0	0	0	1	0	0	0	0	0	0	0	0	0	0	0	1
Mp6g09640	neg	0	0	0	0	1	1	0	0	0	0	1	0	0	0	1	1	1	1	0	0	1	0	1	0	1	1	1
Mp6g09660	neg	0	1	0	0	0	0	0	1	0	0	0	0	0	1	0	1	0	0	0	0	1	1	1	0	1	0	1
Mp6g09860	neg	0	1	0	0	1	0	1	0	0	1	1	1	1	0	1	1	0	1	1	0	0	0	0	0	0	0	1
Mp6g10260	neg	1	1	0	0	1	0	0	1	0	1	0	1	0	0	1	1	1	1	1	0	0	0	0	0	1	0	0
Mp6g10290	neg	0	0	0	0	1	0	0	0	0	0	0	0	0	0	1	1	0	1	0	0	1	0	0	0	0	0	0
Mp6g10490	neg	0	0	0	0	1	0	0	1	0	0	1	1	0	0	1	1	0	0	1	0	0	0	0	0	1	0	0
Mp6g10560	neg	0	0	0	0	1	0	0	0	0	0	1	0	1	0	1	0	0	0	0	0	1	1	0	0	0	0	0
Mp6g10910	neg	1	1	0	0	0	1	1	0	0	0	0	0	1	1	1	0	0	1	1	0	1	0	0	0	0	0	0
Mp6g11010	neg	0	0	0	0	1	0	0	1	0	1	0	1	0	0	1	1	0	0	1	0	1	0	0	0	0	0	0
Mp6g11170	neg	0	0	0	0	0	0	1	0	1	0	0	0	0	0	1	1	1	1	1	0	0	1	0	0	1	0	1
Mp6g12510	neg	0	1	0	0	0	0	1	0	0	0	0	0	1	0	0	0	1	0	0	1	0	1	1	0	0	0	1
Mp6g12530	neg	0	0	0	0	0	1	1	1	0	1	0	1	1	0	0	1	1	0	0	0	0	1	1	1	1	0	0
Mp6g13150	neg	0	0	0	0	1	0	0	0	1	0	0	0	1	1	1	1	1	0	0	0	0	1	0	0	1	0	0
Mp6g13250	neg	0	1	0	0	1	0	1	1	0	1	0	1	1	0	0	1	1	0	0	0	0	0	0	0	0	0	1
Mp6g13760	neg	0	0	0	0	1	0	1	0	0	1	0	0	1	1	1	0	1	0	1	0	0	1	0	0	0	0	1
Mp6g14590	neg	0	1	0	0	1	0	0	0	1	0	0	1	0	0	1	1	1	0	0	0	0	0	0	0	1	0	1
Mp6g14820	neg	1	0	0	0	1	0	1	1	0	0	0	0	0	0	0	1	0	1	0	0	0	0	0	1	1	0	1
Mp6g15040	neg	0	0	0	0	0	0	0	0	0	0	0	1	1	1	0	1	1	1	0	0	1	0	0	0	1	0	0
Mp6g15090	neg	0	1	0	0	1	0	0	0	0	0	1	1	0	0	0	1	1	0	0	1	1	0	1	0	0	0	0
Mp6g15380	neg	0	1	0	0	1	0	0	0	0	0	1	0	1	0	1	1	1	1	1	0	0	1	0	1	1	0	0
Mp6g15430	neg	0	0	0	0	0	0	0	1	0	0	0	0	1	0	0	0	0	0	0	0	1	0	0	1	0	0	0
Mp6g15600	neg	0	0	0	0	1	0	0	0	0	0	0	0	0	0	0	1	1	0	0	1	0	0	1	1	0	0	0
Mp6g15630	neg	0	1	0	0	0	0	0	0	0	0	0	0	0	0	0	0	0	0	0	0	0	0	1	0	0	0	1
Mp6g15870	neg	0	1	0	0	0	1	0	0	0	1	1	0	0	0	0	0	1	0	0	0	0	0	0	1	0	0	1
Mp6g15910	neg	0	0	0	0	0	1	0	1	0	0	0	1	1	0	0	1	1	1	1	0	0	0	1	1	1	0	0
Mp6g16350	neg	1	0	0	0	1	0	0	1	0	1	0	0	1	0	0	0	1	1	0	0	0	1	0	0	0	0	1
Mp6g16990	neg	0	1	0	0	1	0	0	0	0	0	0	1	0	0	0	0	0	1	0	0	0	0	0	0	1	1	0
Mp6g17010	neg	0	0	0	0	0	0	1	1	0	0	0	1	0	1	1	1	1	0	0	0	0	0	0	0	0	0	1
Mp6g18120	neg	0	0	0	0	1	0	0	0	0	0	0	0	0	1	1	1	1	0	0	0	1	1	0	0	0	0	1
Mp6g19200	neg	0	1	0	0	1	0	0	1	0	1	0	1	0	0	1	0	1	0	0	0	1	0	0	0	0	0	1
Mp6g19430	neg	0	0	0	0	1	0	0	1	0	0	0	0	1	1	1	1	1	1	1	0	0	0	1	1	1	1	1
Mp6g20280	neg	0	1	0	0	0	0	1	1	0	0	0	0	1	1	1	0	1	0	1	0	0	1	0	0	1	0	1
Mp6g20330	neg	0	1	0	0	1	0	0	0	0	0	0	1	1	1	0	1	1	1	1	0	0	0	1	0	0	0	1
Mp6g20740	neg	0	1	0	0	1	0	0	0	0	0	0	1	0	0	1	1	0	1	0	1	0	0	0	0	1	0	1
Mp6g20830	neg	0	0	0	0	0	0	1	1	0	1	0	0	0	0	0	1	0	0	1	0	0	1	0	0	0	1	0
Mp6g21120	neg	1	0	0	0	1	1	0	1	0	0	0	1	1	1	1	0	0	0	0	0	0	0	0	1	0	1	0
Mp6g21300	neg	0	0	0	0	1	0	1	0	0	0	1	0	0	1	0	0	0	0	0	0	0	0	0	1	0	0	1
Mp6g21530	neg	1	0	0	0	0	0	0	0	0	1	1	0	0	0	0	0	0	0	0	1	0	1	1	0	0	0	0
Mp7g00070	neg	0	1	0	0	1	0	0	0	0	0	0	0	0	0	0	0	0	0	0	0	0	0	1	1	0	0	0
Mp7g00080	neg	0	0	0	0	0	0	0	0	0	0	0	0	0	0	0	1	1	0	0	0	0	0	1	0	0	0	0
Mp7g00140	neg	0	0	0	0	0	0	0	1	0	0	0	1	0	0	0	0	0	0	0	0	0	0	1	1	1	1	0
Mp7g00530	neg	1	0	0	0	0	0	0	0	0	1	0	0	1	1	0	1	0	0	0	1	0	0	1	0	0	0	1
Mp7g01210	neg	0	0	0	0	1	0	1	0	0	0	1	1	1	0	1	0	1	0	1	1	1	0	1	0	0	0	1
Mp7g02100	neg	0	0	0	0	1	0	1	0	0	1	0	1	0	0	1	1	1	0	0	0	0	0	1	0	1	0	1
Mp7g02190	neg	0	1	0	0	0	0	1	0	0	1	0	1	1	1	0	1	1	0	0	0	0	1	0	1	1	0	0
Mp7g02380	neg	1	1	0	0	1	0	1	1	1	1	1	1	1	0	1	0	0	0	1	0	0	1	0	1	0	0	1
Mp7g02660	neg	1	1	0	0	1	0	0	0	0	1	0	1	1	0	0	1	1	0	0	0	0	1	1	0	1	1	0
Mp7g02920	neg	0	0	0	0	0	0	1	0	0	0	0	0	0	0	0	0	1	0	1	0	0	0	1	1	0	1	0
Mp7g03570	neg	0	1	0	0	1	0	0	0	0	0	1	0	0	0	0	1	1	0	0	0	0	0	0	1	0	0	1
Mp7g03630	neg	0	0	0	0	0	1	0	0	0	0	0	0	1	0	1	1	1	0	0	0	0	1	0	0	0	0	1
Mp7g06390	neg	0	0	0	0	1	0	1	1	0	0	0	0	1	0	0	1	1	0	0	0	0	0	1	0	1	0	0
Mp7g07560	neg	0	0	0	0	1	0	1	0	0	1	0	1	0	1	1	0	1	0	1	1	0	1	0	1	1	0	1
Mp7g08470	neg	1	1	0	0	1	0	0	0	0	1	0	0	0	0	1	1	1	0	0	0	0	0	0	1	1	0	1
Mp7g08860	neg	0	1	0	0	1	0	0	1	0	1	0	1	1	1	1	1	1	0	0	0	0	0	0	0	0	0	1
Mp7g08950	neg	0	0	0	0	1	0	1	0	0	1	0	1	0	0	0	1	1	0	0	0	0	0	0	1	0	0	1
Mp7g09040	neg	0	0	0	0	0	0	1	0	0	0	0	0	0	0	0	1	1	0	0	0	0	1	0	0	0	0	1
Mp7g09120	neg	0	0	0	0	1	1	0	0	0	1	1	0	0	0	1	1	0	0	0	0	0	0	1	0	1	0	1
Mp7g09520	neg	0	1	0	0	1	0	0	0	0	0	0	0	0	1	1	0	0	1	0	0	1	0	0	0	0	0	1
Mp7g09620	neg	0	0	0	0	0	0	1	0	0	1	0	1	0	0	0	0	0	0	1	0	1	1	1	0	1	0	1
Mp7g10370	neg	0	0	0	0	0	0	0	1	0	1	0	1	0	1	1	1	0	0	1	0	1	1	0	0	1	1	0
Mp7g10380	neg	0	0	0	0	0	1	0	1	0	0	0	1	1	0	1	0	0	0	1	0	0	0	0	0	0	0	1
Mp7g11060	neg	0	1	0	0	1	0	0	1	0	0	0	1	0	0	1	0	0	0	0	0	0	0	0	1	0	1	0
Mp7g11720	neg	0	0	0	0	0	0	0	0	1	0	0	1	0	0	1	1	0	0	0	0	1	1	0	0	1	0	1
Mp7g12150	neg	0	1	0	0	1	0	1	1	0	1	1	0	1	1	0	1	0	0	1	0	0	0	1	0	0	0	0
Mp7g12190	neg	0	1	0	0	0	0	0	1	0	0	0	0	1	0	1	1	0	0	1	0	1	1	0	0	0	0	1
Mp7g12280	neg	0	0	0	0	1	0	0	0	0	0	0	0	1	1	0	0	0	0	0	0	0	0	0	0	1	0	1
Mp7g12370	neg	0	0	0	0	0	0	1	0	0	0	0	0	1	1	0	1	1	0	0	0	1	0	1	0	1	0	0
Mp7g14540	neg	0	0	0	0	1	0	1	0	0	0	0	0	0	1	0	1	0	0	0	0	0	1	1	0	0	0	1
Mp7g14590	neg	0	1	0	0	0	0	1	0	0	1	0	0	0	0	0	1	0	0	1	0	0	0	0	0	0	1	0
Mp7g14610	neg	0	0	0	0	1	0	0	0	0	0	0	1	0	0	0	1	1	0	0	0	1	0	1	0	0	0	0
Mp7g15230	neg	0	0	0	0	1	0	0	1	0	0	1	0	0	1	0	1	1	1	1	0	0	1	0	0	0	0	1
Mp7g15310	neg	0	0	0	0	0	1	1	0	0	1	0	0	0	0	1	1	0	1	1	0	0	0	0	0	0	0	0
Mp7g16550	neg	0	0	0	0	0	0	1	0	0	0	0	0	0	0	0	1	0	1	1	0	0	0	0	0	0	0	1
Mp7g16910	neg	0	0	0	0	0	1	1	0	1	1	0	0	0	0	0	1	1	1	0	0	0	1	0	0	0	0	0
Mp7g17330	neg	0	0	0	0	0	0	0	0	0	1	0	0	0	0	1	0	0	0	1	1	0	0	1	0	1	0	0
Mp7g18010	neg	0	0	0	0	0	0	1	1	0	1	0	0	0	0	0	0	0	0	0	0	0	0	1	0	0	0	1
Mp7g18020	neg	0	0	0	0	0	0	0	0	0	0	0	1	0	0	0	0	0	0	0	0	0	0	0	1	0	0	0
Mp7g18300	neg	0	0	0	0	0	0	1	1	1	1	1	0	1	1	0	1	0	0	0	0	0	1	1	0	0	0	0
Mp7g18350	neg	0	0	0	0	1	0	0	0	0	0	0	1	1	1	0	1	1	0	0	0	0	0	0	0	0	0	1
Mp8g00010	neg	0	0	0	0	1	0	0	1	0	0	0	0	0	1	0	1	1	0	0	0	0	0	1	0	1	0	1
Mp8g00070	neg	0	1	0	0	0	0	0	0	0	0	0	0	0	0	1	1	0	0	0	0	0	0	1	0	0	0	1
Mp8g01300	neg	0	1	0	0	1	0	1	0	0	1	0	0	1	1	1	1	0	0	0	0	1	1	1	1	0	0	1
Mp8g01590	neg	0	1	0	0	1	0	1	1	0	1	0	0	1	0	1	0	1	0	0	0	0	0	1	0	0	0	0
Mp8g01910	neg	0	0	0	0	1	0	1	0	0	0	0	1	1	0	0	1	0	0	1	0	1	1	1	0	0	0	0
Mp8g02620	neg	0	0	1	0	0	0	1	1	1	0	0	1	1	0	0	0	1	0	1	0	0	0	1	0	0	0	1
Mp8g02980	neg	0	0	0	0	0	0	0	0	0	1	0	0	1	0	0	0	1	1	0	0	1	1	0	1	1	0	1
Mp8g03720	neg	0	0	0	0	0	0	0	0	0	1	0	1	0	0	1	0	1	0	0	0	0	1	1	0	0	0	0
Mp8g03740	neg	0	1	0	0	1	0	0	1	0	0	0	0	0	0	1	0	0	0	1	0	0	0	0	0	1	1	1
Mp8g03790	neg	0	1	0	0	1	0	0	0	0	1	0	0	0	0	0	1	1	1	1	0	0	1	1	1	0	0	1
Mp8g03860	neg	0	0	0	0	0	0	0	0	1	1	0	0	0	0	1	0	0	0	1	1	0	0	0	1	0	0	0
Mp8g04100	neg	0	0	0	0	1	0	1	1	1	1	0	1	0	0	1	1	0	0	1	0	1	1	0	0	0	0	0
Mp8g04560	neg	1	0	0	0	1	0	0	0	0	1	0	1	0	1	0	1	0	0	0	1	0	0	1	0	0	0	0
Mp8g05710	neg	1	0	0	0	1	0	0	0	0	1	0	1	1	0	0	0	0	0	1	1	0	1	1	1	1	0	1
Mp8g06250	neg	0	1	0	0	1	0	1	0	0	1	0	0	1	0	0	1	1	1	0	0	0	0	0	0	1	1	1
Mp8g06510	neg	1	0	0	0	1	1	1	0	0	1	1	0	0	0	1	1	1	0	0	0	1	1	0	0	0	0	0
Mp8g06950	neg	1	0	0	0	0	0	0	0	0	0	0	1	1	0	0	1	1	0	0	0	1	0	0	0	0	0	1
Mp8g07430	neg	0	0	0	0	0	1	0	1	0	1	1	0	0	1	1	1	0	1	0	0	0	1	0	0	0	0	1
Mp8g08350	neg	0	0	0	0	1	0	1	0	0	1	0	0	0	0	0	0	0	0	0	0	0	0	0	0	0	0	0
Mp8g08490	neg	0	1	0	0	0	0	0	0	0	0	0	0	0	0	0	0	0	0	0	0	0	1	0	0	0	0	1
Mp8g08800	neg	0	0	0	0	1	1	0	1	0	0	1	1	0	0	1	1	1	1	1	0	1	1	1	0	1	0	1
Mp8g10240	neg	0	0	0	0	1	0	1	0	0	0	0	0	0	0	0	1	0	0	0	1	0	0	0	1	0	0	0
Mp8g10280	neg	0	0	0	0	1	0	0	1	0	0	1	1	1	1	1	1	1	1	1	0	0	0	0	0	1	0	0
Mp8g11530	neg	0	0	0	0	0	0	0	0	0	0	0	1	0	0	1	1	0	0	0	0	0	1	0	0	1	0	1
Mp8g11640	neg	0	0	0	0	1	0	0	0	1	1	0	0	0	1	1	1	0	0	0	0	0	0	0	1	0	0	1
Mp8g12380	neg	0	1	0	0	1	0	0	1	0	0	0	0	0	0	0	1	0	0	0	1	0	0	1	0	0	0	1
Mp8g13280	neg	0	0	0	0	1	0	1	0	0	1	0	0	0	0	0	0	1	0	0	0	1	0	1	0	0	0	0
Mp8g13410	neg	0	1	1	0	1	0	0	1	1	0	0	1	1	1	0	1	1	0	0	0	0	1	1	0	0	1	1
Mp8g13800	neg	0	0	0	0	0	0	1	1	1	1	0	1	1	1	1	1	1	0	0	0	0	0	1	0	0	0	1
Mp8g13820	neg	0	0	0	0	0	1	1	0	0	0	0	1	1	1	1	1	0	0	1	1	1	1	0	1	0	0	1
Mp8g13860	neg	0	0	0	0	1	0	1	0	0	0	0	0	1	0	0	0	0	0	0	0	0	0	0	0	0	0	0
Mp8g14060	neg	0	0	0	0	0	0	0	0	0	0	1	0	0	0	0	1	0	0	0	0	1	1	0	1	0	1	1
Mp8g15260	neg	0	1	0	0	0	1	0	1	0	1	0	0	0	1	0	1	0	0	0	0	0	0	0	0	1	0	0
Mp8g15830	neg	0	0	0	0	1	0	0	0	0	1	1	0	0	1	1	1	1	1	0	0	1	1	1	0	1	0	1
Mp8g17600	neg	0	0	0	0	1	0	0	1	0	1	1	0	1	1	0	1	1	1	1	0	0	1	0	0	0	0	1
Mp8g18330	neg	0	0	0	0	0	1	0	0	0	0	0	0	0	0	1	1	0	1	0	0	0	0	1	0	0	0	0
Mp8g18400	neg	0	0	0	0	0	0	1	0	0	1	0	0	0	1	0	1	0	1	1	0	0	0	0	0	0	1	1
MpVg00230	neg	0	1	0	0	1	0	0	0	0	1	0	0	0	0	0	1	0	0	0	0	1	1	0	1	1	0	1
MpVg01150	neg	0	1	0	0	1	0	1	0	0	0	0	0	0	1	0	0	0	0	0	0	0	0	0	1	0	0	1
Mpzg00030	neg	0	1	0	0	1	0	0	1	0	0	0	0	1	0	0	1	1	0	0	0	0	0	0	0	0	0	1
