X	Class	AACCCC	AAGACG	AAGACGG	AATGGC	ACCCCA	ACGTTC	ACTGCC	AGACGG	AGAGGTG	AGCACCC	AGCAGC	AGCCAC	AGGGGG	AGGTCA	AGGTTC	ATCGGC	CACCCC	CAGATG	CAGTGC	CCAGCA	CCCGAA	CCCGTTCC	CCGGATCG	CCGTCTCCA	CCTCAG	CGAACG	CGACTC	CGAGAC	CGAGCA	CGAGTCC	CGCCCA	CGGCGC	CGGGGC	CGTGGC	CTCGTC	CTGGAC	GACTGC	GCATCA	GCCCCC	GCTGAA	GGTCCA	TCGGCA
Mp1g00270	pos	1	0	0	0	1	1	0	0	1	1	1	1	1	0	0	0	1	0	0	1	1	1	0	0	0	1	0	0	1	0	0	0	0	0	1	0	1	0	1	0	0	0
Mp1g01440	pos	1	0	0	1	1	1	0	0	0	0	0	0	1	0	0	0	1	1	0	0	1	0	0	0	0	0	0	1	1	0	0	0	0	1	0	0	0	1	0	0	0	1
Mp1g01950	pos	0	1	0	0	0	1	0	1	0	0	0	0	1	0	1	0	0	1	0	0	0	0	0	1	0	0	1	0	1	0	0	0	1	0	1	1	0	0	1	0	0	0
Mp1g03040	pos	0	1	0	0	1	0	0	1	0	0	1	1	0	0	0	1	1	1	0	0	0	0	0	0	1	1	1	0	0	0	0	1	1	0	1	0	0	1	0	0	0	0
Mp1g03140	pos	0	0	0	1	1	0	1	1	0	0	1	1	0	1	1	1	0	1	1	0	0	0	0	1	1	1	1	1	1	1	0	1	1	1	1	1	1	0	0	1	0	0
Mp1g03450	pos	0	1	0	0	0	0	0	1	0	0	0	0	0	0	0	0	0	1	0	1	0	0	0	0	0	1	0	0	0	0	0	0	0	0	1	0	1	1	0	0	0	0
Mp1g03780	pos	1	1	0	0	1	0	0	0	1	0	1	0	0	1	1	0	0	1	1	0	1	0	0	0	0	1	1	0	0	0	0	0	0	0	1	1	1	1	0	1	0	0
Mp1g04670	pos	1	0	0	1	0	1	1	0	0	0	1	1	0	1	0	1	0	0	1	1	1	0	0	0	0	1	0	0	1	0	0	1	1	1	0	0	1	1	0	1	0	1
Mp1g04770	pos	1	1	0	1	1	1	0	1	1	0	1	1	1	1	1	0	1	0	0	1	1	0	0	0	1	1	0	1	1	0	1	0	0	0	1	1	1	1	0	0	1	0
Mp1g04910	pos	0	1	0	0	0	1	0	1	0	0	1	0	0	0	1	0	0	0	0	0	0	0	0	1	0	1	1	1	1	0	0	1	0	1	1	1	0	1	0	0	1	1
Mp1g04940	pos	0	0	0	0	0	0	0	0	0	0	1	0	0	1	1	0	0	1	0	1	1	0	0	0	0	0	0	0	0	0	0	0	0	0	1	0	0	1	0	0	1	0
Mp1g05150	pos	1	0	0	1	0	1	1	1	0	0	1	0	1	0	1	1	0	0	1	1	1	0	0	0	1	1	1	1	1	0	1	0	0	0	1	0	1	1	0	0	0	1
Mp1g05260	pos	0	0	0	0	0	1	0	1	1	1	1	0	1	0	0	0	1	0	1	0	0	0	0	0	1	1	1	1	1	0	1	0	1	0	1	1	1	1	1	1	0	1
Mp1g06910	pos	0	1	1	1	0	0	1	1	0	0	0	0	0	1	0	1	0	1	1	1	1	0	0	0	0	1	1	1	1	0	1	0	0	0	1	1	1	0	0	1	0	0
Mp1g06930	pos	1	1	1	0	0	0	1	1	0	0	0	1	1	1	1	1	0	1	0	1	0	0	0	0	1	1	1	1	0	0	0	1	1	0	0	1	0	0	1	0	0	0
Mp1g07250	pos	0	0	0	1	1	0	0	1	0	0	1	0	1	0	0	0	1	0	1	0	1	0	0	0	0	0	0	1	1	1	1	1	1	1	0	1	1	0	1	1	0	1
Mp1g07390	pos	0	1	1	0	0	1	1	1	1	0	1	0	1	1	0	0	1	0	0	0	1	0	0	0	1	1	1	1	1	0	0	0	1	0	0	0	1	0	0	1	0	1
Mp1g08090	pos	1	1	0	1	1	1	1	1	1	0	1	1	0	1	1	1	1	0	1	1	1	0	1	0	1	1	1	1	1	1	1	1	1	1	1	1	1	1	0	1	0	1
Mp1g08290	pos	1	1	0	0	1	0	1	0	0	0	0	0	0	1	1	0	1	1	1	1	1	0	0	0	0	1	0	1	0	0	0	0	0	1	0	1	1	0	0	0	0	0
Mp1g10180	pos	1	1	1	1	1	1	0	1	0	0	1	1	0	0	0	0	0	0	1	1	0	0	0	0	0	1	1	0	1	1	1	1	1	0	1	0	1	0	0	1	0	0
Mp1g10610	pos	0	1	1	1	1	1	0	1	0	0	0	1	0	0	1	0	1	1	1	1	1	0	0	0	0	0	1	0	1	0	0	1	0	1	1	0	0	1	0	1	0	0
Mp1g10620	pos	0	1	1	1	1	1	0	1	0	1	1	1	0	0	1	1	1	0	1	1	1	0	0	0	1	0	0	0	1	0	1	1	1	1	1	0	1	0	1	1	1	1
Mp1g11660	pos	1	0	0	1	1	0	0	1	0	0	1	1	0	1	1	1	1	1	0	1	1	0	0	0	1	0	1	1	1	0	1	1	0	0	1	1	1	1	1	0	1	0
Mp1g12510	pos	1	0	0	0	1	1	1	0	0	0	1	0	1	1	1	0	0	1	1	0	0	0	0	0	1	0	1	0	1	0	1	0	0	0	1	1	1	1	1	1	1	0
Mp1g13290	pos	1	1	0	0	0	1	0	1	0	0	0	0	0	1	1	1	1	1	0	0	0	0	0	1	0	0	1	1	0	0	0	1	0	0	1	1	0	0	0	0	0	0
Mp1g13390	pos	0	0	0	0	0	1	1	0	0	0	1	1	1	0	0	0	0	1	1	1	0	0	0	0	1	1	0	0	1	0	1	0	0	0	1	0	0	1	1	1	1	0
Mp1g13440	pos	1	1	0	1	1	0	0	0	0	0	1	0	1	0	0	1	0	0	0	0	1	0	0	0	0	0	1	1	1	0	1	1	1	0	1	1	1	1	1	0	1	1
Mp1g14470	pos	1	1	0	1	1	1	0	0	0	0	0	0	0	0	0	1	0	1	1	0	0	0	0	0	1	1	0	1	0	1	0	1	0	0	1	1	0	1	0	1	0	1
Mp1g14640	pos	0	1	0	0	1	0	0	0	0	0	0	1	0	1	0	1	0	1	1	1	0	0	0	0	0	1	0	1	1	0	1	0	1	1	1	0	0	0	0	1	0	0
Mp1g14970	pos	1	1	0	0	0	0	1	1	0	0	0	0	0	1	0	1	1	1	1	0	1	0	0	0	1	1	0	0	0	0	0	1	0	0	1	1	1	0	1	1	0	0
Mp1g15090	pos	1	0	0	0	0	0	0	0	0	0	0	0	0	0	0	0	0	0	0	0	1	0	0	0	1	0	1	1	1	0	0	0	0	0	0	1	0	1	0	1	0	0
Mp1g15590	pos	1	1	1	0	1	0	1	1	0	0	1	0	0	0	1	0	0	1	1	1	1	0	0	0	1	0	1	1	1	0	0	0	0	1	1	1	0	1	0	1	0	0
Mp1g15700	pos	0	1	0	0	0	0	0	0	0	0	0	0	0	0	1	1	0	0	1	0	0	1	0	0	0	0	0	0	1	0	0	0	0	0	0	0	0	1	0	1	0	0
Mp1g16110	pos	0	0	0	1	0	0	0	0	0	0	1	1	0	0	0	0	0	0	1	1	0	0	0	0	1	0	0	1	1	1	0	0	0	1	0	0	1	1	0	1	0	0
Mp1g16160	pos	0	1	0	0	0	0	0	0	1	0	1	0	0	1	1	0	0	1	0	1	0	0	0	0	0	0	1	0	0	0	1	0	0	0	0	1	0	1	0	1	0	1
Mp1g17860	pos	0	1	0	0	0	1	1	1	1	1	1	1	0	0	0	1	1	1	1	1	1	0	0	0	0	1	1	1	1	0	0	1	1	1	1	1	1	0	1	0	1	1
Mp1g18540	pos	1	1	1	0	0	0	0	1	1	0	1	1	0	0	0	1	0	0	1	1	1	0	0	0	0	1	1	1	1	0	1	1	1	1	1	0	0	0	0	0	0	1
Mp1g18740	pos	0	0	0	1	0	1	0	0	0	0	0	0	0	1	0	1	0	1	1	0	1	0	0	0	0	0	0	1	0	1	0	0	0	0	0	0	1	0	0	0	1	1
Mp1g18910	pos	1	0	0	1	0	1	1	0	0	0	0	1	1	0	0	0	0	1	1	1	0	0	0	0	0	0	0	0	1	0	0	0	0	1	1	1	0	1	0	1	1	1
Mp1g19030	pos	0	0	0	0	0	0	0	0	0	0	0	0	0	1	1	0	0	1	1	0	0	0	0	0	1	0	1	0	1	0	1	1	1	0	0	0	1	0	0	1	0	0
Mp1g19730	pos	0	0	0	1	0	1	1	0	0	0	1	0	0	0	0	0	0	1	0	1	0	0	1	0	1	1	1	0	0	0	1	0	0	0	0	0	0	0	0	1	0	0
Mp1g20160	pos	0	1	1	0	0	0	1	1	0	0	1	0	0	1	1	1	0	0	1	1	1	0	0	0	0	1	1	0	1	1	1	1	1	1	1	1	1	0	1	0	1	1
Mp1g20280	pos	0	1	1	0	1	0	0	1	0	0	1	1	0	1	0	1	1	1	0	1	1	1	0	0	1	1	1	1	1	0	1	0	1	1	1	0	0	1	1	0	0	1
Mp1g20520	pos	0	1	0	1	1	0	1	1	1	1	1	0	0	1	1	0	1	1	0	0	1	0	0	0	0	1	0	1	1	0	0	0	1	0	1	0	1	0	0	1	1	0
Mp1g20880	pos	0	1	0	0	0	1	1	1	0	0	0	0	0	0	1	0	0	1	1	1	1	0	0	0	1	0	1	1	1	1	0	1	1	1	1	0	1	1	0	1	0	0
Mp1g21250	pos	1	1	0	0	1	0	0	0	0	0	1	0	1	1	0	0	0	1	1	0	1	0	0	0	0	1	1	1	1	1	0	0	1	1	0	0	1	1	1	0	0	0
Mp1g21770	pos	1	0	0	0	1	1	1	0	0	0	1	1	0	0	0	1	0	1	1	1	0	0	0	0	0	1	1	0	0	1	0	1	0	1	1	1	0	1	0	1	0	0
Mp1g21830	pos	1	0	0	1	1	1	1	1	0	0	1	1	1	0	0	0	0	0	0	0	1	1	0	0	0	1	1	1	0	0	1	0	1	1	1	0	1	0	1	1	0	1
Mp1g21950	pos	0	1	0	0	0	0	0	0	0	0	0	0	1	1	1	1	0	0	0	0	1	0	0	0	0	0	1	1	1	0	0	0	1	1	0	0	0	1	1	0	0	1
Mp1g22530	pos	0	0	0	1	0	0	1	0	0	0	0	0	0	0	0	0	0	0	0	0	1	0	0	0	0	0	0	1	0	0	1	1	0	0	0	0	0	1	0	1	0	1
Mp1g22550	pos	0	1	0	1	0	1	1	0	0	0	0	0	0	1	0	0	0	1	1	1	0	0	0	0	1	0	0	0	1	0	0	0	0	0	1	1	1	1	0	1	1	1
Mp1g23740	pos	1	1	0	1	1	1	1	0	0	0	1	1	0	0	0	1	0	1	1	0	0	0	0	0	0	0	0	0	1	0	0	0	1	0	0	0	1	1	0	1	0	0
Mp1g23760	pos	0	0	0	0	1	1	1	1	0	1	1	0	0	0	0	0	1	1	1	1	1	0	0	0	0	1	0	0	1	0	1	1	1	0	1	0	1	0	0	0	0	0
Mp1g23790	pos	0	0	0	0	1	1	1	1	1	1	1	0	1	0	0	1	1	1	0	1	1	0	0	0	0	1	1	1	1	1	1	1	1	0	1	1	1	1	1	1	1	0
Mp1g24040	pos	1	1	1	1	1	0	1	1	1	0	0	0	1	0	0	1	0	1	0	0	0	0	0	0	1	0	0	1	0	0	0	1	1	0	1	0	1	1	0	0	0	0
Mp1g24060	pos	0	1	1	1	1	0	1	1	0	0	1	0	0	1	0	1	1	0	0	0	0	0	0	0	0	0	1	0	1	0	1	0	0	0	1	0	1	0	0	1	0	0
Mp1g24320	pos	0	0	0	0	0	1	1	0	0	0	0	1	0	0	1	0	1	1	1	0	1	0	0	0	0	0	0	1	1	0	1	0	0	1	1	0	0	1	0	1	1	1
Mp1g25060	pos	0	0	0	1	0	1	0	0	0	0	1	0	1	0	0	1	0	1	0	1	0	0	0	0	0	1	1	0	1	1	0	1	0	1	1	0	0	1	1	1	0	1
Mp1g25540	pos	1	1	0	0	1	0	1	1	1	0	1	1	1	1	1	1	0	0	0	1	1	0	0	0	1	1	1	1	1	0	1	1	1	1	1	0	1	0	1	0	0	1
Mp1g25550	pos	0	1	0	1	0	1	1	0	0	0	1	1	0	1	1	1	0	1	0	1	1	0	0	0	1	1	0	0	1	1	0	0	1	1	1	0	1	1	0	1	0	0
Mp1g25870	pos	0	1	0	1	0	0	1	1	0	0	1	1	0	1	0	1	0	0	1	0	0	0	0	0	1	1	1	1	1	0	1	1	1	1	1	0	1	1	0	0	1	1
Mp1g26030	pos	1	1	1	1	1	1	1	1	0	0	1	0	1	0	0	0	0	1	0	0	1	0	0	0	0	1	1	0	1	0	1	0	1	0	1	0	1	1	1	1	1	0
Mp1g26160	pos	0	0	0	1	1	1	0	0	1	1	1	0	0	0	0	0	1	0	0	1	1	1	0	0	0	1	1	0	0	0	1	0	1	1	1	1	0	1	1	0	1	0
Mp1g26240	pos	0	1	1	1	1	1	0	1	0	0	1	0	0	1	0	0	1	1	0	1	0	1	0	0	0	1	1	1	1	1	1	0	0	0	1	1	0	1	0	1	1	1
Mp1g26850	pos	1	0	0	0	0	0	0	0	0	0	1	1	0	0	0	0	1	0	0	0	0	0	0	0	1	1	1	0	1	0	0	0	0	0	1	1	1	1	0	1	1	0
Mp1g27110	pos	0	0	0	1	0	1	0	1	0	0	0	0	0	0	0	0	0	1	1	0	1	0	0	1	0	0	0	0	1	0	0	1	1	0	0	1	0	1	0	0	1	0
Mp1g27310	pos	0	0	0	0	0	0	0	1	0	0	1	0	1	1	1	0	0	1	1	1	0	0	0	1	1	1	0	1	1	0	0	1	0	0	1	1	1	0	1	1	1	1
Mp1g27720	pos	1	1	1	1	0	0	0	1	1	1	1	0	1	0	1	1	0	0	1	0	1	0	0	0	0	1	1	1	1	0	0	1	1	0	1	1	0	1	0	1	0	1
Mp1g27930	pos	1	0	0	0	1	0	0	0	0	0	1	1	1	0	1	0	0	0	1	1	1	0	0	0	0	0	1	1	1	1	0	1	0	1	1	1	1	1	0	0	0	1
Mp1g28000	pos	0	0	0	1	0	1	0	0	0	0	1	1	0	0	0	0	1	0	1	1	1	0	0	0	0	1	0	0	1	0	0	0	1	1	0	1	1	1	1	1	1	1
Mp1g28010	pos	1	1	0	1	1	0	0	0	0	0	1	0	0	1	1	1	1	1	1	1	0	0	0	0	0	1	1	0	0	0	0	0	0	0	0	0	0	1	0	1	0	1
Mp1g28160	pos	1	1	1	0	0	0	1	1	0	0	1	0	0	1	0	1	0	1	1	1	0	0	1	0	1	0	1	1	0	0	1	0	0	0	1	1	1	0	0	0	1	1
Mp1g28170	pos	0	0	0	1	1	1	1	0	0	1	1	0	0	0	0	1	1	1	0	1	1	0	0	0	0	1	0	1	0	0	1	0	0	0	0	0	0	0	0	1	1	0
Mp1g28320	pos	0	0	0	0	0	0	1	0	1	0	1	1	1	1	0	0	0	1	0	0	0	1	0	0	1	0	0	0	1	0	1	0	1	0	1	0	1	0	0	1	0	0
Mp1g28570	pos	1	1	0	1	1	0	1	1	0	0	1	0	0	1	1	0	0	1	1	1	0	0	1	1	1	0	1	0	1	1	1	1	0	0	1	1	1	1	0	1	1	1
Mp1g28990	pos	0	0	0	1	1	1	1	0	0	0	1	1	0	0	0	0	1	1	1	0	1	0	0	0	1	1	0	1	1	1	1	0	1	0	1	0	1	0	1	1	0	0
Mp1g29010	pos	1	1	0	1	1	1	0	0	0	0	1	1	1	0	1	1	0	0	1	1	1	0	0	0	0	0	0	0	1	1	0	1	1	1	0	0	0	1	1	0	1	0
Mp2g00230	pos	0	0	0	1	1	0	1	0	0	0	1	0	0	1	1	0	1	1	0	1	0	0	0	0	0	0	1	1	1	1	0	0	0	0	1	1	1	0	1	1	1	1
Mp2g00260	pos	0	1	0	1	1	1	1	1	0	1	1	1	1	0	0	0	1	1	1	0	0	0	0	0	0	1	1	1	1	1	0	0	1	1	1	1	1	0	0	0	1	0
Mp2g00990	pos	0	1	0	1	0	1	1	0	0	0	0	1	0	0	0	1	0	0	1	0	0	0	0	0	1	1	1	1	1	1	1	0	0	0	0	1	1	1	0	1	1	1
Mp2g01380	pos	0	1	0	1	0	1	0	1	0	0	0	0	0	0	0	1	0	1	1	1	0	0	0	0	1	1	0	1	0	0	0	0	1	0	1	1	1	0	0	1	0	0
Mp2g01990	pos	0	0	0	1	0	1	1	1	0	0	1	1	0	0	0	1	0	1	0	0	1	0	0	0	0	0	1	1	0	0	1	1	0	1	1	1	1	0	1	0	1	0
Mp2g02020	pos	0	1	1	0	0	1	1	1	1	0	1	1	1	1	1	1	0	1	1	1	1	0	0	0	1	1	0	1	1	1	0	0	1	0	0	0	1	1	1	0	1	1
Mp2g02280	pos	0	1	1	0	0	0	1	1	0	0	1	0	1	0	0	1	1	0	1	0	1	0	0	0	0	1	1	1	1	0	1	1	1	0	1	0	0	0	0	1	0	0
Mp2g02290	pos	0	0	0	0	0	0	1	0	0	0	1	0	1	0	0	0	0	1	0	1	1	0	0	0	0	1	1	1	0	0	0	0	1	1	0	0	1	1	1	1	0	0
Mp2g02770	pos	0	1	0	1	0	1	0	1	0	0	1	0	0	0	0	1	0	0	0	1	0	0	0	0	1	0	0	0	0	0	0	0	0	1	0	1	0	1	0	1	0	0
Mp2g03710	pos	1	0	0	0	1	1	0	1	0	0	0	0	0	1	1	1	1	0	1	0	0	0	1	0	0	1	1	0	0	0	0	0	0	0	0	0	0	0	0	1	0	1
Mp2g04130	pos	1	0	0	1	0	0	0	0	1	1	0	0	0	0	1	1	0	1	1	1	0	0	0	0	0	0	0	1	0	0	0	1	0	1	1	0	0	0	0	0	0	1
Mp2g04800	pos	1	1	0	0	1	1	0	1	1	0	1	1	1	0	0	0	1	1	1	0	1	0	0	0	0	1	0	0	1	0	1	1	1	1	1	1	0	0	0	0	1	1
Mp2g05080	pos	0	1	0	0	1	0	1	0	0	0	1	0	0	1	0	0	0	1	1	1	1	0	0	0	0	1	0	1	1	0	1	1	0	0	1	1	0	1	0	1	1	0
Mp2g05760	pos	0	0	0	0	0	0	0	0	1	0	0	1	1	0	0	1	0	1	0	1	1	0	0	0	0	0	1	1	1	0	0	1	1	0	1	1	1	0	1	0	0	0
Mp2g05950	pos	1	0	0	0	0	0	0	0	1	0	0	1	0	1	0	0	0	1	1	0	1	0	0	0	0	0	0	1	1	0	1	0	1	0	1	1	1	0	0	1	1	0
Mp2g05990	pos	1	1	1	0	1	0	0	1	1	0	1	1	0	1	1	1	1	0	0	1	1	1	0	0	0	1	1	1	1	1	0	0	1	1	1	1	1	1	0	1	0	1
Mp2g06030	pos	0	1	0	1	0	0	1	0	1	0	0	1	0	0	0	1	1	0	1	1	1	0	0	0	0	0	1	1	1	0	1	1	1	0	1	0	1	0	0	0	0	0
Mp2g06670	pos	0	1	0	1	0	1	1	0	0	0	0	0	1	0	1	0	0	1	1	0	1	0	0	0	0	1	0	0	1	0	0	0	0	0	1	0	1	0	1	1	1	1
Mp2g06760	pos	0	0	0	0	0	0	0	0	0	0	0	0	1	0	1	0	0	1	0	1	1	0	0	0	1	0	0	0	1	0	0	0	0	0	0	1	0	0	1	1	0	0
Mp2g07170	pos	0	0	0	0	0	0	0	0	0	0	1	0	1	0	1	1	0	1	1	1	0	0	0	0	1	0	1	0	1	0	0	1	1	0	1	0	0	0	0	0	0	0
Mp2g07210	pos	0	1	0	1	1	1	0	0	1	0	1	1	0	0	0	1	1	1	0	1	1	0	0	0	0	1	0	0	1	1	1	1	1	1	1	1	1	0	0	0	1	1
Mp2g07710	pos	0	0	0	1	1	1	0	0	0	1	1	1	0	0	0	1	1	1	1	1	1	0	0	0	1	1	1	0	0	0	1	1	0	0	1	1	0	0	0	1	1	0
Mp2g07720	pos	1	0	0	0	0	0	1	1	1	0	1	0	0	0	0	0	0	1	1	1	0	0	0	0	0	0	1	0	1	0	1	1	0	0	1	0	1	0	1	0	0	1
Mp2g08140	pos	0	0	0	0	0	0	0	0	0	0	1	1	0	1	1	0	0	0	0	0	0	0	0	0	0	0	1	0	1	0	1	0	0	0	0	0	1	1	0	0	0	0
Mp2g08540	pos	0	1	0	1	1	1	1	0	0	0	0	0	0	1	1	1	1	1	1	1	1	0	0	0	0	1	1	1	1	0	1	0	1	1	1	1	1	0	0	0	1	1
Mp2g08650	pos	0	1	1	0	0	1	0	1	0	0	1	1	1	0	1	0	0	1	0	1	0	0	0	0	1	1	0	1	1	0	0	1	0	1	1	1	0	0	1	1	0	0
Mp2g09910	pos	0	1	0	1	1	0	1	1	0	0	1	1	0	1	0	1	1	1	0	1	1	0	1	0	0	1	1	1	0	0	1	1	1	1	1	1	1	0	1	0	0	1
Mp2g09970	pos	1	0	0	1	0	0	0	1	0	0	1	0	1	1	0	1	0	0	0	1	0	0	1	0	0	0	1	1	1	0	0	0	1	1	1	0	1	0	0	1	0	0
Mp2g10120	pos	0	0	0	1	0	1	0	0	1	0	0	1	0	1	0	1	0	0	1	0	0	0	0	0	1	1	0	1	1	0	0	1	0	0	1	0	1	0	0	1	1	0
Mp2g10240	pos	0	1	0	0	1	0	0	0	0	0	0	0	1	1	1	1	1	1	1	0	0	0	0	0	1	0	1	0	1	0	0	0	1	0	1	1	0	0	0	1	0	1
Mp2g10510	pos	0	1	1	1	0	1	0	1	0	0	0	0	0	1	1	1	1	0	0	0	0	0	0	0	0	1	1	1	1	0	0	1	1	0	0	0	1	1	0	1	1	0
Mp2g10720	pos	0	0	0	0	0	0	0	0	0	0	1	0	0	1	0	1	0	1	0	1	0	0	0	0	0	0	0	0	1	0	0	0	0	0	1	0	0	1	0	0	0	0
Mp2g10850	pos	0	0	0	0	0	0	1	1	0	1	0	1	0	1	1	1	1	1	0	0	0	0	0	0	1	0	0	0	0	1	0	1	0	1	1	0	1	1	1	0	1	1
Mp2g10860	pos	1	0	0	1	0	1	0	0	0	0	1	0	1	1	0	1	0	0	0	1	1	0	0	0	1	1	0	1	1	1	1	1	1	0	1	1	1	1	1	1	1	1
Mp2g10870	pos	0	0	0	0	0	0	1	0	0	1	0	0	0	1	0	0	0	0	1	1	1	0	0	0	0	0	0	1	0	0	1	0	0	0	0	0	0	0	1	0	0	1
Mp2g11300	pos	1	1	0	0	0	1	1	1	0	0	1	0	1	1	1	0	0	1	1	1	0	0	0	0	0	1	1	0	1	1	1	0	0	0	1	1	0	0	0	1	1	0
Mp2g11560	pos	0	1	0	0	0	1	0	0	1	0	1	1	0	1	1	0	0	1	1	0	0	0	0	0	1	1	1	1	0	1	0	0	0	0	0	0	0	0	1	1	1	0
Mp2g11660	pos	0	0	0	1	1	1	1	0	0	0	1	0	0	0	0	1	1	1	1	0	0	0	0	0	0	1	0	1	0	0	0	0	0	0	1	0	0	1	0	1	0	1
Mp2g12290	pos	1	1	0	1	1	1	0	0	0	0	1	0	1	0	1	0	1	0	0	1	0	0	0	0	1	1	1	1	1	1	1	1	0	1	1	1	1	1	0	0	1	0
Mp2g12890	pos	1	1	0	0	1	0	0	0	1	0	0	0	1	1	1	1	1	1	0	0	0	0	0	0	0	1	1	0	1	1	0	1	1	1	1	1	0	0	0	0	1	1
Mp2g14670	pos	0	0	0	1	0	1	0	1	0	0	0	1	0	0	0	1	0	0	0	0	1	0	0	0	1	1	1	0	1	0	0	0	0	0	1	1	1	0	0	1	1	1
Mp2g15260	pos	1	1	1	0	0	0	1	1	0	0	0	0	1	1	1	0	0	1	0	0	0	0	0	0	1	1	1	0	1	0	0	0	0	0	1	1	0	1	0	0	1	1
Mp2g15620	pos	0	1	0	1	0	0	0	0	0	1	0	0	1	0	1	0	1	0	0	0	0	0	0	0	0	0	0	1	1	1	1	0	0	0	1	1	1	0	1	0	1	0
Mp2g15720	pos	1	1	1	1	0	0	1	1	0	0	1	0	0	0	0	0	0	1	1	1	0	0	0	1	0	0	1	1	0	0	0	1	1	0	1	1	1	0	0	1	1	0
Mp2g16290	pos	0	1	0	1	0	0	1	1	0	0	1	0	1	0	0	0	1	1	0	0	1	0	0	0	1	1	0	1	1	1	1	0	1	1	1	0	1	0	1	1	0	1
Mp2g18710	pos	1	0	0	0	1	0	0	0	1	0	0	0	1	1	0	0	0	1	0	1	0	0	0	0	1	1	1	1	0	0	0	1	0	0	0	1	1	0	0	0	1	0
Mp2g18740	pos	0	1	0	0	0	0	0	0	0	0	1	0	0	1	1	0	0	1	0	0	1	0	0	0	0	1	0	0	0	0	0	0	1	0	1	1	0	1	0	1	0	0
Mp2g20040	pos	0	0	0	0	0	0	0	1	0	0	0	0	0	1	0	1	0	1	0	1	0	0	0	0	1	0	0	0	0	0	1	0	0	0	1	1	0	1	0	0	0	1
Mp2g20430	pos	0	0	0	0	0	1	1	1	0	0	1	1	1	1	1	1	0	0	1	0	1	0	0	0	0	1	1	1	1	0	1	1	1	1	1	1	0	1	1	1	0	1
Mp2g21290	pos	1	0	0	0	1	0	0	1	1	1	1	0	1	1	1	0	0	1	0	1	1	0	0	1	1	1	1	1	0	0	0	1	1	0	0	1	0	0	1	0	0	0
Mp2g21870	pos	0	0	0	1	1	0	0	0	0	0	1	0	0	1	0	0	1	1	1	0	1	0	0	0	0	0	0	0	0	0	0	0	0	0	1	1	1	1	0	1	0	1
Mp2g21880	pos	0	0	0	0	1	1	0	1	1	1	1	0	1	1	1	0	0	1	1	1	0	0	0	0	1	0	0	0	0	0	1	0	1	0	1	1	1	1	1	1	1	0
Mp2g22680	pos	0	1	0	0	0	0	1	0	0	0	1	0	0	1	1	1	0	1	0	0	0	0	0	0	0	0	1	0	1	1	0	0	0	0	1	1	0	0	0	0	0	0
Mp2g22750	pos	0	1	0	1	0	1	0	0	0	0	1	0	0	0	1	0	1	0	1	0	1	0	0	0	1	1	0	1	0	0	1	0	1	1	1	1	1	1	0	0	0	1
Mp2g22760	pos	0	0	0	0	0	0	0	1	1	0	1	1	0	0	0	0	0	0	0	1	1	0	0	0	1	1	1	1	1	0	0	1	1	1	1	0	1	0	1	0	0	0
Mp2g22790	pos	0	0	0	1	1	0	0	0	0	0	0	1	1	1	0	1	0	0	0	1	0	1	0	0	0	0	0	1	0	0	1	0	1	1	1	0	0	1	1	0	1	1
Mp2g22890	pos	1	1	0	1	0	0	0	0	0	0	0	0	0	1	0	1	0	0	1	0	1	0	0	0	0	1	0	0	1	0	1	0	1	1	1	1	1	0	0	0	0	1
Mp2g23680	pos	1	1	0	1	1	0	0	0	1	0	1	1	1	0	0	0	1	1	1	0	0	0	1	0	0	0	0	0	0	0	1	0	0	0	1	0	1	1	1	1	1	0
Mp2g23900	pos	0	0	0	0	0	0	0	0	0	0	1	1	1	0	1	1	1	1	0	1	1	0	0	0	0	1	0	0	1	0	1	0	0	1	1	0	0	1	0	1	0	1
Mp2g24840	pos	0	0	0	0	1	1	0	0	1	0	1	1	0	1	0	1	0	1	0	1	1	0	0	0	1	0	0	0	1	0	0	1	1	0	1	0	0	1	0	1	1	1
Mp2g24940	pos	0	0	0	0	0	1	0	0	1	0	1	1	0	0	0	1	0	1	0	0	0	0	0	0	1	0	0	1	1	1	0	0	1	0	0	1	1	0	0	1	1	1
Mp2g25050	pos	1	0	0	1	1	0	1	0	0	0	0	0	0	1	0	0	1	1	0	0	0	0	0	0	0	0	0	0	0	0	0	0	0	0	0	0	1	1	0	1	0	0
Mp2g25120	pos	0	0	0	0	0	1	0	1	0	0	1	0	0	1	0	1	0	1	0	1	1	0	0	0	1	1	0	0	1	1	1	0	1	0	1	0	0	1	1	0	0	0
Mp2g25630	pos	1	1	1	0	1	1	1	1	1	0	1	0	1	0	1	1	1	1	1	1	1	0	0	1	1	1	1	0	1	0	0	1	1	0	1	0	0	1	1	0	1	1
Mp2g25640	pos	1	1	1	0	1	1	1	1	1	0	1	1	1	0	1	1	1	1	1	1	1	0	0	1	0	1	1	1	1	0	0	1	1	0	1	0	0	1	1	1	1	1
Mp2g26345	pos	0	0	0	1	0	0	0	0	0	0	0	0	0	1	1	0	0	1	0	0	1	0	0	0	1	0	0	0	0	0	0	0	0	0	1	0	0	0	0	0	0	0
Mp3g00090	pos	1	1	1	0	0	0	1	1	1	0	1	0	1	1	1	1	1	1	1	1	1	1	1	0	1	0	1	1	0	0	1	0	1	1	0	1	1	0	0	1	1	1
Mp3g00110	pos	1	0	0	1	0	0	0	0	1	0	1	1	1	0	0	0	0	1	0	1	1	0	0	0	1	1	0	1	0	1	0	1	0	0	0	0	1	1	0	0	0	0
Mp3g00500	pos	0	0	0	1	0	1	1	1	0	0	1	0	0	1	1	1	0	1	1	0	0	0	0	0	0	0	1	0	1	0	1	0	0	0	1	0	1	0	0	1	0	1
Mp3g00640	pos	1	0	0	1	1	1	0	1	0	0	0	1	0	1	1	1	0	0	0	1	1	1	0	0	1	1	1	1	0	0	0	1	1	1	1	1	1	1	1	0	0	0
Mp3g00960	pos	0	0	0	1	0	1	0	0	0	0	0	1	0	0	0	0	0	0	1	1	1	0	0	0	1	1	0	1	1	1	1	0	0	0	1	0	0	1	0	0	1	0
Mp3g01200	pos	0	0	0	1	1	0	0	0	0	0	1	1	0	1	1	0	1	1	0	0	1	0	0	0	1	0	0	0	1	0	0	0	0	0	0	0	1	1	0	1	0	0
Mp3g01630	pos	0	0	0	1	1	1	0	0	1	0	0	0	0	1	0	0	1	1	0	0	1	0	1	0	0	0	1	0	0	0	1	0	0	0	0	1	0	0	0	1	0	1
Mp3g01690	pos	0	1	0	1	1	0	0	0	0	0	1	1	0	0	0	0	0	1	0	0	1	0	0	0	0	0	1	1	1	0	1	1	0	1	1	0	0	1	0	0	1	1
Mp3g02290	pos	0	0	0	1	0	0	1	0	0	0	1	1	0	1	1	1	0	1	1	1	0	0	0	0	1	0	1	1	1	1	0	1	0	1	1	1	1	0	0	0	0	0
Mp3g02660	pos	1	1	0	0	1	0	1	1	1	0	0	1	1	0	0	1	1	0	0	1	0	0	0	0	0	0	1	1	0	1	1	0	1	1	1	1	0	1	1	0	1	1
Mp3g02710	pos	0	0	0	0	0	1	1	1	0	0	1	0	1	1	0	1	0	1	0	1	0	1	0	0	0	1	1	1	0	0	0	0	1	1	1	1	1	1	1	1	1	0
Mp3g02820	pos	0	0	0	1	1	0	1	0	0	0	1	1	0	1	1	0	1	0	0	1	0	0	0	0	0	0	1	0	1	0	0	1	0	0	0	0	1	1	0	1	1	1
Mp3g03030	pos	1	0	0	0	1	1	1	0	0	0	1	0	1	0	1	0	1	1	1	0	1	0	0	0	1	0	0	1	0	0	0	0	1	0	1	1	1	1	1	1	1	0
Mp3g03040	pos	1	1	1	1	1	1	1	1	0	0	0	1	0	1	1	0	1	1	1	0	1	0	0	0	0	1	1	1	1	0	1	0	0	1	1	0	1	0	0	1	1	0
Mp3g03200	pos	0	0	0	1	0	1	1	1	0	0	1	0	1	0	1	0	0	1	1	0	1	1	0	0	0	1	1	1	1	0	1	0	0	0	1	1	1	1	1	1	0	1
Mp3g03770	pos	0	0	0	1	1	0	0	1	1	0	1	0	0	0	1	0	1	1	1	0	1	0	0	0	1	0	0	1	0	0	1	0	1	0	0	1	1	1	0	1	1	0
Mp3g03980	pos	0	0	0	0	0	0	0	1	0	1	0	1	1	0	1	0	0	1	1	1	1	0	0	0	1	0	0	1	1	0	0	0	0	0	1	1	1	1	0	1	0	0
Mp3g04050	pos	1	1	0	0	0	0	0	0	0	0	1	0	0	0	0	1	0	1	0	1	0	0	0	0	0	0	1	0	1	0	1	0	0	1	1	1	0	1	0	0	0	1
Mp3g04190	pos	0	0	0	0	0	0	0	0	0	0	1	1	0	1	1	1	0	1	1	0	0	0	0	0	0	1	0	0	1	1	0	1	0	1	1	0	1	0	0	1	1	1
Mp3g04260	pos	1	0	0	1	1	0	0	0	0	0	1	0	0	0	0	0	0	1	0	0	1	0	0	0	0	0	0	0	1	0	1	1	0	1	0	1	1	0	0	1	0	0
Mp3g04620	pos	0	1	1	0	0	0	1	1	1	0	1	0	1	1	0	0	1	1	0	1	1	0	0	0	1	1	1	0	0	0	1	1	0	1	1	1	1	1	1	1	1	1
Mp3g05190	pos	1	0	0	0	1	1	0	0	0	0	1	0	0	0	1	0	1	0	0	1	0	0	0	0	0	0	0	1	1	0	0	0	1	1	1	0	0	1	0	0	0	0
Mp3g05560	pos	0	1	1	0	0	0	1	1	1	0	1	1	0	1	0	1	0	0	0	1	0	1	0	0	1	1	0	0	1	1	0	0	0	1	1	1	1	1	0	1	1	0
Mp3g06480	pos	1	1	0	1	0	1	0	0	0	1	1	0	1	0	0	1	0	0	0	1	0	0	0	0	0	1	1	1	1	0	1	1	1	1	1	1	0	0	1	1	0	0
Mp3g06490	pos	1	1	0	0	1	0	0	0	1	0	1	0	0	1	1	1	0	0	0	1	0	0	0	0	1	1	0	0	1	0	1	1	1	1	1	1	1	0	0	1	1	1
Mp3g06510	pos	0	0	0	0	0	1	0	0	0	0	0	0	0	0	0	0	0	1	1	1	0	0	0	0	1	0	1	0	0	0	0	0	0	1	0	1	1	1	0	0	0	0
Mp3g06520	pos	0	0	0	0	0	1	0	0	0	0	1	0	0	1	0	0	0	1	0	0	1	0	0	0	1	1	1	0	0	0	1	0	0	1	1	0	1	0	1	1	0	0
Mp3g06660	pos	0	0	0	1	0	0	1	0	0	0	1	1	1	1	1	0	0	0	1	1	1	0	0	0	0	0	0	1	1	0	1	1	1	0	1	0	1	1	1	1	0	1
Mp3g08200	pos	1	1	1	0	0	0	0	1	1	0	0	0	1	1	1	0	0	1	0	1	1	0	0	0	0	0	1	0	1	0	1	0	1	1	1	0	0	1	1	0	1	1
Mp3g09290	pos	0	1	0	0	1	0	1	0	0	0	1	0	0	0	0	1	0	0	0	1	1	0	1	0	0	1	0	0	1	0	1	0	0	1	1	1	1	0	0	1	1	0
Mp3g10370	pos	0	0	0	0	0	1	1	0	1	1	0	0	1	0	1	0	1	0	1	1	1	0	0	0	1	1	0	0	1	1	1	0	1	0	1	1	0	1	0	1	1	1
Mp3g10510	pos	1	0	0	1	0	0	1	0	0	0	1	0	1	1	0	1	0	1	0	1	1	0	0	0	1	1	0	1	1	0	0	0	1	1	1	1	1	0	1	0	1	1
Mp3g10920	pos	0	1	0	1	0	0	1	0	0	0	1	0	1	0	0	0	0	1	0	0	1	0	1	0	1	1	0	1	0	0	1	0	1	1	1	1	0	0	1	0	1	1
Mp3g11360	pos	0	1	0	1	0	1	1	1	0	0	1	1	1	0	0	0	0	1	1	1	0	0	0	0	1	1	1	0	1	0	0	0	0	0	1	1	1	1	1	1	0	0
Mp3g11390	pos	1	0	0	1	1	1	0	1	0	0	1	0	0	1	0	1	0	1	1	0	0	0	0	0	0	1	0	1	1	0	0	0	1	0	0	0	1	0	0	0	1	1
Mp3g14030	pos	1	1	1	1	0	0	0	1	0	0	1	1	0	0	1	1	0	1	0	0	0	0	0	0	0	0	0	1	0	0	0	0	0	1	1	0	1	1	0	1	1	0
Mp3g14230	pos	0	0	0	1	1	0	0	0	0	0	1	0	0	1	1	0	1	1	0	1	0	0	0	0	0	0	0	1	0	0	0	0	0	0	1	1	0	1	0	1	1	1
Mp3g14290	pos	0	0	0	1	1	1	0	1	1	0	1	1	1	0	0	0	1	0	0	0	0	0	0	1	0	1	1	1	1	1	0	1	1	0	1	0	0	0	1	1	0	0
Mp3g14910	pos	0	1	0	1	1	1	0	0	0	1	1	0	0	1	1	0	0	1	0	0	0	0	0	0	1	0	1	0	1	1	0	0	0	0	1	1	0	1	0	1	1	0
Mp3g15230	pos	0	1	0	0	1	0	1	0	0	0	1	1	1	0	0	0	1	1	1	1	0	0	0	0	0	0	1	0	1	0	0	0	0	0	0	0	1	1	0	1	1	1
Mp3g15350	pos	1	1	0	0	1	0	1	0	0	0	0	0	1	1	1	1	0	1	1	1	0	0	0	0	1	0	0	0	0	0	0	0	0	0	0	1	0	1	0	1	1	1
Mp3g15370	pos	0	0	0	1	0	0	0	0	0	0	0	0	0	1	1	0	0	1	1	0	0	0	0	0	0	1	0	1	1	0	1	0	0	1	0	0	0	1	0	0	0	0
Mp3g15830	pos	0	0	0	0	0	0	0	0	0	0	1	0	1	1	1	0	0	1	1	1	0	0	0	0	1	0	0	1	1	0	0	0	0	0	0	1	1	1	1	1	1	0
Mp3g16760	pos	0	1	0	0	0	1	0	0	0	0	0	1	0	1	1	1	0	1	1	1	0	0	0	0	1	0	0	1	0	0	1	0	1	0	0	0	0	1	0	1	1	1
Mp3g17420	pos	1	1	0	0	1	0	1	0	0	1	0	1	1	1	0	0	1	1	0	1	1	1	0	0	1	0	0	1	1	1	0	1	0	0	1	1	1	1	1	1	1	0
Mp3g17740	pos	1	0	0	0	0	1	0	0	1	0	0	0	1	1	1	0	0	1	1	0	0	0	0	0	0	1	1	1	1	0	0	0	0	0	1	1	1	1	0	0	1	0
Mp3g18140	pos	0	0	0	1	0	0	1	0	0	0	0	0	0	0	0	1	0	0	1	0	0	0	0	0	0	1	1	1	1	0	0	0	0	0	1	0	0	1	1	1	0	1
Mp3g18270	pos	0	0	0	1	0	0	0	0	0	0	1	0	1	1	1	1	0	0	1	0	0	0	0	0	1	1	1	1	1	1	0	1	1	0	0	1	0	0	1	1	1	1
Mp3g18470	pos	1	0	0	0	1	1	1	1	0	0	1	0	0	0	1	0	0	1	1	1	0	0	0	0	0	1	1	1	0	0	0	0	0	0	0	1	1	0	0	1	1	0
Mp3g18590	pos	1	0	0	0	1	1	0	1	0	1	1	1	0	1	0	1	1	1	1	1	1	1	0	0	1	1	0	0	1	1	1	0	0	1	1	1	1	1	0	1	1	1
Mp3g20320	pos	0	0	0	0	0	0	0	0	0	0	0	0	0	0	0	0	0	1	1	0	1	0	0	0	0	0	0	0	1	0	1	0	0	0	0	0	0	0	0	0	0	0
Mp3g21310	pos	0	0	0	0	1	0	0	1	1	0	1	1	1	1	0	1	0	0	0	0	0	0	0	0	0	1	0	1	1	1	0	1	1	1	0	1	1	0	1	0	1	1
Mp3g21520	pos	1	1	0	0	0	0	0	1	1	0	1	1	0	1	1	0	0	1	1	1	1	0	0	0	1	1	0	1	1	0	0	1	0	1	1	1	1	0	0	0	1	0
Mp3g21880	pos	0	1	0	1	1	1	0	1	0	0	0	1	0	0	0	1	0	0	0	0	0	0	0	0	0	0	0	0	1	0	0	0	1	1	1	0	0	0	0	1	0	1
Mp3g22880	pos	0	0	0	1	0	0	1	1	0	0	0	0	1	1	0	0	1	0	0	0	0	0	0	0	0	0	1	1	1	0	0	0	0	0	1	1	1	0	1	1	1	1
Mp3g24330	pos	1	1	0	0	0	0	1	0	0	0	1	0	1	1	1	0	1	1	1	0	0	0	0	0	1	0	0	1	1	0	0	0	0	0	1	1	0	1	0	0	0	0
Mp3g24510	pos	1	1	0	0	1	1	1	1	0	0	1	1	1	1	0	1	0	0	1	1	1	0	0	0	0	0	0	1	0	1	0	0	0	0	1	1	1	1	0	1	1	1
Mp4g00510	pos	0	0	0	1	0	0	0	0	1	0	1	1	0	0	1	0	0	1	1	1	1	0	1	0	0	1	1	0	1	0	1	0	0	1	0	1	1	0	1	1	1	1
Mp4g00950	pos	1	1	1	0	0	1	1	1	0	0	1	0	0	0	1	1	0	0	1	0	0	0	0	0	1	0	1	1	1	0	0	1	1	0	1	0	1	0	0	0	0	0
Mp4g01840	pos	1	1	0	0	0	0	0	0	0	0	0	1	0	1	1	0	0	1	0	0	0	0	0	0	1	0	1	0	1	0	0	0	1	1	1	0	0	1	0	1	1	0
Mp4g02360	pos	1	1	0	0	1	0	0	0	0	0	1	0	0	0	1	0	0	1	1	0	0	0	0	0	0	1	1	1	1	0	0	0	0	0	1	0	0	1	1	0	1	0
Mp4g02710	pos	1	1	1	1	1	0	0	1	0	0	1	1	1	1	0	1	1	0	1	1	1	0	0	0	1	1	1	1	1	0	1	1	0	1	1	0	0	1	1	1	1	0
Mp4g03380	pos	0	1	1	0	1	1	1	1	1	0	1	1	1	0	0	0	0	0	0	1	1	0	0	0	1	0	1	1	0	0	1	0	1	1	1	1	1	1	1	1	1	1
Mp4g03520	pos	1	0	0	0	0	0	0	0	0	0	1	0	0	1	0	0	1	0	1	1	0	0	0	0	0	1	1	1	1	0	1	1	0	1	0	1	0	1	0	0	0	0
Mp4g03650	pos	1	0	0	0	1	1	1	0	0	1	0	0	1	0	0	0	1	0	0	1	1	0	0	0	0	0	0	0	0	0	0	0	1	0	0	0	0	0	0	1	0	1
Mp4g03830	pos	1	1	0	1	1	1	1	1	1	0	1	0	1	1	0	0	1	0	1	1	1	0	0	1	0	0	1	1	0	0	1	0	1	1	1	1	1	1	1	0	0	1
Mp4g03840	pos	0	0	0	1	0	1	0	0	0	1	1	1	0	0	0	1	0	0	0	1	0	0	0	0	0	1	1	1	0	0	0	1	0	1	1	0	0	1	1	0	0	0
Mp4g05080	pos	0	1	1	1	0	1	0	1	0	0	1	1	1	0	0	1	0	0	1	1	0	0	0	0	1	0	1	0	1	1	1	1	1	1	1	1	1	1	1	0	1	1
Mp4g06100	pos	0	1	0	0	1	0	1	1	1	0	1	1	1	1	0	0	0	1	0	1	0	0	0	0	1	0	1	0	1	0	0	1	0	1	1	0	0	1	1	0	0	1
Mp4g06220	pos	0	0	0	0	0	0	0	0	1	0	0	0	0	1	1	1	1	0	1	0	0	0	0	0	1	0	1	0	1	0	0	0	0	0	0	0	0	0	0	1	0	1
Mp4g06650	pos	0	0	0	1	0	1	1	1	0	0	1	0	1	1	1	0	0	0	1	0	1	0	1	0	1	1	1	1	1	0	0	1	1	0	1	0	1	1	1	0	1	1
Mp4g07180	pos	0	0	0	1	1	0	1	1	0	0	1	1	0	0	0	1	1	1	0	1	1	0	0	0	1	1	1	1	1	1	1	0	0	1	1	1	1	0	1	1	1	0
Mp4g07520	pos	1	1	1	0	0	0	0	1	0	0	1	0	0	0	1	1	1	0	0	1	0	0	0	0	0	1	1	1	1	0	0	1	0	1	1	0	0	1	0	0	1	1
Mp4g08110	pos	1	1	0	1	1	1	1	0	0	0	0	0	0	0	0	0	0	1	1	1	0	0	0	0	0	0	1	0	0	0	0	1	1	0	0	1	1	1	0	1	1	1
Mp4g08200	pos	1	1	0	1	1	1	1	1	0	0	1	0	0	1	0	0	0	1	0	0	1	0	0	1	0	1	0	0	1	1	1	0	0	1	1	1	0	1	0	0	1	0
Mp4g08290	pos	0	1	0	1	0	1	0	0	1	0	1	0	0	1	0	1	0	0	1	1	0	0	1	0	1	0	1	0	1	0	1	0	0	1	1	1	0	1	0	1	0	1
Mp4g08360	pos	0	0	0	1	0	0	1	0	0	0	1	1	0	1	0	0	0	1	1	1	0	0	0	0	0	0	0	0	0	0	0	0	0	0	1	0	1	0	0	1	1	0
Mp4g08370	pos	0	0	0	0	1	0	1	0	0	0	1	0	0	1	1	1	0	1	1	1	0	0	0	0	0	0	0	0	1	0	0	1	0	1	0	1	0	1	0	1	1	0
Mp4g09470	pos	0	0	0	1	0	0	0	1	0	1	1	1	0	0	0	1	0	1	1	0	0	0	0	1	1	1	0	0	1	0	1	0	0	1	1	1	0	1	1	1	0	1
Mp4g10290	pos	0	1	1	1	0	0	1	1	0	0	1	1	1	0	1	0	1	1	1	1	1	0	0	0	1	0	1	1	1	0	0	0	1	0	1	1	0	1	0	0	1	1
Mp4g10330	pos	1	0	0	0	1	0	0	0	0	0	1	0	1	1	0	0	1	1	0	0	0	0	0	0	1	0	0	0	1	0	1	0	1	0	1	1	0	1	1	1	0	1
Mp4g10470	pos	1	1	0	1	1	1	1	0	0	1	1	0	1	1	1	0	1	0	1	1	1	0	0	0	1	0	1	1	1	0	1	0	1	1	1	1	1	0	1	1	0	1
Mp4g11730	pos	0	0	0	0	1	0	1	0	0	0	1	1	0	1	1	1	1	1	0	1	1	0	0	0	1	0	1	0	0	1	0	1	1	0	1	1	1	0	0	1	0	0
Mp4g11800	pos	0	0	0	1	1	0	1	0	1	0	1	0	1	0	1	0	1	1	1	1	1	0	0	0	1	1	1	1	0	1	1	1	1	1	1	1	0	0	1	0	1	0
Mp4g11930	pos	0	1	0	0	1	1	1	1	0	0	1	1	0	1	0	1	0	0	1	1	0	0	0	0	0	1	1	1	1	0	1	1	1	1	1	1	0	0	1	1	1	1
Mp4g12510	pos	1	1	1	0	1	0	0	1	1	0	1	0	0	0	0	1	1	1	0	0	1	0	0	0	1	1	1	1	1	0	1	1	0	0	1	0	1	0	0	1	1	1
Mp4g13340	pos	1	0	0	1	1	0	1	0	0	0	1	1	0	1	0	1	0	1	0	1	1	0	0	0	1	1	0	1	1	0	1	0	0	1	1	1	1	0	1	1	0	1
Mp4g13390	pos	1	0	0	0	1	1	0	0	0	1	0	0	0	0	1	0	0	0	0	0	0	0	0	0	0	0	1	0	1	0	0	1	1	0	0	0	1	1	0	1	0	1
Mp4g14330	pos	0	1	0	0	1	1	0	0	0	0	0	0	0	1	1	0	0	0	0	0	1	0	0	0	0	0	0	1	1	0	1	0	0	0	1	0	1	1	0	1	1	1
Mp4g15170	pos	1	0	0	0	0	0	0	0	0	0	1	0	1	0	1	1	1	1	1	1	0	0	0	0	1	1	1	0	1	0	0	1	1	0	1	0	1	0	1	0	0	1
Mp4g15710	pos	0	1	0	0	0	0	0	0	0	0	0	0	0	1	1	0	1	1	0	1	0	0	0	0	0	1	0	1	0	0	1	0	0	0	1	1	0	0	0	1	0	0
Mp4g15770	pos	1	0	0	1	1	0	1	1	0	0	1	1	0	0	1	1	1	1	1	1	0	0	0	0	0	1	1	1	1	1	1	0	1	1	1	1	1	1	1	1	0	1
Mp4g16110	pos	0	0	0	1	1	1	0	1	0	0	1	1	0	1	1	0	0	0	0	1	0	0	0	0	1	1	1	1	0	0	0	0	0	0	1	0	1	1	0	0	0	0
Mp4g16180	pos	1	1	0	1	1	0	1	1	1	0	1	0	1	0	0	1	1	0	1	1	1	0	0	0	1	0	1	1	0	1	1	1	0	0	1	0	1	0	1	0	1	0
Mp4g16250	pos	0	1	1	0	0	0	1	1	0	0	0	0	0	0	0	1	0	0	1	0	0	0	0	0	1	0	1	0	1	1	0	0	0	0	1	1	0	1	0	1	1	1
Mp4g17360	pos	1	0	0	0	1	1	1	0	0	0	1	1	0	0	1	0	0	1	0	1	0	0	0	0	1	1	1	1	1	1	0	0	1	1	1	1	1	1	0	1	0	1
Mp4g17840	pos	1	1	1	0	1	1	0	1	0	0	0	0	0	0	0	0	0	1	0	0	0	0	0	0	0	1	1	1	1	0	1	0	0	0	0	1	1	1	0	0	1	0
Mp4g17950	pos	0	0	0	1	1	1	1	0	0	0	1	1	0	1	0	1	1	1	1	1	0	0	0	0	1	0	1	1	0	0	1	0	0	1	1	1	1	1	0	1	1	1
Mp4g18420	pos	0	1	1	0	1	1	1	1	0	0	1	1	0	1	0	0	0	1	1	0	1	0	0	0	1	1	0	1	1	0	1	0	0	0	1	0	1	0	1	1	0	1
Mp4g19370	pos	1	1	0	0	0	0	0	1	0	0	1	1	1	1	0	1	1	0	0	0	0	0	0	0	0	1	1	1	1	0	1	0	1	1	1	0	0	0	1	0	0	0
Mp4g19770	pos	0	0	0	0	0	1	0	0	0	0	0	1	0	0	0	1	0	1	0	1	0	0	0	0	1	0	0	1	0	1	0	0	1	0	1	1	1	1	1	1	0	0
Mp4g21220	pos	0	1	0	1	0	0	1	0	0	0	1	0	0	0	0	0	1	1	1	1	1	0	0	0	0	0	1	0	0	1	0	1	1	0	1	0	0	1	1	1	0	0
Mp4g21450	pos	0	0	0	0	0	1	0	1	0	0	0	1	1	0	0	0	1	0	0	0	1	0	0	0	0	1	1	0	1	0	0	0	1	1	1	1	0	0	1	0	1	1
Mp4g21500	pos	0	1	0	0	0	0	0	1	0	0	1	1	1	1	1	0	0	1	1	1	1	0	0	0	0	0	0	0	1	0	1	1	1	0	1	0	0	0	1	1	0	0
Mp4g21550	pos	0	0	0	1	0	1	1	1	0	0	1	0	0	0	1	1	0	0	1	1	0	0	0	0	0	1	1	1	1	0	1	0	1	1	1	0	1	1	0	1	1	0
Mp4g21730	pos	0	0	0	1	0	0	0	0	1	0	1	0	0	1	0	0	0	0	0	0	1	0	0	0	0	1	0	1	1	1	0	0	1	1	1	1	0	0	0	0	1	0
Mp4g21990	pos	0	1	0	0	1	1	0	1	0	0	1	0	1	1	1	0	0	1	1	1	0	0	0	0	0	0	1	0	0	0	0	0	0	0	1	1	1	0	1	0	1	1
Mp4g22050	pos	0	0	0	0	0	1	0	1	1	0	1	0	1	0	1	0	0	1	0	1	0	0	0	0	0	0	1	1	0	0	0	0	0	0	1	1	0	1	1	1	1	1
Mp4g22110	pos	0	1	0	1	0	1	1	1	0	1	1	1	1	0	1	1	0	0	0	1	1	0	0	0	1	1	1	0	1	0	1	0	0	1	1	1	1	0	0	1	1	1
Mp4g22230	pos	0	0	0	1	0	1	0	1	0	0	1	1	0	1	0	0	1	1	0	1	1	0	0	1	1	0	0	0	1	0	0	0	0	0	1	1	1	1	1	1	1	0
Mp4g22240	pos	1	1	1	1	1	0	1	1	0	0	0	1	1	0	0	0	0	0	0	0	0	0	0	0	1	0	0	0	0	0	0	0	0	0	0	0	0	0	1	1	0	0
Mp4g22580	pos	0	0	0	0	1	0	0	0	0	0	1	0	0	0	0	1	1	0	0	0	0	0	0	0	1	0	0	0	1	0	1	0	1	1	1	0	1	1	1	0	1	1
Mp4g22620	pos	0	1	0	1	0	0	1	0	0	0	1	1	0	1	1	1	0	1	0	1	0	0	0	0	0	0	1	0	0	0	0	0	0	0	1	1	1	0	0	1	1	1
Mp4g22860	pos	0	1	0	1	0	0	0	1	0	0	0	1	0	1	0	0	0	1	0	1	1	0	0	0	0	0	0	1	1	0	0	0	1	1	1	0	0	1	0	1	0	1
Mp4g22970	pos	1	1	0	0	0	0	0	0	0	0	1	1	1	0	0	0	1	0	0	1	1	1	0	0	1	0	1	1	1	1	0	1	1	1	1	1	1	0	1	1	1	1
Mp4g23230	pos	0	0	0	1	1	1	1	0	0	0	1	1	0	1	0	1	0	1	1	1	0	0	0	0	0	0	1	0	0	0	0	0	0	0	1	1	1	0	1	1	1	1
Mp4g23700	pos	0	1	0	0	0	0	0	1	0	0	1	0	0	1	0	0	0	1	1	1	1	0	0	0	0	1	1	1	1	0	0	0	0	0	1	1	0	1	0	1	1	0
Mp5g00520	pos	1	1	0	0	1	1	1	0	0	0	1	0	0	0	0	0	0	1	0	1	0	0	0	0	1	1	0	0	0	0	1	1	0	0	1	1	1	0	0	1	1	1
Mp5g00630	pos	0	1	0	0	0	0	0	0	0	0	1	0	0	1	0	0	1	1	0	0	0	0	0	0	1	1	1	0	0	0	1	1	0	0	0	0	1	0	0	0	0	0
Mp5g01570	pos	0	0	0	0	0	0	0	0	1	0	1	1	0	0	0	1	0	1	0	1	0	0	0	0	0	0	0	0	0	0	0	0	0	0	1	1	1	0	0	1	0	1
Mp5g01580	pos	0	1	0	0	0	1	1	0	0	0	1	0	0	1	1	0	0	1	1	1	0	0	0	0	1	0	1	1	1	0	1	1	1	0	0	1	1	1	0	1	1	0
Mp5g02750	pos	1	1	1	1	1	0	0	1	0	0	1	1	0	0	0	1	0	1	0	1	1	0	0	0	0	1	1	1	1	0	1	0	1	1	1	1	0	1	1	1	1	1
Mp5g03330	pos	0	0	0	1	1	1	0	1	0	0	1	1	1	1	1	0	1	0	0	0	1	0	0	0	1	1	1	1	1	0	0	1	1	1	1	1	1	0	1	0	0	0
Mp5g03360	pos	0	1	0	0	0	0	1	1	1	0	0	0	0	0	1	0	0	1	1	1	0	0	0	0	1	1	1	1	0	0	0	0	0	1	1	0	0	0	0	0	1	0
Mp5g04210	pos	1	1	0	1	0	1	1	0	0	0	1	1	1	1	1	0	1	1	1	0	0	0	0	0	1	0	1	0	0	0	1	1	1	0	1	0	1	0	0	1	0	1
Mp5g04520	pos	0	1	1	1	0	0	0	1	0	0	1	1	0	1	0	1	0	0	1	0	1	0	0	0	1	1	1	1	0	1	1	1	0	1	1	1	1	1	0	1	0	1
Mp5g04750	pos	0	1	0	1	0	0	1	1	0	0	0	0	1	1	0	1	1	0	1	0	0	0	0	0	1	1	1	0	0	1	0	0	0	0	1	1	1	1	0	0	0	1
Mp5g04860	pos	0	1	0	0	0	1	0	0	0	0	1	0	0	0	0	0	0	1	0	1	0	0	0	0	1	0	0	0	1	0	0	0	0	0	1	0	0	0	1	1	1	1
Mp5g05900	pos	0	0	0	0	0	1	0	1	0	0	0	0	1	1	1	1	0	0	0	0	0	0	0	0	1	1	1	1	1	1	0	0	1	1	0	0	1	1	1	1	0	1
Mp5g06150	pos	0	0	0	0	0	0	1	1	0	0	1	0	1	1	1	1	1	0	1	1	1	1	0	0	1	1	1	1	1	1	1	1	1	1	1	0	1	1	1	0	1	1
Mp5g06220	pos	0	1	0	0	1	0	1	0	0	0	0	1	0	0	1	0	0	0	1	0	0	0	0	0	0	0	0	1	0	0	0	0	0	1	1	1	1	0	0	1	1	1
Mp5g06380	pos	0	0	0	0	0	0	1	1	0	0	1	1	0	0	0	1	1	0	0	0	1	0	0	0	0	0	1	1	0	0	1	1	0	1	1	0	0	0	0	1	1	0
Mp5g06450	pos	0	0	0	0	0	1	0	0	0	1	1	1	0	0	0	1	0	1	0	1	0	0	0	0	1	0	1	0	1	0	1	0	1	1	1	1	1	1	0	1	0	1
Mp5g06470	pos	0	0	0	0	1	0	1	1	0	0	1	0	1	0	0	1	1	0	0	1	1	0	0	0	0	1	0	0	1	1	0	1	1	1	1	0	0	1	1	0	0	1
Mp5g06600	pos	0	1	0	1	1	0	1	0	1	1	1	0	1	0	0	1	1	0	0	1	1	0	0	0	0	1	1	1	1	0	1	1	1	1	1	1	1	1	1	0	0	1
Mp5g07400	pos	1	0	0	0	1	1	0	0	0	1	0	1	1	1	0	0	1	0	1	1	0	0	0	0	0	0	1	0	1	1	0	0	1	1	1	0	0	0	1	1	0	0
Mp5g07420	pos	1	1	1	0	0	0	1	1	0	1	1	1	1	0	0	1	1	0	1	1	0	0	0	0	1	1	0	1	1	1	0	0	1	1	1	0	1	1	1	0	1	1
Mp5g08040	pos	1	0	0	1	1	0	1	0	1	0	1	0	1	1	0	0	1	0	0	1	0	0	1	0	0	1	0	0	1	1	0	1	1	1	1	1	0	0	1	0	0	1
Mp5g08110	pos	0	1	0	1	0	0	1	0	0	0	0	0	1	0	0	1	0	1	1	1	0	0	0	0	0	0	0	0	0	0	0	0	0	0	1	1	0	1	1	1	0	0
Mp5g08140	pos	0	0	0	0	0	0	1	0	0	1	1	1	0	1	0	0	0	1	1	0	1	0	0	0	1	0	0	1	1	1	1	0	1	1	1	0	1	0	0	1	0	0
Mp5g08420	pos	0	0	0	1	1	1	1	0	1	0	0	1	0	0	0	0	0	1	1	1	1	0	0	0	0	0	1	0	0	0	0	0	0	0	0	0	0	1	0	0	0	1
Mp5g08590	pos	0	0	0	0	0	0	1	0	1	0	1	0	1	1	0	1	0	1	1	1	1	0	0	0	1	0	0	0	1	0	0	1	1	0	1	0	1	0	0	1	1	1
Mp5g08640	pos	1	1	0	0	0	1	1	0	1	0	1	1	0	1	1	0	0	1	1	1	1	0	0	0	1	1	0	0	1	0	0	0	1	1	1	1	1	1	1	0	1	0
Mp5g08720	pos	0	1	0	0	0	0	1	0	0	0	1	1	0	1	1	0	0	1	0	0	0	0	0	0	1	0	0	0	1	0	0	1	0	1	1	0	1	1	0	1	1	0
Mp5g08790	pos	0	1	0	1	0	1	0	1	0	0	0	0	0	1	0	0	0	1	0	0	0	0	0	0	0	0	0	1	1	0	0	0	1	0	1	1	1	0	0	1	0	1
Mp5g09050	pos	1	0	0	0	1	0	0	1	0	0	1	1	0	0	1	1	0	1	1	0	1	0	0	0	0	0	0	1	0	0	1	1	1	1	1	0	0	0	0	0	0	1
Mp5g09090	pos	0	0	0	0	0	1	1	0	0	0	1	0	0	0	1	0	0	0	0	0	0	0	0	0	1	1	1	0	0	0	1	1	0	0	1	0	0	0	0	1	0	0
Mp5g09410	pos	0	1	0	1	0	1	1	1	0	0	1	1	1	0	0	1	0	1	1	1	0	0	0	0	1	0	0	1	1	0	0	0	0	0	1	0	0	1	1	1	0	1
Mp5g09530	pos	1	1	1	0	1	0	1	1	0	1	0	0	0	1	1	0	1	1	0	1	1	0	0	0	0	1	0	1	1	1	1	0	0	1	0	0	1	1	0	1	0	0
Mp5g12010	pos	1	0	0	1	1	0	1	0	0	0	1	1	0	1	1	1	0	1	1	1	1	1	0	0	1	0	1	1	1	1	1	1	1	1	1	0	1	0	0	0	0	1
Mp5g12090	pos	0	0	0	1	0	1	1	1	0	0	0	1	0	1	0	1	0	1	1	1	0	0	0	0	1	0	1	1	1	0	0	1	1	1	1	1	1	1	0	1	0	1
Mp5g12390	pos	0	1	0	1	0	0	1	1	0	0	1	0	0	1	0	0	1	1	1	0	0	0	0	0	1	0	0	1	0	0	0	0	0	0	1	0	1	1	0	1	0	0
Mp5g13090	pos	1	0	0	0	0	0	0	1	0	0	1	1	0	1	0	0	0	0	0	1	0	0	0	0	1	0	0	1	1	0	0	1	0	1	1	1	0	0	1	1	1	0
Mp5g13140	pos	0	1	0	1	1	1	0	1	0	0	1	1	0	1	1	0	0	1	1	1	0	0	0	0	0	0	1	0	1	1	0	0	0	0	0	0	0	1	0	1	1	1
Mp5g13320	pos	0	0	0	0	1	1	1	1	0	0	1	1	1	0	0	0	1	1	1	1	1	0	0	0	1	1	1	1	1	0	0	0	1	1	1	0	1	0	0	0	0	0
Mp5g13430	pos	1	1	1	1	0	0	1	1	0	0	1	1	0	0	1	1	1	1	1	1	1	0	0	0	0	0	0	0	1	0	1	1	1	1	1	1	1	1	1	1	0	1
Mp5g14750	pos	0	0	0	0	0	1	1	0	0	0	0	0	0	1	1	0	0	0	0	0	1	0	0	0	0	0	0	1	1	0	0	0	0	1	0	1	1	0	0	1	0	1
Mp5g17400	pos	1	1	1	0	1	0	0	1	0	0	1	0	1	0	0	1	1	1	0	1	0	0	0	0	1	1	1	0	1	1	1	0	1	0	1	1	1	1	1	1	1	0
Mp5g18870	pos	0	0	0	1	0	1	1	0	0	0	1	1	1	0	1	0	0	1	1	1	1	0	0	0	1	1	1	1	1	1	0	1	1	1	1	1	1	1	0	0	0	1
Mp5g18970	pos	1	1	1	1	0	0	1	1	0	0	1	1	1	1	1	0	0	1	1	1	1	0	1	0	0	1	0	1	1	1	1	1	1	1	1	1	1	1	1	0	1	1
Mp5g18980	pos	0	1	1	1	0	1	1	1	0	0	1	1	0	0	0	0	0	1	1	1	1	0	1	0	1	1	1	0	1	1	0	0	1	0	1	1	1	1	0	0	1	1
Mp5g19480	pos	1	0	0	1	1	1	1	0	0	0	1	0	1	0	0	0	1	1	0	1	0	1	1	0	1	0	1	0	1	1	0	1	1	0	0	1	1	0	0	0	0	0
Mp5g19570	pos	1	1	0	1	1	1	1	0	0	0	1	0	1	0	1	1	1	1	0	0	0	0	0	0	0	0	1	1	1	0	1	1	1	0	1	0	1	1	1	1	0	0
Mp5g19680	pos	0	1	1	0	0	0	1	1	0	0	1	0	0	0	1	0	0	1	1	0	1	0	0	0	1	0	1	0	1	0	0	0	0	1	1	1	0	1	0	0	1	0
Mp5g19820	pos	0	1	0	1	0	0	1	0	0	0	0	1	0	1	0	0	0	1	0	1	1	0	0	0	0	1	0	0	0	1	0	0	0	0	0	1	1	0	0	0	0	0
Mp5g20360	pos	1	0	0	1	0	0	1	0	0	0	1	1	0	0	1	0	0	0	1	1	1	0	0	0	0	0	0	0	1	0	1	0	1	0	0	1	1	0	1	1	0	1
Mp5g20860	pos	1	0	0	1	1	0	0	0	0	0	1	0	0	0	1	1	0	0	0	0	0	0	0	0	1	1	0	1	1	0	1	0	0	0	1	1	0	1	0	1	1	0
Mp5g20930	pos	0	0	0	1	0	0	1	0	1	0	1	0	0	0	1	1	0	0	1	1	1	0	0	0	1	1	1	0	1	1	1	0	1	0	1	1	0	0	1	1	1	1
Mp5g22190	pos	1	0	0	1	1	0	1	1	0	1	1	1	0	0	0	0	1	0	1	0	1	0	0	0	1	1	1	1	0	1	1	0	1	1	1	1	1	1	0	1	0	1
Mp5g22540	pos	0	1	1	1	0	1	1	1	0	0	1	1	1	0	0	1	0	0	1	1	1	0	0	0	0	1	1	1	0	1	0	1	1	1	1	0	1	0	1	1	0	1
Mp5g22790	pos	0	0	0	1	0	0	0	0	0	1	1	1	0	0	0	1	1	1	0	0	0	0	0	0	1	0	0	1	0	0	1	0	1	1	1	0	0	1	1	1	0	0
Mp5g22830	pos	0	0	0	0	0	1	1	0	0	0	1	1	0	0	0	1	1	1	0	1	1	1	0	0	0	1	0	1	1	0	1	1	1	1	1	0	1	1	0	1	0	1
Mp5g23350	pos	0	1	0	1	0	1	0	0	0	0	1	0	1	0	0	1	0	0	0	1	1	0	0	0	0	1	1	1	0	1	1	0	0	1	0	1	1	0	1	1	0	0
Mp5g23560	pos	1	1	0	0	1	0	0	0	1	0	1	1	1	0	1	0	0	1	0	0	0	0	1	0	1	1	1	1	1	1	0	0	1	1	0	1	1	1	1	1	1	0
Mp5g23660	pos	0	1	0	0	0	0	1	0	0	0	1	0	1	1	0	0	0	1	0	1	0	0	0	0	0	0	0	0	0	1	1	1	1	1	1	0	0	1	1	1	1	1
Mp6g00310	pos	1	1	0	1	0	0	1	1	1	0	0	0	0	1	0	0	1	1	1	1	0	0	0	0	1	0	1	0	1	0	0	0	1	0	0	0	1	0	0	1	0	0
Mp6g00770	pos	0	1	1	1	0	0	1	1	0	0	1	0	1	0	1	0	0	1	0	1	0	0	0	0	0	1	1	1	1	0	1	0	1	1	1	0	1	1	1	1	0	1
Mp6g01870	pos	0	1	1	1	1	0	1	1	0	0	0	1	1	0	0	1	0	0	1	0	1	0	0	0	0	1	1	1	1	0	0	0	1	1	1	0	1	0	1	0	0	1
Mp6g02170	pos	1	1	0	0	0	0	0	0	0	0	1	0	0	1	1	0	0	0	0	1	1	0	0	0	0	0	1	1	1	0	0	1	0	0	1	1	0	1	0	1	1	1
Mp6g02250	pos	0	1	1	1	1	1	0	1	1	0	1	1	0	1	1	0	0	1	0	1	0	0	0	0	1	1	0	0	1	0	0	0	0	1	1	1	1	1	0	0	1	1
Mp6g02280	pos	0	0	0	0	0	0	0	1	0	0	1	1	0	1	0	0	0	0	1	0	0	0	0	0	0	0	0	1	1	0	1	0	0	1	1	1	1	0	0	0	1	0
Mp6g02400	pos	1	0	0	0	0	0	1	0	0	0	1	1	1	0	1	0	0	1	1	0	0	0	0	0	0	0	1	0	1	0	0	0	1	1	0	0	1	0	1	0	0	0
Mp6g02830	pos	0	0	0	1	1	0	0	0	0	0	0	1	0	0	1	0	1	1	0	0	0	0	0	0	0	0	0	0	1	1	0	0	0	1	1	0	1	1	1	0	0	0
Mp6g03280	pos	0	1	0	0	0	1	1	0	0	0	1	0	0	0	1	0	0	1	0	1	1	0	0	0	0	1	0	0	1	0	0	0	1	0	1	0	1	1	1	1	0	1
Mp6g03710	pos	1	1	1	1	0	0	0	1	0	0	1	1	1	1	1	0	1	0	1	0	1	0	0	0	0	1	0	1	1	0	0	1	0	1	1	0	1	1	1	1	1	0
Mp6g03920	pos	0	0	0	1	0	1	1	0	1	0	1	0	1	1	0	1	1	0	0	0	1	0	0	0	0	1	1	0	0	0	0	1	0	1	1	0	1	0	1	0	1	1
Mp6g03960	pos	0	1	0	0	1	0	1	1	0	0	1	0	0	1	0	0	0	0	1	1	1	0	0	0	1	1	1	0	1	0	1	1	0	1	1	0	1	0	0	1	0	0
Mp6g04020	pos	1	1	1	1	1	1	0	1	0	0	1	0	1	1	0	1	1	0	1	0	1	0	0	0	0	0	1	1	1	0	1	0	0	1	1	0	0	1	0	0	0	1
Mp6g05390	pos	0	0	0	0	0	0	0	0	0	0	1	0	0	1	1	0	0	0	1	1	1	0	0	0	0	1	1	0	1	1	0	0	0	1	1	1	1	1	0	1	0	0
Mp6g05510	pos	1	0	0	1	1	1	0	0	0	0	1	1	1	1	0	1	0	1	0	1	1	0	1	0	0	1	0	1	0	1	0	1	1	1	1	0	1	0	1	1	0	0
Mp6g05670	pos	0	0	0	1	0	0	1	1	1	0	0	1	0	0	0	1	0	0	0	1	1	0	0	0	0	1	1	1	1	0	1	1	1	0	0	1	0	1	1	1	0	1
Mp6g05850	pos	0	1	0	1	1	1	0	1	1	0	1	0	0	1	1	1	1	1	0	0	1	0	0	1	0	1	1	1	1	1	1	1	0	1	1	1	0	0	0	1	0	1
Mp6g06720	pos	0	0	0	0	0	0	0	0	1	0	1	1	0	1	1	1	0	1	1	0	1	0	0	0	0	0	0	0	1	0	0	0	0	0	0	1	1	0	1	1	1	1
Mp6g06980	pos	1	1	1	1	0	0	1	1	0	0	1	0	1	1	1	1	0	0	0	0	0	0	0	0	1	0	0	1	0	1	0	1	1	1	1	1	1	0	1	1	0	1
Mp6g07310	pos	0	0	0	0	0	1	0	1	0	1	1	0	0	1	1	0	1	0	0	0	1	0	0	0	1	1	1	1	1	1	0	0	0	0	0	1	0	1	0	1	0	0
Mp6g07390	pos	0	1	0	1	0	0	1	0	0	1	1	1	1	1	0	0	0	1	1	1	0	0	0	0	1	1	1	0	1	1	1	0	1	1	1	0	1	1	1	1	1	1
Mp6g07630	pos	0	0	0	0	0	0	0	1	1	0	1	1	0	0	1	1	0	1	0	1	1	0	0	0	0	0	0	1	0	0	0	0	0	1	1	1	0	1	0	0	1	0
Mp6g08020	pos	0	0	0	1	1	1	1	1	0	0	1	1	0	0	0	1	1	0	0	1	1	0	0	0	1	1	1	1	1	0	1	0	1	1	1	1	1	1	1	1	1	1
Mp6g08040	pos	1	0	0	1	0	1	0	1	0	0	1	0	1	1	1	0	0	1	0	1	0	1	0	0	0	0	0	0	0	0	1	1	1	0	1	1	0	1	1	1	1	0
Mp6g08170	pos	1	0	0	0	0	0	0	1	0	0	1	1	0	1	1	1	0	0	1	0	0	0	0	0	1	1	1	1	0	1	0	1	1	1	1	1	1	1	0	1	1	1
Mp6g08190	pos	0	1	0	0	1	1	1	1	0	0	0	0	0	0	1	0	1	1	0	0	1	0	1	0	1	1	1	1	1	1	0	1	0	0	1	1	0	1	0	1	1	1
Mp6g09310	pos	0	0	0	1	1	1	0	0	0	0	0	1	1	1	0	0	0	0	1	1	1	0	0	0	1	1	0	0	0	0	1	0	0	0	0	1	1	0	0	0	0	0
Mp6g09650	pos	1	1	0	1	1	1	0	1	1	0	0	0	0	0	1	0	0	1	1	0	0	0	0	0	1	1	0	1	1	0	0	1	0	0	1	1	0	1	1	0	1	0
Mp6g10120	pos	0	0	0	0	1	1	1	0	0	0	1	0	0	0	1	1	0	1	0	1	1	0	0	0	0	1	0	0	1	1	0	0	1	0	1	0	1	1	0	1	0	0
Mp6g10330	pos	0	1	1	1	1	1	1	1	0	0	1	1	1	0	0	1	1	0	0	1	1	0	0	0	0	1	1	0	0	1	0	0	1	1	1	1	1	1	0	1	1	1
Mp6g10340	pos	1	1	0	1	1	0	0	1	0	0	1	1	0	1	0	1	1	1	1	1	0	0	0	0	1	0	0	1	0	0	1	1	1	0	1	1	1	1	0	0	1	1
Mp6g10370	pos	1	0	0	0	0	1	0	1	0	0	1	1	1	1	0	0	0	1	1	1	1	0	0	0	0	1	0	0	1	0	0	1	1	0	1	0	1	1	1	1	1	0
Mp6g10520	pos	0	1	1	1	1	0	0	1	1	1	1	0	0	1	1	1	1	1	0	0	0	0	0	0	0	0	0	0	0	1	1	0	1	0	0	1	0	1	0	1	0	1
Mp6g11570	pos	0	0	0	0	1	0	1	0	0	0	0	0	0	1	0	1	0	1	0	0	0	0	0	0	0	0	0	0	1	0	0	0	1	0	1	0	1	1	0	1	0	1
Mp6g11870	pos	1	0	0	0	1	0	0	0	0	0	1	0	0	0	1	0	0	0	0	0	1	0	0	0	0	0	1	1	0	0	0	0	0	0	1	1	1	1	0	1	0	1
Mp6g12130	pos	1	1	1	0	1	0	0	1	0	0	1	0	1	1	0	1	1	1	1	1	1	0	0	0	0	1	1	1	1	0	1	1	1	0	1	0	1	0	1	1	0	0
Mp6g12650	pos	0	1	0	1	0	1	0	1	0	0	1	0	0	0	1	1	1	1	0	1	1	0	0	0	1	0	0	1	1	0	0	0	0	1	0	0	1	0	0	1	0	1
Mp6g12900	pos	1	1	0	0	0	0	1	0	0	0	1	0	0	0	0	0	1	0	0	0	1	0	0	0	1	0	0	1	1	0	1	1	0	1	1	1	0	1	0	0	0	1
Mp6g13190	pos	0	1	0	1	1	1	1	0	0	0	1	0	0	0	1	0	0	0	1	0	0	0	0	0	1	1	0	0	1	0	0	0	0	1	1	1	1	1	0	1	0	0
Mp6g13670	pos	0	1	1	1	0	0	1	1	0	1	1	0	0	0	1	0	1	0	1	1	1	0	0	0	0	0	1	1	1	0	0	1	0	1	0	1	1	0	0	1	1	1
Mp6g14400	pos	1	0	0	1	0	0	1	0	0	0	1	1	1	0	0	1	1	0	1	1	1	0	0	0	1	1	1	1	1	0	1	1	1	0	0	1	1	1	1	1	0	1
Mp6g14830	pos	0	1	0	1	0	1	1	1	1	0	1	1	0	0	1	1	1	0	0	1	1	0	0	0	0	1	1	1	1	0	0	1	1	1	1	0	1	0	1	0	1	1
Mp6g15230	pos	0	0	0	1	0	1	1	1	0	0	1	1	1	0	0	0	1	0	1	0	1	0	0	0	0	0	1	1	1	0	0	0	0	0	1	0	0	0	1	1	0	0
Mp6g15280	pos	0	1	0	0	0	1	1	0	0	0	1	0	1	1	0	1	1	0	0	1	1	0	0	0	1	0	1	0	1	0	0	0	1	1	1	1	1	1	1	0	0	1
Mp6g15580	pos	1	0	0	1	0	0	0	0	0	0	1	1	0	1	1	0	1	1	0	1	0	0	0	0	0	0	0	0	0	0	0	0	0	1	1	1	1	1	0	1	0	0
Mp6g16310	pos	0	1	0	1	0	0	1	1	0	0	1	0	0	0	0	1	0	1	1	1	0	0	0	0	1	0	0	0	0	0	0	0	0	0	1	0	0	1	0	0	1	1
Mp6g16540	pos	1	0	0	1	1	1	0	0	0	1	1	1	0	0	1	0	1	1	0	1	0	0	0	0	1	0	0	0	1	0	0	0	0	1	1	1	1	0	0	1	1	1
Mp6g16900	pos	1	1	1	0	1	1	0	1	0	0	1	0	0	0	1	1	1	0	1	1	0	0	0	0	0	0	0	1	1	0	1	1	0	1	0	1	1	0	1	0	0	1
Mp6g17310	pos	0	0	0	1	1	0	0	1	1	1	1	0	0	1	1	0	1	0	1	1	0	0	0	1	1	0	0	1	0	0	1	1	1	1	1	0	1	1	0	0	1	1
Mp6g17320	pos	0	1	0	1	0	0	0	0	0	0	0	0	0	0	1	0	1	1	1	1	1	0	0	0	0	1	1	1	0	1	1	0	0	0	1	1	1	0	1	0	0	1
Mp6g17450	pos	0	0	0	0	0	0	0	1	0	0	1	1	0	0	0	1	0	0	0	0	1	1	0	0	0	0	1	1	1	1	0	1	1	0	1	1	0	0	1	0	0	0
Mp6g18480	pos	1	1	1	1	1	0	1	1	1	1	1	1	1	0	0	0	1	1	1	1	0	0	0	0	1	0	0	1	1	0	1	0	1	1	1	1	0	0	1	1	0	1
Mp6g18550	pos	1	0	0	1	0	0	0	0	0	0	1	0	0	0	0	1	0	0	0	0	1	0	0	0	1	0	0	0	1	0	1	0	1	0	1	1	0	1	0	1	0	0
Mp6g19230	pos	0	0	0	1	1	1	0	0	0	0	1	1	1	0	0	1	1	1	0	1	0	0	0	0	0	1	1	1	1	0	1	1	1	1	1	1	0	0	1	0	1	1
Mp6g19640	pos	1	1	1	1	1	1	0	1	1	0	1	1	0	0	1	0	0	1	1	1	1	0	0	0	1	0	0	0	1	0	0	0	1	0	0	0	0	1	0	1	1	1
Mp6g21240	pos	0	1	1	0	0	0	1	1	1	0	1	0	1	0	0	1	0	1	0	1	1	0	0	0	0	1	0	0	1	0	0	0	1	1	1	0	1	0	1	0	0	1
Mp7g00670	pos	0	0	0	1	1	1	1	0	0	1	1	1	0	0	1	1	0	1	1	1	0	0	0	0	0	0	0	1	0	0	1	0	0	1	1	1	0	0	0	1	1	1
Mp7g00880	pos	1	1	1	1	0	0	1	1	0	0	1	0	0	0	1	1	0	1	0	1	1	0	0	0	0	0	1	1	1	0	1	1	1	1	1	1	1	0	1	1	1	1
Mp7g00890	pos	1	1	0	1	0	0	0	1	0	0	1	1	1	1	0	1	1	1	0	1	1	0	0	0	1	1	1	1	1	1	1	1	1	0	1	1	1	0	1	1	1	0
Mp7g00970	pos	1	0	0	0	0	0	0	0	1	0	1	1	1	0	0	1	0	1	1	0	1	0	0	0	0	0	0	0	1	0	0	1	0	1	0	1	0	1	1	0	0	0
Mp7g01080	pos	0	0	0	0	0	0	0	0	0	0	1	1	0	1	0	0	0	0	1	1	1	0	0	0	1	1	1	0	0	1	0	1	1	0	0	0	1	1	0	0	0	0
Mp7g01300	pos	1	0	0	0	1	1	1	1	1	0	0	0	1	1	1	1	0	0	0	1	0	0	0	0	0	1	1	0	1	0	1	0	1	0	1	1	1	1	1	1	1	1
Mp7g01570	pos	0	1	0	1	0	1	1	0	0	1	0	0	0	0	1	0	1	0	1	1	1	0	0	0	1	0	0	1	0	0	1	0	0	1	1	1	0	0	0	0	1	0
Mp7g02060	pos	0	0	0	1	0	1	0	0	0	0	1	1	0	1	1	1	0	0	0	0	0	0	0	0	0	0	0	1	0	0	1	1	1	1	1	0	1	0	1	0	1	0
Mp7g03090	pos	0	0	0	0	0	1	1	0	0	0	1	1	0	0	1	1	0	0	1	1	1	1	0	0	1	1	0	1	1	0	0	0	1	0	1	1	1	1	0	1	0	1
Mp7g03220	pos	0	0	0	0	1	0	1	1	1	0	1	1	0	1	1	1	1	1	1	1	0	0	0	0	0	1	0	0	1	1	1	0	0	0	1	1	1	1	1	0	1	0
Mp7g03330	pos	1	1	0	0	0	1	0	0	1	0	1	0	0	1	0	1	0	0	0	1	0	0	0	0	0	1	1	1	1	0	1	1	1	0	1	1	1	0	1	1	1	0
Mp7g03490	pos	0	0	0	1	0	0	1	1	0	0	1	0	1	0	0	0	1	1	1	0	0	1	0	0	1	1	1	1	1	1	0	1	1	0	1	0	0	0	1	1	1	1
Mp7g03660	pos	0	0	0	1	0	1	0	1	1	1	1	1	0	1	1	0	0	0	0	1	1	0	0	0	0	1	0	0	1	1	0	1	0	1	0	0	1	0	1	1	0	1
Mp7g04340	pos	1	1	0	0	1	1	0	0	0	0	1	0	0	1	1	0	0	1	1	0	0	0	0	0	1	1	1	1	1	0	0	0	0	0	1	1	1	1	0	0	1	0
Mp7g04580	pos	0	0	0	1	0	1	0	0	0	0	1	0	1	0	1	0	1	1	0	1	0	1	0	0	1	1	1	1	1	1	1	1	1	0	1	0	1	1	1	0	1	0
Mp7g04950	pos	0	0	0	1	0	0	0	1	1	0	1	0	0	0	1	1	0	0	1	0	0	0	0	0	1	1	0	0	1	0	0	1	1	0	0	1	0	1	1	1	1	1
Mp7g05040	pos	1	0	0	1	1	0	1	1	0	0	1	0	1	0	0	1	1	1	0	0	0	0	0	0	0	1	1	1	1	0	0	1	0	1	1	1	1	1	1	1	1	1
Mp7g05120	pos	0	1	0	0	0	0	0	0	0	0	1	0	1	1	1	0	1	1	1	0	0	0	0	0	1	1	1	1	1	1	1	0	1	0	1	1	1	0	1	1	1	0
Mp7g05330	pos	0	1	0	1	0	0	1	0	0	0	0	0	0	0	0	0	0	0	1	1	0	0	0	0	0	1	0	0	1	0	0	0	1	1	1	1	1	0	0	1	0	1
Mp7g05680	pos	0	1	1	1	0	0	1	1	0	0	1	1	0	1	0	1	1	0	1	1	1	0	0	0	1	1	0	1	1	1	0	1	0	1	1	0	1	0	1	0	1	1
Mp7g06000	pos	0	1	0	1	1	0	1	0	1	0	1	0	1	1	0	0	1	1	0	0	0	0	0	0	1	1	0	1	1	0	0	0	1	0	1	0	1	1	1	1	0	1
Mp7g06030	pos	0	1	1	0	1	0	1	1	0	0	1	1	1	0	0	0	0	0	0	1	1	0	0	0	1	1	1	1	1	1	0	1	0	0	1	1	1	1	0	1	1	0
Mp7g07210	pos	0	0	0	0	0	0	0	1	0	0	1	1	0	0	0	1	0	0	1	0	1	0	0	0	1	1	1	0	1	1	1	0	1	1	1	1	0	1	0	1	0	1
Mp7g07260	pos	0	1	0	0	0	0	0	1	0	0	0	0	0	0	0	0	0	1	1	0	0	0	0	0	1	0	1	0	1	0	0	1	0	0	0	0	0	1	0	1	0	0
Mp7g07710	pos	0	0	0	0	0	0	1	0	0	0	1	1	1	0	0	1	0	1	0	1	1	0	0	0	1	1	1	0	0	1	1	1	1	1	1	1	1	1	1	1	1	1
Mp7g07860	pos	0	0	0	1	0	1	1	0	0	0	1	0	0	1	1	1	0	0	1	0	1	0	0	0	0	0	1	0	1	0	0	0	0	0	1	0	1	1	0	0	0	1
Mp7g07990	pos	0	1	0	1	0	1	0	0	0	0	1	1	0	1	0	1	0	0	1	1	1	0	0	0	1	1	1	1	1	0	0	0	0	1	1	1	0	0	0	1	1	1
Mp7g08170	pos	1	0	0	0	1	0	0	1	1	0	1	0	1	1	0	1	1	1	1	1	0	1	0	0	1	1	1	1	1	1	1	1	1	1	1	1	0	1	1	1	0	0
Mp7g08450	pos	1	0	0	0	1	1	1	0	1	0	0	1	1	0	1	0	0	1	1	0	1	0	0	0	0	1	1	1	1	0	1	0	0	0	1	1	1	0	0	0	0	1
Mp7g08480	pos	0	0	0	1	0	0	1	1	0	0	1	1	0	1	0	1	1	1	0	1	0	0	0	0	0	0	1	1	0	0	0	0	0	0	1	1	1	0	0	0	0	1
Mp7g08500	pos	1	1	0	0	1	0	1	1	0	0	0	1	0	1	1	0	1	0	0	1	1	0	0	0	0	0	1	0	1	0	1	0	0	1	1	1	1	1	0	1	0	1
Mp7g09030	pos	0	0	0	0	1	0	1	1	0	0	1	1	1	0	1	0	1	1	1	1	1	0	0	0	0	1	0	0	1	0	0	0	0	1	1	0	1	1	1	1	0	1
Mp7g09410	pos	0	1	0	1	1	0	0	0	0	1	0	0	1	0	1	1	1	0	0	1	0	0	0	0	0	0	1	1	1	0	0	1	0	0	1	1	0	1	0	0	0	0
Mp7g09420	pos	0	0	0	1	0	1	1	0	0	0	0	1	0	0	0	0	0	1	1	1	0	0	0	0	0	0	1	0	0	0	0	1	0	1	1	0	1	1	0	1	0	0
Mp7g09660	pos	1	1	0	1	1	0	1	0	0	0	1	0	0	0	0	1	1	1	1	0	0	0	0	0	1	1	0	1	1	0	0	0	1	1	1	1	0	0	1	1	0	1
Mp7g12300	pos	0	1	1	0	0	0	0	1	0	0	1	0	0	1	1	0	0	1	0	1	1	0	1	0	0	0	1	1	1	0	1	0	1	1	1	0	1	1	0	1	0	0
Mp7g12690	pos	1	1	1	1	1	0	1	1	0	1	1	1	1	1	0	0	1	1	0	1	0	0	0	0	0	0	1	1	1	1	1	1	1	1	1	0	1	1	1	0	0	0
Mp7g12720	pos	0	0	0	1	0	1	0	0	0	0	1	1	0	0	1	1	0	1	1	1	0	0	0	0	0	1	0	0	1	0	0	0	0	0	0	1	0	1	1	1	0	1
Mp7g12820	pos	0	1	0	0	0	1	1	0	0	0	1	0	0	1	0	0	0	1	0	1	0	0	1	0	0	1	0	0	0	0	0	0	0	0	1	0	0	0	0	1	0	0
Mp7g13030	pos	1	1	1	1	0	0	0	1	0	0	1	1	0	0	0	1	0	0	1	1	0	0	0	0	1	0	1	0	0	1	1	0	1	1	1	0	0	0	0	1	0	0
Mp7g13070	pos	0	1	0	1	0	0	0	0	0	0	1	0	1	1	1	0	0	1	0	0	1	0	0	0	0	0	0	0	1	0	0	1	0	0	1	1	1	0	1	1	0	0
Mp7g13490	pos	1	1	0	1	0	1	1	1	0	0	0	1	0	1	0	1	0	1	0	1	1	0	0	0	0	0	1	0	0	0	0	0	1	1	0	0	0	1	0	1	1	1
Mp7g13570	pos	0	0	0	0	0	0	0	0	0	0	1	0	0	1	0	1	0	1	0	0	0	0	0	0	0	1	0	1	1	0	0	1	1	1	0	0	1	0	0	1	0	1
Mp7g13750	pos	0	0	0	0	1	1	0	0	0	0	1	1	1	1	1	1	1	1	0	1	1	0	1	0	0	1	1	1	1	1	0	1	1	1	0	0	1	1	1	0	0	0
Mp7g13760	pos	1	1	1	0	1	0	0	1	0	0	1	0	1	1	0	0	1	0	1	1	0	0	0	0	1	0	1	1	1	0	1	1	0	1	1	1	1	0	0	1	0	0
Mp7g13830	pos	0	1	0	0	0	1	1	1	0	1	1	0	0	0	1	1	1	1	0	1	0	0	0	0	1	1	0	0	0	0	0	0	0	1	1	0	0	1	0	0	0	0
Mp7g14030	pos	0	0	0	0	0	0	1	0	0	0	0	0	0	0	1	1	0	1	1	1	0	0	1	0	0	0	0	1	1	0	0	0	1	0	1	0	1	1	0	1	1	0
Mp7g14040	pos	0	0	0	0	0	0	1	0	1	1	1	0	0	1	1	0	0	1	1	1	1	0	0	0	0	0	1	0	1	0	0	0	0	0	1	0	0	1	0	1	0	0
Mp7g14050	pos	0	1	0	1	1	0	0	1	0	0	1	1	0	0	0	0	1	0	1	1	0	0	0	0	0	0	0	1	1	0	1	1	1	0	1	1	1	1	1	1	0	0
Mp7g14460	pos	0	1	1	0	0	0	0	1	0	0	0	1	1	0	0	1	0	0	1	0	1	0	0	0	0	1	0	0	1	0	0	0	0	0	1	0	0	1	1	1	0	1
Mp7g15020	pos	0	1	0	1	1	0	1	0	1	0	0	0	0	1	0	1	1	1	0	0	1	0	0	0	1	1	0	0	1	0	0	0	0	0	1	0	1	0	0	0	1	0
Mp7g15030	pos	1	1	1	1	0	0	0	1	1	0	1	0	1	0	0	1	0	1	0	1	1	0	0	0	0	1	0	1	1	0	0	0	0	1	0	1	1	0	1	1	0	1
Mp7g15550	pos	1	1	1	0	0	0	1	1	0	0	1	1	0	1	1	0	0	1	0	1	1	0	0	0	0	0	0	1	0	0	0	0	0	0	1	0	1	0	0	0	0	0
Mp7g15570	pos	1	1	0	1	0	1	1	0	0	0	0	0	0	0	1	1	0	1	1	0	1	1	0	0	1	1	1	1	1	1	1	1	1	1	1	1	1	0	0	1	1	1
Mp7g15800	pos	1	1	0	0	0	1	1	1	0	0	1	0	0	1	1	0	0	1	1	0	0	0	1	0	0	1	1	0	1	1	1	1	0	0	1	1	0	0	0	1	1	1
Mp7g16130	pos	1	1	1	0	0	0	1	1	0	0	1	1	1	0	1	1	1	1	1	0	1	0	0	0	0	0	1	1	0	0	0	0	1	1	1	0	1	0	0	0	0	1
Mp7g16140	pos	0	1	0	1	1	1	1	1	1	0	0	1	0	0	1	1	0	1	1	1	1	0	0	0	1	0	1	1	1	0	0	0	1	1	1	1	0	1	1	1	1	1
Mp7g16270	pos	1	1	1	0	0	0	0	1	0	0	1	0	1	0	0	0	1	0	0	1	1	1	0	0	1	0	0	1	1	0	1	0	0	1	1	0	0	1	1	0	1	1
Mp7g16480	pos	0	0	0	1	1	0	0	1	0	0	1	0	1	0	1	1	0	1	1	0	1	0	0	0	0	1	0	0	1	0	0	0	0	0	1	1	0	0	0	0	1	1
Mp7g17120	pos	0	0	0	1	0	1	1	0	0	0	0	1	0	0	1	0	0	0	1	0	0	0	0	0	1	0	0	1	0	0	0	0	1	1	0	1	1	0	0	0	1	1
Mp7g17880	pos	1	0	0	0	0	1	1	0	0	1	1	1	1	0	1	0	0	1	1	1	1	1	0	0	0	1	0	1	1	0	1	1	1	1	1	1	0	0	1	1	0	1
Mp7g17950	pos	1	0	0	0	0	0	1	0	0	0	1	0	1	1	1	1	0	1	1	1	1	1	1	0	1	1	1	1	1	1	1	0	1	1	1	1	1	1	1	1	0	1
Mp7g18140	pos	1	0	0	0	0	1	0	0	0	0	1	0	1	1	0	0	0	1	1	1	0	0	0	0	0	1	1	1	1	1	1	0	1	0	1	0	0	0	0	0	1	0
Mp7g19120	pos	0	1	0	0	0	0	1	1	1	0	1	0	0	1	1	0	1	1	0	1	1	0	0	0	1	1	0	1	1	0	0	0	0	0	1	1	0	0	0	0	1	1
Mp8g00630	pos	0	1	0	0	0	0	1	1	0	0	1	1	0	0	1	1	0	0	0	0	0	0	0	1	1	1	0	1	1	0	1	0	0	0	1	0	0	0	0	0	0	1
Mp8g00680	pos	0	1	1	0	0	0	0	1	0	1	1	1	1	1	0	0	0	0	0	1	1	0	0	0	0	0	0	0	1	0	1	0	0	1	1	1	0	0	0	0	1	0
Mp8g01270	pos	0	0	0	0	0	0	1	1	0	0	1	1	0	1	1	0	0	1	1	1	0	0	0	0	1	1	0	1	0	0	1	1	1	0	0	0	1	1	0	1	0	1
Mp8g01460	pos	0	0	0	1	0	1	1	1	0	0	1	1	0	1	1	1	0	0	1	0	1	0	0	0	1	1	1	1	1	1	1	0	1	1	1	0	1	1	0	1	0	1
Mp8g02450	pos	1	0	0	1	1	1	1	0	1	0	1	0	0	0	0	1	0	1	0	0	0	0	0	0	1	0	1	0	1	0	0	1	0	1	0	1	0	1	0	1	0	0
Mp8g02460	pos	0	1	0	1	0	0	1	1	0	0	1	0	0	1	0	1	0	1	1	1	0	0	0	0	0	0	1	0	1	0	0	0	0	0	0	0	1	1	0	1	1	1
Mp8g02530	pos	1	1	0	1	0	1	1	0	0	0	1	1	0	1	1	0	0	0	1	0	1	0	0	0	0	0	1	1	1	0	1	1	1	1	1	1	1	1	1	0	0	0
Mp8g02540	pos	1	1	0	1	1	0	0	1	0	0	1	0	1	0	1	1	1	0	0	1	0	0	0	0	1	1	1	1	1	0	1	1	0	1	1	1	1	0	1	0	1	1
Mp8g03300	pos	0	1	0	0	0	1	0	1	0	0	1	0	0	0	1	0	0	0	1	0	0	0	0	0	0	1	1	0	1	0	0	0	0	0	1	1	0	1	0	1	0	0
Mp8g04240	pos	0	1	0	1	1	0	1	0	0	0	1	0	0	1	1	0	0	1	1	1	0	0	0	0	0	0	0	0	0	0	0	0	0	0	0	0	1	1	0	1	0	1
Mp8g05430	pos	1	1	0	0	0	0	1	0	0	0	1	0	0	1	0	0	0	1	1	1	0	0	0	0	1	1	1	1	0	0	1	0	0	0	0	0	1	1	0	0	0	0
Mp8g05440	pos	0	1	0	0	0	0	0	0	1	1	1	0	1	0	0	1	0	0	0	1	1	0	1	0	1	1	1	1	1	1	0	1	1	1	1	0	0	1	1	0	0	1
Mp8g05680	pos	0	0	0	1	0	0	0	0	0	0	1	1	0	0	1	0	0	0	0	1	1	0	0	0	0	1	1	0	0	0	0	0	0	0	1	0	1	1	1	0	1	1
Mp8g06400	pos	1	1	1	1	1	0	1	1	0	1	1	0	1	1	1	0	1	1	0	1	1	0	0	0	1	0	0	0	1	0	1	1	1	1	1	1	1	0	1	0	1	1
Mp8g06460	pos	1	1	0	0	0	0	0	0	0	0	1	1	1	0	1	0	0	0	1	0	0	0	0	0	1	0	1	1	1	0	0	0	0	1	1	1	1	1	0	1	1	1
Mp8g06520	pos	1	0	0	1	0	1	0	1	0	0	1	1	0	0	0	1	0	1	0	1	0	0	0	0	0	1	1	1	1	0	1	1	0	0	1	1	0	1	0	0	1	1
Mp8g06540	pos	0	1	0	1	1	1	0	0	1	0	1	0	1	0	1	0	1	1	1	1	1	0	0	0	0	1	0	0	1	0	0	1	1	0	1	1	0	1	1	1	0	0
Mp8g06920	pos	0	1	1	0	0	1	1	1	0	0	1	1	0	0	1	0	1	0	0	1	0	0	0	0	1	0	0	1	1	0	0	0	1	1	0	1	1	1	1	1	1	0
Mp8g07000	pos	1	0	0	0	1	0	1	1	1	0	1	1	1	1	1	0	1	0	1	1	0	0	1	0	1	0	1	1	1	1	0	1	1	1	1	1	1	0	1	1	1	0
Mp8g07010	pos	1	1	0	0	1	1	1	1	1	0	1	1	1	1	1	1	1	0	1	1	1	0	0	0	1	1	1	1	1	1	0	0	1	1	1	1	1	0	1	1	1	0
Mp8g08920	pos	1	0	0	1	1	0	0	0	0	0	1	1	1	0	0	0	1	1	0	0	0	0	0	0	1	0	0	1	1	1	0	0	0	0	1	1	0	0	0	1	1	0
Mp8g09430	pos	0	0	0	0	0	0	0	0	1	0	1	1	0	0	1	0	0	0	0	0	0	0	0	0	0	1	1	1	0	0	1	1	0	1	0	0	0	1	0	0	0	1
Mp8g09750	pos	0	1	1	1	0	1	0	1	0	0	0	0	0	1	1	1	0	0	1	0	1	0	0	0	0	0	0	1	1	1	1	0	0	0	0	1	0	0	0	1	1	1
Mp8g10000	pos	1	1	0	1	1	0	1	0	0	0	1	0	1	1	1	0	0	0	0	1	1	0	0	0	1	0	0	0	1	1	0	0	1	1	1	1	1	1	0	1	0	0
Mp8g10060	pos	1	0	0	0	0	1	0	0	0	0	1	0	0	1	0	1	0	1	1	1	1	0	0	0	1	1	0	0	1	1	0	0	0	0	1	1	1	0	0	1	1	0
Mp8g10660	pos	1	1	0	0	1	0	1	1	0	0	1	1	1	1	0	0	0	0	0	0	1	0	0	0	1	0	1	1	1	0	0	0	1	1	1	1	1	0	1	0	1	1
Mp8g10880	pos	0	0	0	0	1	0	0	0	0	0	1	1	0	0	1	0	1	0	0	1	0	0	0	0	1	0	0	0	1	0	1	0	0	1	0	1	1	1	0	0	0	0
Mp8g13060	pos	0	0	0	1	0	0	0	0	0	0	0	1	0	1	1	0	0	0	0	1	0	0	0	0	0	0	0	0	1	0	0	0	0	0	1	1	0	0	0	1	0	0
Mp8g14230	pos	0	0	0	1	0	1	0	0	0	0	1	0	0	1	1	0	0	1	0	0	1	0	0	0	0	0	1	1	1	0	1	0	1	0	1	1	1	0	0	1	0	0
Mp8g14240	pos	0	1	0	1	0	0	1	1	1	1	1	1	0	0	0	0	0	1	0	1	0	0	0	0	1	0	1	1	1	0	1	0	0	1	0	1	0	1	0	1	1	1
Mp8g14590	pos	1	1	0	0	0	1	1	0	0	0	0	0	0	0	1	0	0	1	1	1	0	0	0	0	1	1	0	0	0	0	1	0	0	0	1	1	1	1	0	0	0	0
Mp8g14650	pos	1	1	0	0	1	0	1	0	0	0	0	0	1	0	0	1	1	1	1	1	0	0	0	0	0	0	1	1	1	0	0	1	1	0	1	1	1	0	1	0	1	1
Mp8g14740	pos	1	1	0	0	0	0	1	1	0	0	1	0	1	0	0	0	0	0	1	1	0	0	0	0	1	0	1	1	1	0	1	0	0	1	1	1	1	1	1	1	1	0
Mp8g14750	pos	1	1	0	0	1	0	1	1	0	0	1	1	1	1	0	1	0	0	0	0	0	1	0	0	1	1	0	1	0	0	1	0	1	1	1	0	0	1	1	1	0	0
Mp8g14850	pos	1	0	0	1	1	1	0	0	0	0	0	0	0	0	1	0	1	1	0	0	0	0	0	0	0	1	0	1	1	1	0	1	0	0	1	0	0	1	0	0	0	1
Mp8g15160	pos	1	1	1	0	1	0	0	1	0	1	1	1	0	0	1	1	1	1	1	1	0	0	0	0	1	0	1	0	1	1	0	0	1	1	1	1	0	1	1	1	1	1
Mp8g15420	pos	0	0	0	1	0	1	1	1	0	0	0	0	1	1	1	1	0	1	1	0	1	0	0	0	1	1	0	1	1	0	0	0	0	1	1	0	1	0	0	0	0	0
Mp8g15640	pos	0	1	1	0	0	0	0	1	0	0	0	1	0	0	1	0	0	1	1	0	0	0	0	0	0	0	0	1	1	0	0	0	0	1	0	1	1	0	0	1	1	0
Mp8g15800	pos	1	1	0	1	1	1	0	1	0	0	1	0	0	1	1	0	1	1	1	1	0	0	0	0	1	1	0	1	1	0	0	0	0	0	1	1	1	1	0	1	0	0
Mp8g16250	pos	0	1	0	1	0	0	0	1	0	0	1	1	0	1	1	0	0	0	0	1	0	1	0	0	1	0	0	1	1	1	1	1	1	1	1	1	1	0	0	0	1	1
Mp8g16380	pos	0	1	0	0	1	1	1	0	0	0	1	1	0	1	0	0	1	1	0	0	1	0	0	0	0	1	0	1	0	0	1	0	0	1	1	0	0	1	0	0	0	1
Mp8g16390	pos	1	0	0	0	0	0	0	1	1	0	0	0	1	0	1	0	1	1	0	0	1	1	0	0	1	1	0	0	1	0	0	0	1	0	1	1	1	0	1	0	0	1
Mp8g16400	pos	1	1	1	0	1	0	0	1	0	0	0	1	1	1	1	0	0	0	0	0	1	0	0	0	1	1	0	1	1	0	0	1	1	1	1	0	0	1	0	0	0	1
Mp8g16450	pos	0	0	0	1	1	0	1	1	0	0	1	1	1	1	1	0	1	0	1	1	1	0	0	0	0	1	0	0	1	0	0	0	1	0	1	0	0	0	1	1	0	0
Mp8g16770	pos	1	1	0	0	0	0	1	0	1	0	0	1	1	1	1	0	1	1	1	0	1	0	0	0	0	0	0	0	1	0	0	1	1	0	1	1	0	0	1	0	0	0
Mp8g16790	pos	0	0	0	1	0	0	1	0	0	0	0	0	0	1	0	1	0	1	1	0	0	0	0	0	0	1	1	0	0	0	0	0	1	0	1	0	0	1	1	0	0	1
Mp8g17360	pos	1	0	0	1	1	0	1	0	0	0	0	0	1	1	1	0	1	0	1	1	1	0	0	0	0	0	0	0	1	0	1	1	1	1	1	1	1	1	1	1	1	1
Mp8g18560	pos	1	1	1	0	0	0	0	1	0	0	1	0	1	0	1	1	1	1	1	1	1	0	0	0	0	1	1	1	1	0	1	1	1	1	1	1	0	1	1	1	0	0
Mp1g00330	neg	0	1	0	1	0	0	0	0	0	0	0	0	1	0	1	1	1	1	1	1	1	0	0	0	0	1	0	1	0	0	0	0	0	0	1	1	1	0	0	1	1	1
Mp1g00880	neg	0	1	0	0	0	1	1	0	0	0	1	1	1	1	0	0	0	0	1	1	0	0	0	0	0	1	1	1	1	1	1	1	1	0	1	1	0	0	1	1	1	1
Mp1g01250	neg	0	0	0	0	0	0	0	0	0	0	0	0	0	0	0	0	0	0	1	0	0	0	0	0	0	1	0	1	0	1	0	0	0	0	0	0	0	0	0	1	0	0
Mp1g01360	neg	1	0	0	1	0	0	1	0	0	0	0	0	0	1	0	0	0	1	0	1	0	0	0	0	0	0	0	0	1	0	0	0	0	0	1	0	1	0	0	0	0	0
Mp1g01690	neg	0	1	0	0	0	1	0	0	0	0	0	1	0	0	1	0	1	0	1	0	1	0	0	0	0	1	0	0	1	0	0	0	0	1	1	0	1	0	0	0	0	0
Mp1g02250	neg	0	0	0	1	0	0	0	1	0	0	1	1	0	0	0	0	0	0	0	1	0	0	0	0	0	0	1	1	0	0	0	0	0	1	1	0	0	1	0	1	0	0
Mp1g03120	neg	0	0	0	0	0	0	0	0	0	0	1	1	1	0	1	1	1	0	0	1	0	0	0	0	0	0	1	0	1	0	1	0	1	1	0	0	1	0	0	1	0	1
Mp1g03340	neg	0	1	1	1	0	0	0	1	0	0	1	0	0	0	1	0	0	0	0	0	1	0	0	0	0	1	1	0	1	0	0	1	1	1	1	1	0	0	1	1	0	1
Mp1g03480	neg	1	1	0	1	1	0	1	0	0	0	1	0	0	0	0	1	0	0	1	0	0	0	0	0	1	0	0	0	1	0	1	0	0	0	1	1	0	1	0	1	1	1
Mp1g03650	neg	0	0	0	0	0	1	0	0	0	0	1	0	0	0	1	0	1	0	0	0	1	0	0	0	1	0	1	0	0	0	0	0	1	0	1	0	0	0	1	0	0	0
Mp1g03990	neg	0	1	0	0	0	0	1	0	0	0	1	1	0	0	0	1	1	0	1	1	0	0	0	0	0	1	1	1	1	0	1	1	1	1	1	0	1	1	0	1	0	1
Mp1g04010	neg	0	0	0	1	0	0	0	1	0	0	1	0	0	1	0	1	0	1	0	0	0	0	0	0	1	1	0	0	1	0	1	0	1	0	1	1	1	1	0	1	1	1
Mp1g04200	neg	0	1	0	1	0	0	1	1	0	0	1	1	1	0	0	0	0	1	1	1	0	0	0	0	1	0	0	0	1	1	0	0	0	1	1	1	1	0	0	1	1	0
Mp1g04460	neg	0	0	0	0	0	0	0	1	0	0	0	0	1	0	0	0	1	0	0	0	0	0	0	0	0	1	0	0	1	0	0	1	0	0	1	0	0	0	0	1	0	1
Mp1g04850	neg	0	1	0	1	1	1	0	1	0	0	1	0	0	1	0	1	0	1	0	1	0	1	0	0	1	1	0	0	0	0	1	0	0	0	1	0	0	1	0	1	0	1
Mp1g04880	neg	0	0	0	1	1	1	1	0	0	0	1	1	0	0	0	1	1	0	1	0	1	0	0	0	0	1	1	1	0	0	1	1	1	1	1	0	1	0	1	1	1	1
Mp1g05400	neg	1	1	1	0	1	1	0	1	0	0	0	0	0	1	1	0	0	1	0	0	0	0	0	0	0	1	0	1	1	0	0	0	0	0	0	0	0	0	0	1	0	0
Mp1g05500	neg	1	0	0	0	1	0	0	0	0	0	1	1	1	0	0	0	1	0	1	0	0	0	0	0	0	0	1	0	1	0	1	1	1	1	1	0	1	0	0	1	0	1
Mp1g05660	neg	0	0	0	1	0	0	0	0	0	0	0	1	1	1	0	1	1	0	0	1	0	0	0	0	1	0	0	0	1	0	1	0	0	1	1	1	0	0	1	0	1	1
Mp1g06010	neg	0	0	0	1	0	1	0	0	0	0	0	1	0	1	0	0	0	0	0	1	0	0	0	0	0	1	1	0	0	0	0	0	0	0	0	0	0	0	0	1	0	0
Mp1g06430	neg	1	1	0	0	1	0	0	0	0	0	0	0	1	1	1	0	0	0	0	0	0	0	0	0	0	0	0	1	1	0	0	0	0	0	0	0	1	0	0	0	0	0
Mp1g06750	neg	0	0	0	1	0	0	0	0	0	0	0	0	0	1	0	0	0	0	0	0	0	0	0	0	0	1	0	0	0	0	0	0	0	1	1	1	0	0	0	0	1	0
Mp1g07690	neg	0	0	0	0	0	0	1	0	0	0	1	1	0	0	0	0	0	0	0	0	0	0	0	0	0	0	0	1	0	0	0	0	0	1	0	0	1	1	0	1	0	0
Mp1g07860	neg	0	1	0	0	0	1	0	1	0	0	1	0	0	0	0	1	0	0	0	0	1	0	0	0	0	0	1	1	0	1	0	1	1	0	1	1	0	0	1	0	0	1
Mp1g08160	neg	0	0	0	1	0	1	0	0	1	0	0	0	0	0	0	1	0	0	0	1	0	0	0	0	1	1	0	0	1	0	0	0	0	0	1	0	1	1	0	0	0	1
Mp1g08410	neg	0	0	0	0	0	0	1	0	0	0	1	1	0	0	1	0	0	1	0	1	1	0	0	0	0	1	1	1	0	0	0	1	0	0	1	1	1	1	0	1	0	0
Mp1g08660	neg	0	0	0	0	1	0	1	0	1	0	1	1	0	0	0	0	0	1	0	0	1	0	0	0	1	1	1	0	0	1	0	1	1	1	0	0	0	0	0	0	0	1
Mp1g08780	neg	0	0	0	0	0	1	0	0	0	0	0	0	0	0	0	0	1	0	0	0	0	0	0	0	0	0	0	0	1	0	1	0	0	1	0	0	1	1	0	1	0	1
Mp1g09260	neg	0	0	0	0	0	0	0	0	0	0	0	0	0	0	0	0	0	0	1	1	1	0	0	0	1	0	0	0	0	0	0	0	0	1	1	0	0	0	0	1	0	0
Mp1g09510	neg	0	1	1	1	0	0	1	1	1	0	1	1	0	0	0	1	0	0	1	1	0	0	0	0	1	1	1	0	1	0	0	1	0	1	0	1	1	0	0	1	0	1
Mp1g09790	neg	0	1	0	0	0	0	0	0	0	0	1	0	1	0	1	0	0	1	0	1	0	0	0	0	1	1	1	1	1	1	1	1	1	0	1	0	1	0	1	1	0	0
Mp1g10040	neg	0	1	1	0	0	0	1	1	0	0	1	1	1	0	1	1	1	1	0	1	0	0	1	0	1	0	0	1	1	0	1	1	1	1	1	1	0	0	1	1	1	1
Mp1g10100	neg	1	0	0	0	1	0	1	1	0	0	1	0	0	0	0	1	1	0	1	1	1	0	0	0	0	0	1	1	1	0	1	0	0	1	1	0	1	1	0	1	0	1
Mp1g10220	neg	1	1	0	1	1	1	1	1	0	0	0	0	0	1	0	1	0	1	0	1	1	0	0	0	0	1	0	1	1	0	0	1	1	0	1	1	1	1	1	0	1	1
Mp1g10280	neg	0	1	0	0	0	0	0	1	0	0	1	1	1	1	0	0	0	1	0	1	0	0	0	0	0	0	0	1	1	0	1	1	0	0	1	1	0	1	1	1	0	1
Mp1g10300	neg	0	1	0	1	0	0	1	0	0	0	0	0	0	1	0	1	0	1	0	1	1	0	0	0	0	1	0	0	0	1	1	1	0	0	1	0	0	1	1	0	0	0
Mp1g10760	neg	1	1	0	0	1	0	0	0	0	0	1	0	1	0	0	1	1	0	1	0	1	0	0	0	0	1	0	0	1	1	1	1	1	0	1	1	0	1	1	0	1	0
Mp1g10850	neg	0	0	0	0	0	0	0	1	0	0	1	1	0	0	0	1	0	1	0	1	1	0	0	0	0	0	0	0	1	0	0	0	0	0	0	0	0	0	0	1	0	0
Mp1g10910	neg	0	0	0	0	0	0	0	1	1	0	0	0	0	0	0	0	0	1	1	0	1	0	0	0	0	1	0	0	1	0	0	0	0	0	1	0	0	0	0	1	0	1
Mp1g11470	neg	1	1	0	1	0	1	1	1	0	0	0	1	1	1	1	0	0	0	1	1	1	0	0	0	0	1	1	1	1	0	0	0	1	1	1	1	1	1	1	0	1	1
Mp1g12460	neg	1	1	0	0	0	0	1	0	0	0	1	1	0	1	0	0	0	0	0	0	1	0	0	0	0	0	1	1	1	0	0	0	1	1	1	1	0	0	1	0	0	1
Mp1g12750	neg	1	0	0	0	0	1	1	1	0	0	1	0	1	1	1	0	0	1	1	1	0	0	0	0	0	1	0	0	1	0	0	1	1	0	0	1	1	1	1	1	0	0
Mp1g12990	neg	0	1	0	0	0	0	0	0	1	0	0	0	0	0	0	0	1	1	0	1	1	0	0	0	0	0	0	0	1	0	0	0	0	1	1	0	1	1	0	0	0	0
Mp1g13030	neg	0	0	0	0	0	1	1	1	0	1	1	0	0	1	1	0	0	1	0	1	0	0	0	0	1	1	1	0	1	0	1	1	1	1	0	0	1	1	1	0	0	0
Mp1g13220	neg	0	1	0	1	0	0	0	1	1	0	1	0	0	1	0	0	1	0	0	1	0	0	0	0	0	0	1	0	0	1	1	0	0	0	1	1	0	0	1	1	0	0
Mp1g13400	neg	1	1	0	1	1	0	0	0	0	0	1	1	0	1	1	0	1	0	0	0	1	0	0	0	0	0	1	1	1	0	0	0	0	1	0	1	1	0	0	1	1	0
Mp1g13810	neg	0	0	0	0	0	1	0	0	0	0	0	0	1	1	0	0	0	0	0	0	0	0	0	0	1	1	1	1	0	1	1	0	1	0	0	0	0	0	0	0	0	0
Mp1g14080	neg	0	0	0	0	1	0	1	0	1	0	1	0	0	0	0	0	1	1	1	1	1	0	0	0	0	1	0	1	1	1	0	1	1	1	1	0	1	1	1	0	0	0
Mp1g14130	neg	0	1	0	1	0	1	0	0	0	0	1	0	0	1	0	0	0	1	0	1	0	0	0	0	0	1	0	1	0	0	0	0	0	1	1	0	1	0	0	1	0	1
Mp1g14290	neg	1	1	0	0	0	0	0	0	0	0	1	1	0	0	1	0	1	0	0	0	0	0	0	0	1	0	0	0	1	0	0	0	0	1	1	0	1	0	0	1	0	0
Mp1g14630	neg	0	0	0	1	1	0	1	0	0	0	1	0	0	0	1	0	0	0	0	1	0	0	0	0	1	0	1	0	0	0	0	1	0	0	0	1	1	0	0	0	0	0
Mp1g15320	neg	0	1	1	1	0	0	0	1	0	0	0	0	0	0	1	0	0	1	1	1	1	0	0	0	0	0	0	0	1	0	0	0	0	0	1	0	0	0	0	0	0	1
Mp1g15330	neg	0	1	0	1	1	1	1	1	0	0	0	0	0	0	1	0	0	1	1	0	1	0	0	0	0	1	0	0	1	1	1	0	1	0	0	1	1	1	1	1	1	1
Mp1g15450	neg	0	0	0	0	0	1	0	1	1	0	1	0	0	1	0	1	0	1	1	0	0	0	0	0	0	0	0	1	0	0	0	0	0	0	0	1	1	0	0	1	1	1
Mp1g16170	neg	0	0	0	1	0	1	0	0	0	0	0	1	1	1	1	0	1	0	0	0	0	0	0	0	0	1	0	0	1	0	1	0	0	1	1	0	1	0	1	0	1	1
Mp1g16370	neg	0	1	0	0	0	1	0	0	0	0	1	0	0	0	1	0	0	1	0	1	0	0	0	0	1	0	0	1	1	0	0	0	0	0	1	1	0	0	0	0	0	0
Mp1g16540	neg	1	1	1	1	0	1	1	1	0	0	1	0	1	0	0	0	0	1	0	0	0	0	0	0	1	0	0	0	0	0	0	0	0	0	1	1	1	0	0	0	1	0
Mp1g17010	neg	0	1	0	0	0	0	1	0	0	0	1	0	1	0	0	0	0	1	0	1	0	0	0	0	1	0	1	0	1	0	0	0	0	0	1	1	0	1	0	0	0	1
Mp1g17020	neg	1	0	0	0	1	1	1	0	0	0	0	0	0	0	0	0	0	1	0	0	0	0	0	0	0	0	1	1	0	0	0	0	0	1	0	0	1	0	0	0	0	0
Mp1g17710	neg	0	0	0	1	0	1	0	0	1	0	1	1	0	1	0	0	0	1	0	1	0	0	0	0	1	0	1	1	1	0	1	0	0	0	1	0	0	1	0	0	1	0
Mp1g17760	neg	0	1	0	1	0	0	0	0	0	0	1	1	1	1	0	0	0	1	1	1	0	0	0	0	0	1	1	0	1	0	0	1	0	0	1	0	1	1	1	1	1	0
Mp1g17980	neg	0	1	1	1	1	1	0	1	1	0	0	0	1	0	1	0	1	1	0	1	0	0	0	0	0	1	1	1	1	0	0	0	0	0	0	1	1	0	0	0	1	0
Mp1g18020	neg	1	0	0	0	0	0	1	0	0	0	0	0	0	0	0	0	0	1	0	1	1	0	0	0	0	0	1	0	0	1	0	0	0	0	0	0	1	0	0	1	0	1
Mp1g18310	neg	0	1	0	1	0	0	0	0	1	0	1	0	0	0	1	0	0	1	0	0	0	0	0	0	0	1	1	1	1	0	0	0	1	1	1	1	0	0	0	0	1	1
Mp1g18450	neg	0	0	0	0	0	1	1	0	0	0	1	0	0	1	1	1	0	0	1	0	1	0	0	0	0	1	1	1	1	0	1	0	1	0	1	1	1	0	1	1	1	0
Mp1g18500	neg	0	1	0	1	0	0	0	0	0	0	0	1	0	0	0	0	0	1	0	0	0	1	0	0	0	1	0	0	1	0	0	0	0	0	0	0	0	1	0	0	0	0
Mp1g18810	neg	0	0	0	0	0	0	0	0	0	0	0	1	0	1	0	1	0	1	0	1	1	0	0	0	0	0	0	1	0	1	0	1	0	0	1	0	0	0	0	0	1	1
Mp1g19390	neg	1	0	0	1	1	0	1	0	0	0	1	1	1	0	0	1	1	1	0	0	0	0	0	0	1	0	0	0	1	0	1	0	0	1	0	0	0	0	1	0	0	0
Mp1g19470	neg	0	0	0	1	1	0	0	1	0	0	0	0	0	1	1	1	1	1	0	0	1	0	0	0	0	0	1	1	1	0	0	1	0	1	1	0	1	0	0	0	1	0
Mp1g19570	neg	0	0	0	1	1	0	0	0	0	0	0	0	0	0	0	0	1	0	1	0	0	0	0	0	0	0	0	0	1	1	0	0	1	0	1	0	1	0	0	0	1	1
Mp1g20260	neg	0	0	0	0	0	1	1	0	1	0	1	0	1	0	1	0	0	1	0	1	0	0	0	0	0	1	1	1	1	0	1	1	0	0	0	0	1	0	1	0	0	0
Mp1g20800	neg	1	1	0	1	1	1	0	1	0	0	0	0	0	1	1	0	0	0	0	1	0	0	0	0	0	1	1	0	0	0	1	0	1	0	0	0	0	0	0	1	1	1
Mp1g21080	neg	0	0	0	0	0	0	1	0	0	0	0	0	0	0	0	0	0	0	1	0	0	0	0	0	0	0	0	0	1	0	1	0	1	1	1	0	0	0	0	0	0	1
Mp1g21240	neg	1	0	0	0	0	0	0	0	1	0	0	0	0	0	0	0	0	0	1	0	0	0	0	0	0	0	0	0	0	0	0	0	0	0	1	0	0	1	0	1	0	1
Mp1g21370	neg	0	0	0	1	0	1	0	0	0	0	0	1	0	0	0	0	0	1	0	1	0	0	0	0	1	0	0	0	1	0	0	1	0	1	0	0	0	0	0	0	0	0
Mp1g21390	neg	1	1	1	1	1	0	0	1	0	1	0	0	0	1	1	0	0	0	0	0	0	1	0	0	0	0	1	0	1	1	0	0	1	1	0	0	0	0	0	0	0	0
Mp1g21540	neg	0	0	0	0	0	0	0	1	0	0	1	0	0	0	0	1	0	1	0	1	0	1	0	0	0	0	1	1	1	1	0	0	0	1	1	1	1	1	0	1	0	0
Mp1g22140	neg	0	1	0	1	0	1	1	1	0	0	0	0	0	1	0	1	1	1	1	0	0	0	0	0	0	1	1	0	0	0	0	1	1	0	1	0	0	0	0	0	0	1
Mp1g22270	neg	0	0	0	0	0	1	1	0	0	0	1	0	0	0	0	0	1	1	0	1	0	0	0	0	0	1	1	0	1	1	1	1	1	0	0	1	1	0	0	1	0	0
Mp1g23130	neg	0	0	0	1	1	0	1	0	0	0	1	1	1	0	1	0	0	1	1	0	0	0	0	0	1	0	0	0	1	0	0	0	1	0	1	1	1	0	0	1	1	0
Mp1g24290	neg	0	0	0	0	1	1	0	0	0	0	1	0	0	0	0	1	1	0	0	1	1	0	0	0	0	1	0	0	0	1	1	0	1	0	0	1	0	0	0	1	0	0
Mp1g24360	neg	1	0	0	1	1	0	0	0	0	0	0	0	0	0	0	1	0	0	0	0	0	0	0	0	0	0	0	0	0	0	0	0	0	0	0	1	0	1	1	0	0	1
Mp1g24440	neg	0	1	1	0	0	0	1	1	0	0	1	0	1	0	1	0	0	0	0	1	1	0	0	0	1	1	1	1	1	0	0	1	1	1	1	1	1	1	1	1	1	1
Mp1g24630	neg	0	0	0	0	0	1	0	0	0	0	0	0	0	0	0	0	1	1	1	0	0	0	0	0	0	0	1	0	0	0	0	0	1	0	1	1	0	1	0	0	0	1
Mp1g24720	neg	0	1	0	0	0	1	1	0	0	0	1	0	0	1	1	1	0	0	0	1	0	0	0	0	1	1	0	1	1	0	1	0	1	0	1	1	1	0	0	1	0	0
Mp1g25030	neg	0	0	0	0	0	0	1	1	0	0	1	1	0	0	0	1	0	0	0	0	1	0	0	0	1	0	1	0	0	0	0	1	0	0	1	1	1	1	1	0	0	1
Mp1g25450	neg	0	0	0	0	0	0	0	0	0	0	0	0	1	1	1	1	0	1	0	1	0	0	0	0	0	1	0	0	0	0	0	0	1	0	1	0	1	1	1	0	0	1
Mp1g25520	neg	0	0	0	1	0	1	0	0	0	0	1	0	0	0	0	1	0	0	1	0	1	0	0	0	1	0	1	1	0	0	0	0	1	0	1	0	0	0	0	1	1	1
Mp1g25820	neg	1	1	0	1	1	0	0	1	0	0	1	0	1	0	1	1	1	0	0	1	1	0	0	0	0	0	1	0	1	1	0	0	0	1	1	0	1	1	0	1	0	0
Mp1g26050	neg	0	1	0	0	1	0	0	1	0	0	1	0	1	0	0	0	1	0	0	1	1	0	0	0	1	1	1	1	1	1	0	1	1	1	1	1	1	0	0	0	0	0
Mp1g26410	neg	0	0	0	0	1	1	0	0	0	0	0	0	0	1	0	0	0	0	0	0	0	0	0	0	0	1	1	0	0	0	0	0	0	0	0	0	0	0	0	1	0	1
Mp1g26700	neg	1	0	0	0	0	0	0	0	0	0	1	1	0	1	0	0	0	1	0	0	0	0	0	0	0	1	0	1	0	1	0	1	0	0	1	1	0	0	0	1	0	1
Mp1g26840	neg	0	0	0	0	0	1	1	0	0	0	1	0	0	0	0	0	0	0	1	1	0	0	0	0	0	0	1	0	0	0	0	0	1	1	0	1	1	1	0	0	1	0
Mp1g27260	neg	0	0	0	0	0	0	0	1	1	0	1	0	0	1	1	1	0	0	0	0	0	0	0	0	1	0	1	0	0	0	0	0	0	0	1	1	0	1	0	0	1	0
Mp1g27710	neg	0	1	1	0	0	0	0	1	0	0	0	0	0	0	0	0	0	1	1	0	0	0	0	0	0	1	1	0	1	0	1	0	1	0	0	1	1	0	0	1	1	0
Mp1g27820	neg	0	0	0	0	0	0	0	0	0	1	1	1	0	1	1	1	0	0	0	1	0	0	0	0	1	0	1	1	0	0	0	0	0	1	1	0	1	1	0	0	0	1
Mp1g27840	neg	1	1	0	1	1	1	0	1	0	1	1	1	1	1	0	1	1	0	0	0	0	0	0	0	0	1	1	1	1	0	1	1	1	0	1	1	0	0	1	1	1	1
Mp1g28130	neg	0	0	0	1	0	1	0	0	0	1	0	0	1	0	0	0	0	0	0	0	0	0	0	0	1	0	1	0	0	0	0	0	0	1	1	1	1	0	1	0	1	0
Mp1g28600	neg	0	1	0	0	0	1	0	0	0	0	1	0	0	1	0	0	0	0	0	0	0	0	0	0	0	0	1	0	1	0	1	0	0	1	1	1	1	1	0	1	0	0
Mp1g29150	neg	0	0	0	0	0	0	0	0	0	0	1	1	0	0	0	1	0	0	1	1	0	0	0	0	0	0	1	1	1	0	1	0	0	1	0	0	0	0	0	1	0	0
Mp1g29200	neg	1	0	0	0	1	1	0	1	0	0	1	0	1	0	1	1	1	1	0	0	1	0	0	0	0	1	1	1	1	0	0	0	1	0	0	1	0	1	1	1	1	0
Mp1g29710	neg	0	1	0	1	0	0	1	1	0	0	1	1	0	1	0	0	0	0	0	1	1	0	0	0	1	1	1	1	1	0	0	0	1	1	1	0	1	1	1	1	0	0
Mp2g00280	neg	0	0	0	0	0	1	1	0	0	0	0	0	1	1	1	0	1	1	0	1	0	0	0	0	1	0	0	0	1	0	0	0	0	1	1	1	1	0	0	1	1	0
Mp2g00360	neg	0	0	0	1	0	0	0	0	0	0	1	0	0	0	0	0	0	0	0	1	0	0	0	0	1	0	0	0	1	0	0	0	0	0	0	0	1	0	0	1	0	0
Mp2g00420	neg	0	0	0	1	1	0	0	0	1	0	1	1	1	0	1	0	1	1	1	0	1	0	0	0	0	0	1	0	1	0	1	0	0	1	0	0	0	1	1	0	1	1
Mp2g00980	neg	0	1	0	0	0	1	0	1	0	0	0	0	0	0	0	0	0	0	1	1	0	0	0	0	0	0	1	0	0	0	0	0	1	0	1	0	1	1	0	0	1	0
Mp2g01170	neg	0	1	0	1	0	0	0	1	1	1	1	0	0	0	1	1	0	0	1	1	0	0	0	0	1	1	0	1	1	1	0	0	1	0	1	1	1	1	1	0	1	0
Mp2g01190	neg	0	0	0	0	1	0	1	0	0	1	0	0	1	1	0	1	0	0	1	1	0	0	1	0	1	0	0	0	0	0	0	1	1	0	1	0	0	0	1	0	0	1
Mp2g01260	neg	1	0	0	0	0	0	0	0	0	0	0	0	0	1	0	0	0	1	1	0	0	0	0	0	0	1	1	0	1	0	0	0	0	0	0	0	0	1	0	0	0	1
Mp2g02600	neg	1	0	0	0	0	0	0	0	0	0	1	0	0	0	0	0	0	0	0	0	0	0	0	0	1	0	1	1	1	1	0	0	0	0	0	0	1	0	0	1	0	0
Mp2g02950	neg	0	0	0	0	1	0	0	1	0	0	1	1	0	1	0	1	1	1	0	1	1	0	0	0	1	0	1	0	1	0	1	1	0	0	0	1	0	1	0	0	0	0
Mp2g03010	neg	1	0	0	1	1	0	0	0	0	0	0	0	0	1	0	1	1	0	0	0	1	0	0	0	0	0	1	0	0	0	0	0	1	0	1	0	0	0	0	0	0	0
Mp2g03020	neg	0	0	0	1	1	1	0	0	0	0	0	0	1	0	0	1	1	0	0	0	1	0	0	0	1	1	1	1	0	1	1	0	0	1	1	1	0	1	1	1	0	0
Mp2g03080	neg	1	0	0	0	1	0	0	1	0	0	0	1	0	1	0	0	0	0	1	0	0	0	0	0	0	1	1	1	0	1	0	0	0	1	0	0	1	1	1	1	0	0
Mp2g03840	neg	0	1	0	1	0	0	1	0	0	0	1	0	0	1	1	1	0	1	1	1	0	0	0	0	0	0	0	0	0	0	0	0	0	0	1	0	1	0	1	0	0	0
Mp2g03930	neg	0	1	1	0	0	0	0	1	0	0	0	1	0	0	0	0	0	0	1	1	1	0	1	0	0	1	1	0	1	0	1	1	1	1	1	0	1	0	0	0	0	0
Mp2g04080	neg	0	0	0	0	1	1	0	0	1	0	0	0	0	1	0	0	0	1	1	0	0	0	0	0	0	0	0	0	1	0	0	0	0	0	1	0	0	0	0	1	1	0
Mp2g04700	neg	1	0	0	1	0	0	1	1	0	0	1	1	0	1	0	0	0	0	1	1	1	0	0	0	1	0	1	0	1	0	1	0	0	0	0	1	1	1	1	0	1	0
Mp2g05180	neg	0	0	0	1	0	1	0	0	0	1	1	0	1	0	0	1	1	1	1	1	0	0	0	0	1	0	0	1	1	1	0	0	0	0	1	1	0	1	1	1	0	0
Mp2g05330	neg	0	1	1	1	1	0	1	1	0	0	1	0	0	0	0	0	1	1	1	1	0	0	0	0	1	0	0	1	1	0	0	1	0	1	1	1	1	1	0	0	0	1
Mp2g05350	neg	1	0	0	0	1	1	0	1	0	0	1	0	0	0	1	1	0	0	1	1	1	0	0	0	0	1	1	1	1	0	0	1	0	1	1	1	1	0	0	0	0	1
Mp2g06150	neg	1	0	0	0	1	0	0	0	0	0	0	0	0	1	0	0	0	0	0	1	1	0	0	0	0	0	1	0	0	0	0	0	0	0	1	0	0	1	0	0	0	1
Mp2g06290	neg	1	0	0	1	0	1	1	0	0	0	1	1	0	1	0	1	0	0	0	0	1	0	0	0	1	1	1	0	0	0	0	0	0	1	1	1	0	1	0	1	1	0
Mp2g06730	neg	0	0	0	0	0	0	1	1	0	0	1	1	1	1	1	1	0	0	1	0	1	0	0	0	0	0	1	1	1	0	1	0	1	1	1	0	0	1	1	0	0	1
Mp2g06970	neg	0	0	0	0	0	0	0	0	0	0	1	1	0	0	1	0	1	1	1	1	1	0	0	0	0	1	1	0	0	0	0	0	0	0	0	1	0	0	0	1	0	0
Mp2g07460	neg	1	0	0	1	0	0	1	0	0	0	0	0	0	1	0	0	1	1	0	1	1	0	0	0	0	0	1	1	0	0	1	0	1	1	0	1	0	1	0	0	1	0
Mp2g07890	neg	0	1	0	0	0	1	1	1	0	0	1	0	0	1	1	1	0	1	0	0	1	0	0	0	1	1	0	0	1	0	1	0	1	1	1	1	1	1	1	0	1	1
Mp2g08890	neg	0	0	0	1	1	0	0	0	0	0	0	0	0	0	0	0	0	1	1	0	0	0	0	0	0	0	0	0	1	0	0	0	0	0	1	0	0	0	0	1	0	1
Mp2g08990	neg	1	1	1	1	1	0	1	1	0	0	0	0	0	0	1	1	0	1	1	1	1	0	0	0	0	0	1	0	0	1	0	0	0	1	1	0	0	1	0	1	1	1
Mp2g09150	neg	0	1	0	0	1	0	1	0	0	1	1	1	1	0	1	0	1	0	0	1	0	0	0	0	1	1	0	1	1	0	1	0	0	0	1	0	0	0	1	0	0	0
Mp2g09230	neg	0	1	0	0	0	0	1	0	0	0	1	0	1	0	1	0	0	1	1	0	0	0	0	0	0	1	1	1	1	0	0	0	1	1	1	0	1	0	1	1	0	1
Mp2g09330	neg	1	0	0	1	0	0	0	0	0	0	1	0	1	0	0	0	1	1	0	1	0	0	0	0	0	1	1	1	1	0	1	1	1	1	1	0	1	1	1	1	0	0
Mp2g09550	neg	0	0	0	0	0	0	1	0	0	0	1	1	0	1	0	1	0	1	0	0	0	1	0	0	0	1	0	0	1	0	0	0	0	1	0	0	1	1	0	1	0	1
Mp2g10230	neg	1	1	0	0	1	1	1	0	0	0	1	1	1	0	1	0	0	1	1	1	1	0	0	0	0	0	0	0	1	0	0	1	1	1	1	0	1	0	1	0	0	0
Mp2g10470	neg	1	0	0	1	1	0	0	0	0	0	1	0	0	1	0	0	0	1	1	0	0	0	0	0	0	1	0	0	0	1	1	0	1	1	1	1	0	0	0	1	1	0
Mp2g10740	neg	1	1	0	1	1	1	1	1	0	0	1	1	0	1	1	0	0	1	1	0	1	0	0	0	1	0	1	0	0	0	0	0	1	1	1	0	1	0	0	0	1	0
Mp2g10780	neg	0	1	0	1	0	0	1	1	0	0	0	0	0	0	0	0	1	0	1	0	0	0	0	0	0	0	0	1	0	0	0	0	0	0	1	0	1	1	0	1	0	1
Mp2g11220	neg	0	0	0	1	0	0	0	0	0	0	0	0	0	0	1	0	0	0	0	0	0	0	0	0	1	1	0	1	1	0	0	0	1	0	1	1	0	1	0	0	1	0
Mp2g11260	neg	0	0	0	0	0	1	1	0	0	0	0	1	1	0	1	1	0	1	0	1	1	0	0	0	0	1	0	1	0	0	1	0	0	1	0	1	1	0	1	0	1	0
Mp2g11270	neg	1	0	0	0	0	0	0	1	0	0	1	0	1	1	0	0	0	1	1	1	0	0	0	0	0	1	0	0	1	0	0	0	1	0	0	1	0	1	1	1	1	0
Mp2g13020	neg	0	0	0	0	1	0	0	0	1	0	1	1	0	1	0	1	0	1	1	1	1	0	0	0	1	0	1	1	1	1	1	0	1	0	1	0	0	0	1	0	0	1
Mp2g13800	neg	0	1	1	1	0	1	0	1	0	0	0	1	0	0	0	1	0	1	0	0	0	0	0	0	1	0	0	0	0	0	0	1	0	1	1	0	0	1	0	1	0	1
Mp2g14140	neg	0	0	0	0	0	1	0	1	0	0	1	0	1	0	1	1	0	0	0	1	1	0	0	0	0	0	0	1	1	0	0	0	0	0	1	1	1	1	1	0	0	1
Mp2g14160	neg	0	1	0	0	0	0	0	1	0	0	0	0	0	1	1	0	0	0	0	1	1	1	0	0	0	0	1	1	1	1	0	1	1	0	1	1	1	1	1	0	1	0
Mp2g15630	neg	0	0	0	0	0	1	1	0	0	0	1	1	0	1	0	0	0	0	1	1	1	0	0	0	1	1	0	1	1	0	0	0	0	0	1	1	1	1	0	1	0	0
Mp2g16010	neg	0	1	0	0	0	0	0	0	0	0	0	0	0	0	0	0	0	0	1	0	1	0	0	0	1	1	0	0	0	0	0	1	0	0	1	0	1	1	0	1	0	0
Mp2g16780	neg	1	1	1	0	1	1	0	1	0	0	1	0	0	0	1	1	0	0	0	0	0	0	0	0	0	1	0	1	1	1	0	1	1	1	1	1	0	1	1	1	0	1
Mp2g17040	neg	0	0	0	0	0	0	1	0	1	0	1	0	1	1	1	0	0	0	1	1	1	0	0	0	1	0	1	1	0	1	1	0	1	1	0	1	1	0	0	1	0	1
Mp2g17640	neg	0	0	0	0	0	0	1	0	0	0	0	0	0	0	0	0	0	1	0	0	0	0	0	0	0	1	0	1	1	0	0	0	0	0	1	1	1	0	0	0	1	1
Mp2g17700	neg	1	1	0	1	0	0	1	0	0	0	0	1	0	1	1	0	0	1	0	0	0	0	0	0	0	0	0	1	1	0	0	1	1	0	0	0	0	1	0	0	0	0
Mp2g17860	neg	0	0	0	1	0	0	1	0	0	0	0	1	0	0	0	0	0	0	0	0	0	0	0	0	0	0	0	1	0	1	1	1	1	1	1	0	1	1	0	1	0	0
Mp2g18040	neg	1	0	0	1	0	0	1	1	1	0	1	0	1	0	0	0	1	0	1	0	1	0	0	0	0	1	1	1	1	0	1	1	1	1	1	1	1	0	1	0	0	0
Mp2g18890	neg	0	0	0	1	1	0	1	0	0	0	1	0	1	0	1	1	0	0	1	0	1	0	0	0	0	0	0	1	1	0	0	0	1	1	1	1	1	0	1	1	0	1
Mp2g19960	neg	1	1	0	0	0	0	0	1	0	0	1	0	0	0	0	1	0	0	0	1	0	0	0	0	0	0	1	1	1	0	0	1	0	0	1	1	1	0	0	0	1	1
Mp2g20000	neg	1	1	0	1	0	0	0	0	1	0	1	0	1	0	0	0	0	1	0	0	1	0	0	0	0	1	0	1	1	0	1	1	1	1	1	0	0	0	1	0	0	0
Mp2g20330	neg	0	1	0	0	0	0	0	0	1	0	1	0	0	0	0	0	0	1	1	1	0	0	0	0	1	0	1	1	0	0	1	1	1	0	1	0	1	0	0	1	0	0
Mp2g20730	neg	0	0	0	1	0	0	0	0	0	0	1	0	1	1	0	0	0	0	1	0	0	0	0	0	0	0	1	1	1	0	0	0	0	1	1	0	1	1	0	1	0	0
Mp2g21190	neg	0	0	0	1	1	0	0	1	0	0	1	0	0	0	0	0	0	1	0	1	1	0	0	0	1	0	0	1	1	0	0	1	1	1	0	0	1	0	1	0	1	1
Mp2g21830	neg	0	0	0	0	0	1	0	0	1	0	1	1	0	0	0	0	0	0	0	0	1	0	0	0	0	0	0	1	1	1	0	0	0	0	0	1	1	0	1	1	1	1
Mp2g22020	neg	0	0	0	0	0	0	0	0	0	0	0	0	0	0	1	1	0	0	0	0	0	0	0	0	0	0	0	0	0	0	0	0	0	0	0	1	0	0	0	0	0	0
Mp2g22270	neg	0	0	0	1	0	0	1	1	0	0	1	0	1	0	0	0	0	1	1	0	0	0	0	0	0	1	0	1	1	0	1	0	0	0	1	1	1	0	0	0	1	0
Mp2g22940	neg	0	0	0	0	0	1	0	0	0	0	1	0	0	1	0	1	0	0	0	0	0	1	0	0	0	1	0	1	1	0	0	0	0	0	0	1	0	1	0	0	1	1
Mp2g22950	neg	0	1	0	0	0	1	0	0	1	0	1	1	1	1	1	0	1	0	0	0	1	0	0	0	1	1	1	1	1	0	0	0	0	1	1	0	0	0	1	0	0	1
Mp2g22970	neg	1	1	1	0	0	0	1	1	0	0	1	0	0	1	0	0	1	1	1	0	0	0	0	0	0	1	1	1	1	0	0	1	0	0	1	0	1	1	0	0	0	1
Mp2g23130	neg	1	1	0	1	0	1	0	0	0	0	1	1	0	0	1	0	1	0	0	1	1	0	0	0	1	1	1	1	1	0	1	0	1	0	1	1	1	1	0	1	0	1
Mp2g23460	neg	0	0	0	1	1	0	0	0	0	0	1	0	1	0	0	0	1	1	1	1	0	0	0	0	0	0	0	0	0	0	0	0	0	0	1	0	1	1	1	1	0	0
Mp2g23470	neg	0	1	0	0	0	1	1	0	1	0	1	1	0	1	0	0	0	1	0	0	0	0	0	0	0	1	0	1	0	0	0	0	0	0	1	1	1	1	0	0	1	1
Mp2g24170	neg	0	0	0	1	0	1	0	0	1	0	0	0	1	1	1	1	1	0	0	1	1	0	0	0	1	0	0	0	0	0	1	0	0	0	0	0	0	1	1	1	0	1
Mp2g24300	neg	0	1	0	1	0	1	0	0	0	0	0	0	0	0	0	0	1	1	0	0	1	0	0	0	0	1	1	0	1	0	0	1	1	1	0	0	1	1	0	1	0	0
Mp2g24710	neg	1	1	0	1	0	0	0	0	0	0	1	0	1	1	0	0	1	1	1	1	1	0	0	0	0	1	1	1	1	0	0	0	1	1	1	1	1	0	0	1	1	1
Mp2g25700	neg	1	0	0	0	0	0	0	0	0	0	1	0	0	1	0	0	1	0	1	0	1	0	0	0	0	0	1	1	0	1	0	0	1	1	1	1	1	0	1	0	1	1
Mp2g25820	neg	0	1	0	1	0	1	1	0	0	0	1	0	1	0	0	1	1	1	0	0	1	0	0	0	1	0	1	0	1	0	0	1	1	0	1	0	1	0	1	0	0	1
Mp2g26470	neg	0	1	1	1	1	0	1	1	0	0	1	0	0	0	1	0	1	0	0	1	0	0	0	0	1	1	0	0	0	1	0	0	1	0	1	1	1	1	0	0	1	1
Mp2g26590	neg	0	1	0	1	0	0	0	1	0	0	1	0	1	1	0	0	0	1	1	1	1	0	0	0	1	1	1	1	0	0	0	0	1	1	1	1	1	0	1	0	1	1
Mp3g00460	neg	0	1	1	0	0	0	1	1	0	0	1	0	1	0	0	1	0	1	1	1	0	0	0	0	1	1	1	1	1	0	1	1	1	1	1	0	1	1	1	0	0	1
Mp3g01120	neg	0	1	0	0	0	1	1	1	0	0	1	1	1	1	0	0	1	0	0	1	1	0	0	0	1	1	0	1	1	0	1	1	1	1	1	0	0	0	0	0	0	1
Mp3g01780	neg	0	0	0	1	0	0	0	0	0	0	0	0	1	1	0	1	0	0	0	1	0	0	0	0	0	0	0	0	0	0	0	1	0	0	1	1	0	0	1	0	0	1
Mp3g01990	neg	0	1	0	1	1	0	1	0	0	0	1	0	0	0	0	0	0	0	0	1	1	0	0	0	1	1	0	0	1	1	1	0	1	0	0	0	1	0	0	0	1	1
Mp3g02750	neg	1	1	0	0	1	1	0	1	0	0	0	1	0	1	0	0	1	1	0	1	1	0	0	0	0	1	0	1	1	0	0	1	1	1	1	1	0	1	1	0	1	1
Mp3g03480	neg	0	0	0	0	1	0	0	0	0	0	1	1	0	1	0	0	1	0	1	0	0	0	0	0	1	1	0	0	1	0	0	0	0	1	0	0	0	0	0	1	0	0
Mp3g03790	neg	1	0	0	0	0	0	0	1	0	0	0	0	0	0	0	0	0	0	0	0	0	0	0	0	0	1	0	0	1	0	0	0	0	1	0	0	0	1	0	1	0	0
Mp3g03830	neg	0	0	0	0	1	0	1	1	1	1	1	0	0	0	0	1	1	1	0	0	0	0	0	0	1	0	0	1	1	0	1	1	0	0	1	1	1	1	0	0	0	1
Mp3g04230	neg	0	0	0	0	0	0	1	0	0	0	1	0	0	0	0	0	0	1	0	1	0	0	0	0	0	0	0	0	1	0	0	0	0	0	0	1	0	0	0	0	0	0
Mp3g04720	neg	0	0	0	0	1	0	1	1	0	0	1	0	1	0	0	1	1	1	1	0	0	0	0	0	0	1	1	0	1	0	0	1	1	0	1	1	1	1	1	1	1	0
Mp3g05300	neg	1	0	0	0	0	0	0	0	0	0	1	1	0	0	1	1	0	1	1	0	0	0	0	0	1	1	0	0	1	0	0	0	0	1	1	1	0	0	0	1	0	1
Mp3g06120	neg	0	0	0	1	1	1	1	0	0	0	1	1	0	1	0	0	1	1	1	0	1	0	0	0	0	0	0	0	1	0	1	0	1	1	1	1	1	0	1	1	0	0
Mp3g06340	neg	0	0	0	0	0	1	0	0	0	0	1	1	0	1	0	0	0	1	1	1	0	0	0	0	0	0	0	1	1	0	0	0	0	0	1	1	1	1	0	1	1	0
Mp3g06380	neg	0	0	0	0	0	0	1	1	0	1	0	1	0	1	1	1	0	1	0	0	1	0	0	0	0	0	1	0	0	0	0	1	0	1	1	1	1	1	0	0	0	0
Mp3g07100	neg	1	0	0	0	1	0	1	0	0	0	1	0	0	0	1	1	1	0	1	1	1	0	0	0	1	0	0	1	1	0	1	1	0	0	1	0	0	1	1	0	0	0
Mp3g07380	neg	1	0	0	0	1	1	0	0	1	0	1	1	1	1	1	1	1	0	0	1	1	0	0	0	0	0	0	1	0	0	1	1	1	1	1	1	1	0	1	0	0	1
Mp3g07860	neg	0	0	0	1	1	1	0	0	0	0	1	1	0	0	0	0	0	1	1	0	0	1	0	0	0	0	0	0	0	0	0	0	0	0	0	0	0	0	0	1	0	0
Mp3g08820	neg	0	1	0	0	0	1	1	0	1	0	1	0	1	1	0	0	0	1	1	1	0	0	0	0	0	1	1	0	1	1	1	0	1	0	1	1	0	1	0	1	0	0
Mp3g09060	neg	0	0	0	1	0	1	0	0	1	0	1	1	0	0	0	1	0	1	0	0	1	0	0	0	0	1	0	0	1	1	0	0	0	1	1	0	0	1	0	0	0	1
Mp3g09080	neg	1	0	0	0	0	0	0	0	0	0	1	1	0	1	1	1	0	1	1	1	0	0	0	0	0	0	1	0	0	1	0	0	0	1	0	1	1	1	0	1	0	1
Mp3g09120	neg	1	0	0	0	1	1	1	1	0	0	0	0	0	1	1	0	0	0	1	1	0	0	0	0	1	1	1	0	1	0	1	0	1	1	1	0	1	0	1	1	1	1
Mp3g10020	neg	0	0	0	1	0	0	1	0	1	0	1	0	0	1	1	1	0	1	1	0	1	0	0	0	0	0	0	0	0	0	1	1	0	0	0	0	0	1	0	0	0	1
Mp3g10030	neg	0	0	0	0	1	0	1	0	1	0	1	1	0	0	1	1	0	1	0	1	1	0	0	0	1	0	1	0	0	0	0	1	0	1	0	1	1	1	0	1	0	0
Mp3g10110	neg	1	0	0	0	1	1	1	0	0	0	1	1	0	1	1	0	1	1	1	1	0	0	0	0	1	0	1	0	1	0	1	1	1	1	1	1	0	1	0	0	1	0
Mp3g10650	neg	0	0	0	0	0	0	1	1	0	0	0	0	1	1	0	0	0	1	1	1	0	0	0	0	1	1	1	1	1	0	0	1	1	0	1	1	1	1	0	1	0	0
Mp3g10950	neg	0	1	0	1	0	1	0	0	0	0	1	0	0	0	0	0	0	0	0	0	0	0	0	0	0	1	0	0	0	0	0	0	1	0	0	0	0	0	0	0	0	0
Mp3g11250	neg	0	0	0	0	0	0	0	0	0	0	1	1	1	1	0	1	0	1	1	1	1	0	0	0	1	0	0	0	1	0	0	0	1	1	0	1	0	1	0	0	0	1
Mp3g11610	neg	0	1	0	1	0	0	0	0	1	0	0	0	0	0	0	0	0	0	0	0	1	0	0	0	0	0	1	0	0	0	1	0	0	0	1	0	1	1	0	0	1	0
Mp3g11890	neg	0	0	0	0	0	0	0	0	0	0	1	0	0	1	1	0	0	0	0	0	1	0	0	0	0	0	0	0	1	0	1	0	0	0	1	1	0	0	0	1	1	0
Mp3g12060	neg	0	1	0	1	1	1	0	0	0	0	0	0	0	1	0	0	0	0	1	1	0	0	0	0	1	1	0	1	1	0	0	0	1	1	1	0	0	1	0	0	0	0
Mp3g14280	neg	1	1	0	1	0	0	0	0	0	0	1	0	0	1	0	1	0	1	0	1	0	0	0	0	0	1	0	1	0	0	0	0	0	0	1	0	0	1	0	1	0	1
Mp3g14820	neg	1	1	0	1	1	0	0	1	0	0	1	1	0	1	0	0	0	0	1	0	0	0	0	0	1	1	0	1	1	1	1	0	1	1	1	1	1	1	0	0	1	1
Mp3g15140	neg	1	1	0	0	0	0	1	0	0	0	0	0	0	0	0	0	0	1	1	0	0	0	0	0	0	1	1	1	0	0	0	0	0	0	0	0	1	0	0	0	0	1
Mp3g15210	neg	0	1	0	1	0	1	0	1	1	0	1	0	0	0	1	0	1	0	0	1	0	0	0	0	1	0	0	0	1	0	0	0	0	0	1	0	1	0	0	1	1	0
Mp3g15300	neg	0	0	0	0	1	1	1	0	0	1	1	1	0	1	0	1	1	1	0	0	0	0	0	0	0	1	0	0	1	0	1	0	1	0	0	0	0	1	0	1	0	0
Mp3g15850	neg	1	0	0	1	0	0	1	1	0	0	0	1	1	0	1	0	0	0	1	1	1	0	0	0	0	1	0	0	0	0	0	1	0	0	1	0	1	0	1	0	1	0
Mp3g16140	neg	0	0	0	0	0	1	1	0	0	0	0	0	0	1	1	0	0	1	1	1	1	0	0	0	1	1	0	0	0	0	0	0	0	0	0	1	1	0	0	1	0	0
Mp3g16440	neg	0	1	0	1	1	0	0	0	1	1	0	1	0	1	1	1	1	1	1	0	0	0	0	0	0	0	0	0	1	0	0	0	0	0	1	0	0	0	0	1	0	0
Mp3g16510	neg	1	1	0	0	0	0	0	0	0	0	0	0	0	0	1	0	0	0	0	1	0	0	0	0	0	0	0	1	0	0	0	1	0	0	1	0	0	1	0	1	0	1
Mp3g17600	neg	0	0	0	0	1	0	1	0	0	0	1	0	0	0	0	0	0	0	1	1	1	0	0	0	0	0	1	0	0	0	0	0	1	0	0	1	0	0	0	0	0	0
Mp3g17640	neg	0	1	1	0	0	0	1	1	1	0	1	0	1	0	1	1	0	1	0	1	0	0	0	0	1	0	1	1	1	0	1	0	0	1	1	0	1	1	1	1	1	1
Mp3g17830	neg	1	0	0	0	0	1	1	1	0	0	1	0	1	0	0	0	0	1	0	0	1	0	0	0	1	1	1	0	1	0	0	0	1	0	1	1	0	1	0	0	1	0
Mp3g17940	neg	0	0	0	0	0	1	1	0	0	0	0	1	0	0	0	0	0	0	0	1	1	0	0	0	1	0	0	0	0	0	0	0	0	0	0	0	0	1	1	0	0	0
Mp3g18260	neg	0	0	0	1	0	0	0	0	0	0	1	0	1	1	1	1	0	0	1	0	0	0	0	0	1	1	1	1	1	1	0	1	1	0	0	1	0	0	1	1	1	1
Mp3g18670	neg	0	1	0	0	0	0	0	0	1	0	0	0	0	0	0	1	0	1	0	1	0	0	0	0	0	0	0	1	0	0	0	0	0	1	0	0	0	1	0	0	0	0
Mp3g18840	neg	0	0	0	1	0	0	0	0	0	0	0	0	0	1	0	0	0	0	1	0	0	0	0	0	1	0	0	0	0	0	0	0	0	0	1	0	0	0	0	0	0	0
Mp3g19160	neg	0	1	0	0	0	1	0	1	0	0	1	0	0	0	0	0	0	1	0	0	0	1	0	0	0	1	1	1	1	1	1	1	1	0	1	0	0	1	0	0	0	0
Mp3g19300	neg	1	1	0	1	1	0	1	1	0	0	1	0	0	0	1	1	1	0	1	1	1	0	0	0	0	1	1	0	1	0	1	0	1	0	1	1	0	0	0	1	0	0
Mp3g19590	neg	0	1	0	1	0	1	0	1	0	0	0	0	0	0	0	1	0	1	0	1	0	0	0	0	0	0	0	0	1	1	1	0	0	0	1	1	0	0	0	1	0	1
Mp3g20080	neg	1	1	0	1	1	0	1	0	1	0	1	1	0	0	1	1	1	0	1	1	0	0	0	0	1	0	0	0	1	1	0	0	0	0	1	0	1	0	1	1	0	1
Mp3g20180	neg	0	1	0	0	1	1	0	1	0	0	1	1	1	1	1	0	0	0	1	1	0	0	0	0	0	0	0	1	0	0	0	0	0	0	1	1	1	0	1	0	1	1
Mp3g20340	neg	1	1	1	0	0	0	1	1	0	0	1	0	1	1	1	1	1	1	1	1	0	0	0	0	0	1	1	1	0	0	0	1	0	1	1	1	1	1	1	0	1	1
Mp3g20650	neg	1	0	0	0	1	0	1	0	1	0	1	0	0	0	1	0	0	1	1	0	1	0	0	0	0	0	1	1	1	0	1	0	1	0	0	0	1	0	0	0	0	0
Mp3g20910	neg	0	1	0	1	0	0	1	0	1	0	0	0	1	1	1	1	0	1	0	0	0	0	0	0	0	0	1	0	1	0	1	0	0	0	1	0	1	0	0	0	0	0
Mp3g21350	neg	0	1	0	0	1	1	1	0	1	0	0	1	1	1	0	0	0	1	0	1	0	0	0	0	0	1	1	1	0	0	0	0	0	1	1	1	1	1	0	1	1	0
Mp3g21830	neg	0	0	0	1	1	0	1	1	0	1	1	0	0	0	0	1	1	0	0	1	1	0	0	0	1	1	0	1	1	1	0	1	0	0	1	1	1	1	1	0	1	1
Mp3g22290	neg	0	1	0	0	0	1	0	1	0	0	1	0	0	1	0	0	0	0	1	1	1	0	0	0	0	1	0	0	0	0	0	0	1	0	0	0	0	1	0	0	0	1
Mp3g23210	neg	0	0	0	0	0	0	1	0	0	0	1	0	0	0	0	1	0	1	0	0	0	0	0	0	0	0	0	0	1	0	0	0	0	1	1	0	1	1	0	1	1	0
Mp3g23230	neg	1	0	0	0	0	0	0	1	0	0	0	1	0	0	0	0	0	1	0	0	0	0	0	0	0	1	1	0	1	0	1	0	0	1	1	0	0	1	0	1	0	1
Mp3g23510	neg	1	0	0	1	0	0	1	0	0	0	0	1	1	1	1	0	0	1	0	1	1	0	0	0	1	0	1	1	1	0	1	1	1	1	1	1	0	1	1	1	1	0
Mp3g23780	neg	0	0	0	0	1	0	0	0	0	0	0	0	0	0	0	0	0	0	0	0	0	0	0	0	0	0	0	1	0	0	0	0	1	0	1	1	0	1	1	0	1	0
Mp3g24990	neg	0	0	0	0	0	0	0	1	0	0	1	0	0	0	1	1	0	0	0	0	1	0	0	1	0	0	1	1	1	0	0	0	1	0	1	0	1	0	1	0	1	1
Mp4g00060	neg	0	0	0	1	0	0	1	0	0	0	1	0	0	0	1	1	0	1	1	1	0	0	0	0	0	1	0	0	1	0	1	1	0	0	0	0	0	0	0	0	0	0
Mp4g00280	neg	0	1	0	0	0	1	1	0	0	0	0	0	0	1	0	0	0	0	1	0	0	0	0	0	0	0	1	0	1	0	0	1	0	0	1	0	0	1	1	0	0	0
Mp4g01130	neg	0	1	1	1	1	1	1	1	0	0	1	1	0	0	0	0	0	1	0	0	1	0	0	0	0	1	0	1	1	1	1	1	0	0	0	1	1	0	1	1	1	0
Mp4g02250	neg	0	1	0	0	1	0	0	0	0	0	0	0	0	1	0	1	0	1	1	0	0	0	0	0	1	0	0	0	0	0	0	0	1	0	1	0	0	1	0	1	0	0
Mp4g02510	neg	1	0	0	1	0	0	0	0	0	0	0	1	1	1	0	1	0	0	0	1	1	0	0	0	0	1	1	0	1	0	0	0	1	1	1	0	0	0	1	0	0	1
Mp4g02650	neg	1	1	0	0	0	0	1	1	0	0	0	0	1	0	1	0	0	0	1	1	1	0	0	0	1	0	0	1	0	0	0	1	0	0	1	1	0	1	0	1	0	0
Mp4g03930	neg	0	1	0	0	0	0	1	1	0	0	1	0	1	1	0	1	0	0	1	1	0	0	0	0	0	0	0	0	0	1	1	1	1	1	0	1	1	0	0	0	0	1
Mp4g04030	neg	0	0	0	0	0	0	0	0	1	0	1	1	0	0	0	0	0	0	0	1	0	0	0	0	1	0	1	0	0	0	0	0	0	0	1	0	0	1	0	0	1	0
Mp4g04940	neg	1	0	0	1	0	0	0	0	0	0	0	0	0	0	1	0	0	1	0	1	0	0	0	0	0	0	0	0	1	0	0	0	1	0	0	0	1	0	1	0	0	0
Mp4g05850	neg	1	1	1	0	1	1	0	1	1	0	1	1	1	0	0	0	1	0	0	1	0	0	0	0	0	1	0	0	1	0	0	1	1	0	0	1	0	1	1	0	0	1
Mp4g06330	neg	0	1	0	0	0	0	0	0	0	0	1	0	1	1	1	1	1	0	0	1	0	0	0	0	1	0	1	1	1	0	1	1	1	1	1	0	1	1	1	0	0	1
Mp4g06530	neg	1	0	0	1	1	1	0	0	1	0	0	0	0	1	1	0	0	0	0	0	1	0	0	0	0	1	0	0	0	0	0	0	1	0	1	0	1	0	0	1	0	0
Mp4g06960	neg	0	0	0	1	0	0	1	0	0	0	0	1	1	1	1	1	1	0	0	0	0	0	0	0	0	1	1	0	0	1	0	0	0	1	1	1	1	1	0	1	0	1
Mp4g07010	neg	1	1	1	0	0	1	1	1	0	0	1	0	0	0	0	1	0	1	0	0	1	0	0	0	1	1	1	0	0	0	0	0	0	0	1	0	0	1	0	0	0	1
Mp4g08270	neg	0	0	0	0	0	1	0	1	0	0	1	0	0	1	0	0	0	0	0	1	0	0	0	0	1	0	0	1	1	0	0	0	0	0	0	1	1	0	0	1	1	0
Mp4g08410	neg	0	0	0	0	1	0	0	0	0	1	1	0	0	0	0	0	1	1	0	0	0	0	0	0	0	0	1	1	1	0	0	1	0	1	0	0	1	0	1	1	1	0
Mp4g08910	neg	0	0	0	1	0	0	1	0	0	0	0	1	0	1	0	0	1	1	0	1	0	0	0	0	0	0	0	1	1	0	1	0	0	0	1	0	0	0	0	0	0	0
Mp4g09120	neg	1	0	0	0	0	1	0	1	0	0	1	0	0	0	0	1	0	1	1	0	1	0	0	0	1	0	0	0	0	0	0	1	0	0	0	0	0	0	0	1	0	1
Mp4g09750	neg	0	1	1	0	0	0	1	1	0	0	1	1	0	0	1	1	0	1	0	0	0	0	0	0	0	0	1	1	0	1	0	1	1	0	1	1	0	0	0	0	0	1
Mp4g10040	neg	0	0	0	0	0	1	0	0	0	0	1	1	0	1	0	1	0	1	0	0	1	0	0	0	0	1	1	1	1	1	0	0	0	1	1	1	0	1	0	0	0	0
Mp4g10390	neg	1	0	0	1	0	1	1	0	0	0	0	1	0	0	1	1	0	1	1	0	0	0	0	0	1	1	1	0	1	0	0	0	0	1	1	0	0	0	0	1	1	1
Mp4g10590	neg	0	0	0	0	0	0	0	0	0	1	1	0	0	1	0	0	0	1	0	1	0	0	0	0	1	0	1	0	1	1	1	1	0	1	1	0	1	1	1	0	1	0
Mp4g10860	neg	0	1	1	0	0	0	0	1	0	0	1	0	0	1	0	0	0	0	0	0	0	0	0	0	0	0	1	0	1	0	0	1	1	0	1	0	0	0	0	1	0	0
Mp4g11710	neg	0	0	0	1	0	0	0	0	0	0	1	0	1	0	0	1	1	1	0	1	1	0	0	0	0	0	0	0	0	0	0	0	0	1	1	1	0	1	0	0	0	1
Mp4g11780	neg	0	1	0	1	0	0	1	1	0	0	0	0	0	1	0	0	0	0	0	1	0	0	0	0	0	0	1	0	0	0	0	0	0	0	0	1	1	0	0	0	1	1
Mp4g12690	neg	1	1	1	1	1	1	1	1	0	0	0	0	0	1	0	0	1	0	0	1	1	0	0	0	1	1	0	1	0	0	0	1	0	1	1	0	1	0	1	0	0	0
Mp4g12910	neg	1	1	0	0	1	0	0	0	0	0	0	0	0	0	1	1	1	0	0	0	0	0	0	0	0	1	1	1	1	0	1	1	0	0	1	0	1	0	0	0	0	1
Mp4g13950	neg	1	1	1	0	0	1	1	1	0	1	1	0	0	1	1	0	0	1	1	0	0	0	0	0	1	1	0	0	1	0	1	0	0	0	1	0	0	0	0	0	0	0
Mp4g13960	neg	0	1	1	1	0	0	1	1	0	0	0	1	0	1	1	0	0	1	1	1	0	0	0	0	1	0	0	0	1	1	0	0	0	1	1	1	1	1	0	1	1	0
Mp4g14230	neg	0	1	0	0	0	0	0	0	0	0	0	0	0	1	1	0	0	0	1	1	0	0	0	0	0	0	0	0	0	0	0	0	0	0	1	1	0	1	0	1	0	0
Mp4g14380	neg	1	0	0	1	0	0	1	0	0	0	1	1	0	0	0	0	0	1	1	1	0	0	0	0	0	0	1	1	0	0	0	0	0	1	1	0	1	0	0	1	0	0
Mp4g14890	neg	1	0	0	0	1	0	0	1	0	0	0	0	1	1	0	1	0	1	1	0	1	0	0	0	0	1	1	1	0	0	1	1	1	1	1	1	1	1	1	0	0	1
Mp4g15080	neg	0	0	0	1	1	0	1	0	0	0	1	0	0	0	1	0	0	1	0	1	0	0	0	0	1	0	0	1	0	0	1	0	0	0	0	1	0	0	0	1	1	0
Mp4g15210	neg	0	0	0	1	1	0	1	0	1	0	1	1	0	0	1	0	1	0	0	0	0	0	0	0	0	0	0	0	1	0	0	0	0	1	0	0	1	1	0	1	0	0
Mp4g16420	neg	1	1	1	0	1	0	0	1	1	0	1	1	1	0	0	0	1	1	1	1	0	0	0	0	0	0	0	1	1	0	1	0	1	0	0	0	0	1	1	0	1	1
Mp4g16480	neg	0	0	0	0	0	0	0	0	0	0	0	0	0	1	1	0	0	0	0	1	0	0	0	0	0	0	0	1	1	0	1	0	0	0	0	0	0	0	0	0	0	0
Mp4g16650	neg	0	0	0	0	0	0	1	0	0	0	1	0	0	0	1	0	0	0	1	0	0	0	0	0	0	1	0	0	1	0	0	0	0	0	0	0	1	0	0	1	0	0
Mp4g16940	neg	1	1	0	1	1	0	1	1	0	0	1	0	0	0	0	1	1	0	0	1	0	0	0	0	1	0	1	1	0	0	1	1	1	0	1	1	1	0	1	1	0	1
Mp4g17860	neg	0	0	0	0	0	0	1	0	0	0	1	0	0	0	1	1	0	1	1	1	0	0	0	0	0	0	0	1	0	0	0	1	0	0	1	0	1	1	0	1	0	0
Mp4g18080	neg	0	1	1	0	0	1	0	1	0	1	0	0	0	0	1	1	1	0	0	1	1	0	0	0	0	0	0	1	0	0	0	1	1	0	1	1	1	0	0	0	1	0
Mp4g18320	neg	0	0	0	0	1	1	0	0	0	0	0	0	1	1	0	1	0	1	1	1	0	0	0	0	0	1	0	1	0	0	0	0	0	0	0	0	0	0	0	1	0	1
Mp4g20010	neg	0	0	0	0	0	1	1	0	0	0	1	0	0	0	0	1	0	1	1	1	1	1	0	0	0	0	1	0	0	0	0	1	1	0	1	0	1	1	0	1	0	0
Mp4g20280	neg	0	0	0	0	0	0	1	1	0	0	1	0	1	0	0	0	0	0	0	0	1	0	0	0	0	0	1	1	0	1	1	1	1	0	1	1	1	1	0	1	0	0
Mp4g20380	neg	0	1	1	0	1	0	0	1	0	0	1	1	1	0	0	1	1	1	1	1	0	0	0	0	0	0	1	1	1	1	1	0	1	1	1	1	1	1	0	0	1	0
Mp4g20800	neg	0	1	0	0	0	1	0	1	0	0	1	1	0	1	1	0	0	1	1	0	0	0	0	0	0	0	1	1	1	1	1	1	1	0	1	1	0	0	0	1	0	1
Mp4g21000	neg	1	0	0	1	1	0	1	0	0	0	1	0	0	0	0	1	1	1	1	0	1	0	0	0	0	1	1	0	1	0	0	0	1	1	1	0	1	1	0	1	0	1
Mp4g21390	neg	1	1	1	1	1	1	1	1	0	0	1	1	1	0	0	0	0	0	0	1	0	1	0	0	1	1	1	0	0	0	0	0	0	1	1	1	0	0	1	1	1	0
Mp4g21460	neg	0	1	1	1	0	0	0	1	0	0	1	0	0	0	0	0	0	0	0	1	1	0	1	0	0	0	1	0	1	0	0	0	1	0	1	1	0	0	0	0	1	1
Mp4g22160	neg	0	0	0	1	0	1	1	0	0	0	1	0	0	1	0	0	0	1	1	0	0	0	0	0	0	1	1	1	1	0	1	1	0	0	1	0	1	0	0	1	1	0
Mp4g22430	neg	0	1	1	0	0	0	1	1	0	0	1	0	1	0	0	0	0	1	1	1	0	0	0	0	0	1	1	0	0	0	1	1	1	1	1	0	1	0	1	1	0	1
Mp4g22640	neg	0	1	1	0	1	0	0	1	0	0	0	0	0	0	1	0	0	0	1	1	1	0	0	0	1	1	0	0	0	0	1	1	0	0	0	0	0	0	0	1	1	0
Mp4g23010	neg	0	0	0	0	0	0	1	1	1	0	0	0	0	0	1	1	0	0	0	1	0	0	0	0	0	1	0	0	0	0	1	1	1	1	0	0	0	1	0	0	1	1
Mp4g24080	neg	1	0	0	0	0	0	1	1	1	0	0	0	0	0	1	0	0	0	1	0	0	0	0	0	0	0	0	0	0	0	0	0	0	0	1	1	1	1	0	1	0	0
Mp5g00090	neg	1	0	0	0	1	1	0	0	0	0	1	0	0	1	0	0	0	1	1	0	0	0	0	0	1	0	0	1	1	0	0	1	0	0	1	1	0	1	1	0	0	0
Mp5g00310	neg	0	1	0	0	0	1	0	0	0	0	0	0	0	0	1	0	1	0	1	1	1	0	0	0	1	0	0	0	0	1	0	0	0	0	1	1	1	0	0	1	1	0
Mp5g00440	neg	0	0	0	0	0	0	0	0	0	0	0	1	0	0	1	0	0	1	0	0	0	0	0	0	0	0	0	0	1	0	0	0	0	0	1	0	1	1	0	1	0	0
Mp5g00500	neg	0	1	0	1	1	1	0	0	0	0	1	1	0	0	0	1	0	0	0	0	0	0	0	0	0	0	0	1	1	0	1	1	0	0	1	1	0	0	0	1	1	0
Mp5g01400	neg	1	0	0	0	1	0	0	0	0	0	1	0	0	0	0	0	0	0	0	1	1	0	0	0	1	1	1	1	1	0	1	0	0	0	0	1	0	0	0	0	1	0
Mp5g01860	neg	1	0	0	0	0	1	0	0	1	1	1	1	0	0	1	0	0	1	1	1	1	0	0	0	0	0	1	0	1	0	0	0	1	0	1	1	1	1	0	0	0	0
Mp5g01890	neg	0	1	1	1	1	1	0	1	0	0	1	0	0	0	0	0	0	1	1	1	0	1	0	0	0	0	0	1	0	0	0	0	0	0	0	1	0	0	1	0	1	0
Mp5g02160	neg	0	1	0	1	0	0	0	0	0	0	1	0	0	1	0	0	0	1	0	0	1	0	0	0	1	0	0	1	0	0	1	0	1	0	1	1	0	1	0	0	1	0
Mp5g02260	neg	0	0	0	0	0	0	0	1	0	0	0	0	1	0	1	0	0	1	0	1	0	0	0	0	1	0	1	1	1	0	0	0	1	0	1	1	0	0	1	0	1	0
Mp5g02640	neg	0	0	0	0	1	0	0	0	0	0	1	1	0	0	1	0	0	0	1	1	0	0	0	0	1	1	1	0	0	0	0	0	0	0	0	1	1	0	1	1	1	1
Mp5g03840	neg	0	0	0	0	0	1	1	1	0	0	1	0	0	1	0	0	0	0	1	1	0	0	0	0	1	0	1	1	1	0	1	0	0	0	1	0	1	1	0	1	1	0
Mp5g04810	neg	1	1	0	0	0	1	0	1	0	0	1	1	0	0	0	1	1	1	1	1	0	0	0	0	0	0	1	1	1	0	0	0	0	1	1	1	1	1	0	1	1	1
Mp5g05050	neg	1	1	0	1	1	1	1	0	0	0	0	1	0	1	0	1	0	1	0	0	1	0	0	0	0	0	1	1	1	0	0	1	0	0	1	1	1	1	0	1	0	1
Mp5g05470	neg	1	0	0	1	1	0	0	0	1	0	1	0	0	0	0	0	0	0	1	0	0	0	0	0	1	0	0	1	1	0	0	0	0	1	1	1	0	1	0	1	1	1
Mp5g05840	neg	0	0	0	0	0	0	1	0	0	0	1	1	1	1	1	1	0	1	0	0	1	0	0	0	0	1	1	0	1	0	0	1	1	1	1	0	1	1	1	0	0	1
Mp5g05920	neg	0	1	0	1	0	0	0	1	1	0	1	1	1	0	1	0	0	0	1	0	1	0	0	0	1	0	0	1	1	0	0	0	0	1	1	1	0	1	0	0	1	0
Mp5g06790	neg	0	0	0	1	0	1	1	0	0	0	1	1	1	0	1	1	1	1	1	0	1	0	0	0	1	0	0	1	1	1	0	0	1	1	1	1	1	1	0	0	0	1
Mp5g07100	neg	0	1	0	0	0	0	0	0	0	0	1	0	0	1	0	0	0	1	1	0	0	0	0	0	0	0	0	0	1	1	0	0	0	1	0	0	0	0	0	1	0	0
Mp5g08660	neg	0	0	0	1	0	0	1	0	0	0	0	0	0	1	0	0	0	1	0	0	0	0	0	0	0	0	0	0	1	0	0	0	1	0	1	0	0	1	0	0	0	0
Mp5g09160	neg	1	1	1	1	0	1	0	1	0	0	1	1	0	1	0	0	0	1	1	1	0	0	0	0	1	0	1	0	0	0	0	0	0	0	1	1	1	0	0	1	1	0
Mp5g09290	neg	1	0	0	0	1	0	0	0	0	0	0	0	0	0	1	1	0	0	0	0	1	0	0	0	0	0	1	0	1	1	1	0	0	0	0	1	1	1	1	1	0	1
Mp5g09340	neg	0	0	0	0	0	1	0	0	1	0	1	0	1	0	0	1	0	1	0	1	1	0	0	0	1	1	1	0	1	0	1	0	0	0	1	1	1	1	1	0	0	1
Mp5g09590	neg	0	1	0	0	0	0	0	0	0	1	1	1	0	0	1	0	1	1	1	1	1	0	0	0	1	0	0	0	1	0	0	1	0	1	0	0	1	0	1	0	0	0
Mp5g09680	neg	0	0	0	0	0	1	0	0	0	1	0	1	0	1	1	1	1	1	0	0	1	0	0	0	0	0	0	1	0	0	0	0	0	1	1	0	0	0	0	1	0	0
Mp5g09820	neg	0	1	0	0	0	0	0	0	0	0	1	0	1	0	1	0	0	0	1	0	0	0	0	0	1	1	1	0	0	0	1	0	0	0	1	1	0	0	1	0	1	1
Mp5g10010	neg	1	1	0	0	1	0	1	0	0	0	1	0	1	0	0	1	1	1	1	1	1	0	0	0	0	0	0	0	1	1	1	0	0	0	0	1	0	1	0	1	0	0
Mp5g10030	neg	1	1	1	0	0	0	1	1	0	0	1	0	1	0	0	0	0	1	0	1	0	0	0	0	0	0	0	0	1	0	1	0	0	1	1	1	0	0	1	1	1	0
Mp5g10230	neg	1	0	0	0	0	0	1	0	0	0	1	0	0	0	0	0	0	0	0	1	1	0	0	0	1	1	0	0	1	0	1	0	0	0	1	1	1	1	0	1	1	1
Mp5g10470	neg	0	0	0	1	0	0	1	1	0	0	1	0	0	0	0	0	0	1	0	0	1	0	0	0	0	0	0	0	1	0	1	1	0	1	1	0	1	0	1	1	1	1
Mp5g10500	neg	1	0	0	1	1	1	1	1	0	0	1	1	0	0	0	0	1	1	0	1	0	0	0	0	1	1	0	1	1	0	0	0	0	1	1	1	0	0	0	0	1	1
Mp5g10830	neg	1	0	0	1	1	0	1	1	0	1	1	1	1	0	1	0	1	1	1	1	1	0	0	1	1	1	0	0	1	0	0	0	0	0	1	1	1	1	1	0	1	1
Mp5g11140	neg	0	1	0	1	1	0	0	1	0	0	1	0	0	1	1	0	1	1	1	0	0	0	0	0	0	1	0	1	1	0	0	0	1	0	1	1	1	1	0	1	0	0
Mp5g11470	neg	0	0	0	0	0	1	0	0	0	0	1	0	0	0	0	0	1	0	0	0	1	0	0	0	0	1	1	1	1	1	1	1	1	1	1	0	1	0	0	0	0	0
Mp5g11880	neg	1	0	0	1	0	0	0	0	0	0	0	0	0	0	1	0	0	1	0	1	0	0	0	0	1	0	1	0	0	0	1	0	0	0	0	1	1	0	0	1	1	1
Mp5g12900	neg	1	0	0	1	0	1	1	1	0	0	1	1	1	1	1	0	1	0	1	0	0	0	0	0	1	1	0	1	1	1	0	1	0	1	1	1	1	1	0	1	0	0
Mp5g12940	neg	0	1	0	1	1	0	0	1	0	0	0	1	0	1	1	0	0	0	0	1	0	0	0	0	0	0	1	0	0	0	0	1	0	1	1	1	1	1	1	1	1	0
Mp5g13410	neg	0	0	0	1	0	0	0	1	0	0	1	0	0	1	0	1	0	1	0	0	0	0	0	0	0	0	1	1	1	0	1	1	1	0	0	1	0	0	0	0	1	1
Mp5g13540	neg	0	1	0	1	0	1	1	0	0	0	1	0	0	1	1	1	0	1	0	1	0	0	0	0	1	1	0	1	1	0	0	1	0	1	1	1	1	1	0	0	1	1
Mp5g15520	neg	0	0	0	1	0	0	0	0	0	0	1	1	0	0	1	1	0	0	1	1	1	0	0	0	1	0	0	1	0	1	0	0	0	1	1	1	1	0	0	0	1	1
Mp5g15700	neg	0	0	0	0	0	1	1	1	0	0	1	0	0	1	1	0	0	0	1	0	1	0	0	0	0	1	0	1	1	0	0	0	1	1	1	1	0	0	0	0	1	0
Mp5g15720	neg	0	0	0	1	0	0	0	0	0	0	1	1	0	0	1	0	0	1	0	1	0	0	0	0	1	1	0	1	1	0	0	1	1	0	0	0	0	0	0	1	0	0
Mp5g17330	neg	0	0	0	1	0	0	0	0	0	1	1	1	0	0	1	1	1	0	1	1	1	0	0	0	1	0	0	1	1	0	0	0	0	0	0	0	0	1	0	0	0	1
Mp5g17530	neg	0	1	0	1	0	0	0	0	0	1	1	0	1	0	0	0	1	1	0	0	0	0	0	0	0	0	0	0	0	0	0	0	0	1	1	0	1	1	1	0	0	0
Mp5g18590	neg	0	0	0	0	0	1	1	0	0	0	0	0	1	0	1	1	0	0	0	1	0	0	0	0	0	0	0	0	1	0	0	0	0	0	0	1	0	1	1	1	0	0
Mp5g19430	neg	0	1	0	0	0	0	1	0	0	0	0	1	1	1	0	0	0	1	0	0	1	0	0	0	0	1	0	1	0	1	0	0	0	1	0	1	1	0	0	0	1	0
Mp5g19450	neg	0	0	0	0	0	0	1	0	0	0	1	1	0	0	0	0	0	1	0	0	0	0	0	0	0	0	1	0	1	0	0	1	0	0	1	1	1	1	1	1	0	1
Mp5g19650	neg	1	1	0	0	0	1	1	0	0	0	1	1	0	0	1	1	1	1	0	0	0	0	0	0	1	0	0	0	1	0	1	0	1	0	0	0	1	0	1	1	0	1
Mp5g20740	neg	0	0	0	1	0	0	1	0	0	0	1	0	1	0	0	1	0	0	0	0	0	0	0	0	0	0	1	0	0	1	1	0	0	0	1	1	0	0	1	0	0	1
Mp5g20810	neg	1	0	0	1	0	0	0	1	0	0	0	0	1	1	0	0	0	1	1	1	1	0	0	0	1	0	0	0	1	0	1	0	0	0	1	1	0	0	1	0	1	0
Mp5g21200	neg	0	1	1	1	0	1	0	1	0	0	1	0	1	0	1	1	1	1	0	0	0	0	0	0	0	0	0	1	0	0	0	0	0	0	1	0	0	1	0	1	0	1
Mp5g22230	neg	0	1	1	0	0	0	0	1	0	0	1	1	1	0	1	0	1	0	0	1	1	0	0	0	1	0	1	0	1	0	0	1	1	0	1	0	1	1	1	0	1	1
Mp5g22310	neg	0	1	0	0	1	0	1	0	0	0	1	0	0	1	0	1	0	1	0	1	0	0	0	0	0	1	0	0	0	1	0	0	0	0	0	1	0	0	0	1	0	1
Mp5g22500	neg	1	0	0	1	0	0	0	1	0	0	0	1	1	1	1	1	1	1	0	1	0	0	0	0	0	1	1	1	0	0	0	0	0	1	1	1	0	0	0	1	0	1
Mp5g22580	neg	0	0	0	0	1	1	0	1	0	0	0	1	0	1	0	1	1	0	0	0	1	0	0	0	0	1	0	1	1	0	1	0	1	1	1	0	1	0	0	1	0	1
Mp5g23340	neg	1	1	0	0	0	0	0	0	0	0	0	0	0	1	1	0	0	0	1	0	0	0	0	0	0	0	0	1	1	0	1	1	0	1	1	1	0	0	0	1	0	1
Mp5g24080	neg	0	0	0	0	1	0	0	0	0	0	0	1	0	1	1	0	0	1	0	0	1	0	0	0	0	1	0	1	0	0	0	0	0	0	0	1	1	1	0	1	0	0
Mp5g24510	neg	0	1	0	1	0	0	1	0	0	0	1	0	0	0	0	0	0	1	0	0	0	0	0	0	0	1	0	0	1	0	1	0	0	0	1	0	0	0	0	1	1	0
Mp6g00320	neg	0	0	0	0	0	0	0	0	0	0	0	0	0	1	0	1	0	1	0	0	0	0	0	0	1	0	0	1	1	0	0	0	0	0	0	0	0	0	1	1	0	0
Mp6g00430	neg	1	1	0	0	1	0	0	1	0	0	1	0	0	1	0	0	0	0	0	1	0	0	0	0	0	0	0	1	0	0	0	1	1	0	1	1	1	0	0	0	1	0
Mp6g01390	neg	0	1	1	0	0	1	0	1	0	0	1	0	0	0	1	1	0	1	1	0	1	0	0	0	1	1	1	1	0	0	0	0	0	1	1	0	1	1	0	0	0	0
Mp6g02510	neg	1	0	0	0	0	0	0	0	0	0	1	1	1	0	0	1	1	0	0	1	1	0	0	0	1	1	1	0	0	1	0	1	1	1	1	0	1	1	1	0	0	0
Mp6g02690	neg	1	0	0	0	1	1	0	0	0	0	1	0	0	0	1	0	0	0	0	1	0	0	0	0	1	1	1	1	0	0	1	0	1	0	1	0	0	1	0	0	0	0
Mp6g02740	neg	0	1	0	0	1	1	0	1	0	0	1	0	0	0	0	0	0	0	0	1	0	0	0	0	0	1	1	0	1	1	1	0	1	0	1	0	0	0	0	1	1	1
Mp6g03560	neg	0	0	0	0	1	0	0	1	1	0	0	1	0	0	0	1	1	0	1	0	0	0	0	0	0	1	0	1	0	0	0	0	0	0	1	1	0	1	0	1	0	0
Mp6g03680	neg	0	0	0	0	0	0	1	0	0	0	0	0	0	0	0	0	0	0	1	0	1	0	0	0	0	1	0	1	0	0	0	0	1	0	1	1	0	0	0	0	1	0
Mp6g03930	neg	1	0	0	0	1	0	0	0	1	0	1	0	0	0	0	0	0	0	0	1	1	0	0	0	0	1	0	1	0	0	0	0	0	0	0	0	0	0	1	0	0	1
Mp6g04140	neg	1	0	0	1	0	1	1	0	1	0	1	0	0	0	0	0	1	0	1	0	1	0	0	0	1	1	1	1	1	0	0	0	1	1	0	0	1	1	0	1	0	0
Mp6g04490	neg	0	1	1	1	0	1	1	1	0	0	1	1	0	0	0	0	0	0	1	1	1	1	0	0	0	0	1	1	1	1	0	1	1	1	0	0	1	0	1	0	0	0
Mp6g04500	neg	1	1	0	0	1	0	0	0	0	0	0	0	0	1	1	0	0	0	0	1	0	0	0	0	1	0	0	0	0	0	1	0	1	0	0	0	0	0	0	0	0	0
Mp6g04670	neg	1	1	0	1	0	1	1	1	0	0	1	0	0	1	1	0	0	1	0	0	1	0	0	0	1	1	0	0	1	0	0	0	0	0	1	1	0	1	0	1	1	0
Mp6g05420	neg	1	1	0	1	0	0	0	1	0	0	0	0	1	0	1	0	1	1	0	1	1	0	0	0	0	0	1	1	1	0	1	1	1	1	1	0	0	1	1	1	0	1
Mp6g05770	neg	0	0	0	0	0	0	0	0	1	0	0	1	1	0	0	1	0	1	0	1	1	0	0	0	1	1	1	1	0	0	0	1	0	0	0	1	1	0	1	0	1	1
Mp6g06520	neg	0	1	1	0	1	0	0	1	0	1	1	0	1	0	1	0	1	1	1	0	0	0	0	0	0	0	0	0	0	0	0	0	1	1	1	1	1	1	1	1	1	1
Mp6g07190	neg	0	0	0	0	0	0	0	1	0	0	1	1	1	1	0	1	0	0	1	0	1	0	0	0	0	0	1	1	1	0	0	0	1	1	1	0	1	1	1	0	1	0
Mp6g07410	neg	1	1	0	0	1	0	0	1	0	0	1	0	0	1	1	1	0	1	0	0	1	0	0	0	0	1	1	0	1	0	1	0	1	0	0	1	0	1	1	1	0	1
Mp6g07740	neg	0	1	0	1	0	1	1	1	1	1	1	0	0	1	1	0	0	1	1	0	0	0	0	0	1	0	0	0	1	0	1	1	0	0	0	1	1	1	0	1	1	0
Mp6g07820	neg	0	0	0	1	0	1	0	0	0	0	1	0	1	0	0	0	0	0	1	1	1	0	0	0	0	1	0	1	1	0	0	0	0	0	1	0	0	0	0	1	0	0
Mp6g07930	neg	0	1	0	0	0	0	0	1	0	0	0	1	0	0	0	0	0	1	0	0	0	0	0	0	0	0	1	1	0	0	0	0	0	1	0	0	1	0	1	1	0	1
Mp6g08210	neg	1	1	1	1	1	0	1	1	0	0	1	0	0	1	0	0	0	0	0	1	0	0	0	0	0	0	0	0	1	0	0	0	0	1	1	0	1	1	0	1	1	0
Mp6g08780	neg	1	1	0	1	1	0	1	0	1	1	1	0	0	0	1	1	1	0	0	1	0	0	0	0	1	0	0	0	1	0	0	0	0	0	1	0	1	1	0	1	0	1
Mp6g09210	neg	0	0	0	1	0	1	1	1	0	0	0	1	1	0	0	1	0	1	0	0	1	0	0	0	1	0	0	1	0	0	0	1	1	0	1	0	0	0	0	0	1	0
Mp6g09330	neg	0	0	0	0	0	0	1	0	0	0	1	0	0	0	0	0	0	1	1	0	1	0	0	0	0	1	0	1	1	1	0	0	0	0	1	0	1	0	0	1	1	0
Mp6g10950	neg	1	1	1	1	0	1	0	1	0	0	1	0	1	0	0	0	1	1	1	1	1	0	0	0	0	1	0	1	0	1	1	1	1	1	0	0	1	1	0	0	0	0
Mp6g11850	neg	0	0	0	0	0	0	0	0	0	0	1	0	0	1	1	1	0	1	1	1	0	0	0	0	1	0	1	1	0	0	0	0	0	0	1	0	0	1	0	0	0	0
Mp6g12540	neg	0	1	0	0	0	0	1	0	1	0	1	0	0	0	1	0	0	0	1	1	0	0	0	0	0	0	0	0	1	0	0	0	0	0	1	1	0	0	0	1	1	0
Mp6g12550	neg	0	0	0	0	0	0	1	0	0	0	1	0	0	1	1	0	0	1	0	0	0	0	0	0	0	0	0	0	0	0	0	0	0	1	1	1	1	1	0	1	0	0
Mp6g12630	neg	0	0	0	0	1	1	0	0	0	0	1	0	1	0	0	1	1	1	1	0	1	0	0	0	1	0	1	1	0	1	0	0	0	0	1	1	0	0	0	1	0	0
Mp6g13260	neg	1	0	0	0	0	0	1	0	1	0	0	0	0	1	0	0	0	0	0	1	1	0	0	0	1	0	1	0	1	0	1	0	0	0	1	0	1	0	0	0	0	0
Mp6g13280	neg	0	0	0	0	1	1	0	0	1	0	1	0	1	1	0	0	1	1	1	0	0	0	1	0	0	0	0	1	1	0	0	1	1	0	1	0	1	0	1	0	0	1
Mp6g14090	neg	0	0	0	0	0	1	1	1	0	0	0	0	0	0	1	0	0	1	1	0	1	0	0	0	0	0	0	0	1	0	1	0	0	0	1	1	1	0	0	0	1	1
Mp6g14230	neg	1	0	0	1	1	1	0	0	0	0	1	1	0	1	0	1	0	1	0	1	1	0	0	0	0	0	0	0	1	0	0	0	0	0	1	0	1	1	0	1	0	1
Mp6g14320	neg	0	0	0	1	1	1	1	1	0	0	1	0	0	0	0	1	0	0	1	1	1	0	0	0	0	0	1	1	1	0	1	0	0	1	1	1	1	1	1	1	0	1
Mp6g14370	neg	0	1	0	0	0	0	0	1	0	0	1	0	0	0	1	1	0	1	0	1	1	0	0	0	0	0	0	1	0	0	0	0	0	0	1	1	1	1	0	1	1	1
Mp6g14630	neg	1	1	1	0	1	0	1	1	0	0	1	0	1	0	0	1	1	1	0	1	1	0	0	0	0	0	1	1	1	1	1	0	0	0	1	1	1	0	0	1	0	1
Mp6g14800	neg	0	1	1	1	0	1	1	1	0	0	1	0	1	0	0	0	0	1	1	1	1	0	0	0	0	1	0	1	1	0	0	1	1	1	1	1	1	0	1	1	1	0
Mp6g16020	neg	1	0	0	1	0	0	0	1	0	0	1	1	0	1	0	1	0	0	1	0	0	0	0	0	0	1	1	1	0	1	0	0	0	1	0	0	1	1	0	0	1	1
Mp6g16860	neg	0	1	0	0	0	0	0	0	0	0	1	0	0	0	1	0	0	1	1	0	1	0	0	0	0	0	1	1	1	0	0	0	1	0	1	0	0	0	0	1	0	0
Mp6g17360	neg	0	0	0	0	0	0	1	0	0	0	1	1	0	0	0	0	0	0	1	0	0	0	0	0	0	0	0	1	1	0	1	0	1	1	1	1	0	1	0	1	0	1
Mp6g18250	neg	0	0	0	0	0	1	0	0	0	0	0	1	1	1	1	0	1	0	0	1	0	0	0	0	0	0	0	0	1	0	0	1	0	1	0	0	0	1	0	1	0	1
Mp6g18590	neg	0	0	0	0	1	0	0	0	0	1	1	0	1	0	0	0	0	0	1	1	0	0	0	0	1	1	0	0	1	0	1	0	1	1	1	0	1	0	1	1	1	1
Mp6g18800	neg	0	0	0	0	0	0	0	0	0	0	0	0	1	0	1	0	0	1	0	1	0	0	0	0	0	0	1	0	1	0	0	0	0	0	0	0	0	0	0	1	0	1
Mp6g18950	neg	0	0	0	0	0	0	0	0	0	0	0	0	0	1	1	0	0	1	1	0	0	0	0	0	0	0	0	0	0	0	0	0	0	0	0	0	1	1	0	0	0	0
Mp6g19100	neg	0	0	0	0	0	0	0	0	0	0	0	0	0	1	1	0	0	0	0	0	0	0	0	0	0	1	0	0	1	0	0	0	1	0	0	0	0	1	0	1	0	1
Mp6g19160	neg	0	0	0	0	1	1	1	1	1	0	1	1	1	0	1	0	0	0	1	0	1	0	0	0	0	0	1	0	1	1	0	0	0	1	0	1	1	0	0	0	1	1
Mp6g20050	neg	0	1	1	0	0	0	1	1	0	0	0	0	0	1	1	0	0	1	0	0	0	0	0	0	0	0	1	0	0	0	0	0	0	0	0	0	1	1	1	1	0	0
Mp6g20190	neg	0	1	0	0	0	0	0	0	0	0	0	0	0	0	0	0	0	0	0	1	0	0	0	0	0	1	1	1	1	1	1	0	0	0	1	0	1	1	0	1	0	0
Mp6g20330	neg	0	0	0	1	0	1	0	0	0	0	1	1	0	0	0	1	0	0	0	1	1	0	0	0	1	0	0	0	1	1	0	1	1	1	1	0	1	1	0	1	1	1
Mp6g20550	neg	0	1	0	0	0	1	0	1	0	0	0	1	0	1	1	0	0	1	0	0	0	0	0	0	0	0	0	1	0	0	0	0	0	0	1	0	0	0	0	1	0	0
Mp6g21170	neg	0	0	0	1	0	1	0	1	0	0	0	1	0	0	0	1	0	0	0	0	1	0	0	0	1	1	0	1	0	0	0	1	0	1	0	1	1	1	0	1	0	0
Mp6g21530	neg	0	0	0	0	0	0	0	1	0	1	0	0	0	0	0	1	0	1	0	1	0	0	0	0	0	0	0	0	0	0	1	0	0	0	1	0	1	0	0	0	0	0
Mp7g00290	neg	1	1	0	0	0	0	0	1	0	0	1	1	0	1	0	1	1	0	0	1	1	0	0	0	0	0	0	0	1	0	1	1	0	1	1	1	0	0	0	1	0	1
Mp7g00310	neg	0	1	0	0	0	0	0	0	0	0	1	0	0	1	0	0	0	1	0	0	1	0	0	0	0	0	0	0	0	0	0	0	0	0	1	1	0	0	0	1	0	0
Mp7g00320	neg	0	1	0	0	0	0	0	0	0	0	0	0	0	0	0	0	0	0	1	0	0	0	0	0	1	0	0	0	1	0	1	1	0	0	1	1	1	0	1	1	0	1
Mp7g00770	neg	1	0	0	1	1	0	0	1	0	1	1	0	0	0	0	0	1	0	1	1	1	0	0	0	1	0	0	1	1	1	0	0	0	0	0	0	1	1	0	0	0	0
Mp7g01380	neg	0	0	0	1	1	1	0	1	0	0	1	0	0	1	1	1	1	1	0	1	0	0	0	0	0	1	0	0	1	0	0	0	1	0	0	0	0	1	0	0	0	0
Mp7g01630	neg	0	1	0	1	1	0	0	0	0	0	0	1	1	1	0	1	1	1	1	1	0	0	0	0	0	1	0	0	1	0	1	1	1	1	0	1	1	1	1	1	1	1
Mp7g01690	neg	1	0	0	0	0	1	0	1	0	0	1	1	0	0	1	0	0	1	0	1	0	0	0	0	0	1	0	0	0	0	1	0	0	0	1	1	0	1	0	0	1	0
Mp7g01760	neg	0	1	0	1	0	0	1	0	1	0	1	1	0	1	0	0	0	1	0	0	0	0	0	0	1	1	0	1	0	1	0	0	0	1	1	0	1	1	0	1	1	0
Mp7g02770	neg	0	1	0	1	0	0	0	0	1	0	0	0	0	0	1	0	0	1	0	1	1	0	0	0	0	0	0	0	0	0	1	0	0	0	1	0	0	0	1	0	0	0
Mp7g02920	neg	0	1	0	1	1	0	1	0	0	0	1	1	0	1	0	0	1	0	0	0	1	0	0	0	0	0	0	0	0	0	1	0	1	1	1	0	1	0	0	1	1	1
Mp7g03170	neg	1	1	0	0	0	0	0	1	0	0	1	0	0	0	0	0	0	0	1	1	1	0	0	0	0	0	0	0	1	0	0	0	1	0	1	1	0	0	0	0	0	0
Mp7g03190	neg	1	1	0	1	0	0	0	1	0	0	1	0	1	1	1	1	0	0	1	1	0	0	0	0	0	0	0	0	0	0	0	0	0	0	1	1	1	1	1	0	0	1
Mp7g03320	neg	0	1	0	1	0	1	1	0	0	0	1	0	0	0	1	1	0	1	1	1	1	0	0	0	0	1	1	1	0	0	1	1	0	1	1	1	0	0	0	1	1	0
Mp7g03510	neg	0	1	1	0	1	0	0	1	0	0	0	0	0	0	1	0	1	1	1	1	1	0	0	0	1	1	0	1	0	0	0	1	0	0	1	1	0	1	0	1	0	0
Mp7g04230	neg	0	0	0	1	0	1	0	0	0	0	1	0	0	0	0	0	0	1	1	1	0	0	1	0	0	0	0	0	1	0	0	0	1	0	1	1	1	0	0	0	1	0
Mp7g04490	neg	0	0	0	1	0	0	0	0	0	0	0	0	0	0	1	0	0	0	1	1	0	0	0	0	1	0	1	1	0	0	0	1	0	0	1	0	0	0	0	1	0	0
Mp7g04890	neg	0	1	0	1	0	0	1	0	0	0	1	1	1	1	0	1	1	0	1	0	0	0	0	0	1	1	0	0	1	0	1	0	1	1	0	1	1	1	0	0	1	1
Mp7g05000	neg	0	0	0	1	1	0	0	1	0	0	1	1	0	0	0	1	1	1	1	1	0	0	1	0	0	1	1	1	1	0	1	1	1	1	1	1	0	0	1	0	0	0
Mp7g05150	neg	0	0	0	0	0	0	0	0	0	0	1	0	1	0	0	0	0	0	0	0	0	0	0	0	0	1	1	1	0	0	0	0	1	1	0	0	0	0	0	1	1	0
Mp7g05370	neg	0	0	0	0	0	0	0	0	0	0	1	0	1	0	0	0	0	1	1	1	1	0	0	0	1	0	0	0	1	1	1	1	1	0	1	0	0	0	1	1	1	0
Mp7g05650	neg	0	0	0	1	0	0	1	0	1	0	0	0	0	0	0	0	0	1	1	1	0	0	0	0	1	1	1	0	1	0	0	1	0	0	0	0	0	0	1	0	0	1
Mp7g05790	neg	1	0	0	0	1	0	1	0	1	0	1	0	1	1	1	0	1	0	0	1	1	0	0	0	1	0	1	0	1	0	1	0	1	0	0	0	0	1	0	0	0	1
Mp7g06020	neg	1	1	0	1	1	1	0	0	0	0	1	0	1	0	0	0	1	0	1	0	1	0	0	0	0	0	1	0	0	0	1	0	0	1	1	1	0	0	1	0	0	0
Mp7g06190	neg	0	1	1	1	1	0	1	1	1	0	1	0	0	0	0	0	0	0	1	1	1	0	0	0	0	0	1	0	0	0	1	0	0	0	1	0	0	1	0	0	0	0
Mp7g06410	neg	0	0	0	1	0	1	0	0	0	0	1	0	0	0	1	1	0	1	0	1	0	0	0	0	0	0	0	0	1	0	0	0	0	0	1	0	1	0	1	1	1	1
Mp7g06850	neg	0	1	0	1	0	0	0	0	0	0	1	0	1	0	0	1	0	1	1	1	1	0	1	0	1	1	1	0	0	0	1	1	1	1	1	1	1	0	1	0	0	1
Mp7g07780	neg	0	1	0	0	1	0	0	0	0	0	0	0	0	0	0	0	1	0	0	0	0	0	0	0	0	0	1	1	1	0	0	0	0	0	1	1	0	0	0	1	0	0
Mp7g07930	neg	0	0	0	0	0	0	0	0	0	0	1	1	0	1	0	0	0	1	1	1	1	0	0	0	1	0	1	1	1	0	1	0	1	1	1	1	1	0	0	0	1	1
Mp7g08770	neg	0	1	0	0	1	1	0	1	0	0	0	0	0	0	0	1	0	1	0	0	0	0	0	0	1	1	0	0	0	0	1	1	0	0	0	1	0	1	0	1	0	0
Mp7g08840	neg	0	0	0	1	0	0	0	0	0	0	1	0	0	0	0	1	0	0	1	1	0	0	0	0	1	0	0	1	0	0	1	0	1	0	1	0	0	1	0	0	0	1
Mp7g09520	neg	1	0	0	0	1	0	1	0	1	0	0	0	1	0	1	0	1	1	0	0	1	0	0	0	0	1	0	0	0	0	0	1	0	0	0	1	0	0	0	1	0	1
Mp7g09910	neg	0	1	0	0	0	0	1	0	0	1	1	0	0	1	1	0	0	0	1	1	1	0	0	0	1	0	0	1	0	0	0	0	1	1	1	0	1	1	0	1	1	1
Mp7g10760	neg	1	0	0	0	1	0	0	0	0	0	1	0	0	1	0	0	0	0	0	1	1	0	1	0	0	1	1	1	1	1	0	1	0	1	0	1	1	0	0	1	0	0
Mp7g10860	neg	0	1	1	0	0	0	1	1	0	0	1	1	1	0	0	1	1	0	0	1	1	1	0	0	1	1	0	0	1	0	1	1	0	1	1	0	1	0	1	1	1	1
Mp7g11190	neg	0	0	0	1	0	1	0	1	0	0	0	1	0	0	0	0	0	1	0	1	0	0	0	0	0	0	0	1	0	0	0	0	0	0	1	1	1	1	0	1	1	1
Mp7g12510	neg	0	1	1	1	0	1	0	1	0	0	1	1	0	1	0	0	0	1	0	0	1	0	0	0	1	0	1	1	1	0	0	0	0	0	1	0	1	1	0	0	0	0
Mp7g12910	neg	0	1	0	0	0	0	1	0	0	0	0	0	0	0	0	0	0	1	1	0	1	0	0	0	0	1	1	1	1	0	1	0	0	0	1	1	0	1	0	0	1	1
Mp7g12930	neg	0	1	0	0	0	0	1	0	0	0	1	0	1	0	1	0	0	0	1	1	1	0	0	0	1	1	0	0	1	0	1	1	1	0	1	0	0	0	1	0	0	0
Mp7g13010	neg	0	1	0	0	0	1	1	0	0	0	1	1	1	0	0	1	0	1	0	1	1	0	0	0	0	1	1	0	1	0	0	0	0	1	1	1	1	1	0	1	1	1
Mp7g13510	neg	1	0	0	0	0	0	1	0	0	1	1	0	1	0	0	1	0	0	1	1	0	0	0	0	0	0	1	0	1	0	1	0	0	0	1	1	0	0	0	0	0	0
Mp7g14010	neg	0	1	1	1	1	1	1	1	0	0	1	0	0	0	1	0	0	0	1	0	0	0	0	0	1	1	1	0	1	0	0	0	0	0	1	0	1	1	0	1	0	0
Mp7g14230	neg	1	0	0	0	1	0	0	0	0	0	1	0	1	1	0	1	1	1	1	1	1	0	0	0	1	0	1	0	1	0	0	0	1	1	0	1	0	0	1	1	1	0
Mp7g14410	neg	0	1	0	0	1	0	0	0	0	0	0	0	0	1	0	0	1	0	1	1	0	0	0	0	1	0	0	1	1	0	1	0	0	0	0	1	1	1	0	0	0	0
Mp7g14480	neg	0	0	0	0	1	0	0	0	0	0	0	1	0	1	1	1	0	1	0	0	0	0	0	0	1	0	0	0	1	1	0	1	0	0	1	0	1	1	0	1	0	1
Mp7g15060	neg	1	1	1	0	0	0	0	1	0	0	1	1	0	0	0	0	0	0	1	0	0	0	0	0	0	0	1	1	1	1	1	0	0	1	0	0	0	0	1	0	0	0
Mp7g15190	neg	0	1	0	0	0	1	0	0	0	0	1	0	1	0	1	1	0	0	0	0	0	0	1	0	0	0	0	0	1	0	0	0	0	0	0	1	1	0	0	1	1	1
Mp7g15360	neg	0	1	0	0	1	0	0	1	0	0	1	0	0	1	1	0	0	1	1	0	0	0	0	0	0	0	0	1	1	0	0	0	0	0	0	0	0	1	1	0	0	0
Mp7g15560	neg	0	0	0	0	0	0	1	0	0	0	1	0	0	0	1	1	0	0	1	1	0	0	0	0	1	0	0	0	1	0	0	0	1	0	0	1	0	1	1	1	0	0
Mp7g15730	neg	0	1	0	1	0	1	1	0	0	1	1	1	1	0	0	0	0	0	0	1	0	0	0	0	0	0	1	0	1	0	0	0	0	0	1	1	1	1	0	1	1	1
Mp7g16060	neg	0	1	0	1	0	0	1	1	0	0	1	1	0	1	1	1	0	1	1	1	1	0	1	0	1	1	0	1	1	0	0	0	0	1	1	1	1	0	1	1	1	1
Mp7g16120	neg	1	1	0	0	1	0	1	0	0	0	1	1	1	0	1	1	1	1	0	0	1	0	0	0	0	0	0	1	1	0	1	0	1	1	1	0	1	1	0	0	1	1
Mp7g16160	neg	1	1	1	1	0	0	1	1	1	0	1	0	1	1	1	0	1	0	1	0	0	0	0	0	0	0	1	1	1	0	0	1	1	1	1	0	1	0	1	1	0	1
Mp7g16310	neg	1	0	0	0	1	0	0	0	0	0	1	1	1	0	0	1	0	1	0	0	0	0	0	0	0	1	1	0	1	0	0	0	1	1	1	0	0	0	1	1	0	1
Mp7g16530	neg	0	0	0	0	0	0	0	0	0	1	0	1	0	0	0	0	0	1	0	0	0	0	0	0	0	0	0	0	0	1	0	0	0	1	0	0	0	0	0	0	1	1
Mp7g17360	neg	0	1	0	0	0	1	0	0	0	0	0	0	0	0	0	0	0	1	0	0	0	0	0	0	0	0	0	1	0	0	0	0	1	0	0	1	0	0	1	0	0	0
Mp7g17480	neg	0	0	0	1	0	0	0	1	1	0	0	0	0	0	1	0	0	1	0	0	1	0	0	0	0	1	0	0	1	0	1	0	0	1	1	1	0	1	1	1	0	1
Mp7g17490	neg	0	0	0	1	1	0	0	1	0	0	0	0	0	0	1	0	1	1	0	0	1	0	0	0	0	1	0	0	1	0	1	0	0	0	1	1	0	1	1	1	0	1
Mp7g17550	neg	1	0	0	0	0	1	0	1	0	1	1	0	1	0	0	0	0	0	1	1	1	0	0	0	0	1	1	1	1	1	0	1	0	1	0	1	1	0	1	1	0	0
Mp7g17980	neg	1	0	0	0	0	0	0	0	0	0	1	1	0	1	0	0	0	1	1	0	1	0	0	0	0	1	1	1	1	0	0	1	1	1	1	1	0	0	0	1	0	1
Mp7g18080	neg	1	0	0	0	1	1	0	0	0	0	0	1	0	0	0	0	0	0	0	0	0	0	0	0	0	0	0	1	0	0	1	0	1	0	1	0	0	1	0	1	0	0
Mp7g18500	neg	0	0	0	1	0	1	1	1	1	0	1	0	0	0	0	0	0	1	1	0	0	0	0	0	1	1	0	0	1	0	0	0	0	0	1	1	1	1	0	1	1	0
Mp7g18510	neg	1	1	1	0	0	0	0	1	0	0	1	0	1	0	0	0	0	0	1	1	1	0	0	0	0	0	1	0	1	0	1	1	1	0	1	1	0	0	1	0	0	1
Mp7g18980	neg	0	1	0	0	0	1	1	0	0	0	1	1	1	1	0	0	0	0	0	1	1	0	0	0	1	1	0	0	1	1	0	0	0	1	1	1	1	1	1	1	0	0
Mp7g19080	neg	0	0	0	1	1	1	1	0	0	0	1	0	1	1	1	0	1	1	1	0	0	0	0	0	0	1	1	1	1	1	1	1	1	1	1	1	0	0	1	0	1	0
Mp7g19250	neg	0	0	0	1	1	0	1	0	0	0	1	1	0	1	0	1	0	0	1	1	1	0	0	0	1	0	0	1	1	0	0	0	1	1	1	0	1	1	0	0	0	1
Mp8g00010	neg	0	1	1	0	0	1	1	1	0	0	1	0	0	0	0	0	0	0	0	1	0	0	0	0	0	0	0	1	1	0	0	0	0	1	1	1	0	0	0	1	1	0
Mp8g00130	neg	1	0	0	1	0	0	0	0	0	0	1	0	0	0	1	0	0	0	0	1	1	0	0	0	1	0	0	0	1	0	0	0	1	0	1	0	1	0	0	0	0	0
Mp8g00230	neg	0	1	0	0	0	1	0	0	0	0	0	0	0	0	1	0	0	1	0	1	0	0	0	0	0	0	0	0	0	0	0	0	0	1	0	0	1	0	0	1	0	0
Mp8g00990	neg	1	0	0	1	1	0	1	1	0	0	1	0	1	0	0	0	0	0	0	1	1	0	0	0	1	0	0	1	1	1	0	0	1	1	1	1	0	1	1	0	1	0
Mp8g01220	neg	0	1	0	1	0	1	0	1	0	0	1	0	1	1	0	1	1	1	1	0	1	0	0	0	0	1	1	1	1	0	0	1	1	0	1	1	1	1	0	0	1	1
Mp8g01330	neg	0	0	0	1	0	0	0	1	0	0	0	0	0	0	0	1	0	1	0	1	1	0	0	0	0	0	0	0	1	0	1	0	0	0	0	0	0	0	0	0	0	0
Mp8g01790	neg	0	0	0	0	0	0	1	0	1	0	0	0	0	0	0	0	0	1	0	0	0	0	0	0	0	0	0	0	0	1	0	0	0	0	1	0	1	1	0	1	0	1
Mp8g02270	neg	1	1	0	1	1	1	0	0	0	0	1	0	0	1	0	0	1	1	0	1	0	0	0	0	1	0	0	0	0	0	0	0	0	0	0	1	0	0	0	1	0	1
Mp8g03000	neg	1	0	0	1	1	0	0	0	0	0	1	1	0	0	1	0	0	0	0	1	1	0	0	0	0	0	1	0	1	0	0	0	1	0	1	0	1	0	0	0	0	0
Mp8g03860	neg	0	0	0	0	0	1	0	0	0	0	0	1	0	0	0	1	0	1	1	0	0	0	0	0	0	1	1	0	0	0	0	0	1	0	1	0	0	0	0	0	1	1
Mp8g04070	neg	1	0	0	0	0	0	0	0	0	0	1	1	0	1	1	0	0	0	0	0	0	0	0	0	1	0	1	1	0	0	0	0	0	0	1	0	1	1	0	1	0	1
Mp8g04690	neg	0	0	0	1	0	0	0	0	0	0	1	0	1	0	0	1	1	1	0	0	1	0	0	0	1	1	1	1	1	0	0	0	1	0	1	0	0	1	1	1	1	0
Mp8g05180	neg	0	1	0	0	0	0	0	1	0	0	1	0	1	0	1	0	1	0	0	0	1	0	0	0	0	1	1	0	1	1	0	1	0	0	1	0	0	0	1	0	0	0
Mp8g05590	neg	0	0	0	1	1	0	0	1	0	0	0	1	0	0	0	0	0	0	0	1	1	0	0	0	0	1	0	1	1	0	0	0	0	1	1	0	0	1	1	0	0	0
Mp8g05770	neg	0	0	0	1	0	0	0	0	0	0	0	0	0	0	1	0	0	1	0	0	0	0	0	0	0	0	1	0	0	0	1	0	0	0	1	0	0	0	0	0	0	0
Mp8g06100	neg	0	1	0	0	0	0	1	0	0	0	1	0	1	0	1	0	0	0	1	0	0	0	0	0	0	0	0	0	0	0	1	0	0	0	1	0	1	0	1	1	1	0
Mp8g07120	neg	1	0	0	0	1	0	0	1	0	0	1	0	1	0	1	1	0	1	1	0	0	0	0	0	0	0	0	1	1	1	1	1	1	0	1	0	1	1	1	0	0	1
Mp8g07480	neg	1	0	0	0	0	1	1	0	1	0	1	0	0	1	0	0	0	1	1	1	0	0	0	0	1	0	0	0	0	0	0	0	0	1	1	0	0	1	0	1	1	1
Mp8g08510	neg	0	1	0	0	0	0	0	1	0	0	1	0	0	0	0	0	0	1	0	0	1	0	0	0	0	0	1	0	0	0	0	0	0	0	0	0	1	1	0	1	1	0
Mp8g09600	neg	0	1	0	1	0	1	0	1	0	0	1	0	1	1	0	1	0	1	1	1	1	1	0	0	1	0	0	0	0	0	1	1	1	0	1	0	0	0	1	0	1	1
Mp8g10330	neg	0	0	0	0	1	0	1	1	1	0	1	1	0	1	1	0	0	1	1	1	1	0	0	0	1	0	0	1	1	0	0	0	1	1	1	1	1	0	0	0	0	1
Mp8g11910	neg	0	1	0	0	0	0	1	1	0	0	1	0	0	0	0	1	1	1	1	1	0	0	0	0	1	0	0	1	1	0	0	0	0	1	1	0	1	0	0	1	0	1
Mp8g11940	neg	0	0	0	1	0	0	0	0	0	0	0	0	0	0	0	0	0	0	1	1	0	0	0	0	1	1	0	0	0	0	0	0	0	0	0	0	0	0	0	0	0	0
Mp8g12280	neg	1	1	1	0	0	1	1	1	0	0	1	0	0	0	1	1	0	1	1	1	1	0	0	0	1	1	0	0	1	0	1	0	0	1	1	1	1	0	1	0	0	0
Mp8g12460	neg	1	1	0	1	0	0	1	0	0	0	1	0	1	1	1	0	1	1	1	0	1	0	0	0	1	0	1	0	0	0	1	1	1	0	1	0	1	0	1	1	0	1
Mp8g12640	neg	0	1	0	1	0	0	1	1	0	0	1	1	1	0	0	0	0	0	1	1	1	0	0	0	0	1	1	0	1	0	1	0	1	1	1	0	0	1	1	1	0	0
Mp8g13190	neg	0	1	1	1	0	0	0	1	0	0	1	0	0	1	0	0	1	0	0	0	0	0	0	0	0	1	1	0	0	0	1	1	0	0	0	0	0	0	0	1	0	1
Mp8g14050	neg	0	1	0	1	0	0	0	0	0	0	0	0	0	1	0	0	1	1	0	0	0	0	0	0	0	1	0	0	0	0	0	0	1	0	1	0	0	1	0	1	0	0
Mp8g14670	neg	0	1	0	0	0	0	0	1	0	0	1	0	1	1	0	1	0	1	0	0	0	0	0	0	1	0	0	0	1	1	1	1	1	1	1	0	1	1	0	0	1	0
Mp8g15190	neg	1	0	0	0	1	0	0	1	0	0	1	1	1	1	1	0	1	0	0	1	0	0	0	0	1	0	0	1	1	0	1	0	1	0	1	1	1	1	1	0	0	0
Mp8g15250	neg	1	1	0	0	1	0	1	1	0	1	0	1	1	1	0	1	1	1	0	1	1	0	1	0	0	1	1	1	1	1	1	1	1	1	1	1	0	0	1	1	1	1
Mp8g15780	neg	0	0	0	1	0	1	0	0	0	0	1	1	1	1	1	1	0	1	0	0	0	0	0	0	1	0	0	0	0	0	0	0	0	0	1	0	0	1	0	1	0	1
Mp8g15880	neg	0	0	0	0	0	0	0	1	1	0	1	1	0	1	1	0	0	0	0	0	1	0	0	0	1	1	0	1	1	1	1	0	0	0	0	1	0	1	0	1	1	0
Mp8g17690	neg	0	1	0	1	0	0	1	0	0	0	1	0	0	0	1	0	0	1	0	0	0	0	0	0	0	1	0	0	1	0	1	1	0	0	0	1	0	1	0	0	0	0
MpVg00230	neg	1	1	1	0	0	1	1	1	0	0	1	1	1	0	0	0	0	1	0	0	1	0	0	1	0	0	1	0	1	0	1	0	0	1	1	1	1	0	1	0	1	0
MpVg00440	neg	1	1	0	0	1	0	0	1	0	0	0	0	0	0	0	0	0	0	1	1	0	0	0	0	1	0	1	0	0	0	0	0	0	0	0	1	0	1	0	1	1	0
