X	Class	ACATGC	ACCCCA	ACGATCGA	ACGTTC	ACTCGA	AGACTG	AGTCAG	AGTCGAA	AGTCTG	ATCGTC	CAGATG	CAGTCA	CCATTC	CCCAGC	CCTCCAG	CGAAAA	CGAGTC	CTCGTC	GATCCC	GCTGAA	GGACAC	GTTCCA	TCCAGA	TGGACA
Mp1g00270	pos	0	1	0	1	0	1	1	0	1	0	0	1	0	1	0	0	1	1	1	0	1	0	0	0
Mp1g01440	pos	1	1	0	1	0	0	0	0	1	1	1	1	1	0	0	1	1	0	0	0	0	0	0	1
Mp1g01950	pos	1	0	0	1	1	0	0	0	0	0	1	0	1	0	0	0	0	1	0	0	0	1	1	1
Mp1g03040	pos	1	1	0	0	0	0	0	0	0	0	1	0	1	1	0	0	0	1	0	0	1	1	0	1
Mp1g03140	pos	1	1	0	0	0	1	0	0	1	1	1	1	0	0	0	0	1	1	1	1	1	0	1	1
Mp1g03450	pos	1	0	0	0	0	0	1	0	0	1	1	1	0	0	0	1	0	1	1	0	0	0	1	1
Mp1g03780	pos	1	1	0	0	0	1	0	0	1	0	1	1	0	0	0	0	0	1	1	1	0	1	0	1
Mp1g04670	pos	0	0	0	1	0	1	1	0	0	1	0	1	0	1	0	0	0	0	1	1	0	0	1	0
Mp1g04770	pos	1	1	0	1	1	1	0	0	0	0	0	1	1	1	0	1	0	1	0	0	1	0	1	1
Mp1g04910	pos	1	0	0	1	1	0	1	0	0	1	0	0	1	0	0	1	1	1	1	0	1	1	0	1
Mp1g04940	pos	1	0	0	0	1	0	0	0	0	1	1	0	1	1	0	0	0	1	1	0	0	1	1	1
Mp1g05150	pos	1	0	0	1	0	1	0	1	1	1	0	0	1	0	0	0	1	1	1	0	1	0	1	1
Mp1g05260	pos	0	0	0	1	0	1	1	0	1	1	0	1	0	0	1	0	0	1	1	1	0	1	1	1
Mp1g06910	pos	1	0	0	0	0	1	1	0	1	1	1	1	1	1	0	1	0	1	0	1	0	0	1	1
Mp1g06930	pos	1	0	0	0	1	1	1	1	1	1	1	0	0	0	0	1	1	0	0	0	1	0	1	1
Mp1g07250	pos	1	1	0	0	1	1	0	0	1	1	0	0	0	1	0	1	1	0	0	1	0	0	1	0
Mp1g07390	pos	0	0	0	1	0	0	1	0	0	1	0	1	1	0	0	0	0	0	1	1	1	0	0	1
Mp1g08090	pos	0	1	0	1	1	0	0	0	1	0	0	1	1	1	0	1	1	1	1	1	0	0	1	1
Mp1g08290	pos	0	1	0	0	1	1	1	0	1	1	1	0	1	0	0	1	0	0	0	0	0	1	1	1
Mp1g10180	pos	1	1	1	1	0	1	1	1	1	1	0	0	1	0	0	0	1	1	0	1	1	1	1	1
Mp1g10610	pos	0	1	0	1	0	0	1	0	0	0	1	1	1	0	0	1	0	1	0	1	1	0	0	1
Mp1g10620	pos	0	1	0	1	0	1	1	0	1	1	0	1	1	0	0	0	1	1	1	1	0	1	0	0
Mp1g11660	pos	1	1	1	0	1	1	0	0	1	1	1	1	1	0	0	1	1	1	1	0	1	0	1	0
Mp1g12510	pos	1	1	0	1	0	0	1	0	1	0	1	1	1	0	1	0	0	1	1	1	1	1	1	1
Mp1g13290	pos	1	0	0	1	1	0	1	1	1	0	1	1	1	0	1	1	1	1	1	0	0	1	1	1
Mp1g13390	pos	1	0	0	1	0	1	1	1	0	0	1	1	1	0	0	0	0	1	1	1	0	1	1	1
Mp1g13440	pos	0	1	0	0	1	1	1	0	1	0	0	1	1	1	0	0	1	1	0	0	0	0	1	1
Mp1g14470	pos	0	1	0	1	0	0	1	1	0	0	1	1	1	0	0	0	1	1	1	1	0	0	0	1
Mp1g14640	pos	0	1	0	0	0	0	0	0	0	0	1	0	1	1	1	0	1	1	0	1	0	1	1	0
Mp1g14970	pos	1	0	0	0	1	0	0	0	1	1	1	1	1	0	0	1	1	1	0	1	1	0	0	1
Mp1g15090	pos	0	0	0	0	0	0	0	1	1	1	0	0	0	0	0	1	0	0	0	1	1	1	1	1
Mp1g15590	pos	1	1	0	0	1	0	0	1	1	1	1	1	1	1	1	0	1	1	0	1	1	1	1	1
Mp1g15700	pos	0	0	0	0	0	0	0	0	1	0	0	1	1	0	0	1	0	0	0	1	1	0	1	1
Mp1g16110	pos	1	0	0	0	1	0	0	0	1	0	0	1	1	0	0	0	1	0	0	1	1	1	0	1
Mp1g16160	pos	0	0	0	0	0	1	1	0	1	1	1	0	1	1	0	0	1	0	0	1	0	1	0	1
Mp1g17860	pos	1	0	0	1	1	0	1	0	0	1	1	1	1	1	0	1	0	1	1	0	0	1	0	0
Mp1g18540	pos	0	0	0	0	0	0	0	0	1	1	0	0	0	1	0	1	0	1	0	0	0	1	0	0
Mp1g18740	pos	0	0	0	1	1	1	0	0	0	0	1	1	0	0	0	0	1	0	0	0	0	0	1	0
Mp1g18910	pos	0	0	0	1	1	1	1	0	0	1	1	1	1	1	0	0	0	1	0	1	1	0	0	0
Mp1g19030	pos	1	0	0	0	1	0	0	0	0	1	1	0	1	0	0	1	1	0	0	1	1	0	1	0
Mp1g19730	pos	1	0	0	1	1	0	1	1	1	1	1	1	1	1	0	1	0	0	1	1	0	1	0	1
Mp1g20160	pos	0	0	1	0	1	0	1	0	1	1	0	0	0	1	1	1	1	1	0	0	1	0	1	0
Mp1g20280	pos	1	1	0	0	1	1	1	0	1	1	1	1	1	1	0	1	1	1	1	0	1	1	1	1
Mp1g20520	pos	1	1	0	0	1	1	1	0	0	0	1	1	0	0	0	1	0	1	1	1	0	1	0	0
Mp1g20880	pos	1	0	0	1	1	1	0	0	1	0	1	0	0	0	0	0	1	1	0	1	1	1	0	1
Mp1g21250	pos	1	1	0	0	1	1	0	0	1	1	1	0	0	0	0	1	1	0	0	0	0	1	0	0
Mp1g21770	pos	0	1	1	1	1	0	0	1	0	1	1	1	1	1	0	1	1	1	0	1	0	1	1	1
Mp1g21830	pos	1	1	0	1	0	0	1	0	0	1	0	1	1	1	1	1	0	1	0	1	0	1	1	1
Mp1g21950	pos	1	0	0	0	1	1	0	0	0	1	0	1	1	0	0	1	1	0	0	0	0	0	0	1
Mp1g22530	pos	0	0	1	0	0	0	1	0	0	1	0	1	1	1	0	0	1	0	0	1	0	0	0	0
Mp1g22550	pos	1	0	0	1	0	0	0	0	0	1	1	1	0	0	1	0	0	1	0	1	1	1	0	1
Mp1g23740	pos	1	1	1	1	1	1	1	0	1	1	1	1	0	0	0	0	1	0	0	1	1	1	1	1
Mp1g23760	pos	0	1	0	1	1	1	0	1	1	0	1	1	0	0	0	0	0	1	0	0	1	1	1	1
Mp1g23790	pos	0	1	0	1	1	1	0	1	0	1	1	0	0	1	0	0	1	1	1	1	0	1	1	0
Mp1g24040	pos	0	1	0	0	0	0	0	0	0	1	1	0	1	1	0	0	1	1	0	0	0	0	0	1
Mp1g24060	pos	0	1	0	0	1	1	0	1	1	0	0	0	1	0	0	1	0	1	0	1	0	1	1	0
Mp1g24320	pos	1	0	0	1	1	0	0	0	1	1	1	0	1	1	1	1	0	1	1	1	1	0	1	0
Mp1g25060	pos	0	0	0	1	1	1	1	0	1	1	1	0	1	0	1	1	1	1	0	1	0	1	1	1
Mp1g25540	pos	0	1	0	0	0	0	1	0	0	1	0	0	1	1	0	1	1	1	1	0	1	0	1	0
Mp1g25550	pos	1	0	0	1	1	1	1	0	1	0	1	1	0	0	1	0	1	1	0	1	1	1	1	0
Mp1g25870	pos	0	0	0	0	0	0	0	0	0	1	0	1	1	1	0	0	0	1	0	0	0	1	0	0
Mp1g26030	pos	1	1	1	1	1	1	0	0	1	1	1	0	1	1	0	1	1	1	1	1	1	1	1	1
Mp1g26160	pos	0	1	0	1	1	0	0	0	0	1	0	0	0	1	0	1	1	1	1	0	1	0	1	1
Mp1g26240	pos	1	1	1	1	1	1	1	0	0	1	1	1	1	0	1	1	1	1	1	1	1	1	1	1
Mp1g26850	pos	1	0	0	0	1	1	0	1	1	1	0	1	1	0	0	1	0	1	0	1	0	1	1	0
Mp1g27110	pos	1	0	0	1	0	1	0	0	1	1	1	0	0	1	0	1	0	0	1	0	0	0	1	0
Mp1g27310	pos	0	0	0	0	1	1	0	0	0	1	1	0	0	0	0	1	0	1	0	1	0	0	1	0
Mp1g27720	pos	1	0	0	0	0	1	1	0	1	1	0	1	0	0	0	1	1	1	1	1	1	0	0	0
Mp1g27930	pos	1	1	1	0	1	1	0	0	1	0	0	1	1	1	0	1	1	1	1	0	0	0	1	1
Mp1g28000	pos	1	0	0	1	0	1	1	0	0	1	0	1	1	1	0	1	1	0	1	1	0	1	1	0
Mp1g28010	pos	0	1	0	0	0	1	0	0	0	0	1	1	1	0	1	0	0	0	1	1	0	0	1	1
Mp1g28160	pos	1	0	0	0	1	1	1	0	1	0	1	1	1	0	0	1	1	1	0	0	1	1	0	1
Mp1g28170	pos	1	1	0	1	1	0	1	0	1	0	1	1	1	1	0	0	0	0	0	1	0	1	1	0
Mp1g28320	pos	1	0	0	0	0	1	0	0	1	1	1	1	1	0	0	0	1	1	0	1	0	1	1	0
Mp1g28570	pos	0	1	0	0	1	1	1	1	0	0	1	1	1	1	0	1	1	1	1	1	0	1	1	1
Mp1g28990	pos	1	1	0	1	1	1	1	0	1	0	1	1	0	0	0	1	1	1	1	1	0	1	0	0
Mp1g29010	pos	1	1	0	1	1	0	0	0	1	0	0	0	1	1	0	1	1	0	0	0	1	0	1	1
Mp2g00230	pos	1	1	0	0	1	1	1	0	1	1	1	0	1	1	1	1	1	1	0	1	0	1	1	1
Mp2g00260	pos	1	1	0	1	1	1	1	1	1	1	1	1	1	0	0	0	1	1	0	0	1	1	1	1
Mp2g00990	pos	1	0	0	1	1	1	1	0	1	1	0	1	0	0	1	1	1	0	0	1	0	1	0	1
Mp2g01380	pos	0	0	0	1	1	0	1	0	0	1	1	0	1	0	0	1	0	1	0	1	0	1	1	1
Mp2g01990	pos	0	0	0	1	1	1	0	0	0	1	1	0	1	0	0	0	0	1	1	0	0	1	1	1
Mp2g02020	pos	0	0	0	1	1	1	0	0	0	1	1	1	1	0	0	1	1	0	1	0	0	0	1	0
Mp2g02280	pos	1	0	0	0	0	0	1	0	0	1	0	0	1	0	1	0	1	1	0	1	0	0	0	0
Mp2g02290	pos	1	0	0	0	0	1	0	1	0	0	1	0	0	0	0	1	0	0	1	1	0	1	1	1
Mp2g02770	pos	1	0	0	1	0	0	1	0	1	0	0	1	0	0	0	1	0	0	1	1	1	1	1	1
Mp2g03710	pos	1	1	0	1	0	0	0	0	0	0	0	0	0	0	0	0	0	0	0	1	0	1	1	0
Mp2g04130	pos	0	0	0	0	1	1	0	1	1	0	1	0	1	0	0	1	0	1	0	0	1	1	1	0
Mp2g04800	pos	1	1	1	1	0	0	0	1	0	1	1	0	1	1	1	0	0	1	0	0	0	1	0	0
Mp2g05080	pos	1	1	0	0	0	1	1	0	1	0	1	1	1	1	0	0	0	1	0	1	0	1	1	1
Mp2g05760	pos	1	0	0	0	1	0	0	0	0	1	1	0	0	0	0	1	1	1	0	0	0	0	1	0
Mp2g05950	pos	0	0	0	0	1	1	1	0	0	0	1	0	0	0	1	1	0	1	0	1	0	1	1	1
Mp2g05990	pos	1	1	0	0	1	0	0	0	0	0	0	0	1	1	1	0	1	1	1	1	0	0	1	0
Mp2g06030	pos	0	0	0	0	1	1	0	1	0	0	0	0	1	0	0	1	1	1	0	0	0	1	0	0
Mp2g06670	pos	1	0	0	1	0	1	0	0	1	1	1	1	1	0	0	1	1	1	0	1	1	0	0	1
Mp2g06760	pos	1	0	0	0	0	1	0	0	1	1	1	0	1	1	1	1	0	0	0	1	0	1	0	1
Mp2g07170	pos	1	0	0	0	0	1	1	1	1	1	1	0	0	0	0	1	0	1	1	0	1	1	0	1
Mp2g07210	pos	0	1	0	1	1	1	0	0	1	1	1	0	1	1	0	1	1	1	1	0	1	1	1	1
Mp2g07710	pos	1	1	0	1	1	0	0	0	0	1	1	1	1	0	0	1	1	1	1	1	0	1	0	1
Mp2g07720	pos	0	0	1	0	1	1	1	1	1	1	1	1	1	0	0	0	1	1	0	0	1	0	1	0
Mp2g08140	pos	0	0	0	0	0	1	1	0	0	0	0	0	0	0	0	0	0	0	0	0	0	0	1	0
Mp2g08540	pos	0	1	0	1	1	1	1	1	0	1	1	0	1	1	0	0	1	1	1	0	1	0	1	1
Mp2g08650	pos	0	0	0	1	0	1	0	0	0	0	1	1	0	1	0	1	0	1	0	1	1	1	1	1
Mp2g09910	pos	1	1	0	0	1	0	1	0	0	1	1	1	0	0	1	1	0	1	0	0	0	1	1	0
Mp2g09970	pos	0	0	0	0	1	0	0	0	0	1	0	0	0	1	1	0	1	1	1	1	1	1	1	0
Mp2g10120	pos	0	0	1	1	1	0	0	1	1	1	0	0	1	0	0	1	0	1	0	1	0	0	1	1
Mp2g10240	pos	0	1	0	0	0	1	1	0	0	0	1	1	1	0	0	1	0	1	0	1	0	1	1	1
Mp2g10510	pos	0	0	0	1	1	0	1	0	1	1	0	1	1	0	0	1	1	0	0	1	0	1	0	1
Mp2g10720	pos	0	0	0	0	0	0	1	0	0	1	1	1	0	0	0	1	0	1	1	0	1	1	0	1
Mp2g10850	pos	1	0	0	0	1	1	1	1	1	1	1	1	1	1	0	0	1	1	0	0	0	1	1	0
Mp2g10860	pos	0	0	0	1	1	0	0	0	1	1	0	0	0	1	0	1	1	1	1	1	1	0	1	0
Mp2g10870	pos	1	0	0	0	0	0	0	0	0	0	0	0	1	1	0	0	0	0	0	0	0	0	1	1
Mp2g11300	pos	1	0	0	1	0	0	0	1	1	0	1	0	0	1	0	0	1	1	1	1	0	1	0	1
Mp2g11560	pos	0	0	0	1	1	0	0	1	0	0	1	0	1	0	0	0	1	0	0	1	0	1	0	0
Mp2g11660	pos	0	1	0	1	0	1	0	0	0	1	1	1	0	1	0	0	0	1	0	1	0	0	0	0
Mp2g12290	pos	1	1	0	1	0	1	1	0	1	1	0	1	0	1	0	0	1	1	1	0	0	0	1	1
Mp2g12890	pos	0	1	0	0	1	0	1	0	0	0	1	1	1	0	1	1	1	1	1	0	1	0	1	1
Mp2g14670	pos	1	0	0	1	1	1	1	1	1	0	0	0	1	1	0	0	1	1	1	1	0	1	1	1
Mp2g15260	pos	1	0	0	0	1	0	0	0	0	1	1	0	0	0	1	1	1	1	0	0	0	0	1	0
Mp2g15620	pos	1	0	0	0	0	1	0	0	1	1	0	0	0	1	0	0	1	1	0	0	0	0	1	1
Mp2g15720	pos	1	0	0	0	1	1	0	1	0	0	1	1	1	0	0	1	1	1	1	1	0	1	1	1
Mp2g16290	pos	0	0	0	0	1	0	0	0	1	1	1	1	1	0	1	1	1	1	0	1	1	0	1	0
Mp2g18710	pos	1	1	0	0	1	0	0	1	1	1	1	0	0	1	0	1	1	0	1	0	0	0	1	0
Mp2g18740	pos	1	0	0	0	1	0	1	0	0	0	1	1	0	0	0	1	0	1	1	1	1	1	0	0
Mp2g20040	pos	1	0	1	0	0	0	1	0	0	0	1	0	1	0	0	0	0	1	0	0	0	0	1	1
Mp2g20430	pos	1	0	0	1	1	0	1	0	1	1	0	1	0	0	0	1	0	1	0	1	1	1	1	0
Mp2g21290	pos	1	1	0	0	0	0	0	1	0	1	1	0	0	1	0	0	0	0	0	0	0	1	1	1
Mp2g21870	pos	0	1	0	0	1	1	1	0	0	1	1	0	1	0	0	1	0	1	1	1	0	0	0	0
Mp2g21880	pos	0	1	0	1	0	1	1	0	1	0	1	0	1	1	0	0	1	1	0	1	0	1	1	0
Mp2g22680	pos	1	0	0	0	1	0	1	0	1	1	1	1	1	1	0	0	1	1	1	0	0	0	1	1
Mp2g22750	pos	0	0	1	1	1	0	1	0	1	1	0	1	1	0	0	1	1	1	0	0	1	1	0	1
Mp2g22760	pos	0	0	0	0	1	0	1	0	0	1	0	1	0	1	1	0	1	1	0	0	1	1	0	1
Mp2g22790	pos	0	1	0	0	0	0	1	0	0	0	0	0	1	0	0	0	1	1	0	0	0	1	0	0
Mp2g22890	pos	0	0	1	0	1	0	1	0	0	1	0	1	1	1	0	0	0	1	0	0	1	1	0	0
Mp2g23680	pos	1	1	0	0	1	1	1	0	1	1	1	1	1	0	1	0	0	1	1	1	0	0	1	1
Mp2g23900	pos	0	0	0	0	0	1	1	0	1	1	1	0	1	1	1	1	0	1	1	1	1	1	1	0
Mp2g24840	pos	1	1	0	1	1	0	0	0	1	1	1	0	1	0	0	0	1	1	0	1	1	0	0	1
Mp2g24940	pos	1	0	0	1	1	1	1	0	1	0	1	1	0	0	1	1	1	0	0	1	0	0	1	1
Mp2g25050	pos	0	1	0	0	0	0	1	0	0	0	1	1	0	1	0	1	0	0	0	1	1	0	1	1
Mp2g25120	pos	1	0	0	1	0	0	0	0	0	0	1	0	1	0	0	0	1	1	1	0	0	0	1	1
Mp2g25630	pos	1	1	0	1	0	0	1	0	0	1	1	1	0	1	0	0	1	1	0	0	1	0	1	1
Mp2g25640	pos	1	1	0	1	0	0	1	0	0	1	1	1	0	1	0	0	1	1	0	1	1	0	1	1
Mp2g26345	pos	0	0	0	0	0	0	0	0	1	0	1	0	1	0	0	1	0	1	0	0	1	0	0	0
Mp3g00090	pos	1	0	0	0	0	0	0	1	0	0	1	0	0	1	0	0	1	0	1	1	1	0	1	1
Mp3g00110	pos	0	0	1	0	0	1	1	0	0	0	1	1	1	0	0	1	1	0	1	0	0	0	0	0
Mp3g00500	pos	0	0	0	1	1	0	1	0	1	1	1	1	0	0	1	1	0	1	0	1	1	1	0	1
Mp3g00640	pos	1	1	0	1	1	1	1	1	1	1	0	1	1	0	0	1	0	1	1	0	0	0	0	1
Mp3g00960	pos	1	0	0	1	0	1	0	0	0	0	0	1	1	0	0	1	1	1	1	0	1	0	0	0
Mp3g01200	pos	0	1	0	0	0	1	1	0	1	0	1	1	0	0	0	1	0	0	1	1	0	1	1	1
Mp3g01630	pos	0	1	0	1	1	0	1	0	0	1	1	0	1	0	0	0	1	0	0	1	0	1	1	0
Mp3g01690	pos	0	1	0	0	1	0	1	1	0	0	1	1	1	0	0	1	1	1	0	0	0	1	0	0
Mp3g02290	pos	1	0	0	0	1	0	0	1	0	1	1	0	1	0	1	1	1	1	0	0	1	0	1	1
Mp3g02660	pos	1	1	0	0	1	0	0	1	0	1	0	0	0	1	1	0	1	1	1	0	0	0	0	0
Mp3g02710	pos	1	0	0	1	1	1	1	0	1	0	1	1	1	1	0	1	0	1	0	1	1	1	1	1
Mp3g02820	pos	1	1	0	0	0	1	0	0	1	1	0	1	1	0	0	0	0	0	1	1	0	1	1	1
Mp3g03030	pos	1	1	0	1	1	1	0	0	1	0	1	1	1	1	0	0	1	1	0	1	1	1	1	1
Mp3g03040	pos	1	1	0	1	1	0	1	0	1	1	1	1	1	1	0	1	1	1	1	1	0	1	0	1
Mp3g03200	pos	0	0	0	1	1	0	1	0	1	0	1	1	0	1	0	1	0	1	1	1	0	1	1	0
Mp3g03770	pos	1	1	0	0	0	0	1	0	1	1	1	0	1	0	1	0	0	0	1	1	1	0	1	1
Mp3g03980	pos	1	0	0	0	1	1	0	1	1	1	1	0	0	0	0	1	0	1	1	1	1	1	1	0
Mp3g04050	pos	1	0	0	0	1	0	0	0	1	0	1	1	0	1	0	1	0	1	0	0	1	0	1	1
Mp3g04190	pos	0	0	1	0	1	0	1	0	1	1	1	0	1	0	0	0	1	1	0	1	0	0	0	0
Mp3g04260	pos	1	1	0	0	0	0	0	1	0	0	1	1	1	0	0	1	0	0	0	1	1	0	1	1
Mp3g04620	pos	1	0	1	0	0	1	1	0	1	0	1	0	1	0	0	1	1	1	0	1	1	1	0	1
Mp3g05190	pos	1	1	0	1	0	0	0	0	0	0	0	0	1	1	0	1	0	1	0	0	0	1	0	1
Mp3g05560	pos	1	0	0	0	0	0	0	0	0	0	0	1	0	0	0	0	1	1	1	1	1	1	1	0
Mp3g06480	pos	0	0	0	1	1	0	0	1	0	1	0	0	0	1	0	0	0	1	1	1	1	0	1	0
Mp3g06490	pos	1	1	0	0	1	1	0	1	1	1	0	0	1	1	0	0	1	1	1	1	0	0	0	0
Mp3g06510	pos	1	0	0	1	1	1	0	0	0	0	1	0	1	1	0	0	1	0	0	0	0	0	1	1
Mp3g06520	pos	1	0	0	1	0	0	1	0	1	0	1	0	1	0	1	1	0	1	0	1	0	0	0	0
Mp3g06660	pos	0	0	0	0	1	1	1	0	1	1	0	1	0	1	0	1	1	1	1	1	0	0	0	0
Mp3g08200	pos	1	0	0	0	0	0	0	0	0	1	1	0	0	1	1	0	0	1	0	0	0	0	0	0
Mp3g09290	pos	1	1	0	0	1	1	1	1	1	0	0	0	1	0	0	1	0	1	1	1	0	1	0	0
Mp3g10370	pos	0	0	0	1	1	0	0	0	1	0	0	0	0	0	0	0	1	1	0	1	1	1	1	1
Mp3g10510	pos	1	0	0	0	0	1	1	0	1	1	1	0	1	1	1	0	1	1	1	0	0	1	1	1
Mp3g10920	pos	0	0	0	0	0	0	1	0	1	0	1	0	1	1	0	1	1	1	0	0	0	0	0	0
Mp3g11360	pos	1	0	0	1	0	1	1	1	0	1	1	1	1	1	0	1	1	1	0	1	0	0	1	1
Mp3g11390	pos	1	1	0	1	0	0	1	1	1	1	1	0	1	0	0	1	0	0	0	0	0	0	1	0
Mp3g14030	pos	1	0	0	0	1	1	0	0	0	0	1	0	1	0	0	1	0	1	0	1	0	1	1	1
Mp3g14230	pos	1	1	0	0	1	0	0	0	1	1	1	1	0	1	0	1	1	1	0	1	1	1	1	0
Mp3g14290	pos	1	1	0	1	1	0	0	0	1	0	0	1	1	1	0	1	1	1	0	1	0	0	1	0
Mp3g14910	pos	0	1	0	1	0	1	0	0	0	1	1	1	1	1	0	1	1	1	1	1	1	0	1	0
Mp3g15230	pos	1	1	0	0	1	0	0	0	1	0	1	1	1	0	1	1	1	0	1	1	0	1	0	0
Mp3g15350	pos	1	1	0	0	1	1	0	0	1	1	1	1	0	1	1	0	1	0	0	1	0	0	1	1
Mp3g15370	pos	0	0	0	0	0	1	1	0	1	1	1	0	1	0	0	1	0	0	0	0	1	0	1	1
Mp3g15830	pos	1	0	0	0	0	1	1	0	0	1	1	0	0	0	0	1	1	0	0	1	1	0	1	1
Mp3g16760	pos	1	0	0	1	1	0	0	0	0	1	1	1	1	0	1	1	1	0	0	1	0	0	0	1
Mp3g17420	pos	1	1	0	0	1	1	1	0	0	1	1	1	1	0	0	1	1	1	0	1	0	1	1	1
Mp3g17740	pos	0	0	0	1	1	0	1	0	0	1	1	1	0	0	0	1	0	1	0	0	0	0	1	1
Mp3g18140	pos	0	0	0	0	0	0	0	0	0	1	0	0	0	0	0	1	0	1	0	1	1	1	0	1
Mp3g18270	pos	1	0	0	0	1	0	0	0	1	0	0	0	0	1	0	1	1	0	1	1	1	0	0	0
Mp3g18470	pos	0	1	0	1	0	1	1	0	1	1	1	0	0	0	0	0	0	0	0	1	0	0	1	1
Mp3g18590	pos	0	1	0	1	0	1	0	0	0	0	1	1	0	1	0	1	1	1	1	1	0	1	1	0
Mp3g20320	pos	1	0	0	0	0	1	0	0	1	1	1	1	0	0	1	0	0	0	0	0	0	0	1	1
Mp3g21310	pos	0	1	0	0	1	1	0	0	1	1	0	0	0	1	1	1	1	0	0	0	0	0	0	1
Mp3g21520	pos	1	0	0	0	1	1	1	0	1	0	1	1	0	1	1	1	0	1	1	0	1	1	0	1
Mp3g21880	pos	1	1	0	1	1	0	0	0	1	1	0	0	1	0	0	0	0	1	0	1	1	1	0	1
Mp3g22880	pos	1	0	0	0	0	1	1	0	0	0	0	1	0	0	0	1	1	1	1	1	1	0	0	1
Mp3g24330	pos	1	0	0	0	0	1	0	0	0	0	1	1	0	1	0	1	0	1	1	0	1	1	1	1
Mp3g24510	pos	0	1	1	1	1	1	1	0	0	1	0	1	0	1	1	0	1	1	1	1	1	0	1	1
Mp4g00510	pos	1	0	0	0	0	1	1	0	1	0	1	1	1	0	1	1	0	0	0	1	0	1	1	0
Mp4g00950	pos	1	0	0	1	1	1	0	0	0	1	0	1	1	0	0	1	0	1	1	0	0	1	1	0
Mp4g01840	pos	1	0	0	0	0	1	0	0	0	0	1	0	1	0	1	1	0	1	0	1	0	1	1	1
Mp4g02360	pos	1	1	0	0	1	0	0	0	1	0	1	1	1	1	0	1	0	1	0	0	1	0	0	1
Mp4g02710	pos	0	1	0	0	1	0	0	0	1	1	0	0	1	1	1	1	1	1	1	1	1	0	1	1
Mp4g03380	pos	0	1	0	1	0	1	0	0	0	1	0	0	0	1	0	0	0	1	0	1	1	0	1	0
Mp4g03520	pos	1	0	0	0	0	1	1	0	0	0	0	0	1	1	0	1	0	0	0	0	0	0	0	1
Mp4g03650	pos	1	1	0	1	0	0	0	0	1	0	0	0	1	1	0	0	0	0	0	1	0	1	0	0
Mp4g03830	pos	0	1	0	1	1	1	1	1	0	0	0	1	1	1	0	1	1	1	1	0	1	1	1	1
Mp4g03840	pos	1	0	0	1	1	0	1	0	0	1	0	0	1	1	0	0	0	1	1	0	1	1	1	1
Mp4g05080	pos	0	0	0	1	1	1	0	0	1	1	0	1	1	0	0	0	1	1	0	0	1	0	1	0
Mp4g06100	pos	1	1	0	0	0	0	1	0	1	0	1	0	0	0	0	0	0	1	0	0	0	0	1	0
Mp4g06220	pos	1	0	0	0	0	0	0	1	0	0	0	1	0	0	1	0	0	0	0	1	1	0	1	0
Mp4g06650	pos	0	0	0	1	1	0	1	0	0	1	0	1	1	0	0	0	0	1	0	0	0	0	0	1
Mp4g07180	pos	1	1	0	0	1	0	0	0	1	1	1	0	1	0	1	1	1	1	1	1	0	0	1	0
Mp4g07520	pos	1	0	0	0	0	0	0	1	0	1	0	1	1	0	0	0	0	1	0	0	0	1	0	1
Mp4g08110	pos	0	1	0	1	1	0	1	0	0	1	1	0	1	0	0	0	0	0	1	1	0	0	1	1
Mp4g08200	pos	0	1	0	1	1	0	0	0	1	0	1	1	1	1	0	1	1	1	1	0	0	1	0	1
Mp4g08290	pos	1	0	0	1	1	0	1	1	0	1	0	0	0	1	0	1	1	1	1	1	1	0	1	1
Mp4g08360	pos	0	0	0	0	1	0	0	0	0	0	1	0	1	0	0	0	0	1	0	1	0	1	1	1
Mp4g08370	pos	0	1	0	0	0	1	1	0	1	0	1	1	1	0	0	1	0	0	0	1	0	1	1	1
Mp4g09470	pos	0	0	0	0	0	0	0	0	0	0	1	0	1	0	0	0	0	1	0	1	0	1	1	0
Mp4g10290	pos	1	0	0	0	0	1	1	1	0	0	1	1	1	0	0	0	0	1	1	0	1	0	1	1
Mp4g10330	pos	0	1	0	0	0	0	0	0	1	1	1	0	1	1	0	1	1	1	1	1	0	1	1	1
Mp4g10470	pos	1	1	0	1	1	1	0	0	1	0	0	1	0	1	1	0	1	1	1	1	1	1	1	1
Mp4g11730	pos	1	1	0	0	1	1	1	0	1	0	1	1	0	1	0	1	1	1	0	1	1	0	0	1
Mp4g11800	pos	1	1	1	0	1	0	0	0	1	0	1	0	1	0	0	0	1	1	1	0	1	1	1	1
Mp4g11930	pos	1	1	0	1	1	0	0	1	1	1	0	0	1	0	0	1	1	1	1	1	1	1	0	0
Mp4g12510	pos	1	1	0	0	1	1	0	0	1	0	1	1	0	1	1	1	1	1	0	1	0	0	1	0
Mp4g13340	pos	1	1	0	0	1	0	0	0	1	1	1	0	1	1	0	0	0	1	0	1	1	1	1	1
Mp4g13390	pos	0	1	0	1	0	1	1	0	1	1	0	1	1	0	0	0	0	0	0	1	0	0	1	0
Mp4g14330	pos	1	1	0	1	1	0	0	0	0	1	0	0	0	0	0	0	1	1	0	1	0	0	0	1
Mp4g15170	pos	0	0	0	0	0	1	0	1	1	0	1	1	0	1	0	1	1	1	1	0	1	0	1	0
Mp4g15710	pos	0	0	0	0	1	0	0	0	0	0	1	0	1	0	0	1	0	1	0	1	1	1	1	1
Mp4g15770	pos	0	1	1	0	1	0	1	0	0	0	1	1	0	1	0	1	1	1	0	1	1	1	0	1
Mp4g16110	pos	0	1	0	1	1	1	1	0	0	1	0	0	1	0	0	1	1	1	1	0	0	0	0	0
Mp4g16180	pos	1	1	1	0	1	0	1	0	0	1	0	1	0	1	0	1	1	1	1	0	1	0	0	0
Mp4g16250	pos	0	0	0	0	1	0	0	1	0	1	0	1	0	0	1	1	1	1	0	1	0	0	1	0
Mp4g17360	pos	0	1	0	1	1	1	1	1	1	0	1	1	0	1	0	0	1	1	0	1	0	1	1	1
Mp4g17840	pos	1	1	0	1	0	0	1	1	0	0	1	1	0	0	0	1	0	0	0	0	0	0	1	0
Mp4g17950	pos	1	1	1	1	1	1	1	0	1	1	1	1	1	1	0	0	1	1	0	1	0	0	1	1
Mp4g18420	pos	1	1	0	1	1	1	0	1	1	1	1	0	0	0	1	0	0	1	1	1	1	1	0	0
Mp4g19370	pos	0	0	0	0	0	1	0	0	1	1	0	0	1	1	1	1	1	1	0	0	0	0	0	1
Mp4g19770	pos	1	0	0	1	1	1	0	0	1	0	1	0	0	1	0	0	1	1	0	1	0	1	1	1
Mp4g21220	pos	0	0	0	0	0	0	0	0	1	0	1	0	1	0	1	1	1	1	1	1	1	0	1	1
Mp4g21450	pos	0	0	1	1	1	0	0	1	0	1	0	1	0	0	0	0	0	1	1	0	1	0	1	0
Mp4g21500	pos	1	0	0	0	1	0	1	0	0	1	1	0	0	1	1	1	0	1	1	1	0	0	0	0
Mp4g21550	pos	1	0	0	1	1	0	0	0	1	1	0	1	1	1	0	0	1	1	1	1	0	0	1	0
Mp4g21730	pos	0	0	0	0	1	0	0	0	0	0	0	1	1	0	0	0	1	1	1	0	0	1	1	1
Mp4g21990	pos	0	1	1	1	1	0	0	0	0	0	1	1	1	0	1	1	1	1	0	0	0	1	1	0
Mp4g22050	pos	0	0	0	1	1	1	0	0	0	1	1	1	0	0	1	1	0	1	1	1	0	1	1	0
Mp4g22110	pos	1	0	0	1	1	1	0	1	0	1	0	0	0	1	0	1	1	1	1	1	0	1	1	1
Mp4g22230	pos	0	0	0	1	0	1	1	0	0	1	1	1	0	1	1	1	0	1	1	1	0	1	0	1
Mp4g22240	pos	1	1	0	0	0	0	1	0	0	0	0	0	1	0	0	0	1	0	0	1	0	1	1	0
Mp4g22580	pos	1	1	0	0	1	0	1	0	0	1	0	1	1	0	1	0	0	1	0	0	1	0	1	0
Mp4g22620	pos	1	0	0	0	0	1	0	0	0	0	1	0	1	1	0	0	0	1	0	1	1	1	1	1
Mp4g22860	pos	1	0	0	0	0	1	0	0	0	0	1	0	0	0	0	1	0	1	0	1	0	0	0	0
Mp4g22970	pos	1	0	1	0	1	0	0	1	0	0	0	0	1	1	0	1	1	1	1	1	0	0	0	0
Mp4g23230	pos	0	1	0	1	1	0	0	1	1	1	1	0	1	1	0	1	0	1	0	1	1	0	1	0
Mp4g23700	pos	1	0	0	0	1	0	1	0	0	0	1	1	1	0	0	1	1	1	0	1	1	1	0	1
Mp5g00520	pos	0	1	0	1	0	1	1	0	0	0	1	1	1	1	1	1	0	1	1	1	0	0	1	1
Mp5g00630	pos	0	0	0	0	1	0	1	0	0	0	1	1	1	0	1	1	1	0	0	0	1	0	1	1
Mp5g01570	pos	0	0	0	0	1	0	1	0	1	1	1	1	0	1	0	0	0	1	1	1	0	1	1	0
Mp5g01580	pos	1	0	0	1	0	1	1	0	1	1	1	0	1	0	1	1	1	0	0	1	0	1	1	0
Mp5g02750	pos	1	1	0	0	1	0	0	0	0	1	1	0	1	0	0	1	1	1	0	1	1	1	1	1
Mp5g03330	pos	0	1	0	1	1	0	1	1	0	0	0	1	0	1	0	1	1	1	0	0	1	0	1	1
Mp5g03360	pos	0	0	0	0	0	0	0	1	0	0	1	0	0	0	0	0	0	1	0	0	0	1	0	0
Mp5g04210	pos	0	0	0	1	1	0	0	0	0	1	1	1	1	0	1	0	1	1	1	1	0	1	0	0
Mp5g04520	pos	1	0	1	0	1	1	0	1	0	0	0	1	0	1	0	1	1	1	0	1	1	1	1	0
Mp5g04750	pos	1	0	1	0	0	1	0	1	0	0	0	1	1	0	0	1	1	1	1	0	1	1	0	1
Mp5g04860	pos	1	0	0	1	1	1	1	0	1	0	1	1	1	1	0	1	0	1	0	1	0	1	0	0
Mp5g05900	pos	1	0	0	1	0	1	0	0	1	1	0	1	0	0	0	1	1	0	1	1	1	1	1	1
Mp5g06150	pos	0	0	0	0	0	1	1	0	0	0	0	0	0	1	0	0	1	1	1	0	1	0	0	0
Mp5g06220	pos	1	1	0	0	1	1	1	0	1	1	0	0	1	0	0	1	0	1	1	1	0	1	1	1
Mp5g06380	pos	1	0	0	0	0	0	1	1	1	1	0	1	1	1	0	1	0	1	0	1	0	1	0	0
Mp5g06450	pos	1	0	0	1	0	1	1	0	1	1	1	1	1	0	0	0	1	1	0	1	1	1	1	1
Mp5g06470	pos	0	1	0	0	1	1	1	0	1	1	0	1	0	1	0	1	1	1	0	0	0	1	0	1
Mp5g06600	pos	1	1	1	0	1	0	1	0	1	1	0	1	0	0	0	1	1	1	0	0	1	1	1	1
Mp5g07400	pos	0	1	0	1	0	1	0	0	1	0	0	0	1	1	0	1	1	1	0	1	0	0	0	0
Mp5g07420	pos	1	0	0	0	1	0	0	0	0	1	0	0	1	1	0	1	1	1	1	0	0	0	0	0
Mp5g08040	pos	0	1	0	0	1	0	0	1	0	1	0	0	1	1	0	1	1	1	0	0	0	1	0	1
Mp5g08110	pos	1	0	0	0	0	0	0	1	0	0	1	1	0	0	0	0	0	1	0	1	1	1	0	1
Mp5g08140	pos	1	0	0	0	1	1	0	0	0	0	1	0	1	1	0	0	1	1	0	1	1	1	1	0
Mp5g08420	pos	1	1	0	1	1	0	0	0	1	1	1	0	1	1	0	0	0	0	0	0	0	0	1	1
Mp5g08590	pos	1	0	1	0	0	1	1	0	1	1	1	1	1	0	1	0	0	1	1	1	0	0	0	1
Mp5g08640	pos	0	0	0	1	0	0	1	0	0	1	1	1	1	0	0	1	0	1	0	0	0	0	1	1
Mp5g08720	pos	1	0	0	0	1	0	0	0	1	0	1	0	1	1	0	1	0	1	1	1	0	1	1	1
Mp5g08790	pos	1	0	0	1	1	1	1	0	1	1	1	0	0	0	1	1	0	1	0	1	1	1	1	1
Mp5g09050	pos	1	1	0	0	0	0	0	0	1	0	1	0	1	1	0	1	0	1	0	0	0	0	0	0
Mp5g09090	pos	0	0	0	1	1	1	1	1	1	0	0	1	1	0	1	0	1	1	1	1	1	1	1	0
Mp5g09410	pos	0	0	0	1	1	1	1	1	0	1	1	0	0	1	1	0	0	1	1	1	0	0	1	1
Mp5g09530	pos	0	1	0	0	0	0	0	0	0	0	1	0	0	1	0	1	1	0	0	1	1	1	1	1
Mp5g12010	pos	1	1	0	0	0	1	1	0	1	0	1	1	0	1	1	1	1	1	1	0	0	1	1	0
Mp5g12090	pos	1	0	0	1	1	1	0	1	1	0	1	0	1	0	1	0	1	1	1	1	0	1	1	0
Mp5g12390	pos	1	0	0	0	1	1	1	0	1	0	1	1	1	1	0	0	1	1	0	1	1	1	0	1
Mp5g13090	pos	1	0	0	0	1	0	1	1	0	1	0	0	0	0	0	1	1	1	1	1	0	1	1	0
Mp5g13140	pos	1	1	0	1	1	0	1	0	1	1	1	1	1	0	0	1	1	0	0	1	1	1	1	1
Mp5g13320	pos	0	1	0	1	1	0	1	0	1	1	1	1	0	1	1	1	1	1	1	0	0	1	1	0
Mp5g13430	pos	1	0	0	0	0	1	0	0	0	1	1	0	1	1	1	1	0	1	1	1	1	1	0	0
Mp5g14750	pos	1	0	0	1	0	1	1	0	1	0	0	1	1	1	0	0	0	0	1	1	1	1	1	1
Mp5g17400	pos	0	1	0	0	0	0	1	1	1	1	1	1	1	1	0	0	1	1	1	1	1	0	1	1
Mp5g18870	pos	0	0	0	1	1	0	1	0	1	1	1	1	1	1	0	1	1	1	0	0	0	1	1	1
Mp5g18970	pos	1	0	0	0	1	1	1	0	1	1	1	0	0	0	0	1	1	1	0	0	0	0	1	1
Mp5g18980	pos	1	0	0	1	1	1	1	0	0	1	1	0	1	0	0	1	1	1	0	0	1	0	1	1
Mp5g19480	pos	1	1	0	1	1	1	1	1	1	0	1	0	0	0	0	0	1	0	1	0	0	1	1	1
Mp5g19570	pos	0	1	0	1	0	0	0	1	0	0	1	0	1	0	0	0	1	1	0	1	1	1	0	0
Mp5g19680	pos	1	0	0	0	0	0	1	1	1	0	1	1	0	0	0	1	0	1	1	0	1	0	1	0
Mp5g19820	pos	1	0	1	0	0	0	1	1	1	1	1	1	1	1	0	1	1	0	1	0	0	0	1	1
Mp5g20360	pos	0	0	1	0	1	1	0	0	0	0	0	0	1	1	0	1	0	0	0	1	1	1	0	1
Mp5g20860	pos	1	1	0	0	0	0	0	0	0	1	0	0	1	0	0	0	0	1	0	1	0	1	0	1
Mp5g20930	pos	0	0	0	0	1	0	0	1	0	1	0	0	1	0	0	1	1	1	1	1	1	0	1	1
Mp5g22190	pos	0	1	0	0	1	1	0	0	0	0	0	0	1	0	0	0	1	1	0	1	0	0	1	1
Mp5g22540	pos	0	0	1	1	1	0	0	0	1	1	0	1	1	0	1	1	1	1	0	1	1	0	1	0
Mp5g22790	pos	0	0	0	0	0	0	0	0	0	1	1	0	1	1	0	1	0	1	1	1	1	0	1	1
Mp5g22830	pos	0	0	0	1	0	1	0	0	1	1	1	0	1	1	0	0	0	1	0	1	0	1	1	0
Mp5g23350	pos	1	0	0	1	0	1	1	0	0	0	0	1	1	0	1	1	1	0	1	1	1	0	1	1
Mp5g23560	pos	0	1	0	0	1	1	1	1	1	1	1	1	1	1	0	1	1	0	1	1	0	1	1	0
Mp5g23660	pos	0	0	1	0	0	0	1	0	1	1	1	0	0	0	0	0	1	1	0	1	0	1	0	1
Mp6g00310	pos	0	0	0	0	1	1	1	0	1	1	1	1	1	1	0	1	0	0	1	1	0	1	0	1
Mp6g00770	pos	1	0	0	0	1	0	0	1	0	1	1	0	1	1	0	1	0	1	1	1	0	1	0	1
Mp6g01870	pos	1	1	0	0	1	0	1	1	0	1	0	0	1	0	0	1	0	1	0	0	0	1	0	0
Mp6g02170	pos	0	0	0	0	0	0	0	1	0	1	0	0	0	1	0	1	1	1	1	1	0	0	1	1
Mp6g02250	pos	1	1	0	1	1	0	1	0	0	0	1	0	1	0	0	0	0	1	0	0	1	1	1	1
Mp6g02280	pos	1	0	0	0	1	0	1	0	0	0	0	0	1	1	0	0	0	1	1	0	0	0	1	1
Mp6g02400	pos	0	0	0	0	1	1	0	0	1	0	1	0	1	1	0	1	1	0	0	0	1	1	0	0
Mp6g02830	pos	1	1	1	0	1	0	0	0	1	1	1	0	0	1	0	1	1	1	0	0	0	1	1	0
Mp6g03280	pos	0	0	1	1	0	1	0	0	1	1	1	1	0	1	0	1	1	1	1	1	0	0	1	1
Mp6g03710	pos	1	0	0	0	0	1	0	1	1	0	0	1	1	1	0	1	0	1	0	1	0	0	1	1
Mp6g03920	pos	0	0	0	1	0	0	0	0	1	1	0	1	0	0	0	1	1	1	0	0	0	0	1	1
Mp6g03960	pos	1	1	1	0	0	1	1	0	0	0	0	1	1	0	0	1	0	1	1	1	1	1	1	1
Mp6g04020	pos	1	1	0	1	0	0	1	0	1	1	0	0	1	1	0	1	0	1	1	0	1	1	1	1
Mp6g05390	pos	1	0	0	0	1	0	1	1	0	0	0	1	0	0	1	1	1	1	1	1	0	1	1	1
Mp6g05510	pos	0	1	0	1	1	1	0	0	0	1	1	1	1	0	0	1	1	1	1	1	0	1	0	0
Mp6g05670	pos	1	0	0	0	1	1	0	1	1	0	0	1	1	0	0	1	1	0	0	1	0	0	0	1
Mp6g05850	pos	0	1	0	1	1	0	0	1	0	1	1	0	0	0	0	0	1	1	1	1	1	1	1	0
Mp6g06720	pos	1	0	0	0	1	1	1	0	0	1	1	1	1	1	0	1	0	0	1	1	0	0	0	0
Mp6g06980	pos	1	0	0	0	1	0	0	0	0	1	0	0	1	0	0	1	1	1	0	1	0	0	0	0
Mp6g07310	pos	0	0	1	1	1	1	1	0	1	1	0	1	1	0	1	0	1	0	1	1	1	1	1	1
Mp6g07390	pos	0	0	0	0	0	1	1	1	1	1	1	1	1	0	0	0	1	1	1	1	1	1	1	0
Mp6g07630	pos	0	0	0	0	1	1	0	1	0	1	1	1	0	0	0	0	1	1	1	0	0	1	1	0
Mp6g08020	pos	1	1	0	1	1	0	1	0	1	1	0	1	0	1	0	0	1	1	0	1	1	1	1	1
Mp6g08040	pos	0	0	0	1	1	1	0	1	0	1	1	0	1	1	0	1	0	1	0	1	0	1	1	1
Mp6g08170	pos	0	0	0	0	0	0	1	0	0	1	0	1	1	0	0	0	1	1	0	1	0	0	0	0
Mp6g08190	pos	0	1	0	1	1	0	1	0	0	1	1	0	1	1	0	0	1	1	1	1	1	1	1	1
Mp6g09310	pos	0	1	0	1	0	0	0	0	0	1	0	0	0	1	1	1	0	0	1	0	0	0	1	1
Mp6g09650	pos	0	1	0	1	1	0	0	0	0	1	1	1	1	1	0	1	0	1	0	0	1	1	1	1
Mp6g10120	pos	0	1	0	1	1	1	1	0	1	0	1	0	0	1	0	0	1	1	0	1	0	1	1	0
Mp6g10330	pos	0	1	0	1	1	1	1	0	0	0	0	1	1	0	0	1	1	1	0	1	0	1	0	0
Mp6g10340	pos	0	1	0	0	1	1	1	0	0	1	1	1	1	1	1	0	1	1	0	0	0	0	1	1
Mp6g10370	pos	0	0	0	1	0	0	1	0	1	1	1	0	0	1	0	1	0	1	1	1	0	0	1	1
Mp6g10520	pos	1	1	0	0	1	1	1	1	0	0	1	0	1	0	0	1	1	0	0	1	0	1	1	1
Mp6g11570	pos	0	1	0	0	0	0	1	0	0	0	1	1	1	0	0	1	1	1	0	1	0	0	0	1
Mp6g11870	pos	1	1	0	0	1	0	1	1	0	1	0	1	1	1	0	0	1	1	0	1	1	1	1	1
Mp6g12130	pos	1	1	1	0	0	1	0	1	1	1	1	0	0	1	1	0	0	1	1	1	1	0	0	1
Mp6g12650	pos	1	0	0	1	1	1	0	0	1	1	1	0	1	0	0	1	0	0	1	1	0	1	1	1
Mp6g12900	pos	0	0	0	0	1	0	0	0	0	0	0	0	0	1	0	0	0	1	1	0	1	0	0	0
Mp6g13190	pos	1	1	0	1	1	1	1	0	0	1	0	1	0	0	0	1	0	1	0	1	0	1	1	0
Mp6g13670	pos	0	0	1	0	1	1	0	0	1	1	0	0	1	0	0	1	1	0	0	1	1	0	0	1
Mp6g14400	pos	0	0	0	0	1	0	1	0	0	0	0	1	0	0	0	0	0	0	0	1	0	0	0	1
Mp6g14830	pos	0	0	0	1	0	0	1	1	1	0	0	1	1	0	0	1	1	1	0	0	0	0	0	0
Mp6g15230	pos	0	0	0	1	0	1	1	0	1	1	0	1	1	0	0	0	0	1	0	1	0	1	0	0
Mp6g15280	pos	1	0	0	1	0	1	0	1	1	0	0	1	1	1	0	1	1	1	0	0	1	0	1	1
Mp6g15580	pos	1	0	0	0	1	0	1	1	0	0	1	1	1	1	0	1	0	1	0	1	0	1	1	1
Mp6g16310	pos	0	0	0	0	1	0	1	1	0	1	1	1	1	0	0	1	1	1	0	0	1	1	0	1
Mp6g16540	pos	1	1	0	1	1	1	0	0	0	1	1	1	0	0	0	1	0	1	0	1	1	1	0	1
Mp6g16900	pos	0	1	1	1	1	1	1	0	1	1	0	1	1	0	0	1	1	0	1	0	0	1	1	0
Mp6g17310	pos	0	1	0	0	1	1	0	0	1	0	0	1	1	0	0	1	0	1	0	0	1	0	0	0
Mp6g17320	pos	0	0	0	0	1	1	1	0	0	1	1	1	1	0	0	1	1	1	0	0	0	1	1	1
Mp6g17450	pos	0	0	0	0	1	0	1	1	0	0	0	1	0	0	0	1	1	1	0	0	0	1	0	1
Mp6g18480	pos	1	1	0	0	0	0	0	0	0	0	1	0	1	1	1	0	0	1	0	1	0	0	0	0
Mp6g18550	pos	0	0	0	0	1	0	1	0	1	0	0	1	1	1	0	0	1	1	1	1	1	0	1	1
Mp6g19230	pos	0	1	0	1	1	0	0	0	0	1	1	0	1	0	1	1	1	1	0	0	0	0	1	1
Mp6g19640	pos	0	1	0	1	1	0	0	0	1	1	1	0	1	1	0	0	1	0	0	1	0	1	1	0
Mp6g21240	pos	0	0	0	0	0	1	1	0	1	1	1	1	1	0	1	0	0	1	1	0	0	0	1	0
Mp7g00670	pos	0	1	0	1	1	1	0	0	1	1	1	0	1	1	0	0	0	1	1	1	1	0	1	1
Mp7g00880	pos	1	0	0	0	0	0	0	0	0	1	1	1	1	1	1	0	1	1	0	1	0	1	0	1
Mp7g00890	pos	0	0	1	0	0	1	1	0	1	1	1	1	0	1	0	1	1	1	0	1	0	0	1	0
Mp7g00970	pos	0	0	0	0	1	1	1	0	1	1	1	0	1	0	0	1	0	0	0	0	0	0	0	0
Mp7g01080	pos	1	0	1	0	1	1	1	0	1	1	0	0	1	1	1	1	1	0	0	0	0	0	1	0
Mp7g01300	pos	0	1	1	1	1	1	1	0	1	0	0	1	0	1	0	0	0	1	0	1	0	1	0	0
Mp7g01570	pos	1	0	0	1	1	1	0	0	1	1	0	1	1	1	0	1	1	1	0	0	0	0	1	1
Mp7g02060	pos	1	0	1	1	1	1	0	0	1	0	0	0	1	0	1	1	1	1	0	0	0	1	0	1
Mp7g03090	pos	1	0	0	1	0	1	1	0	0	0	0	1	0	0	1	1	0	1	1	1	0	1	1	0
Mp7g03220	pos	0	1	0	0	1	0	1	0	0	1	1	1	1	0	1	1	1	1	0	0	1	1	1	1
Mp7g03330	pos	0	0	0	1	1	1	0	0	1	1	0	1	1	1	1	1	0	1	1	1	0	0	0	1
Mp7g03490	pos	0	0	0	0	1	1	0	0	0	1	1	1	0	0	1	1	1	1	1	1	0	0	0	0
Mp7g03660	pos	1	0	0	1	1	0	0	0	0	1	0	0	1	1	0	1	1	0	0	1	1	1	1	1
Mp7g04340	pos	0	1	0	1	1	1	1	0	1	1	1	0	0	0	0	1	1	1	0	0	0	1	1	0
Mp7g04580	pos	0	0	1	1	0	0	1	0	0	1	1	0	0	1	0	1	1	1	0	0	0	0	0	0
Mp7g04950	pos	1	0	0	0	1	0	0	0	0	1	0	0	0	1	0	1	0	0	1	1	0	0	1	0
Mp7g05040	pos	1	1	0	0	0	1	0	1	1	1	1	0	1	1	0	1	1	1	0	1	1	0	0	1
Mp7g05120	pos	0	0	0	0	1	1	0	0	0	1	1	1	1	1	1	0	1	1	0	1	0	0	1	1
Mp7g05330	pos	0	0	0	0	0	0	0	0	0	0	0	0	1	0	0	0	1	1	0	1	0	1	1	0
Mp7g05680	pos	0	0	0	0	1	1	1	0	0	1	0	1	1	1	0	1	1	1	1	0	1	1	0	1
Mp7g06000	pos	0	1	0	0	1	1	1	0	0	1	1	1	1	0	1	0	1	1	1	1	1	0	1	1
Mp7g06030	pos	1	1	0	0	0	1	1	0	1	0	0	1	0	1	1	1	1	1	0	1	1	0	1	0
Mp7g07210	pos	0	0	0	0	1	0	0	0	1	1	0	1	0	0	0	1	1	1	1	1	0	0	1	0
Mp7g07260	pos	0	0	0	0	0	0	0	1	1	1	1	0	0	0	0	1	0	0	1	1	0	1	0	0
Mp7g07710	pos	0	0	0	0	1	0	0	0	0	1	1	1	1	1	0	1	1	1	0	1	0	0	1	0
Mp7g07860	pos	0	0	0	1	1	1	1	0	1	0	0	1	0	0	0	0	0	1	1	0	0	1	0	1
Mp7g07990	pos	1	0	1	1	1	0	1	0	1	1	0	1	1	0	0	0	1	1	1	1	0	1	1	1
Mp7g08170	pos	0	1	0	0	1	0	1	0	0	0	1	1	1	1	1	1	1	1	1	1	1	0	1	0
Mp7g08450	pos	0	1	0	1	1	0	0	0	1	1	1	0	1	0	0	0	1	1	0	0	0	0	0	0
Mp7g08480	pos	0	0	0	0	0	0	0	0	1	0	1	1	1	0	1	1	0	1	0	0	1	1	1	0
Mp7g08500	pos	1	1	0	0	1	1	1	0	1	0	0	1	0	1	0	0	0	1	0	1	0	1	0	1
Mp7g09030	pos	1	1	0	0	1	0	1	0	0	1	1	1	1	1	0	1	1	1	1	1	1	1	1	1
Mp7g09410	pos	0	1	0	0	1	0	1	1	0	0	0	1	1	0	0	1	1	1	0	0	1	1	0	1
Mp7g09420	pos	1	0	0	1	1	1	1	0	1	1	1	1	1	0	0	1	1	1	0	1	0	1	0	0
Mp7g09660	pos	0	1	0	0	1	0	0	0	0	1	1	1	1	1	0	1	0	1	0	1	0	1	1	0
Mp7g12300	pos	0	0	0	0	0	0	1	1	1	1	1	1	1	1	1	0	0	1	0	1	1	0	1	0
Mp7g12690	pos	0	1	0	0	1	0	1	1	0	0	1	1	0	1	1	1	1	1	1	0	0	1	1	0
Mp7g12720	pos	0	0	0	1	1	0	1	1	0	1	1	1	1	1	0	1	1	0	0	1	1	1	1	1
Mp7g12820	pos	0	0	0	1	0	1	0	0	1	0	1	0	0	1	0	0	0	1	0	1	0	1	0	0
Mp7g13030	pos	1	0	0	0	1	0	1	0	1	1	0	0	1	1	0	1	1	1	1	1	0	0	0	1
Mp7g13070	pos	0	0	0	0	1	1	1	0	0	0	1	1	0	0	0	1	0	1	1	1	1	1	1	1
Mp7g13490	pos	0	0	0	1	0	0	1	0	0	0	1	0	1	1	1	0	1	0	0	1	1	0	1	1
Mp7g13570	pos	0	0	0	0	1	1	0	1	0	1	1	0	1	1	0	1	1	0	1	1	0	1	0	1
Mp7g13750	pos	1	1	0	1	1	0	1	0	1	1	1	1	0	1	0	1	1	0	1	0	0	0	1	0
Mp7g13760	pos	0	1	1	0	0	1	0	0	1	1	0	0	0	0	0	0	1	1	0	1	0	0	0	1
Mp7g13830	pos	0	0	0	1	1	1	0	0	1	1	1	0	1	0	0	1	0	1	0	0	1	1	0	1
Mp7g14030	pos	1	0	0	0	1	1	0	0	0	1	1	0	0	1	0	1	0	1	0	1	0	1	0	0
Mp7g14040	pos	1	0	0	0	1	1	0	0	0	0	1	1	1	1	0	1	1	1	1	1	0	1	1	0
Mp7g14050	pos	0	1	0	0	1	1	0	0	1	1	0	0	0	1	0	1	1	1	1	1	1	0	1	1
Mp7g14460	pos	1	0	0	0	0	0	1	0	0	0	0	1	1	1	0	0	0	1	1	1	0	1	0	0
Mp7g15020	pos	1	1	0	0	1	1	1	0	1	0	1	0	0	0	0	0	1	1	1	0	1	0	1	1
Mp7g15030	pos	0	0	0	0	1	1	0	0	1	1	1	0	1	0	0	0	0	0	0	1	1	0	1	1
Mp7g15550	pos	0	0	0	0	1	1	1	0	1	1	1	1	1	0	1	1	0	1	1	0	1	0	1	1
Mp7g15570	pos	1	0	0	1	1	0	0	0	0	1	1	0	1	0	0	1	1	1	1	1	1	1	1	1
Mp7g15800	pos	0	0	0	1	1	1	1	0	0	1	1	0	1	0	0	1	1	1	1	1	0	0	1	1
Mp7g16130	pos	0	0	0	0	1	1	0	1	1	1	1	0	0	1	0	1	1	1	1	0	1	0	0	0
Mp7g16140	pos	0	1	1	1	1	1	0	0	0	1	1	0	1	1	0	0	1	1	1	1	1	1	1	1
Mp7g16270	pos	1	0	0	0	0	0	1	1	0	0	0	1	0	1	0	1	1	1	1	0	1	1	1	1
Mp7g16480	pos	1	1	0	0	1	0	1	0	1	0	1	1	1	1	1	1	0	1	0	0	0	0	0	0
Mp7g17120	pos	0	0	0	1	1	0	0	0	0	1	0	1	1	0	0	0	1	0	0	0	0	1	0	1
Mp7g17880	pos	1	0	0	1	1	0	1	0	0	0	1	1	0	1	0	0	0	1	0	1	0	1	0	0
Mp7g17950	pos	0	0	1	0	0	0	0	0	0	1	1	0	1	1	0	1	1	1	1	1	1	0	1	1
Mp7g18140	pos	0	0	0	1	1	0	0	1	1	1	1	1	0	1	0	1	1	1	0	0	0	0	0	0
Mp7g19120	pos	1	0	0	0	0	0	0	0	1	1	1	0	0	1	0	1	1	1	0	0	0	1	1	1
Mp8g00630	pos	0	0	0	0	1	1	0	1	0	1	0	0	1	0	1	0	0	1	0	0	1	1	1	0
Mp8g00680	pos	0	0	1	0	1	1	1	0	0	1	0	1	0	1	1	1	1	1	1	0	0	1	0	1
Mp8g01270	pos	1	0	0	0	0	1	1	0	1	0	1	1	1	0	0	0	1	0	0	1	1	0	1	1
Mp8g01460	pos	1	0	0	1	1	0	1	0	1	1	0	1	0	0	0	1	1	1	0	1	0	1	0	0
Mp8g02450	pos	1	1	0	1	0	0	1	1	1	1	1	1	1	0	0	1	0	0	1	1	1	1	1	1
Mp8g02460	pos	1	0	1	0	1	1	0	0	0	1	1	0	1	1	1	1	0	0	1	1	0	0	0	1
Mp8g02530	pos	0	0	1	1	0	1	1	1	1	1	0	0	0	1	0	1	1	1	0	0	1	1	1	1
Mp8g02540	pos	1	1	0	0	0	0	1	1	0	1	0	0	0	1	1	1	0	1	1	0	1	1	1	0
Mp8g03300	pos	1	0	0	1	1	0	0	1	0	0	0	0	1	1	1	0	1	1	0	1	1	1	1	1
Mp8g04240	pos	1	1	0	0	1	1	1	0	0	1	1	0	1	1	0	0	0	0	0	1	0	1	0	0
Mp8g05430	pos	1	0	0	0	0	1	0	1	0	1	1	1	1	0	0	0	0	0	1	0	0	1	1	1
Mp8g05440	pos	1	0	0	0	1	0	0	0	0	1	0	0	0	1	0	1	1	1	0	0	1	1	1	0
Mp8g05680	pos	1	0	0	0	1	0	1	1	0	0	0	1	1	0	0	1	0	1	0	0	0	0	1	0
Mp8g06400	pos	1	1	0	0	0	1	0	0	1	0	1	1	0	1	1	0	0	1	0	0	1	1	0	0
Mp8g06460	pos	1	0	0	0	1	1	0	1	0	0	0	0	0	1	1	1	0	1	1	1	1	1	1	1
Mp8g06520	pos	1	0	0	1	1	0	0	1	1	0	1	0	1	0	0	1	1	1	0	0	1	0	1	1
Mp8g06540	pos	1	1	0	1	1	0	1	1	0	0	1	0	1	0	1	1	0	1	0	1	0	1	0	0
Mp8g06920	pos	1	0	0	1	1	0	1	0	1	1	0	1	1	1	0	0	0	0	1	1	0	0	1	1
Mp8g07000	pos	0	1	0	0	1	0	1	0	1	1	0	0	1	1	1	1	1	1	0	1	1	0	1	1
Mp8g07010	pos	0	1	0	1	1	0	1	0	1	1	0	0	0	1	0	1	1	1	0	1	1	0	1	1
Mp8g08920	pos	0	1	0	0	0	0	1	0	1	1	1	0	0	1	0	1	1	1	0	1	0	1	1	1
Mp8g09430	pos	1	0	0	0	1	1	1	0	0	0	0	0	1	1	0	0	1	0	0	0	0	0	0	0
Mp8g09750	pos	0	0	0	1	1	1	0	0	1	0	0	1	1	0	1	1	1	0	0	1	1	0	1	1
Mp8g10000	pos	1	1	0	0	0	1	1	0	1	1	0	1	0	1	0	1	1	1	0	1	1	1	1	1
Mp8g10060	pos	1	0	0	1	1	0	1	0	0	1	1	1	1	1	1	0	1	1	0	1	1	1	1	1
Mp8g10660	pos	0	1	0	0	1	0	1	0	1	1	0	1	0	0	1	1	1	1	0	0	0	0	0	1
Mp8g10880	pos	1	1	0	0	0	1	0	0	0	0	0	1	1	1	0	0	0	0	0	0	1	1	0	1
Mp8g13060	pos	1	0	0	0	1	1	1	0	1	1	0	1	1	0	0	0	1	1	0	1	0	1	1	1
Mp8g14230	pos	0	0	0	1	1	1	0	0	1	1	1	0	0	1	1	1	1	1	0	1	1	1	1	1
Mp8g14240	pos	1	0	0	0	1	0	1	0	0	1	1	1	1	0	0	1	1	0	1	1	1	0	1	1
Mp8g14590	pos	1	0	0	1	0	0	1	1	0	0	1	1	0	0	0	1	0	1	0	0	0	0	1	1
Mp8g14650	pos	0	1	0	0	0	1	0	0	1	0	1	1	1	1	1	0	0	1	0	0	1	0	1	1
Mp8g14740	pos	1	0	0	0	1	0	0	1	0	1	0	0	0	0	0	1	1	1	1	1	0	0	1	1
Mp8g14750	pos	0	1	0	0	1	1	0	0	0	0	0	0	1	1	0	1	0	1	0	1	0	0	1	0
Mp8g14850	pos	1	1	1	1	1	0	0	0	0	1	1	1	1	0	0	0	1	1	1	0	0	0	0	1
Mp8g15160	pos	1	1	0	0	1	0	1	0	0	1	1	0	0	1	0	1	1	1	0	1	1	0	1	0
Mp8g15420	pos	1	0	0	1	1	0	0	0	0	0	1	1	0	0	0	1	0	1	0	0	1	0	1	1
Mp8g15640	pos	1	0	0	0	0	1	1	1	0	1	1	1	1	1	0	0	0	0	1	1	1	0	1	1
Mp8g15800	pos	1	1	0	1	0	1	0	0	1	1	1	1	0	1	1	0	1	1	1	1	1	1	0	1
Mp8g16250	pos	1	0	0	0	1	1	1	0	0	1	0	1	1	1	0	1	1	1	0	0	1	1	1	0
Mp8g16380	pos	0	1	0	1	1	1	1	0	0	1	1	0	0	0	0	1	0	1	1	0	0	1	0	1
Mp8g16390	pos	1	0	0	0	1	1	1	0	1	1	1	1	1	0	1	0	1	1	1	0	1	1	1	1
Mp8g16400	pos	0	1	0	0	0	1	1	1	0	0	0	1	0	1	0	1	1	1	0	0	0	1	1	1
Mp8g16450	pos	1	1	0	0	0	0	0	0	0	1	0	0	1	1	0	0	1	1	0	1	0	0	0	0
Mp8g16770	pos	0	0	0	0	0	0	0	0	0	0	1	1	0	0	0	1	0	1	0	0	1	1	1	0
Mp8g16790	pos	1	0	0	0	1	1	0	0	0	0	1	1	0	0	0	1	1	1	1	0	0	1	0	0
Mp8g17360	pos	0	1	0	0	1	1	0	0	1	1	0	0	0	0	0	0	0	1	1	1	0	1	1	0
Mp8g18560	pos	0	0	0	0	1	0	1	0	0	1	1	1	0	0	0	0	0	1	0	1	0	1	1	0
Mp1g00250	neg	1	0	0	0	0	0	0	0	0	0	0	0	0	1	0	1	0	0	0	0	0	1	1	1
Mp1g00330	neg	1	0	0	0	1	1	0	0	1	1	1	0	0	0	0	1	0	1	0	1	0	1	1	0
Mp1g00650	neg	1	0	0	0	0	0	0	0	1	0	0	0	1	0	0	0	0	0	0	0	0	1	0	0
Mp1g01600	neg	0	0	0	0	1	0	1	0	0	1	0	1	0	1	0	1	1	1	1	1	0	0	0	1
Mp1g02280	neg	1	0	0	1	0	1	1	0	1	1	0	1	1	1	1	1	1	1	0	1	1	1	1	1
Mp1g02380	neg	1	1	0	0	0	1	1	0	1	0	0	0	1	1	0	1	1	1	0	1	0	0	1	1
Mp1g02440	neg	1	0	0	1	1	0	1	0	1	1	1	0	1	0	0	0	1	1	0	1	0	0	1	1
Mp1g02590	neg	0	0	0	0	1	1	0	0	1	0	0	0	1	0	0	1	1	0	1	1	0	1	0	1
Mp1g02770	neg	1	0	0	1	1	1	1	0	1	1	0	1	1	0	0	0	1	1	0	0	1	0	1	1
Mp1g02840	neg	0	0	0	1	0	0	1	0	0	0	0	1	0	1	1	1	1	1	1	0	0	0	0	0
Mp1g03620	neg	1	1	0	1	1	0	1	0	1	0	1	1	1	1	0	0	1	1	1	1	0	1	1	1
Mp1g03810	neg	1	0	0	0	0	0	0	0	0	1	1	1	1	0	0	0	0	0	0	0	0	0	0	0
Mp1g03930	neg	0	1	0	0	1	0	1	0	0	0	1	0	0	0	0	1	0	1	0	0	0	1	0	1
Mp1g04300	neg	1	0	0	0	1	0	0	0	1	0	1	0	0	1	0	1	0	0	0	0	0	0	1	1
Mp1g04430	neg	0	0	0	1	1	0	0	0	0	0	0	1	1	1	0	0	1	1	1	1	0	0	1	1
Mp1g04520	neg	1	0	0	0	1	1	1	0	0	0	1	1	1	0	0	1	1	0	1	1	0	1	0	0
Mp1g05000	neg	1	0	0	1	1	0	0	0	1	0	0	0	0	1	1	0	1	1	0	1	0	0	0	0
Mp1g05030	neg	0	1	0	0	1	0	0	1	0	0	0	1	1	0	0	0	1	1	0	1	1	0	0	0
Mp1g05140	neg	0	1	0	1	1	1	0	0	1	0	0	0	0	0	0	1	0	1	0	1	0	0	0	1
Mp1g05460	neg	1	1	0	0	0	1	1	0	0	1	1	0	0	1	0	1	1	1	0	0	1	0	0	1
Mp1g05540	neg	0	1	0	1	1	1	0	0	1	0	0	0	1	1	0	0	0	1	1	1	0	0	1	1
Mp1g05950	neg	1	0	0	0	0	0	1	0	0	1	1	0	1	0	0	1	0	0	0	1	1	1	0	1
Mp1g06130	neg	1	0	0	1	1	0	1	0	0	0	0	1	1	1	1	1	1	0	0	1	0	1	1	1
Mp1g06260	neg	0	0	0	1	0	1	0	0	0	0	0	0	0	0	1	0	1	0	0	1	1	1	0	1
Mp1g06480	neg	0	0	0	0	1	0	0	0	0	0	0	1	1	0	0	1	1	1	1	1	1	1	0	1
Mp1g06500	neg	0	1	0	0	1	1	0	0	1	0	0	0	1	1	0	0	0	1	0	0	1	0	1	0
Mp1g06710	neg	0	0	0	1	1	1	0	0	0	0	1	1	0	0	0	1	0	1	0	1	0	1	0	0
Mp1g07690	neg	1	0	1	0	1	1	0	0	0	1	0	0	0	0	0	0	1	0	0	1	0	0	0	1
Mp1g08310	neg	0	1	1	0	1	1	1	0	1	1	0	0	1	1	0	0	1	1	0	1	0	1	0	0
Mp1g08320	neg	1	0	0	0	0	0	0	0	1	1	1	0	1	0	0	1	1	1	1	0	0	0	0	1
Mp1g08740	neg	0	0	0	0	1	1	0	1	1	1	1	0	0	0	1	1	1	1	1	0	0	0	1	0
Mp1g09170	neg	0	0	0	0	1	0	0	0	1	1	1	0	0	0	0	0	1	0	0	0	0	1	1	1
Mp1g09770	neg	0	1	0	1	0	1	1	1	1	0	0	1	0	1	1	0	0	1	0	0	0	1	0	0
Mp1g10080	neg	0	0	0	0	1	0	1	1	0	1	1	0	1	0	0	0	1	1	0	1	1	0	1	0
Mp1g10120	neg	0	0	1	0	1	0	0	0	0	1	1	0	1	1	0	1	0	0	0	1	0	1	1	0
Mp1g10130	neg	0	0	0	0	1	0	1	0	1	1	1	1	0	0	0	0	1	1	0	0	0	0	0	0
Mp1g10400	neg	1	1	0	0	0	0	1	0	0	0	1	0	0	0	0	0	0	1	0	1	1	0	1	0
Mp1g10980	neg	1	0	0	0	0	1	0	0	0	0	0	1	0	0	0	0	1	1	0	1	1	1	1	1
Mp1g11000	neg	1	0	0	1	0	1	0	0	1	1	0	0	1	0	0	1	0	0	0	0	1	1	1	1
Mp1g11150	neg	0	1	0	0	1	0	1	0	0	0	1	1	0	1	0	1	1	0	1	0	0	0	0	1
Mp1g11300	neg	0	0	0	1	1	1	0	0	0	1	1	0	1	0	0	1	1	0	0	0	1	1	0	1
Mp1g11570	neg	1	0	0	0	1	0	0	0	0	1	1	1	0	1	0	1	1	1	0	0	1	0	0	1
Mp1g11740	neg	0	1	1	0	1	1	0	0	1	1	1	0	1	1	0	0	0	0	0	0	1	0	0	1
Mp1g11800	neg	1	1	0	0	1	1	1	0	1	0	0	1	1	0	0	0	1	0	0	1	1	1	1	1
Mp1g11840	neg	1	0	0	0	1	0	1	0	0	1	1	1	0	0	0	1	1	0	0	1	0	0	1	1
Mp1g12020	neg	0	0	0	0	0	1	1	0	0	1	1	1	0	0	1	1	1	0	0	1	1	1	1	0
Mp1g12590	neg	1	1	0	0	0	0	0	0	0	0	0	0	1	1	0	1	0	1	1	0	0	1	1	0
Mp1g12610	neg	1	0	0	0	1	0	0	0	1	1	0	0	1	0	0	0	1	1	0	1	0	1	1	0
Mp1g12620	neg	1	1	0	0	1	1	1	0	0	0	0	0	0	1	0	0	0	0	0	1	1	1	1	0
Mp1g12700	neg	0	1	0	0	1	0	0	0	0	1	0	0	1	0	0	0	1	1	1	0	0	0	0	0
Mp1g12890	neg	0	0	0	0	1	1	0	0	0	1	0	1	1	0	0	0	1	1	0	0	1	1	0	0
Mp1g12970	neg	1	0	0	0	1	0	1	0	0	1	1	1	1	0	0	1	1	1	0	0	0	1	1	1
Mp1g13370	neg	0	0	0	1	1	1	0	1	0	1	0	0	0	0	0	0	0	1	0	0	0	1	0	0
Mp1g13750	neg	0	0	0	1	0	1	0	0	1	1	0	0	1	1	1	1	0	1	0	0	1	0	1	1
Mp1g13810	neg	1	0	0	1	1	0	0	0	1	1	0	1	0	0	0	0	1	0	0	0	0	0	0	0
Mp1g14410	neg	1	0	0	0	0	1	0	1	1	1	1	1	0	1	0	1	1	1	1	1	1	0	1	0
Mp1g14490	neg	0	1	0	1	1	0	1	0	1	1	0	0	0	1	0	0	0	1	0	1	1	1	0	0
Mp1g14710	neg	0	0	1	0	0	1	1	0	0	1	0	0	0	0	0	0	0	1	0	1	0	1	1	1
Mp1g15070	neg	0	1	0	0	0	0	1	0	0	0	1	0	1	1	0	0	0	1	0	0	0	1	0	0
Mp1g15110	neg	0	0	0	1	0	0	0	0	1	0	0	0	1	0	0	1	0	1	0	0	0	1	1	1
Mp1g15520	neg	0	0	0	0	1	0	1	1	1	0	0	0	0	1	0	0	1	1	0	0	1	0	1	1
Mp1g16790	neg	0	0	0	1	0	1	1	0	1	1	1	1	1	0	0	0	0	1	0	1	0	1	1	1
Mp1g16950	neg	1	0	0	1	0	0	1	0	0	0	0	1	0	0	0	1	1	1	1	1	1	1	1	1
Mp1g17140	neg	0	0	0	0	1	1	1	0	1	0	0	1	1	0	0	1	1	1	0	1	0	1	1	0
Mp1g17280	neg	1	0	0	1	0	0	0	0	0	1	1	0	1	1	0	1	0	1	1	0	0	1	0	0
Mp1g17590	neg	0	0	0	1	1	0	1	1	0	1	0	1	1	1	0	0	1	1	0	1	1	0	0	1
Mp1g17630	neg	1	1	0	0	1	0	0	1	0	0	1	0	0	1	0	0	1	1	0	0	0	0	1	0
Mp1g17790	neg	1	0	0	0	0	1	0	0	1	0	0	0	0	0	0	0	0	0	0	0	1	1	0	1
Mp1g17880	neg	1	1	0	0	1	0	0	0	0	1	1	0	0	0	0	1	1	0	0	1	1	1	1	1
Mp1g18080	neg	1	1	0	0	1	0	0	0	0	0	0	0	1	1	0	0	0	0	0	1	0	0	0	0
Mp1g18110	neg	0	0	0	1	1	1	0	0	1	0	1	0	0	1	0	0	1	1	0	1	0	0	1	0
Mp1g18200	neg	1	1	0	0	0	0	0	0	0	0	1	1	0	1	0	1	0	1	0	0	0	0	1	1
Mp1g18660	neg	0	0	0	1	0	0	1	0	1	0	1	0	1	1	0	0	1	1	0	0	0	1	0	0
Mp1g18750	neg	1	0	0	1	0	1	0	0	1	0	0	1	1	0	0	0	0	0	0	1	0	1	0	0
Mp1g18810	neg	1	0	0	0	0	1	1	0	1	1	1	1	1	0	0	0	1	1	0	0	0	0	0	0
Mp1g19020	neg	1	0	0	0	1	0	0	0	0	1	1	0	1	1	0	1	1	1	0	1	0	0	0	0
Mp1g19250	neg	0	0	1	0	1	0	1	1	1	1	1	0	1	0	0	1	1	0	0	0	0	0	0	0
Mp1g19300	neg	1	0	0	0	1	0	1	0	1	1	1	1	1	0	0	1	0	1	0	0	0	1	1	1
Mp1g19550	neg	1	1	0	0	1	0	0	0	0	0	1	0	0	1	0	0	0	1	1	1	1	1	1	1
Mp1g19660	neg	0	0	0	0	0	1	1	0	0	1	0	1	1	0	0	1	0	0	0	1	0	0	0	1
Mp1g20690	neg	0	0	0	0	0	0	0	0	1	1	1	0	0	1	0	0	1	1	1	1	0	1	1	0
Mp1g21050	neg	1	1	0	0	0	0	0	0	0	1	0	1	1	1	0	0	0	1	0	0	0	1	0	0
Mp1g21060	neg	1	0	0	0	0	0	0	1	0	0	0	0	1	0	0	1	0	1	0	0	0	0	0	0
Mp1g21070	neg	0	0	0	0	0	0	0	1	0	1	0	0	1	1	0	1	0	1	1	0	0	1	0	0
Mp1g21470	neg	0	1	0	1	0	1	0	1	0	0	0	0	0	0	0	0	1	0	0	0	0	0	1	1
Mp1g21510	neg	0	0	0	0	0	0	1	1	0	1	0	0	0	1	0	0	1	1	0	0	0	0	1	1
Mp1g22500	neg	0	0	0	0	1	1	1	0	1	0	0	1	0	0	0	1	1	0	0	1	0	0	1	1
Mp1g22620	neg	1	0	0	0	1	1	0	0	1	0	1	0	0	1	0	1	0	1	0	0	0	0	1	0
Mp1g22810	neg	0	1	0	0	0	1	0	0	0	0	0	0	0	0	1	1	1	1	1	1	0	1	0	0
Mp1g23820	neg	1	0	0	0	1	1	0	0	0	1	1	0	1	0	0	0	1	1	1	0	1	0	1	1
Mp1g24090	neg	0	0	0	1	1	0	1	0	0	0	0	0	0	1	0	0	1	1	1	0	0	0	0	1
Mp1g24920	neg	0	1	0	0	1	0	0	0	0	1	0	0	0	0	0	1	1	0	0	1	0	0	1	1
Mp1g25110	neg	0	1	0	1	1	1	0	0	0	1	1	1	1	0	0	1	0	1	0	1	1	1	1	1
Mp1g25370	neg	1	0	0	0	1	0	0	0	0	0	1	0	1	0	0	0	0	0	1	1	1	0	1	1
Mp1g25740	neg	0	0	0	0	0	1	1	0	0	0	0	1	0	0	0	0	0	1	1	1	0	0	0	0
Mp1g25810	neg	1	0	0	0	0	0	1	0	0	0	0	0	1	0	0	0	0	1	1	1	0	0	0	1
Mp1g26050	neg	1	1	0	0	1	0	0	0	0	1	0	1	0	1	0	0	1	1	1	0	0	0	0	0
Mp1g26320	neg	1	0	0	0	1	0	1	1	0	0	0	1	1	0	0	0	0	1	1	1	0	1	0	0
Mp1g26580	neg	1	0	1	0	0	0	1	1	1	1	1	1	0	1	0	0	0	1	1	1	1	1	0	1
Mp1g26740	neg	1	0	0	1	1	0	0	0	0	0	0	0	1	0	1	0	1	1	0	1	1	1	0	1
Mp1g27380	neg	0	0	0	0	0	0	0	0	1	0	1	0	0	0	0	1	0	1	0	0	0	0	1	0
Mp1g27530	neg	1	0	0	0	0	0	1	0	1	1	1	1	1	1	1	1	0	1	0	0	1	0	1	0
Mp1g27590	neg	0	0	0	0	0	0	0	0	0	0	0	0	0	1	0	1	0	1	0	1	0	1	1	0
Mp1g27710	neg	0	0	0	0	1	1	0	0	0	1	1	1	0	1	0	0	0	0	0	1	0	1	1	1
Mp1g27830	neg	0	1	0	0	0	0	0	1	1	0	1	0	0	1	0	1	0	1	1	0	0	0	1	1
Mp1g28380	neg	0	0	0	0	1	1	0	0	1	1	1	1	1	0	1	0	1	1	0	1	1	0	1	0
Mp1g29090	neg	0	0	1	0	1	0	0	0	0	1	1	0	0	0	0	0	1	1	0	0	1	1	0	1
Mp1g29120	neg	1	0	0	0	0	0	0	0	1	0	1	0	1	0	0	0	0	1	0	0	0	0	0	0
Mp1g29140	neg	1	0	0	1	1	1	1	0	1	0	0	1	0	0	0	1	0	1	0	1	0	0	0	0
Mp1g29820	neg	0	0	0	0	0	0	0	0	0	0	1	1	0	1	0	0	0	0	0	1	0	1	1	0
Mp2g00520	neg	1	0	0	1	1	0	1	0	0	1	0	1	1	0	0	0	0	1	0	1	0	1	1	0
Mp2g00780	neg	0	0	0	0	0	0	0	0	0	1	1	0	1	0	0	0	1	0	0	0	0	0	1	1
Mp2g01290	neg	1	0	0	0	0	0	0	0	1	1	0	0	0	0	0	0	1	1	0	0	0	1	0	1
Mp2g02140	neg	1	0	0	1	0	0	0	0	0	0	0	1	0	0	0	0	0	1	0	1	0	1	1	1
Mp2g02880	neg	1	1	0	0	0	0	0	0	1	0	0	0	0	0	0	0	0	1	0	0	1	0	0	0
Mp2g04220	neg	0	0	0	1	0	0	1	0	1	0	0	0	0	0	0	0	0	0	1	1	1	1	1	1
Mp2g05180	neg	0	0	0	1	0	1	1	0	0	1	1	1	1	0	1	1	1	1	0	1	1	1	1	1
Mp2g05230	neg	0	0	0	0	0	1	1	0	1	0	1	0	1	1	0	0	1	1	1	1	1	1	1	1
Mp2g06010	neg	1	0	0	0	0	0	0	0	0	0	1	0	1	0	1	1	1	0	0	0	1	1	1	1
Mp2g06270	neg	1	0	0	1	1	1	1	0	0	1	0	0	0	1	0	1	0	1	1	1	0	0	0	0
Mp2g06280	neg	0	1	1	0	1	0	0	0	1	1	0	1	0	0	0	1	1	1	0	1	0	0	0	0
Mp2g06500	neg	1	1	0	0	1	0	0	1	1	0	0	0	0	1	0	1	1	1	0	0	1	1	0	0
Mp2g06870	neg	0	0	0	0	1	0	0	0	1	1	0	0	0	0	0	1	1	0	0	1	0	1	1	1
Mp2g07890	neg	1	0	0	1	0	1	1	0	0	1	1	1	1	0	0	0	0	1	1	0	0	1	1	1
Mp2g08770	neg	1	0	0	0	0	1	1	0	0	1	1	1	0	0	0	0	0	0	0	0	0	0	1	1
Mp2g08980	neg	1	0	0	0	0	1	1	0	1	0	1	1	0	0	0	0	0	1	1	1	0	0	1	0
Mp2g09350	neg	0	0	0	1	0	0	0	0	0	1	0	0	1	0	0	1	1	1	0	0	1	0	1	1
Mp2g10350	neg	0	0	0	0	1	0	0	1	0	0	1	1	0	1	0	1	1	1	1	1	1	0	1	1
Mp2g10540	neg	0	0	0	0	0	1	1	0	1	0	1	0	0	1	0	0	0	1	1	0	1	0	1	1
Mp2g10920	neg	1	1	0	1	1	0	0	0	0	1	1	0	1	0	0	1	1	1	0	1	1	1	0	0
Mp2g11220	neg	0	0	0	0	0	0	1	0	0	0	0	0	1	1	0	1	0	1	1	0	0	0	1	1
Mp2g11900	neg	1	0	0	0	0	1	0	0	0	1	1	1	1	0	0	0	0	1	0	0	0	0	1	0
Mp2g12300	neg	0	0	1	0	1	1	1	0	1	1	1	0	0	1	0	0	1	1	1	0	1	1	1	1
Mp2g12870	neg	1	0	0	1	1	0	0	0	0	1	1	1	0	1	0	1	0	1	0	0	0	1	0	0
Mp2g13020	neg	1	1	0	0	1	0	1	0	0	0	1	1	1	1	0	0	1	1	1	0	0	0	0	0
Mp2g13500	neg	1	1	0	1	0	0	0	1	0	1	1	1	1	1	1	0	0	1	1	0	1	1	1	1
Mp2g13650	neg	1	0	0	1	1	0	1	1	0	0	1	0	0	1	0	1	1	1	0	1	1	1	0	1
Mp2g13990	neg	1	1	0	0	1	0	0	0	1	0	1	1	0	1	0	0	0	1	0	1	1	1	0	1
Mp2g14240	neg	0	0	0	0	1	1	0	0	1	0	1	0	1	0	0	1	0	0	0	0	1	0	1	1
Mp2g14990	neg	1	0	0	0	1	1	0	0	1	0	1	1	1	0	0	1	1	1	1	1	0	1	1	0
Mp2g15400	neg	0	0	0	1	0	0	1	0	0	1	1	1	0	0	0	1	0	0	0	1	0	1	1	0
Mp2g15630	neg	1	0	0	1	1	1	0	1	1	1	0	1	1	1	0	0	1	1	0	1	1	0	1	1
Mp2g16210	neg	0	0	0	1	1	1	1	0	0	0	0	1	1	1	0	1	0	1	0	1	1	0	1	0
Mp2g16460	neg	1	0	0	1	1	0	0	1	1	0	1	0	1	0	0	0	1	1	0	1	0	0	0	0
Mp2g17100	neg	1	0	0	0	1	1	1	0	1	0	1	1	0	0	0	0	1	1	0	1	0	0	1	0
Mp2g17450	neg	0	1	0	0	0	0	0	0	0	0	0	0	0	1	0	0	0	1	1	0	1	1	1	1
Mp2g17490	neg	1	0	0	0	1	1	0	0	1	0	0	0	0	1	0	1	0	1	0	0	1	0	1	1
Mp2g17830	neg	0	0	0	0	1	0	1	0	0	1	1	1	1	0	0	0	1	1	0	0	0	0	0	0
Mp2g18040	neg	0	0	0	0	1	1	0	0	1	1	0	0	1	1	1	1	1	1	0	0	0	0	0	0
Mp2g18400	neg	1	0	0	0	1	1	0	0	1	1	0	1	1	0	0	1	1	1	1	1	1	0	0	0
Mp2g19030	neg	1	1	0	0	0	0	0	0	0	1	1	1	0	1	0	1	0	0	0	0	0	0	1	0
Mp2g19690	neg	1	0	0	0	1	1	0	0	1	0	1	0	0	0	1	1	1	1	0	1	0	1	1	1
Mp2g22270	neg	0	0	0	0	0	0	0	0	0	0	1	1	0	0	0	1	0	1	0	0	0	1	1	0
Mp2g22320	neg	0	0	0	1	0	1	1	0	0	1	1	1	1	0	1	0	0	1	1	0	0	0	1	1
Mp2g22580	neg	0	0	0	0	1	1	0	0	1	0	0	1	0	1	0	0	1	1	0	0	0	0	1	1
Mp2g23130	neg	0	0	0	1	0	1	1	1	0	1	0	1	1	1	1	0	0	1	0	1	1	0	1	0
Mp2g23810	neg	1	1	0	0	0	0	0	0	0	1	0	0	0	1	0	0	0	0	1	0	0	1	1	1
Mp2g25220	neg	1	1	0	0	1	0	0	0	0	1	0	1	1	0	0	1	0	0	0	0	0	1	0	0
Mp2g26540	neg	0	1	0	1	0	0	0	0	1	1	0	0	0	1	0	0	1	1	0	1	0	0	0	1
Mp2g26550	neg	1	1	0	1	0	0	1	0	1	0	0	0	0	1	0	1	1	1	0	1	0	0	0	1
Mp3g00280	neg	1	0	0	0	0	1	0	0	0	1	1	0	0	0	0	1	0	0	0	0	0	1	1	0
Mp3g00320	neg	0	0	0	0	1	0	1	0	0	0	1	0	1	0	0	1	0	1	1	1	0	1	0	1
Mp3g00420	neg	0	0	0	1	0	0	0	0	1	1	1	0	0	1	0	1	0	1	1	1	0	0	1	1
Mp3g00460	neg	0	0	0	0	1	1	1	1	0	1	1	1	0	1	0	0	1	1	1	0	0	0	1	0
Mp3g00800	neg	0	0	0	0	0	1	1	0	1	0	0	1	1	0	0	1	0	1	0	1	1	1	0	1
Mp3g00920	neg	1	1	0	0	1	0	1	0	0	0	1	1	0	0	0	1	0	1	0	1	0	0	0	1
Mp3g01330	neg	0	0	0	1	1	0	0	0	1	1	1	0	0	1	0	1	0	1	1	0	1	0	0	0
Mp3g01435	neg	1	0	0	0	1	0	1	0	0	1	0	0	0	0	0	1	0	0	1	0	0	0	1	1
Mp3g02140	neg	0	1	1	1	0	1	0	0	1	1	1	0	1	0	0	1	1	1	0	0	0	1	1	1
Mp3g02880	neg	1	0	1	1	1	0	1	0	0	1	0	1	0	0	0	1	1	1	0	0	1	0	0	1
Mp3g03220	neg	0	1	0	0	1	0	1	0	0	0	0	1	1	0	0	0	1	1	1	1	0	1	0	1
Mp3g03650	neg	0	0	0	1	0	0	1	1	0	1	0	1	0	1	0	1	1	1	0	0	0	1	1	1
Mp3g03790	neg	0	0	0	0	1	0	0	0	0	1	0	0	0	0	0	1	0	0	1	1	0	0	0	0
Mp3g03930	neg	0	1	0	0	0	0	0	0	0	1	0	0	1	1	0	0	1	1	0	1	0	0	0	1
Mp3g04020	neg	1	0	0	1	0	0	0	0	0	0	0	1	0	1	1	1	0	1	0	1	1	1	1	0
Mp3g04400	neg	0	1	0	1	1	0	0	0	0	0	1	1	1	0	0	1	1	1	1	1	0	1	1	0
Mp3g04790	neg	0	1	0	0	0	1	0	0	0	0	1	1	1	1	0	0	1	1	1	0	0	1	1	0
Mp3g04840	neg	1	0	0	0	1	0	0	0	0	1	0	0	0	0	0	0	0	1	1	0	1	0	1	1
Mp3g04900	neg	0	0	0	1	0	0	1	0	0	0	0	1	1	0	0	0	0	1	0	1	0	0	1	0
Mp3g05750	neg	0	1	0	1	0	1	0	0	1	0	1	0	1	1	0	1	0	0	0	1	1	1	1	1
Mp3g05760	neg	1	0	0	1	0	0	1	0	0	1	0	1	1	1	0	0	1	1	0	0	1	0	0	1
Mp3g05780	neg	0	0	0	1	1	1	1	1	0	0	0	0	1	1	0	0	1	1	0	1	0	0	1	0
Mp3g06100	neg	1	0	0	0	1	0	1	0	0	0	1	1	1	0	0	1	0	0	0	1	0	1	0	1
Mp3g06120	neg	0	1	0	1	0	0	1	0	0	1	1	1	1	1	0	1	0	1	1	1	0	0	0	1
Mp3g06360	neg	0	0	0	1	0	0	0	0	0	1	1	0	0	1	0	0	1	1	0	0	0	0	1	1
Mp3g07170	neg	1	0	0	0	0	0	0	0	0	1	0	0	1	1	0	1	0	1	0	0	1	1	1	1
Mp3g07840	neg	0	0	0	0	1	1	1	0	1	0	0	1	1	0	0	0	1	1	1	0	1	1	0	1
Mp3g08330	neg	0	0	1	0	0	0	0	1	0	1	1	1	0	0	0	1	0	1	0	0	0	0	1	1
Mp3g08940	neg	1	0	0	1	0	0	0	1	0	1	0	0	0	0	0	1	1	1	0	1	0	0	0	0
Mp3g09900	neg	0	0	0	0	0	0	0	1	0	1	1	0	0	1	0	1	0	1	1	1	1	0	0	0
Mp3g09910	neg	0	0	0	0	0	0	0	1	0	1	0	0	1	1	0	1	0	1	1	1	1	0	0	1
Mp3g10620	neg	1	0	0	0	0	0	0	0	0	0	1	0	0	1	0	0	1	1	0	1	1	0	0	1
Mp3g10740	neg	1	1	1	1	1	0	0	1	1	0	0	0	0	0	0	1	0	0	0	1	0	0	1	0
Mp3g10830	neg	0	1	0	0	1	0	0	1	0	0	1	0	1	1	1	0	0	1	1	1	0	0	1	1
Mp3g10910	neg	0	0	1	0	1	1	0	0	1	1	1	0	1	1	0	1	1	1	0	1	0	1	1	0
Mp3g10970	neg	0	1	0	1	1	0	1	0	1	0	0	1	1	0	0	1	1	1	1	1	1	0	1	1
Mp3g10980	neg	0	1	0	0	1	0	0	0	1	0	1	0	0	0	0	1	0	1	1	0	1	0	0	1
Mp3g11110	neg	1	0	0	0	0	1	0	0	0	0	1	0	1	0	1	1	1	0	1	1	0	0	0	0
Mp3g11420	neg	1	0	0	1	0	1	0	0	0	1	1	0	0	0	0	0	0	1	0	1	0	0	1	0
Mp3g11660	neg	0	0	0	1	0	0	0	0	0	1	0	0	0	0	0	1	0	0	1	1	0	0	1	0
Mp3g12120	neg	1	1	0	1	0	0	1	1	1	0	0	1	1	1	0	0	0	0	0	1	1	1	1	0
Mp3g13090	neg	0	0	0	0	1	1	1	0	1	1	0	0	0	0	0	1	0	0	0	1	0	0	1	0
Mp3g13290	neg	0	0	0	0	1	1	1	0	1	0	1	1	0	1	0	1	0	1	1	0	0	1	0	1
Mp3g13670	neg	1	0	0	0	0	0	0	0	0	1	0	1	1	0	1	1	1	1	0	0	0	1	0	1
Mp3g13750	neg	0	1	0	0	1	0	1	0	1	1	1	1	1	0	0	0	1	1	1	1	1	0	0	0
Mp3g13870	neg	1	1	1	0	1	0	0	0	0	1	1	0	0	1	0	1	0	1	0	1	0	0	1	1
Mp3g14360	neg	0	1	0	1	1	0	1	0	0	0	0	1	1	1	0	0	1	1	0	1	0	1	0	1
Mp3g14580	neg	0	0	0	0	0	1	0	0	0	0	1	0	1	0	0	1	0	1	0	1	0	0	0	1
Mp3g14700	neg	0	0	0	0	1	0	1	0	0	0	0	1	0	0	0	1	1	0	0	1	1	0	1	1
Mp3g15440	neg	0	1	0	0	0	0	1	0	0	1	1	1	1	0	0	1	0	0	1	0	0	0	1	1
Mp3g15890	neg	1	0	0	0	0	1	0	0	1	0	1	0	1	0	0	0	1	1	0	0	0	0	0	1
Mp3g16180	neg	1	1	0	0	1	1	0	0	1	1	0	0	1	0	0	1	0	1	0	0	1	1	0	1
Mp3g16250	neg	0	0	0	0	0	1	1	0	0	0	1	0	1	1	0	1	0	1	0	1	0	0	0	1
Mp3g16410	neg	1	0	0	1	1	1	0	0	1	0	0	0	1	0	1	0	0	0	1	0	0	1	1	0
Mp3g16830	neg	1	0	0	1	1	1	0	0	1	1	0	1	1	1	1	0	1	1	1	1	1	1	1	1
Mp3g16880	neg	0	0	0	1	0	1	1	0	1	0	0	1	0	1	0	1	1	1	1	0	1	0	0	0
Mp3g17170	neg	1	0	0	0	0	0	1	0	0	0	0	0	1	0	0	1	0	1	0	1	1	1	1	0
Mp3g18080	neg	1	0	0	0	1	1	0	0	1	1	1	0	0	1	0	1	1	0	1	1	0	0	1	0
Mp3g18580	neg	0	0	0	0	0	0	1	0	1	1	0	0	0	0	0	1	0	0	1	0	1	1	1	1
Mp3g18900	neg	0	0	0	0	1	1	1	1	0	0	0	1	1	0	0	0	0	1	0	1	0	0	0	1
Mp3g19170	neg	1	0	0	1	0	0	1	0	1	1	1	1	0	0	0	0	1	1	1	1	1	0	0	1
Mp3g19400	neg	0	0	0	1	0	0	0	0	0	0	1	1	0	0	0	1	0	1	0	1	0	1	1	1
Mp3g19560	neg	0	1	1	1	0	1	0	0	0	1	1	1	1	1	0	0	1	0	0	0	1	1	1	1
Mp3g20210	neg	1	1	0	0	1	0	1	0	0	1	1	1	1	0	0	0	0	1	0	1	1	1	1	1
Mp3g20740	neg	1	1	0	0	0	1	1	0	0	0	1	1	0	1	1	1	0	0	0	1	0	1	1	1
Mp3g20790	neg	0	0	0	0	0	1	0	0	1	0	1	1	0	0	0	1	0	0	0	1	0	0	0	0
Mp3g20820	neg	1	0	0	0	1	0	1	0	1	0	1	1	0	0	0	0	0	0	0	0	1	1	1	1
Mp3g20850	neg	1	1	0	1	0	1	0	0	0	0	0	1	1	0	0	1	1	1	0	0	1	0	0	1
Mp3g20980	neg	0	1	0	1	0	1	0	0	1	1	0	0	0	0	1	1	0	0	0	0	0	0	1	0
Mp3g21700	neg	0	0	0	1	0	0	0	0	1	0	1	1	1	0	0	1	1	1	0	1	0	0	1	1
Mp3g23090	neg	1	1	0	0	0	1	1	0	0	0	1	1	0	0	0	0	1	0	1	1	0	0	0	1
Mp3g23820	neg	0	0	0	0	1	0	0	0	1	0	1	0	0	1	0	1	0	0	0	0	0	1	1	0
Mp3g24360	neg	1	0	0	0	0	0	1	1	1	0	1	0	0	1	0	1	1	0	0	0	1	1	1	1
Mp3g25360	neg	0	0	0	0	0	0	1	0	1	0	0	1	1	1	1	0	0	1	0	1	0	0	0	0
Mp4g00440	neg	0	0	0	1	0	1	0	1	0	0	1	1	1	0	0	1	0	1	0	0	0	0	1	1
Mp4g00970	neg	0	1	0	0	0	1	0	0	1	1	1	0	1	0	1	1	1	1	0	1	0	0	1	1
Mp4g02350	neg	1	0	0	1	1	0	0	1	1	1	1	0	0	0	0	0	0	1	1	1	1	0	0	1
Mp4g02650	neg	1	0	0	0	1	0	0	1	0	0	0	0	0	0	1	1	1	1	1	1	1	1	0	0
Mp4g03490	neg	0	0	0	1	1	0	1	0	0	0	0	0	0	1	1	1	1	0	0	1	0	0	1	1
Mp4g03620	neg	1	0	0	0	1	1	1	0	0	0	1	1	1	1	0	1	1	0	0	1	0	0	1	0
Mp4g03730	neg	1	0	0	1	0	1	0	0	1	1	1	1	1	0	0	1	0	0	0	1	0	1	0	0
Mp4g04310	neg	1	0	0	0	1	0	0	1	1	0	0	0	0	1	0	1	0	1	1	1	0	1	1	0
Mp4g04480	neg	0	1	0	0	1	0	0	0	0	0	1	1	0	0	0	1	1	0	1	0	0	0	1	0
Mp4g04560	neg	0	1	0	0	0	0	1	0	0	0	0	0	1	1	0	0	0	1	1	0	1	0	1	1
Mp4g05130	neg	1	1	0	1	0	0	1	0	0	1	1	1	1	0	0	0	1	0	1	0	1	0	0	1
Mp4g05250	neg	1	0	0	1	1	1	1	1	1	0	0	0	0	1	0	1	1	1	1	1	0	0	0	0
Mp4g05320	neg	1	1	0	0	1	0	0	0	0	1	0	0	1	0	0	1	1	1	0	1	0	1	0	0
Mp4g07120	neg	0	1	0	0	1	1	1	0	0	1	0	1	0	0	1	0	0	1	1	0	1	0	1	0
Mp4g07530	neg	1	1	0	0	0	1	0	0	1	0	1	1	1	0	1	1	1	1	0	0	0	1	0	1
Mp4g08250	neg	0	0	0	1	1	0	1	0	0	0	1	0	1	0	0	0	1	0	0	1	1	1	1	0
Mp4g08680	neg	1	0	0	1	1	1	0	0	1	1	1	0	1	0	0	1	1	1	1	1	1	0	0	0
Mp4g09750	neg	0	0	1	0	1	0	1	1	0	1	1	1	0	0	0	1	1	1	0	0	0	0	1	1
Mp4g10950	neg	0	1	0	0	0	0	0	0	0	1	0	1	0	1	0	1	0	0	0	0	0	0	1	0
Mp4g11150	neg	0	0	0	0	0	1	0	0	1	0	0	1	0	0	1	0	1	1	1	0	0	1	1	1
Mp4g11890	neg	0	0	0	0	1	0	0	0	0	1	1	0	1	0	0	1	1	1	1	0	0	1	1	1
Mp4g12180	neg	0	0	0	1	0	1	1	1	1	1	1	1	0	1	0	1	1	1	1	1	1	0	1	1
Mp4g12660	neg	1	0	0	0	1	0	0	0	0	0	1	1	0	0	1	1	0	1	0	1	0	1	1	0
Mp4g13300	neg	1	1	0	0	1	0	0	0	1	1	1	0	0	1	0	1	0	1	0	1	1	1	0	1
Mp4g13540	neg	1	1	0	0	0	1	1	0	0	1	0	0	1	0	1	0	0	1	0	0	1	1	1	1
Mp4g14020	neg	1	1	0	1	1	0	1	0	0	0	0	0	0	0	0	1	1	0	0	1	0	1	1	0
Mp4g14060	neg	1	1	0	1	0	0	0	0	1	1	0	0	1	1	0	0	0	1	0	1	0	1	0	0
Mp4g14070	neg	0	0	0	0	0	0	0	1	0	0	0	0	0	0	0	0	1	0	0	1	1	1	0	0
Mp4g14760	neg	1	0	0	1	0	1	0	0	0	0	0	0	1	0	0	1	0	0	1	1	1	0	0	0
Mp4g17070	neg	0	0	0	0	0	0	0	0	0	0	0	1	0	0	0	1	0	1	0	1	0	0	0	0
Mp4g17550	neg	1	0	0	1	0	1	0	0	0	0	0	0	0	1	0	0	0	1	1	0	0	0	0	0
Mp4g19300	neg	0	1	0	0	1	1	0	1	1	0	1	1	0	1	0	1	0	0	1	1	0	0	1	0
Mp4g20270	neg	1	0	0	1	1	0	1	0	0	0	1	0	1	0	0	1	1	1	0	1	0	0	1	1
Mp4g20310	neg	1	1	0	0	1	0	0	0	0	1	0	0	1	1	0	0	1	1	0	0	0	0	0	1
Mp4g20320	neg	0	0	0	0	0	1	1	1	0	0	1	0	0	0	0	0	0	0	0	0	0	0	0	1
Mp4g20550	neg	0	1	0	0	1	1	0	0	0	1	1	0	0	0	1	1	1	1	0	1	0	0	1	0
Mp4g20630	neg	0	1	0	0	0	1	1	0	1	1	1	1	0	1	0	0	0	0	0	0	0	1	1	1
Mp4g20660	neg	0	0	0	0	1	0	0	0	1	0	1	0	0	0	0	1	0	0	0	1	0	1	0	1
Mp4g21010	neg	0	1	0	1	1	1	1	1	1	1	0	1	0	1	0	1	1	1	0	1	0	1	1	0
Mp4g21540	neg	0	1	0	0	0	1	0	0	0	0	1	0	0	0	0	1	0	0	0	0	0	0	0	0
Mp4g21650	neg	0	0	1	0	0	0	0	0	0	1	1	0	0	0	0	1	0	0	0	1	0	0	1	0
Mp4g22090	neg	0	0	1	1	1	1	0	1	1	1	1	1	0	1	0	1	1	1	0	1	0	0	1	1
Mp4g22460	neg	0	1	0	0	1	0	1	0	1	1	0	1	0	0	0	1	0	1	0	0	0	0	0	0
Mp4g23100	neg	1	1	0	1	1	1	1	0	1	1	1	0	1	1	0	0	1	1	0	0	1	1	0	0
Mp4g23470	neg	0	0	0	0	1	0	1	0	0	1	0	1	1	1	0	1	1	1	0	1	1	0	1	0
Mp4g23680	neg	1	0	0	0	1	1	0	0	0	0	0	1	1	0	0	0	1	1	0	1	0	0	0	0
Mp5g00300	neg	0	0	0	1	1	0	0	0	0	1	0	0	1	1	0	0	1	1	1	0	1	1	0	1
Mp5g01120	neg	0	0	0	0	0	0	1	1	0	0	0	1	0	0	0	0	1	0	1	1	0	0	0	0
Mp5g02190	neg	0	0	0	1	1	0	0	0	0	0	1	1	0	1	0	0	1	0	0	0	0	1	1	0
Mp5g02890	neg	0	0	0	0	0	0	0	0	0	0	1	0	1	0	1	1	0	1	0	0	1	0	1	1
Mp5g03040	neg	0	0	0	1	1	1	1	0	1	1	0	1	0	0	0	1	1	1	0	1	0	0	1	0
Mp5g03320	neg	1	1	0	1	0	1	0	0	0	1	1	0	1	1	0	0	1	1	0	1	1	1	0	0
Mp5g03400	neg	1	1	0	1	0	0	1	0	1	1	1	0	1	0	0	0	1	1	0	0	0	0	1	0
Mp5g03750	neg	1	0	0	0	1	1	0	0	1	1	1	0	1	0	0	1	0	1	1	1	0	1	0	0
Mp5g03840	neg	1	0	0	1	1	0	1	0	1	0	0	1	1	1	0	0	1	1	0	1	0	1	1	0
Mp5g03980	neg	0	0	0	0	0	1	0	0	0	0	1	0	1	0	0	0	0	1	1	1	0	0	1	1
Mp5g04200	neg	0	0	0	0	0	0	0	0	0	1	1	0	1	0	1	0	0	1	1	1	0	1	1	1
Mp5g04240	neg	1	0	0	0	1	0	0	0	0	1	0	1	1	0	1	1	1	1	1	0	0	0	0	1
Mp5g05290	neg	0	1	0	0	1	0	0	0	0	0	1	0	1	0	0	1	1	1	1	1	0	1	0	0
Mp5g05580	neg	1	0	0	0	0	0	1	1	0	1	1	0	1	0	0	1	0	1	0	1	0	0	1	0
Mp5g05880	neg	1	0	0	0	0	1	0	0	1	1	0	0	1	0	1	0	0	1	1	1	0	0	1	1
Mp5g06170	neg	0	0	0	0	0	0	1	0	0	1	0	0	1	0	0	0	0	1	1	0	0	0	0	1
Mp5g06200	neg	0	1	0	0	1	0	1	0	0	1	1	0	0	1	1	1	0	1	1	1	0	1	1	0
Mp5g07360	neg	0	1	0	0	1	0	0	0	0	1	1	0	0	0	0	1	0	0	0	0	0	1	0	1
Mp5g07580	neg	1	1	0	0	0	0	0	1	0	0	0	0	1	0	1	1	1	1	0	0	1	0	1	1
Mp5g08010	neg	0	1	0	1	0	0	0	0	1	1	1	1	1	0	0	1	1	1	0	0	0	1	1	1
Mp5g08710	neg	0	0	0	1	0	0	0	1	0	1	0	0	1	0	0	0	0	1	1	1	0	0	0	0
Mp5g10060	neg	1	0	0	0	0	1	1	0	1	0	0	1	0	1	1	1	1	1	1	1	1	1	1	1
Mp5g11400	neg	0	1	0	1	1	1	1	1	1	1	1	1	1	1	1	0	1	1	0	1	0	0	1	0
Mp5g11590	neg	0	0	0	0	0	0	1	0	0	1	0	1	0	0	0	1	0	0	1	0	1	1	1	1
Mp5g12940	neg	1	1	0	0	1	0	0	0	0	1	0	1	1	0	0	0	0	1	0	1	0	1	1	1
Mp5g13220	neg	1	0	0	0	1	0	1	0	0	0	0	1	0	0	0	1	0	1	1	1	0	0	0	1
Mp5g13920	neg	1	0	0	1	1	1	1	0	0	1	0	1	0	1	0	0	0	1	0	1	0	0	1	1
Mp5g14170	neg	1	0	0	0	1	1	1	0	0	0	0	0	0	1	1	1	1	1	1	0	0	0	0	0
Mp5g15100	neg	1	0	0	0	0	0	0	0	0	0	0	1	1	0	0	0	0	1	0	0	1	0	0	1
Mp5g15930	neg	0	0	0	0	1	0	0	0	0	1	0	0	0	0	0	0	0	0	0	1	0	0	1	0
Mp5g16610	neg	1	0	0	0	0	0	0	0	0	1	1	1	1	0	0	1	0	1	0	1	0	0	1	0
Mp5g16980	neg	1	0	0	1	1	1	1	0	1	1	1	0	0	0	0	1	1	0	0	0	0	0	1	1
Mp5g18020	neg	0	1	0	0	0	0	0	0	1	0	1	0	1	0	0	0	0	0	0	1	1	1	0	1
Mp5g18330	neg	1	1	0	0	1	0	0	0	0	1	1	1	0	0	1	1	0	1	1	0	0	1	1	1
Mp5g19800	neg	1	0	0	1	0	0	1	0	0	0	1	1	1	0	0	0	1	1	0	0	0	1	0	1
Mp5g20370	neg	1	1	0	0	1	0	0	0	0	0	1	0	0	0	0	1	1	1	1	0	0	1	1	0
Mp5g20490	neg	1	1	0	0	1	0	0	0	0	1	0	0	1	0	0	0	0	1	0	0	0	1	0	0
Mp5g20920	neg	1	1	0	0	0	0	0	0	0	1	0	0	1	1	0	1	0	1	1	1	0	0	0	0
Mp5g21030	neg	0	0	1	0	0	1	0	0	0	1	0	1	1	0	0	0	0	0	1	0	1	0	1	1
Mp5g22230	neg	0	0	0	0	0	0	1	0	0	0	0	0	0	1	0	1	1	1	1	0	1	0	1	1
Mp5g22450	neg	1	0	0	1	0	1	1	0	0	1	1	1	0	0	1	0	1	0	0	0	0	0	1	1
Mp5g22780	neg	1	0	0	1	1	0	0	0	0	0	1	1	0	0	0	1	1	1	0	0	0	0	0	0
Mp5g23200	neg	1	0	0	1	0	0	0	0	1	0	0	1	1	0	0	0	1	0	1	1	0	0	0	0
Mp5g23280	neg	0	0	0	1	0	0	0	0	0	1	0	1	0	1	0	1	0	1	1	1	1	0	0	0
Mp5g23820	neg	0	0	0	1	0	0	0	0	0	0	1	0	1	0	0	1	1	1	0	0	0	0	1	1
Mp5g23830	neg	1	0	0	0	1	0	1	0	0	1	0	0	0	0	0	1	0	0	0	1	1	1	0	1
Mp5g24020	neg	1	0	0	0	1	1	1	0	0	1	0	0	0	0	0	1	1	0	0	0	0	1	0	0
Mp5g24450	neg	1	1	1	1	1	0	0	0	0	0	1	0	0	1	0	1	1	1	0	1	0	0	0	1
Mp6g00070	neg	0	0	0	0	0	0	0	0	1	1	0	1	0	0	0	1	0	0	0	0	0	1	0	0
Mp6g00190	neg	0	0	0	1	0	0	0	0	0	0	0	1	1	1	0	0	0	0	1	1	0	1	0	1
Mp6g00570	neg	0	0	0	0	1	0	0	0	0	0	0	0	1	0	0	0	0	1	1	1	0	0	1	0
Mp6g00710	neg	1	1	0	1	0	0	1	0	0	1	1	1	0	1	0	1	0	1	1	0	1	0	1	0
Mp6g01330	neg	1	1	0	0	1	0	0	0	1	0	0	0	1	1	1	0	1	1	0	0	1	1	0	0
Mp6g01400	neg	1	1	0	1	0	0	0	0	1	0	1	0	1	1	1	1	0	0	0	0	1	1	1	0
Mp6g02310	neg	1	0	0	0	1	1	0	0	0	1	0	0	0	0	1	0	0	1	0	0	1	1	1	1
Mp6g02520	neg	1	1	0	1	1	0	1	0	1	0	1	1	0	0	0	1	1	1	0	1	0	1	1	0
Mp6g02760	neg	0	1	0	0	0	0	1	0	1	1	1	1	0	1	1	0	0	1	1	1	0	0	1	0
Mp6g03360	neg	0	0	0	1	1	0	0	0	0	0	0	0	0	0	0	0	1	1	0	0	0	0	0	0
Mp6g03870	neg	0	0	0	0	0	1	1	0	0	0	1	1	1	0	1	1	0	1	0	1	0	0	1	0
Mp6g04380	neg	1	0	0	1	1	1	0	1	1	1	1	0	1	0	1	1	0	0	0	1	1	0	1	1
Mp6g04750	neg	1	1	0	0	0	0	0	0	0	0	0	1	0	1	1	0	1	1	1	0	0	0	1	1
Mp6g05070	neg	1	0	0	0	1	0	1	0	1	1	0	1	1	1	0	1	1	1	0	0	0	0	1	1
Mp6g05360	neg	0	0	1	1	0	1	0	0	1	0	0	0	1	0	0	0	1	1	0	0	1	1	1	1
Mp6g05420	neg	1	0	0	0	1	0	1	0	0	0	1	1	1	1	0	0	0	1	1	1	0	1	0	0
Mp6g06030	neg	1	0	0	0	1	0	0	0	0	1	1	1	0	0	1	0	0	1	1	0	0	0	1	1
Mp6g06300	neg	1	1	0	0	1	0	0	0	0	0	1	1	0	1	1	0	1	1	1	1	1	0	0	1
Mp6g06460	neg	0	0	0	0	1	0	0	0	0	1	0	0	1	0	0	0	1	1	0	1	1	0	0	0
Mp6g06990	neg	0	0	0	0	1	1	0	0	0	1	1	0	0	1	1	1	1	1	1	1	1	0	0	0
Mp6g07520	neg	1	0	0	0	1	0	1	0	0	0	1	1	1	1	0	1	0	1	0	0	0	1	1	0
Mp6g07530	neg	0	0	0	0	0	1	1	1	0	1	1	0	1	0	0	1	0	1	0	1	1	1	1	1
Mp6g07670	neg	1	0	0	1	0	0	0	0	0	1	0	0	1	1	0	0	0	0	0	0	0	1	1	0
Mp6g07930	neg	0	0	0	0	1	0	0	0	0	1	1	1	1	1	0	1	1	0	1	1	0	1	1	0
Mp6g08600	neg	0	1	0	0	1	0	0	0	0	0	1	0	1	1	1	0	0	1	1	0	0	1	1	1
Mp6g08780	neg	0	1	0	0	0	0	0	0	1	0	0	0	1	1	0	0	0	1	1	1	0	0	0	1
Mp6g08860	neg	1	0	0	0	0	1	0	0	1	0	0	0	0	0	0	0	0	1	0	0	1	0	0	0
Mp6g08990	neg	1	1	0	0	1	0	0	0	1	1	1	0	1	0	1	1	1	0	0	1	1	0	1	0
Mp6g09020	neg	0	0	0	1	1	0	1	0	0	0	0	1	1	1	0	1	1	1	1	0	0	1	1	1
Mp6g09100	neg	0	0	0	0	1	1	1	0	1	1	1	1	0	0	0	0	0	1	1	1	1	1	1	0
Mp6g09130	neg	1	0	0	0	1	1	0	0	1	1	1	0	0	1	0	0	0	1	0	1	1	0	1	1
Mp6g09260	neg	0	0	0	0	0	1	0	0	1	0	0	1	1	0	0	1	1	1	1	0	0	1	0	1
Mp6g09450	neg	1	0	1	0	1	1	0	0	0	1	0	0	0	1	0	1	1	1	1	0	0	1	1	1
Mp6g09840	neg	0	0	0	0	1	1	0	1	1	1	0	0	1	0	0	0	1	0	0	0	0	1	1	1
Mp6g09860	neg	0	0	0	1	0	1	1	0	1	1	0	0	0	1	0	0	1	1	1	1	0	1	1	0
Mp6g09910	neg	1	1	0	0	1	0	1	1	1	0	0	0	1	1	0	0	0	1	0	0	0	0	1	1
Mp6g10430	neg	1	0	0	1	1	0	1	0	1	1	0	0	1	0	0	1	1	0	1	0	1	0	0	0
Mp6g10540	neg	0	0	0	1	0	1	1	1	1	0	1	1	0	0	0	0	0	0	0	1	0	1	1	1
Mp6g10860	neg	1	0	0	0	1	1	1	0	1	1	0	1	0	1	0	1	1	1	0	1	1	1	1	0
Mp6g10950	neg	1	0	0	1	1	0	1	0	1	0	1	0	1	0	0	1	1	0	0	0	0	1	0	0
Mp6g11200	neg	1	0	0	0	1	0	0	0	0	0	0	0	1	1	0	1	1	1	0	0	0	0	0	1
Mp6g12040	neg	0	1	0	0	1	0	1	0	1	1	1	0	1	0	0	0	1	1	0	1	0	0	0	0
Mp6g12550	neg	0	0	0	0	1	0	1	0	1	0	1	1	0	0	1	0	0	1	0	1	0	1	1	1
Mp6g13280	neg	0	1	0	1	0	1	1	0	0	0	1	1	1	0	0	0	1	1	1	0	0	0	0	0
Mp6g14560	neg	1	1	0	0	1	1	0	0	1	1	1	1	0	0	0	0	0	1	0	1	0	0	1	0
Mp6g14820	neg	0	0	0	1	1	1	0	1	0	0	0	0	1	0	0	0	1	1	0	1	0	0	1	0
Mp6g15080	neg	0	0	0	0	1	0	0	1	1	0	1	0	1	1	1	0	1	1	0	1	1	1	1	1
Mp6g15140	neg	0	1	0	0	0	0	0	0	0	1	0	0	0	0	0	1	0	0	0	1	0	1	0	0
Mp6g15430	neg	1	1	0	0	1	0	1	0	0	0	0	0	0	0	0	1	0	1	1	0	0	0	1	1
Mp6g15890	neg	1	0	0	0	1	0	1	1	0	1	0	0	1	0	0	0	0	1	1	0	0	0	0	1
Mp6g15970	neg	1	0	0	0	0	1	0	0	0	1	0	1	0	0	0	0	0	1	0	1	0	1	1	0
Mp6g16270	neg	1	0	0	0	1	0	0	0	0	1	0	0	1	0	0	1	1	1	1	1	0	1	1	1
Mp6g16480	neg	1	1	0	0	1	1	0	1	1	0	1	0	1	0	0	1	1	0	1	1	0	1	0	0
Mp6g17010	neg	0	0	0	0	1	1	0	1	0	0	0	1	0	1	0	0	1	1	0	0	0	1	1	1
Mp6g17420	neg	0	0	0	1	1	0	1	0	1	0	0	0	1	1	0	1	1	1	0	1	0	1	0	1
Mp6g17780	neg	1	1	0	0	0	1	1	0	1	1	1	1	0	0	0	0	0	0	0	0	0	0	1	0
Mp6g18410	neg	0	0	0	0	0	1	1	0	0	1	1	0	0	0	0	1	1	1	1	0	0	1	1	0
Mp6g19360	neg	0	1	0	0	1	1	1	0	1	1	1	0	1	1	0	1	0	1	0	0	1	1	1	0
Mp6g19430	neg	1	0	0	1	1	1	0	0	0	0	1	0	1	1	0	0	1	1	0	1	0	0	1	0
Mp6g19590	neg	1	1	0	0	0	0	1	1	0	0	1	0	1	0	0	0	0	0	1	0	0	1	0	0
Mp6g19720	neg	1	0	0	1	0	0	0	1	0	1	1	0	1	0	0	1	1	0	0	0	0	1	1	0
Mp6g20520	neg	1	1	0	1	0	0	0	1	0	1	0	0	1	1	0	1	0	1	1	0	1	0	1	0
Mp6g21190	neg	0	1	0	0	1	0	1	0	1	1	1	0	0	0	0	1	1	1	0	1	0	0	1	0
Mp6g21200	neg	0	0	0	1	0	0	0	1	1	0	1	1	0	1	0	1	0	1	0	0	0	0	0	0
Mp6g21400	neg	1	1	0	1	0	1	0	0	1	0	1	0	1	0	0	0	0	1	1	1	1	0	1	0
Mp6g21410	neg	0	0	0	0	0	0	0	0	0	0	0	1	0	0	0	0	0	1	0	0	0	1	1	1
Mp7g00060	neg	0	0	0	0	0	0	0	0	0	1	0	0	1	0	0	1	0	0	0	0	0	0	0	0
Mp7g00100	neg	0	0	0	0	0	1	0	0	1	0	1	0	1	1	0	0	0	0	0	1	0	0	1	0
Mp7g00320	neg	1	0	0	0	0	0	1	0	1	1	0	0	1	0	0	0	0	1	1	1	1	0	0	1
Mp7g00700	neg	0	1	0	0	0	0	0	0	1	0	1	1	1	0	0	0	0	1	0	0	0	1	0	0
Mp7g02790	neg	1	1	0	1	0	0	0	1	1	0	0	1	1	1	0	1	1	1	0	0	0	0	1	1
Mp7g03590	neg	0	0	0	1	1	0	0	0	0	1	1	0	1	1	1	0	1	1	0	0	0	1	0	0
Mp7g03940	neg	0	0	0	1	0	1	0	0	1	0	0	0	0	0	0	1	1	1	0	1	1	0	1	0
Mp7g04400	neg	0	0	0	0	1	0	0	1	0	0	1	0	0	0	1	0	0	1	0	0	0	0	0	0
Mp7g04830	neg	0	0	0	0	0	0	0	0	0	1	1	0	1	1	1	1	0	1	1	0	0	0	1	0
Mp7g06020	neg	0	1	0	1	0	0	0	1	0	1	0	0	1	1	0	1	0	1	0	0	0	0	0	1
Mp7g06130	neg	0	0	0	0	1	0	0	0	0	1	1	0	0	0	0	1	0	1	0	0	0	1	1	0
Mp7g06720	neg	0	1	0	1	1	0	1	0	0	0	1	1	1	1	1	1	1	0	0	0	0	1	1	1
Mp7g06740	neg	1	0	0	0	1	0	0	0	1	0	0	1	1	0	1	0	0	1	1	1	1	0	1	1
Mp7g06770	neg	0	1	0	0	0	1	0	0	1	0	1	0	1	0	0	0	1	0	0	0	0	0	0	0
Mp7g07080	neg	1	1	0	0	0	0	0	0	0	1	1	0	0	0	0	0	1	1	0	1	0	0	1	0
Mp7g07470	neg	1	0	0	1	1	1	1	0	1	0	1	1	1	0	0	0	0	0	0	0	0	1	1	1
Mp7g07750	neg	0	0	0	1	0	0	1	0	1	0	0	0	0	1	0	0	0	0	0	0	1	0	1	1
Mp7g07920	neg	0	1	0	0	0	1	1	1	0	1	0	1	0	1	0	1	0	1	0	0	0	1	0	1
Mp7g07930	neg	0	0	0	0	1	1	1	0	1	1	1	1	0	0	0	0	1	1	0	0	0	0	1	0
Mp7g08730	neg	1	0	0	1	1	1	0	0	1	1	1	1	0	0	1	0	0	1	1	1	0	1	1	0
Mp7g08900	neg	0	1	0	1	1	0	0	0	0	1	1	0	0	0	0	0	1	0	0	1	0	0	1	0
Mp7g09740	neg	0	0	0	0	1	0	1	0	0	1	0	0	0	0	0	1	1	0	0	1	0	0	0	0
Mp7g09910	neg	0	0	0	0	1	1	1	0	1	0	0	0	1	1	1	1	1	1	0	1	0	1	0	1
Mp7g10260	neg	0	1	0	0	0	0	0	0	0	0	0	1	0	0	0	0	0	1	1	0	0	1	0	0
Mp7g10370	neg	0	0	0	0	0	0	0	0	0	1	1	1	0	0	0	1	1	1	0	0	0	0	0	0
Mp7g10450	neg	0	0	0	1	0	0	1	0	0	1	0	1	1	0	0	0	0	1	1	0	1	0	0	0
Mp7g11340	neg	0	0	1	0	1	0	0	0	1	0	0	1	0	1	0	0	1	0	0	0	1	1	0	1
Mp7g11800	neg	1	1	0	1	0	0	0	0	0	0	0	0	1	1	1	0	1	1	1	0	0	0	0	1
Mp7g12200	neg	0	1	0	0	0	0	0	0	1	1	0	0	1	0	0	0	0	0	0	0	1	1	0	1
Mp7g12600	neg	0	0	0	0	0	1	0	0	0	1	1	1	1	0	0	1	0	1	0	0	1	1	1	0
Mp7g12760	neg	1	1	0	0	1	0	0	0	1	0	0	1	1	0	0	1	1	1	0	0	0	0	1	1
Mp7g13240	neg	0	1	0	0	1	1	1	0	1	1	0	1	0	0	0	0	1	0	0	1	0	1	0	0
Mp7g13300	neg	1	1	0	0	0	1	0	0	0	0	0	1	1	0	0	1	0	1	0	0	0	0	0	0
Mp7g13370	neg	0	0	0	0	0	1	1	0	0	0	1	1	0	0	0	1	1	0	0	0	0	0	0	1
Mp7g13540	neg	0	1	0	0	0	0	1	1	0	0	0	1	1	1	0	1	1	1	0	1	1	0	0	0
Mp7g13560	neg	0	0	0	1	1	1	0	1	0	1	1	0	0	1	0	1	1	0	1	1	0	1	0	0
Mp7g14170	neg	1	1	0	0	0	1	0	0	1	0	0	1	0	0	0	1	1	1	0	1	0	0	0	0
Mp7g14250	neg	0	0	0	0	0	0	1	0	0	0	0	1	1	1	0	0	1	1	1	0	0	0	0	0
Mp7g14560	neg	1	1	0	0	0	0	0	0	0	0	0	1	1	0	0	0	1	1	1	1	1	0	1	1
Mp7g14760	neg	1	1	1	0	0	0	0	0	0	1	0	1	1	0	0	1	1	1	0	0	0	0	1	1
Mp7g15450	neg	1	0	0	0	1	0	0	0	0	0	0	0	1	1	0	1	1	1	0	0	0	0	0	0
Mp7g15600	neg	0	1	0	0	1	1	0	0	0	0	1	0	1	0	0	0	1	1	0	1	1	0	0	0
Mp7g15650	neg	1	0	1	0	0	0	0	0	0	1	1	0	1	0	1	0	0	1	0	0	1	1	0	1
Mp7g15780	neg	1	1	0	1	1	0	0	0	0	1	1	1	0	1	0	0	0	1	0	1	1	0	0	0
Mp7g15810	neg	0	0	0	0	1	1	1	0	0	1	0	1	1	1	1	1	1	0	1	0	0	1	1	1
Mp7g16740	neg	0	0	1	0	1	0	0	0	0	1	1	0	1	0	0	0	1	0	0	1	1	0	0	0
Mp7g18050	neg	0	0	0	0	0	1	1	0	0	1	1	0	1	0	0	1	0	1	0	1	1	1	1	1
Mp7g18780	neg	0	1	0	0	1	1	1	0	0	1	1	1	0	0	0	0	1	0	0	0	1	1	1	1
Mp7g19620	neg	0	0	0	0	0	0	0	0	0	0	0	0	1	1	0	0	0	1	0	1	0	0	1	0
Mp7g19640	neg	0	1	0	1	0	0	1	0	0	0	1	0	0	0	0	0	0	0	0	1	0	0	1	0
Mp7g19720	neg	0	1	0	0	0	0	1	0	1	1	1	1	1	1	0	0	1	1	0	1	1	1	1	1
Mp8g00160	neg	0	0	0	0	0	0	1	0	0	1	0	0	0	1	0	1	0	1	0	1	0	1	1	1
Mp8g00850	neg	0	0	0	1	1	1	0	0	1	0	1	1	1	0	0	1	1	1	0	1	0	1	1	1
Mp8g01170	neg	1	1	0	0	1	0	1	0	0	1	1	1	0	1	0	1	1	1	0	0	1	1	0	0
Mp8g01430	neg	0	0	0	0	0	0	1	0	0	0	1	0	0	0	0	0	1	0	0	0	1	0	1	1
Mp8g01910	neg	1	0	0	0	1	0	1	0	0	0	0	0	1	1	0	0	1	1	0	1	0	1	0	1
Mp8g01930	neg	0	1	0	1	1	1	1	0	1	0	1	1	0	0	0	0	1	0	0	1	1	1	1	0
Mp8g02190	neg	1	1	0	0	0	1	0	0	1	0	1	0	0	0	1	0	0	0	0	1	1	1	0	0
Mp8g03030	neg	1	0	0	0	1	0	0	0	0	1	1	0	0	0	0	1	0	0	0	1	0	1	1	0
Mp8g03130	neg	0	0	0	0	1	0	0	0	0	1	1	0	0	0	0	1	1	0	0	0	1	0	0	0
Mp8g03740	neg	0	1	0	1	1	1	1	1	1	1	0	1	1	0	0	1	1	1	1	0	1	0	1	1
Mp8g03780	neg	1	1	0	1	0	0	1	0	0	1	1	1	1	1	0	1	0	1	0	0	0	1	0	0
Mp8g04210	neg	1	1	0	0	0	0	0	0	1	0	1	1	1	1	0	0	1	0	0	1	0	1	0	0
Mp8g06290	neg	0	0	0	0	1	0	1	1	0	0	0	0	0	0	0	0	1	1	0	1	1	0	0	1
Mp8g06670	neg	0	0	0	0	1	0	0	0	1	0	0	0	1	0	0	1	0	1	0	0	0	0	0	0
Mp8g06740	neg	0	0	0	0	1	0	1	0	0	1	0	0	1	0	1	0	1	0	0	0	0	1	0	0
Mp8g06850	neg	1	0	0	1	0	1	0	0	1	1	0	1	0	1	0	1	0	1	1	1	0	1	1	1
Mp8g07090	neg	0	0	0	0	0	1	0	0	1	1	0	1	1	1	0	1	0	1	1	1	1	1	1	0
Mp8g07480	neg	0	0	1	1	0	1	1	0	1	1	1	1	1	0	0	0	1	1	0	1	1	1	1	1
Mp8g07550	neg	0	0	0	0	0	0	1	0	0	0	0	0	0	0	0	0	1	1	0	1	1	1	1	1
Mp8g08180	neg	0	1	0	0	0	1	1	0	1	0	0	0	1	0	0	1	0	1	0	1	1	0	1	1
Mp8g08510	neg	0	0	0	0	1	1	1	0	0	1	1	1	1	0	0	1	0	0	0	1	0	0	1	1
Mp8g08800	neg	1	0	0	0	0	1	1	0	1	1	0	1	1	1	0	0	0	0	0	1	1	0	0	1
Mp8g09070	neg	1	0	0	1	0	0	0	0	0	1	0	0	0	0	0	1	1	1	1	1	1	1	1	0
Mp8g09080	neg	0	0	0	0	1	1	0	0	0	0	1	0	1	0	0	1	0	1	0	0	0	1	0	1
Mp8g09130	neg	0	0	0	1	1	1	0	0	1	1	1	0	0	1	0	1	0	1	0	0	0	0	1	1
Mp8g09210	neg	0	1	0	1	1	1	1	1	1	0	0	1	1	0	0	0	1	0	1	1	1	0	1	1
Mp8g10700	neg	1	0	0	1	1	0	0	0	0	0	0	0	0	1	0	1	1	1	0	1	1	1	0	1
Mp8g10770	neg	0	0	0	0	1	1	0	0	0	1	0	0	0	0	0	1	0	1	1	0	1	0	1	0
Mp8g10790	neg	1	1	0	1	0	0	0	1	1	0	0	1	1	0	0	0	0	0	0	1	0	0	1	0
Mp8g10870	neg	0	0	0	1	0	0	0	0	0	1	0	1	1	1	0	1	0	1	1	0	0	1	0	0
Mp8g11270	neg	0	0	0	0	1	0	1	0	0	0	1	0	1	1	0	1	1	1	0	0	0	0	1	0
Mp8g11300	neg	0	1	0	1	0	1	0	0	0	0	0	1	0	1	1	0	0	0	0	1	0	1	0	0
Mp8g11410	neg	1	0	0	0	0	0	1	0	1	0	1	1	0	0	1	1	1	0	0	0	0	0	1	0
Mp8g11530	neg	1	0	0	0	0	1	1	0	0	0	0	1	1	1	0	1	1	1	0	0	0	0	0	0
Mp8g11550	neg	0	0	0	1	1	1	1	0	0	0	0	1	0	1	0	0	0	1	1	1	0	0	1	0
Mp8g11710	neg	0	0	0	1	1	1	1	1	0	1	0	0	1	0	0	1	0	1	0	1	1	1	0	1
Mp8g12050	neg	1	0	0	0	1	0	1	0	0	0	1	1	0	0	0	1	0	0	1	0	0	0	1	1
Mp8g12730	neg	1	0	0	0	0	0	1	0	0	0	1	1	1	1	0	0	0	1	0	0	1	0	1	1
Mp8g13170	neg	1	0	0	0	1	0	0	0	0	1	1	0	0	0	0	0	0	0	1	1	0	0	0	1
Mp8g13280	neg	1	1	1	0	1	1	0	0	1	1	1	0	0	1	0	0	0	0	1	0	1	1	1	1
Mp8g13410	neg	0	0	0	1	1	1	1	0	1	1	1	1	0	1	1	0	1	0	1	1	0	1	1	1
Mp8g14020	neg	0	0	0	0	0	1	0	0	1	0	1	0	0	1	0	1	0	1	0	1	1	0	1	0
Mp8g14340	neg	0	0	0	0	1	1	0	1	0	1	1	0	1	0	0	0	0	0	0	1	0	1	0	1
Mp8g14630	neg	1	0	0	0	1	0	0	0	0	1	0	0	1	1	0	0	1	1	1	1	1	0	1	0
Mp8g15510	neg	1	0	0	1	0	1	0	0	1	1	1	0	1	0	0	1	0	1	1	1	1	1	1	0
Mp8g16310	neg	1	1	0	0	1	0	1	1	0	1	0	1	1	0	0	1	0	1	1	0	0	1	0	1
Mp8g16440	neg	0	0	0	0	1	0	0	1	0	1	1	0	1	1	0	0	0	1	1	1	0	0	1	0
Mp8g16600	neg	0	0	0	0	0	1	1	0	1	0	0	0	0	0	0	1	0	0	0	0	0	1	1	0
Mp8g16870	neg	0	1	0	0	0	0	0	0	0	0	0	1	0	0	0	1	0	1	1	1	1	1	1	1
Mp8g17530	neg	1	0	0	0	0	0	0	0	0	1	0	0	0	0	0	0	0	1	0	0	0	1	0	0
Mp8g17540	neg	0	1	0	1	1	0	0	0	0	1	1	1	1	0	0	1	1	1	0	1	0	0	0	0
Mp8g17790	neg	1	1	0	0	0	0	0	0	1	1	1	1	0	0	0	1	0	1	0	0	1	0	1	1
Mp8g18100	neg	1	1	0	0	0	0	0	0	0	0	1	0	1	1	0	1	0	1	0	1	0	1	1	0
Mp8g18780	neg	0	1	0	0	1	1	0	0	0	1	0	1	1	0	0	1	0	1	0	1	1	0	1	1
MpVg01090	neg	1	1	0	1	1	0	1	0	1	0	1	1	1	1	0	1	1	0	0	1	1	1	1	1
