TF1	TF2	TF1_TF2_count	TF1_count	TF2_count	cosine	zscore
C10_AP2EREBP_129-C3_AP2EREBP_122	C4_AP2EREBP_87	4	2	2	2.0	inf
C10_AP2EREBP_129-C3_AP2EREBP_122	C2_Trihelix_72	2	2	1	1.4142135623730951	inf
C10_AP2EREBP_129-C3_AP2EREBP_122	C3_C2H2_26	2	2	1	1.4142135623730951	inf
C10_AP2EREBP_153-C3_AP2EREBP_152	C2_MYB_24	2	2	1	1.4142135623730951	14.142857142857148
C10_TCP_57-C2_TCP_45-C3_TCP_49-C5_TCP_65-C6_TCP_70-C9_TCP_30	C2_MYB_24	2	2	1	1.4142135623730951	inf
C3_C2H2_26	C4_AP2EREBP_87	2	1	2	1.4142135623730951	inf
C10_TCP_31-C2_TCP_27-C3_TCP_20-C4_TCP_35-C5_TCP_33-C6_TCP_37	C2_MYB_24	2	3	1	1.1547005383792515	inf
C10_TCP_31-C2_TCP_27-C3_TCP_20-C4_TCP_35-C5_TCP_33-C6_TCP_37	C9_BES1_3	2	3	1	1.1547005383792515	inf
C10_AP2EREBP_153-C3_AP2EREBP_152	C10_TCP_57-C2_TCP_45-C3_TCP_49-C5_TCP_65-C6_TCP_70-C9_TCP_30	2	2	2	1.0	inf
C10_ARF_4-C2_ARF_3-C3_ARF_2-C5_ARF_4	C1_AP2EREBP_34	1	1	1	1.0	inf
C10_ARF_4-C2_ARF_3-C3_ARF_2-C5_ARF_4	C1_NAC_10-C10_NAC_40-C13_NAC_13-C2_NAC_45-C3_NAC_22-C4_NAC_40-C5_NAC_45-C6_NAC_64	1	1	1	1.0	inf
C1_AP2EREBP_34	C3_HSF_4	1	1	1	1.0	inf
C1_NAC_10-C10_NAC_40-C13_NAC_13-C2_NAC_45-C3_NAC_22-C4_NAC_40-C5_NAC_45-C6_NAC_64	C3_HSF_4	1	1	1	1.0	inf
C2_E2FDP_14	C4_AP2EREBP_87	2	2	2	1.0	inf
C2_MYB_24	C3_LOBAS2_18	1	1	1	1.0	inf
C2_MYB_24	C9_BES1_3	1	1	1	1.0	inf
C2_MYB_24	C9_C2H2_18	1	1	1	1.0	inf
C2_Trihelix_72	C3_C2H2_26	1	1	1	1.0	inf
C3_C2H2_26	C9_C2H2_18	1	1	1	1.0	inf
C3_LOBAS2_18	C9_BES1_3	1	1	1	1.0	inf
C9_BES1_3	C9_C2H2_18	1	1	1	1.0	inf
C10_AP2EREBP_153-C3_AP2EREBP_152	C10_TCP_31-C2_TCP_27-C3_TCP_20-C4_TCP_35-C5_TCP_33-C6_TCP_37	2	2	3	0.816496580927726	10.002083116364641
C10_TCP_31-C2_TCP_27-C3_TCP_20-C4_TCP_35-C5_TCP_33-C6_TCP_37	C10_TCP_57-C2_TCP_45-C3_TCP_49-C5_TCP_65-C6_TCP_70-C9_TCP_30	2	3	2	0.816496580927726	inf
C10_AP2EREBP_129-C3_AP2EREBP_122	C9_C2H2_18	1	2	1	0.7071067811865476	inf
C10_AP2EREBP_153-C3_AP2EREBP_152	C3_LOBAS2_18	1	2	1	0.7071067811865476	inf
C10_AP2EREBP_153-C3_AP2EREBP_152	C9_BES1_3	1	2	1	0.7071067811865476	inf
C10_C2C2COlike_8-C5_C2C2COlike_11-C6_C2C2COlike_13	C1_EIL_1-C6_EIL_1	1	1	2	0.7071067811865476	inf
C10_TCP_57-C2_TCP_45-C3_TCP_49-C5_TCP_65-C6_TCP_70-C9_TCP_30	C3_LOBAS2_18	1	2	1	0.7071067811865476	inf
C10_TCP_57-C2_TCP_45-C3_TCP_49-C5_TCP_65-C6_TCP_70-C9_TCP_30	C9_BES1_3	1	2	1	0.7071067811865476	inf
C2_E2FDP_14	C2_Trihelix_72	1	2	1	0.7071067811865476	inf
C2_E2FDP_14	C3_C2H2_26	1	2	1	0.7071067811865476	inf
C2_Trihelix_72	C4_AP2EREBP_87	1	1	2	0.7071067811865476	inf
C10_TCP_31-C2_TCP_27-C3_TCP_20-C4_TCP_35-C5_TCP_33-C6_TCP_37	C3_LOBAS2_18	1	3	1	0.5773502691896257	7.000000000000006
C1_MYBrelated_7-C10_MYBrelated_5-C4_MYBrelated_6-C5_MYBrelated_14-C6_MYBrelated_7	C1_Trihelix_12	1	3	1	0.5773502691896257	inf
C2_C2C2YABBY_5	C5_TCP_45	1	3	1	0.5773502691896257	7.0000000000000036
C10_AP2EREBP_129-C3_AP2EREBP_122	C10_AP2EREBP_129-C3_AP2EREBP_122	1	2	2	0.5	inf
C10_AP2EREBP_129-C3_AP2EREBP_122	C2_E2FDP_14	1	2	2	0.5	7.000000000000002
C10_AP2EREBP_153-C3_AP2EREBP_152	C10_AP2EREBP_153-C3_AP2EREBP_152	1	2	2	0.5	inf
C10_TCP_57-C2_TCP_45-C3_TCP_49-C5_TCP_65-C6_TCP_70-C9_TCP_30	C10_TCP_57-C2_TCP_45-C3_TCP_49-C5_TCP_65-C6_TCP_70-C9_TCP_30	1	2	2	0.5	inf
C11_C2H2_3-C2_C2H2_8-C6_C2H2_12-C9_C2H2_4	C5_E2FDP_5	1	2	2	0.5	inf
C3_AP2EREBP_155	C3_bZIP_28	1	1	4	0.5	inf
C4_AP2EREBP_87	C4_AP2EREBP_87	1	2	2	0.5	inf
C10_C2H2_10-C13_C2H2_4-C4_C2H2_7-C5_C2H2_9-C6_C2H2_10	C3_MYB_14	3	9	5	0.4472135954999579	8.043152845265825
C10_AP2EREBP_153-C3_AP2EREBP_152	C10_AP2EREBP_90	2	2	10	0.44721359549995787	14.14285714285715
C10_AP2EREBP_90	C10_TCP_57-C2_TCP_45-C3_TCP_49-C5_TCP_65-C6_TCP_70-C9_TCP_30	2	10	2	0.44721359549995787	7.077213895435059
C2_C3H_3	C3_MYB_19	1	1	5	0.44721359549995787	inf
C3_MYB_14	C6_AP2EREBP_224	1	5	1	0.44721359549995787	7.000000000000004
C3_MYB_19	C5_TCP_45	1	5	1	0.44721359549995787	7.000000000000007
C10_LOBAS2_8-C3_LOBAS2_3	C2_NAC_26-C6_NAC_38	1	6	1	0.408248290463863	7.0000000000000036
C11_C2H2_3-C2_C2H2_8-C6_C2H2_12-C9_C2H2_4	C3_ABI3VP1_5	1	2	3	0.408248290463863	7.000000000000001
C1_MYBrelated_7-C10_MYBrelated_5-C4_MYBrelated_6-C5_MYBrelated_14-C6_MYBrelated_7	C5_E2FDP_5	1	3	2	0.408248290463863	inf
C2_MYB_24	C3_AP2EREBP_123	1	1	6	0.408248290463863	inf
C2_MYB_24	C5_AP2EREBP_187	1	1	6	0.408248290463863	inf
C3_ABI3VP1_5	C5_E2FDP_5	1	3	2	0.408248290463863	inf
C3_AP2EREBP_123	C3_C2H2_26	1	6	1	0.408248290463863	7.000000000000006
C3_AP2EREBP_123	C3_LOBAS2_18	1	6	1	0.408248290463863	7.000000000000001
C3_AP2EREBP_123	C9_BES1_3	1	6	1	0.408248290463863	inf
C3_AP2EREBP_123	C9_C2H2_18	1	6	1	0.408248290463863	7.000000000000002
C3_C2H2_26	C5_AP2EREBP_187	1	1	6	0.408248290463863	4.898979485566354
C10_C2H2_10-C13_C2H2_4-C4_C2H2_7-C5_C2H2_9-C6_C2H2_10	C6_C2H2_29	3	9	7	0.37796447300922725	9.666666666666673
C10_AP2EREBP_90	C10_TCP_31-C2_TCP_27-C3_TCP_20-C4_TCP_35-C5_TCP_33-C6_TCP_37	2	10	3	0.3651483716701107	8.168873634345232
C3_MYB_19	C6_bZIP_17	2	5	6	0.3651483716701107	14.142857142857144
C10_C2C2gata_5	C13_LOBAS2_3-C2_LOBAS2_14	2	4	8	0.3535533905932738	6.248319276088066
C2_bZIP_31-C4_bZIP_28-C5_bZIP_35-C6_bZIP_37	C3_AP2EREBP_155	1	8	1	0.3535533905932738	4.898979485566354
C3_C2H2_5	C3_GRF_1	1	8	1	0.3535533905932738	7.000000000000006
C10_TCP_31-C2_TCP_27-C3_TCP_20-C4_TCP_35-C5_TCP_33-C6_TCP_37	C10_TCP_31-C2_TCP_27-C3_TCP_20-C4_TCP_35-C5_TCP_33-C6_TCP_37	1	3	3	0.3333333333333333	inf
C2_AP2EREBP_152	C6_bHLH_44	1	3	3	0.3333333333333333	7.000000000000004
C3_ABI3VP1_5	C3_HMG_3	1	3	3	0.3333333333333333	7.000000000000001
C10_AP2EREBP_90	C2_C3H_3	1	10	1	0.3162277660168379	7.000000000000004
C10_AP2EREBP_90	C2_MYB_24	1	10	1	0.3162277660168379	4.898979485566354
C10_AP2EREBP_90	C3_LOBAS2_18	1	10	1	0.3162277660168379	inf
C10_AP2EREBP_90	C9_BES1_3	1	10	1	0.3162277660168379	7.000000000000001
C10_C2C2YABBY_4	C2_NAC_26-C6_NAC_38	1	10	1	0.3162277660168379	inf
C4_NAC_20	C6_AP2EREBP_160	1	5	2	0.3162277660168379	inf
C3_TCP_45	C3_bHLH_10-C4_bHLH_7	2	4	11	0.30151134457776363	5.785300076028634
C10_AP2EREBP_129-C3_AP2EREBP_122	C5_AP2EREBP_187	1	2	6	0.28867513459481287	4.898979485566355
C10_AP2EREBP_153-C3_AP2EREBP_152	C3_AP2EREBP_123	1	2	6	0.28867513459481287	7.0000000000000036
C10_LOBAS2_8-C3_LOBAS2_3	C13_LOBAS2_3-C2_LOBAS2_14	2	6	8	0.28867513459481287	4.9269387325930145
C10_TCP_57-C2_TCP_45-C3_TCP_49-C5_TCP_65-C6_TCP_70-C9_TCP_30	C3_AP2EREBP_123	1	2	6	0.28867513459481287	7.000000000000002
C2_RWPRK_4	C3_AP2EREBP_109	1	3	4	0.28867513459481287	inf
C4_AP2EREBP_87	C5_AP2EREBP_187	1	2	6	0.28867513459481287	7.000000000000004
C4_C2H2_54-C5_C2H2_79-C6_C2H2_75-C9_C2H2_37	C5_AP2EREBP_187	4	35	6	0.2760262237369417	6.333541195557931
C1_E2FDP_6-C3_E2FDP_10-C5_E2FDP_10	C3_bHLH_10-C4_bHLH_7	2	5	11	0.2696799449852968	4.406000912017298
C3_MYB_19	C5_Trihelix_39	2	5	11	0.2696799449852968	5.785300076028634
C10_C2C2gata_21	C5_E2FDP_5	1	7	2	0.2672612419124244	7.000000000000006
C3_AP2EREBP_107-C6_AP2EREBP_147	C3_MADS_3	1	7	2	0.2672612419124244	2.4961508830135317
C3_AP2EREBP_107-C6_AP2EREBP_147	C6_AP2EREBP_160	1	7	2	0.2672612419124244	3.391164991562634
C6_AP2EREBP_160	C6_C2C2gata_17	1	2	7	0.2672612419124244	4.898979485566354
C3_AP2EREBP_164	C3_GRF_1	1	15	1	0.2581988897471611	inf
C3_AP2EREBP_164	C5_BES1_1	2	15	4	0.2581988897471611	4.363840447160718
C2_C2C2YABBY_5	C3_MYB_19	1	3	5	0.25819888974716104	4.898979485566355
C3_MYB_14	C6_bHLH_44	1	5	3	0.25819888974716104	inf
C3_TCP_81	C9_Trihelix_24	1	3	5	0.25819888974716104	3.9581140290126378
C10_C2H2_10-C13_C2H2_4-C4_C2H2_7-C5_C2H2_9-C6_C2H2_10	C3_AP2EREBP_162	2	9	8	0.23570226039551584	3.6093681893558465
C3_Trihelix_32-C4_Trihelix_30	C6_AP2EREBP_160	1	9	2	0.23570226039551584	inf
C10_TCP_31-C2_TCP_27-C3_TCP_20-C4_TCP_35-C5_TCP_33-C6_TCP_37	C3_AP2EREBP_123	1	3	6	0.2357022603955158	4.898979485566356
C2_BZR_13	C3_AP2EREBP_47	1	6	3	0.2357022603955158	7.000000000000002
C3_HMG_3	C3_bZIP_36	1	3	6	0.2357022603955158	3.9581140290126373
C10_bZIP_7-C3_bZIP_11-C5_bZIP_5-C6_bZIP_8	C3_MYB_19	2	16	5	0.22360679774997894	3.3338472437911606
C10_C2C2gata_21	C1_MYBrelated_7-C10_MYBrelated_5-C4_MYBrelated_6-C5_MYBrelated_14-C6_MYBrelated_7	1	7	3	0.21821789023599236	7.0000000000000036
C3_bHLH_10-C4_bHLH_7	C5_E2FDP_5	1	11	2	0.21320071635561041	7.0000000000000036
C3_AP2EREBP_164	C6_bZIP_17	2	15	6	0.21081851067789195	4.406000912017297
C10_C2C2gata_5	C10_LOBAS2_8-C3_LOBAS2_3	1	4	6	0.2041241452319315	4.898979485566355
C10_C2C2gata_5	C3_bZIP_36	1	4	6	0.2041241452319315	3.958114029012638
C10_MYB_6	C3_bZIP_36	1	4	6	0.2041241452319315	3.027536144083905
C10_TCP_95-C3_TCP_84-C9_TCP_50	C3_AP2EREBP_162	1	3	8	0.2041241452319315	4.898979485566354
C3_AP2EREBP_47	C6_AP2EREBP_227	1	3	8	0.2041241452319315	7.000000000000006
C10_C2C2YABBY_16-C3_C2C2YABBY_8-C5_C2C2YABBY_19-C6_C2C2YABBY_14	C2_HSF_7	2	34	3	0.19802950859533486	4.120977570959453
C10_C2C2YABBY_16-C3_C2C2YABBY_8-C5_C2C2YABBY_19-C6_C2C2YABBY_14	C6_MYB_20	2	34	3	0.19802950859533486	5.019011475427828
C10_Trihelix_13-C13_Trihelix_4-C2_Trihelix_13-C3_Trihelix_10-C4_Trihelix_11-C5_Trihelix_12-C6_Trihelix_17-C7_Trihelix_2-C9_Trihelix_10	C2_BZR_13	3	39	6	0.19611613513818404	3.126637502008431
C11_C2H2_3-C2_C2H2_8-C6_C2H2_12-C9_C2H2_4	C3_TCP_18	1	2	13	0.19611613513818402	3.3911649915626323
C2_MYB_1-C4_MYB_1	C6_AP2EREBP_227	2	13	8	0.19611613513818402	4.201989578510451
C10_Trihelix_13-C13_Trihelix_4-C2_Trihelix_13-C3_Trihelix_10-C4_Trihelix_11-C5_Trihelix_12-C6_Trihelix_17-C7_Trihelix_2-C9_Trihelix_10	C3_bHLH_10-C4_bHLH_7	4	39	11	0.19312181983410703	2.9725520304564035
C10_C2C2YABBY_16-C3_C2C2YABBY_8-C5_C2C2YABBY_19-C6_C2C2YABBY_14	C10_Trihelix_13-C13_Trihelix_4-C2_Trihelix_13-C3_Trihelix_10-C4_Trihelix_11-C5_Trihelix_12-C6_Trihelix_17-C7_Trihelix_2-C9_Trihelix_10	7	34	39	0.19223226273338143	2.0019251135460916
C10_C2C2COlike_2-C2_C2C2COlike_4-C4_C2C2COlike_2-C5_C2C2COlike_4-C6_C2C2COlike_5-C9_C2C2COlike_1	C10_Trihelix_13-C13_Trihelix_4-C2_Trihelix_13-C3_Trihelix_10-C4_Trihelix_11-C5_Trihelix_12-C6_Trihelix_17-C7_Trihelix_2-C9_Trihelix_10	10	73	39	0.18741582819745842	1.120028087319911
C10_Trihelix_13-C13_Trihelix_4-C2_Trihelix_13-C3_Trihelix_10-C4_Trihelix_11-C5_Trihelix_12-C6_Trihelix_17-C7_Trihelix_2-C9_Trihelix_10	C3_AP2EREBP_46	4	39	12	0.1849000654084097	2.8594281715428207
C10_AP2EREBP_90	C3_TCP_81	1	10	3	0.18257418583505536	7.0000000000000036
C10_C2C2YABBY_4	C2_RWPRK_4	1	10	3	0.18257418583505536	2.7080128015453195
C13_LOBAS2_3-C2_LOBAS2_14	C5_C2C2COlike_5	2	8	15	0.18257418583505536	2.624756038624368
C3_AP2EREBP_162	C3_AP2EREBP_164	2	8	15	0.18257418583505536	2.6666666666666665
C10_Trihelix_13-C13_Trihelix_4-C2_Trihelix_13-C3_Trihelix_10-C4_Trihelix_11-C5_Trihelix_12-C6_Trihelix_17-C7_Trihelix_2-C9_Trihelix_10	C3_AP2EREBP_107-C6_AP2EREBP_147	3	39	7	0.18156825980064076	2.7777777777777777
C10_C2C2gata_5	C3_C2H2_5	1	4	8	0.1767766952966369	3.3911649915626323
C10_AP2EREBP_90	C2_MYB_1-C4_MYB_1	2	10	13	0.17541160386140586	3.333847243791161
C2_AP2EREBP_152	C3_bHLH_10-C4_bHLH_7	1	3	11	0.17407765595569782	inf
C5_Trihelix_39	C6_bHLH_44	1	11	3	0.17407765595569782	3.0000000000000018
C10_C2C2YABBY_16-C3_C2C2YABBY_8-C5_C2C2YABBY_19-C6_C2C2YABBY_14	C4_C2H2_54-C5_C2H2_79-C6_C2H2_75-C9_C2H2_37	6	34	35	0.17393131069573453	2.473589308635653
C2_C3H_3	C4_C2H2_54-C5_C2H2_79-C6_C2H2_75-C9_C2H2_37	1	1	35	0.16903085094570333	3.391164991562631
C3_AP2EREBP_107-C6_AP2EREBP_147	C3_AP2EREBP_183	1	7	5	0.1690308509457033	3.9581140290126373
C3_AP2EREBP_183	C6_C2C2gata_17	1	5	7	0.1690308509457033	4.898979485566354
C4_NAC_20	C6_C2C2gata_17	1	5	7	0.1690308509457033	3.9581140290126378
C2_MYB_1-C4_MYB_1	C5_Trihelix_39	2	13	11	0.16724840200141816	2.8913992414503604
C3_TCP_18	C3_bHLH_10-C4_bHLH_7	2	13	11	0.16724840200141816	2.8286324328526375
C10_LOBAS2_8-C3_LOBAS2_3	C3_bZIP_36	1	6	6	0.16666666666666666	3.9581140290126378
C3_AP2EREBP_123	C5_AP2EREBP_187	1	6	6	0.16666666666666666	3.391164991562634
C10_C2C2COlike_2-C2_C2C2COlike_4-C4_C2C2COlike_2-C5_C2C2COlike_4-C6_C2C2COlike_5-C9_C2C2COlike_1	C5_E2FDP_5	2	73	2	0.1655211777204736	3.156820749009882
C10_Trihelix_13-C13_Trihelix_4-C2_Trihelix_13-C3_Trihelix_10-C4_Trihelix_11-C5_Trihelix_12-C6_Trihelix_17-C7_Trihelix_2-C9_Trihelix_10	C4_C2H2_54-C5_C2H2_79-C6_C2H2_75-C9_C2H2_37	6	39	35	0.16239958858823003	1.6548333761874998
C10_AP2EREBP_90	C4_C2H2_54-C5_C2H2_79-C6_C2H2_75-C9_C2H2_37	3	10	35	0.16035674514745463	2.7243668695836996
C1_MYB_4-C10_MYB_27-C3_MYB_16-C5_MYB_40	C2_HSF_7	1	13	3	0.1601281538050871	3.000000000000002
C1_MYB_4-C10_MYB_27-C3_MYB_16-C5_MYB_40	C3_TCP_81	1	13	3	0.1601281538050871	2.496150883013532
C1_MYB_4-C10_MYB_27-C3_MYB_16-C5_MYB_40	C6_MYB_20	1	13	3	0.1601281538050871	2.011435198964418
C1_MYBrelated_7-C10_MYBrelated_5-C4_MYBrelated_6-C5_MYBrelated_14-C6_MYBrelated_7	C3_TCP_18	1	3	13	0.1601281538050871	2.7080128015453186
C3_ABI3VP1_5	C3_TCP_18	1	3	13	0.1601281538050871	2.729597813845862
C3_AP2EREBP_162	C3_MYB_14	1	8	5	0.15811388300841894	3.0275361440839084
C2_BZR_13	C6_HSF_15	1	6	7	0.15430334996209188	4.898979485566357
C2_G2like_4-C4_G2like_6	C3_bZIP_36	1	7	6	0.15430334996209188	2.306226640788219
C2_G2like_4-C4_G2like_6	C5_AP2EREBP_187	1	7	6	0.15430334996209188	2.1343747458109497
C2_G2like_4-C4_G2like_6	C6_ABI3VP1_26	1	7	6	0.15430334996209188	1.5481405396264198
C3_MADS_3	C4_AP2EREBP_111	1	2	21	0.15430334996209188	7.000000000000006
C4_AP2EREBP_111	C4_ND_7	1	21	2	0.15430334996209188	3.9581140290126378
C10_C2C2YABBY_16-C3_C2C2YABBY_8-C5_C2C2YABBY_19-C6_C2C2YABBY_14	C3_AP2EREBP_183	2	34	5	0.15339299776947407	3.5486623915886035
C10_C2C2YABBY_16-C3_C2C2YABBY_8-C5_C2C2YABBY_19-C6_C2C2YABBY_14	C4_NAC_20	2	34	5	0.15339299776947407	2.375
C5_BES1_1	C5_Trihelix_39	1	4	11	0.15075567228888181	4.898979485566354
C10_C2C2YABBY_16-C3_C2C2YABBY_8-C5_C2C2YABBY_19-C6_C2C2YABBY_14	C3_AP2EREBP_46	3	34	12	0.14852213144650117	2.839312708755005
C10_AP2EREBP_90	C10_C2C2COlike_2-C2_C2C2COlike_4-C4_C2C2COlike_2-C5_C2C2COlike_4-C6_C2C2COlike_5-C9_C2C2COlike_1	4	10	73	0.14804664203952103	1.9547717086843497
C10_C2C2COlike_2-C2_C2C2COlike_4-C4_C2C2COlike_2-C5_C2C2COlike_4-C6_C2C2COlike_5-C9_C2C2COlike_1	C10_C2C2YABBY_4	4	73	10	0.14804664203952103	1.8624967979019598
C10_C2C2YABBY_16-C3_C2C2YABBY_8-C5_C2C2YABBY_19-C6_C2C2YABBY_14	C10_C2C2YABBY_16-C3_C2C2YABBY_8-C5_C2C2YABBY_19-C6_C2C2YABBY_14	5	34	34	0.14705882352941177	3.0275361440839053
C10_AP2EREBP_90	C3_MYB_19	1	10	5	0.1414213562373095	3.000000000000002
C10_NAC_14	C4_C2H2_54-C5_C2H2_79-C6_C2H2_75-C9_C2H2_37	3	13	35	0.14064216928154863	1.7677669529663689
C10_C2C2YABBY_16-C3_C2C2YABBY_8-C5_C2C2YABBY_19-C6_C2C2YABBY_14	C3_bZIP_36	2	34	6	0.14002800840280097	2.499814119483739
C11_MYB_2-C2_MYB_18	C2_HSF_7	1	17	3	0.14002800840280097	3.3911649915626323
C10_NAC_14	C10_bZIP_7-C3_bZIP_11-C5_bZIP_5-C6_bZIP_8	2	13	16	0.1386750490563073	2.89139924145036
C1_MYB_4-C10_MYB_27-C3_MYB_16-C5_MYB_40	C3_AP2EREBP_109	1	13	4	0.1386750490563073	2.4961508830135317
C2_MYB_1-C4_MYB_1	C3_TCP_45	1	13	4	0.1386750490563073	3.000000000000002
C2_AP2EREBP_25	C4_C2H2_54-C5_C2H2_79-C6_C2H2_75-C9_C2H2_37	2	6	35	0.13801311186847084	2.236803405237977
C3_AP2EREBP_183	C5_Trihelix_39	1	5	11	0.1348399724926484	3.391164991562634
C3_MYB_14	C5_Trihelix_39	1	5	11	0.1348399724926484	2.4961508830135313
C3_AP2EREBP_107-C6_AP2EREBP_147	C6_AP2EREBP_227	1	7	8	0.1336306209562122	3.0000000000000013
C3_AP2EREBP_162	C6_C2H2_29	1	8	7	0.1336306209562122	2.011435198964418
C10_Trihelix_13-C13_Trihelix_4-C2_Trihelix_13-C3_Trihelix_10-C4_Trihelix_11-C5_Trihelix_12-C6_Trihelix_17-C7_Trihelix_2-C9_Trihelix_10	C6_ABI3VP1_26	2	39	6	0.13074409009212268	2.611164839335468
C10_C2C2COlike_2-C2_C2C2COlike_4-C4_C2C2COlike_2-C5_C2C2COlike_4-C6_C2C2COlike_5-C9_C2C2COlike_1	C2_MYB_1-C4_MYB_1	4	73	13	0.1298454946322391	1.2447313859527949
C10_C2C2YABBY_16-C3_C2C2YABBY_8-C5_C2C2YABBY_19-C6_C2C2YABBY_14	C2_G2like_4-C4_G2like_6	2	34	7	0.12964074471043288	1.5650160901149994
C10_C2C2gata_5	C5_C2C2COlike_5	1	4	15	0.12909944487358055	2.478478796128212
C10_C2C2YABBY_4	C10_LOBAS2_8-C3_LOBAS2_3	1	10	6	0.12909944487358052	2.1473175285873674
C10_C2C2YABBY_4	C3_AP2EREBP_123	1	10	6	0.12909944487358052	2.1343747458109497
C3_AP2EREBP_183	C3_AP2EREBP_46	1	5	12	0.12909944487358052	3.9581140290126378
C10_Trihelix_13-C13_Trihelix_4-C2_Trihelix_13-C3_Trihelix_10-C4_Trihelix_11-C5_Trihelix_12-C6_Trihelix_17-C7_Trihelix_2-C9_Trihelix_10	C10_Trihelix_13-C13_Trihelix_4-C2_Trihelix_13-C3_Trihelix_10-C4_Trihelix_11-C5_Trihelix_12-C6_Trihelix_17-C7_Trihelix_2-C9_Trihelix_10	5	39	39	0.12820512820512822	3.3937273398583163
C2_G2like_4-C4_G2like_6	C4_C2H2_54-C5_C2H2_79-C6_C2H2_75-C9_C2H2_37	2	7	35	0.12777531299998798	1.9124901970613193
C10_NAC_14	C3_AP2EREBP_66	2	13	19	0.12725695259515557	2.4054317830641176
C2_C2C2YABBY_5	C4_AP2EREBP_111	1	3	21	0.12598815766974242	7.000000000000001
C3_TCP_81	C4_AP2EREBP_111	1	3	21	0.12598815766974242	1.788854381999832
C3_Trihelix_32-C4_Trihelix_30	C6_C2C2gata_17	1	9	7	0.12598815766974242	2.4784787961282113
C10_bZIP_7-C3_bZIP_11-C5_bZIP_5-C6_bZIP_8	C3_AP2EREBP_109	1	16	4	0.125	2.4784787961282113
C13_LOBAS2_3-C2_LOBAS2_14	C13_LOBAS2_3-C2_LOBAS2_14	1	8	8	0.125	3.3911649915626327
C3_C2H2_5	C3_C2H2_5	1	8	8	0.125	3.3911649915626336
C10_NAC_14	C9_Trihelix_24	1	13	5	0.12403473458920845	3.3911649915626327
C1_E2FDP_6-C3_E2FDP_10-C5_E2FDP_10	C2_MYB_1-C4_MYB_1	1	5	13	0.12403473458920845	2.4784787961282113
C1_MYB_4-C10_MYB_27-C3_MYB_16-C5_MYB_40	C9_Trihelix_24	1	13	5	0.12403473458920845	2.147317528587367
C3_MYB_19	C3_TCP_18	1	5	13	0.12403473458920845	2.1473175285873674
C5_AP2EREBP_187	C5_Trihelix_39	1	6	11	0.12309149097933271	2.0114351989644184
C5_Trihelix_39	C6_bZIP_17	1	11	6	0.12309149097933271	2.291287847477921
C10_NAC_14	C4_AP2EREBP_111	2	13	21	0.12104550653376049	1.7368421052631582
C10_Trihelix_13-C13_Trihelix_4-C2_Trihelix_13-C3_Trihelix_10-C4_Trihelix_11-C5_Trihelix_12-C6_Trihelix_17-C7_Trihelix_2-C9_Trihelix_10	C2_G2like_4-C4_G2like_6	2	39	7	0.12104550653376049	1.4018684581030174
C3_TCP_18	C4_AP2EREBP_111	2	13	21	0.12104550653376049	2.1723154118051125
C10_AP2EREBP_90	C2_G2like_4-C4_G2like_6	1	10	7	0.11952286093343936	2.0114351989644175
C4_C2H2_54-C5_C2H2_79-C6_C2H2_75-C9_C2H2_37	C4_ND_7	1	35	2	0.11952286093343936	3.4285714285714315
C4_C2H2_54-C5_C2H2_79-C6_C2H2_75-C9_C2H2_37	C6_AP2EREBP_160	1	35	2	0.11952286093343936	3.0000000000000013
C10_C2C2COlike_2-C2_C2C2COlike_4-C4_C2C2COlike_2-C5_C2C2COlike_4-C6_C2C2COlike_5-C9_C2C2COlike_1	C4_C2H2_54-C5_C2H2_79-C6_C2H2_75-C9_C2H2_37	6	73	35	0.11870138823733961	0.29931317666279067
C10_C2H2_10-C13_C2H2_4-C4_C2H2_7-C5_C2H2_9-C6_C2H2_10	C3_C2H2_5	1	9	8	0.11785113019775792	2.4784787961282104
C3_Trihelix_32-C4_Trihelix_30	C6_AP2EREBP_227	1	9	8	0.11785113019775792	3.3911649915626314
C2_BZR_13	C3_AP2EREBP_46	1	6	12	0.1178511301977579	1.5550318345163543
C3_AP2EREBP_46	C6_bZIP_17	1	12	6	0.1178511301977579	2.291287847477921
C10_C2C2COlike_2-C2_C2C2COlike_4-C4_C2C2COlike_2-C5_C2C2COlike_4-C6_C2C2COlike_5-C9_C2C2COlike_1	C10_C2C2gata_5	2	73	4	0.11704114719613057	1.240070988206856
C10_C2C2COlike_2-C2_C2C2COlike_4-C4_C2C2COlike_2-C5_C2C2COlike_4-C6_C2C2COlike_5-C9_C2C2COlike_1	C2_C3H_3	1	73	1	0.11704114719613057	4.898979485566354
C3_AP2EREBP_164	C3_MYB_19	1	15	5	0.11547005383792515	3.391164991562634
C10_bZIP_7-C3_bZIP_11-C5_bZIP_5-C6_bZIP_8	C3_AP2EREBP_66	2	16	19	0.11470786693528087	1.7699693014042015
C10_C2C2YABBY_16-C3_C2C2YABBY_8-C5_C2C2YABBY_19-C6_C2C2YABBY_14	C3_Trihelix_32-C4_Trihelix_30	2	34	9	0.11433239009500587	1.9847442471118963
C5_Trihelix_39	C6_C2C2gata_17	1	11	7	0.11396057645963793	2.4784787961282113
C10_Trihelix_13-C13_Trihelix_4-C2_Trihelix_13-C3_Trihelix_10-C4_Trihelix_11-C5_Trihelix_12-C6_Trihelix_17-C7_Trihelix_2-C9_Trihelix_10	C5_E2FDP_5	1	39	2	0.11322770341445958	2.0
C10_NAC_14	C2_AP2EREBP_25	1	13	6	0.11322770341445956	2.70801280154532
C10_NAC_14	C6_ABI3VP1_26	1	13	6	0.11322770341445956	1.8829377433825432
C1_MYB_4-C10_MYB_27-C3_MYB_16-C5_MYB_40	C2_BZR_13	1	13	6	0.11322770341445956	2.0114351989644166
C2_MYB_1-C4_MYB_1	C6_bZIP_17	1	13	6	0.11322770341445956	2.7080128015453195
C10_AP2EREBP_90	C6_AP2EREBP_227	1	10	8	0.11180339887498947	4.898979485566355
C10_C2C2YABBY_4	C3_AP2EREBP_162	1	10	8	0.11180339887498947	1.8829377433825436
C10_C2H2_10-C13_C2H2_4-C4_C2H2_7-C5_C2H2_9-C6_C2H2_10	C10_C2H2_10-C13_C2H2_4-C4_C2H2_7-C5_C2H2_9-C6_C2H2_10	1	9	9	0.1111111111111111	3.0000000000000013
C4_AP2EREBP_111	C4_C2H2_54-C5_C2H2_79-C6_C2H2_75-C9_C2H2_37	3	21	35	0.11065666703449763	0.9111317435874831
C10_Trihelix_13-C13_Trihelix_4-C2_Trihelix_13-C3_Trihelix_10-C4_Trihelix_11-C5_Trihelix_12-C6_Trihelix_17-C7_Trihelix_2-C9_Trihelix_10	C3_AP2EREBP_66	3	39	19	0.11020775375559676	1.0714095911263277
C2_G2like_4-C4_G2like_6	C3_AP2EREBP_46	1	7	12	0.10910894511799618	2.011435198964418
C11_MYB_2-C2_MYB_18	C9_Trihelix_24	1	17	5	0.10846522890932808	2.291287847477921
C5_Trihelix_39	C6_AP2EREBP_227	1	11	8	0.10660035817780521	1.4836507379417567
C10_C2C2COlike_2-C2_C2C2COlike_4-C4_C2C2COlike_2-C5_C2C2COlike_4-C6_C2C2COlike_5-C9_C2C2COlike_1	C3_bHLH_10-C4_bHLH_7	3	73	11	0.10586770098608783	1.2795484941033346
C10_LOBAS2_8-C3_LOBAS2_3	C5_C2C2COlike_5	1	6	15	0.10540925533894598	2.4961508830135317
C3_AP2EREBP_123	C3_AP2EREBP_164	1	6	15	0.10540925533894598	3.3911649915626336
C10_C2C2gata_21	C3_TCP_18	1	7	13	0.10482848367219182	1.5118578920369103
C1_MYB_4-C10_MYB_27-C3_MYB_16-C5_MYB_40	C6_C2C2gata_17	1	13	7	0.10482848367219182	2.147317528587368
C3_AP2EREBP_107-C6_AP2EREBP_147	C3_TCP_18	1	7	13	0.10482848367219182	1.382046638161284
C3_AP2EREBP_183	C3_AP2EREBP_66	1	5	19	0.1025978352085154	2.478478796128211
C10_bZIP_7-C3_bZIP_11-C5_bZIP_5-C6_bZIP_8	C2_BZR_13	1	16	6	0.10206207261596575	1.7888543819998317
C10_bZIP_7-C3_bZIP_11-C5_bZIP_5-C6_bZIP_8	C6_bZIP_17	1	16	6	0.10206207261596575	2.0114351989644184
C3_AP2EREBP_46	C6_AP2EREBP_227	1	12	8	0.10206207261596575	1.1973421894279306
C3_Trihelix_32-C4_Trihelix_30	C5_Trihelix_39	1	9	11	0.10050378152592121	1.5350186552432912
C10_C2C2YABBY_16-C3_C2C2YABBY_8-C5_C2C2YABBY_19-C6_C2C2YABBY_14	C3_TCP_81	1	34	3	0.09901475429766743	1.2465004776815032
C11_MYB_2-C2_MYB_18	C2_BZR_13	1	17	6	0.09901475429766743	1.323964093884349
C3_TCP_18	C6_AP2EREBP_227	1	13	8	0.09805806756909201	1.6956521739130423
C3_AP2EREBP_164	C6_C2H2_29	1	15	7	0.09759000729485331	1.7888543819998326
C4_AP2EREBP_111	C9_Trihelix_24	1	21	5	0.09759000729485331	2.291287847477921
C10_C2C2COlike_2-C2_C2C2COlike_4-C4_C2C2COlike_2-C5_C2C2COlike_4-C6_C2C2COlike_5-C9_C2C2COlike_1	C10_LOBAS2_8-C3_LOBAS2_3	2	73	6	0.09556369651349932	1.5129898197934348
C10_C2C2COlike_2-C2_C2C2COlike_4-C4_C2C2COlike_2-C5_C2C2COlike_4-C6_C2C2COlike_5-C9_C2C2COlike_1	C3_AP2EREBP_123	2	73	6	0.09556369651349932	1.203033314844816
C10_C2C2YABBY_16-C3_C2C2YABBY_8-C5_C2C2YABBY_19-C6_C2C2YABBY_14	C1_MYB_4-C10_MYB_27-C3_MYB_16-C5_MYB_40	2	34	13	0.09513029883089882	1.4339577116590312
C10_bZIP_7-C3_bZIP_11-C5_bZIP_5-C6_bZIP_8	C6_C2C2gata_17	1	16	7	0.09449111825230681	1.535018655243291
C1_MYB_4-C10_MYB_27-C3_MYB_16-C5_MYB_40	C4_C2H2_54-C5_C2H2_79-C6_C2H2_75-C9_C2H2_37	2	13	35	0.09376144618769909	0.881277337841439
C2_MYB_1-C4_MYB_1	C4_C2H2_54-C5_C2H2_79-C6_C2H2_75-C9_C2H2_37	2	13	35	0.09376144618769909	1.5
C3_AP2EREBP_66	C3_bZIP_36	1	19	6	0.09365858115816939	2.708012801545319
C3_AP2EREBP_66	C5_AP2EREBP_187	1	19	6	0.09365858115816939	2.0114351989644175
C2_MYB_1-C4_MYB_1	C3_Trihelix_32-C4_Trihelix_30	1	13	9	0.09245003270420486	1.8829377433825434
C10_Trihelix_13-C13_Trihelix_4-C2_Trihelix_13-C3_Trihelix_10-C4_Trihelix_11-C5_Trihelix_12-C6_Trihelix_17-C7_Trihelix_2-C9_Trihelix_10	C2_HSF_7	1	39	3	0.09245003270420485	1.6329931618554536
C10_Trihelix_13-C13_Trihelix_4-C2_Trihelix_13-C3_Trihelix_10-C4_Trihelix_11-C5_Trihelix_12-C6_Trihelix_17-C7_Trihelix_2-C9_Trihelix_10	C3_AP2EREBP_47	1	39	3	0.09245003270420485	1.1962490654307825
C11_MYB_2-C2_MYB_18	C3_AP2EREBP_107-C6_AP2EREBP_147	1	17	7	0.09166984970282112	2.30622664078822
C11_MYB_2-C2_MYB_18	C6_HSF_15	1	17	7	0.09166984970282112	1.2696221085454769
C3_AP2EREBP_164	C3_C2H2_5	1	15	8	0.09128709291752768	2.1473175285873674
C3_bHLH_10-C4_bHLH_7	C3_bHLH_10-C4_bHLH_7	1	11	11	0.09090909090909091	2.011435198964416
C4_AP2EREBP_111	C6_bZIP_17	1	21	6	0.0890870806374748	1.2465616729790374
C10_NAC_14	C10_Trihelix_13-C13_Trihelix_4-C2_Trihelix_13-C3_Trihelix_10-C4_Trihelix_11-C5_Trihelix_12-C6_Trihelix_17-C7_Trihelix_2-C9_Trihelix_10	2	13	39	0.0888231183368655	1.1828914767134735
C10_Trihelix_13-C13_Trihelix_4-C2_Trihelix_13-C3_Trihelix_10-C4_Trihelix_11-C5_Trihelix_12-C6_Trihelix_17-C7_Trihelix_2-C9_Trihelix_10	C2_MYB_1-C4_MYB_1	2	39	13	0.0888231183368655	0.5449492609130661
C3_AP2EREBP_107-C6_AP2EREBP_147	C3_AP2EREBP_66	1	7	19	0.086710996952412	1.464819225788087
C10_C2H2_10-C13_C2H2_4-C4_C2H2_7-C5_C2H2_9-C6_C2H2_10	C5_C2C2COlike_5	1	9	15	0.08606629658238704	1.1810059425271626
C10_C2C2YABBY_16-C3_C2C2YABBY_8-C5_C2C2YABBY_19-C6_C2C2YABBY_14	C10_bZIP_7-C3_bZIP_11-C5_bZIP_5-C6_bZIP_8	2	34	16	0.08574929257125441	0.5248210056684359
C10_C2C2YABBY_16-C3_C2C2YABBY_8-C5_C2C2YABBY_19-C6_C2C2YABBY_14	C3_TCP_45	1	34	4	0.08574929257125441	2.1343747458109497
C10_NAC_14	C3_bHLH_10-C4_bHLH_7	1	13	11	0.08362420100070908	1.218543591689885
C10_NAC_14	C5_Trihelix_39	1	13	11	0.08362420100070908	0.8708276796303961
C1_MYB_4-C10_MYB_27-C3_MYB_16-C5_MYB_40	C3_bHLH_10-C4_bHLH_7	1	13	11	0.08362420100070908	1.6329931618554523
C3_AP2EREBP_46	C3_AP2EREBP_46	1	12	12	0.08333333333333333	3.0000000000000018
C10_C2C2YABBY_16-C3_C2C2YABBY_8-C5_C2C2YABBY_19-C6_C2C2YABBY_14	C11_MYB_2-C2_MYB_18	2	34	17	0.0831890330807703	0.8803473894144688
C10_C2C2COlike_2-C2_C2C2COlike_4-C4_C2C2COlike_2-C5_C2C2COlike_4-C6_C2C2COlike_5-C9_C2C2COlike_1	C13_LOBAS2_3-C2_LOBAS2_14	2	73	8	0.0827605888602368	0.5115817956786488
C2_G2like_4-C4_G2like_6	C4_AP2EREBP_111	1	7	21	0.08247860988423225	0.7453559924999299
C3_AP2EREBP_107-C6_AP2EREBP_147	C4_AP2EREBP_111	1	7	21	0.08247860988423225	1.3568010505999362
C10_C2C2YABBY_4	C3_AP2EREBP_164	1	10	15	0.08164965809277258	1.218543591689885
C10_Trihelix_13-C13_Trihelix_4-C2_Trihelix_13-C3_Trihelix_10-C4_Trihelix_11-C5_Trihelix_12-C6_Trihelix_17-C7_Trihelix_2-C9_Trihelix_10	C3_TCP_45	1	39	4	0.08006407690254357	1.2465004776815032
C10_Trihelix_13-C13_Trihelix_4-C2_Trihelix_13-C3_Trihelix_10-C4_Trihelix_11-C5_Trihelix_12-C6_Trihelix_17-C7_Trihelix_2-C9_Trihelix_10	C5_BES1_1	1	39	4	0.08006407690254357	1.464819225788087
C3_AP2EREBP_46	C3_TCP_18	1	12	13	0.08006407690254355	1.0397066299035835
C10_C2C2COlike_2-C2_C2C2COlike_4-C4_C2C2COlike_2-C5_C2C2COlike_4-C6_C2C2COlike_5-C9_C2C2COlike_1	C10_C2H2_10-C13_C2H2_4-C4_C2H2_7-C5_C2H2_9-C6_C2H2_10	2	73	9	0.07802743146408704	0.32478490123081544
C3_AP2EREBP_164	C5_AP2EREBP_67	1	15	11	0.0778498944161523	0.9486832980505138
C5_AP2EREBP_67	C5_C2C2COlike_5	1	11	15	0.0778498944161523	0.6147786234942723
C3_AP2EREBP_66	C4_C2H2_54-C5_C2H2_79-C6_C2H2_75-C9_C2H2_37	2	19	35	0.07755667343294813	0.6520924180445759
C10_NAC_14	C3_TCP_18	1	13	13	0.07692307692307693	1.2696221085454769
C3_TCP_18	C3_TCP_18	1	13	13	0.07692307692307693	1.7795130420052174
C10_C2C2YABBY_16-C3_C2C2YABBY_8-C5_C2C2YABBY_19-C6_C2C2YABBY_14	C1_E2FDP_6-C3_E2FDP_10-C5_E2FDP_10	1	34	5	0.07669649888473704	0.9857426511607846
C3_MYB_19	C4_C2H2_54-C5_C2H2_79-C6_C2H2_75-C9_C2H2_37	1	5	35	0.07559289460184544	0.9045340337332908
C4_C2H2_54-C5_C2H2_79-C6_C2H2_75-C9_C2H2_37	C4_NAC_20	1	35	5	0.07559289460184544	1.3568010505999362
C10_bZIP_7-C3_bZIP_11-C5_bZIP_5-C6_bZIP_8	C3_bHLH_10-C4_bHLH_7	1	16	11	0.07537783614444091	1.0932163332202425
C10_C2C2YABBY_16-C3_C2C2YABBY_8-C5_C2C2YABBY_19-C6_C2C2YABBY_14	C4_AP2EREBP_111	2	34	21	0.07484811885651198	0.3491855771875952
C11_MYB_2-C2_MYB_18	C3_bHLH_10-C4_bHLH_7	1	17	11	0.07312724241271307	0.8990229253768993
C10_Trihelix_13-C13_Trihelix_4-C2_Trihelix_13-C3_Trihelix_10-C4_Trihelix_11-C5_Trihelix_12-C6_Trihelix_17-C7_Trihelix_2-C9_Trihelix_10	C1_E2FDP_6-C3_E2FDP_10-C5_E2FDP_10	1	39	5	0.07161148740394328	0.9486832980505138
C10_Trihelix_13-C13_Trihelix_4-C2_Trihelix_13-C3_Trihelix_10-C4_Trihelix_11-C5_Trihelix_12-C6_Trihelix_17-C7_Trihelix_2-C9_Trihelix_10	C3_AP2EREBP_183	1	39	5	0.07161148740394328	0.8449886842979477
C10_Trihelix_13-C13_Trihelix_4-C2_Trihelix_13-C3_Trihelix_10-C4_Trihelix_11-C5_Trihelix_12-C6_Trihelix_17-C7_Trihelix_2-C9_Trihelix_10	C4_NAC_20	1	39	5	0.07161148740394328	0.7198051755130666
C10_C2C2YABBY_16-C3_C2C2YABBY_8-C5_C2C2YABBY_19-C6_C2C2YABBY_14	C2_AP2EREBP_25	1	34	6	0.07001400420140048	0.5000000000000001
C10_C2C2YABBY_16-C3_C2C2YABBY_8-C5_C2C2YABBY_19-C6_C2C2YABBY_14	C5_AP2EREBP_187	1	34	6	0.07001400420140048	1.1810059425271624
C10_C2C2YABBY_16-C3_C2C2YABBY_8-C5_C2C2YABBY_19-C6_C2C2YABBY_14	C6_bZIP_17	1	34	6	0.07001400420140048	0.8381580761249495
C11_MYB_2-C2_MYB_18	C3_AP2EREBP_46	1	17	12	0.07001400420140048	1.356801050599936
C10_bZIP_7-C3_bZIP_11-C5_bZIP_5-C6_bZIP_8	C3_TCP_18	1	16	13	0.06933752452815364	1.1036292244888026
C10_AP2EREBP_90	C4_AP2EREBP_111	1	10	21	0.06900655593423542	0.41113292230213094
C2_BZR_13	C4_C2H2_54-C5_C2H2_79-C6_C2H2_75-C9_C2H2_37	1	6	35	0.06900655593423542	0.75
C4_C2H2_54-C5_C2H2_79-C6_C2H2_75-C9_C2H2_37	C6_ABI3VP1_26	1	35	6	0.06900655593423542	1.081179805439178
C10_C2C2COlike_2-C2_C2C2COlike_4-C4_C2C2COlike_2-C5_C2C2COlike_4-C6_C2C2COlike_5-C9_C2C2COlike_1	C10_C2C2COlike_2-C2_C2C2COlike_4-C4_C2C2COlike_2-C5_C2C2COlike_4-C6_C2C2COlike_5-C9_C2C2COlike_1	5	73	73	0.06849315068493152	-0.10414674199191709
C10_C2C2COlike_2-C2_C2C2COlike_4-C4_C2C2COlike_2-C5_C2C2COlike_4-C6_C2C2COlike_5-C9_C2C2COlike_1	C2_RWPRK_4	1	73	3	0.06757373783994859	0.8660254037844385
C11_MYB_2-C2_MYB_18	C1_MYB_4-C10_MYB_27-C3_MYB_16-C5_MYB_40	1	17	13	0.06726727939963124	1.218543591689885
C3_AP2EREBP_46	C3_AP2EREBP_66	1	12	19	0.06622661785325219	0.7578757672667771
C10_Trihelix_13-C13_Trihelix_4-C2_Trihelix_13-C3_Trihelix_10-C4_Trihelix_11-C5_Trihelix_12-C6_Trihelix_17-C7_Trihelix_2-C9_Trihelix_10	C3_bZIP_36	1	39	6	0.06537204504606134	0.6859943405700355
C10_C2C2COlike_2-C2_C2C2COlike_4-C4_C2C2COlike_2-C5_C2C2COlike_4-C6_C2C2COlike_5-C9_C2C2COlike_1	C10_NAC_14	2	73	13	0.06492274731611955	0.34026228050238794
C10_C2C2YABBY_16-C3_C2C2YABBY_8-C5_C2C2YABBY_19-C6_C2C2YABBY_14	C3_AP2EREBP_107-C6_AP2EREBP_147	1	34	7	0.06482037235521644	0.775514982153462
C10_C2C2YABBY_16-C3_C2C2YABBY_8-C5_C2C2YABBY_19-C6_C2C2YABBY_14	C6_C2C2gata_17	1	34	7	0.06482037235521644	0.7808688094430303
C3_AP2EREBP_107-C6_AP2EREBP_147	C4_C2H2_54-C5_C2H2_79-C6_C2H2_75-C9_C2H2_37	1	7	35	0.06388765649999399	0.45341344967389047
C4_C2H2_54-C5_C2H2_79-C6_C2H2_75-C9_C2H2_37	C6_C2C2gata_17	1	35	7	0.06388765649999399	1.3397876906064714
C10_bZIP_7-C3_bZIP_11-C5_bZIP_5-C6_bZIP_8	C10_bZIP_7-C3_bZIP_11-C5_bZIP_5-C6_bZIP_8	1	16	16	0.0625	1.6115589663919443
C10_C2C2YABBY_16-C3_C2C2YABBY_8-C5_C2C2YABBY_19-C6_C2C2YABBY_14	C6_AP2EREBP_227	1	34	8	0.06063390625908324	0.3656971181598903
C1_MYB_4-C10_MYB_27-C3_MYB_16-C5_MYB_40	C4_AP2EREBP_111	1	13	21	0.060522753266880246	0.8784381271934221
C4_C2H2_54-C5_C2H2_79-C6_C2H2_75-C9_C2H2_37	C6_AP2EREBP_227	1	35	8	0.05976143046671968	0.39407214225909803
C11_MYB_2-C2_MYB_18	C11_MYB_2-C2_MYB_18	1	17	17	0.058823529411764705	1.1361499255760459
C10_C2C2COlike_2-C2_C2C2COlike_4-C4_C2C2COlike_2-C5_C2C2COlike_4-C6_C2C2COlike_5-C9_C2C2COlike_1	C10_MYB_6	1	73	4	0.058520573598065284	0.3170731707317073
C3_Trihelix_32-C4_Trihelix_30	C4_C2H2_54-C5_C2H2_79-C6_C2H2_75-C9_C2H2_37	1	9	35	0.0563436169819011	0.09747403576571585
C10_bZIP_7-C3_bZIP_11-C5_bZIP_5-C6_bZIP_8	C4_AP2EREBP_111	1	16	21	0.0545544725589981	0.42712109808862453
C10_Trihelix_13-C13_Trihelix_4-C2_Trihelix_13-C3_Trihelix_10-C4_Trihelix_11-C5_Trihelix_12-C6_Trihelix_17-C7_Trihelix_2-C9_Trihelix_10	C3_Trihelix_32-C4_Trihelix_30	1	39	9	0.053376051268362375	0.4850712500726661
C3_AP2EREBP_66	C3_AP2EREBP_66	1	19	19	0.05263157894736842	1.299867367239363
C10_C2C2COlike_2-C2_C2C2COlike_4-C4_C2C2COlike_2-C5_C2C2COlike_4-C6_C2C2COlike_5-C9_C2C2COlike_1	C3_MYB_19	1	73	5	0.05234239225902137	0.2572088054497256
C10_C2C2COlike_2-C2_C2C2COlike_4-C4_C2C2COlike_2-C5_C2C2COlike_4-C6_C2C2COlike_5-C9_C2C2COlike_1	C9_Trihelix_24	1	73	5	0.05234239225902137	0.23420572297684247
C10_C2C2YABBY_16-C3_C2C2YABBY_8-C5_C2C2YABBY_19-C6_C2C2YABBY_14	C5_Trihelix_39	1	34	11	0.05170876899950191	0.14285714285714285
C10_C2C2COlike_2-C2_C2C2COlike_4-C4_C2C2COlike_2-C5_C2C2COlike_4-C6_C2C2COlike_5-C9_C2C2COlike_1	C4_AP2EREBP_111	2	73	21	0.05108094442387969	-0.7039753101164621
C4_C2H2_54-C5_C2H2_79-C6_C2H2_75-C9_C2H2_37	C5_Trihelix_39	1	35	11	0.050964719143762556	0.08025723539051276
C10_AP2EREBP_90	C10_Trihelix_13-C13_Trihelix_4-C2_Trihelix_13-C3_Trihelix_10-C4_Trihelix_11-C5_Trihelix_12-C6_Trihelix_17-C7_Trihelix_2-C9_Trihelix_10	1	10	39	0.050636968354183326	0.08762159086766465
C3_AP2EREBP_66	C4_AP2EREBP_111	1	19	21	0.05006261743217588	0.23284515771189987
C10_Trihelix_13-C13_Trihelix_4-C2_Trihelix_13-C3_Trihelix_10-C4_Trihelix_11-C5_Trihelix_12-C6_Trihelix_17-C7_Trihelix_2-C9_Trihelix_10	C5_Trihelix_39	1	39	11	0.04828045495852676	-0.09082572629650097
C10_C2C2COlike_2-C2_C2C2COlike_4-C4_C2C2COlike_2-C5_C2C2COlike_4-C6_C2C2COlike_5-C9_C2C2COlike_1	C3_bZIP_36	1	73	6	0.04778184825674966	-0.06337242505244785
C10_C2C2COlike_2-C2_C2C2COlike_4-C4_C2C2COlike_2-C5_C2C2COlike_4-C6_C2C2COlike_5-C9_C2C2COlike_1	C6_ABI3VP1_26	1	73	6	0.04778184825674966	0.2664180557477128
C4_AP2EREBP_111	C4_AP2EREBP_111	1	21	21	0.047619047619047616	0.8029550685469662
C10_C2C2YABBY_16-C3_C2C2YABBY_8-C5_C2C2YABBY_19-C6_C2C2YABBY_14	C2_MYB_1-C4_MYB_1	1	34	13	0.04756514941544941	-0.04085889232227186
C3_TCP_18	C4_C2H2_54-C5_C2H2_79-C6_C2H2_75-C9_C2H2_37	1	13	35	0.046880723093849545	0.07868894753646333
C10_Trihelix_13-C13_Trihelix_4-C2_Trihelix_13-C3_Trihelix_10-C4_Trihelix_11-C5_Trihelix_12-C6_Trihelix_17-C7_Trihelix_2-C9_Trihelix_10	C1_MYB_4-C10_MYB_27-C3_MYB_16-C5_MYB_40	1	39	13	0.04441155916843275	0.06876141641725285
C10_C2C2YABBY_16-C3_C2C2YABBY_8-C5_C2C2YABBY_19-C6_C2C2YABBY_14	C3_AP2EREBP_164	1	34	15	0.04428074427700476	-0.23003427296527124
C10_C2C2COlike_2-C2_C2C2COlike_4-C4_C2C2COlike_2-C5_C2C2COlike_4-C6_C2C2COlike_5-C9_C2C2COlike_1	C10_C2C2gata_21	1	73	7	0.044237395520380876	0.07580980435789028
C10_C2C2COlike_2-C2_C2C2COlike_4-C4_C2C2COlike_2-C5_C2C2COlike_4-C6_C2C2COlike_5-C9_C2C2COlike_1	C3_AP2EREBP_107-C6_AP2EREBP_147	1	73	7	0.044237395520380876	-0.15294382258037448
C10_C2C2COlike_2-C2_C2C2COlike_4-C4_C2C2COlike_2-C5_C2C2COlike_4-C6_C2C2COlike_5-C9_C2C2COlike_1	C6_C2H2_29	1	73	7	0.044237395520380876	0.06809394365351068
C10_bZIP_7-C3_bZIP_11-C5_bZIP_5-C6_bZIP_8	C4_C2H2_54-C5_C2H2_79-C6_C2H2_75-C9_C2H2_37	1	16	35	0.04225771273642583	-0.12916673674412524
C10_C2C2COlike_2-C2_C2C2COlike_4-C4_C2C2COlike_2-C5_C2C2COlike_4-C6_C2C2COlike_5-C9_C2C2COlike_1	C6_AP2EREBP_227	1	73	8	0.0413802944301184	-0.17420805122188887
C10_C2C2COlike_2-C2_C2C2COlike_4-C4_C2C2COlike_2-C5_C2C2COlike_4-C6_C2C2COlike_5-C9_C2C2COlike_1	C10_C2C2YABBY_16-C3_C2C2YABBY_8-C5_C2C2YABBY_19-C6_C2C2YABBY_14	2	73	34	0.04014478229518501	-1.1531795664144844
C10_Trihelix_13-C13_Trihelix_4-C2_Trihelix_13-C3_Trihelix_10-C4_Trihelix_11-C5_Trihelix_12-C6_Trihelix_17-C7_Trihelix_2-C9_Trihelix_10	C10_bZIP_7-C3_bZIP_11-C5_bZIP_5-C6_bZIP_8	1	39	16	0.04003203845127178	-0.32637570018144557
C10_C2C2YABBY_16-C3_C2C2YABBY_8-C5_C2C2YABBY_19-C6_C2C2YABBY_14	C3_AP2EREBP_66	1	34	19	0.039344473768231684	-0.21821789023599236
C10_Trihelix_13-C13_Trihelix_4-C2_Trihelix_13-C3_Trihelix_10-C4_Trihelix_11-C5_Trihelix_12-C6_Trihelix_17-C7_Trihelix_2-C9_Trihelix_10	C11_MYB_2-C2_MYB_18	1	39	17	0.03883678186903086	-0.45935347943176885
C10_C2C2COlike_2-C2_C2C2COlike_4-C4_C2C2COlike_2-C5_C2C2COlike_4-C6_C2C2COlike_5-C9_C2C2COlike_1	C5_AP2EREBP_67	1	73	11	0.035289233662029275	-0.3990434422338111
C10_Trihelix_13-C13_Trihelix_4-C2_Trihelix_13-C3_Trihelix_10-C4_Trihelix_11-C5_Trihelix_12-C6_Trihelix_17-C7_Trihelix_2-C9_Trihelix_10	C4_AP2EREBP_111	1	39	21	0.03494282789073061	-0.25414791206995707
C10_C2C2COlike_2-C2_C2C2COlike_4-C4_C2C2COlike_2-C5_C2C2COlike_4-C6_C2C2COlike_5-C9_C2C2COlike_1	C3_AP2EREBP_46	1	73	12	0.033786868919974296	-0.4155813868856491
C10_C2C2COlike_2-C2_C2C2COlike_4-C4_C2C2COlike_2-C5_C2C2COlike_4-C6_C2C2COlike_5-C9_C2C2COlike_1	C1_MYB_4-C10_MYB_27-C3_MYB_16-C5_MYB_40	1	73	13	0.032461373658059775	-0.5397814402407792
C10_C2C2COlike_2-C2_C2C2COlike_4-C4_C2C2COlike_2-C5_C2C2COlike_4-C6_C2C2COlike_5-C9_C2C2COlike_1	C3_TCP_18	1	73	13	0.032461373658059775	-0.7437838924446961
C10_C2C2COlike_2-C2_C2C2COlike_4-C4_C2C2COlike_2-C5_C2C2COlike_4-C6_C2C2COlike_5-C9_C2C2COlike_1	C5_C2C2COlike_5	1	73	15	0.030219894260774968	-0.994596273223989
C10_C2C2COlike_2-C2_C2C2COlike_4-C4_C2C2COlike_2-C5_C2C2COlike_4-C6_C2C2COlike_5-C9_C2C2COlike_1	C10_bZIP_7-C3_bZIP_11-C5_bZIP_5-C6_bZIP_8	1	73	16	0.029260286799032642	-0.9119221284126634
C4_C2H2_54-C5_C2H2_79-C6_C2H2_75-C9_C2H2_37	C4_C2H2_54-C5_C2H2_79-C6_C2H2_75-C9_C2H2_37	1	35	35	0.028571428571428574	-0.3110855084191276
C10_C2C2COlike_2-C2_C2C2COlike_4-C4_C2C2COlike_2-C5_C2C2COlike_4-C6_C2C2COlike_5-C9_C2C2COlike_1	C3_AP2EREBP_66	1	73	19	0.026851080677052736	-0.9778046953007642
