State (Emission order)	-2000	-1800	-1600	-1400	-1200	-1000	-800	-600	-400	-200	0	200	400	600	800	1000	1200	1400	1600	1800	2000
1	0.97622	0.97694	0.99360	0.95447	0.97270	0.95267	0.91573	0.90502	0.85050	0.79820	1.38556	4.15897	5.80545	6.24067	6.21201	5.92023	5.34778	4.54205	3.78508	3.09829	2.59934
2	0.62837	0.56216	0.50109	0.43265	0.36978	0.30731	0.25522	0.20544	0.16937	0.14368	0.13620	0.13843	0.20156	0.30848	0.46076	0.67799	0.99377	1.39777	1.77418	2.07199	2.26920
3	1.10414	1.11193	1.12741	1.18024	1.23496	1.27203	1.27369	1.30994	1.28025	1.00952	0.73015	0.59411	0.56779	0.59914	0.67073	0.75400	0.89713	1.04232	1.19646	1.34259	1.48118
4	1.49639	1.55388	1.60452	1.73170	1.85217	1.94243	2.26533	2.76214	4.09323	6.08338	6.43304	3.39592	1.48917	0.87697	0.64442	0.59734	0.57295	0.60325	0.62605	0.68174	0.67061
5	1.51029	1.59679	1.71397	1.81341	1.98554	2.19677	2.44204	2.70979	2.87183	2.82890	2.50949	2.00745	1.51324	1.21696	1.06761	0.95719	0.86404	0.81962	0.77728	0.74645	0.72948
6	1.18451	1.22724	1.26784	1.30208	1.32846	1.39307	1.46336	1.57672	1.69616	1.93636	2.33418	2.66098	2.74561	2.69720	2.60318	2.47317	2.33052	2.19699	2.05637	1.95354	1.87048
7	1.10686	1.10743	1.11529	1.13504	1.16963	1.21104	1.27340	1.35466	1.45790	1.57575	1.63334	1.69654	1.75201	1.79362	1.82557	1.82999	1.82413	1.80347	1.77110	1.70860	1.65509
8	0.29493	0.28504	0.28034	0.27189	0.25646	0.24829	0.23836	0.22675	0.21711	0.20920	0.21665	0.23057	0.24802	0.24948	0.25620	0.26144	0.26062	0.25836	0.25582	0.25758	0.26201
9	0.88219	0.87592	0.84854	0.82435	0.78069	0.72694	0.63816	0.51301	0.39399	0.26334	0.21121	0.18481	0.18795	0.20582	0.20896	0.23461	0.26340	0.29455	0.34361	0.40895	0.46506
10	1.96882	2.03223	2.08272	2.13971	2.13644	2.12760	2.01912	1.78013	1.28183	0.58857	0.22280	0.16645	0.22581	0.28403	0.31338	0.33268	0.36725	0.38291	0.40009	0.43131	0.47673
11	0.86708	0.80243	0.71645	0.62063	0.52976	0.43034	0.32776	0.23882	0.12503	0.06587	0.04826	0.04330	0.04240	0.04917	0.05234	0.05775	0.06002	0.06726	0.07631	0.08354	0.09260
12	0.50617	0.44184	0.38023	0.32142	0.26077	0.19463	0.14502	0.08077	0.06332	0.06238	0.05410	0.05685	0.06145	0.06145	0.06054	0.06146	0.07157	0.07067	0.07528	0.07712	0.07806
