State (from\to) (Emission order)	1	2	3	4	5	6	7	8	9	10	11	12
1	0.85125995618929	0.05455506383705523	0.007765719829643605	0.05899762053856347	0.012852801557157404	0.009102153454916592	0.0	0.0025192240331408573	0.0	0.0029474605602328725	0.0	0.0
2	0.02698182759679255	0.9447406886946167	0.02196821666084803	0.0010321770481151293	0.0023470410383390383	0.0	0.0	0.0014857659641242802	0.0	0.0014442829971643618	0.0	0.0
3	0.01053265582736285	0.05824004559487332	0.7729980812992386	0.025436359419371807	0.009131689183038477	0.0488611535850191	0.0035831974784923566	0.003272554302290321	0.0032435668126134937	0.06294598204238627	0.0017044901383846012	5.022431692867584E-5
4	0.07290789746611129	0.0022165611899193074	0.026173832565372514	0.6035550629524326	0.12288377567643993	0.029381966113551036	0.0037016906449090716	0.001412114292100315	0.0058115615848012515	0.1280387194267058	0.003916818087656879	0.0
5	0.011839620986128976	0.0032666341756041467	0.007135539322929231	0.09025185156158164	0.8062221907365602	0.021228204547672578	0.0014032904637283586	0.004162319904873332	3.407260453060531E-4	0.05414962225561538	0.0	0.0
6	0.006760092792983108	0.0	0.03291039167194618	0.021799770076904618	0.020387686285983496	0.8881023410983536	0.0216702020900181	0.001573459674181	2.1111199174580106E-4	0.00658494431788418	0.0	0.0
7	0.0	0.0	0.0023438930248779097	0.002782710143516171	8.82495719899499E-4	0.02073316233926824	0.9325506325766244	0.004764351483854233	0.03565277731786945	2.899773940901237E-4	0.0	0.0
8	9.188504623504115E-4	0.0011628802745284165	0.0012010818262262835	3.710673787489098E-4	0.0017831250351346716	6.783797974442902E-4	0.0022895869593579786	0.9546655423989346	0.021215338391248856	0.004059207109182244	0.001016127702247749	0.01063881266459516
9	0.0	0.0	0.0018790011923268417	0.005105455720867331	6.623167705856584E-4	0.0	0.044760359073070986	0.05670259982639405	0.8834569363498962	0.0073078422039093436	1.2548886294975027E-4	0.0
10	0.0015031921405345555	0.0014655332939042995	0.024542711061127924	0.05165300188807614	0.029975920790840743	0.003833288702480403	1.9902705649581164E-4	0.005301162140715371	0.003345799627484309	0.840008659526027	0.031541593850051855	0.006630109922261606
11	0.0	0.0	0.0010199332438384475	0.001782083460720649	0.0	0.0	0.0	0.0019373332562801625	9.294946797714172E-5	0.03914712393322488	0.8976908481030663	0.058329728534892426
12	0.0	0.0	3.422270437957853E-4	2.3379131943614907E-4	0.0	0.0	0.0	0.030891169761467108	0.0	0.012422538622700841	0.11488432339603134	0.8412259498565687
