TF1	TF2	TF1_TF2_count	TF1_count	TF2_count	cosine	zscore
C1_E2FDP_1	C2_AP2EREBP_3-C3_AP2EREBP_24	1529	488	289	4.07144575585326	3.5362698745941334
C1_E2FDP_1	C3_AP2EREBP_22	1529	488	289	4.07144575585326	3.2513909996893666
C1_E2FDP_1	C3_Trihelix_21	1560	488	305	4.043568155625141	2.686888303518404
C1_E2FDP_1	C3_FAR1_4	1825	488	443	3.9251033341800587	-1.8879941853161792
C1_E2FDP_1	C3_ARF_7	1502	488	305	3.8932303652236935	2.285864054517457
C1_E2FDP_1	C3_Trihelix_28	1206	488	218	3.697508235684585	4.977807268804775
C1_E2FDP_1	C2_AP2EREBP_22	1132	488	196	3.6602308757189634	4.645225348413875
C2_AP2EREBP_3-C3_AP2EREBP_24	C3_FAR1_4	1203	289	443	3.3621326399360743	0.9876403017198785
C3_AP2EREBP_22	C3_FAR1_4	1203	289	443	3.3621326399360743	0.6497146515274717
C1_C3H_6	C1_E2FDP_1	1234	277	488	3.356335481990562	-0.27035514222523643
C3_FAR1_4	C3_Trihelix_21	1218	443	305	3.313565085723083	-0.3757207677330951
C1_E2FDP_1	C1_bZIP_2	1263	488	301	3.295415588624335	-1.2200404522112784
C3_ARF_7	C3_FAR1_4	1208	305	443	3.286360117860004	-0.21235300889309405
C1_E2FDP_1	C1_bHLH_19	1251	488	299	3.275003772008899	-1.354896492963667
C2_AP2EREBP_3-C3_AP2EREBP_24	C3_AP2EREBP_22	930	289	289	3.2179930795847755	3.474215662156714
C1_E2FDP_1	C1_TCP_21	1125	488	259	3.164409862491589	-0.7812021783751378
C2_AP2EREBP_3-C3_AP2EREBP_24	C3_Trihelix_21	939	289	305	3.162763740710131	2.767173612699155
C3_AP2EREBP_22	C3_Trihelix_21	939	289	305	3.162763740710131	2.4747187763550027
C2_AP2EREBP_3-C3_AP2EREBP_24	C3_ARF_7	924	289	305	3.112240358270672	2.5030312204092646
C3_AP2EREBP_22	C3_ARF_7	924	289	305	3.112240358270672	2.5843215492397498
C3_FAR1_4	C3_Trihelix_28	964	443	218	3.1020366455045	1.207190208680808
C1_E2FDP_1	C3_AP2EREBP_53	982	488	209	3.0748818551947257	0.6901558418437352
C3_ARF_7	C3_Trihelix_21	932	305	305	3.055737704918033	1.5851490026118054
C1_E2FDP_1	C3_AP2EREBP_86	833	488	160	2.9810900780215763	2.5273618918911174
C1_E2FDP_1	C3_NLP_9	833	488	160	2.9810900780215763	2.7954782143302537
C1_AP2EREBP_14-C3_AP2EREBP_64	C1_E2FDP_1	875	177	488	2.97722398334952	1.7029988798536306
C1_E2FDP_1	C3_C3H_1	874	488	177	2.9738214416542634	1.6143058403473898
C2_AP2EREBP_3-C3_AP2EREBP_24	C3_Trihelix_28	740	289	218	2.948183773495067	4.49411046705463
C3_AP2EREBP_22	C3_Trihelix_28	740	289	218	2.948183773495067	4.3403152659832145
C1_bHLH_19	C3_FAR1_4	1067	299	443	2.9317501912228296	-2.09243516936894
C1_AP2EREBP_27	C1_E2FDP_1	918	201	488	2.931127712125625	0.367511551258849
C1_E2FDP_1	C1_E2FDP_2	835	488	168	2.916231009060244	1.7441096074124023
C1_bZIP_2	C3_FAR1_4	1057	301	443	2.8946087887479903	-2.5361653962970987
C1_E2FDP_1	C1_TCP_20-C3_TCP_12	953	488	228	2.8570350356108833	-1.5382105554736811
C1_bHLH_19	C2_AP2EREBP_3-C3_AP2EREBP_24	837	299	289	2.8473505767984886	1.2281963508156721
C1_bHLH_19	C3_AP2EREBP_22	837	299	289	2.8473505767984886	0.7458464715779617
C1_E2FDP_1	C3_LOBAS2_13	800	488	162	2.8452639985087993	1.8010512131264067
C3_Trihelix_21	C3_Trihelix_28	733	305	218	2.8426658236257296	3.2617343448671705
C3_ARF_7	C3_Trihelix_28	729	305	218	2.8271533225418235	3.3350034955782526
C1_bHLH_19	C3_Trihelix_21	853	299	305	2.8246426824005924	0.3374097494956678
C1_E2FDP_1	C3_AP2EREBP_30	704	488	128	2.816811358523711	3.3997581571272657
C1_E2FDP_1	C3_Trihelix_7	704	488	128	2.816811358523711	2.7018642742331926
C1_bHLH_19	C3_ARF_7	848	299	305	2.808085574062957	0.32895118258523737
C1_bZIP_2	C2_AP2EREBP_3-C3_AP2EREBP_24	823	301	289	2.7904077280622666	0.696914439836635
C1_bZIP_2	C3_AP2EREBP_22	823	301	289	2.7904077280622666	0.4326513922549068
C1_bZIP_2	C3_ARF_7	837	301	305	2.7624364161793675	0.04758954425323636
C1_bZIP_2	C3_Trihelix_21	837	301	305	2.7624364161793675	-0.08521911540490382
C1_TCP_21	C3_FAR1_4	915	259	443	2.701278418823606	-2.3061927436067045
C1_bHLH_19	C3_Trihelix_28	687	299	218	2.690871110612053	2.747307392560855
C2_AP2EREBP_22	C2_AP2EREBP_3-C3_AP2EREBP_24	639	196	289	2.684873949579832	3.607512753327167
C2_AP2EREBP_22	C3_AP2EREBP_22	639	196	289	2.684873949579832	3.2251726552562516
C1_E2FDP_1	C1_E2FDP_1	1297	488	488	2.6577868852459017	2.879694602360698
C2_AP2EREBP_22	C3_FAR1_4	777	196	443	2.6368845767079687	-0.17400670070299654
C1_C3H_6	C3_FAR1_4	920	277	443	2.626310558739801	-3.680925795182057
C1_C3H_6	C3_Trihelix_21	762	277	305	2.621592386587899	-0.09167624032677105
C1_TCP_20-C3_TCP_12	C3_FAR1_4	833	228	443	2.6210524685570475	-1.545818146667477
C2_AP2EREBP_22	C3_Trihelix_21	637	196	305	2.6053224211281005	2.8569762029886845
C1_bZIP_2	C3_Trihelix_28	666	301	218	2.5999364613107137	1.7478086578133025
C1_C3H_6	C2_AP2EREBP_3-C3_AP2EREBP_24	734	277	289	2.5942226929680263	0.1617149993293985
C1_C3H_6	C3_AP2EREBP_22	734	277	289	2.5942226929680263	0.01331661721083076
C1_TCP_21	C2_AP2EREBP_3-C3_AP2EREBP_24	705	259	289	2.5768569707696822	0.5426421333702067
C1_TCP_21	C3_AP2EREBP_22	705	259	289	2.5768569707696822	0.30917748366410125
C1_C3H_6	C3_ARF_7	747	277	305	2.569986237245618	-0.49631216062538913
C3_AP2EREBP_53	C3_FAR1_4	779	209	443	2.560132550949692	-1.2563110406988232
C1_TCP_20-C3_TCP_12	C2_AP2EREBP_3-C3_AP2EREBP_24	654	228	289	2.5477769456486428	1.7336047948579998
C1_TCP_20-C3_TCP_12	C3_AP2EREBP_22	654	228	289	2.5477769456486428	1.3055837105660981
C1_AP2EREBP_14-C3_AP2EREBP_64	C3_FAR1_4	710	177	443	2.535536416311658	-0.21485152484509507
C3_C3H_1	C3_FAR1_4	710	177	443	2.535536416311658	-0.2504005416783437
C1_TCP_21	C3_Trihelix_21	711	259	305	2.529704533267578	-0.5221337809357636
C2_AP2EREBP_22	C3_ARF_7	613	196	305	2.5071627066742947	2.4770916020586604
C1_AP2EREBP_27	C3_FAR1_4	745	201	443	2.4966426250469556	-1.3709824909130135
C1_E2FDP_2	C3_FAR1_4	677	168	443	2.48160219559146	-0.15497148718886802
C1_AP2EREBP_14-C3_AP2EREBP_64	C2_AP2EREBP_3-C3_AP2EREBP_24	558	177	289	2.467167550738697	2.425574473841225
C1_AP2EREBP_14-C3_AP2EREBP_64	C3_AP2EREBP_22	558	177	289	2.467167550738697	2.4695495412253043
C2_AP2EREBP_3-C3_AP2EREBP_24	C3_C3H_1	558	289	177	2.467167550738697	2.843697215190544
C3_AP2EREBP_22	C3_C3H_1	558	289	177	2.467167550738697	2.463783159034702
C1_bHLH_19	C1_bZIP_2	740	299	301	2.466680370484569	-1.8608736759120037
C1_AP2EREBP_14-C3_AP2EREBP_64	C3_Trihelix_21	573	177	305	2.466141940588755	2.1992198754862486
C1_TCP_20-C3_TCP_12	C3_Trihelix_21	650	228	305	2.464881319550864	0.5201072071014664
C1_TCP_21	C3_ARF_7	692	259	305	2.4621034275965736	-0.7071722358549447
C3_C3H_1	C3_Trihelix_21	572	177	305	2.4618380279524743	2.1338309382666747
C1_TCP_20-C3_TCP_12	C3_ARF_7	645	228	305	2.4459206940158573	0.40246499173349026
C1_AP2EREBP_27	C2_AP2EREBP_3-C3_AP2EREBP_24	588	201	289	2.439666012499152	1.596526719544656
C1_AP2EREBP_27	C3_AP2EREBP_22	588	201	289	2.439666012499152	1.949339500875967
C1_TCP_21	C3_Trihelix_28	578	259	218	2.4324824163725274	1.8134293233285432
C1_AP2EREBP_14-C3_AP2EREBP_64	C3_ARF_7	564	177	305	2.42740672686223	2.245158891891988
C3_ARF_7	C3_C3H_1	564	305	177	2.42740672686223	1.9298191519705434
C1_E2FDP_2	C2_AP2EREBP_3-C3_AP2EREBP_24	534	168	289	2.423470261169326	3.110920942896464
C1_E2FDP_2	C3_AP2EREBP_22	534	168	289	2.423470261169326	2.640707348929589
C1_AP2EREBP_27	C3_Trihelix_21	600	201	305	2.423278348537337	0.9679634505748379
C1_E2FDP_2	C3_Trihelix_21	548	168	305	2.4208952479852175	2.368352258787112
C1_TCP_20-C3_TCP_12	C3_Trihelix_28	539	228	218	2.417648140941463	2.838920257756252
C2_AP2EREBP_3-C3_AP2EREBP_24	C3_AP2EREBP_53	594	289	209	2.4169317149202847	1.306820668141917
C3_AP2EREBP_22	C3_AP2EREBP_53	594	289	209	2.4169317149202847	0.95297749898675
C1_E2FDP_2	C3_ARF_7	545	168	305	2.4076421718101164	2.434049855156436
C1_AP2EREBP_27	C3_ARF_7	594	201	305	2.399045565051964	0.91961386887614
C1_TCP_21	C1_bHLH_19	665	259	299	2.3896603027732364	-1.1060130776667774
C3_AP2EREBP_86	C3_FAR1_4	636	160	443	2.3888850974940894	-0.16821353451994736
C3_FAR1_4	C3_NLP_9	636	443	160	2.3888850974940894	0.04247953076173778
C3_AP2EREBP_53	C3_Trihelix_21	600	209	305	2.3764472989831478	0.6974280228867789
C1_TCP_21	C1_bZIP_2	659	259	301	2.360218905440073	-1.353972180770363
C3_FAR1_4	C3_LOBAS2_13	632	443	162	2.3591616939550337	-0.5222300066566087
C3_AP2EREBP_30	C3_FAR1_4	557	128	443	2.339097621004072	1.6564135406687055
C3_FAR1_4	C3_Trihelix_7	557	443	128	2.339097621004072	0.6786826814252834
C3_LOBAS2_13	C3_Trihelix_21	518	162	305	2.330356327959325	2.0282725563455446
C1_C3H_6	C2_AP2EREBP_22	542	277	196	2.3261159880310815	1.2126457270608608
C2_AP2EREBP_3-C3_AP2EREBP_24	C3_LOBAS2_13	503	289	162	2.3246713133126367	2.3568139620973185
C3_AP2EREBP_22	C3_LOBAS2_13	503	289	162	2.3246713133126367	2.5846727005485186
C1_C3H_6	C3_Trihelix_28	569	277	218	2.315496533003166	0.3523604699670047
C3_AP2EREBP_53	C3_ARF_7	584	209	305	2.3130753710102643	0.030141814075757205
C1_C3H_6	C1_bZIP_2	666	277	301	2.306487455111034	-1.94175782009669
C3_ARF_7	C3_LOBAS2_13	512	305	162	2.3033637836200276	1.8755220706977866
C2_AP2EREBP_22	C3_Trihelix_28	476	196	218	2.3027705690272278	2.6073626325116352
C2_AP2EREBP_3-C3_AP2EREBP_24	C3_AP2EREBP_86	493	289	160	2.292651303622075	2.3582957902113595
C2_AP2EREBP_3-C3_AP2EREBP_24	C3_NLP_9	493	289	160	2.292651303622075	2.526193510339126
C3_AP2EREBP_22	C3_AP2EREBP_86	493	289	160	2.292651303622075	1.9976303201816497
C3_AP2EREBP_22	C3_NLP_9	493	289	160	2.292651303622075	2.59456543087506
C1_AP2EREBP_14-C3_AP2EREBP_64	C1_bZIP_2	529	177	301	2.291847894964819	1.1561790300544412
C1_bZIP_2	C3_C3H_1	529	301	177	2.291847894964819	1.0879081215912454
C3_AP2EREBP_86	C3_Trihelix_21	506	160	305	2.290554374875719	2.6050422293291833
C3_NLP_9	C3_Trihelix_21	506	160	305	2.290554374875719	1.747402200719381
C1_AP2EREBP_14-C3_AP2EREBP_64	C1_bHLH_19	524	177	299	2.2777657569070695	1.0245570768796919
C1_bHLH_19	C3_C3H_1	524	299	177	2.2777657569070695	1.0733026561113344
C1_C3H_6	C1_bHLH_19	653	277	299	2.269016753653813	-2.0315343288814445
C2_AP2EREBP_3-C3_AP2EREBP_24	C3_AP2EREBP_30	433	289	128	2.2513032077483466	3.387780520628119
C2_AP2EREBP_3-C3_AP2EREBP_24	C3_Trihelix_7	433	289	128	2.2513032077483466	3.0193669846467883
C3_AP2EREBP_22	C3_AP2EREBP_30	433	289	128	2.2513032077483466	3.7340976606980525
C3_AP2EREBP_22	C3_Trihelix_7	433	289	128	2.2513032077483466	3.371062105521656
C1_AP2EREBP_27	C1_bZIP_2	552	201	301	2.244180586911247	-0.06902725250497914
C3_AP2EREBP_86	C3_ARF_7	495	160	305	2.240759714552334	1.797713247002105
C3_ARF_7	C3_NLP_9	495	305	160	2.240759714552334	1.5546923894936322
C1_E2FDP_2	C1_bZIP_2	502	168	301	2.2323682056791037	1.3482239523714068
C1_AP2EREBP_27	C1_bHLH_19	546	201	299	2.227198984089813	-0.26266547276216023
C3_AP2EREBP_30	C3_Trihelix_21	440	128	305	2.2268849079920194	3.6067626953888556
C3_Trihelix_21	C3_Trihelix_7	440	305	128	2.2268849079920194	2.434386584056024
C1_E2FDP_2	C1_bHLH_19	496	168	299	2.2130510971201556	1.2121664289913303
C1_C3H_6	C1_TCP_21	590	277	259	2.202734962299181	-1.6181670859099264
C1_TCP_20-C3_TCP_12	C1_bHLH_19	575	228	299	2.202240914894069	-1.160356204650922
C3_AP2EREBP_30	C3_ARF_7	435	128	305	2.201579397673928	2.942233382678262
C3_ARF_7	C3_Trihelix_7	435	305	128	2.201579397673928	2.7075821650493586
C1_AP2EREBP_14-C3_AP2EREBP_64	C3_Trihelix_28	429	177	218	2.1839485965916903	2.8160762931375176
C3_C3H_1	C3_Trihelix_28	429	177	218	2.1839485965916903	2.515421161310112
C3_AP2EREBP_53	C3_Trihelix_28	462	209	218	2.1644152524038085	1.8475432935916611
C1_AP2EREBP_27	C3_Trihelix_28	453	201	218	2.1640730991522905	2.0170088609873074
C1_TCP_20-C3_TCP_12	C1_TCP_21	524	228	259	2.1563238252187737	-0.7446069605283423
C1_TCP_20-C3_TCP_12	C1_bZIP_2	561	228	301	2.141470962736945	-1.580239821178915
C1_AP2EREBP_27	C2_AP2EREBP_22	424	201	196	2.136189579457469	2.522330835683176
C1_E2FDP_2	C3_Trihelix_28	408	168	218	2.131951277970083	2.4712342369967644
C1_AP2EREBP_14-C3_AP2EREBP_64	C2_AP2EREBP_22	396	177	196	2.1260844792080014	3.4446831150012147
C2_AP2EREBP_22	C3_C3H_1	396	196	177	2.1260844792080014	2.9650230711755436
C1_AP2EREBP_14-C3_AP2EREBP_64	C1_TCP_20-C3_TCP_12	426	177	228	2.1205843033677207	2.010700194390166
C1_bHLH_19	C3_AP2EREBP_53	529	299	209	2.1161523684559906	-1.1769785872301117
C1_TCP_20-C3_TCP_12	C3_C3H_1	425	228	177	2.1156064059419752	2.0307355568778633
C1_E2FDP_2	C2_AP2EREBP_22	382	168	196	2.1051385601971115	3.6404383217905325
C2_AP2EREBP_22	C3_AP2EREBP_86	372	196	160	2.100655874254709	3.9647094467776034
C2_AP2EREBP_22	C3_NLP_9	372	196	160	2.100655874254709	4.126291258900572
C1_C2H2_21	C1_E2FDP_1	374	66	488	2.083961653885068	2.7064576977440726
C1_bHLH_19	C3_AP2EREBP_86	455	299	160	2.0802513435097003	0.7100205216091884
C1_bHLH_19	C3_NLP_9	455	299	160	2.0802513435097003	0.5970994992482945
C1_bZIP_2	C3_AP2EREBP_86	456	301	160	2.0778854572429943	0.5673827852496738
C1_bZIP_2	C3_NLP_9	456	301	160	2.0778854572429943	0.6973615850472417
C1_bHLH_19	C2_AP2EREBP_22	502	299	196	2.0736721131932327	-0.8518199449823242
C1_bZIP_2	C3_AP2EREBP_30	407	301	128	2.073510202482897	2.2915236856413266
C1_bZIP_2	C3_Trihelix_7	407	301	128	2.073510202482897	1.8994657771149122
C1_bZIP_2	C3_LOBAS2_13	457	301	162	2.0695477205234702	0.4153945158267735
C1_C3H_6	C3_AP2EREBP_53	496	277	209	2.0614302698781737	-0.8030365449775122
C1_bHLH_19	C3_AP2EREBP_30	403	299	128	2.05998694065088	2.4436004267903364
C1_bHLH_19	C3_Trihelix_7	403	299	128	2.05998694065088	1.5639792782043616
C1_bHLH_19	C3_LOBAS2_13	453	299	162	2.058283063942319	0.3108675958859241
C1_AP2EREBP_27	C1_TCP_20-C3_TCP_12	439	201	228	2.0506855350055115	0.7763130980956656
C3_LOBAS2_13	C3_Trihelix_28	383	162	218	2.0380414846650052	2.7579840456688904
C1_bZIP_2	C3_AP2EREBP_53	511	301	209	2.0373446785627194	-1.5866000700367144
C2_AP2EREBP_22	C3_LOBAS2_13	363	196	162	2.0371409648469583	2.861984068948859
C3_AP2EREBP_30	C3_Trihelix_28	339	128	218	2.0293944418123147	3.816738062669767
C3_Trihelix_28	C3_Trihelix_7	339	218	128	2.0293944418123147	3.3239226176774808
C1_bZIP_2	C2_AP2EREBP_22	489	301	196	2.013249387552649	-1.277282164830303
C1_AP2EREBP_14-C3_AP2EREBP_64	C1_TCP_21	431	177	259	2.01298600226951	0.32730162648617445
C1_TCP_21	C3_C3H_1	431	259	177	2.01298600226951	0.13332139104142277
C1_E2FDP_2	C1_TCP_20-C3_TCP_12	393	168	228	2.0080313368132634	1.5985169400400328
C3_AP2EREBP_86	C3_Trihelix_28	375	160	218	2.0079043916161843	2.2692996429760153
C3_NLP_9	C3_Trihelix_28	375	160	218	2.0079043916161843	1.8399392196649507
C1_AP2EREBP_14-C3_AP2EREBP_64	C3_AP2EREBP_53	386	177	209	2.0069082970093794	1.5490940207343173
C3_AP2EREBP_53	C3_C3H_1	386	209	177	2.0069082970093794	1.8262622840893108
C1_TCP_20-C3_TCP_12	C3_AP2EREBP_86	383	228	160	2.005263085946492	2.030756099084261
C1_TCP_20-C3_TCP_12	C3_NLP_9	383	228	160	2.005263085946492	2.2238388403874945
C1_C3H_6	C1_TCP_20-C3_TCP_12	503	277	228	2.0015234238483997	-2.08980924198733
C2_AP2EREBP_22	C3_AP2EREBP_30	313	196	128	1.9761109152802625	4.714449177443258
C2_AP2EREBP_22	C3_Trihelix_7	313	196	128	1.9761109152802625	3.4701451373744905
C1_AP2EREBP_27	C3_AP2EREBP_53	405	201	209	1.9759859462813618	0.6941875173517714
C1_TCP_20-C3_TCP_12	C3_AP2EREBP_30	335	228	128	1.9609765429991717	3.19451772976577
C1_TCP_20-C3_TCP_12	C3_Trihelix_7	335	228	128	1.9609765429991717	2.9589933691568513
C1_E2FDP_2	C3_AP2EREBP_53	367	168	209	1.9585663124989372	1.8367377459301313
C1_AP2EREBP_27	C1_TCP_21	443	201	259	1.9415823504228107	-1.1244719502259601
C1_TCP_21	C2_AP2EREBP_22	437	259	196	1.9395613410180317	-0.7530645324187493
C2_AP2EREBP_22	C3_AP2EREBP_53	391	196	209	1.9318596812259659	0.5930773654386006
C1_TCP_21	C3_AP2EREBP_86	390	259	160	1.915820136486407	0.33092518017054945
C1_TCP_21	C3_NLP_9	390	259	160	1.915820136486407	0.5747869422453992
C1_E2FDP_2	C1_TCP_21	398	168	259	1.908000785537012	-0.06596242926527843
C1_C3H_6	C1_E2FDP_2	410	277	168	1.900593901189606	-0.5316769017535291
C3_AP2EREBP_53	C3_AP2EREBP_86	347	209	160	1.8975635977894132	1.6258610512297862
C3_AP2EREBP_53	C3_NLP_9	347	209	160	1.8975635977894132	1.9969980609817386
C3_AP2EREBP_53	C3_LOBAS2_13	348	209	162	1.8912484871054713	1.6038190532715904
C1_TCP_21	C3_AP2EREBP_30	342	259	128	1.8783271638250179	1.4742677323114184
C1_TCP_21	C3_Trihelix_7	342	259	128	1.8783271638250179	1.4690847086982273
C1_AP2EREBP_27	C1_C3H_6	443	201	277	1.877438903888086	-1.7343691036351068
C1_C3H_6	C3_C3H_1	415	277	177	1.8742243631512763	-0.9702823903282619
C1_AP2EREBP_14-C3_AP2EREBP_64	C1_C3H_6	414	177	277	1.8697081598665743	-1.0394763868934083
C1_TCP_21	C3_AP2EREBP_53	433	259	209	1.8610792682106292	-1.9077753723004882
C1_TCP_20-C3_TCP_12	C3_LOBAS2_13	357	228	162	1.8575618596370265	0.8546420693748095
C1_C3H_6	C3_LOBAS2_13	391	277	162	1.845777576298624	-0.50700639478854
C3_AP2EREBP_30	C3_AP2EREBP_53	298	128	209	1.821957055465831	2.698062120717724
C3_AP2EREBP_53	C3_Trihelix_7	298	209	128	1.821957055465831	2.48731347138729
C1_TCP_20-C3_TCP_12	C3_AP2EREBP_53	393	228	209	1.8003294418576117	-1.46268039253349
C1_TCP_20-C3_TCP_12	C2_AP2EREBP_22	380	228	196	1.7975796274454168	-0.8680007806846655
C1_TCP_21	C3_LOBAS2_13	358	259	162	1.7477352167624591	-1.0002870840928424
C1_C3H_6	C3_AP2EREBP_86	366	277	160	1.7385260780867584	-1.6433371528594491
C1_C3H_6	C3_NLP_9	366	277	160	1.7385260780867584	-1.3101391559129796
C3_FAR1_4	C3_FAR1_4	759	443	443	1.7133182844243793	-2.407955791073973
C1_C3H_6	C3_AP2EREBP_30	317	277	128	1.683504931323521	-0.09018775699225284
C1_C3H_6	C3_Trihelix_7	317	277	128	1.683504931323521	-0.13539939510210952
C1_AP2EREBP_14-C3_AP2EREBP_64	C1_AP2EREBP_27	314	177	201	1.664734523862079	-0.5454527444596283
C1_AP2EREBP_27	C3_C3H_1	314	201	177	1.664734523862079	-0.6059281572006953
C1_AP2EREBP_14-C3_AP2EREBP_64	C3_C3H_1	294	177	177	1.6610169491525424	0.0069497918956744256
C1_AP2EREBP_14-C3_AP2EREBP_64	C1_E2FDP_2	286	177	168	1.658535451523477	0.35057656782098395
C1_E2FDP_2	C3_C3H_1	286	168	177	1.658535451523477	0.4282243053815654
C1_E2FDP_1	C3_NLP_1	428	488	137	1.6552880296704486	-4.920888154007223
C1_E2FDP_2	C3_LOBAS2_13	272	168	162	1.6487573928941648	1.0990147750178976
C1_AP2EREBP_27	C1_E2FDP_2	302	201	168	1.6434415902616537	-0.23723158049526208
C1_AP2EREBP_27	C3_LOBAS2_13	296	201	162	1.640348686043663	-0.007767663019071181
C1_AP2EREBP_14-C3_AP2EREBP_64	C3_LOBAS2_13	274	177	162	1.618103966067212	0.595469609617076
C3_C3H_1	C3_LOBAS2_13	274	177	162	1.618103966067212	0.5819364646528223
C2_AP2EREBP_3-C3_AP2EREBP_24	C2_AP2EREBP_3-C3_AP2EREBP_24	465	289	289	1.6089965397923878	2.584537264956841
C3_AP2EREBP_22	C3_AP2EREBP_22	465	289	289	1.6089965397923878	2.5153147865462038
C3_AP2EREBP_86	C3_NLP_9	250	160	160	1.5625	0.9827972072280164
C1_AP2EREBP_14-C3_AP2EREBP_64	C3_AP2EREBP_86	262	177	160	1.5568783049735053	0.005399789844269017
C1_AP2EREBP_14-C3_AP2EREBP_64	C3_NLP_9	262	177	160	1.5568783049735053	0.34328281215706485
C3_AP2EREBP_86	C3_C3H_1	262	160	177	1.5568783049735053	0.1383067078029771
C3_C3H_1	C3_NLP_9	262	177	160	1.5568783049735053	0.12624389910671135
C1_AP2EREBP_27	C3_AP2EREBP_86	277	201	160	1.5446203384811916	-0.6212015351796679
C1_AP2EREBP_27	C3_NLP_9	277	201	160	1.5446203384811916	-0.7286525084963618
C1_AP2EREBP_14-C3_AP2EREBP_64	C3_AP2EREBP_30	232	177	128	1.5413326100129283	1.8343889232487476
C1_AP2EREBP_14-C3_AP2EREBP_64	C3_Trihelix_7	232	177	128	1.5413326100129283	1.1289592279203529
C3_AP2EREBP_30	C3_C3H_1	232	128	177	1.5413326100129283	1.4452038926978754
C3_C3H_1	C3_Trihelix_7	232	177	128	1.5413326100129283	0.9683815546509681
C3_Trihelix_21	C3_Trihelix_21	470	305	305	1.540983606557377	1.3821680371176073
C1_E2FDP_2	C3_AP2EREBP_86	249	168	160	1.5187444885261545	0.0791863415395041
C1_E2FDP_2	C3_NLP_9	249	168	160	1.5187444885261545	0.17994204596012667
C1_AP2EREBP_27	C3_AP2EREBP_30	243	201	128	1.5149673042134675	0.4924067015048645
C1_AP2EREBP_27	C3_Trihelix_7	243	201	128	1.5149673042134675	0.3489046764532505
C1_E2FDP_2	C3_AP2EREBP_30	222	168	128	1.5138866135121973	1.266304309452155
C1_E2FDP_2	C3_Trihelix_7	222	168	128	1.5138866135121973	1.0978695004382586
C3_ARF_7	C3_ARF_7	459	305	305	1.5049180327868852	1.0704618930676089
C3_AP2EREBP_86	C3_LOBAS2_13	237	160	162	1.4720780851873614	0.22967925705290532
C3_LOBAS2_13	C3_NLP_9	237	162	160	1.4720780851873614	-0.030270630894792584
C3_AP2EREBP_30	C3_AP2EREBP_86	210	128	160	1.467419610234237	1.6386050826867684
C3_AP2EREBP_30	C3_NLP_9	210	128	160	1.467419610234237	1.5866054715188727
C3_AP2EREBP_86	C3_Trihelix_7	210	160	128	1.467419610234237	1.2123191728947187
C3_NLP_9	C3_Trihelix_7	210	160	128	1.467419610234237	1.2382259405089175
C3_AP2EREBP_30	C3_LOBAS2_13	209	128	162	1.4513888888888888	1.2303541941245544
C3_LOBAS2_13	C3_Trihelix_7	209	162	128	1.4513888888888888	1.0868168823056326
C3_AP2EREBP_30	C3_Trihelix_7	184	128	128	1.4375	1.802698685767344
C3_FAR1_4	C3_NLP_1	347	443	137	1.4085339786074025	-5.383070736305307
C3_NLP_1	C3_Trihelix_21	285	137	305	1.3942307493932087	-3.0768527535974175
C2_AP2EREBP_3-C3_AP2EREBP_24	C3_NLP_1	274	289	137	1.3770235189081912	-2.7775442325999165
C3_AP2EREBP_22	C3_NLP_1	274	289	137	1.3770235189081912	-2.8097039241230273
C3_ARF_7	C3_NLP_1	279	305	137	1.3648785230901939	-3.221120775547922
C3_Trihelix_28	C3_Trihelix_28	294	218	218	1.348623853211009	3.420635989670701
C1_C2H2_21	C3_FAR1_4	227	66	443	1.327553482483561	-1.2551746214987063
C1_bHLH_19	C3_NLP_1	260	299	137	1.2846282558129927	-4.233484877220024
C1_bHLH_19	C1_bHLH_19	380	299	299	1.2709030100334449	-0.9076172485968713
C1_bZIP_2	C3_NLP_1	257	301	137	1.2655799677044515	-3.2816803383790942
C1_TCP_21	C1_TCP_21	324	259	259	1.250965250965251	0.5359625401129572
C1_C2H2_21	C1_C3H_6	168	66	277	1.2425029525658626	0.19125283893039854
C1_C2H2_21	C2_AP2EREBP_22	141	66	196	1.2397071591489939	1.4299111497045967
C1_C2H2_21	C2_AP2EREBP_3-C3_AP2EREBP_24	170	66	289	1.2309149097933274	-0.20145517519810527
C1_C2H2_21	C3_AP2EREBP_22	170	66	289	1.2309149097933274	-0.1821128847760003
C1_TCP_20-C3_TCP_12	C3_NLP_1	215	228	137	1.2164961893135626	-2.9313011892303944
C1_C2H2_21	C1_bHLH_19	170	66	299	1.2101560029327099	-0.371461849149942
C2_AP2EREBP_22	C3_NLP_1	198	196	137	1.208305830199419	-2.1541800775624074
C1_bZIP_2	C1_bZIP_2	357	301	301	1.186046511627907	-1.4913286417922442
C1_C2H2_21	C3_ARF_7	168	66	305	1.1840973094100042	-0.7583747506781764
C1_TCP_21	C3_NLP_1	223	259	137	1.1838445998206575	-4.118569388178914
C1_C2H2_21	C1_TCP_21	154	66	259	1.1778740965771288	-0.031021893671704513
C1_C2H2_21	C3_Trihelix_21	167	66	305	1.1770491111397068	-0.6770096166974662
C1_C2H2_21	C1_bZIP_2	164	66	301	1.1635595967832006	-0.8289987829858396
C3_AP2EREBP_53	C3_NLP_1	195	209	137	1.152394520856978	-2.7118720497236892
C1_E2FDP_1	C3_NLP_15	229	488	81	1.1518158802075968	-4.664342799486564
C3_NLP_1	C3_Trihelix_28	199	137	218	1.1515016007441934	-3.741755367112527
C1_C3H_6	C3_NLP_1	223	277	137	1.1447342974544032	-3.9299284617562074
C1_C3H_6	C1_C3H_6	308	277	277	1.111913357400722	-1.3792168289016808
C2_AP2EREBP_22	C2_AP2EREBP_22	217	196	196	1.1071428571428572	2.042897870314499
C3_NLP_15	C3_Trihelix_21	172	81	305	1.0942990389109482	-2.4178460358414156
C3_ARF_7	C3_NLP_15	171	305	81	1.0879368351963496	-2.4453466865467153
C2_AP2EREBP_3-C3_AP2EREBP_24	C3_NLP_15	166	289	81	1.0849673202614378	-2.3447341726829105
C3_AP2EREBP_22	C3_NLP_15	166	289	81	1.0849673202614378	-2.8096375704357697
C1_C2H2_21	C3_Trihelix_28	130	66	218	1.083785004536336	0.015215840001968748
C3_FAR1_4	C3_NLP_15	205	443	81	1.0822048813315988	-5.27365591685679
C1_C2H2_21	C1_TCP_20-C3_TCP_12	129	66	228	1.0515993742957146	-0.47044906141159076
C1_C2H2_21	C3_AP2EREBP_53	121	66	209	1.0302443927398632	-0.21451762683338804
C1_bHLH_19	C3_NLP_15	157	299	81	1.0088382702077745	-3.465368298642336
C1_AP2EREBP_27	C1_C2H2_21	116	201	66	1.0071357047365384	-0.29654442276571796
C1_bZIP_2	C3_NLP_15	156	301	81	0.9990767240206739	-3.0903806142474344
C1_C2H2_21	C1_E2FDP_2	105	66	168	0.9971550440218321	0.14694121341494804
C1_TCP_20-C3_TCP_12	C1_TCP_20-C3_TCP_12	224	228	228	0.9824561403508771	-0.5321269583792148
C1_C3H_6	C3_NLP_15	144	277	81	0.9613468290017755	-3.674224931312749
C1_E2FDP_2	C3_NLP_1	140	168	137	0.9228117405602374	-3.5874135671199157
C1_AP2EREBP_27	C3_NLP_1	153	201	137	0.9220046652159796	-4.481378388275586
C3_AP2EREBP_53	C3_NLP_15	119	209	81	0.9146002355562542	-2.6743817754379613
C1_E2FDP_1	C3_C2C2gata_46	88	488	19	0.9138942832739807	-0.014094036970371093
C1_AP2EREBP_14-C3_AP2EREBP_64	C1_C2H2_21	98	177	66	0.9067080567005026	-0.5630689206762025
C1_C2H2_21	C3_C3H_1	98	66	177	0.9067080567005026	-0.5240115058635336
C3_LOBAS2_13	C3_NLP_1	135	162	137	0.9061831399952655	-3.977749571778616
C1_AP2EREBP_14-C3_AP2EREBP_64	C3_NLP_1	141	177	137	0.9054661012824113	-4.001412678653916
C3_C3H_1	C3_NLP_1	141	177	137	0.9054661012824113	-4.000013894862647
C1_TCP_20-C3_TCP_12	C3_NLP_15	121	228	81	0.8903800844715016	-2.8248301976655923
C1_C2H2_21	C3_LOBAS2_13	91	66	162	0.8800592606649169	-0.47780686828854607
C3_NLP_15	C3_Trihelix_28	116	81	218	0.8729457059057464	-2.9962954476258243
C3_AP2EREBP_53	C3_AP2EREBP_53	179	209	209	0.8564593301435406	-0.9564868896928054
C1_TCP_21	C3_NLP_15	124	259	81	0.8561094553794311	-3.715922263268321
C2_AP2EREBP_22	C3_NLP_15	107	196	81	0.8492063492063492	-2.388502258908025
C3_AP2EREBP_86	C3_NLP_1	125	160	137	0.8442862921223425	-4.5840544588113765
C3_NLP_1	C3_NLP_9	125	137	160	0.8442862921223425	-3.8347772819786283
C1_E2FDP_2	C1_E2FDP_2	140	168	168	0.8333333333333333	0.5833003980973868
C1_AP2EREBP_14-C3_AP2EREBP_64	C1_AP2EREBP_14-C3_AP2EREBP_64	147	177	177	0.8305084745762712	0.29977534115800397
C3_C3H_1	C3_C3H_1	147	177	177	0.8305084745762712	0.10622724189064929
C1_AP2EREBP_27	C1_AP2EREBP_27	164	201	201	0.8159203980099502	-1.0175357129718094
C3_LOBAS2_13	C3_LOBAS2_13	132	162	162	0.8148148148148149	1.0777466982128665
C3_AP2EREBP_30	C3_NLP_1	107	128	137	0.8080132998291117	-3.0794247523880367
C3_NLP_1	C3_Trihelix_7	107	137	128	0.8080132998291117	-3.133113094551643
C3_AP2EREBP_86	C3_AP2EREBP_86	125	160	160	0.78125	0.6401794061827608
C3_NLP_9	C3_NLP_9	125	160	160	0.78125	0.6015235759969502
C3_LOBAS2_13	C3_NLP_15	89	162	81	0.776944487970404	-2.491332837825193
C1_E2FDP_2	C3_NLP_15	88	168	81	0.7543719331480049	-2.433568963911466
C3_AP2EREBP_30	C3_AP2EREBP_30	92	128	128	0.71875	1.951534212583466
C3_Trihelix_7	C3_Trihelix_7	92	128	128	0.71875	1.3423376538577263
C1_AP2EREBP_27	C3_NLP_15	91	201	81	0.7131827893681383	-4.130961409978977
C1_AP2EREBP_14-C3_AP2EREBP_64	C3_NLP_15	84	177	81	0.7015362928026403	-4.1111570876835835
C3_C3H_1	C3_NLP_15	84	177	81	0.7015362928026403	-3.5730948519456995
C1_C2H2_21	C3_AP2EREBP_86	72	66	160	0.7006490497453707	-1.6532746672938459
C1_C2H2_21	C3_NLP_9	72	66	160	0.7006490497453707	-1.65479963558952
C2_AP2EREBP_3-C3_AP2EREBP_24	C3_C2C2gata_46	50	289	19	0.6747521584428288	-0.0024996172754052034
C3_AP2EREBP_22	C3_C2C2gata_46	50	289	19	0.6747521584428288	-0.2979956920186437
C2_AP2EREBP_22	C3_C2C2gata_46	40	196	19	0.6554735253444622	0.7461256068984498
C1_C2H2_21	C3_AP2EREBP_30	60	66	128	0.6527912098338668	-1.5650467136931319
C1_C2H2_21	C3_Trihelix_7	60	66	128	0.6527912098338668	-1.372534408007226
C3_C2C2gata_46	C3_Trihelix_21	49	19	305	0.6436790286904189	-0.7208638480276528
C3_ARF_7	C3_C2C2gata_46	46	305	19	0.6042701085665158	-0.9381116867337759
C3_C2C2gata_46	C3_Trihelix_28	38	19	218	0.5904437765029021	-0.1817903617305245
C1_C2H2_21	C3_NLP_1	56	66	137	0.5889192843406125	-2.2644310029798302
C1_C2H2_21	C3_NLP_15	41	66	81	0.5607501255725158	-0.9765394167413871
C3_AP2EREBP_53	C3_C2C2gata_46	35	209	19	0.5554156347485119	-0.29225981523414646
C3_AP2EREBP_30	C3_NLP_15	56	128	81	0.5499719409228703	-4.010439848334282
C3_NLP_15	C3_Trihelix_7	56	81	128	0.5499719409228703	-3.6559925054549924
C3_C2C2gata_46	C3_FAR1_4	49	19	443	0.5340936523346628	-2.331854251060565
C3_AP2EREBP_86	C3_NLP_15	60	160	81	0.5270462766947299	-3.9767203431828473
C3_NLP_15	C3_NLP_9	60	81	160	0.5270462766947299	-4.894572471511772
C3_NLP_1	C3_NLP_15	52	137	81	0.4936288689030174	-3.641132507557631
C1_C3H_6	C3_C2C2gata_46	33	277	19	0.4548804320766333	-1.8101207072890428
C1_C2H2_21	C1_C2H2_21	29	66	66	0.43939393939393934	2.0130151045556373
C1_C2H2_21	C3_C2C2gata_46	15	66	19	0.42358687104367876	0.7333082597549535
C1_bZIP_2	C3_C2C2gata_46	32	301	19	0.42314569815544545	-2.159670346752429
C1_AP2EREBP_27	C3_C2C2gata_46	25	201	19	0.40454345523645924	-1.49468694655073
C1_bHLH_19	C3_C2C2gata_46	30	299	19	0.39802363357601694	-2.1524914599303338
C1_AP2EREBP_14-C3_AP2EREBP_64	C3_C2C2gata_46	23	177	19	0.3966106777878721	-0.9055089466573883
C3_C2C2gata_46	C3_C3H_1	23	19	177	0.3966106777878721	-1.2598187311178246
C1_TCP_20-C3_TCP_12	C3_C2C2gata_46	26	228	19	0.3950291315507965	-2.0377024279776506
C1_E2FDP_2	C3_C2C2gata_46	22	168	19	0.3893957789726338	-1.2997709275880192
C3_AP2EREBP_30	C3_C2C2gata_46	18	128	19	0.3649981975442157	-0.903255459441561
C3_C2C2gata_46	C3_Trihelix_7	18	19	128	0.3649981975442157	-0.9271726499455307
C3_AP2EREBP_86	C3_C2C2gata_46	20	160	19	0.36273812505500586	-1.1788749696490997
C3_C2C2gata_46	C3_NLP_9	20	19	160	0.36273812505500586	-1.328239597257238
C1_E2FDP_1	C2_SRS_4	21	488	7	0.3593026031853063	-1.033460719986279
C1_TCP_21	C3_C2C2gata_46	25	259	19	0.35638000218036137	-2.126863459926898
C3_C2C2gata_46	C3_LOBAS2_13	19	19	162	0.34246744460938755	-1.6369495886700514
C3_NLP_1	C3_NLP_1	41	137	137	0.29927007299270075	-3.7745702178600706
C2_AP2EREBP_22	C2_SRS_4	11	196	7	0.2969720859358214	-0.294144742569732
C1_E2FDP_1	C3_C2H2_5	30	488	22	0.28953428868081865	-4.726307743373265
C3_NLP_15	C3_NLP_15	22	81	81	0.2716049382716049	-1.1154232847644607
C2_AP2EREBP_3-C3_AP2EREBP_24	C2_SRS_4	11	289	7	0.2445652472412647	-1.0120486274099798
C2_SRS_4	C3_AP2EREBP_22	11	7	289	0.2445652472412647	-1.0406995852609766
C1_C3H_6	C3_C2H2_5	19	277	22	0.24338980122363055	-3.518291890464934
C2_SRS_4	C3_Trihelix_21	11	7	305	0.23806401044239278	-0.9915095306014201
C1_TCP_21	C3_C2H2_5	17	259	22	0.2252100146963956	-4.2248322545372945
C3_C2H2_5	C3_FAR1_4	22	22	443	0.2228483779356106	-4.68437387315498
C1_bHLH_19	C3_C2H2_5	18	299	22	0.22193488399382735	-4.364776075590435
C1_C2H2_21	C3_C2H2_5	8	66	22	0.20994555243259116	-1.4176266716155983
C3_C2H2_5	C3_Trihelix_21	17	22	305	0.20753323760156822	-3.5872729148181226
C3_AP2EREBP_53	C3_C2H2_5	14	209	22	0.2064636268936978	-3.1783854622026992
C2_AP2EREBP_22	C3_C2H2_5	13	196	22	0.1979720937587811	-3.3473521970603803
C1_bZIP_2	C3_C2H2_5	16	301	22	0.19661895992808387	-5.253258211015745
C2_AP2EREBP_3-C3_AP2EREBP_24	C3_C2H2_5	15	289	22	0.18811827913730336	-4.205110382025815
C3_AP2EREBP_22	C3_C2H2_5	15	289	22	0.18811827913730336	-4.323710979228863
C2_SRS_4	C3_AP2EREBP_53	7	7	209	0.18301044496560073	-1.1309596665849144
C3_C2H2_5	C3_NLP_1	10	22	137	0.1821496646491149	-2.648903361398845
C2_SRS_4	C3_ARF_7	8	7	305	0.173137462139922	-1.789140667411283
C3_ARF_7	C3_C2H2_5	14	305	22	0.17090972508364444	-4.346549029473212
C3_C2H2_5	C3_LOBAS2_13	10	22	162	0.167506302543202	-3.3564631235129943
C2_SRS_4	C3_AP2EREBP_30	5	7	128	0.16703827619526526	-0.9141241313533413
C2_SRS_4	C3_Trihelix_7	5	7	128	0.16703827619526526	-0.8851864312888261
C1_TCP_21	C2_SRS_4	7	259	7	0.1643989873053573	-1.841089457253609
C2_SRS_4	C3_FAR1_4	9	7	443	0.16161870639268971	-2.315758251610738
C3_C2H2_5	C3_Trihelix_28	11	22	218	0.1588375201209246	-4.264061832238037
C2_EIL_5-C3_EIL_9	C3_MYB_39	2	16	10	0.15811388300841894	0.834016544329015
C3_C2C2gata_46	C3_C2C2gata_46	3	19	19	0.15789473684210525	1.1001969118825972
C3_C2C2gata_46	C3_NLP_1	8	19	137	0.15680247122641994	-2.934473281615368
C1_bZIP_2	C2_SRS_4	7	301	7	0.15249857033260467	-1.6920028674555283
C1_TCP_20-C3_TCP_12	C2_SRS_4	6	228	7	0.15018785229652765	-1.3764681131238183
C2_SRS_4	C3_AP2EREBP_86	5	7	160	0.14940357616679922	-1.2347029334361037
C2_SRS_4	C3_NLP_9	5	7	160	0.14940357616679922	-1.121850053171923
C1_bZIP_2	C3_MYB_39	8	301	10	0.14581652331529782	-2.2628272525390964
C2_SRS_4	C2_SRS_4	1	7	7	0.14285714285714285	2.1343747458109497
C1_AP2EREBP_14-C3_AP2EREBP_64	C2_SRS_4	5	177	7	0.14204774743178403	-1.1385472978525522
C2_SRS_4	C3_C3H_1	5	7	177	0.14204774743178403	-1.4520231360211024
C1_TCP_20-C3_TCP_12	C3_C2H2_5	10	228	22	0.14119562368122626	-4.246374698850742
C3_MYB_39	C3_NLP_15	4	10	81	0.14054567378526128	-1.0235851404870346
C1_AP2EREBP_27	C3_C2H2_5	9	201	22	0.13534217152140812	-3.472638874997225
C3_AP2EREBP_86	C3_C2H2_5	8	160	22	0.1348399724926484	-3.470168756330303
C3_C2H2_5	C3_MYB_39	2	22	10	0.1348399724926484	0.10656252308941634
C3_C2H2_5	C3_NLP_9	8	22	160	0.1348399724926484	-4.094443504625583
C1_E2FDP_2	C3_C2H2_5	8	168	22	0.1315903389919538	-4.0702284390494645
C1_bHLH_19	C2_SRS_4	6	299	7	0.13114949909639223	-2.010689862340987
C1_AP2EREBP_14-C3_AP2EREBP_64	C3_C2H2_5	8	177	22	0.12820117729284186	-3.688099362464896
C3_C2H2_5	C3_C3H_1	8	22	177	0.12820117729284186	-3.980219091223039
C1_bHLH_19	C3_MYB_39	7	299	10	0.12801546729290464	-2.671575987175062
C2_SRS_4	C3_Trihelix_28	5	7	218	0.12799492126228448	-1.70405729136922
C2_EIL_5-C3_EIL_9	C2_HSF_30	1	16	4	0.125	0.4766412802163628
C2_HSF_30	C2_HSF_5	1	4	16	0.125	0.4766412802163628
C3_LOBAS2_13	C3_MYB_39	5	162	10	0.12422599874998831	-1.9230624482136107
C2_SRS_4	C3_LOBAS2_13	4	7	162	0.1187827741832997	-1.4811335117632847
C1_E2FDP_2	C2_SRS_4	4	168	7	0.11664236870396087	-1.480432317671169
C1_C3H_6	C2_SRS_4	5	277	7	0.11354842112585868	-2.035838241422024
C3_MYB_39	C3_NLP_1	4	10	137	0.10806864539165983	-1.7425609534331064
C2_HSF_5	C3_FAR1_4	9	16	443	0.10690072608275548	-4.440156313316409
C2_HSF_5	C3_NLP_1	5	16	137	0.10679470721459512	-2.879418988792347
C1_AP2EREBP_27	C2_SRS_4	4	201	7	0.10663823359494558	-2.0091941158700597
C1_E2FDP_1	C3_MYB_39	7	488	10	0.10020470850492694	-3.6103767749389397
C1_TCP_20-C3_TCP_12	C2_HSF_5	6	228	16	0.0993399267798783	-3.475522455863895
C1_TCP_21	C3_MYB_39	5	259	10	0.09824718648648242	-2.841055075068336
C3_C2H2_5	C3_NLP_15	4	22	81	0.09475587393582685	-2.357386366636415
C2_bZIP_5-C4_bZIP_5	C3_FAR1_4	9	21	443	0.0933106036418985	-5.257924398513749
C2_bZIP_5-C4_bZIP_5	C3_NLP_1	5	21	137	0.09321806278695786	-3.0399774181957575
C1_C3H_6	C2_bZIP_5-C4_bZIP_5	7	277	21	0.0917800961043001	-4.5236322962751405
C3_FAR1_4	C3_MYB_39	6	443	10	0.09014660745260716	-3.410495531208043
C1_AP2EREBP_27	C2_HSF_5	5	201	16	0.08816820198232479	-4.454774811349454
C1_bZIP_2	C2_bZIP_5-C4_bZIP_5	7	301	21	0.08804509063256238	-5.230624303559013
C1_TCP_20-C3_TCP_12	C3_MYB_39	4	228	10	0.0837707816583391	-2.5422260246496586
C2_EIL_5-C3_EIL_9	C3_FAR1_4	7	16	443	0.08314500917547649	-4.934800731084744
C3_C2C2gata_46	C3_NLP_15	3	19	81	0.07647191129018725	-2.7489396567949753
C1_C3H_6	C3_MYB_39	4	277	10	0.07600114002565064	-2.8540700327195063
C3_AP2EREBP_30	C3_C2H2_5	4	128	22	0.07537783614444091	-3.1619254938261587
C3_C2H2_5	C3_Trihelix_7	4	22	128	0.07537783614444091	-2.9691674884447146
C1_AP2EREBP_14-C3_AP2EREBP_64	C2_HSF_5	4	177	16	0.07516460280028288	-3.8015408829250776
C2_HSF_5	C3_C3H_1	4	16	177	0.07516460280028288	-3.3974346735135734
C1_E2FDP_2	C3_MYB_39	3	168	10	0.07319250547113999	-2.587514382728759
C2_bZIP_5-C4_bZIP_5	C3_NLP_15	3	21	81	0.07273929674533079	-2.9767662943498903
C1_bHLH_19	C2_EIL_5-C3_EIL_9	5	299	16	0.07228936649578004	-4.706832139557662
C1_bHLH_19	C2_HSF_5	5	299	16	0.07228936649578004	-4.4708302962769695
C1_bZIP_2	C2_EIL_5-C3_EIL_9	5	301	16	0.07204880221302938	-4.78715958886404
C1_bZIP_2	C2_HSF_5	5	301	16	0.07204880221302938	-5.184565961862378
C1_AP2EREBP_14-C3_AP2EREBP_64	C3_MYB_39	3	177	10	0.07130740328122925	-2.4707737875905753
C3_C3H_1	C3_MYB_39	3	177	10	0.07130740328122925	-2.616091423380325
C2_bZIP_5-C4_bZIP_5	C3_LOBAS2_13	4	21	162	0.06857926664981862	-4.518404037552115
C1_TCP_21	C2_bZIP_5-C4_bZIP_5	5	259	21	0.06779699969660707	-5.731238337895839
C1_AP2EREBP_27	C3_MYB_39	3	201	10	0.06691496051182057	-2.683829544243601
C2_HSF_5	C3_AP2EREBP_30	3	16	128	0.06629126073623884	-2.887942958486431
C2_HSF_5	C3_Trihelix_7	3	16	128	0.06629126073623884	-3.623711109802451
C3_AP2EREBP_53	C3_MYB_39	3	209	10	0.06562179588897106	-2.80829916586164
C2_SRS_4	C3_NLP_1	2	7	137	0.06458336837206266	-1.4311694732022724
C1_bHLH_19	C2_bZIP_5-C4_bZIP_5	5	299	21	0.06309933217282221	-4.462803297034955
C2_EIL_5-C3_EIL_9	C2_HSF_5	1	16	16	0.0625	-1.1137769746127537
C2_bZIP_5-C4_bZIP_5	C3_AP2EREBP_53	4	21	209	0.060377788380230155	-4.429503301728832
C2_HSF_5	C3_AP2EREBP_86	3	16	160	0.05929270612815711	-3.971873889942413
C2_HSF_5	C3_NLP_9	3	16	160	0.05929270612815711	-3.9140345771365506
C2_AP2EREBP_3-C3_AP2EREBP_24	C2_HSF_5	4	289	16	0.058823529411764705	-4.828235435370884
C2_HSF_5	C3_AP2EREBP_22	4	16	289	0.058823529411764705	-5.007244799051228
C1_TCP_20-C3_TCP_12	C2_bZIP_5-C4_bZIP_5	4	228	21	0.057807331301608	-4.33404139925356
C2_HSF_5	C3_ARF_7	4	16	305	0.05725983343138682	-4.609639952079215
C2_HSF_5	C3_Trihelix_21	4	16	305	0.05725983343138682	-5.673323793933624
C2_EIL_5-C3_EIL_9	C2_bZIP_5-C4_bZIP_5	1	16	21	0.0545544725589981	-1.1993602738558553
C3_ARF_7	C3_MYB_39	3	305	10	0.054321447625511124	-2.9994699303211485
C3_MYB_39	C3_Trihelix_21	3	10	305	0.054321447625511124	-3.2257162338795857
C2_HSF_5	C3_C2H2_5	1	16	22	0.053300179088902604	-1.2311740225021848
C2_HSF_5	C3_AP2EREBP_53	3	16	209	0.0518785847899556	-3.8589269784884244
C2_HSF_5	C3_Trihelix_28	3	16	218	0.05079640961089473	-4.661914769270543
C1_E2FDP_2	C2_bZIP_5-C4_bZIP_5	3	168	21	0.05050762722761054	-4.875059029199533
C1_E2FDP_1	C2_bZIP_5-C4_bZIP_5	5	488	21	0.049391298730849985	-5.52660216981554
C1_TCP_21	C2_HSF_5	3	259	16	0.04660273245009001	-5.889624684000202
C1_AP2EREBP_27	C2_bZIP_5-C4_bZIP_5	3	201	21	0.04617570965396102	-4.095479915795024
C2_AP2EREBP_22	C3_MYB_39	2	196	10	0.04517539514526256	-2.928331526841366
C2_HSF_30	C3_NLP_1	1	4	137	0.04271788288583805	-1.769395751381225
C2_SRS_4	C3_NLP_15	1	7	81	0.0419960525565808	-1.7947805311364966
C2_HSF_30	C3_AP2EREBP_86	1	4	160	0.039528470752104736	-2.0919436873579267
C2_HSF_30	C3_NLP_9	1	4	160	0.039528470752104736	-1.9457738912926228
C1_E2FDP_2	C2_HSF_30	1	168	4	0.03857583749052297	-1.6948633480403545
C1_E2FDP_2	C2_HSF_5	2	168	16	0.03857583749052297	-4.4006574297063885
C2_AP2EREBP_3-C3_AP2EREBP_24	C2_bZIP_5-C4_bZIP_5	3	289	21	0.03850903945341043	-5.023197116645163
C2_bZIP_5-C4_bZIP_5	C3_AP2EREBP_22	3	21	289	0.03850903945341043	-5.621284801165554
C2_bZIP_5-C4_bZIP_5	C3_ARF_7	3	21	305	0.037485360139984734	-5.213848877424246
C2_bZIP_5-C4_bZIP_5	C3_Trihelix_21	3	21	305	0.037485360139984734	-4.710135296559121
C2_AP2EREBP_3-C3_AP2EREBP_24	C3_MYB_39	2	289	10	0.03720326659021622	-3.395696646017581
C3_AP2EREBP_22	C3_MYB_39	2	289	10	0.03720326659021622	-3.276081105673465
C2_AP2EREBP_22	C2_HSF_5	2	196	16	0.03571428571428571	-4.511436948879764
C1_AP2EREBP_27	C2_HSF_30	1	201	4	0.03526728079292991	-1.865270282515931
C2_bZIP_5-C4_bZIP_5	C3_AP2EREBP_86	2	21	160	0.03450327796711771	-3.948977826044087
C2_bZIP_5-C4_bZIP_5	C3_NLP_9	2	21	160	0.03450327796711771	-3.5657962375569614
C1_TCP_20-C3_TCP_12	C2_HSF_30	1	228	4	0.033113308926626096	-1.924285032081024
C1_AP2EREBP_14-C3_AP2EREBP_64	C2_bZIP_5-C4_bZIP_5	2	177	21	0.032804522087008195	-3.878472489208669
C2_bZIP_5-C4_bZIP_5	C3_C3H_1	2	21	177	0.032804522087008195	-4.553077676364006
C1_TCP_21	C2_EIL_5-C3_EIL_9	2	259	16	0.031068488300060003	-5.148391721450542
C1_C3H_6	C2_EIL_5-C3_EIL_9	2	277	16	0.030042088406305484	-4.919262158207887
C1_C3H_6	C2_HSF_5	2	277	16	0.030042088406305484	-4.798779159773015
C1_bZIP_2	C2_HSF_30	1	301	4	0.028819520885211745	-2.25980154287757
C3_AP2EREBP_30	C3_MYB_39	1	128	10	0.027950849718747367	-2.9205132119953237
C3_MYB_39	C3_Trihelix_7	1	10	128	0.027950849718747367	-2.789114206555245
C2_EIL_5-C3_EIL_9	C3_NLP_15	1	16	81	0.027777777777777776	-3.078928598677584
C1_C2H2_21	C2_bZIP_5-C4_bZIP_5	1	66	21	0.02686076546751268	-3.7306640970128364
C1_E2FDP_1	C2_HSF_5	2	488	16	0.022633936510629633	-5.455722429300885
C3_MYB_39	C3_Trihelix_28	1	10	218	0.021417646843905964	-3.727929190930801
C2_EIL_5-C3_EIL_9	C3_NLP_1	1	16	137	0.021358941442919024	-3.5497359100366213
C1_E2FDP_2	C2_EIL_5-C3_EIL_9	1	168	16	0.019287918745261486	-4.34766491567852
C2_bZIP_5-C4_bZIP_5	C3_AP2EREBP_30	1	21	128	0.019287918745261486	-4.20094759066706
C2_bZIP_5-C4_bZIP_5	C3_Trihelix_7	1	21	128	0.019287918745261486	-4.018159179570846
C1_AP2EREBP_14-C3_AP2EREBP_64	C2_EIL_5-C3_EIL_9	1	177	16	0.01879115070007072	-4.617672298086458
C2_EIL_5-C3_EIL_9	C3_C3H_1	1	16	177	0.01879115070007072	-4.270260968366789
C1_AP2EREBP_27	C2_EIL_5-C3_EIL_9	1	201	16	0.017633640396464954	-4.28390575511007
C2_EIL_5-C3_EIL_9	C3_Trihelix_28	1	16	218	0.01693213653696491	-4.179914586253847
C1_TCP_20-C3_TCP_12	C2_EIL_5-C3_EIL_9	1	228	16	0.016556654463313048	-4.082763815114473
C2_AP2EREBP_22	C2_bZIP_5-C4_bZIP_5	1	196	21	0.015586992159713741	-4.811641394961563
C2_bZIP_5-C4_bZIP_5	C3_Trihelix_28	1	21	218	0.014779580449136976	-4.5657840687422935
C2_AP2EREBP_3-C3_AP2EREBP_24	C2_EIL_5-C3_EIL_9	1	289	16	0.014705882352941176	-4.921653885742308
C2_EIL_5-C3_EIL_9	C3_AP2EREBP_22	1	16	289	0.014705882352941176	-4.745853219225813
C2_EIL_5-C3_EIL_9	C3_ARF_7	1	16	305	0.014314958357846705	-5.191536763753222
