X	Class	AAACTGA	AACGTGT	AATACC	AATACCC	ACAGAG	ACCAGT	ACCGGA	ACTCTC	ACTGGG	AGAAGC	AGCATA	AGGATC	AGTGGA	CAAGCG	CACCGG	CACGTC	CACTGC	CAGGTA	CAGTCG	CCAGTC	CCCCCA	CCTCCA	CGGTAC	CGTCTCA	CTCCAC	CTGGAC	CTGGGC	GCTGCA	GGACTA	GGTCTA	GTCTGA	GTGGAA	TACCCA	TAGCCA
Mp1g00180	pos	0	0	1	0	0	0	0	0	1	0	1	0	1	0	0	0	0	0	1	0	0	1	0	0	1	0	1	1	0	0	1	0	0	0
Mp1g00190	pos	0	1	0	0	0	1	1	1	0	1	0	0	1	0	0	0	1	0	0	0	0	1	1	0	1	1	0	1	0	0	0	1	0	0
Mp1g01860	pos	0	0	0	0	1	1	1	1	1	0	1	0	0	1	1	0	1	0	1	1	1	1	1	0	1	1	0	1	0	0	1	0	0	0
Mp1g02210	pos	1	0	1	0	1	1	0	0	1	1	0	0	1	0	0	0	1	0	0	1	0	1	0	0	1	1	1	1	0	1	0	1	0	0
Mp1g03020	pos	0	0	0	0	0	0	1	0	1	1	0	1	1	1	1	0	0	0	1	1	1	1	0	0	1	1	1	1	1	0	0	1	0	0
Mp1g03840	pos	1	0	0	0	1	0	0	1	0	1	0	0	0	0	0	1	0	1	0	0	0	1	0	0	1	0	0	0	0	0	1	0	0	1
Mp1g03980	pos	0	0	0	0	1	0	1	1	0	0	0	0	1	1	0	1	1	0	1	0	0	1	0	0	0	1	0	0	0	0	0	1	1	0
Mp1g05410	pos	1	0	0	0	0	1	1	0	0	1	0	1	0	1	1	1	0	0	1	1	0	0	0	0	0	1	1	1	1	0	0	0	1	0
Mp1g05920	pos	0	0	1	0	1	1	0	0	0	1	1	0	0	0	1	1	0	0	1	0	0	1	0	0	0	0	1	0	0	1	1	0	0	0
Mp1g06050	pos	0	1	0	0	1	1	0	1	0	1	0	0	1	0	0	1	0	1	1	0	0	1	0	0	1	0	0	1	0	1	0	0	0	1
Mp1g06240	pos	0	0	0	0	1	0	1	0	0	1	0	1	0	0	0	1	0	0	1	1	1	0	1	0	0	1	1	1	1	1	0	1	1	0
Mp1g07730	pos	0	0	1	0	0	0	1	0	0	1	1	1	1	0	1	1	1	0	1	0	1	0	1	1	0	1	0	0	1	1	1	0	0	0
Mp1g08560	pos	1	0	0	0	1	0	1	1	0	0	0	0	1	0	1	1	1	1	0	0	0	1	1	0	1	0	1	1	0	1	0	1	1	1
Mp1g09180	pos	0	0	0	0	1	0	1	1	0	0	1	0	1	0	0	1	0	0	0	1	1	1	0	0	1	1	0	1	0	1	0	1	0	1
Mp1g09190	pos	1	0	0	0	1	1	1	1	1	1	0	1	1	1	0	1	0	0	0	0	0	0	1	0	1	0	0	1	1	1	0	0	1	1
Mp1g10420	pos	1	0	1	0	0	0	0	1	0	0	0	0	0	1	0	1	0	1	1	0	0	1	0	0	0	1	0	0	0	0	1	1	1	0
Mp1g11420	pos	0	0	1	0	0	0	0	1	0	1	1	1	1	0	0	0	1	1	0	0	0	0	0	0	1	0	0	0	0	0	0	1	0	1
Mp1g13010	pos	0	0	1	1	1	0	1	0	0	1	1	1	0	1	1	1	0	0	1	0	0	0	1	0	0	0	1	0	1	1	1	0	1	0
Mp1g13250	pos	0	0	0	0	1	1	0	1	0	1	0	0	1	1	1	1	0	0	0	0	0	0	0	0	1	0	1	1	0	0	0	0	0	0
Mp1g13590	pos	0	0	0	0	0	0	1	0	0	1	0	0	0	1	1	0	0	0	0	1	1	1	0	0	1	1	1	0	0	0	1	0	0	1
Mp1g15880	pos	0	1	1	0	0	0	0	1	0	1	0	0	0	1	0	0	1	1	1	1	0	1	0	0	1	1	0	1	1	1	0	0	0	0
Mp1g15890	pos	0	0	0	0	1	0	1	0	0	1	0	1	1	0	1	1	1	0	1	1	0	1	0	0	1	1	0	1	1	0	0	1	0	1
Mp1g16260	pos	0	0	1	0	1	0	1	0	1	0	1	0	0	0	0	1	1	1	1	0	1	0	1	0	0	1	1	1	0	0	1	1	0	1
Mp1g16590	pos	0	0	0	0	1	0	1	1	1	1	0	0	1	0	1	0	1	1	1	1	1	1	0	1	1	0	0	1	0	0	0	1	0	0
Mp1g18300	pos	1	0	0	0	1	1	1	1	1	0	0	0	1	1	0	1	0	0	1	0	0	1	1	0	1	1	1	1	1	0	1	0	0	0
Mp1g20750	pos	0	0	0	0	1	0	0	0	0	1	0	0	1	0	0	0	0	0	0	0	1	1	0	0	0	1	0	1	0	0	1	1	1	0
Mp1g21630	pos	1	0	0	0	0	0	0	0	1	0	0	0	0	1	0	1	1	1	0	0	1	0	0	0	1	1	1	1	0	0	0	1	0	0
Mp1g22540	pos	0	1	0	0	1	0	1	0	1	1	1	1	1	1	1	0	1	0	1	1	1	1	0	0	1	1	0	1	1	1	0	1	1	0
Mp1g22940	pos	0	0	0	0	1	1	0	0	0	1	0	0	1	0	0	0	1	1	0	0	1	1	1	0	0	1	0	1	0	0	0	1	0	0
Mp1g23060	pos	0	0	1	1	1	1	1	1	0	0	0	0	1	1	1	1	1	0	1	1	1	1	1	0	1	0	1	1	1	0	0	1	0	0
Mp1g24470	pos	0	0	0	0	1	0	1	0	0	1	0	0	0	1	1	1	0	0	0	0	0	1	0	0	1	0	0	1	0	0	1	1	0	0
Mp1g24480	pos	0	0	0	0	1	0	0	1	0	1	1	0	0	0	0	1	1	0	1	1	1	1	0	1	0	1	0	1	0	0	1	1	0	0
Mp1g24970	pos	0	0	0	0	0	0	1	1	1	1	1	1	1	0	0	0	1	0	0	1	0	1	0	0	1	1	1	1	0	1	1	1	1	0
Mp1g25940	pos	0	0	0	0	1	0	1	1	1	0	0	1	0	0	0	0	0	1	1	1	1	1	1	0	1	1	1	1	0	0	1	0	0	0
Mp1g26440	pos	0	0	0	0	1	1	1	0	0	1	1	0	1	1	0	0	0	0	1	1	1	1	0	0	1	0	0	1	0	1	1	0	0	1
Mp2g01900	pos	0	1	1	1	0	1	0	0	1	1	1	0	1	0	0	0	1	0	0	1	1	0	0	0	0	0	1	1	1	1	1	0	0	0
Mp2g02170	pos	1	0	0	0	0	0	1	0	0	1	1	0	1	0	1	0	1	0	0	0	0	0	1	0	0	1	0	1	0	0	0	1	1	0
Mp2g02590	pos	0	0	0	0	0	1	0	1	0	1	1	1	1	0	0	1	1	0	1	0	0	1	0	0	1	1	0	0	0	0	1	0	0	0
Mp2g04890	pos	0	1	0	0	0	0	0	0	1	1	0	1	0	0	1	0	1	0	0	1	1	0	1	1	0	1	1	1	0	0	1	0	0	0
Mp2g04900	pos	0	0	0	0	1	0	1	1	0	0	0	1	1	1	0	0	0	1	1	1	0	1	0	0	1	0	0	1	0	1	1	1	0	1
Mp2g06770	pos	0	0	0	0	0	1	1	0	0	1	1	1	0	0	1	1	0	0	1	1	0	0	0	0	1	1	0	1	1	0	0	1	1	1
Mp2g07900	pos	0	0	1	0	1	0	0	1	0	1	0	1	1	0	0	0	0	0	1	0	0	0	0	0	1	1	0	1	1	0	0	1	0	1
Mp2g09220	pos	0	1	0	0	1	1	1	1	0	1	0	1	1	1	1	0	1	0	1	1	0	1	0	0	1	1	1	1	1	0	1	0	1	0
Mp2g10040	pos	0	0	0	0	1	0	1	1	0	1	1	0	1	0	0	1	1	0	0	0	0	0	0	0	0	0	0	0	0	0	1	1	1	1
Mp2g10050	pos	0	0	0	0	0	0	1	0	1	1	0	0	0	0	1	0	1	0	0	1	1	0	1	0	1	1	1	1	1	0	1	1	1	0
Mp2g10650	pos	0	0	0	0	1	0	1	1	1	1	1	1	0	0	1	0	1	0	1	0	1	0	1	1	0	0	1	1	1	1	1	1	0	1
Mp2g12900	pos	1	0	1	0	1	0	1	0	1	1	0	1	1	1	0	1	1	0	0	1	0	0	0	1	1	1	1	0	1	1	1	0	1	1
Mp2g13440	pos	0	1	1	1	1	1	0	0	0	0	0	1	1	0	0	0	1	0	0	0	0	1	0	0	1	0	1	1	0	0	1	1	0	1
Mp2g13620	pos	0	1	0	0	1	0	1	0	0	1	1	0	0	0	0	1	1	1	1	0	0	0	0	0	1	1	1	1	0	0	0	0	0	0
Mp2g13670	pos	0	0	1	0	0	1	0	0	0	1	0	1	0	0	0	0	0	1	0	1	1	1	1	0	0	1	0	1	0	0	0	1	0	0
Mp2g13880	pos	0	1	1	1	0	0	0	0	0	1	1	0	0	0	0	0	1	1	1	0	0	0	1	0	1	0	0	0	0	0	1	0	1	0
Mp2g14700	pos	1	0	0	0	1	0	0	1	0	0	0	1	1	1	0	0	0	0	1	0	1	1	0	0	1	0	0	0	0	0	0	0	0	1
Mp2g16980	pos	0	0	0	0	1	1	1	1	0	1	0	1	1	0	0	1	1	0	1	1	0	1	1	0	1	0	0	0	0	0	0	1	0	0
Mp2g17430	pos	0	0	0	0	1	1	0	1	1	1	1	1	1	0	0	1	0	0	0	0	0	0	0	0	1	0	1	0	0	1	0	1	0	1
Mp2g17680	pos	0	0	0	0	1	0	1	0	0	1	0	1	1	1	1	1	1	0	1	1	0	1	0	1	1	1	0	1	0	1	1	1	1	1
Mp2g18470	pos	0	0	0	0	1	0	1	1	0	1	0	0	1	1	1	1	1	1	1	1	0	0	0	0	1	1	0	1	0	0	0	1	0	0
Mp2g18800	pos	0	0	0	0	1	1	1	1	0	1	1	1	1	1	1	0	1	1	1	1	1	1	0	0	1	0	1	1	1	0	0	1	0	0
Mp2g19460	pos	0	0	0	0	1	1	1	0	0	1	0	1	1	1	0	1	1	0	1	1	0	1	1	0	1	0	0	1	0	0	1	1	0	1
Mp2g20050	pos	0	0	0	0	1	0	0	0	0	0	0	0	1	0	0	0	1	1	0	0	0	0	1	1	0	0	1	0	0	0	1	0	1	1
Mp2g20850	pos	1	0	1	0	1	1	0	1	1	0	1	0	1	1	1	0	1	0	1	1	1	1	1	0	1	1	1	1	1	0	1	1	0	0
Mp2g21130	pos	1	0	0	0	1	0	1	0	0	1	1	0	1	0	1	0	0	0	0	0	0	0	1	0	1	1	1	1	0	0	0	1	0	0
Mp2g21300	pos	0	0	0	0	1	0	0	1	1	1	0	1	0	1	1	1	1	0	1	1	1	1	0	0	1	0	0	0	0	0	0	1	1	0
Mp2g21620	pos	0	1	0	0	1	0	0	1	0	1	0	1	0	1	0	0	0	0	1	0	0	1	0	0	1	0	0	0	0	0	0	0	0	1
Mp2g21700	pos	1	0	0	0	1	0	0	0	1	0	0	0	1	1	1	1	0	0	0	1	0	1	0	0	0	0	1	0	0	1	0	1	0	0
Mp2g22120	pos	0	0	0	0	0	0	0	1	1	1	0	0	1	0	0	1	0	0	1	1	1	1	0	0	1	0	1	0	0	1	0	1	0	0
Mp2g22740	pos	0	0	1	0	1	1	1	1	0	0	1	1	1	1	1	1	1	1	1	1	0	1	0	0	1	1	0	0	0	0	0	1	0	1
Mp2g22920	pos	0	0	0	0	0	1	1	1	0	1	1	1	1	0	1	0	1	1	1	1	1	1	1	1	1	0	1	0	0	1	0	1	0	0
Mp2g23490	pos	0	0	0	0	0	1	1	1	0	0	0	1	1	1	1	0	0	1	0	0	0	1	0	1	1	1	1	1	1	0	1	0	0	1
Mp2g25290	pos	1	0	1	0	0	0	0	1	0	0	1	0	1	0	0	0	0	0	0	0	0	0	1	1	1	1	0	0	0	1	1	1	1	0
Mp3g00270	pos	1	0	1	1	1	0	0	1	0	1	0	1	0	0	1	1	1	1	1	1	0	1	1	1	0	1	0	1	1	0	1	0	0	0
Mp3g00850	pos	0	0	0	0	1	0	0	1	0	1	0	0	1	0	1	1	1	1	0	0	1	0	0	0	1	1	1	0	1	0	1	1	0	0
Mp3g02010	pos	1	0	1	0	0	0	1	1	0	0	0	1	1	1	1	1	1	0	1	0	0	1	0	0	1	1	0	0	0	0	1	1	0	0
Mp3g05930	pos	0	0	1	1	1	1	0	0	0	0	1	1	1	1	0	1	1	0	0	1	0	0	0	0	0	1	0	1	1	0	0	1	1	0
Mp3g08180	pos	0	0	0	0	0	1	1	0	0	1	0	0	0	0	1	1	0	0	1	0	1	1	0	1	1	1	0	0	0	1	0	1	1	1
Mp3g08250	pos	0	0	0	0	0	0	1	1	1	1	1	0	0	1	1	1	1	1	1	0	1	1	1	0	0	0	1	0	1	0	0	1	1	0
Mp3g09400	pos	0	0	1	0	1	0	1	1	0	1	1	0	1	1	0	1	0	0	1	0	1	1	0	0	0	0	0	0	0	1	1	1	0	1
Mp3g10080	pos	0	0	0	0	0	0	0	0	1	0	0	1	1	1	0	1	1	0	1	1	0	1	0	0	1	0	0	1	0	0	1	0	0	0
Mp3g10580	pos	0	0	0	0	1	0	1	1	1	0	0	1	1	0	1	0	1	0	0	0	0	1	1	0	1	1	0	1	0	0	1	1	0	0
Mp3g11550	pos	0	1	1	0	0	1	1	0	1	1	0	0	1	0	0	0	1	1	1	1	1	1	1	0	1	0	0	1	0	0	0	1	0	1
Mp3g12070	pos	0	0	0	0	1	0	0	0	0	1	1	1	1	0	1	1	1	1	0	0	0	0	0	0	0	1	0	1	0	0	1	1	0	0
Mp3g12640	pos	1	0	0	0	1	0	0	1	0	1	0	0	1	0	0	1	1	1	1	0	0	0	0	0	1	0	0	1	1	0	1	1	0	1
Mp3g14320	pos	1	0	0	0	1	1	1	0	1	1	1	1	0	1	1	1	0	1	1	1	0	0	1	0	1	0	1	1	0	1	1	0	0	0
Mp3g16010	pos	0	0	0	0	1	1	1	1	0	1	0	0	1	0	1	1	0	1	1	0	0	1	1	1	0	0	1	0	1	0	0	1	0	0
Mp3g16090	pos	1	0	0	0	0	0	0	1	0	1	1	1	1	1	0	1	1	0	1	0	0	0	0	0	0	1	1	1	1	0	1	1	0	1
Mp3g17120	pos	0	1	0	0	1	0	0	1	1	0	1	0	0	1	1	1	1	1	1	1	0	1	1	1	1	1	1	1	1	0	1	1	1	1
Mp3g17620	pos	0	0	1	0	1	0	1	1	1	1	0	0	1	0	0	0	0	0	1	0	1	0	1	0	1	1	1	1	0	0	1	1	0	1
Mp3g18130	pos	0	1	0	0	1	0	1	0	1	1	0	0	0	0	0	0	0	1	0	1	0	1	1	0	1	0	1	1	0	0	0	0	1	0
Mp3g18630	pos	0	0	0	0	1	0	1	1	1	0	1	1	0	0	1	1	0	1	1	0	1	1	0	0	1	0	1	1	1	1	0	1	1	1
Mp3g19060	pos	0	0	0	0	1	0	1	0	0	1	0	0	1	0	1	0	1	0	1	0	1	1	1	0	1	1	1	1	0	0	1	1	0	0
Mp3g19080	pos	0	0	0	0	1	1	1	0	0	1	0	1	1	0	0	0	0	0	1	0	0	1	0	1	1	1	1	0	0	0	1	1	0	0
Mp3g20780	pos	0	0	0	0	1	1	0	0	0	1	1	0	1	1	0	0	0	1	0	0	1	1	0	0	1	0	1	0	0	0	0	1	0	0
Mp3g20920	pos	0	0	0	0	1	0	0	0	0	1	0	0	1	1	1	1	1	0	0	1	1	1	1	0	1	0	0	1	0	0	1	1	0	1
Mp3g21900	pos	0	0	1	0	1	0	1	1	0	0	0	1	0	1	0	1	0	0	1	1	0	1	0	0	1	1	0	1	0	1	0	0	1	0
Mp3g23770	pos	1	0	0	0	1	1	0	1	1	1	1	0	0	0	1	0	1	1	0	1	0	1	1	0	0	0	1	1	0	0	0	1	0	0
Mp3g24920	pos	0	1	0	0	1	0	0	1	0	0	1	1	0	1	1	1	0	0	1	1	1	0	0	1	0	1	0	1	0	0	0	0	0	0
Mp3g25230	pos	0	1	1	0	1	1	0	1	0	0	0	0	1	0	0	0	0	0	0	0	0	1	0	0	1	0	1	0	1	1	1	1	0	0
Mp3g25370	pos	0	0	0	0	0	0	0	1	0	0	1	1	1	0	0	0	1	1	0	0	1	1	0	0	0	0	1	1	0	1	1	1	0	0
Mp4g02390	pos	1	0	0	0	1	0	0	1	1	0	1	1	0	0	0	1	1	0	0	1	1	1	0	0	1	1	0	1	0	0	1	1	0	0
Mp4g02500	pos	0	0	0	0	1	0	0	1	1	1	1	1	1	0	0	0	1	0	0	0	1	0	0	0	1	1	1	0	0	0	0	0	1	0
Mp4g02810	pos	0	0	0	0	1	0	1	1	0	1	1	0	0	1	1	0	0	0	0	1	0	1	0	0	1	0	1	0	0	0	0	0	0	1
Mp4g02840	pos	1	1	0	0	1	1	0	1	1	0	1	1	1	0	0	0	1	0	1	1	1	1	1	1	1	0	1	1	0	0	1	1	1	1
Mp4g05490	pos	0	0	0	0	1	0	0	1	1	1	0	0	1	0	1	0	0	0	1	1	0	1	0	0	0	0	1	1	0	0	1	0	1	0
Mp4g05530	pos	0	0	0	0	1	1	1	0	0	1	0	1	0	1	1	0	1	1	0	0	0	0	0	0	0	0	0	1	0	1	0	1	0	1
Mp4g05950	pos	0	0	1	0	1	1	1	1	0	1	0	1	0	1	0	1	0	0	0	0	0	0	0	0	0	1	0	1	0	0	1	1	0	0
Mp4g06370	pos	0	0	0	0	1	0	1	0	1	1	0	1	1	1	1	0	1	0	1	0	1	1	0	0	1	1	0	1	1	0	0	1	0	1
Mp4g06560	pos	1	0	0	0	1	1	0	1	0	1	0	0	1	0	0	0	1	1	1	1	0	1	1	0	1	1	1	1	0	1	1	1	1	0
Mp4g06660	pos	0	0	0	0	1	1	1	1	0	0	1	1	1	0	0	0	1	0	0	1	0	1	0	1	1	0	1	0	1	0	1	1	0	0
Mp4g07630	pos	1	0	0	0	1	1	1	1	0	1	1	1	0	1	0	0	1	0	0	1	1	0	0	0	0	0	0	0	0	1	0	1	1	0
Mp4g09980	pos	0	0	1	0	0	0	1	1	1	1	0	0	1	1	1	1	1	0	1	1	1	1	0	0	1	1	1	1	1	0	0	1	0	1
Mp4g10300	pos	1	1	1	0	0	1	0	1	0	0	1	0	1	0	0	0	1	1	1	1	1	0	1	0	1	0	0	0	1	0	0	0	1	1
Mp4g12380	pos	1	1	1	0	1	1	0	1	0	0	0	0	1	0	0	0	1	1	0	1	0	1	1	0	0	1	0	1	0	0	0	0	1	0
Mp4g14500	pos	0	0	0	0	0	1	0	1	1	1	0	0	1	1	0	0	0	0	1	1	1	1	0	0	1	0	1	1	0	0	1	1	0	0
Mp4g14660	pos	0	0	0	0	1	0	0	1	1	1	0	0	1	0	0	1	1	0	1	0	0	0	1	0	1	1	0	1	0	0	0	0	0	1
Mp4g15090	pos	0	0	1	1	0	0	0	0	0	0	1	0	0	1	0	0	0	0	0	1	0	0	1	0	0	1	0	0	1	0	1	1	0	0
Mp4g15120	pos	0	0	1	0	0	0	0	1	0	1	0	1	1	1	0	0	1	0	1	0	1	1	0	1	0	0	0	0	0	1	1	0	1	1
Mp4g15420	pos	0	1	0	0	1	0	0	1	0	1	1	0	1	1	1	1	1	0	0	0	1	0	0	1	1	1	0	1	0	1	1	1	0	0
Mp4g15460	pos	0	0	1	1	1	1	0	0	0	1	0	1	1	1	1	0	1	1	0	1	0	0	1	0	0	1	0	0	0	0	1	1	1	0
Mp4g16310	pos	1	0	0	0	1	1	1	1	1	1	1	1	1	0	0	0	1	0	1	1	1	1	0	0	1	0	0	0	0	0	0	1	0	0
Mp4g16550	pos	1	0	0	0	1	0	0	1	0	1	0	1	0	1	0	1	0	0	0	1	1	1	0	0	1	0	1	1	0	0	0	0	0	0
Mp4g16930	pos	0	0	0	0	0	0	1	1	1	1	0	1	1	0	0	1	1	0	1	1	1	0	1	0	0	0	1	1	0	0	1	1	0	0
Mp4g17000	pos	1	0	1	1	0	0	0	1	1	1	1	0	1	0	0	1	1	1	0	0	0	1	0	0	1	1	0	0	0	0	0	0	1	0
Mp4g17230	pos	0	0	1	0	1	0	0	1	0	0	1	1	1	0	0	0	1	1	0	0	0	1	0	0	0	1	1	1	0	0	0	1	1	0
Mp4g17240	pos	0	0	1	1	0	1	1	1	1	1	0	0	0	0	0	1	0	0	1	0	0	1	1	0	0	1	1	0	0	0	0	1	0	0
Mp4g18300	pos	0	0	0	0	1	0	1	1	1	0	0	0	1	1	1	1	0	0	1	1	0	1	0	0	0	0	1	1	0	1	0	1	0	0
Mp4g20720	pos	0	0	0	0	1	0	0	1	0	1	1	1	0	1	0	0	0	1	1	0	0	0	0	0	1	0	0	1	1	0	1	1	0	0
Mp4g21050	pos	0	0	0	0	1	1	1	1	0	1	0	0	1	0	1	0	0	1	1	0	1	1	0	0	1	1	0	1	0	0	1	1	0	0
Mp4g23270	pos	1	0	0	0	1	0	1	1	0	1	1	0	1	0	1	1	1	0	1	0	1	1	0	0	1	1	0	1	1	0	1	1	1	0
Mp4g23320	pos	0	0	1	1	0	1	1	1	0	1	1	1	0	1	0	0	0	0	1	1	1	1	0	0	1	0	0	0	1	0	1	0	1	0
Mp5g01110	pos	1	0	1	0	1	1	0	1	0	1	1	1	0	0	0	1	1	1	1	0	0	0	0	1	1	1	0	1	1	0	1	1	0	0
Mp5g01980	pos	0	0	1	0	1	1	0	1	0	1	1	1	1	0	1	0	1	0	1	1	0	0	0	0	1	1	0	1	0	1	1	1	0	1
Mp5g02030	pos	0	1	0	0	0	1	1	1	0	1	0	0	1	0	1	1	1	0	1	0	1	0	1	0	1	1	0	0	0	0	1	1	1	1
Mp5g04530	pos	1	0	1	1	1	1	0	1	0	1	0	1	1	1	0	1	1	0	1	0	1	1	0	1	1	1	1	0	0	0	0	1	1	1
Mp5g04700	pos	0	0	0	0	1	1	0	1	1	1	0	0	0	1	0	0	1	0	1	1	0	1	0	0	1	0	0	0	0	0	1	1	0	1
Mp5g05130	pos	0	0	0	0	1	1	0	1	0	1	0	1	1	0	1	0	1	0	0	0	1	1	0	0	1	1	0	0	1	0	1	1	0	0
Mp5g05140	pos	1	0	0	0	1	0	0	0	1	0	1	0	1	1	0	0	1	1	1	1	1	1	1	0	1	1	0	0	0	1	1	0	0	0
Mp5g05320	pos	0	1	1	0	0	1	0	0	0	1	0	1	1	0	0	1	0	1	1	0	0	1	1	0	0	0	0	1	0	0	1	1	1	0
Mp5g05380	pos	0	0	1	0	1	0	0	0	0	0	0	0	0	0	0	1	1	0	0	1	1	0	1	1	0	1	1	0	0	1	1	1	1	0
Mp5g06960	pos	0	1	1	0	1	0	1	1	1	0	0	1	1	1	0	0	1	1	0	0	1	1	0	0	0	1	1	1	1	0	1	1	0	1
Mp5g07905	pos	1	0	0	0	0	0	1	0	0	0	0	0	0	0	1	0	1	0	1	1	0	0	1	1	1	0	0	1	0	0	0	1	0	1
Mp5g09070	pos	0	0	0	0	1	0	1	0	1	0	0	0	1	0	1	1	0	1	0	1	1	1	1	1	1	1	1	1	0	0	1	1	1	0
Mp5g09250	pos	1	0	0	0	1	0	0	1	0	0	0	1	1	0	0	0	1	0	0	0	0	1	0	0	0	1	0	1	1	1	1	1	0	1
Mp5g09620	pos	1	0	0	0	0	0	0	0	0	1	0	0	1	0	0	0	1	1	0	0	1	1	0	0	1	0	0	1	0	1	1	1	1	0
Mp5g10100	pos	0	1	0	0	1	0	0	0	0	1	0	1	0	1	0	1	1	1	0	0	0	0	0	0	0	0	0	1	1	1	1	0	0	0
Mp5g11150	pos	0	0	1	1	1	0	0	0	1	1	1	0	1	0	0	1	1	0	0	1	1	1	0	1	1	1	1	1	0	1	1	1	0	1
Mp5g11910	pos	0	0	0	0	0	0	0	1	0	0	1	1	1	0	0	0	0	0	0	0	1	1	1	0	1	0	1	0	0	0	0	1	1	1
Mp5g12260	pos	1	0	0	0	0	1	1	1	0	1	0	1	0	0	0	1	1	0	1	1	1	1	0	0	1	0	0	0	0	0	1	1	0	1
Mp5g12910	pos	0	0	0	0	1	0	0	0	0	0	0	0	1	0	0	1	1	0	1	1	0	1	1	0	0	1	1	1	1	0	1	1	0	0
Mp5g12930	pos	1	0	0	0	0	0	0	1	0	0	1	1	0	1	0	0	0	1	1	0	1	0	0	0	0	1	1	0	0	1	0	1	0	1
Mp5g13130	pos	1	0	0	0	1	0	1	0	1	1	0	1	0	1	1	1	0	1	1	1	1	1	1	0	0	0	1	0	1	0	1	0	0	0
Mp5g13460	pos	0	1	1	1	0	0	0	1	0	1	0	0	1	0	1	0	1	0	1	0	1	1	1	1	1	1	0	1	0	0	1	1	0	0
Mp5g15000	pos	1	1	0	0	1	1	1	1	0	1	0	0	1	1	1	1	0	0	1	0	0	1	1	1	0	1	0	0	0	0	0	1	0	1
Mp5g15410	pos	0	0	0	0	0	0	0	1	0	1	0	0	0	1	1	0	0	0	0	1	0	1	0	0	1	0	0	1	0	0	1	1	1	0
Mp5g15550	pos	0	0	1	0	1	0	1	0	0	0	0	1	0	1	1	1	1	0	1	1	1	1	1	1	1	1	0	1	0	0	1	1	0	1
Mp5g18010	pos	1	0	0	0	1	0	1	1	0	1	0	1	0	1	1	1	0	0	1	0	0	1	0	0	1	0	0	0	1	0	1	0	0	0
Mp5g18690	pos	0	0	1	0	1	0	0	1	0	1	1	0	1	1	0	1	1	0	0	0	0	1	0	1	1	0	1	1	0	0	0	0	0	0
Mp5g19620	pos	0	0	0	0	0	0	0	1	1	0	0	1	1	1	0	0	1	0	1	1	0	1	0	0	1	1	1	1	0	0	1	1	0	0
Mp5g19670	pos	0	0	1	0	0	1	0	1	0	1	0	1	1	0	1	0	0	0	1	1	1	1	0	1	1	1	0	1	0	0	0	1	0	1
Mp5g21130	pos	1	1	0	0	1	0	0	0	0	1	0	0	1	1	0	1	0	0	0	1	0	0	0	0	0	1	1	0	1	0	0	1	0	0
Mp5g24090	pos	0	0	1	1	1	0	0	1	0	1	1	0	0	1	1	0	1	1	1	0	1	0	0	0	0	1	0	1	0	1	0	0	1	0
Mp5g24120	pos	1	1	1	1	1	1	1	1	0	1	1	0	0	1	0	1	0	1	0	0	0	0	1	0	1	1	0	0	1	0	1	1	1	0
Mp6g01310	pos	0	0	1	0	1	1	1	1	0	0	1	1	1	1	0	1	0	0	0	0	0	1	1	0	1	1	0	0	1	0	1	0	1	0
Mp6g01490	pos	0	0	1	0	0	0	1	1	0	0	1	0	1	1	1	1	0	0	1	1	0	1	1	0	1	1	0	0	0	1	0	1	1	0
Mp6g02000	pos	0	0	0	0	1	1	1	0	1	1	1	0	1	1	0	1	1	1	1	1	1	1	1	0	0	1	1	1	0	0	0	1	1	0
Mp6g02290	pos	0	0	0	0	1	1	1	1	0	1	0	0	1	0	0	1	1	1	1	0	0	0	1	1	0	1	1	0	1	1	0	1	0	1
Mp6g02420	pos	1	0	1	0	0	0	0	1	0	0	1	0	1	1	0	0	0	0	0	0	0	0	0	0	1	0	1	0	0	0	0	1	0	0
Mp6g02550	pos	0	0	1	0	1	1	0	1	1	1	0	1	1	0	0	1	1	0	0	0	0	1	0	1	1	1	1	0	0	0	0	1	0	1
Mp6g03700	pos	1	1	0	0	1	1	0	1	0	1	1	0	1	1	0	0	1	0	0	1	0	0	0	0	1	1	0	1	0	0	0	1	0	1
Mp6g04540	pos	1	0	1	0	1	0	0	1	0	1	0	1	1	1	0	0	1	0	1	1	1	1	0	1	1	0	0	1	0	0	1	0	0	0
Mp6g05250	pos	1	0	0	0	1	0	1	1	0	1	1	1	0	1	1	0	1	0	0	0	1	0	1	0	0	1	0	1	1	1	0	1	1	0
Mp6g06010	pos	0	0	0	0	0	1	1	1	1	1	1	1	1	0	1	0	1	1	1	0	1	1	0	0	1	0	1	1	0	0	0	0	1	1
Mp6g06020	pos	0	0	1	1	0	0	0	1	1	1	1	1	1	0	0	0	1	1	1	1	0	1	0	0	1	1	0	1	0	0	1	1	1	0
Mp6g06810	pos	0	0	0	0	1	1	0	1	1	1	1	1	1	0	1	0	0	1	1	1	0	1	0	0	1	0	0	0	0	0	0	0	0	0
Mp6g08260	pos	0	0	0	0	1	1	0	1	0	0	0	1	1	1	1	1	1	0	1	1	0	1	0	0	1	0	0	1	1	1	1	1	0	0
Mp6g08270	pos	1	1	1	0	0	1	1	0	1	1	0	0	1	1	0	0	0	0	1	1	0	0	0	0	1	1	1	1	0	0	1	0	1	1
Mp6g08530	pos	0	0	1	0	1	0	1	1	1	0	0	1	1	0	1	1	1	0	1	1	1	1	1	0	1	1	1	0	1	1	0	0	0	0
Mp6g08540	pos	1	0	0	0	1	1	1	1	1	1	0	1	0	1	0	1	1	1	0	1	0	1	0	1	1	0	1	1	0	1	1	0	0	1
Mp6g09230	pos	0	0	0	0	1	1	0	1	0	0	1	1	1	1	1	1	1	0	1	1	0	0	0	0	1	0	0	1	0	0	1	1	1	1
Mp6g10230	pos	0	0	0	0	1	1	0	1	1	1	0	0	1	0	0	1	1	0	0	0	0	1	1	1	1	0	1	1	0	0	0	1	0	0
Mp6g11300	pos	0	0	0	0	0	1	1	1	0	1	0	0	1	0	1	1	1	1	0	1	1	0	0	0	1	0	0	1	0	0	0	1	0	1
Mp6g12710	pos	0	0	1	0	0	0	1	1	1	0	0	0	1	1	1	1	0	0	0	0	0	1	0	0	1	1	0	1	0	1	1	1	1	0
Mp6g13030	pos	0	0	0	0	0	0	1	1	1	1	1	1	1	1	1	0	1	1	0	1	1	1	0	0	1	0	0	1	0	0	0	1	1	1
Mp6g13680	pos	0	0	0	0	0	0	0	0	0	1	1	0	0	0	0	0	0	0	0	0	0	0	0	0	1	0	0	1	1	0	1	1	0	0
Mp6g16230	pos	0	0	0	0	1	0	1	0	1	0	0	1	0	1	1	0	1	0	1	0	1	1	0	0	1	1	1	1	1	0	1	0	0	1
Mp6g16880	pos	0	0	1	0	1	1	1	0	0	1	1	0	1	1	1	0	0	0	0	0	1	1	0	0	1	0	0	1	1	0	0	1	0	0
Mp6g17560	pos	0	0	1	0	0	0	0	0	0	0	0	0	0	1	0	1	1	0	0	1	0	0	1	0	1	1	1	1	0	1	1	0	0	0
Mp6g18230	pos	0	0	0	0	0	1	1	0	1	1	1	1	1	0	0	1	1	1	1	1	0	0	1	0	1	0	1	1	1	0	1	0	0	0
Mp6g19130	pos	1	0	1	0	1	0	0	1	1	1	0	1	1	1	0	1	1	1	1	1	1	0	0	1	0	0	1	1	0	1	1	1	1	0
Mp6g20460	pos	1	0	0	0	1	0	0	1	0	1	1	1	1	1	0	1	1	0	1	1	0	1	1	0	1	1	1	0	1	0	0	1	1	1
Mp6g20500	pos	1	0	0	0	0	0	1	1	1	1	0	0	1	1	1	1	0	1	1	1	0	1	1	0	1	1	1	1	1	0	1	1	0	0
Mp6g20690	pos	0	0	0	0	0	0	0	1	1	0	1	1	0	1	0	0	0	1	1	1	0	0	0	0	1	0	1	1	1	1	1	1	0	0
Mp7g00640	pos	0	0	0	0	1	1	0	1	1	1	0	0	0	1	1	1	1	0	1	1	1	0	1	0	1	0	1	1	1	0	0	1	0	1
Mp7g00710	pos	1	0	0	0	1	0	1	1	0	0	1	0	0	1	1	1	0	0	1	0	0	1	0	0	1	0	1	0	1	0	1	1	0	0
Mp7g01840	pos	0	0	0	0	1	0	1	0	0	1	0	0	1	1	0	0	1	0	1	1	1	1	1	0	1	1	1	1	0	0	1	1	1	1
Mp7g01970	pos	1	0	1	0	1	1	0	1	0	1	1	0	1	1	0	1	1	0	1	1	0	0	1	0	1	1	0	1	1	0	0	1	1	1
Mp7g02050	pos	1	0	1	0	0	1	1	0	1	1	0	1	0	1	1	0	1	0	0	1	0	1	0	0	0	1	1	1	0	0	1	0	0	0
Mp7g04240	pos	0	1	1	0	1	1	0	0	0	0	1	0	1	0	0	1	0	1	0	0	0	0	0	0	0	0	1	0	0	0	0	1	1	0
Mp7g04500	pos	0	0	0	0	1	0	1	0	0	0	0	1	0	0	0	0	1	0	1	0	1	1	0	0	0	1	0	1	0	0	0	0	0	0
Mp7g05690	pos	0	0	1	0	1	0	1	1	1	1	0	1	0	0	0	1	1	0	0	1	0	0	1	1	0	1	0	1	0	1	1	1	1	0
Mp7g06900	pos	0	0	0	0	0	1	1	0	1	1	0	1	0	1	1	0	0	1	0	1	0	1	0	0	1	0	0	1	0	1	0	0	0	0
Mp7g08160	pos	0	1	0	0	1	0	1	1	0	1	0	0	1	1	0	1	1	1	0	0	0	0	0	0	1	0	1	1	0	1	1	1	1	1
Mp7g09270	pos	0	0	1	0	0	0	0	1	1	1	0	0	1	0	0	1	1	1	1	1	0	0	0	0	1	0	1	1	0	0	1	1	0	0
Mp7g09780	pos	0	0	1	0	0	0	1	0	1	0	0	1	0	1	0	0	1	1	0	0	0	1	1	0	0	1	1	1	0	1	0	0	0	0
Mp7g10010	pos	0	0	0	0	0	0	1	0	0	1	0	1	1	1	1	1	1	1	1	0	0	1	0	1	1	1	0	1	0	0	0	1	0	0
Mp7g10890	pos	1	0	1	0	0	0	1	1	1	1	1	1	1	0	1	0	1	1	1	1	1	1	0	0	1	0	0	1	0	0	1	0	1	1
Mp7g11930	pos	0	0	1	1	0	0	1	0	0	1	0	0	0	1	0	1	1	0	0	0	1	1	1	0	1	1	0	1	0	1	0	1	1	0
Mp7g12260	pos	0	0	0	0	1	0	1	1	0	1	0	1	1	1	1	0	0	1	1	0	1	1	1	0	1	0	1	1	0	0	0	0	0	0
Mp7g12560	pos	0	0	1	0	0	0	1	1	1	1	1	0	1	1	0	1	1	0	0	1	1	1	0	0	1	1	0	0	1	1	1	0	0	0
Mp7g13670	pos	0	0	0	0	1	0	1	1	0	1	1	0	1	1	0	1	1	0	0	0	0	0	1	0	1	1	0	0	1	0	0	0	1	1
Mp7g13690	pos	0	0	0	0	0	1	1	1	0	0	0	1	1	1	1	1	1	0	1	1	0	1	0	0	1	0	1	0	0	0	0	1	0	0
Mp7g14390	pos	1	0	1	0	1	0	1	0	1	1	1	1	0	0	1	1	0	0	1	0	0	1	0	0	1	0	0	0	0	1	1	1	0	1
Mp7g14400	pos	0	0	0	0	1	0	1	1	0	1	1	0	1	1	1	1	1	0	1	0	0	0	1	0	1	1	0	0	1	0	0	1	0	0
Mp7g15690	pos	1	0	1	0	0	0	1	1	0	0	1	0	1	0	1	1	1	1	0	1	0	1	0	0	1	1	0	1	0	0	1	1	0	0
Mp7g16420	pos	0	0	0	0	1	0	1	0	1	0	1	1	1	0	1	0	0	1	1	1	0	1	0	0	0	0	1	1	0	0	0	1	0	0
Mp7g18430	pos	0	0	0	0	0	0	1	1	1	1	1	1	0	0	1	0	0	0	1	1	1	1	1	0	0	1	0	1	0	1	0	1	0	1
Mp8g00500	pos	0	0	0	0	1	0	0	1	0	1	1	1	1	1	1	0	0	0	1	1	0	1	0	0	1	1	0	1	1	0	0	1	1	0
Mp8g00660	pos	0	0	0	0	0	0	1	1	1	1	0	0	1	1	0	0	1	1	1	1	1	1	0	1	1	1	1	1	0	1	1	0	1	1
Mp8g01820	pos	0	1	1	0	0	1	0	1	1	1	1	1	1	0	0	0	0	0	0	0	1	1	0	1	1	0	0	1	0	0	0	1	1	1
Mp8g02150	pos	0	0	0	0	0	0	0	1	0	1	1	1	1	1	0	1	0	0	0	0	0	0	0	0	0	0	0	0	0	1	1	1	0	0
Mp8g04910	pos	1	0	0	0	0	0	0	0	0	1	0	1	0	1	0	1	0	1	0	0	0	1	0	0	1	1	0	1	0	0	1	0	0	0
Mp8g05120	pos	0	0	0	0	1	0	1	0	0	1	0	0	1	0	1	1	0	0	1	1	1	1	1	0	1	1	1	1	0	0	1	1	0	0
Mp8g06310	pos	1	0	1	0	1	1	1	1	1	0	1	0	0	0	1	0	0	1	1	1	1	1	0	0	1	1	0	1	0	1	1	1	0	1
Mp8g06690	pos	0	0	0	0	0	0	0	1	1	1	0	1	0	1	0	0	1	0	0	0	1	1	0	0	1	1	1	0	1	1	1	1	0	0
Mp8g07070	pos	0	0	1	0	1	0	0	1	0	1	1	1	1	0	0	0	1	0	1	1	0	1	0	0	1	1	0	1	0	1	0	0	0	1
Mp8g07380	pos	0	0	0	0	1	0	0	1	0	1	0	0	1	1	0	1	0	0	0	0	0	0	0	0	0	1	0	0	0	1	1	0	0	0
Mp8g08930	pos	0	0	0	0	1	0	0	1	1	1	0	0	0	1	0	0	1	0	1	1	1	0	0	0	0	1	0	0	0	0	0	0	1	0
Mp8g08960	pos	1	0	0	0	1	0	0	1	0	1	0	1	0	0	0	1	1	0	0	0	0	0	1	0	1	1	0	1	1	0	1	1	0	0
Mp8g10150	pos	1	1	0	0	1	1	0	0	1	1	0	1	1	0	0	1	1	1	0	0	0	0	0	0	0	0	0	1	1	0	0	1	0	0
Mp8g10350	pos	0	0	0	0	1	0	0	1	0	1	1	1	1	0	0	0	1	0	1	0	0	1	0	0	1	0	0	1	0	0	0	1	0	0
Mp8g10580	pos	0	0	0	0	0	1	0	1	1	1	0	1	1	1	1	1	0	0	1	0	0	1	1	0	1	1	1	1	1	0	1	0	0	0
Mp8g11420	pos	1	0	1	0	0	1	0	1	0	1	1	1	1	0	1	1	0	1	1	0	0	1	0	0	1	0	0	1	1	0	1	1	0	1
Mp8g11560	pos	0	0	0	0	0	0	1	1	1	1	0	1	0	1	0	1	1	1	0	1	1	0	0	0	1	0	1	1	0	0	0	1	0	0
Mp8g12710	pos	0	0	0	0	0	0	1	1	0	1	0	1	0	1	1	1	1	1	0	0	1	1	0	0	0	0	1	1	0	0	0	1	0	1
Mp8g14870	pos	0	0	1	0	1	0	1	0	0	0	0	1	1	1	1	0	1	1	1	1	1	1	0	1	1	1	0	1	0	1	0	1	0	1
Mp8g14900	pos	1	0	0	0	0	0	0	0	0	1	0	0	0	0	1	0	1	0	1	1	1	1	0	0	1	0	0	1	0	1	1	1	0	1
Mp8g16110	pos	0	0	0	0	1	1	0	0	0	1	0	1	1	1	1	0	1	0	0	0	0	0	1	0	1	1	1	1	0	0	1	1	0	0
Mp8g17560	pos	0	0	0	0	0	0	1	1	0	1	0	0	1	1	1	1	0	0	1	0	1	1	1	0	1	1	1	1	0	1	1	0	0	0
Mp8g18910	pos	0	1	0	0	1	1	0	0	1	0	0	1	1	1	0	1	0	1	1	1	0	1	0	0	1	1	0	0	0	1	0	1	0	1
Mpzg00310	pos	0	0	0	0	0	0	1	1	1	1	0	0	1	0	0	1	0	1	1	1	0	1	0	1	1	0	1	1	0	0	1	1	1	0
Mp1g02140	neg	0	0	0	0	1	0	1	0	0	0	0	1	0	0	0	1	1	1	0	0	0	1	1	0	1	0	0	1	0	0	1	1	1	0
Mp1g03490	neg	0	0	0	0	0	0	1	1	0	1	0	1	1	1	1	1	1	0	1	0	0	1	1	1	0	1	0	1	0	0	1	1	0	0
Mp1g03600	neg	1	0	0	0	0	0	1	1	0	0	0	0	0	1	0	1	1	0	0	0	1	0	1	1	0	1	0	1	0	0	1	0	0	0
Mp1g03710	neg	0	0	1	0	0	0	0	0	0	1	0	0	1	0	0	1	1	1	0	0	1	0	0	0	0	1	0	1	1	1	1	0	1	0
Mp1g03900	neg	0	0	1	0	1	0	0	1	0	0	0	0	0	1	0	0	0	1	0	0	0	1	0	0	1	0	0	0	1	0	0	0	0	0
Mp1g04360	neg	0	1	0	0	1	0	0	0	1	1	0	0	1	0	0	0	0	0	0	0	0	1	0	1	1	0	0	1	0	0	0	1	0	0
Mp1g04370	neg	0	0	0	0	0	0	1	1	0	1	1	0	0	0	1	0	0	0	1	1	0	0	0	0	1	1	1	0	1	1	0	0	0	0
Mp1g04480	neg	0	0	0	0	1	1	0	0	0	1	0	1	0	0	0	0	1	0	1	1	1	1	0	0	1	1	0	1	0	0	0	0	0	0
Mp1g06740	neg	0	0	0	0	0	1	0	0	0	0	1	0	0	1	0	1	0	0	0	1	1	1	1	0	1	0	0	0	1	0	0	1	0	0
Mp1g09040	neg	0	0	0	0	1	0	1	1	1	1	0	0	0	1	0	1	1	0	1	1	1	1	0	0	1	0	1	1	0	0	0	1	0	0
Mp1g09380	neg	0	0	0	0	1	0	1	0	0	1	0	1	1	1	1	1	0	0	0	0	0	1	0	0	0	1	0	1	0	0	1	1	0	0
Mp1g09470	neg	0	0	0	0	1	1	1	0	1	1	0	0	0	0	1	0	0	0	0	1	1	0	0	0	0	0	1	0	0	1	1	0	0	0
Mp1g09720	neg	1	0	0	0	1	0	1	1	0	1	1	1	1	0	0	0	0	0	1	0	0	1	1	0	1	1	1	0	0	0	1	1	0	0
Mp1g10670	neg	1	0	1	0	0	0	1	0	0	1	0	0	1	1	1	1	1	0	0	0	0	1	0	0	1	1	0	0	0	0	1	0	0	0
Mp1g10920	neg	0	0	0	0	1	1	0	0	0	0	1	1	1	1	0	0	1	0	1	1	0	0	1	0	0	0	0	0	0	0	1	1	0	1
Mp1g11600	neg	0	0	0	0	1	0	0	0	0	1	0	0	1	1	1	1	1	1	1	0	0	0	0	0	1	1	0	1	0	1	0	1	0	0
Mp1g11750	neg	1	0	0	0	0	0	0	0	0	0	0	1	1	0	0	0	0	0	0	0	0	0	0	0	0	1	0	0	0	0	1	0	0	0
Mp1g12350	neg	0	0	1	0	1	0	0	0	1	0	0	0	0	1	1	1	1	0	0	1	1	0	1	0	1	0	1	1	0	0	0	0	0	0
Mp1g12970	neg	1	0	1	0	1	1	0	1	1	0	0	1	1	1	0	0	0	0	0	1	0	0	0	0	1	1	0	0	0	0	1	1	0	0
Mp1g15000	neg	0	0	1	0	1	0	1	1	1	1	1	0	1	0	0	1	0	0	1	0	0	0	0	0	1	1	0	0	1	0	0	0	0	0
Mp1g15190	neg	1	0	0	0	0	0	1	1	0	1	1	0	0	0	0	0	0	1	0	0	0	0	1	0	0	0	0	0	0	0	0	0	0	0
Mp1g15670	neg	0	0	1	0	0	0	1	1	0	1	0	0	1	0	0	0	1	1	1	1	0	0	1	0	1	1	0	1	0	0	0	1	0	0
Mp1g15710	neg	0	0	0	0	0	0	0	0	0	1	1	0	0	1	0	1	0	0	0	0	1	1	0	0	1	0	0	1	0	0	1	1	0	1
Mp1g15940	neg	0	0	0	0	0	0	0	1	0	1	0	1	0	0	0	0	0	1	0	0	0	1	0	0	1	0	0	1	0	0	0	0	0	0
Mp1g16030	neg	1	0	0	0	1	1	0	0	0	0	0	1	1	0	1	0	1	0	1	0	1	1	0	0	0	0	0	1	0	0	1	1	0	0
Mp1g16270	neg	0	0	0	0	1	0	0	1	0	0	0	1	1	0	0	0	1	1	1	1	0	1	0	0	1	1	0	0	1	0	1	0	0	1
Mp1g16370	neg	0	0	0	0	0	1	0	1	0	1	0	0	0	0	0	1	0	0	0	1	1	1	1	0	0	1	0	1	0	0	1	1	0	0
Mp1g16470	neg	0	0	0	0	1	0	1	1	0	1	0	0	1	1	0	0	1	0	1	0	0	1	0	0	1	0	0	1	1	0	1	0	1	0
Mp1g16690	neg	0	0	0	0	0	0	1	1	0	0	0	0	1	0	0	0	0	0	0	0	0	0	0	0	1	0	0	1	0	0	0	1	0	0
Mp1g16990	neg	0	0	0	0	1	0	0	0	0	0	0	1	0	0	0	1	0	0	1	0	0	0	0	0	0	0	0	1	1	1	1	0	0	0
Mp1g18700	neg	0	0	1	0	0	0	0	1	0	1	0	1	1	0	0	1	0	0	0	0	0	0	1	1	1	1	0	1	0	0	0	1	0	1
Mp1g19320	neg	0	0	0	0	1	0	0	0	1	0	0	0	0	0	0	1	1	0	1	0	0	0	0	0	0	0	1	0	0	1	0	0	0	0
Mp1g19710	neg	1	0	0	0	1	0	0	1	0	0	0	0	0	1	0	0	1	0	1	1	0	0	0	0	0	1	0	0	1	0	1	1	0	0
Mp1g21200	neg	0	1	0	0	0	0	0	1	0	1	0	0	0	0	0	1	0	0	1	0	0	1	1	0	0	0	0	0	0	0	0	0	0	0
Mp1g22090	neg	0	1	0	0	0	1	0	1	1	1	0	0	1	0	0	0	0	1	0	1	0	0	0	0	1	0	0	0	1	0	0	0	0	0
Mp1g22760	neg	1	0	1	0	0	0	0	0	1	1	0	1	1	0	1	0	1	1	0	0	0	1	0	0	1	0	1	1	0	0	0	1	0	0
Mp1g23020	neg	0	0	0	0	0	0	1	0	0	1	1	0	0	1	0	0	0	1	0	0	0	0	0	0	0	0	0	0	0	0	0	0	0	0
Mp1g23300	neg	0	0	1	0	0	0	1	0	0	1	0	1	0	0	1	1	1	0	0	0	1	0	1	0	0	0	0	1	0	0	1	0	0	1
Mp1g23310	neg	0	0	1	0	1	0	1	0	1	1	0	0	1	0	1	1	1	0	1	1	0	0	1	0	1	1	1	1	0	0	1	1	0	0
Mp1g24090	neg	0	0	0	0	0	0	0	1	0	1	0	0	0	1	0	1	0	0	1	0	0	1	0	0	1	1	0	0	0	1	0	1	0	0
Mp1g24790	neg	0	1	1	0	1	0	0	0	1	1	1	1	1	0	0	1	0	1	1	0	1	1	0	0	1	0	0	1	0	0	0	1	0	0
Mp1g25310	neg	0	0	0	0	0	1	0	1	0	1	0	0	1	0	0	1	0	0	0	0	0	1	0	0	1	0	0	0	1	0	0	1	0	0
Mp1g25710	neg	0	0	1	0	1	0	1	1	1	0	0	1	0	1	1	0	1	1	0	0	0	1	0	0	1	0	1	1	1	1	1	0	0	1
Mp1g27170	neg	0	0	0	0	1	1	0	0	0	1	0	1	1	0	0	0	0	1	0	0	1	0	0	0	0	0	1	0	0	0	1	1	0	1
Mp1g27590	neg	0	0	1	0	0	0	0	1	0	0	0	0	1	0	1	1	1	0	0	0	0	0	1	0	0	1	0	0	0	0	0	1	0	1
Mp1g27730	neg	0	0	1	1	0	0	1	1	0	0	1	1	0	0	0	0	0	1	0	0	0	1	0	0	1	0	0	1	0	0	1	1	1	1
Mp1g27770	neg	0	0	0	0	1	1	0	1	0	1	1	1	0	0	0	1	1	0	0	0	0	1	0	0	1	0	0	1	0	0	0	1	0	0
Mp1g28460	neg	0	0	0	0	0	0	0	1	1	1	1	0	1	0	0	0	0	0	1	0	0	1	1	0	1	0	1	0	0	0	1	0	0	0
Mp2g00750	neg	1	0	0	0	0	0	1	1	1	0	1	0	1	0	0	0	1	0	0	0	0	1	1	0	1	0	1	1	0	0	0	1	0	0
Mp2g01050	neg	0	0	0	0	1	0	1	0	0	0	0	1	1	1	0	0	1	1	1	0	0	1	0	0	1	0	1	0	0	1	0	0	0	0
Mp2g01200	neg	0	0	0	0	1	0	0	1	0	1	0	0	0	1	0	0	1	0	0	0	0	0	0	0	0	0	0	0	1	0	1	0	0	1
Mp2g02530	neg	0	0	0	0	0	0	0	1	0	0	0	1	1	1	0	1	1	0	0	1	0	1	1	0	1	0	0	1	0	0	0	1	0	0
Mp2g02540	neg	1	0	1	0	1	0	0	1	0	0	0	0	1	1	1	0	0	1	0	0	0	0	0	0	0	0	0	0	0	0	1	1	0	0
Mp2g03050	neg	0	0	0	0	0	0	1	0	0	1	0	1	1	1	1	1	1	1	0	0	0	1	0	0	1	1	1	1	0	1	1	0	0	0
Mp2g03190	neg	0	0	0	0	0	0	0	0	0	1	0	0	1	1	0	0	1	0	0	0	0	1	0	0	1	1	1	1	0	0	0	0	1	0
Mp2g04590	neg	0	0	0	0	1	0	0	1	0	1	0	0	0	0	1	1	1	0	0	1	1	1	0	0	0	0	1	1	0	0	0	1	0	0
Mp2g04640	neg	0	0	0	0	0	0	1	1	1	1	0	1	1	1	0	0	0	0	1	1	1	1	0	0	1	1	1	1	1	0	0	1	0	0
Mp2g05550	neg	1	0	0	0	0	0	0	1	0	1	0	0	1	1	1	1	1	0	0	0	0	1	0	0	0	1	0	0	0	0	1	0	0	0
Mp2g06000	neg	0	0	0	0	0	1	1	0	0	0	0	0	1	1	1	1	0	0	1	0	0	1	0	0	1	0	1	1	1	0	0	0	0	0
Mp2g07110	neg	0	0	1	0	0	0	0	1	1	0	1	0	1	1	0	1	1	0	0	1	1	1	0	0	1	0	1	1	0	0	0	0	0	0
Mp2g07880	neg	0	0	0	0	0	0	1	0	0	1	0	0	1	1	1	1	1	0	0	0	0	1	0	0	0	0	1	1	1	0	0	1	0	0
Mp2g08150	neg	0	1	0	0	0	0	0	0	0	0	0	0	0	0	0	0	0	0	0	0	0	0	0	0	1	0	1	0	0	0	0	1	0	0
Mp2g10130	neg	0	0	0	0	1	1	1	1	1	1	0	1	0	0	0	0	0	0	1	1	0	1	0	0	1	0	1	1	0	0	1	1	0	1
Mp2g10540	neg	0	0	0	0	1	0	0	1	1	1	1	0	0	0	0	1	0	1	0	1	0	0	0	0	0	0	1	0	0	0	1	0	1	1
Mp2g13520	neg	0	0	0	0	1	0	1	1	0	1	0	0	1	0	0	1	1	0	0	0	0	0	0	0	1	0	0	1	0	0	0	0	0	0
Mp2g13800	neg	0	0	0	0	0	0	0	0	0	0	1	0	0	0	0	0	0	0	0	0	0	0	0	0	1	0	0	1	0	1	0	0	0	0
Mp2g17670	neg	0	0	0	0	1	0	0	1	0	0	0	0	1	1	0	1	1	1	1	1	1	1	0	0	1	1	1	0	1	0	0	0	0	1
Mp2g17830	neg	1	0	0	0	1	0	0	0	0	1	0	1	1	1	1	1	0	1	1	1	0	1	0	0	0	0	0	0	1	1	1	1	0	0
Mp2g18070	neg	0	0	1	0	1	0	0	1	0	1	0	0	0	0	1	0	0	0	0	0	0	1	0	0	1	1	1	1	1	0	0	1	0	1
Mp2g18400	neg	0	0	0	0	1	0	0	1	0	1	0	0	1	1	1	0	1	0	1	1	0	1	0	0	1	0	1	1	1	0	0	1	0	1
Mp2g19030	neg	0	0	0	0	0	0	0	0	0	0	1	0	0	1	0	0	0	0	0	0	1	1	1	0	0	0	1	1	0	1	0	1	0	0
Mp2g19780	neg	0	0	0	0	1	1	0	0	1	0	1	0	1	0	0	0	0	0	0	1	1	0	0	0	1	1	1	1	0	0	0	1	0	0
Mp2g20460	neg	0	0	0	0	1	1	0	1	0	1	1	0	0	0	0	0	1	0	0	0	0	0	0	0	0	0	0	1	0	0	1	0	0	0
Mp2g21190	neg	0	0	0	0	1	0	1	0	0	1	0	0	1	0	1	1	0	0	1	0	0	0	0	0	1	0	1	1	0	1	1	1	0	1
Mp2g23810	neg	0	0	0	0	0	1	0	0	1	0	1	0	0	0	1	1	0	0	0	0	0	0	1	0	0	0	1	1	0	0	0	0	0	0
Mp2g24520	neg	0	0	0	0	1	0	1	0	0	0	0	0	0	1	1	1	0	1	1	1	1	0	1	0	0	1	0	1	0	0	1	0	0	0
Mp2g25780	neg	0	0	0	0	0	0	1	0	0	1	0	0	1	0	1	1	1	0	1	1	1	1	1	0	0	1	0	1	1	0	1	1	1	1
Mp2g26330	neg	1	0	0	0	0	0	0	1	0	0	0	1	1	0	0	0	1	0	0	0	1	1	1	0	1	1	1	0	0	0	0	1	0	1
Mp3g00040	neg	0	0	1	0	1	0	0	0	0	1	0	0	0	0	0	0	0	0	0	0	0	0	0	0	0	0	0	0	1	1	1	0	1	0
Mp3g00820	neg	0	0	0	0	0	0	0	1	0	0	0	1	0	0	0	0	0	0	1	0	0	0	0	1	0	1	0	1	0	0	0	1	0	1
Mp3g01120	neg	0	0	0	0	0	0	0	1	1	1	0	0	1	1	0	0	1	0	0	0	0	1	0	0	1	0	1	0	0	1	1	1	1	0
Mp3g01280	neg	0	0	0	0	0	1	1	1	0	1	0	0	1	0	0	0	1	0	0	1	0	0	0	0	1	0	0	0	1	0	0	0	0	0
Mp3g02900	neg	0	0	0	0	1	1	1	1	1	0	0	0	1	1	0	1	0	0	1	1	1	1	1	0	1	0	0	1	0	0	1	0	1	0
Mp3g03780	neg	0	0	0	0	0	0	0	0	0	1	0	1	1	0	0	0	1	0	1	1	1	0	1	0	1	1	1	1	1	0	0	0	0	0
Mp3g04280	neg	1	0	1	1	1	0	0	0	0	1	0	1	1	0	0	1	0	0	0	0	0	1	0	0	0	0	0	0	0	0	1	0	1	1
Mp3g04350	neg	1	0	1	1	0	0	1	0	0	1	1	1	1	0	0	0	1	0	0	1	0	0	0	0	1	0	0	0	0	0	1	0	0	0
Mp3g04870	neg	0	0	0	0	1	0	0	0	0	1	0	0	1	0	0	1	1	1	0	0	1	1	1	0	1	0	0	0	1	0	0	1	0	0
Mp3g06130	neg	0	0	0	0	0	0	1	1	0	1	0	1	1	1	1	0	1	0	1	1	1	1	0	0	0	1	0	0	0	0	0	1	1	0
Mp3g07290	neg	0	0	0	0	0	0	0	0	0	1	0	0	0	1	1	1	1	0	0	0	1	1	0	0	0	1	0	1	0	0	0	1	0	0
Mp3g07900	neg	0	0	0	0	0	0	1	0	0	0	0	1	0	1	1	1	1	0	1	0	0	1	0	0	0	1	0	1	1	1	1	0	0	0
Mp3g08270	neg	1	0	1	0	0	1	1	1	1	0	1	0	0	0	0	0	0	0	0	0	0	0	0	0	1	0	0	1	0	0	1	1	0	0
Mp3g09070	neg	0	0	1	0	0	0	1	1	0	0	1	0	0	1	0	0	0	0	1	1	1	0	0	0	0	1	0	0	0	0	0	1	1	0
Mp3g09440	neg	0	0	0	0	0	1	0	1	0	1	0	0	0	0	0	1	0	0	1	1	1	1	0	0	1	1	1	0	0	0	1	0	0	1
Mp3g10020	neg	1	0	0	0	1	0	0	1	0	1	0	0	0	0	0	0	1	0	0	0	0	1	0	0	1	0	0	0	0	0	1	0	1	1
Mp3g11420	neg	0	0	0	0	1	0	1	1	0	0	1	0	1	0	0	0	0	0	0	0	0	0	0	0	1	1	0	0	0	0	0	0	0	0
Mp3g13420	neg	1	0	1	0	1	0	0	1	0	1	0	0	1	0	0	1	0	0	0	0	0	1	0	0	0	1	0	0	0	0	0	1	0	0
Mp3g13950	neg	0	0	0	0	0	1	1	1	0	0	1	0	1	0	0	1	0	0	1	0	0	0	1	0	1	0	1	1	1	1	0	1	0	1
Mp3g14690	neg	0	0	1	1	0	0	0	0	0	0	1	1	1	0	0	0	0	0	0	0	1	1	0	0	1	0	0	0	0	0	1	1	1	0
Mp3g15600	neg	0	0	0	0	1	1	1	0	0	1	0	0	0	1	1	0	0	0	1	1	1	0	0	0	0	0	0	0	0	0	0	0	0	0
Mp3g15900	neg	1	0	0	0	0	1	0	1	0	1	0	0	0	0	1	0	1	1	0	0	0	1	0	1	1	1	0	0	0	0	0	1	0	1
Mp3g18440	neg	0	0	0	0	1	0	1	1	1	0	1	0	0	0	0	0	0	1	0	0	0	0	0	0	0	1	0	1	1	0	1	1	0	0
Mp3g21200	neg	0	1	1	1	0	0	1	1	0	1	0	1	0	0	0	1	1	1	0	1	0	0	0	1	1	0	0	0	0	1	0	1	1	0
Mp3g21250	neg	0	0	0	0	1	0	0	1	1	1	0	0	1	0	0	1	1	1	1	1	0	1	1	0	0	1	1	1	0	0	1	0	1	0
Mp3g21540	neg	0	0	0	0	1	0	0	0	0	0	1	1	1	0	0	0	0	0	0	0	1	1	0	0	0	1	0	0	0	0	0	0	1	0
Mp3g21830	neg	0	0	0	0	1	0	0	1	0	0	0	0	0	1	1	0	1	0	0	0	0	0	0	0	1	1	1	1	0	0	0	0	1	0
Mp3g22850	neg	1	0	1	0	0	0	1	1	1	0	0	1	1	0	1	0	1	0	0	0	1	1	0	1	1	0	0	0	1	0	0	1	1	0
Mp3g25220	neg	0	0	0	0	1	1	1	1	1	1	0	1	1	1	1	0	1	0	1	0	1	1	1	0	1	1	1	1	0	0	1	1	0	1
Mp4g00080	neg	0	0	0	0	1	0	0	1	0	0	0	0	0	0	0	0	0	0	0	0	0	0	0	0	0	0	0	0	0	1	1	0	0	1
Mp4g01280	neg	0	0	0	0	0	0	0	1	1	1	0	0	0	1	1	1	1	0	1	0	0	1	1	0	0	1	0	1	0	1	1	0	1	1
Mp4g02300	neg	0	0	0	0	0	0	0	1	1	0	1	1	1	1	1	1	0	0	0	1	1	1	1	0	1	0	1	1	0	0	0	0	1	0
Mp4g03440	neg	1	0	0	0	1	1	0	0	0	0	1	0	0	0	0	0	0	1	1	1	0	1	0	0	1	1	1	1	1	0	1	0	0	1
Mp4g06160	neg	0	0	1	0	1	0	0	0	0	0	0	0	0	0	0	0	0	0	1	1	1	0	0	0	0	1	0	1	0	0	0	1	0	0
Mp4g07410	neg	0	0	1	0	1	1	0	0	1	0	1	0	1	0	0	0	1	0	1	1	0	0	0	0	1	0	0	0	0	0	0	1	0	0
Mp4g07480	neg	0	0	0	0	1	0	0	0	1	0	0	1	0	1	0	0	1	0	1	0	1	1	0	0	1	0	0	1	0	1	0	1	0	0
Mp4g07650	neg	1	0	1	0	0	0	1	1	0	1	1	1	0	0	0	0	0	0	0	1	0	1	0	0	0	1	0	0	0	1	1	0	1	1
Mp4g08050	neg	0	1	0	0	0	0	0	1	0	0	0	0	1	0	0	0	0	0	0	0	0	0	0	0	1	0	0	0	1	1	0	1	0	0
Mp4g08260	neg	1	0	0	0	0	0	0	1	0	0	1	0	1	0	0	0	0	0	0	0	0	0	0	0	0	0	1	0	0	0	0	1	0	0
Mp4g08860	neg	1	0	0	0	1	0	0	0	1	1	1	0	1	0	1	0	0	0	0	0	0	0	0	0	0	0	0	0	0	0	1	0	1	1
Mp4g09250	neg	0	0	0	0	0	0	0	0	1	1	0	1	0	1	0	1	0	1	1	1	0	1	0	0	1	0	1	1	1	0	1	0	1	1
Mp4g09730	neg	0	0	0	0	1	1	0	1	0	1	0	0	1	1	0	0	1	0	1	1	1	0	0	0	0	0	0	1	0	0	1	1	0	0
Mp4g10170	neg	0	0	0	0	1	0	1	0	0	0	0	0	1	0	1	1	0	0	0	0	0	0	0	0	0	1	0	1	0	0	0	1	0	0
Mp4g10580	neg	0	0	1	0	1	0	0	0	0	0	1	1	1	0	0	0	0	1	0	0	0	1	0	0	1	1	0	0	0	0	0	1	0	0
Mp4g10740	neg	0	0	0	0	1	0	0	1	0	0	0	0	0	0	0	1	1	1	1	0	0	1	0	0	1	0	0	0	0	0	0	0	0	0
Mp4g11910	neg	0	0	0	0	1	0	0	0	0	1	0	0	1	1	0	1	1	0	0	0	0	0	0	0	0	0	0	0	0	1	1	1	1	0
Mp4g13030	neg	0	0	0	0	0	0	1	0	0	0	1	0	0	0	0	1	0	1	0	0	0	1	1	0	1	0	0	0	0	0	0	0	1	0
Mp4g13120	neg	0	0	0	0	1	1	0	1	0	1	0	1	1	0	0	1	0	0	1	1	1	1	0	0	0	1	0	1	1	0	0	0	0	0
Mp4g13410	neg	0	0	1	0	0	1	0	1	0	1	1	0	0	0	0	0	0	1	0	0	0	1	0	0	0	0	0	1	0	0	1	1	1	0
Mp4g15900	neg	0	0	0	0	1	1	0	1	0	1	0	0	1	1	0	0	1	0	1	0	0	1	1	0	1	0	1	0	0	1	0	1	1	0
Mp4g16370	neg	0	0	1	0	1	0	1	1	0	1	0	0	0	0	1	0	1	0	0	0	0	0	0	0	0	0	0	1	0	0	0	1	0	0
Mp4g16400	neg	0	0	0	0	0	0	0	1	0	1	1	0	0	1	0	1	0	0	0	0	0	1	0	0	0	0	1	0	0	0	0	0	0	1
Mp4g17040	neg	0	0	0	0	1	0	0	1	0	0	0	1	0	1	1	0	1	0	1	0	0	1	0	0	1	1	0	1	0	0	0	1	0	0
Mp4g17090	neg	0	0	0	0	0	0	1	0	0	0	1	0	0	1	0	0	0	0	0	0	0	1	0	0	1	0	0	1	0	0	1	1	0	0
Mp4g17290	neg	1	0	1	0	1	0	1	0	0	0	1	1	0	0	1	0	0	0	1	1	1	1	1	1	1	1	1	1	0	0	0	0	1	0
Mp4g17630	neg	0	0	0	0	1	0	0	1	0	0	0	1	1	0	0	1	1	1	1	0	0	0	0	0	1	0	1	1	0	0	0	1	0	0
Mp4g19680	neg	0	0	1	0	1	0	1	1	0	1	0	0	0	0	1	0	1	0	0	0	0	0	0	0	0	0	1	1	0	0	0	1	0	0
Mp4g21690	neg	0	0	0	0	0	0	0	1	1	1	0	0	1	1	0	0	1	0	0	1	1	0	0	0	0	1	1	0	0	0	1	1	0	0
Mp4g22260	neg	1	0	1	0	1	1	0	1	0	0	0	0	0	0	1	0	1	1	0	0	0	1	0	0	1	0	0	1	0	0	0	0	0	1
Mp4g22470	neg	1	0	1	0	1	1	0	1	0	0	1	0	1	0	0	0	1	0	1	1	1	0	1	0	0	0	0	1	1	0	1	1	0	0
Mp4g22980	neg	0	0	0	0	0	0	1	0	0	1	1	0	1	1	1	1	1	0	1	1	1	0	1	0	1	0	1	0	1	0	0	0	1	1
Mp4g23680	neg	0	1	0	0	0	1	1	0	1	0	0	0	1	0	0	0	0	0	1	1	0	0	0	0	1	1	1	1	0	0	1	1	0	0
Mp4g24110	neg	0	0	0	0	0	0	0	0	1	0	0	1	0	0	0	0	0	0	0	0	0	0	0	0	1	0	0	0	0	0	0	0	1	0
Mp4g24120	neg	0	0	0	0	0	0	0	1	0	1	0	0	1	0	0	1	0	1	0	0	1	1	0	0	1	1	0	0	0	0	0	0	1	0
Mp5g01810	neg	0	0	0	0	0	1	0	0	0	1	0	1	1	0	1	1	1	0	1	1	1	1	1	0	0	1	0	0	0	0	0	1	0	0
Mp5g01850	neg	0	0	0	0	0	0	0	0	0	0	0	0	0	0	1	0	1	0	1	0	0	1	0	0	1	0	0	0	0	0	0	0	0	0
Mp5g02020	neg	0	0	0	0	0	0	1	1	0	1	1	0	0	0	1	0	1	1	0	0	1	1	1	0	0	0	0	1	0	1	0	1	1	0
Mp5g03000	neg	0	0	0	0	0	0	1	1	0	0	0	1	1	0	0	1	1	0	0	1	0	0	1	1	0	0	0	1	0	0	0	1	0	0
Mp5g03320	neg	0	0	0	0	1	1	0	1	0	1	1	1	0	1	0	0	1	0	1	0	0	0	0	0	1	0	0	1	0	0	0	0	0	0
Mp5g03650	neg	0	0	0	0	0	0	0	0	0	0	1	0	1	0	0	0	0	0	1	0	0	0	0	0	1	0	0	1	0	0	0	1	1	0
Mp5g04990	neg	0	0	0	0	0	0	1	1	0	0	0	0	0	0	0	1	1	0	1	0	0	1	0	0	1	1	0	0	0	1	0	1	0	0
Mp5g06660	neg	0	0	0	0	1	0	0	1	0	0	0	0	0	0	0	0	0	0	0	0	0	0	0	0	0	0	0	1	0	0	0	0	0	1
Mp5g07100	neg	0	0	0	0	1	1	1	0	0	1	0	0	0	0	0	0	1	0	0	0	0	1	1	0	0	0	0	1	0	1	1	0	0	0
Mp5g07580	neg	0	0	0	0	0	0	1	0	0	0	0	1	0	1	1	0	1	0	0	0	1	1	0	0	0	1	1	1	0	0	0	1	0	0
Mp5g08150	neg	0	0	0	0	1	1	0	1	1	0	0	0	1	0	1	0	1	0	1	1	1	1	0	0	1	0	0	0	0	0	0	0	1	0
Mp5g08280	neg	0	1	0	0	1	0	1	0	1	1	1	0	1	0	1	0	0	0	0	1	0	1	0	0	0	1	1	1	0	0	1	0	0	0
Mp5g10920	neg	1	0	0	0	0	0	1	0	0	1	1	1	0	0	1	1	0	0	0	0	0	0	0	1	0	1	0	1	0	0	1	0	0	0
Mp5g10990	neg	0	0	0	0	0	0	0	1	0	1	0	0	1	0	0	0	1	1	0	0	0	1	0	0	1	0	0	1	0	0	1	0	0	0
Mp5g13220	neg	0	1	0	0	1	1	0	1	1	1	0	0	1	0	0	0	0	0	1	1	0	1	0	0	0	0	0	0	0	0	0	1	0	1
Mp5g14040	neg	0	0	1	0	1	0	0	1	0	1	1	0	1	0	0	0	0	1	0	0	0	0	0	0	1	0	0	0	0	0	1	1	0	1
Mp5g14180	neg	1	0	0	0	0	0	1	0	0	0	0	1	0	1	1	0	0	0	0	0	0	0	1	0	0	0	1	0	0	0	0	1	0	1
Mp5g14810	neg	0	0	0	0	1	0	1	0	0	1	0	0	0	0	1	1	0	0	1	1	1	0	1	0	0	1	0	1	0	0	1	1	0	1
Mp5g15420	neg	0	0	0	0	0	1	0	1	0	0	1	1	1	0	1	1	1	0	0	1	0	0	1	1	0	1	0	0	1	0	1	1	0	1
Mp5g15970	neg	0	0	0	0	1	0	0	0	0	1	0	0	1	0	0	0	0	0	1	0	0	0	0	0	1	1	0	1	0	0	0	1	0	0
Mp5g16190	neg	0	0	0	0	1	1	0	0	0	1	0	0	1	0	0	0	1	0	0	0	1	0	0	0	0	1	0	1	0	0	1	1	0	0
Mp5g16970	neg	0	0	0	0	0	0	0	0	1	1	0	1	0	0	1	0	0	0	1	1	0	0	0	0	0	1	1	1	0	1	0	1	0	0
Mp5g17690	neg	0	0	0	0	1	0	1	1	0	1	0	1	1	0	0	0	1	0	1	1	0	0	0	1	1	1	1	1	0	1	1	0	0	0
Mp5g18560	neg	0	0	0	0	0	0	1	0	0	0	0	0	1	1	0	0	0	1	1	1	0	1	1	0	1	0	1	0	0	0	0	1	0	0
Mp5g20130	neg	0	0	0	0	1	1	1	1	1	1	1	0	0	0	1	0	1	0	1	1	0	0	1	0	1	1	0	0	1	1	1	1	0	0
Mp5g20780	neg	0	0	0	0	1	1	0	1	0	1	0	1	1	1	0	0	1	0	0	0	1	0	0	0	1	0	0	1	0	0	0	1	0	0
Mp5g21220	neg	0	0	0	0	1	0	1	0	1	0	0	0	1	1	1	0	1	1	1	0	0	1	0	0	1	1	1	1	0	0	0	1	0	0
Mp5g21320	neg	0	0	0	0	1	1	1	1	0	1	0	0	1	0	1	0	0	0	0	1	0	1	0	0	1	0	1	1	0	1	0	1	0	0
Mp5g22050	neg	0	0	1	0	1	1	0	0	1	0	0	1	1	0	0	1	1	1	1	0	0	1	1	0	0	0	1	0	1	0	0	1	1	0
Mp5g22230	neg	0	0	0	0	0	0	0	0	1	1	0	0	1	1	0	0	0	0	1	1	1	0	0	1	0	0	1	1	0	0	1	1	0	0
Mp5g22570	neg	0	0	0	0	1	0	0	0	1	1	1	0	0	0	0	0	0	1	0	1	0	0	0	1	1	0	0	0	0	0	0	1	0	0
Mp5g24080	neg	0	1	0	0	0	0	0	0	0	0	0	0	0	0	0	1	0	0	0	0	0	0	0	0	1	1	0	0	0	0	0	1	0	1
Mp6g00090	neg	0	0	0	0	0	0	1	1	0	1	1	0	0	1	0	0	1	1	0	0	0	0	0	0	0	0	0	0	0	0	1	0	0	0
Mp6g01220	neg	0	0	0	0	1	1	0	0	0	0	0	0	0	0	0	1	0	0	0	1	1	0	0	0	0	0	0	1	0	0	1	0	0	1
Mp6g05570	neg	0	0	0	0	1	0	0	0	0	0	0	0	1	0	0	0	1	0	0	0	0	0	0	1	1	0	0	0	0	0	0	1	0	0
Mp6g07260	neg	0	0	1	1	0	1	0	0	0	1	0	0	1	0	0	0	1	1	1	0	0	0	0	0	0	1	0	1	1	0	0	0	0	0
Mp6g07710	neg	0	1	1	0	0	0	0	1	1	0	0	0	1	0	1	1	0	0	0	0	1	1	0	0	1	0	0	0	0	0	0	1	0	0
Mp6g10010	neg	0	0	0	0	1	1	0	1	1	1	0	1	1	0	0	1	0	0	1	0	0	0	1	0	0	1	1	1	1	1	0	0	1	0
Mp6g11170	neg	0	0	0	0	1	0	1	1	1	1	0	1	1	1	1	0	1	0	1	0	1	1	1	1	1	1	1	0	0	0	0	0	0	0
Mp6g12120	neg	0	0	0	0	1	0	0	1	0	0	1	0	0	1	0	1	0	0	0	1	1	1	0	0	1	0	0	1	0	0	0	1	0	1
Mp6g13160	neg	0	1	1	0	1	0	0	1	0	1	0	0	0	0	0	0	1	0	0	0	0	1	0	0	0	1	0	0	0	0	0	1	0	0
Mp6g13220	neg	0	0	0	0	1	0	1	0	0	1	1	1	1	0	1	0	0	1	1	0	0	1	0	1	1	0	0	1	0	0	0	1	0	0
Mp6g15030	neg	1	0	0	0	0	1	0	0	0	0	1	0	0	1	0	0	0	0	0	0	0	0	0	0	0	0	1	0	0	0	1	0	0	0
Mp6g18280	neg	0	1	0	0	0	1	0	1	1	1	1	0	1	0	0	0	1	0	1	1	0	0	0	0	1	1	0	0	0	0	1	0	1	0
Mp6g18490	neg	1	0	1	0	0	0	0	0	0	1	0	1	1	0	0	0	0	0	0	0	1	1	0	0	1	0	0	0	0	0	0	0	1	0
Mp6g18980	neg	0	0	0	0	1	1	0	0	0	1	1	1	1	0	1	0	1	0	1	1	0	1	0	0	1	0	1	1	0	0	1	1	0	0
Mp6g21390	neg	0	0	0	0	1	0	1	0	1	1	0	1	0	0	0	1	1	1	1	0	1	0	0	0	0	0	0	1	0	1	0	0	0	0
Mp6g21470	neg	0	0	0	0	0	1	0	1	1	1	0	1	0	1	1	1	1	0	0	0	0	1	0	0	1	0	1	0	0	0	1	1	0	0
Mp7g00270	neg	0	0	0	0	1	0	1	0	1	1	0	0	1	1	0	0	0	0	0	1	1	1	0	0	1	1	1	1	1	0	1	0	0	0
Mp7g00390	neg	0	0	0	0	1	0	1	0	0	0	0	0	0	1	1	1	0	0	1	1	0	0	1	0	1	1	1	0	0	0	0	1	1	1
Mp7g00600	neg	0	0	0	0	1	0	0	1	1	0	0	0	0	0	0	0	1	0	1	0	0	1	0	0	0	0	0	0	0	0	1	0	1	0
Mp7g01760	neg	1	0	1	0	1	0	0	0	0	1	0	0	0	1	0	1	1	0	1	0	0	0	0	0	1	0	0	1	1	0	1	1	0	0
Mp7g05880	neg	0	0	0	0	1	0	1	1	0	0	0	1	1	1	0	0	1	1	0	0	0	1	0	0	1	1	0	1	0	0	1	1	0	0
Mp7g07200	neg	0	0	1	0	0	0	0	0	0	1	1	1	1	1	0	0	0	1	1	1	1	1	0	0	0	0	1	0	0	1	1	1	0	0
Mp7g07280	neg	1	0	0	0	0	0	0	1	0	0	1	0	0	1	1	1	1	0	0	0	0	1	1	0	0	0	1	0	0	1	0	1	0	0
Mp7g08380	neg	0	0	1	0	0	0	0	1	0	1	0	0	1	0	1	1	1	0	1	1	1	1	0	0	0	0	0	1	0	0	0	0	1	0
Mp7g08420	neg	0	0	0	0	0	0	0	0	0	1	0	0	1	1	1	1	1	0	0	0	0	1	0	0	1	1	0	0	0	1	1	1	0	0
Mp7g08640	neg	0	0	0	0	1	0	0	1	0	0	0	1	0	0	0	0	1	1	0	0	1	1	0	0	1	0	1	0	0	0	1	0	0	0
Mp7g08940	neg	1	0	0	0	0	1	0	1	0	0	1	0	0	0	0	0	0	0	1	0	0	0	0	0	0	0	0	1	1	1	1	0	0	0
Mp7g09890	neg	0	0	1	0	0	0	1	0	1	1	0	0	0	1	0	1	0	0	1	1	0	0	1	0	1	0	0	1	0	0	0	0	0	1
Mp7g10230	neg	0	0	1	0	1	1	1	1	0	0	0	0	1	1	0	0	1	0	0	0	0	0	0	0	1	1	0	0	0	0	0	1	0	1
Mp7g10450	neg	0	0	0	0	1	1	0	1	0	0	0	1	1	1	0	0	0	1	1	1	0	1	0	0	1	0	1	1	0	0	1	1	0	0
Mp7g13510	neg	0	0	0	0	1	0	0	0	0	1	0	1	1	0	1	0	1	0	1	1	0	1	0	0	1	1	0	0	1	0	1	0	0	0
Mp7g15090	neg	0	0	0	0	0	0	0	0	0	0	1	0	0	0	0	0	0	0	1	0	0	0	0	0	0	1	0	1	0	0	0	1	0	0
Mp7g15240	neg	0	0	1	0	1	1	0	0	1	1	0	0	1	0	0	0	1	1	1	1	0	0	0	0	0	0	0	1	0	0	0	1	0	0
Mp7g15530	neg	0	1	0	0	1	0	1	0	0	0	0	1	1	1	0	1	0	0	0	0	1	1	0	0	1	0	1	1	0	0	0	1	0	0
Mp7g15560	neg	0	0	0	0	0	0	1	1	0	1	0	0	0	1	0	0	0	0	1	0	1	1	0	0	0	1	0	0	0	0	0	0	1	1
Mp7g15970	neg	0	0	0	0	0	0	0	1	0	0	1	0	0	1	0	1	1	1	1	0	1	1	0	0	1	1	0	1	0	0	0	0	1	1
Mp7g16030	neg	0	0	0	0	1	0	0	0	0	1	0	1	1	0	1	1	0	0	0	0	1	1	0	0	1	0	1	1	0	0	1	0	0	1
Mp7g16250	neg	1	0	0	0	1	0	0	1	1	0	1	0	0	0	0	0	1	1	1	0	0	0	0	0	0	1	0	1	0	0	0	1	0	0
Mp7g16870	neg	0	0	0	0	0	0	0	1	1	1	1	0	0	0	1	1	0	0	1	1	1	1	0	0	1	1	1	1	1	0	0	0	1	1
Mp7g18940	neg	0	0	1	0	0	1	0	1	0	0	1	0	1	0	0	0	0	0	0	0	0	1	0	0	1	0	1	0	0	1	1	1	0	0
Mp7g19350	neg	0	0	0	0	0	0	1	1	1	1	1	0	1	1	1	0	0	1	1	1	0	1	0	0	0	0	0	0	0	1	0	1	0	0
Mp7g19420	neg	1	0	0	0	0	1	0	0	0	1	1	0	1	1	1	0	0	1	1	0	0	1	0	0	1	0	0	0	0	0	1	1	0	1
Mp8g00940	neg	0	0	0	0	0	1	0	0	1	1	0	0	0	0	0	0	0	0	0	1	0	0	0	0	1	0	1	1	0	0	0	1	0	0
Mp8g03240	neg	1	0	1	0	0	0	0	0	1	0	0	0	0	1	0	1	0	1	1	1	0	0	0	1	0	1	0	0	0	0	0	1	1	1
Mp8g03820	neg	0	0	0	0	1	0	0	0	0	1	0	1	0	1	0	0	1	0	1	0	1	0	1	0	0	0	1	0	0	0	1	0	1	0
Mp8g04570	neg	0	0	0	0	1	0	0	1	0	1	0	1	1	0	0	0	0	0	0	0	0	1	0	0	0	1	0	1	1	1	0	1	0	0
Mp8g05230	neg	0	0	0	0	1	1	1	0	0	1	0	0	1	0	0	0	0	1	1	0	0	0	0	0	1	0	0	0	0	0	1	1	0	0
Mp8g05790	neg	0	0	0	0	0	1	0	1	0	0	0	0	1	1	0	1	1	0	1	1	0	0	1	0	0	1	0	0	0	1	1	1	1	1
Mp8g08350	neg	0	0	0	0	1	0	0	1	0	1	1	1	0	0	0	1	0	0	0	0	0	1	0	0	1	0	0	1	1	0	0	0	0	1
Mp8g10050	neg	0	0	0	0	1	0	1	1	0	1	0	1	0	1	0	0	0	0	0	1	1	1	0	1	1	0	0	0	0	0	1	1	0	1
Mp8g10760	neg	0	0	0	0	1	0	1	0	0	0	0	1	1	1	1	0	0	1	1	0	0	1	0	0	0	0	0	1	0	0	0	1	0	0
Mp8g11060	neg	0	0	0	0	1	1	1	1	0	1	0	0	1	0	1	1	1	0	1	1	1	1	0	0	0	1	0	1	0	1	0	0	0	1
Mp8g12550	neg	0	0	0	0	0	0	0	0	0	1	1	0	0	0	0	0	1	0	1	0	0	1	0	1	1	0	0	1	0	1	1	1	0	0
Mp8g12560	neg	0	0	0	0	0	0	0	1	0	1	0	0	1	1	1	0	0	0	1	1	0	1	0	1	1	1	0	1	0	0	0	1	1	0
Mp8g12660	neg	0	0	0	0	0	0	0	0	0	1	0	0	1	1	1	1	1	1	0	1	0	0	0	0	1	1	0	0	0	0	0	1	0	1
Mp8g14120	neg	0	0	0	0	0	0	0	0	0	0	1	1	1	1	0	0	0	0	1	1	0	0	1	0	0	0	0	0	0	1	0	1	0	0
Mp8g14390	neg	0	0	0	0	0	0	0	0	0	1	0	0	0	0	0	0	1	0	0	1	0	1	0	0	1	1	1	1	0	0	0	1	0	0
Mp8g14410	neg	0	0	0	0	0	0	1	0	0	0	0	1	0	1	0	0	1	0	1	0	0	1	1	0	1	1	1	1	0	1	0	1	0	0
Mp8g15700	neg	0	0	0	0	0	0	1	1	1	1	0	1	1	0	1	1	1	0	0	1	0	1	0	0	1	1	1	1	0	0	1	0	0	0
Mp8g15780	neg	0	0	0	0	1	0	0	0	0	1	0	1	0	0	0	1	0	0	0	0	0	0	1	0	1	0	0	0	1	0	1	1	1	0
Mp8g16480	neg	0	0	0	0	0	1	1	0	0	1	0	1	0	1	1	0	1	0	1	1	1	0	1	0	1	0	0	1	0	0	0	0	0	1
Mp8g17960	neg	0	0	1	0	0	0	1	1	0	1	1	1	1	1	0	0	1	0	1	1	0	1	0	1	1	1	0	0	0	0	1	0	1	0
Mp8g18520	neg	1	0	1	0	1	0	0	0	0	0	0	0	1	0	0	0	0	1	0	0	0	0	0	0	0	0	0	1	0	0	1	1	0	1
MpVg01180	neg	0	0	0	0	1	0	0	0	0	1	0	0	0	1	0	0	1	1	1	1	0	0	0	0	0	0	0	1	0	0	0	0	0	0
