X	Class	AATCAG	ACAGTC	ACAGTCG	ACATCG	ACCCAC	ACGATC	ACGCTTC	ACGGCC	AGAAGC	AGATTC	AGCTGAGC	AGCTTGG	AGGATC	ATCGGA	ATCGTC	ATCTGG	ATGCCC	CAAGCG	CAGAAC	CAGAGA	CAGGTA	CCCAGA	CCGAGA	CCGCCG	CCTCAC	CGATCC	CGATGC	CGGATC	CGGTAC	CGTACC	CGTCTCC	CTAGAC	CTCCAC	CTGCAG	CTGCTC	CTGGAC	CTGGGC	CTTGAC	GAGGCA	GAGGTA	GATCCC	GTACGA	GTCCAGA	GTGGAGA
Mp1g00180	pos	1	0	0	0	0	1	0	0	0	0	0	0	0	0	1	0	0	0	1	0	0	0	1	1	1	0	1	0	0	0	0	0	1	1	1	0	1	1	0	1	0	0	0	0
Mp1g00190	pos	0	1	0	0	0	1	0	0	1	1	0	0	0	1	0	0	0	0	0	0	0	0	0	1	0	1	1	1	1	0	0	1	1	0	1	1	0	1	1	1	1	1	1	1
Mp1g01860	pos	1	1	1	1	0	0	0	1	0	1	1	0	0	1	1	0	0	1	1	0	0	0	1	1	1	1	1	0	1	1	0	1	1	1	1	1	0	0	1	0	1	1	0	1
Mp1g02210	pos	1	0	0	0	1	0	0	0	1	1	0	1	0	1	1	1	1	0	0	1	0	0	0	0	0	0	0	0	0	0	0	1	1	1	0	1	1	1	0	1	1	1	1	1
Mp1g03020	pos	1	0	0	0	0	1	0	0	1	1	0	0	1	1	1	1	0	1	0	1	0	0	1	1	1	1	1	0	0	1	0	0	1	1	1	1	1	0	1	0	0	0	0	0
Mp1g03840	pos	1	0	0	0	0	1	0	0	1	1	0	0	0	0	1	0	0	0	0	1	1	0	0	0	0	1	1	0	0	0	0	1	1	0	0	0	0	1	0	0	0	0	0	0
Mp1g03980	pos	0	0	0	1	1	1	0	0	0	0	0	0	0	1	1	1	0	1	0	1	0	1	0	1	0	1	1	0	0	1	0	0	0	0	1	1	0	0	1	0	0	1	1	0
Mp1g05410	pos	1	0	0	0	1	0	0	1	1	0	1	0	1	1	1	1	0	1	0	0	0	0	1	0	1	1	1	1	0	0	1	0	0	0	1	1	1	1	0	1	1	0	0	0
Mp1g05920	pos	1	1	1	1	0	1	0	1	1	1	0	1	0	0	1	0	0	0	1	1	0	1	0	0	0	1	0	1	0	0	0	1	0	0	1	0	1	1	1	0	0	0	0	0
Mp1g06050	pos	0	1	1	1	0	0	0	0	1	0	0	0	0	1	1	1	0	0	1	0	1	1	0	1	0	0	1	0	0	0	0	0	1	1	1	0	0	1	0	0	1	0	0	0
Mp1g06240	pos	0	0	0	0	1	0	1	0	1	0	1	0	1	1	1	0	1	0	1	0	0	0	1	1	1	1	1	1	1	1	0	1	0	0	1	1	1	1	1	1	1	1	0	0
Mp1g07730	pos	1	0	0	0	0	1	1	0	1	1	0	0	1	1	1	1	0	0	0	1	0	0	1	0	1	1	1	1	1	0	0	1	0	0	1	1	0	1	0	0	1	0	1	0
Mp1g08560	pos	1	0	0	0	1	0	0	1	0	1	0	0	0	1	0	0	1	0	0	1	1	1	1	0	0	1	1	0	1	1	0	1	1	1	0	0	1	1	0	1	0	1	0	0
Mp1g09180	pos	0	0	0	1	1	1	0	0	0	1	0	1	0	1	1	1	0	0	1	1	0	1	1	0	0	1	1	0	0	0	0	1	1	0	1	1	0	1	1	0	1	0	0	0
Mp1g09190	pos	0	1	0	0	0	0	0	0	1	1	0	1	1	1	1	1	0	1	0	1	0	1	0	1	0	0	0	0	1	0	0	1	1	1	1	0	0	1	1	0	0	1	0	1
Mp1g10420	pos	1	1	1	0	1	1	0	0	0	1	0	0	0	0	0	1	0	1	1	0	1	0	0	0	1	1	1	0	0	1	0	0	0	0	1	1	0	0	0	1	1	0	0	0
Mp1g11420	pos	1	0	0	1	0	1	0	0	1	0	0	0	1	1	1	1	0	0	1	1	1	0	0	1	0	1	0	0	0	0	0	1	1	1	1	0	0	0	0	1	1	0	0	1
Mp1g13010	pos	0	1	1	1	0	1	0	0	1	1	0	1	1	0	0	1	0	1	1	1	0	1	0	0	1	1	1	0	1	1	1	1	0	0	1	0	1	1	0	0	0	0	0	0
Mp1g13250	pos	0	0	0	1	1	1	0	1	1	1	0	0	0	1	1	0	0	1	1	0	0	0	1	1	1	0	1	0	0	0	0	0	1	0	1	0	1	0	1	0	1	0	0	1
Mp1g13590	pos	0	0	0	1	0	0	0	1	1	1	0	0	0	0	1	0	1	1	0	1	0	1	0	1	0	0	1	0	0	0	0	0	1	0	1	1	1	0	1	0	1	0	0	1
Mp1g15880	pos	0	1	0	1	1	1	0	1	1	1	0	0	0	1	1	0	0	1	1	0	1	0	0	1	1	0	1	1	0	0	1	0	1	0	1	1	0	1	1	0	1	0	1	0
Mp1g15890	pos	1	1	0	0	0	0	0	1	1	0	0	0	1	1	0	1	1	0	0	1	0	0	1	1	0	1	0	1	0	1	0	0	1	0	1	1	0	0	1	0	0	1	0	0
Mp1g16260	pos	0	0	0	1	1	1	0	1	0	0	0	0	0	1	1	0	0	0	1	0	1	0	1	1	0	0	0	0	1	0	0	1	0	0	1	1	1	1	1	0	0	0	1	0
Mp1g16590	pos	0	1	0	1	1	0	0	1	1	0	0	0	0	1	0	0	0	0	1	1	1	0	1	0	1	0	0	0	0	0	1	0	1	0	1	0	0	1	1	1	0	0	0	0
Mp1g18300	pos	1	1	1	0	1	1	0	1	0	0	0	0	0	1	1	1	0	1	1	1	0	1	1	1	0	0	0	1	1	1	0	0	1	1	0	1	1	1	1	1	0	1	1	1
Mp1g20750	pos	0	0	0	0	0	1	0	0	1	1	0	0	0	0	1	1	0	0	1	1	0	1	1	1	0	0	0	0	0	0	1	0	0	1	1	1	0	1	1	0	0	1	0	0
Mp1g21630	pos	1	1	0	1	0	0	0	0	0	1	0	0	0	1	1	1	0	1	0	0	1	1	1	0	1	1	1	0	0	0	1	0	1	0	1	1	1	0	0	0	0	0	0	1
Mp1g22540	pos	1	1	0	0	0	0	0	0	1	1	0	0	1	0	0	0	1	1	0	1	0	0	1	1	0	0	0	1	0	0	0	1	1	1	1	1	0	0	1	1	0	0	1	0
Mp1g22940	pos	1	0	0	0	1	0	0	0	1	1	0	0	0	0	1	1	0	0	1	0	1	0	1	0	1	1	1	1	1	0	1	1	0	0	0	1	0	1	1	1	1	0	0	0
Mp1g23060	pos	1	1	1	1	1	1	0	1	0	0	0	0	0	0	1	0	1	1	1	1	0	1	1	0	0	0	0	0	1	1	0	0	1	1	1	0	1	0	0	0	1	1	0	0
Mp1g24470	pos	1	1	0	1	1	1	0	0	1	1	0	0	0	1	1	1	0	1	0	1	0	1	1	1	1	0	0	0	0	1	1	0	1	0	1	0	0	1	1	1	0	1	0	1
Mp1g24480	pos	1	0	0	1	1	1	0	1	1	1	0	0	0	0	1	1	0	0	1	1	0	1	1	0	1	1	1	0	0	0	0	0	0	0	1	1	0	0	1	0	0	0	1	0
Mp1g24970	pos	1	0	0	1	1	1	1	0	1	0	0	0	1	1	1	0	0	0	0	0	0	0	0	0	0	0	0	0	0	1	0	1	1	1	1	1	1	0	1	0	0	1	0	0
Mp1g25940	pos	1	1	1	0	0	0	0	0	0	1	0	0	1	0	1	0	0	0	1	1	1	0	1	1	1	1	1	0	1	1	0	0	1	1	1	1	1	1	1	0	0	1	0	0
Mp1g26440	pos	1	1	1	1	1	0	0	1	1	1	0	1	0	0	1	0	0	1	1	0	0	0	0	0	0	0	1	0	0	0	0	1	1	0	1	0	0	0	1	0	0	0	0	0
Mp2g01900	pos	1	1	0	1	0	1	0	1	1	0	0	0	0	0	0	0	1	0	1	1	0	1	1	0	0	1	0	1	0	1	0	1	0	1	1	0	1	1	0	0	0	0	0	0
Mp2g02170	pos	1	0	0	1	0	1	0	1	1	1	0	1	0	0	0	1	0	0	0	1	0	0	0	0	0	0	1	0	1	0	0	0	0	1	1	1	0	0	1	1	0	0	1	0
Mp2g02590	pos	1	1	1	1	0	1	0	1	1	1	0	0	1	1	1	1	0	0	0	1	0	1	0	1	1	1	1	1	0	0	0	0	1	0	1	1	0	1	1	0	1	0	1	1
Mp2g04890	pos	1	0	0	1	1	0	0	0	1	1	0	0	1	0	0	1	1	0	1	1	0	1	1	0	1	1	0	1	1	1	0	1	0	0	1	1	1	0	0	1	0	0	0	0
Mp2g04900	pos	1	0	0	1	0	1	0	0	0	0	0	0	1	1	1	1	0	1	0	1	1	1	1	1	1	1	0	1	0	0	1	0	1	1	0	0	0	0	1	1	1	0	0	1
Mp2g06770	pos	1	1	0	1	1	0	0	0	1	1	0	0	1	0	1	0	0	0	1	0	0	0	1	0	0	0	0	0	0	1	1	1	1	1	1	1	0	1	1	1	0	0	0	1
Mp2g07900	pos	0	0	0	1	0	0	0	0	1	1	0	0	1	0	0	1	1	0	0	1	0	0	0	1	0	0	0	0	0	0	1	1	1	0	1	1	0	1	0	1	1	0	0	0
Mp2g09220	pos	0	0	0	0	1	0	1	0	1	1	0	0	1	0	0	0	1	1	1	1	0	1	1	0	0	0	1	1	0	0	0	1	1	1	1	1	1	0	1	0	0	0	1	1
Mp2g10040	pos	1	0	0	1	1	0	0	1	1	0	0	0	0	1	0	1	1	0	1	1	0	0	0	0	0	0	0	0	0	1	0	0	0	0	0	0	0	0	1	0	0	0	0	0
Mp2g10050	pos	0	1	0	1	0	1	0	1	1	1	0	0	0	1	1	1	1	0	1	1	0	1	1	1	0	1	1	1	1	1	1	1	1	1	1	1	1	0	0	1	1	1	0	1
Mp2g10650	pos	1	1	0	0	1	1	1	1	1	0	1	0	1	0	0	1	0	0	0	1	0	1	1	0	1	1	1	0	1	0	0	0	0	1	1	0	1	1	0	1	1	0	0	0
Mp2g12900	pos	0	0	0	1	1	0	0	0	1	1	0	0	1	1	1	0	0	1	1	1	0	0	1	1	1	0	1	1	0	0	0	1	1	1	0	1	1	1	0	1	0	0	1	0
Mp2g13440	pos	1	0	0	0	1	1	0	0	0	1	0	0	1	0	1	0	1	0	0	1	0	1	1	1	0	1	1	1	0	1	0	0	1	1	1	0	1	0	1	0	0	1	0	0
Mp2g13620	pos	0	1	1	1	1	1	0	1	1	0	0	0	0	0	0	1	0	0	1	1	1	0	1	0	1	1	1	1	0	0	1	0	1	1	1	1	1	0	1	1	1	1	1	0
Mp2g13670	pos	1	0	0	1	1	0	0	0	1	1	0	1	1	1	0	1	0	0	0	0	1	0	0	0	0	1	1	0	1	1	0	0	0	0	1	1	0	0	0	0	0	1	1	0
Mp2g13880	pos	1	1	1	1	0	0	0	0	1	1	0	0	0	0	0	0	0	0	1	0	1	0	1	0	0	0	0	0	1	0	0	1	1	1	0	0	0	0	0	1	0	0	0	0
Mp2g14700	pos	1	1	0	1	0	1	1	1	0	1	0	0	1	0	0	1	1	1	0	0	0	0	0	0	1	1	1	1	0	0	0	0	1	0	1	0	0	1	0	0	0	1	0	1
Mp2g16980	pos	1	0	0	0	0	1	0	0	1	1	0	0	1	1	0	1	0	0	1	0	0	0	1	1	0	0	1	0	1	0	0	0	1	0	1	0	0	0	1	0	0	1	0	0
Mp2g17430	pos	0	0	0	0	0	0	1	1	1	0	0	0	1	1	1	0	1	0	0	1	0	0	1	0	1	1	0	1	0	1	0	1	1	0	1	0	1	0	1	1	1	1	0	0
Mp2g17680	pos	1	0	0	0	0	1	0	1	1	1	0	0	1	0	1	1	1	1	0	1	0	1	1	1	1	0	1	1	0	0	0	1	1	1	1	1	0	1	1	0	0	0	1	0
Mp2g18470	pos	0	1	1	0	1	0	0	1	1	1	0	0	0	1	1	1	0	1	1	0	1	1	1	0	1	0	1	1	0	0	0	0	1	1	1	1	0	1	1	1	0	0	1	0
Mp2g18800	pos	1	1	0	0	1	1	0	0	1	1	0	1	1	0	1	0	0	1	0	1	1	1	1	1	1	1	1	0	0	1	1	0	1	1	1	0	1	1	0	1	1	0	0	0
Mp2g19460	pos	0	1	0	1	0	0	0	1	1	1	1	0	1	0	1	0	1	1	0	1	0	0	1	0	1	1	1	1	1	1	0	1	1	1	1	0	0	0	1	0	1	0	0	0
Mp2g20050	pos	1	0	0	0	0	0	0	0	0	0	0	0	0	1	0	0	0	0	0	1	1	1	0	0	1	0	0	1	1	0	0	0	0	1	1	0	1	1	0	0	0	0	0	0
Mp2g20850	pos	1	0	0	0	1	0	0	1	0	1	0	0	0	0	0	0	0	1	1	1	0	0	1	0	1	1	0	1	1	0	0	0	1	1	1	1	1	0	1	1	0	0	1	0
Mp2g21130	pos	0	0	0	0	0	1	1	1	1	1	1	0	0	1	1	1	0	0	1	1	0	1	1	1	1	1	1	1	1	1	0	0	1	0	1	1	1	1	0	1	0	0	0	0
Mp2g21300	pos	1	1	0	1	1	1	0	1	1	1	0	0	1	1	1	1	1	1	1	1	0	0	1	0	1	1	1	1	0	0	0	0	1	0	1	0	0	1	1	0	0	0	0	1
Mp2g21620	pos	1	1	0	0	0	1	0	1	1	1	0	0	1	1	1	0	1	1	0	1	0	0	0	1	1	1	1	1	0	0	0	0	1	0	0	0	0	0	0	0	0	0	0	0
Mp2g21700	pos	1	0	0	1	1	0	0	0	0	1	0	1	0	1	0	1	1	1	0	1	0	0	0	1	0	0	0	1	0	0	0	1	0	0	0	0	1	1	1	1	0	0	0	0
Mp2g22120	pos	0	0	0	0	0	1	1	1	1	0	0	0	0	0	1	0	0	0	0	0	0	0	1	0	1	1	1	1	0	1	0	1	1	1	0	0	1	0	1	1	1	1	0	0
Mp2g22740	pos	0	0	0	1	0	1	0	1	0	0	0	0	1	1	1	0	0	1	0	1	1	0	1	0	1	1	1	1	0	1	1	0	1	0	0	1	0	0	0	1	0	0	0	0
Mp2g22920	pos	1	1	0	0	0	1	0	1	1	1	0	0	1	0	1	0	0	0	0	1	1	1	1	1	1	1	1	0	1	0	0	1	1	0	1	0	1	1	1	0	1	1	0	1
Mp2g23490	pos	0	1	0	0	0	0	0	0	0	1	1	1	1	0	1	1	1	1	1	1	1	0	1	0	1	1	1	0	0	0	0	0	1	1	1	1	1	0	0	1	1	1	0	1
Mp2g25290	pos	1	1	0	1	0	0	0	0	0	1	0	1	0	1	1	0	0	0	1	1	0	0	0	1	0	0	0	0	1	0	0	0	1	0	0	1	0	0	0	0	0	0	1	1
Mp3g00270	pos	1	1	1	1	0	1	0	0	1	1	0	0	1	1	0	1	1	0	0	1	1	0	0	0	1	1	0	1	1	0	0	0	0	1	1	1	0	1	1	0	1	0	0	0
Mp3g00850	pos	1	0	0	1	0	1	0	1	1	1	1	0	0	0	1	1	1	0	1	1	1	0	1	1	0	1	0	1	0	1	0	1	1	0	1	1	1	0	1	0	0	1	0	0
Mp3g02010	pos	1	1	1	0	1	1	0	1	0	1	0	1	1	1	1	1	1	1	0	1	0	0	1	1	1	1	1	1	0	0	1	1	1	0	1	1	0	0	0	0	0	0	1	0
Mp3g05930	pos	1	0	0	0	1	1	1	0	0	1	0	1	1	1	0	0	1	1	0	1	0	1	0	1	1	0	1	1	0	0	1	0	0	1	1	1	0	0	1	0	0	1	1	0
Mp3g08180	pos	1	1	0	1	0	0	0	0	1	1	0	0	0	1	1	0	1	0	1	0	0	1	1	0	0	0	1	1	0	0	1	1	1	0	1	1	0	0	0	0	0	1	0	1
Mp3g08250	pos	1	0	0	1	0	0	0	1	1	0	0	0	0	1	1	1	0	1	1	1	1	1	1	1	0	0	0	0	1	0	0	0	0	1	1	0	1	0	1	0	1	1	0	0
Mp3g09400	pos	0	1	1	0	0	1	0	0	1	0	0	0	0	0	1	1	0	1	0	0	0	1	1	1	0	0	0	0	0	1	0	1	0	1	1	0	0	1	0	0	0	0	0	0
Mp3g10080	pos	0	1	1	1	1	1	0	0	0	1	0	1	1	1	0	0	0	1	0	1	0	1	1	1	1	1	1	1	0	0	0	0	1	1	1	0	0	0	1	0	0	1	0	0
Mp3g10580	pos	0	1	0	1	0	1	1	1	0	1	0	0	1	1	1	0	1	0	1	1	0	0	1	0	1	0	1	0	1	1	0	0	1	1	1	1	0	0	1	1	1	0	0	0
Mp3g11550	pos	1	1	0	0	1	0	0	0	1	0	0	0	0	1	0	0	1	0	0	1	1	0	1	0	1	1	0	1	1	1	1	0	1	0	1	0	0	0	1	0	1	1	0	1
Mp3g12070	pos	1	1	0	1	0	1	0	1	1	1	0	0	1	0	0	1	0	0	0	1	1	0	1	0	1	1	1	0	0	0	0	0	0	0	0	1	0	1	1	1	1	0	0	0
Mp3g12640	pos	1	1	1	0	0	1	0	0	1	1	0	0	0	0	0	0	1	0	0	1	1	0	0	0	1	1	0	0	0	1	0	0	1	0	1	0	0	0	0	1	0	1	0	0
Mp3g14320	pos	1	1	0	1	0	1	0	1	1	1	0	0	1	1	1	0	0	1	1	1	1	0	1	1	0	0	1	0	1	1	1	1	1	1	1	0	1	1	0	0	0	0	0	0
Mp3g16010	pos	1	1	1	1	1	1	0	0	1	1	0	0	0	1	0	0	0	0	1	1	1	1	1	0	1	1	0	1	1	1	0	0	0	1	1	0	1	1	1	0	0	1	0	0
Mp3g16090	pos	1	1	1	1	0	0	0	1	1	1	0	0	1	0	0	0	0	1	0	1	0	1	1	0	0	0	0	0	0	0	0	0	0	0	0	1	1	1	0	1	0	0	0	0
Mp3g17120	pos	1	1	0	1	1	1	0	1	0	1	0	0	0	1	0	1	0	1	1	0	1	0	1	0	1	0	1	1	1	0	0	0	1	0	1	1	1	0	1	1	1	1	1	0
Mp3g17620	pos	0	0	0	1	1	0	0	0	1	0	0	1	0	0	0	0	0	0	1	1	0	0	1	0	0	0	1	0	1	1	0	1	1	1	1	1	1	0	1	1	0	1	1	1
Mp3g18130	pos	1	1	0	1	1	1	0	0	1	1	0	0	0	0	0	1	1	0	0	1	1	0	1	0	1	0	0	0	1	0	0	0	1	0	1	0	1	1	0	0	0	1	0	1
Mp3g18630	pos	1	0	0	1	1	0	0	1	0	0	0	0	1	1	0	0	0	0	0	1	1	0	1	1	1	0	1	1	0	0	0	0	1	1	1	0	1	1	0	1	1	0	0	0
Mp3g19060	pos	1	1	1	0	0	1	0	1	1	1	0	0	0	1	1	1	1	0	1	1	0	0	1	1	1	1	0	1	1	1	0	0	1	0	1	1	1	0	1	1	1	1	1	1
Mp3g19080	pos	1	1	1	1	0	1	0	0	1	1	0	0	1	0	1	1	0	0	0	1	0	0	1	0	1	1	1	1	0	0	1	0	1	1	1	1	1	1	0	0	1	0	1	1
Mp3g20780	pos	0	0	0	0	0	1	0	1	1	0	0	0	0	1	1	0	0	1	0	1	1	0	0	1	0	1	0	0	0	0	0	1	1	0	1	0	1	0	1	1	1	0	0	1
Mp3g20920	pos	0	0	0	1	0	0	0	1	1	0	0	0	0	1	1	1	1	1	0	1	0	1	0	0	0	1	1	1	1	1	0	0	1	1	1	0	0	0	0	1	1	1	0	1
Mp3g21900	pos	1	0	0	1	0	1	0	0	0	0	0	1	1	0	1	0	1	1	0	1	0	0	0	0	1	1	1	0	0	0	0	0	1	1	1	1	0	0	0	1	0	0	0	0
Mp3g23770	pos	1	1	0	0	0	0	0	0	1	1	1	1	0	0	0	1	0	0	0	1	1	1	1	1	0	0	1	0	1	1	1	0	0	1	1	0	1	1	0	1	0	1	0	0
Mp3g24920	pos	0	0	0	1	0	1	0	0	0	1	1	0	1	1	1	0	0	1	0	1	0	0	0	1	0	1	1	1	0	0	1	0	0	1	1	1	0	0	1	0	1	0	1	0
Mp3g25230	pos	1	0	0	1	0	0	0	0	0	0	0	0	0	0	0	0	0	0	0	1	0	0	1	1	1	0	1	0	0	0	0	1	1	1	0	0	1	1	1	0	0	1	0	1
Mp3g25370	pos	0	0	0	1	1	0	0	0	0	1	0	0	1	1	0	1	1	0	1	1	1	1	1	0	1	0	1	0	0	0	0	1	0	0	1	0	1	0	1	1	0	0	0	0
Mp4g02390	pos	1	1	0	1	1	1	1	0	0	1	0	0	1	1	1	1	0	0	1	1	0	0	0	0	1	1	1	1	0	0	0	0	1	1	0	1	0	1	1	0	1	0	1	1
Mp4g02500	pos	1	0	0	1	1	0	0	0	1	1	0	0	1	1	0	0	0	0	1	0	0	0	1	0	1	1	0	1	0	0	0	0	1	0	0	1	1	1	1	1	0	1	1	0
Mp4g02810	pos	1	0	0	1	1	0	0	1	1	0	0	0	0	1	1	0	0	1	1	1	0	0	1	1	1	0	0	0	0	1	0	0	1	0	0	0	1	0	1	1	0	1	0	1
Mp4g02840	pos	0	0	0	1	1	1	0	1	0	1	0	0	1	1	1	0	1	0	0	0	0	1	0	1	1	0	1	1	1	1	0	0	1	0	1	0	1	1	1	0	1	0	0	0
Mp4g05490	pos	1	1	1	0	0	0	0	0	1	1	0	0	0	0	0	1	1	0	0	1	0	1	1	1	1	0	0	0	0	0	0	0	0	1	0	0	1	0	1	1	0	0	0	0
Mp4g05530	pos	0	1	0	1	0	1	0	0	1	1	0	0	1	1	0	0	1	1	1	1	1	0	1	1	1	1	1	0	0	0	0	0	0	1	0	0	0	1	0	1	0	0	0	0
Mp4g05950	pos	1	1	0	0	0	1	0	0	1	1	0	0	1	1	1	1	0	1	1	0	0	0	0	1	0	1	1	0	0	0	0	0	0	1	0	1	0	1	0	0	1	0	1	0
Mp4g06370	pos	1	1	1	1	0	0	0	0	1	0	0	0	1	1	1	0	1	1	0	0	0	0	1	1	1	1	1	0	0	0	1	0	1	1	1	1	0	0	0	0	1	0	0	1
Mp4g06560	pos	1	1	1	1	1	0	0	0	1	1	0	0	0	1	0	1	0	0	1	1	1	1	1	1	0	0	1	0	1	0	0	1	1	1	0	1	1	0	0	1	0	1	1	1
Mp4g06660	pos	1	0	0	0	0	1	0	0	0	0	0	0	1	0	1	1	0	0	1	1	0	0	1	1	0	1	0	0	0	0	0	0	1	0	1	0	1	1	1	1	0	1	0	0
Mp4g07630	pos	1	0	0	0	1	1	0	1	1	1	0	1	1	1	1	1	1	1	1	1	0	0	0	0	0	1	1	1	0	0	0	1	0	0	1	0	0	1	1	0	1	1	0	0
Mp4g09980	pos	0	1	0	0	1	1	1	0	1	1	1	0	0	1	0	0	0	1	1	1	0	1	1	0	1	1	0	1	0	0	0	0	1	1	1	1	1	0	1	1	0	0	0	1
Mp4g10300	pos	1	0	0	1	0	1	0	0	0	1	0	0	0	1	1	1	0	0	0	0	1	1	0	0	0	1	0	0	1	0	1	0	1	0	1	0	0	1	0	0	1	1	0	1
Mp4g12380	pos	1	0	0	0	1	0	0	0	0	1	0	0	0	1	0	1	0	0	0	1	1	0	0	1	0	0	1	0	1	1	0	0	0	1	1	1	0	1	1	1	0	0	0	0
Mp4g14500	pos	0	1	0	0	0	1	0	0	1	1	0	0	0	0	1	1	0	1	1	0	0	1	1	0	0	0	1	0	0	0	0	0	1	1	1	0	1	1	1	0	1	0	0	1
Mp4g14660	pos	0	1	1	1	0	1	0	0	1	1	0	1	0	0	0	1	0	0	1	1	0	1	1	0	0	1	0	0	1	0	1	0	1	1	1	1	0	0	1	0	0	1	1	1
Mp4g15090	pos	1	0	0	0	0	1	0	0	0	0	0	1	0	1	0	0	1	1	1	0	0	1	0	0	1	0	0	1	1	0	0	1	0	1	0	1	0	1	0	1	0	0	0	0
Mp4g15120	pos	0	1	0	1	0	0	1	1	1	0	0	0	1	1	1	0	0	1	0	1	0	0	1	0	0	0	1	1	0	0	0	1	0	0	0	0	0	0	0	0	1	0	0	0
Mp4g15420	pos	1	1	0	0	0	1	0	1	1	1	0	0	0	1	1	1	0	1	1	1	0	1	0	0	1	1	0	1	0	0	0	1	1	1	1	1	0	0	1	1	0	1	1	0
Mp4g15460	pos	1	1	0	1	1	1	0	0	1	1	0	0	1	1	0	0	0	1	1	0	1	0	0	0	0	1	1	0	1	0	0	0	0	0	0	1	0	1	1	0	1	0	0	0
Mp4g16310	pos	1	1	1	0	0	1	0	1	1	1	0	1	1	1	1	0	1	0	1	1	0	0	0	1	0	1	1	1	0	0	0	0	1	1	1	0	0	1	1	0	0	1	0	0
Mp4g16550	pos	1	0	0	0	0	1	0	0	1	1	1	0	1	0	0	0	0	1	0	1	0	0	0	1	0	1	1	1	0	0	1	0	1	1	1	0	1	0	1	0	1	0	0	1
Mp4g16930	pos	0	0	0	0	0	1	0	1	1	1	0	0	1	0	1	1	1	0	0	1	0	1	0	0	0	1	1	1	1	0	0	0	0	1	1	0	1	0	0	1	0	1	0	0
Mp4g17000	pos	0	0	0	1	0	1	0	0	1	1	0	0	0	1	0	0	0	0	1	1	1	1	0	0	0	1	0	1	0	0	0	0	1	1	1	1	0	0	1	0	0	1	1	1
Mp4g17230	pos	1	0	0	0	1	1	0	0	0	1	0	0	1	0	1	0	1	0	1	0	1	1	1	0	0	1	1	0	0	1	0	0	0	0	1	1	1	1	1	0	1	1	0	0
Mp4g17240	pos	1	0	0	1	0	1	0	0	1	1	1	0	0	1	1	1	0	0	0	1	0	1	1	1	1	1	1	0	1	0	0	0	0	1	1	1	1	1	0	0	1	1	0	0
Mp4g18300	pos	0	1	1	1	1	1	0	0	0	1	0	0	0	1	1	0	1	1	1	0	0	1	1	1	1	0	1	1	0	0	1	1	0	0	1	0	1	1	1	1	0	1	0	0
Mp4g20720	pos	1	0	0	1	0	0	0	0	1	0	0	0	1	1	1	0	1	1	0	1	1	1	0	0	1	1	0	0	0	0	0	0	1	1	1	0	0	1	1	0	1	1	0	0
Mp4g21050	pos	1	1	0	1	0	1	1	0	1	1	1	0	0	1	1	1	1	0	1	1	1	1	1	0	0	1	0	1	0	1	0	0	1	1	1	1	0	1	0	0	0	1	1	1
Mp4g23270	pos	1	1	1	0	0	0	0	1	1	1	0	0	0	0	1	0	0	0	1	1	0	0	1	1	1	0	1	1	0	0	0	0	1	1	1	1	0	1	1	0	1	0	0	0
Mp4g23320	pos	1	1	1	1	1	0	0	1	1	1	0	0	1	1	0	0	0	1	1	1	0	1	1	0	1	1	0	1	0	0	1	0	1	0	1	0	0	1	1	1	0	0	0	1
Mp5g01110	pos	1	0	0	0	0	0	1	0	1	1	0	0	1	1	0	0	1	0	1	1	1	0	0	0	1	0	0	0	0	1	1	1	1	0	1	1	0	0	1	0	0	0	0	0
Mp5g01980	pos	1	1	1	0	1	0	0	0	1	0	1	0	1	0	0	0	0	0	1	1	0	0	0	1	1	1	1	1	0	0	0	1	1	1	1	1	0	0	1	0	0	0	0	0
Mp5g02030	pos	1	1	0	1	1	0	0	0	1	1	0	1	0	1	1	1	0	0	1	1	0	0	1	0	0	1	1	1	1	0	0	0	1	0	1	1	0	1	1	1	1	0	1	1
Mp5g04530	pos	1	0	0	0	1	1	0	0	1	1	0	0	1	1	1	1	1	1	0	1	0	1	1	0	0	0	1	1	0	0	1	1	1	0	1	1	1	0	1	0	0	1	0	0
Mp5g04700	pos	1	1	1	1	0	0	0	0	1	1	0	0	0	0	1	1	0	1	1	1	0	1	0	0	0	0	1	0	0	0	1	0	1	0	1	0	0	0	1	0	1	0	0	0
Mp5g05130	pos	1	1	0	0	1	1	1	1	1	1	1	0	1	1	1	0	1	0	1	1	0	0	1	0	0	1	1	0	0	1	1	1	1	0	1	1	0	0	1	1	0	1	1	0
Mp5g05140	pos	1	1	1	1	0	0	1	1	0	0	0	0	0	0	1	1	1	1	0	1	1	0	0	0	1	0	1	0	1	0	0	0	1	0	1	1	0	0	1	0	0	0	0	1
Mp5g05320	pos	1	1	0	1	1	0	0	0	1	1	0	0	1	1	0	1	0	0	1	1	1	1	0	0	1	0	1	0	1	0	0	0	0	0	1	0	0	1	1	1	1	1	0	0
Mp5g05380	pos	1	0	0	0	0	0	0	0	0	1	0	1	0	0	1	1	0	0	1	1	0	1	0	0	0	0	0	0	1	0	0	0	0	1	0	1	1	1	0	0	0	1	1	0
Mp5g06960	pos	0	1	0	0	0	0	1	0	0	1	0	0	1	0	1	0	0	1	1	1	1	1	1	1	1	1	1	1	0	0	1	0	0	1	1	1	1	0	0	0	0	0	0	0
Mp5g07905	pos	0	1	0	1	1	0	1	1	0	0	0	0	0	0	0	0	1	0	1	0	0	0	1	0	1	1	1	1	1	0	0	0	1	1	0	0	0	1	1	1	0	0	0	1
Mp5g09070	pos	1	0	0	1	0	0	0	0	0	1	0	0	0	1	0	1	0	0	1	1	1	0	1	1	0	0	0	1	1	1	1	0	1	0	1	1	1	0	0	1	1	1	1	1
Mp5g09250	pos	0	0	0	1	0	0	0	1	0	1	0	0	1	0	1	0	0	0	0	1	0	0	1	0	0	0	1	1	0	0	0	0	0	0	1	1	0	0	1	0	0	1	1	0
Mp5g09620	pos	1	0	0	0	0	0	0	0	1	1	0	0	0	1	1	0	0	0	1	1	1	0	0	0	1	0	1	0	0	0	0	1	1	0	0	0	0	0	0	0	1	1	0	0
Mp5g10100	pos	1	0	0	0	0	1	0	1	1	1	0	0	1	1	1	1	0	1	1	1	1	0	1	0	0	1	0	0	0	0	0	1	0	0	0	0	0	1	1	1	1	1	0	0
Mp5g11150	pos	0	0	0	1	0	1	0	0	1	1	0	0	0	1	1	0	1	0	1	1	0	1	1	1	0	1	1	0	0	0	1	1	1	1	1	1	1	0	1	0	1	0	0	1
Mp5g11910	pos	1	0	0	0	0	1	0	1	0	0	0	0	1	1	1	1	1	0	0	1	0	1	0	0	1	1	1	0	1	0	0	1	1	1	1	0	1	0	1	0	1	1	0	0
Mp5g12260	pos	1	1	1	1	0	1	0	1	1	1	1	0	1	1	0	1	0	0	0	1	0	1	0	1	1	1	1	1	0	1	0	0	1	1	1	0	0	1	1	0	1	1	0	1
Mp5g12910	pos	0	1	0	0	0	1	0	1	0	1	0	0	0	1	1	1	1	0	1	1	0	1	1	1	1	1	1	1	1	1	0	0	0	1	1	1	1	0	1	0	1	0	1	0
Mp5g12930	pos	1	1	1	0	0	0	0	0	0	1	0	0	1	0	0	0	1	1	1	0	1	1	1	1	1	0	1	0	0	0	0	0	0	1	1	1	1	0	1	1	0	1	0	0
Mp5g13130	pos	0	1	1	1	0	1	1	0	1	1	0	0	1	0	1	1	0	1	0	1	1	0	1	0	1	1	0	0	1	1	0	0	0	0	1	0	1	0	1	0	1	1	0	0
Mp5g13460	pos	0	1	1	0	0	0	0	0	1	1	0	0	0	0	1	0	0	0	1	0	0	1	1	0	0	0	1	1	1	0	1	0	1	0	0	1	0	0	1	1	1	1	1	1
Mp5g15000	pos	0	0	0	1	1	1	0	0	1	1	0	0	0	0	1	1	0	1	0	1	0	1	0	0	1	1	1	1	1	0	0	0	0	0	0	1	0	1	0	1	1	1	0	0
Mp5g15410	pos	1	1	0	1	1	1	0	1	1	1	0	0	0	1	1	1	0	1	1	0	0	1	0	0	0	0	0	0	0	0	1	0	1	1	1	0	0	1	1	0	1	0	0	1
Mp5g15550	pos	1	1	1	1	0	1	1	0	0	1	0	1	1	1	1	0	1	1	0	1	0	1	1	1	0	1	1	1	1	1	0	0	1	1	1	1	0	0	1	0	0	0	0	0
Mp5g18010	pos	1	1	1	0	1	1	0	0	1	1	0	0	1	0	1	1	1	1	1	1	0	0	1	1	0	1	1	0	0	1	1	0	1	0	1	0	0	1	1	0	1	1	0	0
Mp5g18690	pos	1	0	0	1	1	0	0	0	1	0	0	0	0	1	0	1	1	1	0	0	0	1	1	0	0	0	1	0	0	0	0	0	1	1	1	0	1	0	1	0	0	0	0	1
Mp5g19620	pos	0	1	1	0	0	1	0	0	0	1	0	0	1	1	1	1	0	1	0	1	0	0	0	0	1	1	1	1	0	0	1	0	1	0	1	1	1	1	0	1	0	0	0	0
Mp5g19670	pos	1	0	0	1	0	0	0	0	1	1	0	0	1	1	0	1	0	0	1	1	0	1	0	0	0	1	0	1	0	0	0	0	1	0	0	1	0	1	1	0	1	0	1	0
Mp5g21130	pos	1	1	0	0	0	1	0	0	1	1	0	1	0	1	0	0	1	1	1	0	0	1	1	0	1	0	1	1	0	0	0	0	0	1	1	1	1	1	0	1	0	1	1	0
Mp5g24090	pos	0	1	1	1	1	1	0	0	1	1	0	0	0	1	0	1	0	1	1	0	1	0	0	0	0	0	1	1	0	0	0	0	0	0	1	1	0	1	1	1	0	1	1	0
Mp5g24120	pos	1	1	0	1	0	0	0	0	1	1	0	1	0	1	1	0	1	1	1	1	1	1	0	0	0	0	0	0	1	1	0	1	1	0	1	1	0	0	1	1	0	1	0	1
Mp6g01310	pos	1	1	0	1	0	1	0	0	0	1	0	0	1	0	1	0	0	1	1	1	0	0	0	1	1	1	1	1	1	0	0	0	1	1	1	1	0	1	0	1	0	0	0	0
Mp6g01490	pos	1	0	0	0	1	0	0	1	0	0	0	0	0	0	0	0	1	1	1	0	0	0	1	0	1	1	1	1	1	0	0	1	1	1	1	1	0	0	1	1	0	1	0	0
Mp6g02000	pos	0	0	0	0	0	0	0	0	1	1	0	1	0	1	1	0	0	1	1	1	1	1	1	1	1	1	1	1	1	0	0	0	0	1	1	1	1	0	0	0	0	0	0	0
Mp6g02290	pos	0	1	0	0	0	1	1	1	1	1	0	0	0	1	1	1	0	0	1	1	1	1	0	1	0	0	0	0	1	0	1	0	0	0	0	1	1	1	1	0	1	1	1	0
Mp6g02420	pos	1	0	0	0	0	0	0	0	0	1	0	1	0	1	1	1	1	1	1	0	0	1	1	0	0	0	1	0	0	0	0	0	1	0	1	0	1	1	1	1	0	0	0	1
Mp6g02550	pos	1	0	0	0	1	0	0	0	1	1	0	0	1	0	1	1	1	0	1	1	0	1	1	1	1	0	0	0	0	0	0	0	1	0	1	1	1	1	0	0	1	0	1	0
Mp6g03700	pos	0	1	0	1	1	1	0	0	1	0	0	0	0	0	1	0	0	1	0	0	0	0	0	1	1	0	0	0	0	0	0	1	1	1	1	1	0	0	1	1	0	1	0	0
Mp6g04540	pos	1	1	0	0	1	1	0	1	1	1	0	1	1	0	1	0	0	1	0	1	0	1	1	0	0	0	0	0	0	0	0	1	1	1	0	0	0	1	1	0	1	1	0	1
Mp6g05250	pos	1	0	0	1	0	1	0	0	1	1	0	1	1	0	1	0	0	1	1	1	0	1	1	1	0	0	0	0	1	0	0	1	0	0	1	1	0	1	0	0	0	1	0	0
Mp6g06010	pos	1	1	0	1	1	1	0	0	1	1	1	0	1	0	0	1	1	0	0	1	1	1	0	0	0	1	0	1	0	0	0	0	1	1	1	0	1	1	1	0	1	1	0	1
Mp6g06020	pos	0	1	0	1	1	0	0	0	1	1	0	0	1	1	1	1	0	0	0	1	1	0	0	0	1	1	0	0	0	0	0	0	1	0	1	1	0	0	1	1	1	0	0	1
Mp6g06810	pos	0	1	0	1	1	1	0	1	1	1	0	0	1	1	1	1	0	0	0	1	1	1	0	0	0	1	1	1	0	0	0	0	1	1	0	0	0	0	0	0	0	1	0	0
Mp6g08260	pos	0	1	0	0	1	0	0	1	0	1	0	0	1	1	0	1	1	1	1	1	0	0	1	0	1	1	1	1	0	0	1	1	1	0	1	0	0	1	1	0	1	0	0	1
Mp6g08270	pos	1	1	1	0	1	1	0	0	1	1	0	0	0	1	0	1	0	1	1	0	0	0	1	0	1	1	1	1	0	1	1	0	1	1	0	1	1	1	0	1	1	0	1	0
Mp6g08530	pos	0	0	0	0	1	1	0	1	0	1	0	1	1	1	1	0	0	0	1	1	0	0	1	1	1	1	1	1	1	0	1	0	1	0	1	1	1	1	1	1	1	0	0	1
Mp6g08540	pos	1	0	0	0	0	0	1	1	1	1	0	1	1	1	1	1	0	1	1	1	1	1	0	1	1	0	1	0	0	0	1	1	1	0	1	0	1	1	0	1	1	0	0	0
Mp6g09230	pos	1	0	0	1	0	1	0	0	0	0	0	0	1	1	1	1	0	1	1	1	0	1	1	0	1	1	0	1	0	1	1	0	1	0	1	0	0	0	0	0	0	0	0	1
Mp6g10230	pos	1	0	0	0	0	0	0	1	1	1	0	0	0	0	1	0	1	0	1	1	0	1	1	1	1	0	1	0	1	1	1	1	1	0	1	0	1	0	1	1	0	0	0	1
Mp6g11300	pos	1	0	0	1	0	0	0	1	1	1	0	1	0	1	1	0	0	0	0	1	1	0	0	1	0	0	1	0	0	1	0	0	1	0	1	0	0	0	1	0	0	0	0	0
Mp6g12710	pos	0	0	0	0	1	1	1	0	0	1	1	0	0	1	1	1	0	1	0	1	0	0	1	0	0	1	0	1	0	0	0	1	1	0	1	1	0	0	1	1	1	1	1	1
Mp6g13030	pos	1	1	0	0	1	0	0	0	1	0	0	0	1	0	1	1	1	1	0	0	1	0	1	0	1	1	0	1	0	1	1	0	1	0	1	0	0	1	1	0	0	1	0	0
Mp6g13680	pos	0	0	0	0	0	1	0	1	1	1	0	0	0	0	1	0	0	0	0	0	0	0	0	1	1	0	0	0	0	0	0	0	1	0	1	0	0	0	0	0	0	0	0	1
Mp6g16230	pos	0	1	1	0	1	0	0	1	0	1	0	0	1	1	1	0	1	1	1	1	0	1	1	0	1	0	0	0	0	0	0	0	1	1	1	1	1	0	1	1	1	1	1	0
Mp6g16880	pos	1	0	0	0	0	0	0	0	1	0	0	0	0	0	1	0	0	1	0	1	0	0	0	0	1	0	1	1	0	0	0	1	1	1	1	0	0	0	1	1	0	1	0	1
Mp6g17560	pos	1	1	0	1	0	0	0	0	0	1	0	0	0	1	1	1	0	1	1	1	0	1	1	0	0	1	1	0	1	0	0	0	1	0	0	1	1	1	1	0	1	1	1	1
Mp6g18230	pos	0	1	1	1	1	1	1	0	1	0	0	0	1	1	0	1	0	0	1	1	1	1	0	1	1	0	0	1	1	1	1	0	1	1	1	0	1	0	0	0	0	0	0	1
Mp6g19130	pos	1	1	1	0	1	1	0	0	1	0	1	0	1	0	0	0	0	1	0	1	1	1	0	0	0	1	0	1	0	1	1	1	0	1	0	0	1	1	0	0	1	1	0	0
Mp6g20460	pos	1	1	0	0	1	0	0	0	1	1	1	0	1	0	0	0	1	1	0	1	0	0	1	0	1	0	1	0	1	1	0	0	1	1	1	1	1	1	0	0	0	1	0	0
Mp6g20500	pos	1	1	1	0	1	1	1	1	1	0	0	1	0	0	0	0	1	1	1	0	1	1	0	0	0	1	1	0	1	0	0	0	1	1	1	1	1	0	1	1	1	1	0	0
Mp6g20690	pos	1	1	0	0	0	0	0	0	0	1	1	0	1	1	0	0	0	1	0	0	1	1	1	0	1	0	0	0	0	0	0	0	1	0	0	0	1	1	1	0	1	0	0	0
Mp7g00640	pos	1	0	0	0	1	1	1	0	1	1	0	1	0	1	1	0	1	1	1	0	0	0	1	1	1	1	1	0	1	0	0	0	1	0	1	0	1	1	1	0	1	0	0	1
Mp7g00710	pos	1	0	0	1	0	1	0	0	0	1	0	0	0	1	1	0	1	1	1	1	0	1	1	1	0	1	1	1	0	0	1	0	1	1	1	0	1	1	0	1	0	0	0	1
Mp7g01840	pos	1	1	1	1	0	1	0	0	1	1	0	1	0	0	1	1	1	1	0	1	0	0	1	1	1	0	1	0	1	1	1	1	1	1	1	1	1	1	1	1	0	1	1	1
Mp7g01970	pos	0	1	0	0	1	0	0	0	1	1	0	0	0	1	0	1	0	1	0	1	0	0	0	0	0	0	1	1	1	0	0	0	1	0	1	1	0	1	0	0	0	1	1	1
Mp7g02050	pos	1	0	0	0	0	0	1	0	1	1	0	1	1	1	0	1	0	1	0	1	0	0	0	0	0	1	1	1	0	0	0	0	0	1	1	1	1	1	1	0	0	0	1	0
Mp7g04240	pos	1	1	0	1	1	0	0	0	0	1	0	0	0	0	0	0	0	0	0	0	1	0	0	1	1	0	1	0	0	0	0	0	0	0	1	0	1	1	0	1	0	1	0	0
Mp7g04500	pos	1	0	0	1	0	0	0	0	0	0	0	1	1	0	0	1	1	0	1	1	0	1	1	0	0	0	1	0	0	0	1	0	0	0	1	1	0	0	1	0	1	0	1	0
Mp7g05690	pos	1	1	0	1	0	1	0	0	1	0	0	0	1	0	1	0	1	0	1	0	0	1	1	1	0	0	1	0	1	1	1	1	0	0	0	1	0	0	1	0	1	1	0	0
Mp7g06900	pos	1	0	0	1	1	0	0	0	1	1	0	0	1	1	0	1	0	1	0	1	1	0	1	0	0	1	1	1	0	0	0	1	1	1	0	0	0	0	1	0	0	1	0	1
Mp7g08160	pos	0	0	0	1	1	1	1	0	1	0	0	0	0	1	1	1	1	1	1	1	1	0	0	0	1	0	1	1	0	0	0	0	1	0	1	0	1	1	0	0	0	1	0	1
Mp7g09270	pos	0	1	1	1	0	0	0	1	1	1	0	0	0	0	1	0	0	0	1	0	1	0	0	1	1	0	1	0	0	1	0	1	1	0	0	0	1	1	1	1	1	0	0	1
Mp7g09780	pos	1	1	0	0	1	1	0	1	0	1	0	0	1	1	1	0	0	1	0	0	1	1	1	0	0	1	0	0	1	1	1	1	0	1	0	1	1	0	0	1	1	0	0	0
Mp7g10010	pos	1	0	0	0	0	0	0	1	1	1	0	0	1	1	0	1	1	1	0	1	1	1	1	1	1	1	1	0	0	0	1	0	1	1	1	1	0	1	1	0	1	0	1	1
Mp7g10890	pos	1	0	0	1	1	0	0	0	1	0	0	0	1	1	1	1	1	0	0	1	1	0	0	0	0	0	1	0	0	0	0	1	1	1	0	0	0	1	1	0	0	1	0	1
Mp7g11930	pos	0	1	0	1	1	0	0	1	1	1	0	1	0	1	0	0	0	1	0	0	0	1	1	1	0	1	0	1	1	1	0	1	1	0	1	1	0	0	1	0	1	0	1	0
Mp7g12260	pos	0	0	0	0	1	1	0	1	1	0	0	1	1	1	1	1	0	1	0	1	1	1	1	0	1	1	1	1	1	0	0	0	1	1	1	0	1	0	1	0	1	0	0	0
Mp7g12560	pos	1	0	0	0	1	1	0	0	1	1	1	0	0	0	1	1	0	1	0	0	0	0	0	0	0	0	0	0	0	0	0	0	1	1	1	1	0	1	1	1	0	0	0	0
Mp7g13670	pos	0	0	0	1	0	1	1	1	1	1	0	0	0	1	1	1	1	1	1	1	0	0	1	1	0	0	0	0	1	0	1	0	1	0	1	1	0	1	1	1	0	0	1	1
Mp7g13690	pos	0	1	1	0	1	0	0	0	0	1	0	1	1	1	1	1	0	1	1	1	0	0	0	0	0	1	1	1	0	0	0	0	1	1	1	0	1	1	1	0	0	0	0	0
Mp7g14390	pos	0	1	0	0	0	1	0	1	1	1	0	0	1	0	1	0	0	0	1	1	0	1	0	0	0	0	1	0	0	0	0	0	1	0	1	0	0	0	0	1	0	1	0	0
Mp7g14400	pos	1	1	1	1	0	0	0	0	1	1	0	0	0	1	0	1	0	1	1	1	0	0	0	1	0	0	0	0	1	0	0	0	1	1	1	1	0	1	1	0	0	1	0	0
Mp7g15690	pos	1	0	0	0	1	0	0	1	0	1	0	0	0	0	0	0	0	0	1	1	1	0	1	1	1	1	0	1	0	0	1	0	1	0	1	1	0	0	1	1	1	0	0	0
Mp7g16420	pos	0	1	0	1	1	0	0	0	0	1	0	0	1	0	0	1	0	0	1	1	1	0	0	1	0	0	0	0	0	1	0	0	0	1	1	0	1	1	1	0	0	0	0	0
Mp7g18430	pos	0	1	0	1	0	1	0	0	1	1	0	0	1	1	1	1	0	0	1	1	0	1	0	0	0	1	1	1	1	0	0	1	0	0	1	1	0	1	1	0	1	0	1	0
Mp8g00500	pos	1	1	0	1	1	0	0	0	1	0	0	0	1	0	0	1	1	1	1	1	0	0	1	0	0	0	0	1	0	1	0	0	1	1	1	1	0	1	0	0	0	1	0	0
Mp8g00660	pos	0	1	1	0	1	0	0	0	1	1	0	0	0	1	0	0	1	1	1	0	1	0	1	1	0	0	1	1	0	0	0	0	1	1	1	1	1	0	1	0	0	0	0	0
Mp8g01820	pos	1	1	0	0	0	1	0	0	1	0	0	0	1	1	0	1	0	0	0	1	0	1	0	0	1	1	0	1	0	0	0	0	1	1	0	0	0	1	1	1	1	1	0	1
Mp8g02150	pos	1	0	0	1	1	1	0	0	1	0	0	0	1	1	1	0	1	1	1	0	0	0	1	1	1	0	0	0	0	0	0	1	0	0	1	0	0	0	0	0	0	0	0	0
Mp8g04910	pos	0	0	0	1	0	1	0	1	1	1	0	1	1	1	0	1	0	1	0	1	1	0	1	1	0	0	0	1	0	1	0	0	1	1	1	1	0	1	0	0	0	1	1	1
Mp8g05120	pos	1	0	0	1	1	0	1	0	1	1	0	0	0	1	1	0	1	0	1	1	0	0	1	1	1	0	1	1	1	1	0	0	1	0	1	1	1	1	1	1	0	1	0	1
Mp8g06310	pos	1	1	0	0	0	1	0	1	0	1	1	0	0	0	1	0	0	0	1	1	1	0	0	0	1	1	1	1	0	1	0	1	1	0	1	1	0	1	1	0	1	1	1	1
Mp8g06690	pos	1	0	0	1	0	1	1	1	1	1	0	0	1	1	1	1	1	1	1	1	0	1	0	0	1	1	1	1	0	1	0	0	1	1	1	1	1	0	1	1	1	0	1	1
Mp8g07070	pos	1	1	0	1	0	1	0	1	1	1	0	0	1	0	0	1	0	0	1	1	0	1	1	1	1	0	0	0	0	0	0	1	1	0	1	1	0	1	0	0	1	1	0	0
Mp8g07380	pos	1	1	0	1	1	0	0	1	1	1	1	1	0	1	0	1	0	1	0	1	0	1	0	1	0	0	1	1	0	1	0	1	0	0	0	1	0	1	0	0	1	1	0	0
Mp8g08930	pos	0	0	0	0	0	0	0	0	1	1	0	0	0	0	0	0	0	1	1	0	0	0	0	0	1	0	1	0	0	0	0	1	0	0	0	1	0	0	1	0	0	1	1	0
Mp8g08960	pos	1	0	0	1	0	0	1	0	1	0	0	0	1	0	1	0	0	0	1	1	0	0	0	0	1	1	1	1	1	0	0	1	1	1	0	1	0	1	0	0	1	0	0	0
Mp8g10150	pos	1	0	0	0	0	0	0	0	1	1	0	0	1	0	0	1	0	0	1	1	1	0	0	0	0	0	0	0	0	0	0	0	0	0	1	0	0	1	1	0	1	0	0	0
Mp8g10350	pos	1	0	0	1	1	1	0	0	1	1	0	0	1	1	0	0	0	0	1	1	0	0	1	1	1	1	0	1	0	0	1	0	1	1	1	0	0	1	1	0	1	0	0	1
Mp8g10580	pos	1	1	1	1	0	0	0	1	1	1	0	1	1	1	1	1	1	1	1	1	0	1	1	0	0	1	1	1	1	0	0	0	1	1	1	1	1	0	1	1	1	0	0	0
Mp8g11420	pos	0	0	0	1	0	1	0	0	1	0	0	0	1	1	0	0	0	0	1	1	1	0	0	0	1	1	1	0	0	1	0	0	1	1	1	0	0	1	1	0	0	1	0	0
Mp8g11560	pos	0	0	0	1	0	0	0	1	1	0	0	0	1	0	1	0	1	1	1	1	1	1	1	1	1	1	0	1	0	0	1	1	1	1	1	0	1	0	0	0	1	1	0	1
Mp8g12710	pos	1	0	0	1	0	0	0	1	1	0	0	0	1	1	1	1	0	1	1	1	1	1	0	1	1	1	1	1	0	1	0	0	0	1	1	0	1	1	1	1	0	1	0	0
Mp8g14870	pos	1	1	0	0	1	0	0	0	0	1	0	0	1	0	0	1	1	1	0	0	1	0	0	0	1	0	1	0	0	1	0	1	1	1	1	1	0	0	1	1	0	1	0	1
Mp8g14900	pos	0	0	0	1	0	1	0	1	1	0	0	0	0	1	1	1	1	0	0	0	0	0	0	1	0	1	1	1	0	0	0	0	1	0	0	0	0	0	1	0	1	0	0	0
Mp8g16110	pos	1	0	0	1	1	0	1	0	1	1	0	0	1	0	0	1	0	1	0	1	0	1	1	0	0	1	0	1	1	0	0	0	1	0	1	1	1	1	0	1	0	0	0	1
Mp8g17560	pos	0	0	0	1	1	1	0	1	1	0	1	0	0	1	1	0	0	1	1	0	0	1	1	1	0	1	1	1	1	1	0	0	1	1	1	1	1	0	1	0	0	1	0	1
Mp8g18910	pos	1	1	1	1	0	1	0	0	0	1	0	0	1	1	1	1	0	1	0	1	1	0	1	1	0	1	1	1	0	0	0	0	1	0	1	1	0	1	0	1	1	0	1	0
Mpzg00310	pos	1	1	0	1	1	0	0	0	1	1	0	0	0	1	1	1	1	0	1	1	1	0	1	0	0	1	1	1	0	1	0	0	1	0	1	0	1	1	1	1	1	1	0	0
Mp1g00330	neg	0	1	0	1	0	0	0	1	0	1	0	0	0	1	1	1	1	0	0	0	0	0	0	0	0	0	1	0	0	0	0	1	1	0	1	1	0	1	0	0	0	1	0	1
Mp1g01030	neg	1	0	0	0	0	1	0	0	0	1	0	0	1	1	0	0	1	1	1	1	0	0	1	0	1	1	0	1	0	0	0	0	1	0	1	0	1	0	1	0	1	0	0	1
Mp1g01650	neg	1	0	0	0	1	0	0	1	0	0	0	0	0	1	0	0	1	1	1	0	1	0	1	1	0	0	1	1	1	0	0	0	1	0	1	0	0	1	0	0	1	0	0	1
Mp1g02080	neg	0	0	0	0	0	1	0	0	0	1	0	1	0	1	1	0	0	0	0	1	0	0	0	0	0	0	1	1	0	0	0	0	0	0	1	0	0	0	1	0	0	0	0	0
Mp1g02250	neg	1	0	0	0	0	0	0	0	0	0	0	1	1	0	0	0	0	1	0	0	0	0	0	0	0	0	0	0	1	0	0	0	0	0	1	0	0	1	1	0	1	0	0	0
Mp1g02890	neg	1	0	0	0	0	0	0	1	0	1	0	0	0	1	0	1	1	0	0	1	0	1	1	1	0	0	1	0	0	0	0	0	1	1	1	1	0	1	1	0	0	0	0	0
Mp1g02910	neg	0	1	0	1	0	1	0	0	0	0	0	0	0	0	1	0	1	1	0	0	0	0	1	1	1	1	1	1	0	0	0	0	1	0	1	0	0	0	1	0	1	1	0	0
Mp1g02990	neg	1	1	0	1	1	0	0	1	1	1	1	0	1	0	1	1	0	1	1	0	1	0	0	0	0	0	1	0	0	0	0	1	0	1	1	1	0	0	1	1	0	0	1	0
Mp1g03810	neg	0	1	0	1	1	0	0	1	1	0	0	0	0	1	1	0	1	0	0	1	0	0	0	0	0	1	1	1	0	0	0	0	0	0	1	0	0	1	1	1	0	0	0	0
Mp1g04290	neg	0	0	0	0	0	1	0	0	1	1	0	0	0	1	1	0	1	1	1	0	1	0	0	1	0	1	0	1	1	1	0	0	1	1	1	0	1	0	0	0	0	1	0	0
Mp1g06640	neg	0	1	1	0	1	0	0	0	0	1	0	0	0	1	0	1	1	0	1	0	0	0	0	0	0	1	0	1	0	1	0	1	0	1	0	0	0	0	0	0	1	1	0	0
Mp1g08030	neg	0	1	0	1	0	1	0	1	0	0	0	0	0	1	0	0	0	1	0	1	0	1	0	0	0	0	1	0	1	0	0	0	1	1	1	0	1	0	1	0	0	0	0	1
Mp1g08730	neg	1	0	0	0	0	1	0	1	0	0	0	0	0	0	1	0	0	0	0	1	0	1	1	0	0	1	0	1	0	0	1	0	0	0	1	0	0	1	1	1	1	0	0	0
Mp1g09700	neg	1	0	0	1	1	0	0	0	1	0	0	1	0	1	0	1	0	0	1	0	0	0	1	0	0	1	1	0	1	1	0	0	1	0	0	0	0	1	0	1	1	0	0	0
Mp1g10510	neg	0	0	0	1	0	1	0	0	1	1	0	0	0	1	0	0	0	1	0	0	0	0	0	0	0	0	0	0	0	0	0	0	0	0	1	1	0	0	0	0	0	0	0	0
Mp1g12450	neg	1	0	0	0	0	0	0	0	0	1	0	0	0	0	0	0	0	0	1	1	0	1	0	0	0	1	0	0	0	0	0	0	0	1	0	0	0	0	0	0	1	0	0	0
Mp1g12620	neg	1	0	0	1	0	0	1	0	1	1	0	0	0	0	0	0	0	1	0	0	1	0	1	0	0	0	0	0	1	1	1	0	1	0	0	1	1	1	1	0	0	1	0	0
Mp1g12710	neg	0	1	1	1	1	0	0	0	1	1	0	0	1	0	0	1	0	1	0	1	0	1	0	0	0	0	1	0	0	1	1	0	1	0	1	0	0	1	0	0	0	1	0	1
Mp1g12750	neg	1	1	0	1	0	0	0	1	0	0	0	0	1	0	1	1	0	0	0	1	1	1	0	0	0	0	0	0	0	0	1	1	1	0	1	1	1	0	1	0	1	0	1	1
Mp1g14560	neg	1	0	0	0	1	0	0	0	0	0	0	0	0	0	0	1	0	0	1	1	0	0	0	0	1	0	0	0	0	0	0	0	0	0	1	0	0	0	0	0	0	0	0	0
Mp1g14620	neg	1	1	0	0	1	0	0	1	0	1	0	0	1	1	0	0	0	1	0	1	0	0	1	0	0	0	0	1	1	0	0	0	1	0	1	1	0	1	0	0	1	0	0	0
Mp1g16330	neg	0	1	0	0	0	1	0	1	0	0	0	0	1	1	0	0	1	0	1	1	1	1	1	0	0	1	0	1	0	0	0	0	0	0	1	1	1	1	0	0	1	1	0	0
Mp1g16690	neg	0	0	0	0	1	0	0	0	0	1	0	0	0	0	1	0	0	0	0	0	0	0	0	0	0	0	0	0	0	0	0	0	1	0	0	0	0	1	0	1	0	0	0	1
Mp1g16790	neg	1	0	0	0	1	0	0	1	0	0	0	1	0	0	1	0	0	0	1	0	1	0	0	0	1	0	0	0	0	0	0	0	1	1	1	1	0	0	0	0	0	0	1	0
Mp1g17440	neg	1	0	0	0	0	0	0	1	0	1	0	0	1	0	0	0	0	0	1	1	0	1	0	0	0	0	0	1	0	0	0	0	0	0	0	1	1	0	0	0	0	0	0	0
Mp1g18280	neg	1	0	0	1	1	0	0	0	0	0	0	0	0	0	0	0	0	0	1	1	0	0	0	0	1	0	1	0	0	0	0	0	1	0	1	0	0	0	0	0	0	0	0	0
Mp1g19490	neg	0	1	1	1	0	1	0	1	1	1	0	0	0	0	1	0	0	0	1	0	0	1	0	0	0	1	0	0	0	0	0	0	0	0	0	0	0	1	1	1	1	0	0	0
Mp1g20240	neg	0	0	0	1	1	0	0	1	1	1	0	1	0	1	0	1	1	1	0	1	0	1	1	1	1	0	1	0	0	1	0	0	0	0	0	1	0	0	0	0	0	1	1	0
Mp1g20720	neg	0	1	0	0	1	0	0	0	0	1	0	0	1	1	0	1	0	1	1	0	0	0	0	0	1	1	1	1	1	0	0	0	0	1	1	1	1	0	1	0	0	0	0	0
Mp1g21150	neg	0	1	1	1	1	1	0	0	1	1	0	0	0	1	1	0	0	0	0	0	0	0	1	1	1	1	1	1	1	1	1	0	1	0	0	0	0	0	1	0	1	1	0	0
Mp1g22590	neg	1	0	0	1	1	1	0	0	0	1	0	0	0	1	1	0	1	1	1	1	0	1	1	1	0	1	1	0	0	1	0	0	0	0	1	0	1	1	1	1	1	1	0	0
Mp1g24180	neg	1	1	1	1	1	1	0	0	0	1	0	0	0	1	1	0	0	1	1	1	0	0	0	0	1	0	1	0	0	1	0	0	1	0	1	1	0	1	1	0	1	1	0	0
Mp1g26290	neg	0	1	0	1	0	0	0	1	0	0	0	0	0	1	1	1	0	1	1	1	0	0	0	1	0	0	1	1	0	0	0	0	0	0	1	0	0	0	1	0	1	0	0	0
Mp1g27390	neg	0	1	0	1	0	0	0	1	0	1	0	0	0	1	0	0	0	1	0	1	0	0	1	0	0	1	1	1	1	0	1	0	1	1	1	0	0	0	0	0	0	1	0	1
Mp1g28690	neg	1	1	0	0	0	0	0	1	1	0	0	0	1	1	0	1	0	0	1	1	0	0	1	0	1	0	1	1	1	1	1	0	1	1	1	1	0	0	0	0	0	0	0	0
Mp1g29330	neg	1	0	0	0	0	0	0	1	1	1	1	0	1	1	0	0	0	0	0	1	0	0	0	0	1	1	0	1	1	1	0	1	0	1	0	0	0	0	0	0	0	0	0	0
Mp1g29810	neg	1	1	0	1	1	0	0	0	0	1	0	0	0	0	0	0	0	0	1	1	0	1	1	0	1	0	1	1	0	1	0	0	1	0	0	0	0	0	0	1	1	0	0	0
Mp1g29820	neg	1	0	0	1	1	0	0	0	0	1	0	0	1	0	0	1	0	0	0	1	0	1	0	1	0	0	0	0	0	0	0	1	0	0	1	0	1	0	0	0	0	0	0	0
Mp2g00140	neg	1	0	0	0	0	1	0	0	1	1	0	0	1	1	1	0	0	0	0	0	0	1	1	1	0	0	1	1	1	0	0	0	0	1	0	1	1	0	0	1	0	1	0	0
Mp2g00380	neg	0	0	0	1	0	0	1	1	1	1	0	0	0	1	1	0	0	0	0	0	0	0	0	1	0	0	1	1	0	0	0	0	0	0	1	1	1	1	0	0	0	1	1	0
Mp2g00560	neg	1	1	1	0	1	0	1	1	0	0	0	0	1	1	0	0	1	0	1	1	0	0	1	0	0	1	1	1	0	0	0	0	1	0	1	0	0	1	0	1	1	1	0	1
Mp2g01930	neg	0	0	0	0	0	1	0	1	1	0	0	1	0	1	1	1	0	0	0	0	0	0	1	0	1	1	0	1	0	0	0	0	0	1	0	0	0	1	0	0	0	0	0	0
Mp2g04080	neg	1	1	1	1	0	0	0	0	0	0	0	0	0	0	0	1	1	1	1	0	1	0	0	0	0	1	1	0	0	0	0	0	0	0	0	0	0	1	0	1	0	0	0	0
Mp2g05070	neg	1	1	0	1	1	0	0	0	1	1	0	0	0	0	0	0	1	0	1	1	0	0	0	0	1	1	0	1	0	0	0	1	1	0	0	0	1	0	1	0	0	0	0	0
Mp2g05920	neg	0	0	0	1	0	0	0	0	0	1	0	0	1	0	1	0	0	0	0	0	0	0	0	0	0	1	1	1	1	0	0	1	0	0	1	0	0	1	0	0	0	0	0	0
Mp2g06020	neg	0	0	0	1	1	1	0	1	0	1	0	0	0	0	0	0	0	0	0	0	0	1	0	0	1	1	0	0	0	0	0	0	0	0	0	0	0	0	0	0	0	0	0	0
Mp2g06270	neg	0	1	0	1	1	0	0	0	1	0	0	0	0	0	1	0	0	1	1	1	1	1	1	0	1	0	1	0	1	0	1	0	1	0	1	0	0	0	1	1	1	1	0	1
Mp2g06860	neg	1	1	0	1	0	1	0	0	1	0	0	0	1	0	1	0	0	1	1	0	0	1	0	1	0	0	0	0	1	0	1	0	1	0	1	1	1	0	1	1	0	1	1	0
Mp2g07330	neg	0	0	0	0	0	0	0	0	0	0	0	0	0	0	0	1	0	1	0	1	0	0	0	1	0	0	0	0	0	0	0	0	0	1	1	0	0	0	1	0	0	0	0	0
Mp2g08750	neg	0	1	0	0	1	1	0	0	0	1	0	0	1	0	1	0	0	1	0	0	0	0	0	0	0	1	0	0	0	0	0	1	1	0	0	1	0	0	0	0	1	1	0	0
Mp2g09460	neg	1	0	0	1	1	0	0	0	0	1	0	0	0	0	1	1	1	1	1	1	0	1	0	0	0	0	0	0	0	0	1	1	0	0	1	1	1	1	1	0	1	0	1	0
Mp2g09770	neg	1	0	0	0	0	0	0	0	1	1	0	0	0	0	0	0	0	1	1	1	1	0	1	1	0	0	0	0	0	0	0	1	0	1	1	0	1	1	0	1	0	0	0	0
Mp2g09940	neg	1	0	0	0	0	1	0	1	1	1	0	0	1	1	0	1	0	0	0	0	1	0	1	1	1	1	1	1	0	1	0	0	1	0	0	0	1	0	1	1	1	1	0	0
Mp2g11940	neg	1	1	1	0	0	1	0	0	0	1	0	0	1	1	1	1	0	0	0	1	0	1	0	0	0	0	1	1	0	1	0	0	0	0	1	0	0	0	0	1	0	1	0	0
Mp2g13160	neg	1	0	0	1	1	0	0	0	1	1	0	0	0	0	0	0	0	1	1	1	1	0	0	0	0	0	0	0	0	0	0	1	0	0	0	0	0	1	0	0	0	0	0	0
Mp2g15050	neg	0	0	0	1	0	0	0	0	0	1	0	0	1	0	1	1	0	0	1	1	1	0	0	0	1	0	1	0	1	1	0	0	0	0	1	1	0	0	1	0	0	1	1	0
Mp2g15670	neg	0	0	0	0	0	0	0	0	1	1	0	0	0	0	0	0	0	0	0	1	0	0	1	0	1	0	0	0	0	0	0	0	0	0	1	1	0	0	0	0	0	0	0	0
Mp2g16810	neg	1	0	0	1	0	0	0	0	0	1	0	0	1	1	0	0	1	0	1	0	1	0	0	1	0	1	1	1	0	0	0	1	1	1	1	0	1	1	1	1	0	0	0	0
Mp2g17140	neg	0	0	0	1	0	1	0	0	1	0	0	1	1	0	0	1	0	0	0	1	1	0	0	0	1	0	0	1	0	0	0	0	1	1	1	1	0	0	0	1	1	0	0	0
Mp2g17850	neg	0	1	0	1	0	0	0	1	0	1	0	0	1	0	0	0	1	0	1	0	0	0	0	0	0	1	0	0	1	0	0	0	0	0	1	1	0	0	1	0	1	0	1	0
Mp2g18820	neg	1	0	0	0	1	0	0	0	0	0	0	0	0	0	0	0	0	1	0	0	1	1	1	0	0	0	1	0	0	1	0	0	1	0	0	0	0	0	1	1	0	1	0	0
Mp2g23400	neg	0	1	0	0	1	0	0	0	1	0	1	0	1	1	0	1	1	1	0	1	0	0	0	1	1	1	0	1	0	0	0	0	1	1	1	1	1	1	1	0	0	1	1	1
Mp2g24930	neg	0	0	0	1	1	0	0	1	1	1	0	0	1	1	1	0	1	0	1	1	0	1	0	1	1	0	0	0	1	1	0	0	0	1	1	1	1	1	1	0	1	0	0	0
Mp2g25030	neg	0	1	0	1	0	1	0	1	1	1	0	0	1	1	1	0	1	1	0	1	0	0	1	1	0	1	0	0	1	0	0	0	1	1	1	0	0	0	0	1	0	0	0	0
Mp3g01310	neg	1	0	0	0	0	0	0	1	0	0	0	0	0	1	0	1	1	1	0	1	0	0	0	0	1	0	1	0	0	1	0	1	1	0	1	0	1	0	0	0	0	1	0	0
Mp3g03490	neg	1	0	0	0	1	0	0	0	1	1	0	1	0	0	0	0	1	0	1	1	0	1	1	0	1	0	0	0	0	0	0	1	1	0	1	1	0	0	0	0	1	1	0	0
Mp3g04080	neg	0	1	0	1	0	1	0	1	0	0	0	0	0	1	1	0	0	0	0	0	0	0	0	0	0	1	1	1	0	0	0	0	0	0	1	0	1	0	0	0	1	0	0	0
Mp3g04350	neg	0	0	0	0	1	0	0	0	1	1	0	1	1	1	1	0	0	0	0	0	0	0	1	0	0	1	1	1	0	0	0	1	1	0	1	0	0	0	1	0	1	1	0	0
Mp3g05740	neg	0	0	0	1	0	0	0	0	1	0	0	0	0	1	0	1	0	0	1	0	0	0	1	1	0	1	1	1	1	0	1	0	0	1	1	0	0	0	1	0	0	0	0	0
Mp3g05990	neg	1	0	0	1	1	0	0	0	0	0	0	0	1	0	0	0	0	0	0	0	1	0	0	1	0	0	0	0	1	0	0	0	1	0	1	0	1	1	1	1	0	0	0	1
Mp3g07610	neg	0	1	1	1	0	0	0	0	1	0	0	0	1	0	1	0	0	0	0	1	1	0	1	0	0	0	0	0	0	0	0	0	0	0	1	1	0	0	0	0	0	0	1	0
Mp3g07770	neg	1	0	0	1	0	0	0	0	1	1	0	0	0	1	0	1	0	0	0	1	0	0	1	1	0	1	0	0	0	0	0	1	0	0	0	0	0	0	1	0	0	0	0	0
Mp3g08230	neg	1	1	1	1	0	0	0	1	0	0	0	0	0	0	0	0	1	0	1	1	0	0	1	1	0	0	1	0	0	0	0	0	1	0	0	1	0	1	1	0	0	0	0	0
Mp3g08240	neg	0	1	0	1	0	0	0	0	0	1	0	0	0	0	0	0	1	0	0	0	0	0	0	0	0	0	0	0	0	1	0	1	0	1	0	0	0	1	1	0	0	1	0	0
Mp3g08490	neg	0	0	0	0	0	0	0	0	1	0	0	0	0	0	0	1	0	0	1	1	1	1	0	0	1	0	0	0	0	0	0	0	0	1	1	0	0	0	0	0	0	0	0	0
Mp3g08890	neg	0	1	0	0	0	1	0	0	1	1	0	0	1	1	0	0	0	0	0	1	0	1	0	0	0	0	1	0	1	0	0	1	1	1	0	1	0	0	1	0	0	0	0	0
Mp3g09430	neg	1	1	1	1	0	0	1	0	0	0	0	0	0	0	1	1	1	1	0	0	0	0	1	1	1	1	1	1	0	0	1	0	1	0	1	0	0	0	1	0	1	1	0	0
Mp3g09450	neg	1	0	0	1	0	0	0	0	1	1	0	0	0	1	0	1	0	0	1	1	0	0	0	0	1	1	0	0	0	0	0	0	0	1	1	1	0	0	0	0	0	0	0	0
Mp3g10390	neg	1	1	0	0	0	1	1	0	1	0	0	0	1	1	1	1	1	0	1	1	1	0	1	0	1	0	1	0	0	0	0	0	0	1	1	0	0	0	1	1	0	0	0	0
Mp3g11030	neg	1	0	0	0	0	0	0	0	0	1	0	0	0	1	0	0	0	1	0	1	0	0	1	1	1	1	1	1	0	0	0	0	1	1	1	1	0	0	1	1	0	0	0	0
Mp3g11180	neg	1	1	0	0	0	1	0	0	1	1	0	0	1	0	0	0	1	0	1	1	0	0	0	0	0	0	1	0	0	0	0	0	0	1	0	1	0	0	0	0	1	1	0	0
Mp3g11670	neg	1	1	0	0	1	0	1	1	1	0	0	0	0	1	1	1	0	1	0	1	0	1	1	1	1	0	1	0	0	0	0	0	1	0	1	0	1	0	1	0	1	1	0	1
Mp3g15000	neg	1	1	0	1	0	0	0	1	0	1	0	0	0	0	0	0	0	1	0	0	1	0	0	1	0	1	1	0	0	0	0	1	1	0	1	1	0	0	0	1	0	0	0	1
Mp3g15130	neg	0	0	0	0	0	0	0	1	0	1	0	0	1	0	0	1	1	1	1	1	0	0	0	1	0	0	0	0	1	0	0	0	0	0	0	0	0	1	0	1	0	1	0	0
Mp3g16570	neg	1	0	0	0	0	0	0	0	1	0	0	0	0	0	0	1	1	0	1	1	1	0	0	0	1	0	1	1	0	1	0	0	0	1	0	0	0	1	0	0	0	1	0	0
Mp3g17840	neg	1	0	0	1	0	0	0	0	1	1	0	1	0	0	1	1	1	1	0	0	0	1	0	0	0	1	1	1	0	0	0	0	1	0	0	0	1	1	0	1	1	1	0	0
Mp3g17960	neg	0	1	0	1	1	0	0	0	1	0	0	0	0	0	0	0	0	0	0	1	0	0	1	0	1	1	0	0	0	0	0	1	0	1	1	0	0	1	1	0	0	0	0	0
Mp3g18100	neg	1	0	0	1	0	0	0	0	1	1	0	0	0	0	0	0	0	0	0	0	0	0	1	0	0	0	0	0	0	0	0	0	0	0	0	0	0	0	1	0	0	0	0	0
Mp3g18440	neg	0	0	0	1	0	1	0	0	0	1	0	1	0	1	0	0	1	0	0	1	1	1	0	0	0	0	1	0	0	1	0	0	0	0	1	1	0	1	0	1	0	0	0	0
Mp3g18640	neg	1	0	0	0	0	0	0	0	1	1	0	0	1	0	0	0	0	0	0	0	0	0	1	0	1	0	0	0	1	0	0	1	1	1	0	1	0	1	0	1	0	0	0	0
Mp3g19230	neg	0	0	0	1	1	1	0	1	1	1	0	0	0	1	1	1	0	0	0	1	0	0	1	1	1	1	0	1	0	0	0	1	1	0	1	0	1	0	1	0	1	0	0	1
Mp3g19470	neg	1	0	0	1	0	1	0	0	1	1	0	1	0	1	1	0	1	1	1	1	0	0	0	0	0	1	0	0	0	1	0	0	0	0	1	0	0	0	1	0	1	0	0	0
Mp3g19750	neg	1	1	1	1	0	1	0	0	1	0	0	0	1	1	1	0	0	0	0	1	0	1	0	1	1	0	1	1	0	0	0	0	1	0	1	1	1	0	1	0	0	1	0	0
Mp3g20240	neg	1	0	0	1	0	0	0	0	0	1	0	0	1	1	0	1	0	1	0	1	0	0	0	0	0	0	0	0	0	0	0	0	0	0	1	0	0	1	1	1	1	0	0	0
Mp3g21150	neg	1	1	0	0	0	0	0	0	1	1	0	0	0	1	0	0	1	0	0	1	0	1	1	0	0	0	1	0	0	0	0	0	1	0	1	0	1	1	0	0	0	1	0	0
Mp3g21620	neg	1	1	0	1	0	0	0	1	1	1	0	0	0	0	0	0	0	1	1	1	1	1	0	0	1	0	0	0	0	0	1	1	1	0	0	0	0	1	0	1	1	0	0	1
Mp3g21790	neg	1	1	0	0	1	1	0	0	0	1	0	0	1	1	1	0	1	0	1	1	1	0	1	1	0	0	0	0	0	1	0	0	1	1	1	1	1	0	1	1	0	0	0	0
Mp3g22450	neg	1	1	0	1	1	0	0	0	1	1	0	0	1	0	1	0	0	0	1	0	0	0	1	0	0	0	0	0	0	0	0	1	0	0	0	1	0	0	0	0	0	1	0	0
Mp3g24250	neg	1	0	0	1	0	1	0	0	1	1	0	0	0	1	0	1	0	0	0	1	1	0	1	0	1	0	1	1	1	1	0	0	1	0	1	1	0	0	1	0	0	1	0	1
Mp3g24810	neg	1	0	0	0	0	0	0	0	1	0	1	0	0	0	0	0	0	0	0	0	1	1	1	1	1	0	1	0	0	0	1	1	1	0	1	1	0	0	1	1	0	0	1	0
Mp4g00350	neg	1	0	0	0	0	0	0	0	1	0	0	0	0	0	0	1	0	0	1	1	1	1	1	0	0	0	0	0	0	0	0	0	1	1	0	0	0	1	0	0	0	0	0	0
Mp4g01670	neg	1	0	0	0	0	0	0	0	1	1	0	1	1	0	0	1	0	0	0	1	0	0	0	0	1	1	1	1	0	1	0	0	0	0	1	0	0	1	0	1	1	0	0	0
Mp4g01880	neg	1	1	0	0	1	1	0	1	0	0	0	0	0	1	0	0	0	1	1	1	1	1	1	1	1	0	0	0	0	1	0	0	1	0	1	0	0	1	0	1	0	0	0	0
Mp4g02250	neg	1	0	0	0	0	1	0	0	1	1	0	0	0	0	0	0	1	0	0	0	0	1	1	1	0	0	1	1	0	1	0	1	0	0	0	0	1	1	1	0	0	0	0	0
Mp4g02460	neg	0	1	1	0	0	1	0	0	1	0	0	0	0	0	1	0	0	1	0	1	0	0	0	1	1	0	0	0	0	0	0	0	1	0	0	1	0	0	1	0	0	0	1	0
Mp4g05070	neg	1	0	0	1	0	0	0	0	0	1	0	0	1	0	0	0	0	0	1	1	0	0	0	1	0	1	0	0	0	0	0	0	1	0	0	0	1	1	1	0	1	0	0	1
Mp4g05880	neg	1	0	0	0	0	1	0	0	1	0	0	0	1	0	0	1	0	1	0	1	0	1	0	1	0	1	1	1	0	1	0	0	0	1	1	1	0	1	0	0	0	1	0	0
Mp4g06010	neg	1	0	0	1	1	1	0	0	1	0	0	0	1	0	1	0	0	0	0	1	1	1	0	1	1	0	1	0	0	0	0	0	1	1	0	0	1	1	1	0	0	0	0	0
Mp4g06510	neg	0	0	0	0	0	0	0	0	1	1	0	0	1	0	0	1	0	0	1	0	0	0	1	0	1	0	0	1	0	0	0	0	1	1	1	0	1	1	0	0	1	0	0	0
Mp4g06790	neg	0	0	0	0	1	0	0	0	0	1	0	0	1	0	1	1	0	0	1	0	1	0	0	0	0	1	1	0	0	1	0	0	0	1	1	0	0	0	1	0	0	0	0	0
Mp4g10380	neg	1	0	0	0	1	1	0	0	1	1	0	0	0	0	1	1	1	0	0	1	0	0	0	0	1	1	1	0	0	0	0	0	1	0	0	0	0	0	1	0	1	0	0	0
Mp4g11690	neg	0	0	0	1	0	0	0	0	1	0	0	0	0	0	1	1	0	1	1	1	0	1	1	1	1	0	0	1	0	0	0	0	1	0	1	1	0	0	1	0	0	0	0	1
Mp4g11820	neg	0	0	0	0	1	0	0	1	1	0	0	0	0	0	1	0	0	1	1	1	0	0	1	1	1	0	1	0	0	0	1	1	1	1	1	0	1	0	1	1	0	1	0	0
Mp4g13210	neg	0	0	0	0	0	1	0	0	1	1	0	0	0	0	0	0	0	1	1	1	1	0	0	0	0	0	0	0	0	0	0	0	1	0	1	0	0	1	1	0	0	1	0	0
Mp4g13930	neg	0	1	1	0	0	0	0	0	1	0	0	0	1	0	1	0	0	0	1	1	0	0	0	0	1	0	0	1	0	0	0	0	1	1	0	1	0	1	0	0	1	0	1	0
Mp4g14010	neg	0	0	0	1	1	0	0	1	1	0	0	0	1	0	0	0	0	0	1	1	0	1	1	1	0	1	0	0	0	1	0	0	1	0	1	1	0	1	0	0	0	0	0	0
Mp4g14420	neg	0	1	0	1	0	0	0	1	0	1	0	0	0	1	0	1	1	1	0	1	1	1	1	0	0	1	1	0	0	0	0	0	1	0	0	1	1	1	1	0	1	1	0	1
Mp4g15960	neg	1	1	0	1	0	0	0	0	0	1	0	0	0	0	1	1	0	1	0	1	0	0	1	1	1	0	0	0	1	0	0	0	1	1	1	0	1	1	1	0	1	0	0	1
Mp4g17220	neg	1	0	0	1	0	1	0	0	1	0	0	0	1	0	1	0	1	0	1	1	0	0	1	1	1	1	1	1	1	0	0	0	1	0	1	0	1	0	1	1	1	0	0	0
Mp4g17690	neg	1	0	0	0	1	1	0	0	0	1	0	1	0	0	1	1	0	0	1	0	0	0	0	0	0	0	0	1	1	0	0	1	1	1	0	0	0	0	0	0	0	0	0	0
Mp4g17730	neg	0	0	0	1	1	1	0	0	0	0	0	0	0	0	1	0	1	1	0	0	0	1	1	1	1	1	1	1	0	0	0	0	1	1	1	1	0	0	1	1	1	0	1	0
Mp4g18170	neg	0	0	0	0	0	1	0	0	1	1	0	0	0	1	1	0	1	1	0	1	0	0	1	1	1	0	0	1	1	0	0	0	1	0	1	1	1	1	0	0	0	0	1	1
Mp4g18640	neg	1	0	0	1	0	0	0	1	0	1	0	0	0	1	1	1	1	0	1	1	1	1	1	1	1	0	1	1	0	0	0	0	1	1	1	1	1	1	1	0	1	0	0	1
Mp4g21410	neg	1	0	0	0	0	1	0	0	0	1	0	0	0	0	1	0	1	0	1	0	1	1	1	1	0	0	1	0	0	1	1	1	1	1	0	1	1	0	1	0	0	0	1	1
Mp4g21460	neg	1	1	0	0	0	1	0	1	1	0	0	0	0	1	1	0	0	0	0	0	0	0	1	1	0	1	0	1	1	0	1	0	1	0	0	1	0	0	1	0	0	0	0	0
Mp4g22320	neg	1	1	0	1	1	1	0	1	0	1	0	0	1	1	1	0	1	1	1	1	0	1	0	0	0	1	1	0	0	0	0	0	1	1	0	1	0	0	1	0	0	0	0	0
Mp4g22590	neg	0	1	0	0	0	0	0	0	1	1	0	0	0	1	0	1	0	1	1	1	0	1	1	0	0	1	0	0	0	0	0	0	1	1	1	0	0	0	1	0	1	1	0	0
Mp4g23610	neg	0	0	0	0	0	1	0	0	1	1	0	0	0	1	1	1	0	1	0	0	0	0	0	0	0	0	1	0	0	0	0	1	0	0	1	0	0	1	1	0	0	1	0	0
Mp5g00070	neg	1	0	0	0	0	0	0	0	0	0	0	0	1	0	0	0	0	0	1	1	1	0	0	0	0	0	0	0	0	0	0	0	0	0	0	0	0	1	0	1	0	0	0	0
Mp5g00100	neg	0	1	1	1	1	0	0	0	1	1	0	1	0	1	1	0	0	0	0	0	1	1	1	0	0	1	0	0	0	0	0	0	0	1	1	1	0	1	1	0	1	0	0	0
Mp5g00410	neg	0	0	0	0	1	0	0	1	1	1	0	0	0	1	1	0	0	1	0	0	0	0	1	0	0	0	0	1	0	0	0	0	0	1	1	0	1	0	1	0	0	0	0	0
Mp5g00460	neg	1	0	0	0	0	1	0	0	1	0	0	0	1	1	1	1	0	0	1	0	0	0	0	0	1	0	1	0	0	0	0	0	1	1	1	1	0	1	1	0	0	0	0	0
Mp5g01400	neg	1	1	1	0	1	1	0	0	1	1	0	0	0	0	0	0	1	0	0	1	0	1	1	0	0	0	1	0	0	1	0	0	1	0	0	1	1	0	0	1	0	1	0	0
Mp5g02180	neg	0	1	1	0	0	0	0	0	0	1	0	0	0	0	0	0	0	0	0	1	0	0	0	0	1	0	1	0	0	1	0	0	0	0	0	1	0	0	1	0	0	0	0	0
Mp5g03510	neg	0	0	0	0	0	1	0	1	1	0	0	0	0	0	1	0	0	1	1	1	0	0	0	0	1	0	0	1	0	0	0	0	1	0	1	1	1	0	1	0	0	0	0	1
Mp5g03890	neg	1	1	0	0	0	0	0	1	1	0	0	1	0	1	0	0	0	0	0	1	0	0	0	1	1	0	1	1	0	0	0	0	1	1	1	1	0	0	1	1	0	0	0	0
Mp5g04250	neg	1	0	0	1	1	1	1	1	1	0	0	0	1	0	1	0	0	0	1	1	0	0	0	0	1	1	1	1	0	0	0	0	1	1	1	0	0	0	0	1	1	1	0	0
Mp5g06120	neg	0	1	0	1	0	1	0	0	0	1	0	0	1	1	1	0	0	1	0	1	0	1	1	1	1	1	0	1	1	0	0	1	1	0	0	1	1	0	0	1	1	0	0	0
Mp5g07060	neg	1	0	0	0	1	0	0	1	1	0	0	1	1	1	0	0	0	0	0	1	0	1	1	1	1	1	1	0	1	0	0	1	1	1	0	0	1	0	1	0	0	0	0	0
Mp5g07570	neg	1	1	1	0	1	0	0	0	1	1	0	0	1	1	0	0	0	0	0	1	0	0	1	0	0	0	1	0	0	0	0	0	1	0	0	0	0	1	0	0	0	0	0	1
Mp5g08510	neg	1	1	0	0	1	0	0	1	0	1	0	0	0	1	0	0	0	0	1	1	0	0	1	0	1	0	1	0	1	1	0	0	1	0	1	1	0	0	1	0	1	1	1	0
Mp5g08570	neg	1	0	0	1	0	0	1	0	0	1	0	0	0	0	0	1	0	0	1	0	0	0	1	0	0	0	1	0	0	0	0	1	1	1	1	0	0	1	1	0	0	0	0	1
Mp5g08940	neg	1	1	1	0	1	0	0	0	0	1	0	0	1	0	1	1	0	0	1	1	1	1	0	0	0	0	1	0	0	0	0	0	1	0	1	0	0	0	0	1	0	1	0	0
Mp5g11210	neg	0	0	0	1	0	1	0	1	0	1	0	0	0	1	0	0	0	0	0	0	0	0	1	1	1	1	1	0	0	0	0	0	1	0	0	0	0	0	0	1	1	0	0	1
Mp5g11550	neg	1	0	0	1	0	1	0	0	1	0	0	0	0	1	1	0	0	0	0	1	0	1	1	0	1	1	1	1	0	0	1	0	1	0	1	1	0	0	1	0	1	0	0	1
Mp5g11580	neg	0	1	0	1	0	1	0	1	1	0	0	0	1	0	0	1	0	0	1	1	1	1	0	0	1	0	0	1	1	0	0	1	0	0	1	1	1	1	1	0	0	0	0	0
Mp5g11590	neg	1	0	0	0	0	1	0	0	1	0	1	0	1	1	1	1	1	0	0	0	0	0	0	0	0	1	1	1	0	0	0	0	0	1	0	1	0	0	0	0	1	1	0	0
Mp5g12040	neg	0	1	1	0	0	1	0	0	0	1	1	0	0	0	0	0	1	1	0	0	0	0	1	0	1	0	0	0	0	0	0	0	0	1	1	0	0	1	1	1	0	1	0	0
Mp5g13180	neg	0	1	0	1	1	0	0	0	0	1	0	0	0	0	1	1	0	1	0	0	1	0	0	0	0	0	0	0	0	0	0	0	1	0	1	1	0	0	0	0	0	0	1	1
Mp5g13260	neg	1	0	0	1	1	1	0	1	0	1	0	1	1	1	1	0	0	1	1	0	0	1	1	0	1	1	0	1	0	1	0	0	1	1	1	0	0	0	0	1	0	1	0	1
Mp5g16190	neg	0	0	0	0	1	0	0	0	1	0	0	1	0	1	0	0	1	0	1	0	0	0	0	1	0	1	1	1	0	0	1	0	0	0	1	1	0	0	0	0	0	0	0	0
Mp5g17330	neg	1	0	0	0	1	1	0	1	1	1	0	0	0	1	1	0	0	0	1	0	1	1	1	0	1	0	0	0	1	0	0	1	1	0	0	0	0	0	0	0	0	0	0	0
Mp5g17540	neg	1	0	0	1	0	0	0	0	1	0	0	0	0	1	1	1	1	0	0	1	1	0	1	0	1	0	1	0	0	0	0	0	1	0	1	0	0	0	1	0	0	1	0	0
Mp5g18310	neg	0	1	0	0	1	1	0	0	0	1	0	0	0	0	1	1	0	0	0	0	1	0	0	0	0	1	1	0	1	0	0	1	0	0	1	0	0	0	1	1	0	0	0	0
Mp5g18640	neg	1	0	0	0	0	1	0	0	1	1	0	0	0	1	0	1	1	0	1	0	0	0	1	1	1	0	0	0	0	0	0	0	1	0	1	0	1	1	1	0	0	0	0	0
Mp5g19170	neg	0	0	0	0	0	1	0	1	1	1	0	0	1	0	1	1	0	0	1	1	1	0	0	1	1	1	0	1	1	0	0	0	1	1	1	0	0	0	1	0	1	0	0	1
Mp5g19200	neg	1	0	0	0	0	1	0	0	1	1	0	0	1	1	1	1	0	1	0	1	0	0	1	0	0	0	0	1	1	0	0	1	1	0	1	1	0	0	0	0	1	0	1	0
Mp5g19520	neg	0	0	0	0	1	0	0	0	0	1	0	0	0	0	1	0	0	1	0	1	0	0	1	0	1	0	0	1	0	0	0	0	0	1	0	0	1	0	1	0	0	0	0	0
Mp5g19640	neg	0	0	0	0	0	1	0	0	1	0	0	0	0	1	0	1	0	1	1	0	0	1	1	0	0	0	0	1	0	0	0	0	1	1	1	1	0	0	1	1	0	1	0	1
Mp5g19690	neg	0	1	0	0	0	1	0	0	1	1	0	0	1	0	0	0	0	0	0	1	0	1	0	1	1	0	0	0	1	1	1	1	1	0	1	1	1	0	0	0	0	0	1	0
Mp5g20650	neg	1	0	0	1	0	1	0	1	0	1	0	0	1	1	1	0	1	0	0	1	0	0	1	0	1	1	1	1	0	0	0	0	0	1	1	0	0	1	1	0	0	1	0	0
Mp5g20850	neg	0	1	0	0	0	0	0	1	0	0	0	0	0	1	0	1	0	1	0	0	0	1	0	0	1	1	1	1	0	0	1	1	0	0	1	0	1	0	0	0	1	1	0	0
Mp5g23880	neg	1	0	0	0	0	0	0	0	0	1	0	1	0	0	1	1	0	0	0	0	0	0	1	0	0	0	0	0	0	1	0	0	0	1	1	1	0	0	1	1	0	1	0	0
Mp5g24070	neg	0	1	0	0	0	1	0	0	1	0	0	1	1	1	0	0	0	0	1	0	0	0	0	0	0	0	0	0	0	0	0	1	0	0	1	0	0	0	0	1	0	0	0	0
Mp5g24180	neg	1	0	0	0	0	1	0	0	1	1	0	0	1	1	1	1	0	1	0	1	0	0	1	0	0	0	1	0	0	1	0	0	1	0	0	1	0	0	1	1	1	1	1	1
Mp6g01600	neg	0	0	0	0	0	1	0	0	1	0	0	0	0	0	1	0	0	1	1	0	0	0	1	1	1	1	0	0	0	0	0	0	0	0	1	0	0	1	1	0	1	1	0	0
Mp6g01810	neg	1	0	0	0	0	0	0	0	1	0	0	0	1	1	1	0	0	0	0	0	0	0	0	0	0	1	1	0	0	1	0	0	0	1	1	0	0	0	1	1	0	0	0	0
Mp6g02310	neg	1	1	1	1	0	0	0	0	0	0	0	0	1	0	1	0	0	0	0	1	1	1	0	0	1	0	1	0	1	1	1	0	1	0	1	1	1	1	0	1	0	0	0	0
Mp6g02710	neg	1	1	0	1	1	1	0	0	1	1	0	0	0	0	1	0	0	0	1	1	1	1	0	0	0	0	1	0	0	0	0	1	1	0	1	1	0	1	0	1	0	0	0	0
Mp6g04060	neg	1	0	0	0	0	1	0	1	0	1	0	0	0	1	1	0	1	0	1	1	1	1	1	0	0	0	1	0	1	0	1	0	0	0	1	0	1	1	0	0	0	0	0	0
Mp6g05840	neg	1	1	1	0	0	0	0	0	1	0	0	0	0	1	0	0	0	1	1	1	0	1	0	1	1	0	0	0	0	0	0	0	1	1	1	0	0	1	0	0	1	0	0	1
Mp6g06110	neg	0	0	0	0	1	1	0	0	1	0	0	0	1	0	1	0	1	0	1	1	0	0	0	0	0	1	0	0	0	0	0	0	1	1	1	1	0	1	0	1	0	0	1	0
Mp6g06590	neg	0	1	1	0	0	0	0	0	1	1	0	0	1	1	0	0	0	0	0	1	0	1	0	0	1	1	0	1	0	0	1	1	1	0	1	1	0	0	1	0	1	0	0	0
Mp6g09380	neg	1	1	1	0	0	0	0	0	1	1	0	0	0	0	0	0	0	1	0	1	0	1	0	1	0	1	0	1	0	0	0	0	1	0	0	0	1	1	0	0	1	0	0	1
Mp6g09790	neg	1	0	0	1	1	0	0	0	1	1	0	0	1	0	1	1	0	0	0	1	1	0	1	0	0	0	0	0	0	0	0	0	0	0	0	0	0	1	1	0	0	0	0	0
Mp6g10010	neg	1	1	1	1	0	0	0	0	1	1	0	0	1	0	0	1	0	0	1	1	0	1	0	1	0	1	0	0	1	0	0	0	0	1	1	1	1	0	0	0	0	0	1	0
Mp6g10100	neg	1	0	0	0	0	0	0	0	1	1	0	0	1	0	0	1	0	0	0	0	0	0	0	0	1	0	0	0	0	0	0	0	1	1	0	0	0	1	1	0	0	1	0	1
Mp6g14380	neg	1	0	0	0	0	1	0	1	0	0	0	0	0	0	0	0	0	0	0	1	0	0	0	0	0	0	1	0	0	0	0	0	0	0	0	1	0	0	1	1	0	1	0	0
Mp6g15600	neg	1	0	0	0	1	1	0	0	1	1	0	0	0	0	1	0	0	1	0	1	0	0	0	0	0	1	1	1	0	0	0	0	0	0	1	1	1	0	0	1	1	1	0	0
Mp6g16860	neg	0	1	0	0	0	0	0	0	1	0	0	0	0	1	0	0	0	0	1	1	0	0	0	0	0	0	1	0	0	0	0	0	0	0	1	0	1	0	1	0	0	1	0	0
Mp6g18770	neg	1	1	0	0	0	1	0	0	1	0	0	0	1	1	1	1	1	1	0	1	0	1	1	0	0	1	1	0	0	0	0	0	0	0	0	1	1	1	1	1	1	0	0	0
Mp6g18850	neg	1	0	0	0	1	1	0	0	0	1	0	0	1	1	1	1	0	0	1	0	0	1	0	0	1	1	0	1	0	0	0	0	0	0	0	1	0	1	0	1	0	0	0	0
Mp6g19160	neg	1	1	1	1	0	0	0	0	1	0	0	0	0	0	1	0	0	0	1	1	0	0	1	0	0	0	0	0	0	0	0	1	1	1	1	1	0	1	1	1	0	0	1	0
Mp6g19420	neg	1	1	0	1	0	0	0	0	0	1	0	0	0	0	0	1	0	1	0	1	0	1	0	1	0	1	1	0	0	1	0	0	1	1	1	1	0	0	1	0	0	1	0	0
Mp6g20090	neg	0	1	0	0	1	0	0	1	1	1	0	0	0	0	0	0	0	0	0	1	0	0	0	1	0	0	1	0	0	0	0	0	0	0	1	0	1	0	1	1	0	0	0	0
Mp6g20820	neg	1	0	0	0	0	0	0	0	0	1	0	0	0	1	0	1	0	1	1	1	0	1	0	1	1	0	0	1	1	0	0	0	1	0	1	0	1	0	0	0	1	1	0	0
Mp7g00170	neg	1	1	0	0	0	1	0	0	1	1	0	0	0	0	0	1	0	0	1	0	0	0	0	0	0	0	0	0	0	0	0	0	1	1	1	0	0	0	0	0	0	0	0	1
Mp7g00960	neg	0	0	0	1	0	0	0	0	1	1	0	0	0	1	1	1	1	0	0	0	1	0	1	0	1	1	1	1	1	0	0	0	1	0	1	0	1	1	0	0	0	1	0	0
Mp7g01380	neg	0	0	0	1	0	0	0	0	0	1	1	0	0	1	0	0	1	0	0	1	0	0	0	0	1	0	1	1	1	0	0	1	1	0	0	0	0	0	1	0	0	1	0	0
Mp7g01790	neg	1	1	0	1	0	0	0	0	1	0	0	1	1	0	0	0	1	0	1	0	1	0	0	0	0	1	1	0	0	1	0	0	1	0	1	0	0	0	0	0	1	1	0	1
Mp7g03530	neg	0	0	0	0	0	1	0	0	0	0	0	0	1	1	1	0	0	0	0	1	0	0	1	0	1	1	1	0	0	0	0	1	1	0	1	0	0	0	1	1	1	0	0	0
Mp7g05390	neg	0	1	0	0	1	1	0	1	0	1	0	0	1	1	1	1	0	0	0	1	0	1	1	1	0	1	1	0	0	0	0	0	1	0	1	1	1	0	1	0	1	0	1	0
Mp7g05600	neg	1	0	0	0	0	0	0	1	0	0	0	0	0	0	0	1	0	1	0	1	0	0	1	0	0	0	1	0	0	0	0	0	1	1	1	1	0	0	1	0	0	0	0	0
Mp7g07830	neg	0	0	0	1	0	0	0	0	0	1	0	0	0	0	0	1	0	0	0	0	1	0	1	0	0	0	0	0	0	0	0	0	1	0	1	0	0	1	0	0	0	0	0	0
Mp7g08220	neg	0	0	0	0	1	0	0	1	1	1	0	0	1	1	1	1	0	1	1	1	1	0	1	1	1	1	0	1	0	1	0	1	0	1	0	1	0	0	0	0	1	1	0	0
Mp7g09050	neg	1	0	0	0	1	0	1	0	1	1	1	0	1	1	0	1	0	0	1	0	0	1	1	0	0	1	1	1	0	0	0	1	0	1	1	1	1	1	1	0	1	0	1	0
Mp7g10490	neg	0	0	0	1	1	0	0	0	1	1	0	0	1	1	0	0	1	0	1	1	0	1	0	0	0	1	1	1	0	0	0	0	1	0	1	0	1	1	0	0	0	0	0	0
Mp7g11070	neg	0	0	0	0	0	0	0	0	1	0	0	0	1	1	1	0	0	0	1	1	0	0	0	0	0	0	1	0	0	0	0	0	0	1	0	0	0	1	1	0	0	0	0	0
Mp7g11160	neg	0	0	0	1	1	0	0	1	0	1	0	0	1	1	1	0	0	1	0	1	0	0	0	0	0	0	1	1	1	1	0	1	0	0	1	0	1	0	1	1	0	1	0	0
Mp7g11380	neg	1	1	0	1	0	0	0	0	1	1	0	0	0	0	1	1	1	0	1	0	0	1	1	1	0	0	1	0	0	0	1	1	0	0	0	0	0	0	1	1	0	0	0	0
Mp7g13220	neg	1	0	0	1	0	0	0	0	1	1	0	0	0	0	0	1	1	0	0	1	0	1	1	0	0	0	0	0	0	0	0	1	1	1	0	1	0	0	0	0	0	1	0	1
Mp7g13240	neg	0	1	0	1	0	1	0	0	1	0	0	0	1	0	1	1	0	0	0	1	1	1	1	0	1	1	0	0	0	0	0	0	1	1	1	0	0	1	1	0	0	0	0	0
Mp7g13290	neg	1	0	0	1	1	1	1	1	1	0	0	0	0	1	1	0	0	0	0	1	0	0	1	1	0	1	1	1	1	1	0	0	0	1	0	1	0	0	0	1	0	0	1	0
Mp7g13860	neg	1	0	0	0	0	1	1	0	1	1	0	0	0	0	1	0	0	1	1	0	1	0	1	0	0	0	0	0	0	0	1	0	0	1	1	0	1	1	1	0	0	0	0	0
Mp7g14450	neg	1	1	1	1	0	1	0	0	0	1	0	0	0	0	0	0	0	0	1	0	0	0	1	0	0	1	1	1	1	0	0	0	1	1	1	1	0	0	1	0	0	1	0	0
Mp7g14470	neg	0	0	0	1	0	1	0	0	1	1	0	0	0	0	1	1	0	1	0	1	0	1	1	0	0	1	0	1	0	0	0	1	1	0	0	0	0	1	0	0	0	0	0	0
Mp7g14670	neg	0	1	0	1	0	0	0	0	0	0	0	0	0	1	1	0	0	0	0	0	0	0	1	0	0	0	1	0	0	0	0	0	1	0	1	0	0	0	1	0	0	0	0	0
Mp7g14700	neg	0	0	0	0	0	1	0	0	1	1	0	0	0	0	0	0	0	0	0	0	0	0	0	0	0	1	1	0	0	0	0	0	0	0	0	0	1	0	1	0	0	0	0	0
Mp7g15650	neg	1	0	0	0	0	1	0	1	0	0	0	0	1	1	1	0	0	0	0	1	0	0	0	1	0	1	1	1	0	0	1	0	1	0	1	1	1	1	1	0	0	0	0	1
Mp7g16000	neg	0	0	0	0	0	0	0	1	0	0	0	0	0	1	0	0	0	1	0	0	0	0	1	1	0	1	0	0	1	0	1	1	0	0	1	1	0	0	0	0	1	1	0	0
Mp7g16170	neg	0	0	0	0	0	1	0	1	0	1	0	0	1	1	1	0	1	1	1	1	0	0	0	0	0	1	1	1	0	0	0	0	0	0	1	1	1	0	1	0	0	0	1	0
Mp7g16550	neg	0	0	0	0	0	1	0	0	1	1	0	0	1	0	1	1	1	1	0	0	0	0	0	1	0	1	0	0	0	0	0	0	1	0	1	0	0	1	0	1	0	1	0	0
Mp7g16560	neg	1	0	0	0	0	0	1	1	1	1	0	0	0	1	0	1	1	1	1	0	0	0	1	0	1	0	0	0	0	0	0	0	0	0	1	0	1	0	1	0	0	1	0	0
Mp7g17500	neg	1	0	0	0	0	0	0	0	1	1	0	1	0	1	0	1	0	0	1	1	1	0	0	0	0	0	0	0	0	0	0	0	1	1	1	1	1	1	1	0	0	0	1	1
Mp7g18380	neg	1	1	0	0	0	1	0	0	1	0	0	0	0	1	0	0	0	1	0	0	0	1	1	0	0	0	1	0	0	0	0	0	0	1	1	0	1	1	0	0	0	0	0	0
Mp7g18940	neg	1	0	0	0	0	0	0	0	0	1	0	0	0	1	0	1	1	0	0	1	0	0	0	0	0	0	1	0	0	0	0	1	1	0	1	0	1	0	1	1	0	1	0	0
Mp8g00620	neg	0	0	0	0	1	1	0	0	0	1	0	0	1	0	1	0	0	0	1	1	0	0	0	0	1	1	0	0	0	0	0	0	0	0	0	1	1	1	1	1	0	0	0	0
Mp8g01180	neg	0	1	0	0	0	0	0	1	1	1	0	0	1	1	1	0	0	0	1	1	0	0	0	0	0	0	1	0	1	0	0	0	0	0	1	0	0	1	0	1	0	0	0	0
Mp8g02320	neg	1	1	0	1	0	1	0	0	1	1	0	0	0	0	0	0	0	0	0	1	0	0	1	0	1	0	0	1	0	1	1	0	1	0	1	0	0	0	0	1	0	0	0	0
Mp8g03140	neg	0	1	0	0	0	0	0	0	0	0	0	0	0	0	0	1	0	0	0	0	0	0	0	0	0	1	1	0	0	0	0	0	1	0	0	0	0	0	1	0	1	1	0	1
Mp8g03730	neg	0	0	0	1	1	0	0	0	1	0	0	0	0	0	0	0	0	1	1	1	0	1	1	1	0	0	0	0	0	1	0	0	1	1	1	0	1	0	0	0	0	1	0	0
Mp8g05580	neg	1	1	0	0	1	0	0	0	1	1	0	0	0	1	1	0	1	1	1	1	0	0	0	1	1	0	1	0	0	0	0	0	1	0	0	0	0	0	0	1	0	0	0	1
Mp8g07110	neg	0	1	0	0	0	0	0	0	0	1	0	0	0	0	0	1	0	0	0	0	0	0	1	0	0	0	0	0	0	0	0	0	0	1	1	1	0	0	0	1	0	1	0	0
Mp8g07800	neg	0	0	0	0	0	0	0	0	1	0	0	0	0	0	0	0	0	0	1	1	1	1	0	0	1	0	0	0	1	0	0	1	0	0	0	0	0	0	1	0	1	0	0	0
Mp8g08590	neg	1	0	0	0	1	1	0	0	1	1	0	0	1	1	0	0	0	0	0	1	1	0	0	0	0	0	1	0	1	1	0	0	1	0	1	0	1	0	0	0	1	1	0	0
Mp8g10260	neg	0	0	0	1	0	1	0	0	1	1	0	0	0	0	0	0	0	0	0	0	0	0	1	0	1	0	0	1	0	1	1	0	0	0	1	0	0	1	0	0	0	1	0	0
Mp8g11300	neg	0	0	0	0	0	0	0	0	0	1	0	0	1	1	0	0	0	1	1	0	1	1	0	0	0	0	1	1	0	0	1	0	1	1	1	1	1	0	1	0	0	0	0	0
Mp8g11940	neg	1	0	0	0	1	1	0	0	0	1	0	0	1	0	1	0	1	0	1	0	0	0	0	0	0	1	0	1	0	0	0	0	0	0	1	0	0	0	1	0	0	0	0	0
Mp8g14960	neg	0	0	0	1	0	1	0	0	1	1	0	0	0	1	1	0	0	1	0	1	0	0	1	0	0	1	1	0	0	0	0	0	0	1	0	1	0	0	0	1	0	0	1	0
Mp8g15050	neg	0	0	0	1	0	1	0	0	1	1	0	0	1	1	1	1	0	1	0	1	1	0	1	1	1	1	1	1	0	0	1	0	1	1	0	0	0	1	0	1	0	0	0	0
Mp8g15170	neg	0	1	0	0	1	1	0	0	0	1	0	0	0	1	0	0	0	0	1	1	1	1	0	1	0	1	0	0	1	1	0	0	1	1	1	1	0	0	1	0	1	1	0	0
Mp8g15550	neg	0	1	1	0	1	0	0	0	1	0	0	0	1	1	1	0	0	0	0	1	0	0	1	0	0	1	0	0	0	0	0	0	1	1	1	1	0	0	1	1	1	1	1	0
Mp8g15990	neg	1	0	0	1	0	1	1	1	1	0	0	0	0	0	0	1	0	0	1	0	0	1	1	0	1	1	1	1	0	0	0	0	1	0	1	0	0	0	1	0	0	0	0	0
Mp8g16510	neg	0	1	0	0	0	1	0	0	1	0	0	0	1	1	1	1	0	1	1	0	0	0	1	0	0	0	0	0	0	0	0	0	1	1	1	1	1	0	1	0	1	0	1	1
Mp8g16600	neg	0	0	0	0	0	0	0	0	0	1	0	0	1	0	0	1	0	0	0	1	0	1	1	0	1	0	1	1	0	0	0	0	1	1	1	0	0	1	0	0	0	0	0	0
Mp8g17060	neg	0	0	0	0	0	1	0	0	0	0	0	0	0	1	0	0	0	1	0	0	0	0	0	1	1	0	0	0	1	0	1	1	1	0	1	0	0	0	1	1	0	0	0	0
Mp8g17960	neg	0	0	0	0	0	0	0	0	1	1	0	0	1	0	1	0	0	1	1	1	0	0	1	1	0	1	0	0	0	1	1	0	1	0	1	1	0	0	0	0	1	1	0	1
MpVg00250	neg	0	0	0	0	0	1	0	0	0	0	0	0	0	0	0	1	0	1	1	1	1	0	0	0	0	0	0	0	0	0	0	0	1	0	0	0	0	0	0	0	0	1	0	0
