X	Class	AAAGGGC	AACGTGT	AGCAGC	AGGACTC	AGTCCG	AGTGGAGA	CACAGA	CAGTGC	CAGTGG	CCTTGAC	CTCGGC	CTCTAA	CTGCAG	CTTGAC	GAGCGA	GATCCC	GCTCTA	GGATAC	GGTGGA	GTACGA	GTGGAA	TAGCCA
Mp1g00180	pos	0	0	1	0	0	0	0	1	1	1	1	1	1	1	1	0	0	0	0	0	0	0
Mp1g00190	pos	0	1	0	0	0	0	0	1	1	0	0	1	0	1	1	1	0	0	0	1	1	0
Mp1g01860	pos	1	0	1	1	1	0	1	0	1	0	0	1	1	0	1	1	0	0	1	1	0	0
Mp1g02210	pos	0	0	0	0	1	1	1	1	1	0	0	0	1	1	0	1	1	1	1	1	1	0
Mp1g03020	pos	0	0	1	0	1	0	0	0	1	0	1	0	1	0	1	0	0	0	1	0	1	0
Mp1g03840	pos	0	0	0	1	0	0	1	0	0	0	1	1	0	1	1	0	1	0	0	0	0	1
Mp1g03980	pos	1	0	1	0	1	0	1	1	1	0	1	0	0	0	1	0	0	0	1	1	1	0
Mp1g05410	pos	1	0	1	0	0	0	0	0	0	1	0	0	0	1	0	1	0	0	0	0	0	0
Mp1g05920	pos	0	0	1	1	0	0	1	0	0	0	0	1	0	1	1	0	1	0	0	0	0	0
Mp1g06050	pos	1	1	0	0	1	0	1	0	0	0	0	0	1	1	0	1	1	1	1	0	0	1
Mp1g06240	pos	1	0	1	0	1	0	0	1	0	1	1	0	0	1	1	1	0	1	1	1	1	0
Mp1g07730	pos	0	0	1	0	1	0	0	0	1	1	1	1	0	1	1	1	0	0	1	0	0	0
Mp1g08560	pos	0	0	1	0	0	0	1	0	1	0	1	1	1	1	1	0	1	1	0	1	1	1
Mp1g09180	pos	1	0	1	1	1	0	1	0	0	1	0	0	0	1	1	1	1	1	0	0	1	1
Mp1g09190	pos	0	0	0	0	0	0	1	0	0	0	0	1	1	1	0	0	1	1	1	1	0	1
Mp1g10420	pos	0	0	0	0	0	0	0	0	0	0	1	0	0	0	0	1	0	0	1	0	1	0
Mp1g11420	pos	0	0	1	0	0	1	1	1	1	0	1	0	1	0	1	1	0	0	0	0	1	1
Mp1g13010	pos	0	0	1	0	0	0	1	1	0	0	0	1	0	1	0	0	1	0	1	0	0	0
Mp1g13250	pos	0	0	1	0	1	1	1	1	0	0	1	0	0	0	1	1	0	0	0	0	0	0
Mp1g13590	pos	0	0	1	0	1	0	0	0	0	0	1	1	0	0	1	1	1	0	1	0	0	1
Mp1g15880	pos	0	1	0	0	1	0	0	0	1	0	1	0	0	1	1	1	1	0	1	0	0	0
Mp1g15890	pos	0	0	1	0	1	0	0	0	1	0	1	0	0	0	1	0	0	0	1	1	1	1
Mp1g16260	pos	0	0	1	0	0	0	1	1	1	1	0	0	0	1	1	0	0	1	0	0	1	1
Mp1g16590	pos	0	0	1	0	1	0	1	1	0	0	0	1	0	1	1	0	0	0	0	0	1	0
Mp1g18300	pos	0	0	0	0	1	1	1	0	0	1	1	0	1	1	0	0	0	1	0	1	0	0
Mp1g20750	pos	1	0	1	0	1	0	1	0	0	0	1	0	1	1	1	0	1	0	0	1	1	0
Mp1g21630	pos	0	0	0	0	0	0	0	0	1	0	0	1	0	0	0	0	0	1	0	0	1	0
Mp1g22540	pos	0	1	1	0	1	0	1	0	1	0	1	1	1	0	1	0	1	0	1	0	1	0
Mp1g22940	pos	0	0	1	0	0	0	0	1	1	1	0	0	0	1	1	1	0	1	1	0	1	0
Mp1g23060	pos	0	0	1	0	0	0	0	1	1	0	1	0	1	0	1	1	0	0	1	1	1	0
Mp1g24470	pos	0	0	1	1	0	0	1	0	0	1	1	0	0	1	1	0	0	0	1	1	1	0
Mp1g24480	pos	0	0	1	1	0	0	1	1	0	0	0	0	0	0	0	0	0	0	1	0	1	0
Mp1g24970	pos	1	0	1	0	0	0	0	1	1	0	1	0	1	0	0	0	0	0	1	1	1	0
Mp1g25940	pos	0	0	1	0	1	0	1	1	1	0	1	0	1	1	1	0	0	0	0	1	0	0
Mp1g26440	pos	0	0	0	1	0	0	1	1	1	0	0	0	0	0	1	0	1	1	0	0	0	1
Mp2g01900	pos	0	1	1	0	1	0	1	1	1	0	1	0	1	1	1	0	0	0	0	0	0	0
Mp2g02170	pos	0	0	0	0	0	0	0	1	1	0	0	0	1	0	1	0	1	0	1	0	1	0
Mp2g02590	pos	0	0	0	0	1	0	1	1	0	1	1	1	0	1	1	1	1	1	0	0	0	0
Mp2g04890	pos	0	1	1	0	0	0	0	1	1	0	0	1	0	0	1	0	1	1	0	0	0	0
Mp2g04900	pos	0	0	1	0	1	0	0	0	0	0	1	1	1	0	1	1	1	0	1	0	1	1
Mp2g06770	pos	0	0	0	0	0	0	1	1	0	0	0	0	1	1	1	0	0	1	0	0	1	1
Mp2g07900	pos	0	0	0	0	0	0	1	0	0	1	0	1	0	1	1	1	1	0	1	0	1	1
Mp2g09220	pos	0	1	1	1	1	1	0	0	0	0	1	0	1	0	0	0	0	1	1	0	0	0
Mp2g10040	pos	0	0	1	0	1	0	1	1	1	0	0	0	0	0	0	0	1	1	0	0	1	1
Mp2g10050	pos	0	0	1	0	1	0	0	1	0	0	1	0	1	0	1	1	1	0	1	1	1	0
Mp2g10650	pos	0	0	1	1	1	0	1	1	1	0	1	0	1	1	1	1	1	1	1	0	1	1
Mp2g12900	pos	1	0	0	0	1	0	1	1	1	0	0	0	1	1	1	0	0	1	1	0	0	1
Mp2g13440	pos	0	1	1	1	1	0	1	0	1	0	0	1	1	0	1	0	0	1	0	1	1	1
Mp2g13620	pos	0	1	1	0	1	0	1	1	1	0	1	0	1	0	1	1	1	1	1	1	0	0
Mp2g13670	pos	0	0	1	0	1	0	0	0	0	0	1	0	0	0	1	0	1	0	1	1	1	0
Mp2g13880	pos	0	1	0	0	1	0	1	0	0	0	0	1	1	0	1	0	1	0	0	0	0	0
Mp2g14700	pos	0	0	1	1	1	1	1	0	0	1	1	1	0	1	1	0	0	0	0	1	0	1
Mp2g16980	pos	0	0	1	0	1	0	1	1	1	0	1	0	0	0	1	0	0	0	1	1	1	0
Mp2g17430	pos	0	0	0	0	0	0	1	0	0	0	0	0	0	0	1	1	1	1	0	1	1	1
Mp2g17680	pos	0	0	1	1	0	0	0	1	1	0	1	0	1	1	1	0	0	0	1	0	1	1
Mp2g18470	pos	0	0	1	0	0	0	1	1	0	0	0	0	1	1	1	0	0	0	1	0	1	0
Mp2g18800	pos	0	0	1	0	1	0	1	1	1	1	1	0	1	1	0	1	1	0	1	0	1	0
Mp2g19460	pos	0	0	1	0	0	0	1	1	1	0	1	0	1	0	1	1	0	0	0	0	1	1
Mp2g20050	pos	0	0	1	0	0	0	0	0	0	1	1	1	1	1	1	0	0	0	1	0	0	1
Mp2g20850	pos	0	0	1	0	0	0	1	0	1	0	1	0	1	0	1	0	0	1	1	0	1	0
Mp2g21130	pos	0	0	1	0	0	0	0	1	1	0	0	0	0	1	0	0	0	0	1	0	1	0
Mp2g21300	pos	0	0	1	0	0	0	1	0	1	0	1	0	0	1	0	0	0	0	1	0	1	0
Mp2g21620	pos	0	1	1	0	1	0	1	0	0	0	1	0	0	0	1	0	0	0	0	0	0	1
Mp2g21700	pos	0	0	1	0	1	0	1	0	1	0	1	0	0	1	0	0	0	1	0	0	1	0
Mp2g22120	pos	1	0	1	0	1	0	0	0	0	0	1	1	1	0	0	1	0	1	1	1	1	0
Mp2g22740	pos	0	0	1	0	1	0	1	1	1	0	1	1	0	0	1	0	1	0	1	0	1	1
Mp2g22920	pos	0	0	1	1	0	0	1	0	1	1	1	0	0	1	1	1	0	0	1	1	1	0
Mp2g23490	pos	0	0	1	0	0	1	1	1	1	0	0	0	1	0	0	1	1	0	1	1	0	1
Mp2g25290	pos	0	0	1	0	1	1	1	0	1	0	1	1	0	0	0	0	1	0	1	0	1	0
Mp3g00270	pos	0	0	1	0	1	0	1	1	0	1	1	1	1	1	0	1	0	1	1	0	0	0
Mp3g00850	pos	0	0	1	1	1	0	1	1	1	0	1	0	0	0	1	0	1	0	0	1	1	0
Mp3g02010	pos	0	0	0	0	0	0	0	0	0	0	1	0	0	0	0	0	1	0	1	0	1	0
Mp3g05930	pos	0	0	1	1	0	0	1	1	0	0	0	1	1	0	0	0	0	0	1	1	1	0
Mp3g08180	pos	0	0	1	0	1	0	0	0	0	0	1	0	0	0	1	0	1	0	1	1	1	1
Mp3g08250	pos	0	0	1	0	1	0	1	0	1	0	1	1	1	0	1	1	0	1	0	1	1	0
Mp3g09400	pos	0	0	1	1	0	0	1	0	1	0	1	0	1	1	0	0	0	1	1	0	1	1
Mp3g10080	pos	0	0	1	0	1	0	1	1	1	0	1	0	1	0	1	0	0	1	1	1	0	0
Mp3g10580	pos	1	0	0	0	1	0	1	1	0	0	1	1	1	0	1	1	0	1	1	0	1	0
Mp3g11550	pos	0	1	1	1	0	1	0	1	1	0	0	0	0	0	1	1	0	0	0	1	1	1
Mp3g12070	pos	0	0	1	1	0	0	1	0	1	0	1	1	0	1	1	1	0	0	0	0	1	0
Mp3g12640	pos	0	0	1	1	0	0	1	1	1	0	0	1	0	0	0	0	1	0	0	1	1	1
Mp3g14320	pos	0	0	1	0	0	0	1	1	0	1	0	0	1	1	1	0	1	1	1	0	0	0
Mp3g16010	pos	1	0	1	0	1	0	0	0	0	0	1	1	1	1	1	0	1	0	1	1	1	0
Mp3g16090	pos	0	0	1	0	1	0	1	1	1	0	0	1	0	1	1	0	0	0	1	0	1	1
Mp3g17120	pos	0	1	1	0	1	0	1	0	0	0	1	0	0	0	1	1	0	0	1	1	1	1
Mp3g17620	pos	0	0	1	1	0	0	1	1	1	0	0	1	1	0	1	0	1	1	1	1	1	1
Mp3g18130	pos	0	1	0	0	1	0	1	0	1	0	0	1	0	1	0	0	1	0	0	1	0	0
Mp3g18630	pos	0	0	1	0	0	0	0	1	0	0	1	1	1	1	1	1	1	1	0	0	1	1
Mp3g19060	pos	0	0	1	0	0	0	0	1	1	0	1	0	0	0	1	1	0	0	1	1	1	0
Mp3g19080	pos	0	0	0	0	0	1	0	0	0	0	1	1	1	1	0	1	0	0	0	0	1	0
Mp3g20780	pos	0	0	1	0	0	0	0	1	0	0	0	1	0	0	1	1	1	0	1	0	1	0
Mp3g20920	pos	0	0	1	0	1	0	1	1	1	0	1	1	1	0	1	1	1	0	1	1	1	1
Mp3g21900	pos	0	0	0	0	0	0	0	1	0	0	0	1	1	0	1	0	1	1	1	0	0	0
Mp3g23770	pos	0	0	1	0	0	0	0	1	0	1	0	1	1	1	1	0	0	0	0	1	1	0
Mp3g24920	pos	0	1	1	0	0	0	1	0	0	0	1	0	1	0	1	1	1	0	0	0	0	0
Mp3g25230	pos	0	1	0	0	0	1	1	0	0	0	1	1	1	1	1	0	1	1	0	1	1	0
Mp3g25370	pos	1	0	1	0	0	0	1	1	0	0	0	1	0	0	1	0	1	0	0	0	1	0
Mp4g02390	pos	0	0	1	0	0	0	0	1	0	1	0	1	1	1	0	1	1	0	1	0	1	0
Mp4g02500	pos	0	0	1	0	0	0	0	1	1	1	1	1	0	1	1	0	1	1	0	1	0	0
Mp4g02810	pos	0	0	1	0	0	0	0	0	0	0	1	0	0	0	1	0	0	0	1	1	0	1
Mp4g02840	pos	0	1	1	0	0	0	1	0	1	0	0	1	0	1	0	1	1	0	1	0	1	1
Mp4g05490	pos	0	0	0	1	1	0	1	1	1	0	1	1	1	0	0	0	1	0	0	0	0	0
Mp4g05530	pos	1	0	1	0	0	0	1	0	0	1	0	1	1	1	1	0	0	0	1	0	1	1
Mp4g05950	pos	0	0	0	0	1	0	1	0	0	0	0	1	1	1	1	1	1	0	1	0	1	0
Mp4g06370	pos	1	0	1	0	0	1	0	0	0	0	1	0	1	0	1	1	0	0	1	0	1	1
Mp4g06560	pos	0	0	0	0	0	1	0	1	1	0	1	0	1	0	0	0	1	0	0	1	1	0
Mp4g06660	pos	0	0	0	0	1	0	0	1	0	0	1	0	0	1	1	0	1	0	1	1	1	0
Mp4g07630	pos	0	0	1	0	0	0	0	0	1	0	0	1	0	1	0	1	1	1	1	1	1	0
Mp4g09980	pos	0	0	1	0	1	0	0	1	1	0	1	0	1	0	1	0	1	0	1	0	1	1
Mp4g10300	pos	0	1	0	0	1	1	0	1	1	0	0	0	0	1	1	1	1	1	0	1	0	1
Mp4g12380	pos	0	1	1	0	1	0	1	0	0	1	1	1	1	1	1	0	1	0	1	0	0	0
Mp4g14500	pos	0	0	1	0	1	0	1	1	0	0	1	0	1	1	1	1	1	0	0	0	1	0
Mp4g14660	pos	0	0	0	0	0	1	0	1	1	0	1	0	1	0	0	0	1	0	1	1	0	1
Mp4g15090	pos	0	0	0	1	1	0	0	0	1	0	0	1	1	1	0	0	1	1	0	0	1	0
Mp4g15120	pos	0	0	1	0	1	0	0	0	1	0	1	1	0	0	1	1	0	0	0	0	0	1
Mp4g15420	pos	0	1	0	0	0	0	1	1	0	0	1	1	1	0	1	0	1	0	1	1	1	0
Mp4g15460	pos	1	0	1	0	1	0	1	0	1	1	0	1	0	1	0	1	0	0	1	0	1	0
Mp4g16310	pos	0	0	1	0	0	0	0	1	1	1	1	1	1	1	1	0	0	0	1	1	1	0
Mp4g16550	pos	0	0	1	0	0	0	0	0	1	0	0	0	1	0	1	1	0	0	1	0	0	0
Mp4g16930	pos	0	0	1	0	0	0	0	1	1	0	1	1	1	0	1	0	0	1	1	1	1	0
Mp4g17000	pos	0	0	1	1	0	1	1	0	1	0	0	0	1	0	0	0	0	0	1	1	0	0
Mp4g17230	pos	1	0	1	0	0	0	0	1	1	0	0	0	0	1	1	1	0	0	0	1	1	0
Mp4g17240	pos	0	0	1	0	1	0	1	0	0	0	1	0	1	1	1	1	0	0	0	1	1	0
Mp4g18300	pos	0	0	1	1	0	0	0	0	0	1	1	0	0	1	1	0	0	0	1	1	1	0
Mp4g20720	pos	0	0	1	0	0	0	0	0	1	0	1	0	1	1	1	1	1	1	1	1	1	0
Mp4g21050	pos	0	0	1	0	0	1	1	0	0	0	1	1	1	1	1	0	0	0	0	1	1	0
Mp4g23270	pos	0	0	0	0	1	0	1	1	1	0	1	0	1	1	1	1	0	0	1	0	1	0
Mp4g23320	pos	0	0	1	0	1	0	1	1	0	0	1	0	0	1	0	0	1	1	1	0	0	0
Mp5g01110	pos	0	0	1	0	0	0	1	1	0	0	0	1	0	0	0	0	1	0	0	0	1	0
Mp5g01980	pos	0	0	1	0	0	0	1	0	1	0	1	0	1	0	1	0	0	0	1	0	1	1
Mp5g02030	pos	0	1	1	0	0	0	0	1	1	1	0	0	0	1	1	1	1	1	1	0	1	1
Mp5g04530	pos	0	0	1	1	0	0	1	1	1	0	1	0	0	0	1	0	0	1	1	1	1	1
Mp5g04700	pos	0	0	1	0	0	0	1	1	1	0	1	1	0	0	1	1	0	0	1	0	1	1
Mp5g05130	pos	0	0	1	0	0	0	0	0	1	0	1	1	0	0	1	0	0	0	0	1	1	0
Mp5g05140	pos	0	0	1	0	0	0	1	1	0	0	0	1	0	0	0	0	0	1	1	0	0	0
Mp5g05320	pos	0	1	1	0	0	0	0	1	0	1	0	0	0	1	1	1	1	1	1	1	1	0
Mp5g05380	pos	0	0	0	0	0	0	0	0	0	0	0	0	1	1	0	0	1	0	0	1	1	0
Mp5g06960	pos	0	1	1	0	1	0	0	1	0	0	1	0	1	0	0	0	0	0	0	0	1	1
Mp5g07905	pos	0	0	0	0	0	0	0	1	0	1	1	0	1	1	1	0	1	0	1	0	1	1
Mp5g09070	pos	0	0	0	0	0	0	0	0	1	0	0	1	0	0	0	1	0	1	0	1	1	0
Mp5g09250	pos	0	0	1	0	0	0	1	1	1	0	0	1	0	0	0	0	0	1	1	1	1	1
Mp5g09620	pos	0	0	1	0	0	0	1	1	0	0	1	1	0	0	1	1	1	0	1	1	1	0
Mp5g10100	pos	0	1	0	0	1	0	0	0	0	1	1	1	0	1	1	1	0	0	0	1	0	0
Mp5g11150	pos	0	0	1	0	1	1	0	1	1	0	0	1	1	0	0	1	1	0	1	0	1	1
Mp5g11910	pos	0	0	1	1	0	0	1	0	0	0	1	1	1	0	1	1	1	0	1	1	1	1
Mp5g12260	pos	0	0	0	0	0	0	0	1	1	1	1	1	1	1	1	1	1	1	0	1	1	1
Mp5g12910	pos	0	0	1	0	1	0	1	1	1	0	0	0	1	0	0	1	1	1	0	0	1	0
Mp5g12930	pos	0	0	0	0	1	0	1	0	0	0	1	1	1	0	1	0	0	0	1	1	1	1
Mp5g13130	pos	0	0	1	0	1	0	0	0	0	0	1	1	0	0	1	1	1	0	0	1	0	0
Mp5g13460	pos	1	1	0	0	0	1	0	0	1	0	1	0	0	0	1	1	1	1	1	1	1	0
Mp5g15000	pos	0	1	1	0	0	0	1	0	0	0	1	0	0	1	1	1	1	0	0	1	1	1
Mp5g15410	pos	0	0	1	0	1	0	1	1	0	0	1	1	1	1	1	1	1	0	1	0	1	0
Mp5g15550	pos	1	0	1	0	1	0	0	1	1	0	1	0	1	0	1	0	0	0	0	0	1	1
Mp5g18010	pos	1	0	1	0	1	0	1	0	0	0	1	1	0	1	1	1	1	0	0	1	0	0
Mp5g18690	pos	0	0	1	0	0	0	1	0	1	0	1	1	1	0	1	0	0	0	0	0	0	0
Mp5g19620	pos	0	0	1	0	1	0	1	1	0	0	1	0	0	1	1	0	1	0	1	0	1	0
Mp5g19670	pos	1	0	0	1	0	0	1	1	0	1	0	0	0	1	0	1	0	0	0	0	1	1
Mp5g21130	pos	0	1	0	0	0	0	1	0	1	0	0	0	1	1	1	0	0	0	1	1	1	0
Mp5g24090	pos	0	0	1	0	1	0	1	0	0	1	1	1	0	1	0	0	1	0	0	1	0	0
Mp5g24120	pos	0	1	0	0	0	0	1	0	0	0	0	1	0	0	1	0	1	1	0	1	1	0
Mp6g01310	pos	0	0	1	1	0	0	0	1	1	1	1	0	1	1	1	0	1	0	1	0	0	0
Mp6g01490	pos	0	0	1	0	0	0	1	0	1	0	1	0	1	0	1	0	0	1	0	1	1	0
Mp6g02000	pos	0	0	1	0	0	0	1	1	1	0	1	1	1	0	1	0	1	1	0	0	1	0
Mp6g02290	pos	0	0	1	0	1	0	0	1	0	0	1	0	0	1	1	1	0	0	0	1	1	1
Mp6g02420	pos	0	0	1	0	1	1	1	0	0	1	0	1	0	1	1	0	0	0	0	0	1	0
Mp6g02550	pos	0	0	1	0	0	0	1	1	1	0	1	0	0	1	1	1	0	0	1	0	1	1
Mp6g03700	pos	0	1	1	1	0	0	1	1	1	0	1	1	1	0	1	0	0	0	1	1	1	1
Mp6g04540	pos	1	0	1	1	1	0	1	1	1	0	0	1	1	1	1	1	1	0	0	1	0	0
Mp6g05250	pos	0	0	1	1	1	0	1	1	1	0	1	1	0	1	0	0	0	0	1	1	1	0
Mp6g06010	pos	0	0	1	0	0	1	0	1	1	0	0	0	1	1	1	1	1	0	1	1	0	1
Mp6g06020	pos	0	0	1	0	1	1	1	1	1	0	1	1	0	0	0	1	1	0	1	0	1	0
Mp6g06810	pos	0	0	0	0	1	0	1	0	1	0	0	0	1	0	1	0	1	0	1	1	0	0
Mp6g08260	pos	1	0	1	0	1	0	1	1	1	0	1	0	0	1	1	1	1	0	0	0	1	0
Mp6g08270	pos	0	1	0	0	0	0	1	0	1	1	0	0	1	1	0	1	0	0	0	0	0	1
Mp6g08530	pos	0	0	1	1	0	1	1	1	1	1	1	0	0	1	1	1	0	0	1	0	0	0
Mp6g08540	pos	0	0	0	0	1	0	1	1	0	1	1	0	0	1	0	1	0	0	1	0	0	1
Mp6g09230	pos	0	0	1	0	0	0	1	0	0	0	0	1	0	0	1	0	0	1	1	0	1	1
Mp6g10230	pos	0	0	1	1	0	0	0	1	1	0	1	0	0	0	1	0	0	0	1	0	1	0
Mp6g11300	pos	0	0	1	0	0	0	0	1	1	0	1	0	0	0	1	0	0	0	1	0	1	1
Mp6g12710	pos	1	0	1	0	0	0	1	1	0	0	1	0	0	0	1	1	0	1	1	1	1	0
Mp6g13030	pos	0	0	0	1	0	0	0	1	0	0	0	1	0	1	1	0	0	1	1	1	1	1
Mp6g13680	pos	0	0	1	0	1	0	1	0	0	0	0	0	0	0	1	0	1	0	0	0	1	0
Mp6g16230	pos	1	0	1	0	1	0	1	1	1	0	0	0	1	0	1	1	0	0	1	1	0	1
Mp6g16880	pos	0	0	1	0	1	0	0	0	1	0	1	1	1	0	1	0	1	0	0	1	1	0
Mp6g17560	pos	0	0	1	0	0	0	0	1	0	0	1	0	0	1	0	1	0	0	1	1	0	0
Mp6g18230	pos	0	0	1	0	1	0	1	1	0	0	0	0	1	0	0	0	1	0	1	0	0	0
Mp6g19130	pos	1	0	0	1	0	0	1	0	1	0	0	0	1	1	1	1	0	1	1	1	1	0
Mp6g20460	pos	0	0	1	0	0	0	1	1	1	1	1	0	1	1	0	0	0	0	1	1	1	1
Mp6g20500	pos	0	0	1	0	0	0	0	0	1	0	1	1	1	0	0	1	1	1	0	1	1	0
Mp6g20690	pos	0	0	0	0	1	0	1	0	0	0	0	1	0	1	1	1	0	0	1	0	1	0
Mp7g00640	pos	0	0	1	0	1	0	1	1	1	0	1	0	0	1	1	1	1	0	0	0	1	1
Mp7g00710	pos	0	0	1	1	1	0	0	1	1	1	1	0	1	1	0	0	0	0	1	0	1	0
Mp7g01840	pos	0	0	1	0	0	0	1	0	1	1	1	0	1	1	1	0	1	0	0	1	1	1
Mp7g01970	pos	0	0	1	0	1	1	1	0	1	0	1	1	0	1	0	0	1	0	1	1	1	1
Mp7g02050	pos	0	0	1	0	1	0	0	1	0	1	0	0	1	1	1	0	1	0	1	0	0	0
Mp7g04240	pos	0	1	0	0	1	0	0	0	0	0	0	1	0	1	1	0	1	1	1	1	1	0
Mp7g04500	pos	0	0	1	0	0	0	0	1	0	0	0	0	0	0	1	1	0	0	0	0	0	0
Mp7g05690	pos	0	0	0	0	0	0	1	1	0	0	1	1	0	0	1	1	1	1	1	1	1	0
Mp7g06900	pos	0	0	1	0	0	0	1	0	0	0	0	0	1	0	1	0	1	1	0	1	0	0
Mp7g08160	pos	0	1	1	1	0	0	1	0	1	1	0	1	0	1	1	0	0	0	1	1	1	1
Mp7g09270	pos	0	0	1	0	1	1	1	1	1	1	0	1	0	1	1	1	1	0	1	0	1	0
Mp7g09780	pos	0	0	0	1	0	0	1	1	0	0	1	1	1	0	0	1	0	0	0	0	0	0
Mp7g10010	pos	0	0	1	0	0	0	0	1	1	1	1	1	1	1	1	1	1	0	1	0	1	0
Mp7g10890	pos	1	0	0	0	0	0	1	1	1	0	0	1	1	1	1	0	0	1	1	1	0	1
Mp7g11930	pos	0	0	1	0	0	0	0	0	1	0	1	1	0	0	1	1	1	0	1	0	1	0
Mp7g12260	pos	1	0	1	0	0	0	0	0	0	0	0	0	1	0	1	1	1	0	1	0	0	0
Mp7g12560	pos	0	0	1	0	0	0	1	1	1	0	0	1	1	1	0	0	0	1	0	0	0	0
Mp7g13670	pos	1	0	1	0	1	1	0	1	1	0	1	1	0	1	1	0	0	0	1	0	0	1
Mp7g13690	pos	0	0	1	0	1	0	1	1	0	1	0	0	1	1	1	0	0	0	1	0	1	0
Mp7g14390	pos	1	0	1	0	0	0	0	1	0	0	1	0	0	0	1	0	0	0	1	1	1	1
Mp7g14400	pos	0	0	1	0	0	0	1	0	1	1	0	0	1	1	1	0	0	0	0	1	1	0
Mp7g15690	pos	0	0	1	0	0	0	1	0	1	0	1	1	0	0	1	1	0	0	1	0	1	0
Mp7g16420	pos	0	0	1	0	1	0	1	1	1	0	1	0	1	1	1	0	1	1	0	0	1	0
Mp7g18430	pos	1	0	1	0	1	0	0	0	0	0	1	1	0	1	1	1	1	0	1	0	1	1
Mp8g00500	pos	0	0	1	0	0	0	1	0	1	0	0	0	1	1	1	0	1	1	1	1	1	0
Mp8g00660	pos	1	0	1	0	1	0	1	1	1	0	1	0	1	0	1	0	0	0	1	0	0	1
Mp8g01820	pos	0	1	0	0	0	1	0	1	1	0	0	1	1	1	1	1	1	0	1	1	1	1
Mp8g02150	pos	0	0	1	0	0	0	1	1	0	0	1	1	0	0	1	0	1	0	1	0	1	0
Mp8g04910	pos	0	0	1	0	0	0	1	1	0	1	1	1	1	1	1	0	0	1	1	1	0	0
Mp8g05120	pos	1	0	1	0	1	0	0	0	0	1	1	0	0	1	1	0	0	0	1	1	1	0
Mp8g06310	pos	0	0	1	1	1	0	0	0	0	0	0	0	0	1	0	1	0	1	1	1	1	1
Mp8g06690	pos	0	0	0	0	0	0	1	1	1	0	1	1	1	0	1	1	1	0	1	0	1	0
Mp8g07070	pos	0	0	1	1	1	0	1	0	1	1	1	0	0	1	1	1	0	1	1	1	0	1
Mp8g07380	pos	0	0	0	0	1	0	1	1	0	0	1	0	0	1	0	1	0	0	0	1	0	0
Mp8g08930	pos	0	0	0	0	0	0	1	1	0	0	0	1	0	0	1	0	1	1	1	1	0	0
Mp8g08960	pos	0	0	1	0	0	0	1	1	0	0	0	0	1	1	0	1	0	1	1	0	1	0
Mp8g10150	pos	0	1	1	1	0	0	1	0	1	0	0	1	0	1	0	1	1	0	0	0	1	0
Mp8g10350	pos	0	0	1	1	0	0	0	0	0	0	1	0	1	1	1	1	0	1	1	0	1	0
Mp8g10580	pos	1	0	1	0	1	0	1	1	1	0	1	0	1	0	1	1	0	0	1	0	0	0
Mp8g11420	pos	1	0	0	0	1	0	0	1	0	1	0	1	1	1	0	0	0	1	1	1	1	1
Mp8g11560	pos	1	0	1	1	0	0	1	1	1	0	0	0	1	0	1	1	1	0	1	1	1	0
Mp8g12710	pos	0	0	1	1	1	0	0	1	1	1	1	1	1	1	1	0	0	0	1	1	1	1
Mp8g14870	pos	0	0	1	0	1	0	0	1	1	0	0	0	1	0	1	0	0	1	1	1	1	1
Mp8g14900	pos	0	0	0	0	1	0	0	0	1	0	1	0	0	0	1	1	0	1	1	0	1	1
Mp8g16110	pos	0	0	1	0	0	1	1	1	0	1	1	1	0	1	1	0	0	1	1	0	1	0
Mp8g17560	pos	0	0	1	0	0	1	1	0	0	0	1	1	1	0	1	0	0	0	1	1	0	0
Mp8g18910	pos	0	1	1	0	1	0	0	1	1	0	1	1	0	1	0	1	0	1	1	0	1	1
Mpzg00310	pos	0	0	0	0	1	0	0	1	1	0	1	0	0	1	1	1	0	0	0	1	1	0
Mp1g01360	neg	0	0	0	0	0	0	1	0	0	0	0	1	1	1	0	0	0	0	0	0	0	1
Mp1g01690	neg	0	1	0	0	1	0	1	1	0	0	0	1	1	0	1	0	0	1	1	0	1	1
Mp1g03120	neg	0	0	1	0	1	0	0	0	1	0	1	0	0	1	1	0	0	1	1	1	1	1
Mp1g03480	neg	0	0	1	0	1	0	0	1	1	0	0	0	0	1	1	0	0	1	0	0	1	0
Mp1g03990	neg	0	0	1	0	1	0	0	1	1	0	1	0	0	1	1	0	0	1	0	1	0	1
Mp1g04850	neg	0	0	1	1	0	0	0	0	1	0	0	0	0	0	1	0	0	0	0	0	0	1
Mp1g05500	neg	0	0	1	0	0	0	1	1	0	0	1	0	1	0	1	0	0	0	1	0	0	0
Mp1g05660	neg	0	0	0	0	0	0	0	0	1	0	1	0	0	0	0	0	0	1	1	0	1	0
Mp1g06010	neg	1	0	0	0	0	0	1	0	0	0	1	1	1	1	1	0	0	1	1	0	1	0
Mp1g06750	neg	0	0	0	0	1	0	1	0	1	0	0	0	0	1	1	0	1	0	0	0	1	1
Mp1g07690	neg	0	0	1	0	1	0	1	0	0	0	0	1	0	0	1	0	0	0	0	0	1	0
Mp1g07860	neg	0	0	1	1	1	0	0	0	1	1	1	0	0	1	1	0	0	0	1	1	1	0
Mp1g08780	neg	0	0	0	0	0	0	0	0	1	0	1	1	0	0	0	0	1	0	0	1	0	1
Mp1g10040	neg	0	0	1	0	0	0	0	0	0	0	1	0	0	1	1	0	0	0	1	1	1	1
Mp1g10100	neg	0	1	1	0	0	0	0	1	0	0	0	1	1	1	1	0	1	0	0	0	1	0
Mp1g10220	neg	0	0	0	0	1	0	0	0	1	0	1	0	0	0	1	0	0	0	0	0	0	0
Mp1g10280	neg	0	0	1	0	0	0	0	0	1	0	0	1	1	0	1	0	1	0	0	1	0	0
Mp1g10300	neg	0	0	0	1	0	0	0	0	0	0	1	1	0	1	1	0	0	0	1	0	1	0
Mp1g11470	neg	0	0	0	0	0	0	1	1	0	0	1	1	1	0	1	0	1	0	1	0	1	0
Mp1g12750	neg	0	1	1	0	1	0	1	1	0	0	1	0	0	0	1	1	0	0	1	0	0	0
Mp1g12990	neg	0	0	0	0	1	0	0	0	0	0	0	0	0	1	1	1	0	0	1	1	1	0
Mp1g13030	neg	0	1	1	0	1	0	1	0	0	0	1	0	0	0	1	0	1	0	0	0	0	0
Mp1g13810	neg	0	0	0	0	0	0	0	0	0	0	0	1	0	0	1	0	1	0	0	1	0	0
Mp1g15320	neg	0	0	0	0	0	0	0	1	0	0	0	0	0	0	0	0	0	0	1	1	1	0
Mp1g15450	neg	0	0	1	0	1	0	1	1	0	0	1	1	0	1	1	0	1	0	0	1	0	0
Mp1g16170	neg	0	0	0	0	0	0	0	0	0	0	1	1	0	1	0	0	1	0	0	0	1	1
Mp1g17010	neg	0	0	1	0	0	0	0	0	0	0	1	0	1	0	0	0	1	0	0	1	1	0
Mp1g17020	neg	0	0	0	0	0	0	1	0	0	0	0	0	0	0	0	0	1	0	1	0	1	0
Mp1g17980	neg	0	0	0	0	1	0	0	0	0	0	0	0	0	1	1	0	1	0	1	1	1	0
Mp1g18310	neg	0	0	1	1	1	0	1	0	0	0	0	0	0	0	1	1	0	0	1	0	0	1
Mp1g18450	neg	0	0	1	0	1	0	1	1	0	0	1	0	1	0	1	0	1	0	1	1	0	0
Mp1g18500	neg	0	0	0	1	0	0	1	0	0	0	0	1	1	0	1	0	0	0	1	0	1	1
Mp1g18810	neg	0	0	0	0	0	0	0	0	0	0	1	1	0	0	1	0	1	0	1	1	1	0
Mp1g19390	neg	0	1	1	0	0	0	1	0	1	0	0	0	0	1	0	0	1	0	0	0	1	0
Mp1g19570	neg	0	0	0	0	0	0	1	1	1	0	1	0	1	1	0	1	0	1	1	0	1	0
Mp1g20800	neg	0	0	0	0	0	0	0	0	0	0	1	0	0	0	0	0	1	1	1	0	1	0
Mp1g21080	neg	0	0	0	0	0	0	1	1	0	0	1	0	0	0	0	0	1	0	1	0	0	0
Mp1g21240	neg	0	0	0	0	1	0	1	1	0	0	1	0	0	0	1	0	0	0	1	1	0	0
Mp1g21370	neg	0	0	0	0	0	0	0	0	0	0	0	0	0	0	1	1	0	0	0	0	0	0
Mp1g21390	neg	0	0	0	0	0	0	0	0	0	0	0	1	0	0	0	0	1	0	1	0	1	1
Mp1g22270	neg	0	0	1	0	1	0	0	0	0	0	1	0	1	0	1	0	0	0	0	0	0	0
Mp1g23130	neg	0	0	1	0	1	0	1	1	0	0	0	1	0	0	0	0	1	0	1	1	0	1
Mp1g24290	neg	0	0	1	0	1	0	0	0	0	0	0	1	1	1	0	0	0	0	0	1	0	0
Mp1g24360	neg	0	0	0	0	0	0	0	0	0	0	0	0	0	0	0	0	0	0	0	1	0	0
Mp1g24440	neg	0	0	1	0	0	0	1	0	1	0	1	0	0	0	1	1	0	0	0	0	1	0
Mp1g25520	neg	0	0	1	0	0	0	0	1	0	0	0	0	1	0	0	0	1	0	1	0	0	0
Mp1g26410	neg	0	1	0	0	0	0	1	0	0	0	0	1	0	0	0	0	1	0	0	0	1	0
Mp1g26700	neg	1	0	1	1	0	0	0	0	1	0	1	0	0	0	1	0	0	1	1	0	1	1
Mp1g26840	neg	0	0	1	1	0	1	1	1	0	0	0	0	0	1	0	0	0	0	0	0	1	0
Mp1g27710	neg	0	0	0	0	1	0	0	1	0	0	0	0	0	0	0	0	0	0	0	1	0	0
Mp1g29710	neg	0	0	1	0	0	0	1	0	1	0	1	0	1	0	0	1	0	0	1	1	0	1
Mp2g00980	neg	0	1	0	0	0	0	0	1	0	0	0	0	1	1	1	0	0	0	1	0	1	0
Mp2g01190	neg	0	1	0	0	1	0	0	1	1	0	1	0	0	0	0	0	0	1	0	0	1	0
Mp2g01260	neg	0	0	0	0	0	0	0	1	0	0	0	0	1	0	1	0	1	0	0	0	0	0
Mp2g03020	neg	0	1	0	0	0	0	0	0	1	1	0	0	0	1	1	1	0	1	0	0	0	0
Mp2g04700	neg	0	0	1	0	0	0	0	1	1	0	0	1	1	1	1	1	1	0	0	0	0	0
Mp2g05350	neg	0	0	1	0	0	0	0	1	1	0	1	0	0	0	1	1	0	0	0	1	0	0
Mp2g06730	neg	0	0	1	0	1	0	1	1	0	0	0	1	0	0	1	1	1	0	0	0	0	0
Mp2g06970	neg	0	0	1	0	1	0	1	1	0	0	0	1	0	1	0	1	0	0	0	0	1	0
Mp2g07460	neg	0	0	0	0	0	0	0	0	1	0	1	1	0	0	1	0	0	1	0	0	1	0
Mp2g09150	neg	0	0	1	0	1	0	1	0	1	0	0	1	1	0	0	1	0	0	1	1	1	1
Mp2g10470	neg	1	0	1	0	0	0	0	1	0	0	0	0	0	1	1	0	0	0	0	1	0	1
Mp2g11260	neg	0	0	0	0	1	0	1	0	1	1	1	0	1	1	1	0	0	0	0	0	0	1
Mp2g11270	neg	0	0	1	0	0	0	1	1	1	0	1	1	0	1	0	0	0	1	0	0	1	0
Mp2g16010	neg	0	0	0	0	0	0	0	1	1	0	0	0	1	0	0	1	0	0	1	0	1	0
Mp2g16780	neg	0	0	1	0	0	0	1	0	0	0	1	0	0	1	1	0	0	0	1	0	1	0
Mp2g17040	neg	0	0	1	1	1	0	0	1	1	0	0	1	1	1	1	1	1	0	1	1	1	0
Mp2g17640	neg	0	0	0	0	0	0	1	0	0	0	0	0	1	1	0	0	0	1	0	1	1	0
Mp2g17860	neg	0	0	0	0	0	0	1	0	0	0	0	0	1	0	0	1	0	0	0	0	1	0
Mp2g20730	neg	0	0	1	0	0	0	0	1	1	0	0	1	1	0	1	0	1	0	0	1	1	0
Mp2g21190	neg	0	0	1	0	1	0	1	0	0	0	1	0	1	0	0	0	1	0	0	0	1	1
Mp2g22270	neg	0	0	1	0	0	0	0	1	0	0	0	0	1	0	1	0	0	0	1	0	1	1
Mp2g23130	neg	0	0	1	0	0	0	0	0	1	0	0	0	0	0	1	0	1	0	1	0	1	1
Mp2g23460	neg	0	0	1	0	0	0	1	1	0	1	0	1	1	1	1	1	0	1	1	1	1	0
Mp2g26590	neg	0	0	1	0	0	0	1	1	0	0	1	0	1	0	1	1	0	0	1	0	0	0
Mp3g01120	neg	0	0	1	0	0	0	1	0	1	0	1	0	0	1	0	1	0	1	1	0	1	0
Mp3g02750	neg	0	0	0	0	0	0	0	0	0	0	1	1	0	0	1	1	0	0	1	0	1	0
Mp3g03830	neg	0	0	1	0	1	0	1	0	0	0	1	0	0	0	1	0	0	1	1	0	0	0
Mp3g04230	neg	0	0	1	0	0	0	1	0	1	0	0	1	0	0	0	0	0	0	0	0	1	0
Mp3g05300	neg	0	0	1	0	1	0	1	1	0	0	1	0	0	0	0	1	0	0	1	0	1	1
Mp3g06120	neg	1	0	1	0	0	0	0	1	1	0	1	1	0	1	0	1	0	0	1	0	1	0
Mp3g06380	neg	0	0	0	0	1	0	1	0	0	0	0	0	0	1	0	0	0	0	1	0	1	0
Mp3g07380	neg	0	1	1	0	0	0	0	0	1	0	1	1	1	1	1	1	0	0	1	0	1	0
Mp3g08820	neg	0	0	1	1	1	0	0	1	0	0	1	0	0	0	1	1	0	0	0	0	0	1
Mp3g09120	neg	1	0	0	0	0	0	0	1	1	0	1	0	0	0	0	0	0	0	1	0	1	0
Mp3g11250	neg	0	0	1	0	1	0	1	1	1	0	1	1	0	1	1	1	0	1	1	0	1	0
Mp3g11610	neg	0	0	0	0	0	0	0	0	0	0	0	0	0	1	0	0	1	0	0	0	1	0
Mp3g14820	neg	0	0	1	1	1	0	0	1	1	0	0	0	1	1	0	0	0	1	1	1	0	0
Mp3g15210	neg	0	1	1	0	0	0	1	0	0	0	0	0	0	0	0	1	0	1	1	0	1	1
Mp3g15850	neg	0	0	0	0	0	0	0	1	1	1	1	0	0	1	1	0	0	0	1	0	1	0
Mp3g16440	neg	0	0	0	0	0	0	0	1	0	0	0	1	1	0	0	1	1	0	0	0	0	0
Mp3g16510	neg	0	0	0	0	1	0	0	0	0	0	1	1	1	1	0	0	0	0	0	0	1	0
Mp3g17640	neg	0	0	1	0	0	0	1	0	1	1	0	0	0	1	1	1	0	0	1	1	1	0
Mp3g17940	neg	0	0	0	0	0	0	0	0	0	0	1	1	0	0	0	1	0	0	0	0	0	0
Mp3g18670	neg	0	0	0	0	0	0	0	0	1	0	0	0	1	1	1	1	0	1	0	1	1	0
Mp3g19300	neg	0	0	1	0	1	0	1	1	1	0	0	1	1	1	1	0	0	0	0	1	0	0
Mp3g20340	neg	0	0	1	0	1	0	0	1	1	0	1	0	1	0	1	1	0	0	1	0	0	0
Mp3g20650	neg	0	0	1	0	0	0	1	1	0	1	0	0	1	1	1	0	0	1	1	0	0	0
Mp3g21350	neg	1	0	0	0	0	0	1	0	1	0	0	1	0	0	1	1	1	1	0	1	0	1
Mp3g22290	neg	0	0	1	0	0	0	0	1	0	0	0	0	0	0	1	1	0	0	0	0	1	0
Mp3g23210	neg	0	0	1	0	0	0	0	0	1	0	1	0	0	1	0	0	0	0	1	1	1	0
Mp3g23780	neg	0	0	0	0	0	0	0	0	0	0	1	1	0	0	0	0	1	0	0	0	0	0
Mp4g02250	neg	0	0	0	0	0	0	0	1	0	0	0	0	0	1	0	0	0	0	0	0	1	1
Mp4g02510	neg	0	0	0	0	1	0	1	0	0	0	0	0	1	0	1	0	0	0	1	0	0	0
Mp4g04940	neg	0	0	0	0	1	0	1	0	0	0	0	1	0	0	1	0	0	0	1	0	0	0
Mp4g05850	neg	0	0	1	0	0	0	0	0	1	0	1	0	1	0	1	1	0	0	1	0	0	0
Mp4g08910	neg	1	0	0	0	1	0	0	0	1	1	0	0	1	1	0	0	1	0	1	0	1	1
Mp4g10040	neg	0	0	1	1	0	0	1	0	1	0	0	0	1	0	1	1	0	1	1	0	1	0
Mp4g10390	neg	0	0	0	0	0	0	1	1	1	0	0	0	0	1	0	0	0	0	0	0	0	0
Mp4g11710	neg	0	0	1	0	1	0	0	0	0	1	1	0	1	1	0	1	0	0	1	1	1	1
Mp4g12690	neg	0	0	0	0	1	0	1	0	1	0	1	0	0	1	0	0	1	0	0	1	1	0
Mp4g13960	neg	0	0	0	0	0	0	1	1	0	0	1	1	1	0	0	0	1	1	0	0	0	0
Mp4g14380	neg	0	0	1	0	0	0	0	1	1	0	0	0	0	0	1	0	0	1	1	0	1	0
Mp4g16420	neg	0	0	1	0	0	0	1	1	0	0	1	0	0	0	1	0	0	0	0	1	0	1
Mp4g16650	neg	0	0	1	0	0	0	0	1	0	0	1	0	0	0	1	0	0	1	0	0	0	0
Mp4g17860	neg	0	0	1	0	0	0	0	1	0	1	0	0	0	1	1	0	0	0	1	0	1	0
Mp4g18080	neg	0	0	0	0	0	0	1	0	0	0	1	0	1	0	1	1	0	0	0	1	1	0
Mp4g20800	neg	0	0	1	0	1	0	0	1	0	1	1	0	1	1	0	1	1	0	1	1	1	1
Mp4g21000	neg	1	0	1	1	1	0	0	1	1	0	0	0	0	0	1	1	0	0	0	0	0	0
Mp4g21390	neg	0	0	1	0	0	0	1	0	0	0	1	0	0	0	0	0	1	0	1	0	1	0
Mp4g21460	neg	0	0	1	0	0	0	0	0	1	0	1	1	0	0	1	0	0	0	1	0	0	0
Mp4g22160	neg	0	0	1	0	1	0	1	1	0	0	1	0	1	1	1	0	1	0	0	0	0	1
Mp4g23010	neg	0	1	0	0	1	1	0	0	1	1	0	0	0	1	1	1	0	0	1	1	1	0
Mp5g00090	neg	1	0	1	0	1	0	1	1	1	0	1	1	0	0	0	0	0	0	0	1	1	0
Mp5g00310	neg	0	0	0	0	0	0	1	1	0	1	0	1	0	1	0	0	1	0	0	0	1	1
Mp5g00440	neg	0	0	0	0	0	0	1	0	1	0	0	0	0	0	0	0	0	0	0	0	1	1
Mp5g01400	neg	0	0	1	0	0	0	0	0	0	0	0	1	0	0	0	0	1	0	1	1	0	0
Mp5g01860	neg	0	0	1	1	0	0	1	1	0	0	0	0	0	0	1	0	0	0	1	0	0	0
Mp5g02640	neg	0	0	1	0	0	0	1	1	1	1	1	0	1	1	0	1	0	0	0	0	1	0
Mp5g04810	neg	0	0	1	0	0	0	1	1	1	0	0	1	1	0	0	0	1	0	0	1	1	0
Mp5g05920	neg	0	0	1	0	0	0	1	1	0	0	0	1	1	0	1	0	1	0	1	0	0	1
Mp5g06790	neg	0	0	1	0	0	0	0	1	1	0	1	0	1	1	1	0	1	1	1	0	1	1
Mp5g07100	neg	0	0	1	0	1	0	0	1	0	0	0	0	0	0	1	1	1	0	0	0	0	0
Mp5g09160	neg	0	0	1	0	0	0	0	1	0	0	0	0	0	0	1	1	0	0	0	0	1	1
Mp5g09290	neg	0	0	0	1	1	0	1	0	1	0	1	1	0	0	0	0	1	1	1	0	1	0
Mp5g09340	neg	0	0	1	0	1	0	0	0	1	1	0	0	1	1	1	1	1	0	0	0	0	0
Mp5g09680	neg	0	0	0	0	0	0	1	0	0	0	0	0	0	0	0	0	0	0	1	1	1	0
Mp5g10470	neg	0	0	1	0	1	0	0	0	1	0	1	0	1	1	1	0	0	1	1	1	0	0
Mp5g10500	neg	0	0	1	0	1	0	1	0	1	0	1	1	0	0	0	1	0	1	1	1	1	0
Mp5g11140	neg	0	0	1	0	0	1	0	1	0	0	1	0	1	0	1	1	0	0	1	1	0	0
Mp5g12900	neg	0	0	1	0	1	0	1	1	1	0	0	0	1	0	0	1	1	1	0	0	1	1
Mp5g12940	neg	0	0	0	0	0	0	0	0	0	1	0	0	0	1	0	0	1	0	1	1	1	1
Mp5g13410	neg	0	0	1	0	0	0	0	0	0	0	1	1	0	0	1	0	0	0	1	0	0	0
Mp5g13540	neg	0	0	1	0	1	0	1	0	0	0	1	0	0	0	1	1	0	1	0	0	1	0
Mp5g17330	neg	0	0	1	0	1	0	1	1	0	0	0	0	0	0	1	0	0	1	0	0	0	0
Mp5g19430	neg	0	0	0	0	0	0	1	0	0	0	0	0	1	0	0	1	0	1	0	0	0	0
Mp5g19650	neg	0	0	1	0	0	0	0	0	1	1	0	1	0	1	1	0	1	0	1	1	1	0
Mp5g20810	neg	0	0	0	0	0	0	1	1	0	0	0	0	0	1	1	0	1	0	0	0	1	0
Mp5g22310	neg	0	0	1	0	0	0	0	0	1	0	0	1	1	0	0	1	1	1	0	0	0	0
Mp5g22500	neg	0	0	0	0	1	0	1	0	1	0	1	0	1	1	1	1	1	0	1	1	1	0
Mp5g24080	neg	0	1	0	0	0	0	0	0	0	0	0	0	0	0	0	0	0	1	0	0	1	1
Mp6g00320	neg	0	0	0	0	0	0	1	0	0	1	0	0	1	1	0	1	0	0	0	0	0	0
Mp6g00430	neg	0	0	1	0	1	0	1	0	1	1	1	0	1	1	0	1	0	0	1	0	1	0
Mp6g02510	neg	0	0	1	0	1	0	0	0	0	0	1	0	0	0	1	0	1	0	1	1	0	0
Mp6g02690	neg	0	0	1	0	1	0	1	0	0	0	1	0	0	0	1	0	1	1	1	0	0	0
Mp6g03560	neg	0	0	0	0	0	0	0	1	0	0	0	0	1	1	0	0	0	0	1	0	0	0
Mp6g03930	neg	0	0	1	0	1	0	1	0	0	0	0	0	0	1	1	0	0	1	1	0	0	0
Mp6g04140	neg	0	0	1	0	1	0	1	1	0	0	1	1	0	0	1	1	0	0	1	0	1	0
Mp6g04500	neg	0	0	0	0	0	0	0	0	1	0	0	0	1	1	0	0	0	0	0	0	0	0
Mp6g04670	neg	0	0	1	0	0	0	1	0	1	0	1	0	0	0	1	0	0	0	0	1	1	0
Mp6g05420	neg	0	0	0	0	0	0	0	0	1	0	1	0	1	1	1	1	0	0	0	0	0	0
Mp6g05770	neg	1	0	0	0	0	0	1	0	0	0	1	0	0	0	1	1	0	0	0	0	1	0
Mp6g06520	neg	0	0	1	0	0	0	0	1	0	1	0	0	1	1	1	1	0	1	1	0	1	0
Mp6g08210	neg	0	0	1	0	1	0	0	0	1	0	0	1	1	1	0	1	0	0	0	0	0	0
Mp6g08780	neg	0	0	1	0	0	0	0	0	1	0	0	0	1	0	0	1	1	0	1	0	1	0
Mp6g09330	neg	0	0	1	0	1	0	1	1	0	0	0	0	0	0	0	0	0	0	1	1	1	0
Mp6g10950	neg	0	0	1	0	0	0	0	1	0	0	1	1	1	1	1	0	0	0	0	1	0	0
Mp6g12550	neg	0	0	1	0	0	0	1	0	0	0	0	0	0	0	1	0	0	0	1	0	1	0
Mp6g12630	neg	0	0	1	0	0	0	0	1	1	0	0	0	1	0	1	0	1	0	0	1	0	0
Mp6g13260	neg	0	0	0	0	0	0	0	0	1	0	0	0	1	0	1	1	0	0	0	0	0	0
Mp6g13280	neg	0	0	1	0	1	1	1	1	1	1	1	1	1	1	1	1	1	0	1	0	0	0
Mp6g14230	neg	0	0	1	0	0	0	1	0	0	0	0	1	0	1	0	0	0	0	1	0	1	0
Mp6g14370	neg	0	0	1	0	0	0	0	0	0	1	0	0	0	1	0	1	0	0	1	0	0	0
Mp6g16860	neg	0	0	1	0	1	0	0	1	0	0	0	0	0	0	1	0	0	0	0	1	1	0
Mp6g18800	neg	0	0	0	0	0	0	1	0	0	0	0	1	0	0	0	0	1	0	0	0	0	1
Mp6g20050	neg	0	0	0	0	0	0	1	0	1	0	0	1	1	1	0	0	1	0	1	1	0	1
Mp6g20190	neg	0	0	0	1	1	0	0	0	0	0	0	0	1	1	0	1	1	0	1	0	0	0
Mp7g00290	neg	0	0	1	0	0	0	1	0	1	0	0	0	0	1	1	0	0	0	0	0	0	0
Mp7g01380	neg	0	0	1	0	0	0	1	0	1	0	0	0	0	0	0	0	0	1	1	1	1	1
Mp7g01630	neg	0	0	0	0	0	0	1	1	1	0	0	0	1	0	1	1	0	0	0	1	1	0
Mp7g02770	neg	0	0	0	0	1	0	1	0	0	0	0	1	1	0	0	0	1	0	1	0	1	0
Mp7g02920	neg	0	0	1	0	0	0	0	0	1	0	0	0	1	0	0	0	0	1	0	0	0	1
Mp7g03170	neg	0	0	1	0	1	0	0	1	0	0	0	0	0	1	0	0	0	0	1	0	0	0
Mp7g03320	neg	0	0	1	0	1	0	1	1	1	0	1	1	0	0	1	0	0	0	1	1	1	0
Mp7g04230	neg	0	0	1	0	0	0	0	1	1	0	0	0	0	0	1	0	0	0	0	0	0	1
Mp7g04490	neg	0	0	0	0	0	0	0	1	0	0	1	0	1	0	1	0	0	0	1	0	1	1
Mp7g05150	neg	0	0	1	1	0	1	1	0	0	0	0	1	0	0	0	1	1	0	0	1	0	0
Mp7g05370	neg	0	0	1	0	0	0	1	1	0	0	0	1	0	0	1	0	1	0	0	1	0	0
Mp7g05790	neg	0	0	1	0	0	0	0	0	1	1	1	1	0	1	1	0	1	0	1	0	1	0
Mp7g06190	neg	0	0	1	1	0	0	0	1	0	0	0	1	0	0	1	0	1	1	1	0	0	0
Mp7g06850	neg	1	0	1	0	0	0	0	1	1	1	1	0	0	1	1	1	0	0	1	0	1	1
Mp7g07780	neg	0	0	0	0	0	0	0	0	0	0	0	0	0	0	0	0	0	0	1	0	1	0
Mp7g07930	neg	0	0	1	0	0	0	0	1	1	0	1	0	0	0	1	0	1	0	1	1	0	1
Mp7g09520	neg	0	0	0	0	0	0	1	0	1	1	1	0	0	1	0	0	0	0	0	1	1	0
Mp7g10760	neg	0	0	1	0	0	0	0	0	0	0	1	1	0	0	1	1	0	0	0	0	0	0
Mp7g10860	neg	0	0	1	0	0	0	0	0	1	0	1	1	0	1	1	0	0	1	1	1	1	0
Mp7g12910	neg	0	0	0	0	0	0	0	1	1	0	1	1	0	1	0	0	0	0	1	1	1	0
Mp7g13010	neg	0	0	1	0	1	0	0	0	0	0	0	0	1	0	1	1	0	0	0	0	0	0
Mp7g13510	neg	1	0	1	0	0	0	0	1	1	0	1	0	1	0	1	0	0	0	0	1	0	0
Mp7g14230	neg	0	0	1	0	1	0	0	1	1	0	0	1	0	1	1	0	0	0	0	0	1	1
Mp7g14480	neg	1	0	0	1	0	0	1	0	0	0	0	0	0	0	1	0	0	0	0	1	1	0
Mp7g15190	neg	0	0	1	0	0	0	1	0	1	0	1	1	0	1	1	0	0	0	0	1	1	0
Mp7g15560	neg	0	0	1	0	1	0	0	1	0	0	1	0	0	0	1	1	0	0	0	0	0	1
Mp7g16060	neg	0	0	1	0	0	0	1	1	1	0	1	0	1	0	0	1	1	1	0	1	0	0
Mp7g16120	neg	0	0	1	0	0	0	0	0	1	0	1	1	1	1	1	1	0	0	1	0	0	1
Mp7g16310	neg	0	0	1	0	0	0	0	0	1	0	1	1	1	1	1	0	1	1	1	1	1	0
Mp7g16530	neg	0	0	0	1	0	0	1	0	1	0	1	1	0	1	0	0	0	0	0	0	0	0
Mp7g17480	neg	0	0	0	0	0	0	0	0	0	0	1	0	1	0	0	0	1	0	1	0	1	0
Mp7g17550	neg	0	0	1	0	1	0	1	1	1	0	1	0	1	0	1	0	1	0	1	1	1	0
Mp7g17980	neg	0	0	1	0	0	0	1	1	0	0	1	0	1	1	0	1	0	0	0	0	0	0
Mp7g18080	neg	0	0	0	0	1	0	0	0	0	0	0	1	0	0	0	1	0	0	0	1	0	0
Mp7g18500	neg	0	0	1	0	0	0	1	1	1	0	0	0	0	1	0	0	0	0	0	0	0	0
Mp7g18510	neg	0	0	1	1	1	1	0	1	0	0	1	1	0	0	1	1	1	0	1	1	1	0
Mp7g19250	neg	0	0	1	0	0	0	0	1	0	0	1	0	0	0	1	1	0	1	0	1	0	1
Mp8g00010	neg	0	0	1	0	0	0	0	0	0	0	0	0	1	1	0	1	1	0	0	1	0	0
Mp8g00130	neg	0	1	1	0	0	0	1	0	0	0	0	0	0	1	0	0	0	0	0	0	1	1
Mp8g00230	neg	0	1	0	0	1	0	1	0	0	0	1	0	0	0	1	0	1	0	0	0	1	0
Mp8g00990	neg	0	0	1	0	0	0	1	0	1	0	1	0	1	0	0	0	0	0	1	0	0	0
Mp8g01220	neg	0	0	1	0	1	0	0	1	0	1	1	0	0	1	0	0	0	0	0	1	0	0
Mp8g01330	neg	0	0	0	0	0	0	1	0	0	0	0	1	0	0	0	0	1	0	0	0	0	1
Mp8g01790	neg	0	0	0	0	0	0	1	0	0	0	1	0	0	0	0	1	0	0	1	1	1	0
Mp8g02270	neg	0	0	1	0	1	0	1	0	0	0	1	0	1	0	0	0	1	0	1	1	1	1
Mp8g03000	neg	0	0	1	0	1	0	1	0	0	0	1	1	1	0	0	0	0	0	0	0	0	0
Mp8g04070	neg	0	0	1	0	0	0	0	0	1	0	0	1	0	0	0	0	1	1	1	0	1	0
Mp8g04690	neg	0	0	1	0	0	0	0	0	1	0	0	1	1	0	1	0	0	0	1	1	0	0
Mp8g05180	neg	0	0	1	0	1	0	0	0	0	0	0	0	1	1	1	0	1	0	0	1	1	0
Mp8g05590	neg	0	0	0	0	0	0	1	0	0	1	1	0	0	1	1	0	0	0	0	0	0	0
Mp8g08510	neg	0	0	1	0	0	0	0	0	0	0	0	0	0	0	1	0	0	1	0	1	1	0
Mp8g09600	neg	0	0	1	1	0	0	0	1	0	0	1	0	1	0	1	0	1	1	1	1	0	0
Mp8g11910	neg	0	0	1	0	0	0	0	1	0	0	1	1	0	1	1	1	0	1	0	0	1	0
Mp8g11940	neg	0	0	0	0	0	0	0	1	0	0	0	0	0	0	0	0	1	0	0	0	1	1
Mp8g12460	neg	0	0	1	1	0	0	1	1	1	0	0	0	1	1	1	0	1	0	1	0	0	1
Mp8g12640	neg	0	0	1	0	0	1	1	1	0	0	1	1	1	0	1	1	0	0	1	0	1	0
Mp8g14050	neg	0	0	0	0	0	0	0	0	1	0	1	0	1	0	1	0	1	0	0	0	1	1
Mp8g14670	neg	0	0	1	0	1	0	1	0	0	0	0	0	0	0	1	1	0	0	0	0	0	0
Mp8g15780	neg	0	0	1	0	1	0	1	0	0	0	0	0	0	1	1	1	1	0	1	1	1	0
Mp8g17690	neg	0	0	1	0	0	0	1	0	0	0	1	1	0	0	1	0	0	1	0	0	1	1
MpVg00230	neg	0	1	1	0	0	0	0	0	0	0	1	1	0	1	0	0	0	0	0	1	1	1
