X	Class	AAGCGT	AATCAG	ACCCAG	ACGATGC	ACGCTTG	AGATCAG	AGATTC	AGGATC	AGTCCA	ATCCTG	ATCGTC	ATCTCG	ATTCTC	CACAGA	CCATTA	CTAGCGA	CTTCCAC	GACCTC	GATCCC	GCAAGC	GCTAGC	GGATCA	TACCGA
Mp1g00180	pos	0	1	0	1	0	0	0	0	1	0	1	0	1	0	0	0	0	1	0	0	0	0	0
Mp1g00190	pos	0	0	0	0	0	0	1	0	1	1	0	1	1	0	0	0	0	0	1	0	0	1	0
Mp1g01860	pos	0	1	0	0	0	0	1	0	1	0	1	1	1	1	0	1	0	1	1	0	1	0	1
Mp1g02210	pos	0	1	1	0	0	0	1	0	1	0	1	1	0	1	1	0	0	1	1	0	0	0	1
Mp1g03020	pos	0	1	0	1	0	0	1	1	1	0	1	0	1	0	1	1	0	1	0	1	1	0	0
Mp1g03840	pos	0	1	0	0	0	1	1	0	0	0	1	1	1	1	0	0	0	1	0	0	0	0	0
Mp1g03980	pos	1	0	0	1	0	1	0	0	1	0	1	0	1	1	0	0	1	1	0	1	0	0	0
Mp1g05410	pos	1	1	0	0	0	0	0	1	1	1	1	1	1	0	0	0	0	0	1	1	0	1	0
Mp1g05920	pos	0	1	1	0	0	0	1	0	1	0	1	0	1	1	0	0	0	0	0	0	1	0	0
Mp1g06050	pos	0	0	0	1	0	0	0	0	1	0	1	0	1	1	0	0	0	0	1	1	0	1	0
Mp1g06240	pos	1	0	0	1	0	0	0	1	1	0	1	1	0	0	0	0	0	1	1	1	0	0	1
Mp1g07730	pos	1	1	0	0	0	1	1	1	0	0	1	1	1	0	0	0	0	1	1	1	0	1	0
Mp1g08560	pos	0	1	1	0	0	0	1	0	0	0	0	0	0	1	0	0	1	1	0	0	0	0	0
Mp1g09180	pos	0	0	0	0	0	0	1	0	1	1	1	1	0	1	0	0	0	0	1	1	0	0	0
Mp1g09190	pos	0	0	1	0	0	1	1	1	1	1	1	1	1	1	0	0	0	1	0	1	0	0	1
Mp1g10420	pos	1	1	1	0	1	0	1	0	0	0	0	0	1	0	0	0	0	1	1	1	0	0	0
Mp1g11420	pos	1	1	0	0	0	0	0	1	0	1	1	1	0	1	1	0	0	0	1	1	0	0	0
Mp1g13010	pos	0	0	1	0	0	0	1	1	1	0	0	0	0	1	1	0	0	1	0	1	0	1	0
Mp1g13250	pos	0	0	0	0	0	0	1	0	0	0	1	1	1	1	0	0	0	1	1	0	0	0	0
Mp1g13590	pos	1	0	0	0	1	0	1	0	1	0	1	0	1	0	1	0	0	1	1	1	1	1	0
Mp1g15880	pos	1	0	0	1	1	1	1	0	1	0	1	0	1	0	0	0	0	0	1	1	0	1	1
Mp1g15890	pos	0	1	0	0	0	0	0	1	0	1	0	0	1	0	0	0	0	0	0	1	0	0	0
Mp1g16260	pos	0	0	1	0	0	0	0	0	0	1	1	1	1	1	1	0	0	1	0	1	1	0	1
Mp1g16590	pos	0	0	1	0	0	0	0	0	1	0	0	0	0	1	0	0	0	1	0	0	0	0	0
Mp1g18300	pos	0	1	1	0	0	0	0	0	0	0	1	1	1	1	0	0	0	0	0	1	0	1	1
Mp1g20750	pos	0	0	1	0	0	1	1	0	1	1	1	1	0	1	1	0	0	0	0	0	0	0	0
Mp1g21630	pos	1	1	1	0	0	0	1	0	0	1	1	1	0	0	1	0	1	0	0	1	1	0	0
Mp1g22540	pos	0	1	0	0	0	0	1	1	0	1	0	0	1	1	0	0	0	0	0	1	0	1	1
Mp1g22940	pos	0	1	0	0	0	0	1	0	0	1	1	0	1	0	0	0	0	1	1	0	1	1	1
Mp1g23060	pos	0	1	0	0	0	0	0	0	1	0	1	0	1	0	0	0	0	0	1	1	0	0	1
Mp1g24470	pos	0	1	1	0	0	0	1	0	0	0	1	0	0	1	1	0	0	1	0	1	0	0	1
Mp1g24480	pos	0	1	0	1	0	0	1	0	0	0	1	0	1	1	1	0	0	1	0	0	0	1	0
Mp1g24970	pos	1	1	1	0	0	1	0	1	1	1	1	0	1	0	1	1	0	0	0	1	1	1	0
Mp1g25940	pos	0	1	0	0	0	1	1	1	1	1	1	0	1	1	0	0	0	0	0	0	0	1	1
Mp1g26440	pos	1	1	0	0	1	0	1	0	0	1	1	1	1	1	0	1	0	1	0	0	0	0	0
Mp2g01900	pos	0	1	1	0	0	0	0	0	1	1	0	1	1	1	1	0	0	1	0	1	1	1	0
Mp2g02170	pos	0	1	0	1	0	0	1	0	1	0	0	1	0	0	1	0	1	1	0	0	0	0	0
Mp2g02590	pos	1	1	1	1	0	1	1	1	1	1	1	1	1	1	1	0	0	1	1	0	0	0	0
Mp2g04890	pos	1	1	0	0	0	0	1	1	0	1	0	0	1	0	0	0	0	1	0	0	0	0	1
Mp2g04900	pos	1	1	1	0	1	1	0	1	0	0	1	0	0	0	1	0	0	1	1	1	0	1	0
Mp2g06770	pos	0	1	0	0	0	1	1	1	1	1	1	0	1	1	0	0	0	1	0	1	0	0	0
Mp2g07900	pos	0	0	0	0	0	0	1	1	0	0	0	0	1	1	1	0	1	0	1	0	0	0	0
Mp2g09220	pos	1	0	1	1	0	0	1	1	1	1	0	1	1	0	0	0	0	1	0	1	0	1	0
Mp2g10040	pos	0	1	1	0	0	0	0	0	1	1	0	1	1	1	0	0	1	0	0	1	0	0	1
Mp2g10050	pos	0	0	1	1	0	0	1	0	1	0	1	1	1	0	0	0	0	1	1	1	0	0	0
Mp2g10650	pos	1	1	0	0	0	0	0	1	1	1	0	1	1	1	0	0	0	1	1	0	0	1	1
Mp2g12900	pos	1	0	1	1	1	0	1	1	1	0	1	1	1	1	0	0	0	1	0	1	0	1	0
Mp2g13440	pos	0	1	0	0	0	0	1	1	0	0	1	1	0	1	1	0	1	0	0	1	0	1	1
Mp2g13620	pos	0	0	0	0	0	0	0	0	1	1	0	0	1	1	0	0	0	1	1	1	1	0	1
Mp2g13670	pos	0	1	0	1	0	0	1	1	1	1	0	0	1	0	1	1	1	0	0	0	1	0	1
Mp2g13880	pos	0	1	0	0	0	0	1	0	0	1	0	0	0	1	0	0	0	0	0	0	0	0	0
Mp2g14700	pos	1	1	1	0	0	1	1	1	1	1	0	1	0	1	0	0	0	1	0	1	1	1	1
Mp2g16980	pos	0	1	0	0	0	0	1	1	0	1	0	1	1	1	0	0	0	0	0	0	0	0	1
Mp2g17430	pos	1	0	0	0	0	0	0	1	0	1	1	1	1	1	0	0	1	1	1	1	0	1	1
Mp2g17680	pos	0	1	1	1	0	0	1	1	0	0	1	0	1	0	0	1	1	1	0	1	1	1	1
Mp2g18470	pos	0	0	1	1	0	0	1	0	1	1	1	0	1	1	1	0	0	1	0	1	0	1	0
Mp2g18800	pos	0	1	1	0	0	0	1	1	1	0	1	1	1	1	0	0	0	0	1	1	0	0	1
Mp2g19460	pos	0	0	1	1	0	1	1	1	1	0	1	1	1	1	0	0	0	0	1	1	0	1	0
Mp2g20050	pos	0	1	1	0	0	0	0	0	1	0	0	0	1	0	1	0	0	0	0	0	0	1	1
Mp2g20850	pos	0	1	0	0	0	0	1	0	1	1	0	1	0	1	1	0	0	0	0	1	1	0	0
Mp2g21130	pos	1	0	1	1	0	0	1	0	0	0	1	0	1	0	0	0	1	0	0	0	0	0	0
Mp2g21300	pos	0	1	0	0	0	0	1	1	1	1	1	0	1	1	0	0	0	0	0	1	0	1	0
Mp2g21620	pos	0	1	0	1	0	0	1	1	1	0	1	0	1	1	0	0	0	1	0	1	0	1	0
Mp2g21700	pos	1	1	0	0	1	0	1	0	0	0	0	0	1	1	0	0	1	0	0	1	0	0	1
Mp2g22120	pos	1	0	0	0	0	1	0	0	0	0	1	1	1	0	0	0	0	0	1	0	0	1	0
Mp2g22740	pos	1	0	0	1	0	1	0	1	1	0	1	0	1	1	0	0	0	0	0	1	0	1	0
Mp2g22920	pos	0	1	0	1	0	0	1	1	0	1	1	1	1	1	0	0	0	1	1	1	0	0	0
Mp2g23490	pos	1	0	0	0	1	0	1	1	1	0	1	1	1	1	0	0	0	1	1	1	0	1	0
Mp2g25290	pos	0	1	0	0	0	0	1	0	1	1	1	1	1	1	1	0	0	0	0	1	0	0	1
Mp3g00270	pos	0	1	0	0	0	0	1	1	1	0	0	1	0	1	0	1	0	1	1	1	0	1	1
Mp3g00850	pos	0	1	0	0	0	0	1	0	0	1	1	1	1	1	0	0	1	1	0	1	0	1	0
Mp3g02010	pos	0	1	0	0	0	0	1	1	0	0	1	1	1	0	1	0	0	1	0	1	0	0	0
Mp3g05930	pos	1	1	0	1	0	0	1	1	1	0	0	1	1	1	1	0	0	0	0	1	1	1	0
Mp3g08180	pos	0	1	1	0	0	0	1	0	1	0	1	1	1	0	1	0	1	1	0	0	0	0	0
Mp3g08250	pos	1	1	1	0	1	1	0	0	0	0	1	1	1	1	0	0	1	0	1	1	0	0	1
Mp3g09400	pos	0	0	0	0	0	0	0	0	0	0	1	1	1	1	0	0	0	1	0	1	0	0	1
Mp3g10080	pos	1	0	0	0	1	0	1	1	0	1	0	1	1	1	0	0	0	1	0	1	0	1	1
Mp3g10580	pos	1	0	1	0	0	0	1	1	1	1	1	0	1	1	0	0	0	1	1	0	0	1	1
Mp3g11550	pos	0	1	0	0	0	0	0	0	1	0	0	1	0	0	0	0	0	0	1	1	1	1	0
Mp3g12070	pos	0	1	0	0	0	0	1	1	0	1	0	1	0	1	1	0	1	0	1	0	0	1	0
Mp3g12640	pos	0	1	0	0	0	1	1	0	1	0	0	0	1	1	0	0	1	1	0	0	0	0	0
Mp3g14320	pos	0	1	0	0	0	1	1	1	0	1	1	1	0	1	1	0	0	1	0	1	0	1	1
Mp3g16010	pos	0	1	0	0	0	0	1	0	0	1	0	1	1	0	0	1	1	0	0	0	0	0	0
Mp3g16090	pos	1	1	0	0	0	1	1	1	1	0	0	0	1	1	0	0	0	0	0	0	0	0	0
Mp3g17120	pos	1	1	1	1	1	1	1	0	0	0	0	1	0	1	0	0	0	1	1	1	0	1	0
Mp3g17620	pos	0	0	0	1	0	0	0	0	1	1	0	0	1	1	1	0	1	0	0	1	1	1	1
Mp3g18130	pos	1	1	0	0	0	1	1	0	0	1	0	0	1	1	0	0	0	0	0	0	0	0	0
Mp3g18630	pos	0	1	0	0	0	0	0	1	0	0	0	0	1	0	1	0	0	1	1	0	1	1	0
Mp3g19060	pos	0	1	0	0	0	0	1	0	0	1	1	1	1	0	0	0	1	0	1	0	0	1	0
Mp3g19080	pos	0	1	1	0	0	0	1	1	0	1	1	1	1	0	1	0	1	1	1	0	1	1	0
Mp3g20780	pos	1	0	0	0	1	0	0	0	0	0	1	1	1	0	0	0	1	1	1	1	0	0	0
Mp3g20920	pos	0	0	0	1	0	0	0	0	1	0	1	0	0	1	0	0	0	1	1	1	1	0	0
Mp3g21900	pos	0	1	1	0	0	0	0	1	1	1	1	0	1	0	1	0	0	0	0	0	0	1	0
Mp3g23770	pos	0	1	1	1	0	0	1	0	1	0	0	1	1	0	0	0	0	1	0	1	0	0	1
Mp3g24920	pos	0	0	0	0	0	1	1	1	1	0	1	0	1	1	0	0	0	0	1	1	0	1	0
Mp3g25230	pos	0	1	0	1	0	0	0	0	1	0	0	1	1	1	0	0	0	0	0	0	0	1	0
Mp3g25370	pos	0	0	0	0	0	1	1	1	1	1	0	1	1	1	1	0	0	1	0	0	0	1	0
Mp4g02390	pos	1	1	0	1	0	0	1	1	1	1	1	0	1	0	0	0	0	0	1	1	0	1	0
Mp4g02500	pos	0	1	1	0	0	0	1	1	1	0	0	0	0	0	1	0	0	0	0	0	0	1	0
Mp4g02810	pos	1	1	0	0	0	0	0	0	0	0	1	1	0	0	1	0	0	0	0	1	1	0	0
Mp4g02840	pos	1	0	1	1	0	0	1	1	0	1	1	1	1	1	1	0	1	0	1	1	0	1	0
Mp4g05490	pos	1	1	1	0	0	0	1	0	1	0	0	0	1	1	0	0	0	1	0	1	1	0	1
Mp4g05530	pos	0	0	0	0	0	0	1	1	0	1	0	1	1	1	1	0	1	0	0	1	1	1	0
Mp4g05950	pos	0	1	0	1	0	0	1	1	1	1	1	0	1	1	0	1	1	0	1	0	0	0	0
Mp4g06370	pos	0	1	1	1	0	1	0	1	1	1	1	0	0	0	1	0	0	1	1	1	1	1	0
Mp4g06560	pos	1	1	1	1	0	0	1	0	1	1	0	1	1	0	0	0	0	1	0	1	0	0	1
Mp4g06660	pos	1	1	0	0	0	0	0	1	1	1	1	1	1	0	1	0	1	1	0	1	0	1	0
Mp4g07630	pos	1	1	0	0	1	0	1	1	0	1	1	1	0	0	0	0	1	0	1	1	0	0	0
Mp4g09980	pos	1	0	0	0	1	0	1	0	1	0	0	0	1	0	0	0	0	1	0	1	0	0	1
Mp4g10300	pos	0	1	1	0	0	0	1	0	1	1	1	1	1	0	0	0	0	0	1	0	0	0	0
Mp4g12380	pos	0	1	1	0	0	0	1	0	1	0	0	1	1	1	0	0	0	0	0	1	0	0	1
Mp4g14500	pos	0	0	0	1	0	0	1	0	0	0	1	1	0	1	0	0	1	1	1	1	0	1	0
Mp4g14660	pos	1	0	1	0	0	1	1	0	1	0	0	1	1	0	1	0	0	0	0	0	0	0	1
Mp4g15090	pos	1	1	1	0	1	1	0	0	0	0	0	0	1	0	0	0	0	1	0	0	0	1	1
Mp4g15120	pos	1	0	0	0	0	0	0	1	1	0	1	1	0	0	0	0	0	1	1	1	0	0	0
Mp4g15420	pos	0	1	0	0	0	0	1	0	1	0	1	1	1	1	0	0	0	1	0	0	0	0	0
Mp4g15460	pos	1	1	0	1	1	0	1	1	1	1	0	1	1	1	1	0	0	1	1	0	0	1	1
Mp4g16310	pos	0	1	1	1	0	0	1	1	1	0	1	1	0	0	0	0	0	1	0	1	0	1	0
Mp4g16550	pos	0	1	0	0	0	0	1	1	0	1	0	1	1	0	0	0	0	1	1	1	1	1	0
Mp4g16930	pos	1	0	0	0	0	0	1	1	0	1	1	1	1	0	0	0	0	1	0	1	0	0	0
Mp4g17000	pos	0	0	1	0	0	0	1	0	0	1	0	1	0	1	1	1	0	0	0	1	0	1	0
Mp4g17230	pos	0	1	1	1	0	0	1	1	1	0	1	1	1	0	0	0	0	0	1	0	0	0	0
Mp4g17240	pos	0	1	0	0	0	0	1	0	0	0	1	1	1	1	0	0	1	1	1	0	0	0	1
Mp4g18300	pos	0	0	0	1	0	0	1	0	0	0	1	0	0	0	0	0	0	0	0	0	0	1	0
Mp4g20720	pos	0	1	0	0	0	0	0	1	1	1	1	0	1	0	0	1	0	1	1	1	0	1	0
Mp4g21050	pos	1	1	0	0	0	1	1	0	1	1	1	0	1	1	0	0	1	1	0	1	0	0	0
Mp4g23270	pos	0	1	0	1	0	0	1	0	1	1	1	0	1	1	0	0	0	0	1	1	0	1	0
Mp4g23320	pos	1	1	1	0	1	1	1	1	1	0	0	1	1	1	0	0	0	0	0	1	0	0	0
Mp5g01110	pos	1	1	0	0	0	0	1	1	0	0	0	0	1	1	0	0	1	0	0	0	0	0	0
Mp5g01980	pos	0	1	0	0	0	0	0	1	0	1	0	1	1	1	0	0	0	0	0	1	0	0	0
Mp5g02030	pos	0	1	0	1	0	0	1	0	1	0	1	1	1	0	0	0	0	1	1	0	0	1	1
Mp5g04530	pos	1	1	0	1	1	0	1	1	0	0	1	1	1	1	0	1	1	1	0	1	0	0	0
Mp5g04700	pos	1	1	0	0	1	0	1	0	1	0	1	1	1	1	0	1	0	1	1	1	1	1	0
Mp5g05130	pos	1	1	0	0	0	1	1	1	1	0	1	1	0	0	0	0	0	0	0	0	0	0	1
Mp5g05140	pos	1	1	0	0	0	0	0	0	0	1	1	0	1	1	0	0	0	0	0	1	0	0	0
Mp5g05320	pos	0	1	0	0	0	0	1	1	0	1	0	1	1	0	1	0	1	1	1	0	0	1	0
Mp5g05380	pos	0	1	0	0	0	0	1	0	1	1	1	1	1	0	1	0	0	1	0	1	0	0	1
Mp5g06960	pos	1	0	0	1	0	0	1	1	1	1	1	1	1	0	0	0	0	1	0	1	0	0	0
Mp5g07905	pos	1	0	0	0	0	0	0	0	0	1	0	1	1	0	0	0	1	0	0	0	0	0	0
Mp5g09070	pos	1	1	0	0	0	0	1	0	0	0	0	1	0	0	1	0	0	1	1	1	0	1	0
Mp5g09250	pos	0	0	0	1	0	0	1	1	1	1	1	1	0	1	0	0	0	0	0	0	0	0	0
Mp5g09620	pos	0	1	1	1	0	1	1	0	0	1	1	1	1	1	0	0	1	1	1	1	0	0	0
Mp5g10100	pos	1	1	0	0	0	0	1	1	0	1	1	1	1	0	0	0	0	0	1	0	0	1	0
Mp5g11150	pos	0	0	1	1	0	0	1	0	1	1	1	0	1	0	1	0	1	0	1	1	0	0	1
Mp5g11910	pos	0	1	1	1	0	0	0	1	0	0	1	1	1	1	0	0	0	1	1	1	0	0	0
Mp5g12260	pos	0	1	0	0	0	1	1	1	1	0	0	0	1	0	0	0	0	0	1	1	1	1	1
Mp5g12910	pos	1	0	0	0	0	0	1	0	1	1	1	0	0	1	0	0	1	1	1	1	0	1	0
Mp5g12930	pos	0	1	0	0	0	0	1	1	0	0	0	1	0	1	0	0	0	1	0	1	0	1	0
Mp5g13130	pos	1	0	0	0	0	0	1	1	0	1	1	1	1	0	0	0	0	1	1	0	0	1	1
Mp5g13460	pos	0	0	1	1	0	0	1	0	1	0	1	1	1	0	1	0	1	1	1	0	0	0	1
Mp5g15000	pos	0	0	0	0	0	0	1	0	1	1	1	1	1	1	1	0	0	0	1	0	0	1	1
Mp5g15410	pos	1	1	1	0	1	0	1	0	1	1	1	1	1	1	1	0	0	1	1	1	1	1	0
Mp5g15550	pos	1	1	1	0	0	1	1	1	1	1	1	1	1	0	1	0	1	1	0	1	0	1	1
Mp5g18010	pos	0	1	0	0	0	0	1	1	1	0	1	0	1	1	1	0	0	1	1	0	0	1	0
Mp5g18690	pos	0	1	1	0	0	1	0	0	0	0	0	1	1	1	0	0	0	1	0	1	1	0	0
Mp5g19620	pos	0	0	0	0	0	0	1	1	0	1	1	1	1	1	1	0	1	1	0	1	0	1	1
Mp5g19670	pos	0	1	0	0	0	0	1	1	1	1	0	1	1	1	1	0	1	1	1	1	0	1	1
Mp5g21130	pos	1	1	1	0	1	1	1	0	1	1	0	1	1	1	1	0	0	0	0	1	0	1	0
Mp5g24090	pos	0	0	0	0	0	0	1	0	0	1	0	1	1	1	1	0	0	1	0	0	0	1	0
Mp5g24120	pos	0	1	0	0	0	0	1	0	1	0	1	1	1	1	0	1	0	1	0	1	0	0	0
Mp6g01310	pos	1	1	0	0	0	0	1	1	1	0	1	0	1	0	1	0	0	0	0	1	0	1	1
Mp6g01490	pos	1	1	0	0	1	0	0	0	1	0	0	1	1	1	1	0	0	1	0	0	0	1	1
Mp6g02000	pos	1	0	1	0	1	0	1	0	1	0	1	1	1	1	0	1	1	0	0	1	0	1	1
Mp6g02290	pos	1	0	0	0	0	0	1	0	1	0	1	1	0	0	0	0	1	1	1	0	1	0	0
Mp6g02420	pos	0	1	0	0	0	0	1	0	1	1	1	1	1	1	1	0	0	0	0	1	0	0	0
Mp6g02550	pos	0	1	1	0	0	1	1	1	1	1	1	1	1	1	0	0	0	0	1	0	0	0	1
Mp6g03700	pos	1	0	0	0	1	0	0	0	1	1	1	0	1	1	0	0	1	1	0	1	0	0	0
Mp6g04540	pos	0	1	0	0	0	1	1	1	0	0	1	1	1	1	1	0	0	1	1	1	0	0	0
Mp6g05250	pos	0	1	1	0	0	0	1	1	1	1	1	1	1	1	0	0	1	0	0	0	0	1	1
Mp6g06010	pos	0	1	1	0	0	0	1	1	1	0	0	1	1	0	1	0	0	1	1	0	0	1	1
Mp6g06020	pos	0	0	1	0	0	0	1	1	1	0	1	1	1	1	1	0	1	0	1	0	0	0	0
Mp6g06810	pos	0	0	1	0	0	1	1	1	1	0	1	1	1	1	0	1	0	0	0	0	0	1	0
Mp6g08260	pos	0	0	0	0	0	0	1	1	0	1	0	0	1	1	0	0	1	0	1	1	1	0	0
Mp6g08270	pos	0	1	0	0	0	0	1	0	1	1	0	0	1	1	1	0	0	0	1	1	0	1	0
Mp6g08530	pos	0	0	0	0	0	0	1	1	1	0	1	1	1	1	0	0	0	1	1	0	0	0	1
Mp6g08540	pos	1	1	1	0	0	0	1	1	1	1	1	0	0	1	0	0	0	1	1	1	1	1	1
Mp6g09230	pos	0	1	1	0	0	1	0	1	0	1	1	1	1	1	0	0	0	0	0	1	0	1	0
Mp6g10230	pos	1	1	0	1	0	1	1	0	0	0	1	1	0	0	0	0	1	1	0	0	1	0	1
Mp6g11300	pos	0	1	0	1	0	0	1	0	1	0	1	1	1	0	0	0	0	1	0	0	0	0	0
Mp6g12710	pos	1	0	1	0	0	1	1	0	1	1	1	0	1	1	1	0	1	1	1	1	1	1	0
Mp6g13030	pos	0	1	1	0	0	0	0	1	1	0	1	0	1	0	1	0	1	1	0	1	0	1	1
Mp6g13680	pos	1	0	0	0	0	0	1	0	1	0	1	0	1	1	0	0	1	0	0	0	0	0	0
Mp6g16230	pos	0	0	0	0	0	0	1	1	1	0	1	1	1	1	1	0	0	1	1	1	0	1	0
Mp6g16880	pos	0	1	0	0	0	1	0	0	1	0	1	1	1	0	0	1	0	1	0	0	1	0	1
Mp6g17560	pos	0	1	0	0	0	0	1	0	1	0	1	1	1	0	0	0	0	1	1	1	0	1	0
Mp6g18230	pos	1	0	1	0	0	0	0	1	1	0	0	0	1	1	0	1	0	0	0	0	1	1	1
Mp6g19130	pos	1	1	0	0	0	0	0	1	0	0	0	0	1	1	1	1	1	0	1	1	0	1	0
Mp6g20460	pos	1	1	0	1	1	0	1	1	0	0	0	1	1	1	0	0	1	1	0	0	0	0	1
Mp6g20500	pos	1	1	0	0	0	0	0	0	1	1	0	0	1	0	1	0	1	1	1	1	0	0	1
Mp6g20690	pos	1	1	1	0	1	0	1	1	0	0	0	0	1	1	1	0	0	1	1	0	0	0	0
Mp7g00640	pos	1	1	0	0	1	1	1	0	0	0	1	1	1	1	1	0	0	1	1	1	0	0	1
Mp7g00710	pos	0	1	1	1	0	0	1	0	1	1	1	1	1	0	0	0	0	1	0	1	0	1	0
Mp7g01840	pos	0	1	1	0	0	0	1	0	1	0	1	1	1	1	1	1	0	1	0	1	0	0	1
Mp7g01970	pos	1	0	1	1	0	0	1	0	1	0	0	1	1	1	1	0	0	1	0	1	0	0	1
Mp7g02050	pos	1	1	0	0	0	0	1	1	1	0	0	1	1	0	1	1	0	0	0	1	1	1	0
Mp7g04240	pos	0	1	0	0	0	0	1	0	0	0	0	0	0	0	1	0	1	1	0	0	0	0	1
Mp7g04500	pos	0	1	0	0	0	0	0	1	1	1	0	1	0	0	0	0	0	0	1	0	0	0	0
Mp7g05690	pos	0	1	1	0	0	1	0	1	1	1	1	0	1	1	1	0	1	0	1	1	0	1	1
Mp7g06900	pos	0	1	0	0	0	1	1	1	0	0	0	1	1	1	0	0	0	1	0	1	0	1	0
Mp7g08160	pos	1	0	0	0	0	1	0	0	0	1	1	1	0	1	0	0	1	0	0	1	0	1	1
Mp7g09270	pos	0	0	0	1	0	0	1	0	1	0	1	0	0	1	1	0	0	1	1	1	0	1	0
Mp7g09780	pos	1	1	1	0	0	0	1	1	1	1	1	0	0	1	0	0	0	0	1	0	0	1	0
Mp7g10010	pos	1	1	0	1	1	0	1	1	0	0	0	1	1	0	1	0	0	1	1	1	0	1	0
Mp7g10890	pos	0	1	0	1	0	0	0	1	0	1	1	1	1	1	1	0	0	0	0	0	0	1	0
Mp7g11930	pos	0	0	1	0	0	0	1	0	0	0	0	1	0	0	0	0	1	1	1	1	0	0	1
Mp7g12260	pos	0	0	0	0	0	0	0	1	0	0	1	1	0	0	1	0	0	0	1	0	0	0	0
Mp7g12560	pos	1	1	1	0	1	0	1	0	1	0	1	1	1	1	0	0	0	0	0	1	0	1	0
Mp7g13670	pos	1	0	0	0	0	0	1	0	1	0	1	0	1	0	0	0	0	1	0	1	0	0	0
Mp7g13690	pos	0	0	1	0	0	1	1	1	1	1	1	1	1	1	0	0	0	1	0	1	0	0	1
Mp7g14390	pos	0	0	1	0	0	0	1	1	0	1	1	0	1	0	1	0	0	0	0	0	0	1	0
Mp7g14400	pos	1	1	0	0	1	0	1	0	1	0	0	0	1	1	0	0	1	0	0	1	1	0	0
Mp7g15690	pos	0	1	0	0	0	1	1	0	1	0	0	0	1	1	0	0	0	1	1	0	0	0	0
Mp7g16420	pos	0	0	0	0	0	0	1	1	1	1	0	1	1	1	1	0	0	1	0	0	0	1	0
Mp7g18430	pos	0	0	1	0	0	1	1	1	1	0	1	1	1	0	1	0	0	1	1	0	0	0	0
Mp8g00500	pos	0	1	0	0	0	1	0	1	1	1	0	0	1	1	0	1	1	1	0	1	0	1	0
Mp8g00660	pos	0	0	0	0	0	0	1	0	1	0	0	0	1	1	0	1	0	1	0	1	1	1	0
Mp8g01820	pos	0	1	1	0	0	0	0	1	1	1	0	1	1	0	0	0	0	0	1	1	0	0	0
Mp8g02150	pos	0	1	0	0	0	0	0	1	0	0	1	1	0	1	0	0	1	1	0	1	0	0	0
Mp8g04910	pos	0	0	0	0	0	0	1	1	1	1	0	0	1	1	1	0	0	1	0	1	0	1	0
Mp8g05120	pos	1	1	0	0	0	0	1	0	1	1	1	0	1	0	0	0	0	0	0	1	0	0	1
Mp8g06310	pos	0	1	1	1	0	1	1	0	1	0	1	1	1	0	0	0	0	1	1	0	1	0	0
Mp8g06690	pos	1	1	1	1	0	0	1	1	1	1	1	1	1	1	0	1	1	0	1	0	1	0	0
Mp8g07070	pos	0	1	1	0	0	0	1	1	0	0	0	0	1	1	1	0	0	1	1	1	0	0	0
Mp8g07380	pos	0	1	1	0	0	0	1	0	0	0	0	1	1	1	0	0	0	0	1	0	0	1	1
Mp8g08930	pos	1	0	0	1	1	0	1	0	0	0	0	1	0	1	1	0	0	0	0	1	0	0	1
Mp8g08960	pos	1	1	0	0	0	0	0	1	0	1	1	1	1	1	0	0	0	0	1	1	0	1	0
Mp8g10150	pos	0	1	0	0	0	0	1	1	0	1	0	1	1	1	1	0	1	1	1	0	1	1	0
Mp8g10350	pos	0	1	1	0	0	0	1	1	0	1	0	0	1	0	0	0	0	1	1	1	0	0	0
Mp8g10580	pos	0	1	0	0	0	0	1	1	1	0	1	1	1	1	1	0	0	1	1	1	0	1	1
Mp8g11420	pos	0	0	0	0	0	1	0	1	0	1	0	1	0	0	1	0	0	1	0	1	1	0	0
Mp8g11560	pos	1	0	1	0	1	0	0	1	1	1	1	1	1	1	0	0	1	0	1	0	0	1	1
Mp8g12710	pos	0	1	1	0	0	0	0	1	1	1	1	0	1	0	0	1	0	1	0	0	0	1	1
Mp8g14870	pos	1	1	0	0	1	1	1	1	1	1	0	1	0	0	0	0	1	1	0	1	0	1	0
Mp8g14900	pos	0	0	1	0	0	0	0	0	0	0	1	0	1	0	0	0	1	1	1	0	0	0	0
Mp8g16110	pos	1	1	1	0	0	0	1	1	1	1	0	0	0	1	0	0	0	0	0	1	0	0	1
Mp8g17560	pos	0	0	0	0	0	0	0	0	1	0	1	1	0	1	0	0	0	1	0	1	0	0	1
Mp8g18910	pos	0	1	1	0	0	1	1	1	1	1	1	1	0	0	1	1	1	0	1	0	1	1	0
Mpzg00310	pos	0	1	1	0	0	0	1	0	0	1	1	1	1	0	1	0	0	0	1	1	0	1	0
Mp1g00490	neg	0	0	0	1	0	0	0	1	1	1	1	0	1	1	0	0	0	0	1	0	0	1	0
Mp1g00680	neg	0	0	0	0	0	0	1	0	1	0	1	0	1	0	0	0	0	0	0	0	0	0	0
Mp1g01100	neg	1	0	0	0	0	0	1	0	0	0	1	0	1	0	1	0	0	0	0	1	0	0	0
Mp1g02230	neg	0	0	0	0	0	0	1	1	1	0	0	1	1	1	0	0	0	1	0	0	0	1	0
Mp1g03540	neg	0	1	0	1	0	0	1	1	0	0	1	0	0	0	0	0	0	0	0	1	0	1	0
Mp1g05420	neg	1	0	0	0	0	0	1	0	0	1	1	1	1	1	1	0	0	0	0	0	0	0	0
Mp1g07450	neg	1	1	0	0	0	0	0	0	1	0	1	0	0	1	0	0	1	0	0	0	0	0	0
Mp1g07490	neg	0	0	0	1	0	0	1	0	1	0	1	1	1	0	0	0	0	1	1	0	0	1	0
Mp1g08320	neg	0	1	0	1	0	0	0	1	1	1	1	0	0	0	0	0	0	0	1	0	0	0	0
Mp1g08900	neg	0	0	1	0	0	1	0	0	1	0	1	0	1	0	0	0	1	0	1	1	0	1	0
Mp1g10710	neg	1	0	0	0	0	0	1	0	1	0	0	1	1	0	0	0	0	1	1	1	0	0	0
Mp1g10760	neg	0	1	1	0	0	0	1	0	1	0	1	1	0	1	0	0	0	1	1	1	0	0	0
Mp1g10890	neg	0	1	0	0	0	0	1	0	0	0	1	0	1	0	1	0	0	0	1	0	0	0	0
Mp1g11400	neg	0	1	1	0	0	0	0	0	0	0	0	0	1	1	1	0	0	0	0	1	0	0	0
Mp1g11950	neg	0	0	0	0	0	0	1	1	1	1	0	1	0	1	0	0	0	0	0	1	0	1	0
Mp1g12020	neg	0	0	0	0	0	1	0	0	0	0	1	0	0	0	0	0	1	0	0	0	0	1	1
Mp1g12700	neg	1	0	0	1	0	0	1	0	0	0	1	1	0	0	0	0	0	1	1	1	0	1	0
Mp1g12950	neg	1	0	1	0	0	0	1	0	0	0	0	1	0	0	0	0	0	0	0	1	0	0	1
Mp1g14440	neg	1	0	1	0	0	0	1	1	1	1	1	1	1	1	0	0	0	0	0	0	1	1	1
Mp1g14510	neg	1	0	1	0	0	0	1	1	0	1	0	1	1	0	0	0	0	1	0	1	1	0	0
Mp1g14560	neg	0	1	1	0	0	0	0	0	0	0	0	0	1	1	1	0	0	0	0	1	0	0	0
Mp1g14590	neg	0	0	0	0	0	0	0	0	0	0	1	0	1	0	0	0	0	0	1	1	0	1	0
Mp1g15130	neg	1	1	0	0	0	0	1	0	1	0	0	1	0	0	0	0	0	0	0	0	0	0	0
Mp1g15500	neg	0	1	1	0	0	0	1	1	1	0	1	0	0	0	0	0	0	0	0	1	0	0	1
Mp1g15910	neg	0	1	1	0	0	0	1	1	0	1	1	0	1	0	1	0	0	0	0	1	0	0	1
Mp1g16070	neg	0	0	0	0	0	0	1	0	1	0	1	0	1	1	0	0	0	1	0	1	0	1	1
Mp1g16290	neg	1	0	0	0	0	0	0	0	0	0	1	1	1	0	1	0	0	1	0	1	0	0	1
Mp1g16990	neg	0	1	0	0	0	0	1	1	0	1	0	0	1	1	0	0	0	0	0	1	0	0	0
Mp1g17040	neg	0	0	1	0	0	0	0	1	0	0	0	1	0	1	1	0	0	1	0	0	0	0	0
Mp1g17740	neg	0	1	1	0	0	0	1	1	0	0	1	0	0	1	1	0	0	0	1	0	0	0	0
Mp1g17980	neg	0	1	0	0	0	0	1	1	1	1	1	0	1	0	0	0	0	0	0	0	1	0	0
Mp1g18110	neg	0	0	1	0	0	0	1	0	1	0	0	1	0	0	0	0	0	1	0	1	0	0	0
Mp1g18280	neg	0	1	0	0	0	0	0	0	0	0	0	0	0	0	0	0	0	0	0	1	0	0	0
Mp1g20340	neg	0	0	0	0	0	0	0	0	0	1	1	0	1	1	0	0	1	0	1	1	0	0	1
Mp1g20540	neg	0	0	0	0	0	1	0	1	0	1	1	1	1	1	0	0	1	1	1	0	0	1	1
Mp1g20710	neg	0	0	0	0	0	0	1	1	1	0	0	0	0	0	0	0	0	0	0	0	0	0	0
Mp1g21780	neg	1	1	0	0	1	0	1	1	1	1	1	0	1	0	0	0	0	1	0	0	1	0	1
Mp1g22210	neg	1	0	0	0	0	0	0	0	1	0	1	1	0	0	0	0	1	0	1	0	0	0	0
Mp1g24000	neg	1	0	1	1	0	0	1	1	1	1	1	1	0	1	0	0	1	1	0	1	0	0	0
Mp1g24450	neg	1	0	0	1	0	0	0	1	0	0	0	0	1	1	0	0	0	1	1	1	0	0	1
Mp1g24680	neg	0	1	0	0	0	0	1	0	1	0	1	1	1	0	0	0	0	0	0	1	0	1	0
Mp1g25050	neg	0	0	0	0	0	0	0	1	1	0	0	0	1	1	0	0	1	1	0	1	0	0	0
Mp1g25670	neg	0	0	0	0	0	0	0	1	1	1	0	1	0	0	0	1	0	0	0	0	0	0	0
Mp1g26270	neg	1	1	0	0	0	0	1	1	0	0	1	0	1	1	0	0	1	1	1	0	0	0	0
Mp1g26370	neg	1	1	0	0	0	0	0	0	0	1	1	1	1	0	0	0	0	0	0	0	0	0	0
Mp1g26720	neg	0	1	0	0	0	0	1	0	0	0	1	0	0	1	0	0	0	0	0	0	0	1	0
Mp1g27470	neg	0	0	1	0	0	1	1	1	0	0	1	0	0	1	0	1	0	1	1	0	0	0	0
Mp1g29140	neg	1	0	0	0	0	0	0	1	0	1	0	1	1	0	0	1	0	0	0	1	0	1	0
Mp1g29520	neg	0	1	0	0	0	0	1	0	0	0	0	0	0	0	0	0	0	0	0	1	0	0	0
Mp2g00100	neg	1	0	0	0	0	0	1	1	0	0	0	1	0	0	0	0	0	0	1	0	0	0	0
Mp2g00120	neg	0	0	1	0	0	0	0	0	0	1	0	0	0	0	0	0	0	0	1	1	0	1	0
Mp2g00760	neg	1	1	0	0	1	0	0	1	0	1	0	1	0	0	1	0	0	1	1	1	0	1	0
Mp2g00790	neg	0	1	0	0	0	0	0	0	0	1	0	0	0	1	0	0	0	0	0	0	0	0	1
Mp2g02970	neg	1	0	0	0	0	0	0	0	0	0	1	0	0	1	1	0	0	1	1	0	0	0	0
Mp2g03150	neg	0	0	0	1	0	0	1	1	0	1	1	0	1	1	0	0	0	1	1	1	0	0	1
Mp2g03280	neg	1	1	1	0	0	1	1	1	1	1	0	0	1	0	0	0	0	1	0	0	0	1	0
Mp2g04340	neg	0	0	0	0	0	0	0	0	0	0	0	0	1	1	0	0	1	1	0	1	0	0	0
Mp2g06970	neg	0	1	1	0	0	0	1	0	0	0	0	0	1	1	0	0	0	0	1	0	0	1	0
Mp2g07090	neg	0	1	0	1	0	0	1	0	1	0	1	0	0	1	0	0	0	0	0	1	0	0	0
Mp2g08920	neg	0	0	0	1	0	1	0	1	0	1	1	1	0	0	0	0	0	1	0	1	1	1	0
Mp2g09250	neg	1	0	0	0	0	1	1	0	1	0	0	1	1	1	0	0	0	1	0	1	0	1	0
Mp2g10580	neg	1	1	0	0	0	0	0	0	0	0	0	0	1	1	0	1	0	0	0	1	0	1	0
Mp2g10780	neg	0	1	1	0	0	1	1	0	1	1	1	1	1	0	1	0	0	0	1	0	0	1	1
Mp2g11630	neg	0	1	1	0	0	0	0	0	1	0	0	1	1	1	0	0	0	0	0	0	0	0	0
Mp2g12530	neg	1	1	1	0	0	0	1	1	1	1	1	1	1	0	1	0	0	1	0	0	0	0	1
Mp2g13660	neg	1	0	0	0	0	0	0	0	0	0	0	1	0	1	0	0	0	0	0	0	0	0	0
Mp2g13680	neg	0	0	0	1	0	0	0	0	0	0	0	1	1	0	0	0	0	1	0	0	0	0	0
Mp2g13690	neg	0	1	0	0	0	0	1	0	0	1	1	0	1	0	1	0	0	0	1	1	0	1	0
Mp2g14080	neg	0	0	0	0	0	0	1	0	0	0	0	0	1	1	0	0	0	1	0	0	0	0	1
Mp2g14160	neg	0	0	1	1	0	0	1	0	0	1	0	1	0	0	0	0	0	0	0	1	0	1	1
Mp2g14340	neg	1	0	0	1	1	0	0	0	1	0	1	0	1	0	0	0	1	1	1	0	0	0	1
Mp2g14450	neg	0	0	1	0	0	0	0	0	0	1	1	1	1	1	0	0	0	0	0	0	0	1	0
Mp2g15520	neg	0	1	1	0	0	0	0	0	0	0	0	0	1	0	0	0	0	1	0	1	0	1	0
Mp2g15780	neg	0	1	0	0	0	0	0	1	1	0	0	1	1	1	0	0	0	0	0	1	0	0	0
Mp2g15900	neg	0	0	0	0	0	0	0	0	0	1	0	0	0	1	0	0	0	1	0	1	1	0	0
Mp2g16650	neg	0	1	0	0	0	1	1	0	1	0	1	0	1	1	1	0	1	1	1	0	1	1	1
Mp2g17450	neg	0	1	0	0	0	0	1	0	1	0	0	0	1	1	0	0	0	1	1	0	1	0	0
Mp2g18320	neg	0	1	0	0	0	0	1	0	0	0	0	1	1	0	1	0	0	0	0	1	0	0	0
Mp2g19310	neg	0	1	1	0	0	1	0	0	0	0	1	1	1	1	0	0	0	1	0	1	0	0	0
Mp2g19420	neg	0	0	1	0	0	0	0	0	1	0	1	0	1	1	0	0	0	1	0	1	0	0	0
Mp2g20320	neg	0	1	0	0	0	1	1	0	0	0	0	0	1	1	0	0	0	0	0	1	0	0	0
Mp2g22180	neg	0	0	0	0	0	0	0	0	1	0	1	0	1	0	1	0	0	0	1	0	0	0	0
Mp2g22370	neg	0	0	0	0	0	0	1	1	0	0	0	0	1	1	0	0	0	1	1	0	0	1	0
Mp2g23130	neg	0	0	1	0	0	1	0	0	1	0	1	0	0	0	0	0	1	0	0	1	0	0	0
Mp2g23700	neg	0	1	0	0	0	0	1	0	1	0	1	0	1	0	0	0	0	1	0	1	1	0	1
Mp2g24130	neg	0	1	0	1	0	0	1	0	1	1	0	0	0	0	1	0	0	0	0	1	0	0	0
Mp2g25680	neg	0	1	0	0	0	0	1	0	1	1	1	0	1	0	0	1	0	1	0	0	1	0	1
Mp3g02120	neg	0	0	0	0	0	0	1	0	0	0	0	1	1	0	1	0	1	1	1	1	0	0	0
Mp3g04080	neg	0	0	0	0	0	0	0	0	1	0	1	0	1	0	0	0	0	0	1	0	0	1	0
Mp3g04850	neg	1	0	0	0	0	0	1	0	1	1	0	0	1	1	1	0	0	1	0	0	0	0	0
Mp3g05320	neg	0	0	0	0	0	0	0	0	0	0	0	0	0	0	1	0	0	0	1	1	0	0	1
Mp3g08310	neg	0	0	0	0	0	0	0	1	0	1	1	0	1	1	0	0	0	1	0	1	0	1	0
Mp3g10030	neg	0	1	0	0	0	0	1	1	1	0	1	1	1	1	0	0	0	0	1	1	0	0	0
Mp3g11110	neg	0	1	1	0	0	0	0	1	1	0	0	0	0	1	0	0	0	1	1	1	0	0	0
Mp3g11860	neg	0	1	0	1	0	0	1	0	0	1	1	0	1	0	1	0	0	1	1	1	0	1	0
Mp3g12780	neg	0	0	0	0	0	0	1	0	1	0	0	0	1	0	0	0	0	0	0	1	0	0	0
Mp3g13420	neg	0	0	0	0	0	0	1	0	0	0	1	0	1	0	1	0	1	0	0	0	0	0	0
Mp3g13920	neg	0	0	1	0	0	1	0	1	0	0	0	0	0	0	1	0	0	0	1	1	0	0	0
Mp3g13960	neg	0	0	0	0	0	0	1	0	1	0	0	1	1	1	0	0	0	0	0	0	0	0	1
Mp3g14280	neg	0	0	0	0	0	1	1	0	1	0	0	1	1	1	0	0	0	1	1	0	0	1	0
Mp3g15280	neg	0	0	0	0	0	0	1	0	1	0	1	1	1	1	0	0	0	0	0	0	0	0	0
Mp3g15400	neg	0	1	1	0	0	0	0	0	1	1	0	0	0	1	0	0	0	0	1	1	0	0	0
Mp3g15900	neg	0	1	0	0	0	0	1	0	1	0	1	1	1	1	1	0	1	1	1	0	0	0	1
Mp3g17030	neg	0	1	0	0	0	0	1	0	1	0	1	1	0	1	0	0	0	0	1	0	0	1	0
Mp3g17650	neg	0	0	1	0	0	1	0	0	1	0	1	1	1	1	1	0	1	0	1	0	0	1	0
Mp3g17770	neg	0	0	0	0	0	1	0	1	1	0	0	1	1	1	0	0	0	1	0	0	0	0	0
Mp3g18610	neg	0	1	1	0	0	0	1	0	1	0	0	1	1	0	1	0	1	1	0	0	0	0	0
Mp3g18660	neg	0	1	0	0	0	0	0	0	1	1	1	0	0	1	1	0	0	0	0	0	0	1	0
Mp3g18680	neg	0	1	0	0	0	0	1	0	0	0	1	1	1	1	0	0	0	1	1	1	0	1	0
Mp3g20660	neg	0	0	0	0	0	0	0	1	0	0	0	1	1	1	1	0	0	0	0	1	0	0	0
Mp3g20840	neg	0	0	0	0	0	0	1	0	0	0	1	1	0	0	0	0	1	0	0	0	0	0	0
Mp3g21190	neg	0	0	1	0	0	0	0	0	1	1	1	1	1	1	0	0	0	0	0	1	0	0	0
Mp3g21740	neg	0	0	0	0	0	0	1	0	1	1	0	0	1	1	1	0	0	1	1	0	0	0	0
Mp3g23710	neg	0	1	0	0	0	0	1	0	0	1	0	1	1	0	0	0	0	1	1	0	0	1	0
Mp3g23740	neg	1	0	0	0	0	0	1	0	1	0	0	0	1	0	0	0	1	0	1	0	0	0	0
Mp3g24770	neg	0	1	1	0	0	0	1	0	1	1	0	0	0	0	1	0	0	1	1	0	0	1	1
Mp4g00550	neg	1	1	0	0	1	0	1	0	0	0	0	1	0	1	0	0	0	0	0	0	0	0	0
Mp4g01060	neg	0	0	0	0	0	0	1	1	0	1	0	0	1	0	0	0	1	1	0	0	0	1	1
Mp4g01470	neg	1	0	0	0	1	0	0	0	0	1	1	1	1	0	0	0	0	0	0	0	0	0	1
Mp4g02180	neg	0	1	0	0	0	1	1	0	1	0	1	0	1	0	0	0	0	1	0	1	0	1	0
Mp4g02270	neg	1	0	0	0	0	0	1	1	1	0	0	0	1	0	0	0	1	1	0	1	0	0	0
Mp4g02900	neg	1	1	0	0	0	0	1	1	0	1	1	1	1	1	1	0	1	1	0	0	0	0	0
Mp4g03730	neg	1	1	0	0	0	0	0	0	1	1	1	1	1	0	0	0	0	1	0	1	0	0	0
Mp4g04360	neg	0	1	0	0	0	0	0	0	0	0	0	1	1	1	0	0	0	1	0	1	0	0	1
Mp4g04410	neg	0	0	0	0	0	0	1	0	1	0	0	0	1	1	0	0	0	0	1	0	1	0	0
Mp4g04500	neg	0	1	0	0	0	0	1	1	0	1	1	1	1	1	0	0	0	0	1	0	0	1	0
Mp4g04520	neg	0	1	0	0	0	0	1	0	0	0	0	0	0	0	0	0	0	1	0	1	0	0	0
Mp4g05240	neg	0	1	0	0	0	0	0	0	1	1	0	0	1	0	0	0	0	0	1	1	0	1	1
Mp4g06130	neg	1	1	0	0	0	0	1	0	1	0	1	1	1	1	0	0	1	0	1	1	0	1	1
Mp4g08180	neg	0	1	0	0	0	1	1	1	1	0	1	1	1	1	1	0	0	1	1	0	0	1	0
Mp4g09690	neg	0	1	0	0	0	0	1	1	1	0	1	0	1	1	1	0	0	1	1	0	0	0	0
Mp4g10520	neg	0	1	0	1	0	0	0	1	1	0	0	0	0	0	0	0	1	0	0	1	0	0	0
Mp4g11160	neg	0	0	0	0	0	0	0	0	0	0	1	1	1	1	1	0	0	0	0	1	0	0	0
Mp4g12190	neg	0	0	0	0	0	0	1	0	0	0	0	1	0	1	0	0	1	0	0	0	0	0	0
Mp4g14300	neg	0	0	0	0	0	0	0	0	0	1	1	0	1	0	0	0	0	0	0	1	0	0	0
Mp4g17940	neg	0	1	0	0	0	0	1	0	1	0	1	1	1	1	0	0	0	1	0	1	0	0	0
Mp4g21720	neg	1	0	1	0	0	0	1	0	0	0	0	1	1	1	0	0	1	0	0	1	0	0	0
Mp4g23100	neg	0	0	0	1	0	1	0	0	1	0	1	0	1	0	0	0	0	1	0	0	0	0	0
Mp4g23600	neg	1	1	0	1	1	0	0	0	0	0	0	1	1	1	1	0	1	1	0	0	0	1	1
Mp4g23680	neg	0	0	0	0	0	0	1	0	1	1	0	1	1	1	1	0	0	0	0	0	0	0	0
Mp5g00320	neg	0	1	0	0	0	0	1	0	0	1	0	1	0	0	0	0	0	1	0	0	1	0	0
Mp5g03890	neg	0	1	0	0	0	0	0	0	1	0	0	1	1	0	1	0	0	0	0	0	0	0	0
Mp5g04770	neg	1	1	0	0	0	1	1	1	1	0	0	1	0	1	1	0	0	0	1	1	0	1	0
Mp5g05250	neg	0	1	0	0	0	1	1	1	0	1	1	1	0	1	0	0	0	1	0	0	0	0	0
Mp5g07370	neg	0	0	0	0	0	0	1	0	0	1	0	0	0	1	0	0	0	1	0	1	1	0	0
Mp5g10510	neg	0	1	0	1	0	0	1	0	0	0	1	1	0	0	0	0	0	1	1	1	0	0	0
Mp5g11200	neg	0	1	0	0	0	0	1	1	1	0	1	1	1	1	0	0	0	0	0	1	0	1	0
Mp5g11890	neg	0	0	0	0	0	0	1	0	0	0	1	0	1	0	0	0	0	0	1	1	0	1	0
Mp5g14090	neg	0	1	0	0	0	1	1	1	0	0	1	1	1	1	0	0	0	0	0	1	0	0	0
Mp5g14190	neg	0	1	0	0	0	0	0	1	1	0	1	1	1	1	0	0	1	1	1	1	0	0	0
Mp5g15080	neg	0	1	0	0	0	1	1	0	0	1	0	1	1	0	1	0	0	1	0	0	0	0	0
Mp5g15630	neg	1	0	1	0	0	0	1	0	0	0	0	1	1	0	0	0	0	0	0	0	0	0	0
Mp5g15930	neg	1	0	1	0	0	0	0	1	1	1	1	0	0	0	0	0	0	0	0	1	0	0	1
Mp5g16730	neg	0	0	1	0	0	0	1	0	0	0	1	0	1	1	0	0	0	1	0	1	0	1	0
Mp5g17330	neg	0	1	0	0	0	0	1	0	1	0	1	0	1	1	1	0	0	1	0	1	1	0	0
Mp5g17420	neg	0	1	0	0	0	0	0	1	0	0	0	0	1	0	1	0	1	0	0	0	0	0	1
Mp5g18340	neg	1	0	1	0	0	0	0	0	0	0	1	1	0	0	1	0	0	1	1	0	0	0	0
Mp5g20500	neg	0	1	0	1	0	0	0	0	0	0	0	1	1	1	0	0	1	0	0	0	0	0	0
Mp5g20630	neg	0	1	0	1	0	1	1	1	0	0	0	0	1	1	0	0	0	0	0	0	0	1	0
Mp5g20870	neg	0	1	1	0	0	0	1	0	0	0	1	1	0	0	0	0	0	0	1	1	1	1	0
Mp5g20970	neg	0	1	1	0	0	0	0	0	1	0	0	1	1	0	0	0	0	0	0	0	0	0	0
Mp5g22070	neg	0	0	0	0	0	0	1	1	0	0	1	0	1	0	0	0	0	1	1	0	0	1	1
Mp5g23530	neg	0	0	0	0	0	0	0	0	0	0	0	0	1	0	0	0	0	0	0	0	0	0	0
Mp5g23730	neg	0	1	1	0	0	1	0	0	1	0	0	0	1	0	1	0	0	0	0	0	0	1	1
Mp6g00220	neg	1	0	0	0	0	0	0	0	0	0	1	0	0	0	0	0	1	0	0	1	0	0	0
Mp6g00920	neg	0	1	0	0	0	0	0	0	0	1	1	0	1	1	0	0	0	0	0	0	0	1	1
Mp6g00950	neg	0	0	0	0	0	0	1	1	1	1	1	0	1	1	0	0	1	0	0	0	0	1	0
Mp6g01940	neg	1	0	1	0	0	0	1	0	0	0	0	1	1	0	0	0	0	0	0	0	0	0	0
Mp6g02440	neg	0	1	1	0	0	0	1	0	1	0	0	1	0	0	0	0	0	1	0	0	0	1	0
Mp6g02590	neg	0	0	1	0	0	0	0	0	1	1	0	1	0	0	0	0	0	1	0	1	0	0	0
Mp6g02700	neg	0	1	1	0	0	0	1	0	1	1	1	1	0	1	0	0	0	1	0	1	0	0	0
Mp6g02770	neg	0	0	1	0	0	0	1	1	1	0	0	1	0	0	0	0	0	0	1	1	0	1	0
Mp6g05320	neg	0	0	1	0	0	0	1	1	1	0	0	0	0	0	0	1	0	0	0	1	1	1	0
Mp6g06780	neg	1	1	0	1	0	0	0	0	0	0	1	0	1	1	0	0	0	1	0	0	0	0	1
Mp6g08380	neg	0	0	1	0	0	0	1	1	1	1	0	1	1	1	0	0	0	1	0	0	0	0	0
Mp6g10540	neg	0	0	0	0	0	0	0	0	0	0	0	1	1	1	0	0	1	0	0	1	0	0	1
Mp6g10940	neg	0	0	0	0	0	0	1	1	1	1	0	0	0	0	0	0	0	0	1	0	0	1	0
Mp6g11200	neg	0	0	0	0	0	0	0	1	1	1	0	0	1	1	0	0	0	0	0	0	0	0	1
Mp6g13280	neg	1	1	0	0	0	0	1	1	0	0	0	1	1	1	0	0	0	0	1	0	0	1	1
Mp6g15060	neg	0	0	0	0	0	0	1	1	0	0	1	1	1	1	0	1	1	1	0	0	0	1	0
Mp6g15950	neg	0	1	0	0	0	0	0	1	1	0	0	1	0	0	0	0	0	0	0	0	0	0	1
Mp6g15980	neg	0	0	0	0	0	0	1	1	1	1	1	0	1	0	1	0	0	0	0	1	0	0	0
Mp6g17600	neg	1	0	0	0	0	1	0	0	0	0	0	0	0	0	0	0	0	1	0	1	1	0	1
Mp6g19760	neg	0	1	0	0	0	0	0	1	0	0	1	0	1	1	1	0	1	0	0	1	0	1	0
Mp6g21200	neg	0	0	1	0	0	0	1	0	1	1	0	1	0	0	1	0	0	1	0	1	0	0	1
Mp6g21510	neg	1	1	0	0	0	0	0	1	1	1	1	0	1	1	1	0	0	1	1	0	0	1	0
Mp7g01490	neg	0	0	0	0	0	0	0	1	1	1	0	1	0	1	0	0	0	1	0	1	1	0	0
Mp7g04400	neg	0	0	0	1	0	0	0	0	1	0	0	0	1	1	0	0	0	1	0	0	0	0	0
Mp7g04880	neg	0	0	0	0	0	0	1	0	0	0	1	0	1	0	0	0	0	1	0	0	0	0	0
Mp7g06510	neg	0	1	0	0	0	1	1	0	0	1	1	0	0	0	0	0	0	0	1	0	0	0	0
Mp7g06600	neg	1	0	0	0	0	0	1	0	1	0	0	1	1	0	0	0	0	0	1	1	0	0	1
Mp7g06720	neg	0	0	1	0	0	1	1	0	0	1	0	1	1	1	0	0	0	0	0	1	0	0	0
Mp7g07080	neg	0	1	0	1	0	0	0	0	0	0	1	0	1	1	0	0	1	0	0	1	0	0	0
Mp7g08090	neg	0	1	0	0	0	0	0	0	0	0	1	1	1	0	0	0	0	1	1	1	0	0	1
Mp7g09550	neg	0	1	0	0	0	0	1	1	0	0	0	0	1	0	0	0	0	0	0	0	0	0	1
Mp7g09600	neg	0	1	0	0	0	0	1	1	0	0	1	1	1	1	0	0	0	1	0	0	0	0	0
Mp7g09720	neg	1	1	0	0	0	0	1	0	1	0	0	1	1	0	1	0	1	1	0	0	0	0	0
Mp7g09900	neg	0	1	0	0	0	0	1	1	0	0	1	0	1	0	1	0	0	1	0	1	0	0	1
Mp7g10360	neg	1	0	0	0	1	0	0	1	0	0	0	1	1	1	1	0	0	0	0	1	1	1	0
Mp7g10870	neg	0	1	0	1	0	0	1	1	0	1	1	1	0	0	1	0	0	0	0	0	0	1	0
Mp7g12290	neg	1	1	0	0	0	0	0	0	1	1	0	1	1	0	1	0	1	1	0	1	0	0	1
Mp7g14570	neg	0	0	1	0	0	0	0	0	1	0	0	0	0	0	0	0	0	1	1	0	0	0	0
Mp7g15300	neg	0	0	0	0	0	1	0	1	1	1	0	0	1	0	1	0	0	0	0	1	0	0	0
Mp7g15970	neg	0	0	1	0	0	0	0	0	0	0	0	1	1	0	1	0	0	1	0	1	1	0	0
Mp7g16950	neg	1	0	0	0	0	0	1	0	0	0	1	1	1	0	1	0	0	1	0	1	0	1	0
Mp7g16990	neg	1	0	0	0	0	0	1	1	0	0	0	1	1	0	0	0	0	0	0	1	0	0	0
Mp7g17000	neg	1	0	0	0	0	0	1	1	0	0	0	1	1	0	0	0	0	0	0	1	0	0	0
Mp7g17980	neg	0	1	0	0	0	1	1	0	0	0	1	1	1	1	0	0	0	1	1	1	0	1	0
Mp7g19290	neg	0	1	1	1	0	0	1	0	1	1	1	1	0	0	0	0	0	1	0	0	0	0	1
Mp7g19650	neg	0	1	0	1	0	0	1	0	1	0	1	1	1	1	0	0	0	1	0	1	0	0	0
Mp7g19730	neg	1	1	0	0	1	0	0	0	1	0	1	1	1	0	0	0	0	0	0	0	0	0	0
Mp8g00730	neg	1	0	0	0	0	0	0	0	0	0	0	1	0	0	0	0	0	0	1	1	0	0	1
Mp8g00760	neg	0	0	0	0	0	0	0	0	0	0	0	0	0	0	0	0	0	0	0	0	1	0	0
Mp8g00810	neg	0	0	0	0	0	0	1	1	0	1	0	1	1	0	0	0	1	1	1	0	1	0	0
Mp8g00950	neg	0	1	0	1	0	0	1	0	1	0	1	1	1	0	0	0	0	0	1	0	0	0	0
Mp8g01100	neg	1	0	0	1	1	0	1	0	0	1	1	0	1	0	1	0	0	0	0	1	0	0	0
Mp8g01330	neg	0	1	0	0	0	0	0	1	1	0	1	0	1	1	0	0	0	0	0	0	0	1	0
Mp8g01420	neg	0	0	0	0	0	0	1	1	0	1	0	0	0	0	0	0	0	0	0	1	1	1	0
Mp8g01590	neg	1	1	1	1	0	1	0	1	1	0	0	1	1	0	0	0	0	1	0	1	0	1	0
Mp8g03090	neg	0	0	0	0	0	0	1	0	1	1	0	0	0	1	1	0	0	0	0	0	0	0	1
Mp8g03790	neg	0	0	0	0	0	0	0	0	0	0	1	1	0	1	0	0	0	1	0	1	0	1	1
Mp8g04840	neg	0	0	1	0	0	0	1	0	1	0	0	1	1	1	0	0	0	1	1	0	0	1	0
Mp8g06100	neg	1	1	1	0	0	0	0	1	0	0	0	1	1	0	0	0	0	0	0	0	0	1	0
Mp8g07230	neg	1	0	0	0	0	0	0	0	0	1	1	1	0	1	1	0	0	0	0	1	0	0	0
Mp8g07920	neg	0	1	0	0	0	0	1	1	1	0	1	0	1	1	0	0	0	0	1	0	0	0	0
Mp8g08390	neg	0	1	0	1	0	0	1	0	0	0	1	1	1	0	0	0	0	1	1	1	0	1	0
Mp8g10140	neg	0	1	0	0	0	0	0	0	1	0	0	1	0	1	0	0	0	1	0	1	0	0	0
Mp8g14010	neg	0	0	1	0	0	0	0	1	0	1	0	0	1	0	0	0	0	0	0	0	0	1	0
Mp8g14300	neg	1	0	0	0	0	0	1	1	1	0	1	0	1	1	0	0	0	1	1	1	0	1	0
Mp8g16070	neg	1	0	0	0	0	0	1	0	1	0	1	1	1	1	1	0	0	1	0	0	0	0	1
Mp8g16180	neg	0	0	0	0	0	0	1	1	0	0	0	1	0	0	0	0	0	0	1	0	0	0	1
Mp8g17320	neg	0	0	0	0	0	0	1	0	1	0	1	0	1	1	0	1	0	0	1	1	0	0	0
Mp8g17370	neg	0	1	0	0	0	0	1	0	0	0	1	0	1	0	0	0	0	1	0	0	0	0	1
Mp8g18890	neg	0	0	1	0	0	1	1	0	0	0	0	1	1	0	0	0	0	1	1	1	0	0	0
Mp8g19010	neg	0	0	0	0	0	0	0	0	1	0	0	0	0	0	0	0	1	0	0	1	0	0	1
MpVg01150	neg	0	1	1	0	0	0	1	0	0	0	1	0	1	1	0	0	0	0	0	0	0	1	0
Mpzg00240	neg	0	0	1	0	0	0	1	0	0	1	1	1	1	1	1	0	0	1	0	1	0	0	1
Mpzg01330	neg	0	1	0	0	0	0	1	0	0	0	1	0	1	0	0	0	0	0	1	0	0	0	0
