X	Class	AACGTG	AACTTG	AAGTCA	ACCAGA	ACCTGC	ACTCGC	ACTGCT	ACTTGA	AGAGCT	AGATCG	AGCAGG	AGCGTG	AGCTCA	AGCTCAG	AGTCAG	AGTCAT	AGTCTG	AGTCTGA	AGTTAC	ATGACG	ATTCTG	CAACAG	CAACGG	CAAGAG	CAGATA	CAGCTC	CAGGCA	CAGGCC	CAGGTC	CATGCC	CCCTGA	CCTCAG	CCTGAC	CCTGAG	CCTTCG	CGAGTA	CGTATA	CGTGCA	CTCAGA	CTCAGC	CTCAGGA	CTGAAC	CTGAACA	CTGAGA	CTGCAA	CTGGCC	CTGTAC	CTGTACC	CTTCAC	GAGAGC	GCACCC	GCCAAC	GCCTGA	GCTTTA	GGCCTA	GGTCCA	TCTGCA
Mp1g00550	pos	1	1	0	0	1	1	0	0	1	0	0	0	1	0	0	0	0	0	0	0	1	1	1	0	0	1	0	1	0	0	1	1	1	1	1	0	1	1	1	1	0	1	0	1	0	1	0	0	1	1	1	0	1	1	0	0	0
Mp1g01810	pos	0	1	0	0	1	0	1	0	0	1	1	1	0	0	1	1	0	0	0	0	1	0	1	1	0	0	0	0	1	1	0	0	1	0	0	0	0	0	0	0	0	1	1	0	0	1	1	0	0	1	1	1	0	1	0	1	0
Mp1g02260	pos	1	1	1	0	1	0	0	1	1	1	1	1	0	0	1	1	0	0	0	1	0	1	0	0	0	1	0	1	1	0	0	0	0	1	1	0	0	1	1	1	1	1	1	1	1	1	1	1	1	0	0	1	0	1	0	0	1
Mp1g02880	pos	0	1	0	1	0	1	1	1	0	0	0	1	1	0	0	0	1	0	0	0	1	1	0	1	0	1	1	0	1	0	0	1	1	0	1	1	0	0	1	1	0	1	1	1	0	1	1	0	1	1	0	0	1	1	0	1	1
Mp1g03750	pos	0	0	0	0	1	1	1	1	0	1	0	1	1	0	1	0	1	0	0	0	1	1	1	1	0	1	1	0	1	1	0	0	1	0	1	1	1	1	1	0	0	1	0	0	1	1	1	0	1	1	1	0	1	0	0	1	1
Mp1g03760	pos	0	0	0	0	1	1	1	0	0	1	0	1	1	1	1	1	1	0	0	0	1	1	1	1	0	1	1	0	1	1	1	0	1	0	1	1	1	1	1	0	0	1	0	0	1	1	1	0	1	1	1	0	1	0	0	1	1
Mp1g04150	pos	1	1	1	1	0	1	0	0	0	0	1	1	0	0	1	0	0	0	0	0	1	0	0	1	1	1	1	1	1	1	1	1	1	1	1	1	0	0	0	0	0	1	0	0	1	0	0	0	1	1	1	0	1	1	0	0	1
Mp1g04750	pos	1	0	1	0	0	0	0	0	1	0	0	0	1	1	0	0	0	0	1	1	1	1	1	1	0	1	0	1	1	1	0	1	1	1	1	0	1	0	1	0	0	1	1	1	0	1	1	0	1	1	1	1	0	0	1	1	0
Mp1g06440	pos	0	1	0	0	0	1	1	0	1	1	1	0	1	0	1	0	0	0	1	1	1	1	0	1	1	1	0	0	1	0	1	0	1	1	0	0	1	1	1	1	1	1	0	1	1	1	0	0	1	1	0	1	1	0	0	0	1
Mp1g06980	pos	0	1	1	0	1	1	0	1	1	1	0	0	0	0	1	0	0	0	0	0	0	0	0	1	1	1	0	1	1	0	1	0	1	0	1	0	0	1	0	0	0	1	0	0	0	1	0	0	1	0	0	0	1	1	1	0	0
Mp1g07510	pos	0	1	0	1	1	1	1	1	0	0	1	0	0	0	0	0	1	1	1	0	1	0	1	1	0	1	1	0	1	0	0	0	0	0	0	0	0	1	0	0	0	0	0	0	0	0	1	1	1	0	0	0	1	1	0	1	0
Mp1g07620	pos	1	0	1	1	0	1	1	0	0	1	0	1	1	0	1	0	1	1	1	0	1	0	0	1	1	1	0	0	1	0	0	1	0	1	0	0	1	1	1	1	1	0	0	1	1	0	1	1	0	0	0	1	0	0	0	1	1
Mp1g07630	pos	1	1	0	1	0	0	0	0	1	1	0	0	0	0	1	0	1	1	1	0	1	1	1	0	1	0	0	1	0	1	0	0	0	0	1	1	0	1	1	0	0	1	0	1	1	1	0	0	0	0	0	1	1	0	0	1	0
Mp1g08130	pos	0	0	0	0	0	1	1	0	1	0	0	1	1	1	0	0	0	0	0	1	0	1	0	1	0	1	0	0	1	0	0	1	0	0	1	0	0	1	1	0	0	0	0	0	0	0	1	0	1	0	1	1	0	1	0	1	0
Mp1g08490	pos	1	0	1	0	0	1	0	0	1	0	0	1	1	1	0	0	1	1	0	1	0	0	1	1	1	1	1	1	1	1	0	0	1	0	1	0	0	1	1	0	0	1	0	0	1	1	1	1	0	1	1	1	1	0	0	0	0
Mp1g10940	pos	0	0	1	1	1	0	0	1	0	1	0	0	1	0	1	1	1	0	1	0	1	0	0	1	1	0	1	0	0	0	1	0	1	0	1	0	0	0	0	0	0	1	1	0	1	1	0	0	1	0	0	0	1	1	0	1	1
Mp1g11770	pos	0	1	0	1	1	1	0	0	1	0	1	1	1	1	1	0	0	0	0	0	1	1	1	1	1	1	1	1	1	0	0	0	0	1	1	0	0	0	1	0	1	0	0	1	0	1	0	0	1	1	1	1	0	0	0	1	0
Mp1g12420	pos	0	1	0	0	1	1	1	1	1	0	1	0	1	0	1	0	0	0	0	1	1	0	0	1	1	1	1	0	0	1	1	0	0	1	1	1	1	1	1	1	1	0	0	1	1	0	1	1	1	1	0	0	0	0	0	0	1
Mp1g13110	pos	1	0	0	1	1	0	0	1	1	1	1	0	0	0	0	1	1	0	0	0	1	0	0	1	1	0	0	0	1	0	1	0	0	0	1	0	1	1	0	1	0	1	0	0	1	1	1	0	1	1	1	1	0	0	1	1	1
Mp1g17610	pos	0	0	0	0	1	1	0	1	1	1	0	0	0	0	0	0	0	0	1	0	1	0	0	1	1	0	1	0	0	0	1	1	1	0	1	0	0	0	1	0	0	0	0	0	0	0	0	0	1	1	0	0	1	0	0	0	0
Mp1g17670	pos	1	1	0	1	0	1	1	1	0	0	1	1	0	0	0	0	1	0	0	0	0	0	1	1	0	1	1	0	0	0	1	1	0	1	0	0	0	0	0	1	0	0	0	1	1	0	0	0	0	1	1	0	0	1	0	1	0
Mp1g17840	pos	0	1	1	1	0	1	1	1	1	1	0	0	1	0	0	1	0	0	0	1	0	0	0	1	0	1	0	0	1	1	1	1	1	1	1	1	0	1	1	0	0	1	0	1	1	1	1	0	1	1	0	0	1	1	0	0	0
Mp1g17910	pos	0	1	0	0	1	1	1	1	1	0	0	1	1	0	1	0	0	0	1	1	1	1	1	1	0	1	0	1	0	1	0	0	1	1	0	0	0	0	1	0	0	1	0	1	0	1	1	0	1	1	0	0	0	0	0	1	1
Mp1g20010	pos	0	0	1	1	1	1	1	1	0	0	0	1	1	0	1	1	1	0	0	0	0	0	0	1	0	0	1	1	1	1	0	0	1	1	1	0	0	0	0	0	1	1	0	1	1	0	1	1	1	1	0	0	0	1	0	1	1
Mp1g20830	pos	1	0	1	0	1	1	1	0	0	1	0	0	1	1	1	0	0	0	0	1	0	1	1	1	1	1	1	0	0	0	0	0	1	1	1	1	0	0	0	1	1	1	0	0	1	1	0	0	0	1	1	1	1	0	0	1	1
Mp1g21980	pos	0	0	1	0	0	0	1	0	0	1	1	1	1	1	0	0	1	0	0	1	1	0	1	0	0	1	0	1	0	0	1	1	1	1	0	0	0	1	1	1	0	1	0	0	0	0	1	1	1	1	1	0	1	0	0	1	1
Mp1g23430	pos	0	1	1	0	1	0	0	1	1	1	1	0	0	0	1	1	1	0	0	0	1	1	0	0	0	0	0	1	1	1	0	0	0	0	1	0	1	1	1	0	0	1	0	1	1	1	0	0	0	0	0	1	1	1	0	1	1
Mp1g24830	pos	1	0	0	0	0	1	0	0	0	0	1	1	1	0	0	0	0	0	0	1	1	1	0	0	1	1	0	1	0	0	0	1	1	0	0	1	0	1	1	1	0	0	0	0	0	1	0	0	0	1	1	1	0	0	0	1	1
Mp1g25130	pos	0	1	0	0	0	0	1	1	1	1	1	1	1	1	1	1	0	0	0	1	0	1	0	1	1	1	1	0	1	0	0	1	1	1	0	1	0	0	1	0	1	1	0	1	1	1	0	0	1	1	0	0	1	1	1	0	1
Mp1g25980	pos	1	0	1	0	0	1	1	0	1	0	0	1	0	0	0	0	1	1	0	1	1	0	0	1	0	1	1	0	1	1	1	1	0	0	1	1	0	0	1	1	0	1	0	0	0	1	1	0	0	1	1	0	0	0	1	1	1
Mp1g26230	pos	0	0	1	0	1	1	1	1	1	0	1	1	1	1	1	1	1	0	0	1	1	0	0	0	0	1	1	1	1	0	0	1	1	1	0	0	0	0	1	1	1	1	0	1	1	1	0	0	0	1	1	0	0	0	0	1	1
Mp1g26920	pos	1	1	1	1	1	0	1	1	1	0	1	0	1	0	0	1	1	1	1	0	0	0	0	1	0	1	0	0	1	1	1	0	0	0	1	0	1	1	0	0	0	0	0	0	0	0	1	0	0	1	0	0	0	0	0	0	1
Mp1g27920	pos	1	1	1	0	1	0	0	0	1	1	1	0	0	0	1	1	1	0	0	1	1	1	0	1	1	1	0	0	0	0	0	1	0	0	1	1	0	0	1	1	0	0	0	1	1	0	0	0	0	1	1	1	1	1	0	1	1
Mp1g28180	pos	0	1	1	0	0	0	1	1	0	0	0	0	1	0	1	1	0	0	0	1	1	1	0	1	1	0	1	1	1	1	1	1	1	1	0	0	0	1	0	1	1	1	1	0	0	0	1	0	1	0	1	0	1	0	0	0	1
Mp1g28780	pos	0	1	0	0	1	1	1	1	1	0	1	0	0	0	1	0	0	0	0	1	1	1	0	1	1	1	1	1	1	0	0	1	0	0	1	1	1	1	0	1	0	0	0	1	1	0	1	0	1	1	1	0	0	1	0	0	1
Mp1g29350	pos	0	0	1	0	1	0	1	1	0	1	1	0	0	0	0	1	1	0	0	0	0	0	1	1	1	1	0	0	0	0	1	1	1	0	1	1	1	1	1	0	0	1	0	0	1	1	0	0	1	0	0	1	0	0	0	0	1
Mp2g01420	pos	0	0	1	1	1	1	1	0	1	1	1	0	1	1	0	1	1	0	0	0	1	1	1	0	1	1	0	0	1	0	1	0	0	1	1	1	0	0	1	0	0	0	0	1	1	1	0	0	1	1	1	0	0	0	1	1	1
Mp2g01710	pos	0	1	1	0	1	0	1	1	1	1	1	1	1	0	0	1	0	0	1	1	1	1	1	1	0	1	1	1	0	1	0	0	0	0	1	1	1	0	1	0	0	0	0	1	1	0	1	0	0	1	0	0	1	1	0	0	1
Mp2g02090	pos	0	1	1	0	1	0	1	1	0	0	0	1	1	0	1	0	0	0	1	1	1	1	0	1	1	0	1	1	1	0	0	0	1	0	0	1	0	1	0	0	0	1	1	0	1	1	1	0	1	0	0	1	1	1	0	0	1
Mp2g02520	pos	0	1	0	1	1	0	1	0	1	0	1	0	0	0	0	1	1	0	0	1	1	1	0	0	1	1	0	1	1	1	1	0	0	0	0	1	0	1	0	0	0	1	1	1	1	1	0	0	1	1	0	1	1	1	0	0	1
Mp2g04920	pos	0	0	1	0	0	1	0	0	0	0	0	0	0	0	0	1	0	0	1	0	0	1	0	1	1	0	0	0	0	0	0	1	0	0	0	0	0	1	0	1	0	0	0	0	1	1	1	1	1	1	0	0	0	1	0	0	1
Mp2g05910	pos	0	1	1	0	1	1	1	0	1	1	0	1	1	1	0	1	1	1	1	1	0	0	0	0	0	1	0	1	0	1	0	1	1	1	0	1	0	0	0	1	1	1	0	0	1	1	0	0	1	1	1	0	0	0	0	1	1
Mp2g06780	pos	0	1	0	0	0	0	1	1	0	1	1	0	0	0	0	1	1	0	0	1	0	1	0	1	1	1	0	1	1	1	0	0	0	0	0	0	0	0	0	0	0	1	1	0	1	0	1	0	1	0	0	1	0	1	0	0	1
Mp2g07500	pos	1	1	1	1	1	1	1	1	1	0	1	1	0	0	1	1	1	0	1	0	1	0	1	1	1	1	0	1	1	1	0	0	1	1	0	1	1	0	1	1	1	1	1	1	1	1	0	0	1	1	1	1	0	0	1	0	1
Mp2g07510	pos	0	0	1	1	0	1	0	1	0	0	1	1	1	0	1	0	0	0	0	1	0	0	0	0	1	1	1	0	0	1	0	0	0	0	1	0	0	1	0	1	0	1	1	1	0	1	1	0	1	0	1	1	0	0	0	0	1
Mp2g08290	pos	0	1	1	0	1	0	1	1	0	0	0	0	0	0	1	1	0	0	0	0	0	1	0	0	1	0	1	0	1	1	1	1	1	1	1	1	1	1	1	0	0	0	0	1	1	0	1	0	1	0	0	0	1	0	0	0	1
Mp2g09200	pos	1	1	1	1	1	1	1	1	1	1	0	1	0	0	1	0	1	0	1	1	0	1	1	1	0	1	1	0	1	0	1	1	1	0	1	0	1	0	1	0	0	1	0	0	0	0	0	0	1	1	1	1	0	1	0	1	0
Mp2g09560	pos	0	1	0	1	0	1	1	1	1	1	1	1	1	1	0	0	0	0	1	1	1	0	1	1	0	1	1	1	0	0	0	0	0	0	1	0	0	0	1	0	0	0	0	1	1	0	1	1	1	1	1	0	0	1	0	0	0
Mp2g09820	pos	1	1	0	0	0	1	0	0	1	1	1	1	1	0	0	0	0	0	0	1	1	1	0	1	0	0	1	1	0	1	0	1	1	1	1	1	1	1	0	1	0	0	0	0	1	1	0	0	0	1	1	0	1	0	0	0	1
Mp2g10090	pos	0	1	0	0	1	0	1	0	1	1	1	0	0	0	1	0	1	1	0	1	0	1	0	0	0	1	1	1	1	1	1	0	1	0	1	1	0	1	0	1	0	0	0	1	1	1	1	0	1	1	1	1	0	0	0	1	1
Mp2g11960	pos	0	1	1	0	1	0	0	1	1	1	1	0	1	0	1	0	1	0	1	1	1	0	0	0	0	1	0	1	1	0	0	1	0	0	0	1	1	1	1	1	0	0	0	1	0	0	0	0	1	0	0	1	0	1	0	0	1
Mp2g12220	pos	1	0	0	0	0	0	1	1	1	1	1	0	1	1	1	0	0	0	1	0	1	0	0	1	0	1	0	0	1	0	1	1	1	1	0	1	0	1	1	0	1	0	0	1	0	0	0	0	1	1	0	0	0	1	0	0	0
Mp2g12940	pos	1	0	1	1	0	0	1	0	0	0	0	1	1	0	0	1	0	0	0	0	0	1	0	0	1	0	1	1	0	1	0	0	0	0	0	0	1	0	1	0	0	1	0	1	1	0	1	0	1	0	1	1	1	0	0	0	1
Mp2g13870	pos	1	0	1	0	1	0	0	1	1	0	0	0	1	1	0	1	1	1	0	0	1	0	0	1	1	0	1	0	0	0	1	0	0	1	0	1	0	1	1	0	1	1	0	1	0	0	0	0	1	1	0	0	1	1	0	0	1
Mp2g15690	pos	1	0	0	1	0	0	0	1	1	1	0	0	1	1	1	0	1	0	0	1	1	0	1	1	0	1	0	0	1	0	0	1	0	0	1	0	0	1	1	1	0	1	1	1	1	0	0	0	1	0	1	0	0	1	0	0	1
Mp2g15700	pos	0	0	1	1	1	0	1	1	0	1	0	0	1	1	1	0	1	0	1	0	1	1	0	1	1	1	0	0	0	0	0	1	0	1	0	1	1	1	1	1	1	1	1	1	1	0	0	0	1	1	0	1	0	1	1	0	1
Mp2g16130	pos	0	0	1	0	1	0	1	0	1	1	1	1	1	1	0	1	1	0	0	0	1	0	1	1	0	0	1	1	0	1	0	0	0	0	1	1	0	0	0	1	0	0	0	0	0	1	0	0	1	1	0	0	0	1	0	0	1
Mp2g17500	pos	0	1	1	1	0	1	1	1	1	1	0	1	1	1	1	1	1	0	0	1	0	0	0	1	1	1	0	1	0	0	0	1	0	0	1	1	0	0	1	1	0	1	0	1	1	1	0	0	1	1	0	0	0	1	1	1	1
Mp2g18080	pos	1	0	0	0	0	1	1	0	1	0	1	0	1	0	0	1	1	0	0	1	0	1	1	1	0	1	1	1	0	0	1	1	1	0	0	1	0	1	1	0	0	0	0	0	0	0	0	0	1	1	0	0	0	1	0	0	1
Mp2g18760	pos	1	1	1	1	0	0	0	1	1	1	0	0	1	0	1	1	1	0	1	1	1	1	0	1	1	1	0	0	1	0	1	0	1	1	1	1	0	1	1	0	1	1	0	1	1	0	1	0	1	1	0	0	1	0	0	1	0
Mp2g20470	pos	0	1	1	0	1	1	1	1	1	1	0	0	1	1	1	1	1	0	0	0	1	1	0	1	1	0	0	0	1	0	0	1	0	0	0	1	0	1	1	1	0	1	0	0	1	0	0	0	1	1	1	0	0	1	0	0	1
Mp2g21710	pos	0	1	1	1	1	1	0	0	0	1	1	0	0	0	1	1	0	0	1	0	1	0	0	0	0	0	0	0	1	1	0	1	1	1	1	0	1	0	1	1	0	1	0	1	1	0	0	0	1	1	0	0	0	0	0	0	1
Mp2g22350	pos	1	1	1	1	0	0	0	1	0	0	1	0	1	0	1	0	0	0	1	1	1	1	0	1	1	0	0	0	0	0	0	1	0	1	0	1	1	0	0	1	0	1	1	1	0	1	1	0	1	1	1	1	1	1	1	1	1
Mp2g24070	pos	0	1	0	1	0	0	0	1	0	1	1	1	0	0	1	1	0	0	1	1	1	0	1	0	0	1	1	1	1	1	0	0	1	0	0	1	1	0	0	0	0	1	0	0	1	0	0	0	0	1	1	1	1	0	0	1	1
Mp2g24490	pos	0	0	0	0	1	1	1	0	0	1	0	1	1	0	0	0	0	0	1	0	1	1	0	1	1	1	0	0	1	0	0	1	1	1	1	1	0	0	1	0	1	1	1	1	1	0	1	0	1	1	0	0	0	1	0	1	1
Mp2g25180	pos	1	1	1	0	0	0	1	0	0	0	1	1	1	0	1	1	1	1	0	0	1	1	1	1	1	1	0	0	1	1	1	0	1	0	1	0	0	0	1	0	0	1	0	0	1	0	1	1	1	0	0	0	0	0	0	1	0
Mp3g01320	pos	0	1	1	0	1	0	1	1	1	1	1	1	1	1	1	0	1	0	1	1	1	0	0	0	0	1	1	0	1	1	1	0	1	1	1	1	1	1	0	1	1	1	0	1	1	1	1	0	0	1	0	1	1	1	1	0	1
Mp3g01920	pos	1	0	1	1	1	0	1	0	1	1	1	1	0	0	1	1	1	1	0	1	1	0	1	1	1	1	1	0	1	0	0	0	1	0	1	0	1	1	1	1	0	1	1	1	1	0	1	1	1	1	1	0	1	1	0	1	1
Mp3g01940	pos	1	1	1	1	1	0	1	0	1	0	1	0	0	0	1	1	0	0	0	1	0	0	1	1	1	1	0	0	1	1	1	1	1	0	1	0	0	1	1	1	0	0	0	1	1	0	1	1	0	1	0	0	0	1	0	0	0
Mp3g03350	pos	0	1	0	0	0	1	0	0	1	1	0	0	0	0	1	1	0	0	1	1	1	1	0	1	0	1	1	0	0	0	0	0	0	0	0	0	0	1	1	0	0	1	1	0	1	0	0	0	1	0	0	0	0	0	0	0	1
Mp3g03530	pos	0	1	1	1	0	0	1	1	0	0	0	0	0	0	0	1	0	0	1	1	1	1	0	1	0	0	1	0	0	1	1	1	1	0	0	1	1	0	1	0	0	0	0	0	1	0	0	0	1	0	0	1	1	0	0	0	0
Mp3g06140	pos	0	1	1	1	0	0	1	1	1	0	0	0	1	0	1	1	0	0	0	1	0	1	0	1	0	1	1	0	0	1	0	0	0	0	0	1	0	1	0	1	0	1	0	1	1	0	1	0	1	1	1	0	0	0	0	0	1
Mp3g06560	pos	0	1	1	1	1	0	1	1	0	1	1	0	0	0	1	0	1	0	0	1	1	1	0	1	1	0	1	0	0	1	0	0	1	1	0	0	1	0	1	0	1	1	0	1	1	0	1	0	1	1	0	1	0	0	0	1	1
Mp3g06570	pos	1	1	1	1	1	1	1	1	1	0	1	0	1	1	1	0	1	1	1	0	1	1	0	1	1	1	0	0	0	1	1	1	0	0	1	0	1	1	1	0	0	1	0	1	1	0	0	0	1	1	1	0	0	1	0	1	1
Mp3g06650	pos	1	1	1	1	1	1	0	1	0	0	1	1	1	0	1	1	0	0	1	1	1	1	1	1	1	1	1	1	1	0	1	1	1	0	1	0	1	1	0	1	0	0	0	0	1	1	0	0	1	0	0	1	0	0	1	1	1
Mp3g06970	pos	1	0	1	1	0	0	0	0	1	0	1	0	1	0	1	1	0	0	0	1	0	1	0	0	1	0	1	1	1	0	1	0	1	1	0	0	0	0	0	0	0	1	0	0	1	0	1	0	1	0	0	1	0	1	0	0	1
Mp3g07690	pos	1	1	1	0	1	0	1	1	0	0	1	0	1	0	1	0	1	1	0	1	1	1	0	1	1	1	1	1	1	1	0	0	1	0	1	0	0	1	1	1	0	1	1	1	1	1	1	0	1	1	0	1	1	1	1	1	1
Mp3g10210	pos	0	0	1	1	1	0	1	1	0	0	0	0	1	0	0	1	1	0	1	0	1	0	1	0	1	1	0	1	1	1	1	1	1	1	0	1	0	0	1	1	1	1	1	1	1	1	1	0	0	0	0	0	0	1	0	0	1
Mp3g10220	pos	0	0	1	1	1	0	1	1	1	0	0	1	1	1	1	1	1	0	0	0	1	1	1	0	1	0	0	0	1	1	1	1	1	1	0	0	0	1	0	1	1	0	0	1	0	1	1	0	0	1	0	0	0	1	0	0	1
Mp3g10780	pos	1	1	1	0	0	0	0	1	1	0	1	1	0	0	1	1	1	1	1	1	0	1	0	1	1	0	0	1	0	0	0	1	1	1	0	0	0	0	0	1	1	1	0	1	0	1	0	0	1	0	0	0	1	0	1	0	1
Mp3g11280	pos	0	1	1	1	1	1	1	0	0	1	1	0	0	0	1	1	1	0	1	0	1	1	0	1	1	1	1	1	1	1	1	0	1	0	1	1	0	0	0	1	0	1	0	0	1	1	1	1	1	1	1	0	0	1	0	0	1
Mp3g11900	pos	0	0	1	0	1	0	1	0	0	0	1	1	0	0	0	0	0	0	1	0	0	1	1	1	1	1	1	0	1	0	1	1	1	0	1	1	0	0	0	1	0	0	0	1	0	0	1	0	0	1	1	0	0	1	0	0	1
Mp3g12570	pos	0	1	0	1	0	0	1	0	0	1	1	1	1	1	1	1	0	0	0	1	1	1	1	1	0	0	1	1	1	1	0	0	0	1	1	0	1	1	1	1	1	1	0	0	1	1	0	0	1	1	1	1	1	0	0	0	1
Mp3g12790	pos	1	0	0	1	0	0	1	0	0	1	1	1	0	0	0	0	0	0	0	1	1	1	0	0	1	1	1	0	0	0	1	0	1	0	1	1	0	1	0	0	0	1	0	0	1	0	0	0	1	0	0	0	1	1	0	0	1
Mp3g14660	pos	0	1	1	1	0	0	1	0	0	1	1	0	1	0	1	0	1	1	1	1	1	0	1	0	0	1	1	1	0	1	0	0	1	0	1	0	0	0	0	0	0	1	0	0	1	1	0	0	0	0	0	0	1	0	0	1	1
Mp3g14780	pos	1	1	0	1	0	1	1	1	1	1	0	1	0	0	0	1	0	0	1	1	1	1	1	1	0	1	0	0	0	1	0	0	0	1	0	1	0	1	0	0	1	1	0	0	1	0	1	0	0	0	0	1	0	0	1	1	1
Mp3g14900	pos	1	1	1	1	1	0	1	1	1	1	1	0	1	0	1	1	0	0	0	0	1	0	1	0	1	1	0	0	1	0	1	1	0	0	1	1	0	0	1	1	0	1	1	1	1	0	0	0	1	1	1	1	0	1	0	0	1
Mp3g15290	pos	0	1	0	0	0	0	1	1	1	1	0	0	1	0	1	0	1	1	1	1	1	1	0	0	0	1	1	0	0	0	0	1	1	1	0	1	1	0	1	1	1	0	0	1	1	1	0	0	1	1	0	1	1	0	1	1	1
Mp3g16340	pos	1	0	0	0	0	0	1	1	1	1	1	1	0	0	1	1	1	0	1	0	1	1	0	1	0	1	0	0	0	1	1	1	0	1	1	1	0	0	1	0	1	1	0	1	1	0	1	0	1	1	1	1	0	0	0	1	1
Mp3g16430	pos	1	0	1	1	0	0	0	1	1	1	1	1	1	0	0	1	1	1	0	1	0	1	1	1	0	1	0	1	1	0	0	1	0	1	0	1	0	0	0	0	1	1	1	1	1	0	1	0	0	1	1	0	1	0	0	1	1
Mp3g16520	pos	1	1	0	1	0	1	0	0	0	0	1	1	1	1	1	1	0	0	0	0	1	0	1	1	1	0	1	0	0	0	1	1	1	1	1	1	1	0	1	1	1	1	0	1	1	0	1	0	0	0	0	0	1	1	0	0	1
Mp3g16770	pos	0	1	1	1	1	0	1	0	1	1	1	1	1	0	1	1	1	0	0	1	1	0	0	1	1	1	0	0	1	1	0	1	0	0	0	0	0	1	0	1	0	0	0	1	1	1	1	1	0	1	0	0	0	1	0	0	1
Mp3g18050	pos	1	1	0	1	1	1	1	1	1	1	1	0	1	1	0	1	0	0	1	1	1	1	0	0	0	1	1	0	1	1	0	1	0	1	0	1	1	1	1	0	1	0	0	1	1	1	1	1	0	0	1	1	0	1	1	1	0
Mp3g19350	pos	1	1	1	0	1	1	0	1	0	1	1	1	1	1	0	1	1	0	1	0	1	1	0	0	1	1	0	0	1	1	0	0	0	1	0	1	0	1	1	1	0	0	0	1	0	0	1	0	1	1	0	0	0	0	0	1	0
Mp3g19390	pos	1	1	0	1	0	1	1	1	1	0	1	0	1	1	1	1	1	1	0	0	0	1	1	1	1	1	1	1	1	1	0	1	1	1	1	0	1	0	1	1	1	0	0	1	1	1	1	1	1	0	0	1	1	0	1	0	1
Mp3g19610	pos	0	1	0	0	1	1	1	1	1	1	1	0	1	1	1	0	0	0	0	1	1	1	0	1	1	1	0	0	1	1	0	0	0	1	0	0	0	0	1	1	0	1	1	1	0	1	1	0	1	1	0	0	1	0	0	0	0
Mp3g20750	pos	0	1	1	1	1	0	0	0	1	0	1	1	0	0	0	1	0	0	0	1	0	1	0	1	1	1	0	0	0	1	1	0	0	0	0	0	0	0	1	0	0	1	0	1	1	1	1	0	0	1	0	1	0	1	1	1	1
Mp3g22220	pos	0	1	1	0	1	0	1	1	1	1	1	1	1	1	1	0	0	0	0	1	0	1	0	1	0	1	0	1	1	1	1	1	1	1	1	0	0	1	1	1	1	0	0	0	1	1	0	0	1	1	1	1	1	1	1	0	1
Mp3g22240	pos	0	1	0	1	1	0	1	1	1	1	1	0	1	0	1	0	0	0	1	0	1	1	0	1	1	1	0	0	0	1	1	0	1	0	1	0	0	1	0	0	0	1	0	0	1	0	1	1	1	1	0	1	1	0	0	0	1
Mp3g25440	pos	0	1	1	1	1	0	1	1	0	1	1	0	1	1	0	1	1	1	0	1	1	0	1	1	1	1	1	1	1	1	0	1	0	1	1	0	0	0	1	0	0	1	0	1	1	1	1	1	0	0	1	1	0	1	0	0	1
Mp3g25450	pos	0	1	0	1	1	0	0	1	1	1	1	1	0	0	0	0	1	1	0	1	1	1	1	1	1	1	1	0	1	1	0	0	1	1	0	0	0	1	0	1	0	1	0	1	1	1	0	0	1	1	0	1	1	0	0	0	1
Mp4g00380	pos	0	1	1	1	1	0	1	1	1	1	1	1	1	0	1	0	1	0	0	1	0	1	0	1	1	1	1	1	1	1	0	0	1	0	1	0	0	0	0	1	0	0	0	0	1	1	1	0	1	1	1	1	1	0	1	0	0
Mp4g00520	pos	1	1	1	1	1	1	1	0	0	0	1	0	1	1	1	0	0	0	0	0	1	1	1	1	1	1	1	1	1	1	0	0	0	0	1	1	0	1	1	1	0	1	0	1	1	1	1	0	1	1	0	1	0	1	0	1	1
Mp4g02090	pos	1	0	1	0	1	1	1	1	0	0	1	1	1	1	1	0	0	0	1	0	1	1	0	0	1	1	1	0	1	1	0	1	1	0	0	1	0	0	1	1	0	1	1	1	1	0	1	0	1	1	0	0	1	1	1	1	1
Mp4g03120	pos	1	0	1	1	1	0	0	1	1	0	1	1	1	0	0	0	0	0	1	1	1	1	0	1	0	1	1	1	0	0	0	0	1	0	0	1	0	1	0	1	0	0	0	0	0	0	1	0	1	1	0	0	1	0	0	0	1
Mp4g04230	pos	1	0	1	0	0	0	0	1	1	1	1	1	0	0	1	1	0	0	1	0	1	1	0	1	0	1	1	1	1	0	0	0	0	1	1	0	0	1	1	1	1	0	0	1	1	1	1	0	0	1	1	1	1	0	1	0	0
Mp4g05170	pos	0	1	1	1	1	1	1	1	1	0	0	1	1	1	1	1	1	1	1	0	1	0	0	1	1	1	0	1	0	0	1	1	1	0	0	1	0	0	1	0	0	1	1	0	0	1	1	0	1	0	0	1	1	1	0	1	0
Mp4g05440	pos	1	0	1	1	1	0	1	1	1	1	1	1	1	1	1	1	1	1	0	1	0	0	0	0	1	1	1	0	1	1	1	1	0	1	0	0	0	1	1	1	0	1	1	0	1	0	0	0	1	1	1	0	0	1	0	1	1
Mp4g05450	pos	1	1	1	0	1	1	0	1	1	0	1	1	1	1	0	1	1	0	0	0	1	1	0	0	1	1	1	1	1	1	1	1	0	1	1	0	0	1	1	1	0	1	0	1	1	0	1	0	1	1	1	1	0	0	0	1	1
Mp4g06000	pos	0	0	1	1	1	0	0	1	1	1	1	1	0	0	0	1	0	0	0	1	1	1	1	1	1	1	0	0	0	1	0	1	0	1	0	1	0	1	1	0	1	0	0	0	1	0	0	0	1	1	0	1	0	0	0	0	1
Mp4g06290	pos	1	0	1	1	0	1	0	0	1	1	1	0	1	1	1	0	1	1	0	1	1	1	0	0	0	1	1	1	1	1	1	1	0	0	1	0	0	1	1	1	0	1	0	1	1	1	1	1	1	0	1	0	1	1	0	1	1
Mp4g07950	pos	0	1	0	0	0	0	1	0	1	1	0	0	1	1	1	1	1	1	1	0	1	1	0	0	1	1	0	0	1	1	0	1	1	0	0	1	1	0	1	0	0	0	0	1	1	0	1	0	0	0	0	0	0	0	0	1	1
Mp4g08670	pos	1	1	0	1	1	1	1	1	1	0	1	0	0	0	1	1	1	0	1	1	1	0	0	0	1	1	0	1	1	1	1	1	1	0	0	1	0	1	0	1	0	1	0	1	1	0	1	0	1	1	1	1	1	1	0	0	1
Mp4g08770	pos	0	1	0	1	1	0	0	0	1	1	1	1	1	1	1	1	1	0	0	1	1	1	0	0	0	1	0	1	0	1	0	1	0	0	1	1	0	1	1	1	0	1	1	1	1	0	1	0	1	1	1	1	0	0	0	1	1
Mp4g09230	pos	1	1	0	0	1	0	0	0	0	0	1	1	1	0	1	0	1	1	1	1	1	1	1	1	0	1	1	0	1	1	0	1	1	1	1	0	0	1	0	1	1	0	0	1	1	0	1	1	1	0	1	1	1	0	0	0	0
Mp4g09410	pos	1	1	1	0	0	1	1	1	1	0	1	0	1	1	1	0	1	0	0	1	1	1	0	1	1	1	1	1	0	1	0	1	1	1	1	0	0	1	1	1	1	1	1	0	1	1	1	1	0	1	1	1	1	0	1	0	1
Mp4g10510	pos	0	1	1	1	1	1	1	1	0	1	1	0	0	0	1	1	0	0	0	0	0	0	1	1	1	0	1	1	0	1	0	0	0	0	1	1	1	0	1	0	0	1	0	1	1	1	0	0	1	1	0	1	1	1	0	1	1
Mp4g11600	pos	0	1	1	0	0	1	0	0	0	1	0	0	1	0	1	0	1	1	0	1	1	1	0	1	0	1	1	1	0	0	1	1	1	0	1	0	1	1	1	0	0	1	0	0	0	0	1	0	1	1	1	0	1	0	1	1	1
Mp4g12800	pos	0	1	1	0	1	0	0	1	0	0	1	0	1	1	0	1	1	0	1	0	1	1	0	1	1	1	1	0	1	1	0	0	0	0	0	0	1	1	1	0	0	0	0	0	1	0	1	0	0	1	0	0	0	1	0	1	0
Mp4g12810	pos	1	1	1	0	1	0	1	1	0	0	1	0	1	0	1	1	0	0	0	0	1	1	0	1	1	1	1	0	1	0	0	0	0	0	0	0	0	1	1	0	0	1	1	0	1	0	0	0	0	1	0	0	0	1	0	1	1
Mp4g13480	pos	0	0	0	1	1	1	1	1	1	1	1	1	1	0	1	1	1	0	1	1	1	1	0	1	1	1	1	1	0	1	1	1	0	1	1	1	0	1	0	1	0	1	0	1	1	1	1	1	1	0	0	1	1	0	0	0	1
Mp4g13720	pos	0	1	1	1	1	0	0	1	0	0	1	0	0	0	1	1	0	0	0	0	1	1	0	0	1	0	0	1	0	0	1	0	1	0	1	0	1	0	0	0	0	0	0	0	0	1	0	0	1	1	0	0	1	0	1	1	0
Mp4g13730	pos	1	0	1	0	0	0	1	0	1	0	1	1	1	1	1	1	0	0	0	0	1	1	1	1	0	1	0	0	0	0	0	1	0	0	1	0	1	0	1	0	0	1	0	1	1	1	1	0	0	1	1	0	1	0	1	0	0
Mp4g13840	pos	0	0	1	0	1	0	1	1	1	1	0	0	1	1	1	0	0	0	1	0	0	1	0	1	0	0	0	1	1	0	1	0	1	0	1	1	0	0	0	1	0	1	0	0	1	0	1	1	0	1	0	0	0	0	0	1	1
Mp4g14980	pos	1	1	0	1	1	1	1	1	1	1	0	1	0	0	1	0	0	0	0	0	1	1	1	1	1	1	0	1	1	0	1	1	1	0	1	1	0	1	0	1	0	1	0	1	1	0	1	1	0	1	0	1	1	0	0	1	1
Mp4g15010	pos	0	0	1	1	1	1	1	0	0	1	1	1	0	0	1	1	0	0	0	1	0	1	1	1	1	0	1	1	0	1	0	1	0	0	0	0	0	0	0	1	0	1	1	0	1	1	1	0	1	1	0	0	0	0	0	1	1
Mp4g16030	pos	0	0	1	1	1	1	1	0	1	1	1	1	1	1	0	1	1	0	1	1	0	1	0	1	0	1	1	1	1	1	1	1	1	1	1	0	0	1	1	0	0	1	1	0	1	0	1	1	1	0	0	1	1	0	1	1	1
Mp4g17420	pos	1	1	1	0	0	1	0	1	1	1	1	0	0	0	1	1	1	0	1	1	1	1	0	1	0	0	1	0	1	0	0	1	1	1	1	0	0	1	1	1	0	1	0	1	1	0	0	0	1	1	0	0	0	1	0	0	1
Mp4g18210	pos	0	0	0	0	1	0	1	0	1	1	1	1	1	0	1	0	0	0	1	1	0	0	1	0	0	1	0	1	1	1	0	0	1	0	1	1	1	1	0	1	0	0	0	1	1	1	1	0	0	1	0	0	0	0	0	0	1
Mp4g22280	pos	0	1	1	1	0	0	0	1	1	0	1	0	1	1	1	1	0	0	0	0	1	0	1	0	1	1	1	0	0	0	0	1	0	0	1	1	0	1	0	1	0	1	1	0	1	0	1	0	1	0	0	0	0	1	0	0	1
Mp4g23370	pos	1	1	1	0	1	0	0	1	0	0	1	0	1	0	0	0	0	0	0	0	1	1	1	1	1	0	1	0	1	1	0	0	1	0	1	0	0	1	1	0	0	0	0	1	1	0	1	0	1	0	1	1	1	1	0	1	0
Mp4g23480	pos	1	0	1	0	1	1	1	1	1	1	1	0	0	0	0	1	1	0	0	0	1	0	1	0	0	1	1	1	1	1	0	1	0	0	0	0	0	1	1	0	0	1	1	0	1	0	0	0	1	1	0	0	1	0	0	0	0
Mp5g00470	pos	0	1	1	0	1	0	1	1	1	1	1	1	0	0	1	0	1	0	1	0	1	0	1	0	0	1	1	1	0	0	1	0	0	0	1	0	1	0	1	0	0	0	0	1	1	0	1	1	1	1	1	1	1	1	0	1	1
Mp5g00560	pos	1	0	1	1	1	1	1	0	1	1	1	1	1	1	1	0	1	0	0	0	1	1	0	0	1	1	0	0	1	0	1	1	1	1	1	0	0	0	1	1	1	1	1	1	1	1	1	1	1	1	1	1	1	1	1	1	0
Mp5g00590	pos	0	1	1	1	0	0	0	1	0	1	0	1	1	1	1	1	0	0	0	0	1	0	0	1	0	1	0	1	1	1	1	0	1	0	1	1	1	1	1	0	0	0	0	1	0	0	1	1	1	0	0	0	1	0	0	1	1
Mp5g02800	pos	1	0	1	1	0	1	0	1	0	0	1	0	0	0	0	0	1	0	0	1	1	0	1	0	0	0	1	1	0	0	1	0	1	1	1	1	0	1	0	0	0	0	0	0	1	1	1	0	1	0	0	1	1	0	1	1	1
Mp5g04070	pos	0	0	1	1	1	1	1	0	1	0	1	0	0	0	0	1	0	0	0	0	1	0	0	0	0	1	1	1	0	0	0	1	1	0	1	1	0	1	0	1	0	0	0	0	1	1	1	0	0	1	0	0	0	1	0	0	1
Mp5g04760	pos	1	1	1	0	1	0	1	1	0	1	1	0	0	0	1	0	1	1	1	0	0	1	0	1	0	0	0	0	0	0	0	0	0	0	1	0	0	1	1	0	0	1	1	1	0	0	0	0	1	1	1	0	0	0	1	1	0
Mp5g05730	pos	1	1	1	1	1	1	1	1	0	0	1	0	0	0	0	0	0	0	1	1	1	1	1	1	1	0	1	1	1	1	0	0	0	0	1	1	0	0	1	0	0	1	0	1	1	1	0	0	0	0	0	1	0	0	0	1	1
Mp5g05830	pos	0	1	0	1	0	1	1	1	1	1	0	0	0	0	1	0	0	0	0	1	1	1	0	1	0	1	1	0	1	1	1	0	1	0	1	1	0	0	0	0	0	1	1	1	0	1	1	1	0	1	0	0	0	0	1	1	1
Mp5g06710	pos	0	1	1	1	1	1	1	1	1	1	1	1	1	0	0	1	0	0	1	1	1	1	0	1	0	1	0	0	1	1	1	1	0	1	1	0	0	1	1	0	0	1	1	0	1	1	0	0	1	1	0	0	0	0	0	0	1
Mp5g06970	pos	0	1	0	1	1	1	0	1	0	1	1	1	1	0	0	0	0	0	0	1	1	0	0	1	0	1	0	1	1	0	1	0	0	0	1	1	0	1	0	0	0	0	0	0	1	1	1	1	0	1	0	0	0	0	0	1	1
Mp5g07440	pos	0	0	1	0	1	0	1	0	0	0	1	0	1	1	1	0	0	0	0	1	1	0	1	0	0	1	1	1	1	0	0	0	1	0	1	1	1	0	1	1	0	1	1	1	1	0	1	0	0	1	1	0	1	1	0	1	0
Mp5g08910	pos	1	1	1	0	1	1	0	1	1	1	1	1	0	0	0	1	1	0	1	0	1	0	0	0	0	0	1	1	0	0	0	1	0	1	1	0	0	1	0	0	0	1	1	0	0	1	0	0	1	0	0	0	1	0	1	0	1
Mp5g09450	pos	0	0	1	1	0	0	0	0	1	1	1	0	0	0	1	0	0	0	1	0	1	1	1	1	0	1	1	0	1	1	0	1	1	0	1	0	0	0	1	1	0	1	1	1	0	0	0	0	1	0	1	0	0	0	1	1	1
Mp5g09760	pos	1	1	0	1	1	1	1	1	1	1	1	0	1	0	1	0	0	0	1	1	0	1	0	0	0	1	0	0	1	0	0	0	0	0	1	0	1	0	0	1	0	0	0	1	1	1	1	0	1	1	0	1	0	1	0	1	1
Mp5g09910	pos	1	1	1	0	0	0	0	1	1	1	1	1	1	0	1	1	1	0	1	0	1	1	0	0	1	0	1	1	0	0	1	0	0	1	0	0	0	0	0	0	0	1	0	1	0	0	1	1	0	1	1	1	0	0	1	0	0
Mp5g10120	pos	1	1	1	1	1	1	0	1	1	1	0	1	0	0	0	1	0	0	0	0	1	0	1	1	0	1	0	0	0	0	0	0	0	0	1	1	1	1	1	0	0	0	0	0	0	0	1	0	0	0	0	0	0	1	1	0	0
Mp5g10600	pos	0	0	0	0	0	1	0	1	0	1	1	1	1	1	1	0	0	0	0	0	0	1	0	1	0	1	1	0	0	1	1	1	0	0	1	1	0	1	1	0	0	0	0	0	1	0	0	0	0	1	1	0	0	0	0	1	0
Mp5g10690	pos	0	1	1	1	1	0	1	1	1	0	1	0	1	1	1	1	1	1	0	1	1	1	0	0	1	1	0	0	1	0	0	0	1	1	1	0	0	1	1	0	0	1	0	1	1	0	0	0	1	1	0	0	1	1	0	1	1
Mp5g11410	pos	0	0	0	0	1	0	1	1	1	1	1	1	1	1	0	0	1	1	0	0	0	0	0	1	0	1	1	0	1	1	1	1	0	1	0	0	0	1	1	1	0	1	0	1	1	0	0	0	1	0	1	0	1	1	1	1	1
Mp5g11440	pos	1	0	0	0	0	1	0	1	1	1	1	1	1	0	0	1	1	0	0	1	1	1	1	0	0	1	1	1	0	1	0	0	0	0	1	1	0	0	0	1	0	0	0	1	0	1	1	0	0	0	0	1	0	1	1	0	1
Mp5g13350	pos	1	1	1	1	1	1	0	1	0	1	1	0	1	0	0	0	1	0	0	1	1	0	0	1	0	1	0	0	1	1	0	0	0	1	1	1	1	1	0	0	0	1	1	0	1	1	0	0	0	1	1	1	1	0	0	1	1
Mp5g14050	pos	1	0	1	0	0	1	1	0	0	1	1	1	0	0	0	1	0	0	0	1	0	1	1	1	0	0	0	1	1	0	0	1	0	1	1	1	0	1	1	0	0	0	0	0	1	0	0	0	1	1	0	1	1	0	0	1	1
Mp5g14320	pos	0	0	1	1	1	1	0	1	0	1	0	0	1	0	0	0	0	0	0	1	0	1	0	0	0	0	0	0	0	0	1	1	0	1	1	0	1	0	1	0	1	0	0	1	1	0	1	0	1	1	0	1	0	1	0	0	1
Mp5g15390	pos	1	0	0	1	0	1	0	0	0	1	1	1	0	0	0	0	1	0	1	1	1	1	1	0	1	1	0	1	0	0	1	1	1	0	1	1	1	0	1	0	0	1	0	1	1	1	0	0	1	0	1	0	1	0	0	0	0
Mp5g15620	pos	1	1	0	0	0	1	1	0	1	1	0	0	1	1	1	0	1	1	0	1	1	1	0	0	1	1	0	0	1	0	1	0	0	1	1	0	0	0	1	0	1	1	0	1	1	1	1	0	0	0	0	0	0	0	0	0	1
Mp5g18250	pos	1	1	0	1	1	0	1	1	1	1	0	0	1	0	0	0	0	0	0	0	1	1	1	0	1	0	1	1	1	0	1	1	0	1	0	0	0	1	1	0	0	1	0	0	1	1	1	0	0	1	0	1	1	0	1	1	1
Mp5g18910	pos	0	1	1	0	0	0	1	1	1	0	1	0	1	1	1	0	1	1	0	1	0	1	0	0	0	1	1	1	1	1	0	1	1	0	1	1	0	0	1	1	0	0	0	1	1	1	0	0	0	1	1	1	1	1	0	1	0
Mp5g19190	pos	1	1	1	1	0	0	1	0	1	0	0	0	1	1	0	1	0	0	0	1	1	1	0	1	1	1	1	0	0	0	0	0	0	1	0	0	0	1	0	1	0	1	1	1	1	0	1	1	1	0	0	1	0	0	0	0	1
Mp5g19630	pos	0	1	0	1	0	1	1	1	1	0	0	0	0	0	0	0	0	0	0	0	0	0	0	1	0	0	0	0	0	1	0	0	1	0	1	0	0	1	0	0	0	0	0	0	0	0	1	1	1	0	0	1	0	0	1	0	1
Mp5g19970	pos	0	1	1	1	1	0	0	1	1	1	1	0	1	0	1	1	1	1	0	0	1	1	0	1	0	1	1	1	1	1	0	0	1	0	0	1	1	1	1	0	0	1	0	0	1	1	1	0	0	1	0	0	0	0	0	1	0
Mp5g21020	pos	0	0	0	1	1	1	0	0	0	1	1	0	0	0	0	0	1	0	0	1	0	1	0	1	0	0	1	1	1	1	0	1	0	1	1	1	0	0	0	1	0	0	0	1	0	1	0	0	0	1	1	1	0	1	0	0	0
Mp5g23550	pos	0	0	1	0	0	1	1	1	1	0	1	0	1	1	0	1	1	0	0	1	1	1	0	1	0	0	1	1	0	0	1	0	0	0	1	1	0	1	1	1	0	1	1	0	0	0	0	0	1	1	0	0	1	1	1	1	0
Mp5g24130	pos	0	1	1	1	0	0	1	1	1	1	0	1	1	0	1	1	1	1	0	0	1	1	1	0	0	1	0	0	1	0	1	1	1	1	0	1	0	0	0	1	1	1	1	1	0	1	0	0	1	1	0	1	0	0	0	1	1
Mp5g24400	pos	0	0	0	0	1	1	1	0	0	0	1	0	0	0	1	1	1	1	0	1	1	1	0	1	0	1	1	1	1	0	1	1	1	1	1	1	0	0	1	1	0	0	0	0	1	1	0	0	0	1	1	0	1	1	1	0	1
Mp5g24420	pos	0	0	1	0	0	1	1	0	1	0	1	0	1	1	1	1	1	1	0	1	1	1	1	1	0	0	1	1	1	1	1	0	1	1	0	1	0	0	1	1	0	0	0	0	1	1	0	0	0	1	1	0	1	1	1	0	1
Mp6g00130	pos	1	1	0	1	1	1	1	1	1	0	1	0	1	1	0	1	0	0	0	1	1	0	1	0	0	1	0	0	1	0	0	1	0	1	0	1	0	0	1	1	0	1	0	0	1	0	1	1	1	1	0	1	0	0	0	1	1
Mp6g01550	pos	0	1	1	1	1	1	1	1	1	1	1	1	1	0	1	1	1	1	0	1	1	1	0	1	0	1	1	1	1	0	1	1	1	1	0	0	0	1	1	1	1	1	1	0	0	1	1	0	1	1	0	0	0	1	0	1	0
Mp6g02020	pos	0	0	1	1	0	0	1	1	0	1	0	1	0	0	0	0	0	0	0	1	1	1	1	0	1	1	1	1	1	0	0	0	0	0	0	0	0	0	1	0	0	1	0	1	1	1	1	0	1	0	1	1	0	0	1	1	1
Mp6g02860	pos	0	1	1	1	1	1	1	1	0	1	0	0	1	1	0	0	0	0	1	1	1	1	0	1	1	1	1	0	0	1	0	1	0	0	1	1	0	1	1	1	0	1	0	1	1	1	0	0	1	1	0	0	1	0	1	1	0
Mp6g03310	pos	1	1	0	1	0	0	0	0	1	1	1	0	1	0	0	0	1	1	0	1	1	1	0	1	0	1	1	0	0	1	0	0	0	1	1	0	1	0	0	0	0	0	0	0	1	1	1	1	1	1	0	0	1	1	0	0	1
Mp6g03790	pos	1	1	1	0	0	0	0	1	1	1	1	0	0	0	0	1	1	1	1	0	1	1	0	1	0	1	1	0	1	0	0	1	0	0	1	0	1	0	0	1	0	1	0	0	0	1	0	0	1	1	1	0	1	1	1	1	1
Mp6g04880	pos	1	1	1	1	0	0	1	1	0	0	1	1	1	0	0	0	0	0	0	0	1	0	0	0	0	0	1	0	0	1	0	0	0	0	1	0	0	0	0	1	0	0	0	1	0	0	1	0	1	1	1	0	0	1	1	1	1
Mp6g05730	pos	0	1	1	1	0	1	0	0	1	0	1	0	1	0	1	1	1	1	0	1	1	1	0	1	1	0	0	0	1	0	0	0	0	0	1	1	1	0	1	1	0	1	1	1	0	1	0	0	1	1	0	1	1	0	0	0	0
Mp6g07560	pos	1	1	0	1	0	1	1	1	1	0	1	0	1	1	1	1	0	0	1	0	1	0	0	1	0	1	1	1	0	1	0	1	0	1	0	1	1	1	1	1	1	1	1	1	1	1	0	0	1	1	0	1	0	1	0	1	1
Mp6g09420	pos	0	1	1	1	0	1	0	1	1	0	1	0	1	1	0	1	0	0	1	0	1	1	0	0	1	1	0	0	0	0	0	0	1	0	0	0	1	1	1	1	0	0	0	0	1	0	1	1	0	0	0	0	1	0	0	0	1
Mp6g11340	pos	1	1	1	1	0	1	1	1	0	1	1	0	1	0	1	1	1	0	1	1	1	1	0	0	1	0	1	0	0	0	0	1	1	1	1	0	0	0	0	1	0	1	1	1	1	0	1	0	1	1	1	1	1	1	1	0	1
Mp6g11780	pos	1	0	1	1	0	1	1	1	1	1	1	1	1	0	0	0	0	0	1	1	1	0	1	0	0	1	0	1	0	1	0	0	1	0	1	1	0	1	1	1	0	1	0	1	1	1	0	0	0	1	1	0	0	1	0	0	1
Mp6g12090	pos	0	1	1	0	0	1	1	0	0	1	0	0	0	0	1	0	1	0	1	0	0	0	1	0	0	1	1	0	1	0	0	1	1	0	1	0	0	0	0	0	0	1	1	0	1	1	0	0	1	1	0	0	1	1	1	0	1
Mp6g12330	pos	1	1	1	0	0	0	0	1	1	1	1	0	1	0	1	1	1	0	1	1	1	1	0	1	1	1	0	1	0	0	0	0	0	1	1	0	0	0	1	0	0	1	1	1	0	0	0	0	1	1	1	0	0	0	0	0	0
Mp6g12970	pos	0	0	1	0	1	1	0	0	0	1	1	1	1	0	1	1	1	0	1	0	0	0	1	1	1	1	0	1	0	1	0	0	1	0	0	0	0	0	0	0	0	0	0	0	1	1	0	0	0	1	1	0	0	1	1	0	1
Mp6g13910	pos	0	1	1	1	0	0	1	1	1	0	0	1	1	0	1	1	1	1	0	0	1	1	1	0	1	0	1	0	0	1	0	0	1	1	1	1	0	0	1	1	1	0	0	1	1	1	0	0	0	1	0	1	0	1	0	0	1
Mp6g14340	pos	1	1	0	1	0	1	1	1	0	0	1	0	0	0	1	0	1	0	1	1	1	0	0	1	0	0	1	1	1	0	1	0	1	1	0	0	0	1	1	1	1	1	0	1	1	0	1	1	0	1	1	1	1	0	0	0	0
Mp6g15110	pos	0	0	1	0	0	0	0	0	0	1	0	0	0	0	0	1	0	0	0	1	1	1	0	0	0	1	0	1	0	1	0	1	0	1	1	1	0	0	1	0	0	0	0	1	1	0	1	0	1	1	0	0	1	0	0	0	1
Mp6g15680	pos	0	1	0	1	0	1	1	0	1	0	0	0	0	0	0	1	0	0	0	1	0	0	1	0	0	1	1	1	0	0	1	0	0	0	1	1	0	1	0	1	0	0	0	0	1	1	0	0	1	1	0	1	1	1	1	0	1
Mp6g15810	pos	0	1	0	1	1	1	0	1	1	0	1	1	1	0	0	0	1	0	1	1	0	1	0	1	1	0	0	0	1	1	1	1	1	1	1	1	1	1	1	0	0	0	0	1	1	1	1	1	1	1	1	0	1	0	0	0	1
Mp6g15820	pos	0	0	0	1	0	1	1	0	1	1	1	0	0	0	0	1	0	0	0	1	1	1	0	1	0	1	0	1	1	1	1	1	0	1	1	0	0	1	1	1	1	1	0	1	1	1	0	0	1	1	0	0	0	1	1	0	1
Mp6g16500	pos	0	0	0	0	1	1	0	1	0	0	1	1	0	0	0	0	0	0	0	0	1	0	0	1	0	1	0	1	1	1	0	0	0	0	1	1	0	0	0	0	0	0	0	0	0	1	1	0	1	1	0	0	0	0	1	1	0
Mp6g17260	pos	1	0	1	0	0	1	0	0	1	0	1	0	0	0	1	1	0	0	0	1	0	1	0	0	0	1	1	0	1	1	1	1	1	1	1	0	0	0	1	1	0	1	1	1	1	0	0	0	1	1	1	1	1	0	1	0	1
Mp6g17890	pos	0	1	0	1	1	0	0	1	1	1	0	1	1	1	1	0	1	0	0	0	1	1	0	1	1	1	0	0	1	1	0	1	0	1	0	0	0	0	1	0	1	1	1	0	1	1	0	0	1	1	0	0	1	1	0	1	1
Mp6g18940	pos	1	1	1	1	1	1	1	1	1	1	1	0	1	1	1	1	0	0	0	0	1	1	0	1	1	1	1	1	1	1	0	0	0	1	0	0	0	0	1	1	0	1	0	0	1	0	1	0	1	1	1	0	1	0	0	0	1
Mp6g19040	pos	0	1	1	0	1	0	1	1	1	0	1	1	1	1	1	0	0	0	0	1	0	0	0	1	1	1	0	1	0	0	1	1	1	1	0	0	1	1	1	0	0	0	0	0	1	0	0	0	0	0	0	0	0	1	0	0	0
Mp6g19530	pos	1	0	0	1	1	0	0	1	1	1	0	0	0	0	0	0	1	0	1	0	0	1	1	0	0	0	0	0	1	0	1	0	1	0	0	1	0	0	1	0	0	1	0	0	1	1	1	0	0	0	0	1	0	0	1	1	1
Mp7g01230	pos	1	1	1	0	1	0	0	1	1	1	0	1	0	0	0	1	1	1	1	0	1	0	0	1	0	1	1	1	0	1	1	0	0	1	0	0	0	1	1	0	0	0	0	1	1	0	1	0	0	1	0	1	0	1	0	0	1
Mp7g01390	pos	1	1	0	1	0	0	1	0	0	1	1	0	1	1	0	1	0	0	0	1	0	1	0	1	1	0	1	1	0	1	0	0	0	0	1	1	1	0	1	0	0	0	0	0	1	0	0	0	1	1	0	0	0	1	0	0	1
Mp7g01950	pos	1	0	0	1	1	0	0	0	1	1	1	1	0	0	0	0	0	0	0	1	1	0	1	0	0	0	1	0	1	0	0	1	0	0	0	0	0	1	0	1	0	0	0	0	1	0	0	0	1	1	0	1	0	1	0	0	1
Mp7g02470	pos	0	0	1	1	0	0	0	1	0	1	0	1	1	1	1	0	1	0	0	0	1	1	0	1	0	0	0	0	0	0	1	1	0	1	1	0	0	0	1	1	0	1	0	1	1	0	1	1	1	0	1	0	0	0	1	1	1
Mp7g03030	pos	1	1	1	1	1	0	1	0	1	1	1	1	1	1	0	1	0	0	0	1	1	0	0	0	1	0	1	0	1	0	0	0	0	1	1	0	1	0	1	1	1	0	0	1	1	1	0	0	0	1	0	0	0	1	0	1	1
Mp7g04650	pos	1	1	1	1	1	0	0	1	1	0	1	1	1	0	1	1	0	0	0	1	1	1	0	1	1	0	1	0	1	0	1	1	1	1	1	0	0	0	1	0	1	1	1	1	1	1	0	0	1	0	0	1	1	1	1	0	1
Mp7g05050	pos	0	0	1	1	1	0	0	1	0	1	1	0	1	1	0	1	1	1	1	1	1	1	1	0	0	1	1	1	1	0	1	0	1	1	1	1	0	0	0	1	0	1	0	1	0	1	0	0	1	1	1	1	1	0	0	0	0
Mp7g05170	pos	1	0	1	1	0	1	0	0	1	0	1	0	0	0	0	1	1	0	0	0	1	1	0	1	1	1	1	1	0	0	0	1	0	1	1	1	1	1	1	1	0	1	0	0	1	1	0	0	1	1	1	1	1	1	0	0	1
Mp7g06880	pos	0	1	0	0	0	1	1	0	1	1	1	1	1	0	0	0	0	0	1	1	0	1	1	1	1	1	1	1	0	0	0	1	0	1	1	0	1	0	0	1	0	0	0	1	1	1	0	0	0	1	0	1	1	0	1	1	1
Mp7g07330	pos	0	1	1	0	1	1	1	1	1	1	1	0	1	0	0	0	1	1	1	1	1	0	0	1	0	1	0	0	1	0	0	0	0	0	0	0	0	1	1	1	0	1	0	0	1	0	1	0	1	0	0	0	0	0	0	1	1
Mp7g08760	pos	1	1	1	1	1	1	1	1	0	1	1	0	1	1	0	1	1	0	0	1	1	1	1	1	0	1	1	1	0	1	0	1	0	1	1	0	0	0	1	1	1	0	0	1	1	1	0	0	1	1	0	0	1	0	0	0	1
Mp7g09070	pos	1	1	1	1	0	1	1	0	1	0	0	1	1	0	0	0	1	0	1	1	0	1	1	1	0	1	1	0	0	0	1	1	0	0	1	0	1	1	1	1	0	1	1	1	0	0	1	0	1	0	0	1	0	0	0	0	0
Mp7g10420	pos	1	0	1	0	0	0	1	1	0	1	1	1	1	0	0	1	1	1	1	1	1	1	0	1	0	1	1	1	1	0	1	1	1	1	1	1	0	0	1	0	0	1	0	1	0	1	0	0	1	1	0	0	1	1	1	0	1
Mp7g10800	pos	0	0	1	0	1	1	1	1	1	0	1	0	1	1	1	0	0	0	0	1	0	0	0	1	1	1	0	0	1	1	1	0	1	0	1	1	0	1	1	1	0	1	0	0	0	0	1	0	0	1	1	1	0	0	0	0	1
Mp7g11790	pos	0	1	1	0	0	1	0	0	0	0	1	0	1	0	1	1	0	0	1	1	0	0	1	1	0	1	1	1	0	1	0	0	1	0	1	0	0	1	0	0	0	0	0	0	0	1	0	0	1	1	1	1	0	0	1	1	0
Mp7g12080	pos	0	0	1	1	1	1	1	1	1	0	1	0	0	0	1	1	1	0	1	0	0	0	1	1	0	1	0	0	0	1	0	1	1	1	0	0	0	0	1	1	0	1	1	1	1	1	0	0	1	1	0	1	1	1	0	1	1
Mp7g15180	pos	0	1	0	0	1	0	1	1	1	1	1	0	1	0	1	1	1	0	1	1	0	0	1	0	1	1	1	0	1	1	1	0	1	1	1	1	0	0	0	0	1	0	0	1	1	1	0	0	1	1	1	0	1	1	0	1	1
Mp7g18470	pos	0	1	1	0	1	0	1	1	1	0	1	1	0	0	1	0	1	0	0	0	0	1	1	1	1	1	1	1	1	0	1	1	1	1	1	1	0	1	1	0	0	1	0	1	1	0	1	0	0	0	0	1	0	1	1	1	1
Mp7g19220	pos	1	1	1	1	0	1	1	1	0	0	0	1	1	0	0	0	1	0	1	0	1	0	1	0	0	1	0	1	0	1	1	0	1	1	1	1	0	0	1	1	0	0	0	1	0	1	1	0	1	1	1	1	1	0	0	0	1
Mp7g19700	pos	1	0	1	0	0	1	1	1	1	1	0	1	1	0	0	0	0	0	0	1	1	0	1	1	0	1	1	1	0	1	0	1	1	0	1	1	0	0	1	1	0	1	1	1	1	1	0	0	1	1	0	1	1	0	1	0	1
Mp8g00040	pos	0	1	0	0	1	0	0	1	0	0	1	1	0	0	0	0	1	1	1	0	1	0	0	0	0	1	1	1	1	0	0	1	1	0	1	0	1	0	1	0	0	1	1	0	1	0	1	0	1	1	0	1	0	1	1	0	1
Mp8g00560	pos	0	0	1	0	0	0	1	1	0	0	1	0	0	0	0	1	1	1	0	0	1	0	1	1	1	1	1	1	0	0	0	1	1	1	0	1	0	1	1	1	0	0	0	1	0	1	0	0	1	0	1	0	1	0	0	0	1
Mp8g00860	pos	0	0	0	0	1	0	0	1	0	1	1	0	1	1	0	0	1	1	1	1	1	1	0	1	1	1	1	0	1	1	0	1	0	1	0	0	0	0	1	1	0	1	1	1	0	0	0	0	1	0	0	1	1	1	0	1	0
Mp8g00920	pos	0	1	0	1	1	0	1	1	1	0	1	1	0	0	1	1	0	0	0	0	1	1	1	1	1	1	0	0	0	0	0	0	0	0	1	0	1	0	0	0	0	1	1	0	0	1	1	0	1	1	1	0	0	0	0	0	1
Mp8g01250	pos	1	0	0	0	1	1	1	0	1	0	1	1	1	0	0	0	1	0	0	1	0	1	0	1	0	1	1	1	1	1	1	0	1	0	1	0	0	1	0	1	0	1	0	1	1	1	1	0	1	1	0	0	1	0	0	1	1
Mp8g01830	pos	0	0	0	1	0	1	1	1	1	0	0	1	1	1	0	0	1	0	1	0	1	1	0	0	0	1	1	0	0	1	1	1	0	1	1	0	0	1	1	1	1	0	0	1	1	1	0	0	1	1	0	1	1	1	0	1	1
Mp8g01920	pos	0	1	0	1	0	1	0	0	0	0	1	1	0	0	1	1	1	0	1	0	0	0	0	1	1	1	1	1	0	1	0	0	0	1	1	1	0	0	0	0	1	1	1	1	1	0	1	0	1	1	0	0	0	0	1	1	0
Mp8g02500	pos	0	1	1	0	0	1	1	0	1	0	1	0	1	1	1	1	1	1	1	0	1	0	1	1	0	1	0	0	0	1	1	1	0	1	1	1	1	0	0	1	0	0	0	0	1	1	1	0	0	1	0	0	1	1	0	0	0
Mp8g02710	pos	0	1	1	1	1	0	1	1	1	1	1	1	1	0	1	0	1	1	1	1	1	1	0	1	1	0	1	1	1	0	1	1	1	1	0	1	1	1	1	1	1	1	1	1	1	1	0	0	1	1	0	1	1	0	0	1	1
Mp8g02740	pos	1	1	0	1	1	0	1	1	0	1	1	0	0	0	1	1	1	0	1	1	1	1	1	1	0	1	0	1	0	0	0	0	0	0	1	0	0	1	0	0	0	1	1	0	0	0	0	0	0	0	0	0	0	1	0	1	1
Mp8g02760	pos	0	1	1	1	1	1	1	1	1	0	0	1	1	1	0	1	0	0	0	0	1	1	0	1	1	1	0	1	0	1	0	1	0	0	1	1	1	0	1	1	0	0	0	1	1	1	0	0	1	0	1	1	0	0	0	1	1
Mp8g02770	pos	1	1	1	1	1	1	0	0	1	1	0	0	1	0	1	0	0	0	1	1	1	1	0	1	1	0	1	0	1	1	1	1	0	0	1	1	1	1	1	1	0	0	0	0	1	1	0	0	1	1	0	1	0	0	1	0	1
Mp8g03310	pos	1	1	1	0	0	0	1	1	0	1	0	0	0	0	1	0	0	0	1	1	1	1	0	0	1	1	1	0	0	1	0	1	0	1	0	0	0	1	0	1	0	0	0	0	1	0	1	1	1	1	0	0	1	0	0	0	0
Mp8g03370	pos	1	0	0	1	0	0	0	0	0	1	1	0	0	0	0	0	1	0	0	0	0	1	0	0	0	0	1	1	0	0	0	1	0	0	0	0	0	0	1	0	0	1	0	1	1	1	1	0	1	1	1	0	1	0	1	0	1
Mp8g05050	pos	1	0	1	1	0	1	1	1	1	0	0	1	1	1	1	0	1	1	0	0	1	1	0	1	1	1	1	0	0	1	1	0	1	1	0	1	0	0	1	1	1	1	0	1	1	0	1	1	1	1	0	1	1	1	0	1	0
Mp8g05670	pos	1	0	1	0	1	1	1	0	1	1	1	1	0	0	1	0	1	0	0	1	1	0	0	1	1	1	1	1	0	0	1	0	1	1	1	0	0	0	1	1	0	1	0	1	1	1	0	0	0	1	0	0	1	0	0	1	0
Mp8g06260	pos	1	1	1	1	1	0	0	1	0	0	1	1	0	0	1	1	0	0	0	1	0	0	0	1	1	1	1	1	1	1	1	0	1	1	1	0	0	0	0	0	0	1	1	1	1	1	1	1	0	1	1	0	1	1	1	1	0
Mp8g09420	pos	0	0	0	1	0	1	1	1	1	0	0	0	0	0	0	1	1	1	1	1	0	0	0	0	1	0	0	0	1	0	0	0	0	0	1	0	1	0	1	1	0	1	1	1	1	0	1	0	1	1	1	0	0	0	1	0	1
Mp8g10080	pos	1	0	0	1	1	0	1	0	1	0	1	1	1	1	0	1	1	0	0	0	1	0	1	1	0	1	1	0	0	1	0	1	0	0	1	1	0	0	1	1	0	1	0	1	1	0	1	1	0	1	0	1	0	0	0	0	1
Mp8g12170	pos	0	1	1	0	0	1	1	1	0	1	1	0	0	0	0	0	0	0	0	0	1	1	0	1	1	1	1	0	0	1	0	0	1	0	1	0	0	0	1	0	0	0	0	1	1	1	1	0	1	0	0	0	0	1	0	1	1
Mp8g12350	pos	0	0	1	0	0	1	1	0	0	0	1	0	1	0	1	0	0	0	0	0	1	0	0	1	0	1	1	1	0	1	0	0	1	0	0	0	0	0	0	0	0	1	1	0	0	1	0	0	1	1	1	1	1	0	0	0	0
Mp8g14500	pos	0	1	0	1	0	0	0	1	0	0	1	1	1	1	1	1	1	0	0	1	0	0	0	1	0	1	1	1	1	0	1	1	1	1	0	1	0	0	1	0	1	1	1	1	1	1	1	0	1	0	0	0	0	0	1	0	1
Mp8g14540	pos	0	1	1	1	0	1	0	1	1	1	1	1	0	0	1	0	0	0	0	0	0	1	0	0	1	1	1	0	1	0	0	0	1	1	1	1	0	1	0	0	1	0	0	1	1	0	0	0	1	1	0	0	1	0	0	0	1
Mp8g14910	pos	0	0	1	0	1	0	1	0	0	1	1	1	1	0	0	0	0	0	0	0	0	0	1	1	0	0	0	1	0	0	0	0	1	1	1	0	0	0	0	0	0	0	0	0	0	1	1	1	1	1	1	0	1	1	0	1	0
Mp8g16270	pos	1	0	1	1	1	1	1	0	1	1	0	0	1	0	1	0	0	0	0	1	0	0	1	1	1	1	1	1	1	1	0	1	0	0	1	1	0	1	1	1	0	0	0	1	1	1	1	0	1	0	0	0	0	1	0	1	1
Mp8g17810	pos	0	1	1	0	1	0	0	1	1	0	1	0	0	0	0	1	1	0	1	0	1	0	0	1	0	1	0	1	1	1	1	0	0	0	1	0	0	1	1	1	0	0	0	1	0	0	0	0	0	1	0	1	0	0	0	1	1
Mp8g17820	pos	1	0	1	1	1	0	0	1	0	0	1	0	1	0	0	1	0	0	1	0	1	1	0	1	0	0	0	0	0	0	0	0	0	1	0	0	1	0	0	0	0	0	0	1	1	0	1	0	0	1	0	0	1	1	0	0	0
Mp8g19020	pos	1	1	1	0	0	0	0	1	1	0	1	0	1	1	0	1	0	0	0	1	1	1	0	0	0	1	0	1	1	1	0	1	0	1	1	0	0	1	0	1	0	1	0	0	1	1	0	0	1	0	1	1	1	1	0	1	1
MpVg00610	pos	0	1	1	1	1	1	1	1	1	0	1	1	0	0	0	1	0	0	0	1	1	1	1	1	0	0	0	1	0	1	0	0	0	0	1	1	0	1	0	0	0	1	1	0	1	0	0	0	1	0	0	0	0	0	0	1	1
Mpzg00230	pos	0	0	0	1	0	1	1	1	1	1	0	0	1	0	0	0	1	1	1	1	1	1	0	1	0	1	0	1	0	0	1	1	1	0	1	1	1	0	0	1	0	1	0	1	0	1	1	1	0	1	1	1	1	1	0	1	0
Mpzg00260	pos	1	0	1	0	1	1	1	0	1	1	1	0	1	1	0	1	1	1	1	0	1	0	0	1	1	0	0	0	1	1	0	1	1	0	0	0	0	1	1	1	0	0	0	1	1	1	0	0	0	1	1	0	0	0	0	0	1
Mpzg01290	pos	0	1	1	1	0	0	1	0	0	0	1	1	1	1	1	0	0	0	0	1	0	1	0	1	0	0	1	1	0	0	1	1	1	0	1	0	0	1	1	1	0	0	0	1	1	0	0	0	1	0	0	0	1	0	0	0	1
Mp1g00140	neg	0	1	1	1	1	1	1	1	1	0	1	0	0	0	0	1	0	0	1	0	0	1	1	1	0	0	1	1	0	0	0	0	0	0	1	1	0	0	0	0	0	0	0	0	1	0	0	0	1	1	0	0	0	0	0	1	0
Mp1g00380	neg	0	1	1	0	0	0	1	1	0	1	0	0	1	0	0	0	1	0	1	1	0	0	0	0	0	0	0	1	1	1	0	0	1	0	1	0	0	0	1	0	0	1	0	0	0	1	1	0	1	0	0	0	0	0	0	0	1
Mp1g01210	neg	0	0	1	1	1	0	0	0	1	0	0	1	0	0	1	0	0	0	1	0	0	0	0	0	0	1	1	0	1	1	0	1	0	0	1	0	0	1	1	0	0	1	0	1	0	1	0	0	1	1	0	1	0	1	0	1	1
Mp1g01290	neg	0	0	1	0	1	0	0	1	0	1	1	0	1	0	1	1	0	0	0	1	1	1	0	0	1	1	1	0	0	1	1	0	0	1	0	0	0	0	0	0	1	0	0	1	1	0	1	0	0	1	0	0	0	1	0	0	1
Mp1g01400	neg	0	1	0	0	0	0	0	0	0	1	1	1	1	0	1	0	0	0	0	1	0	0	0	0	0	0	1	1	0	0	0	0	0	0	0	1	0	1	0	1	0	0	0	0	0	1	1	1	0	0	1	0	0	0	0	0	1
Mp1g01650	neg	1	0	0	0	1	1	0	0	0	1	1	0	0	0	1	1	1	0	1	1	0	0	0	1	0	1	1	0	0	0	0	1	0	0	0	1	0	0	1	0	0	0	0	1	0	0	0	0	1	1	0	1	0	0	0	0	0
Mp1g02080	neg	0	0	1	0	0	0	1	0	0	0	1	1	1	0	0	0	1	0	0	1	1	1	1	0	1	0	0	1	0	0	0	1	1	1	0	0	0	1	1	1	1	0	0	1	1	0	0	0	1	1	1	0	0	0	0	0	0
Mp1g03290	neg	1	0	0	0	1	0	1	0	0	0	1	0	1	1	1	0	0	0	0	1	1	1	0	0	1	1	1	0	0	0	0	0	0	0	0	0	1	0	1	1	0	1	0	1	1	0	0	0	1	1	1	0	0	0	0	0	1
Mp1g03540	neg	1	0	1	0	1	1	0	0	1	1	1	1	1	1	1	0	0	0	0	0	1	1	1	0	1	1	1	1	1	1	0	0	1	1	1	0	0	0	1	0	0	1	0	0	0	0	1	0	1	1	1	1	1	0	0	1	0
Mp1g04110	neg	0	0	1	1	1	1	0	1	1	1	1	0	0	0	0	1	0	0	0	0	1	1	1	1	0	1	1	1	1	0	0	1	1	0	0	1	0	0	1	1	0	0	0	0	1	1	0	0	0	0	0	0	1	0	0	0	0
Mp1g05030	neg	1	0	0	0	1	0	0	0	0	0	1	0	0	0	0	1	0	0	0	0	0	1	0	0	0	0	1	0	1	0	0	1	1	0	1	0	0	0	1	1	0	1	0	1	1	0	0	0	1	0	1	0	0	0	1	1	1
Mp1g05460	neg	1	0	1	0	1	1	0	0	0	0	1	1	1	0	1	0	0	0	0	0	1	0	0	1	1	1	1	1	0	0	0	0	0	0	0	1	0	0	0	0	0	0	0	0	1	1	1	0	1	0	0	1	1	0	1	0	1
Mp1g05540	neg	0	1	0	0	0	1	0	1	0	0	0	0	0	0	0	0	1	0	0	1	1	1	0	0	0	0	0	1	1	1	0	1	0	0	0	0	0	0	0	1	0	0	0	0	0	1	0	0	1	1	0	0	0	0	0	0	0
Mp1g05740	neg	0	1	0	0	1	0	0	1	0	0	1	0	1	1	0	0	0	0	0	1	1	0	1	0	0	1	1	0	1	1	0	0	0	0	1	0	0	1	1	1	0	1	0	1	1	0	1	0	1	1	0	0	0	0	0	0	1
Mp1g06900	neg	0	0	0	0	1	1	0	0	0	0	1	1	0	0	0	0	0	0	0	0	1	1	0	1	1	0	0	0	1	0	0	1	0	0	1	1	0	1	1	1	0	0	0	1	1	1	1	1	0	0	1	1	0	0	0	1	0
Mp1g07040	neg	0	1	0	0	0	0	0	0	0	0	1	1	0	0	1	0	0	0	0	1	1	1	1	1	0	0	0	1	1	1	1	0	1	0	1	0	0	1	1	0	0	0	0	0	0	1	1	0	0	1	0	1	1	0	1	0	0
Mp1g07700	neg	0	1	0	0	0	1	1	0	0	0	0	0	1	0	0	1	0	0	1	1	0	0	0	0	1	1	0	1	0	0	0	0	0	0	0	0	0	0	0	0	0	0	0	0	1	1	0	0	0	0	0	1	0	0	0	0	0
Mp1g07920	neg	0	0	0	0	0	0	1	1	0	1	1	1	0	0	0	0	0	0	0	0	1	1	0	0	0	1	1	0	0	1	0	0	0	0	1	0	0	1	0	0	0	1	0	0	0	1	1	1	1	1	0	0	1	0	0	0	1
Mp1g08780	neg	0	1	0	0	0	0	0	1	1	0	0	0	0	0	0	1	1	0	0	0	0	0	0	0	1	0	0	0	0	0	0	0	0	0	0	0	0	1	0	0	0	0	0	0	1	0	0	0	0	1	1	0	0	1	0	0	0
Mp1g09620	neg	0	1	0	0	1	0	0	1	1	1	1	0	1	0	0	0	1	0	1	0	1	0	1	1	0	1	0	0	0	1	1	1	1	0	0	1	1	0	1	1	0	0	0	1	1	0	0	0	1	1	0	0	0	1	0	1	0
Mp1g09790	neg	0	1	1	1	1	1	1	1	0	1	1	1	1	0	0	0	0	0	0	0	1	1	1	1	0	1	0	0	0	0	0	1	0	1	1	0	0	0	0	1	1	0	0	1	0	0	1	0	0	1	0	0	0	0	0	0	0
Mp1g10290	neg	0	1	0	0	1	1	1	1	0	0	0	0	1	0	0	1	1	0	0	0	0	1	0	1	0	1	0	0	0	0	1	1	0	0	0	0	0	1	1	0	0	1	1	0	0	0	1	0	0	0	0	0	0	1	0	1	1
Mp1g10300	neg	0	0	0	1	0	1	0	1	0	0	1	0	0	0	1	1	0	0	0	1	1	1	0	1	0	0	1	0	1	1	0	0	1	0	1	0	0	0	0	1	0	1	0	0	1	0	0	0	1	1	0	0	0	0	0	0	1
Mp1g11210	neg	0	0	0	0	0	1	0	1	1	1	1	0	1	0	0	0	0	0	0	1	1	1	0	1	0	1	1	0	0	0	0	0	0	0	0	1	0	1	0	0	0	0	0	0	0	0	0	0	0	1	0	1	0	1	0	0	0
Mp1g11290	neg	0	1	0	1	1	1	0	1	0	0	1	0	1	0	1	0	1	1	0	1	0	1	1	0	1	1	0	0	1	1	1	0	1	1	1	0	0	1	0	0	1	0	0	1	1	1	0	0	1	0	0	1	1	1	0	1	1
Mp1g11330	neg	1	1	1	1	1	0	1	1	0	0	0	0	1	1	1	1	0	0	1	1	1	0	0	0	1	0	1	1	0	1	0	0	0	1	1	0	0	0	0	0	1	1	1	1	1	0	0	0	1	1	1	0	1	1	0	1	0
Mp1g12020	neg	1	0	1	1	1	0	0	0	1	0	1	1	0	0	1	0	0	0	0	0	1	0	0	0	1	1	0	1	0	0	0	1	0	1	0	0	0	0	1	0	1	0	0	0	1	0	1	1	1	1	1	1	0	0	0	1	1
Mp1g12690	neg	1	0	1	1	1	0	0	1	1	1	0	1	1	0	1	0	1	0	0	0	1	1	0	1	0	1	0	0	1	0	0	0	1	0	0	1	1	1	0	0	0	0	0	0	0	0	1	0	0	1	0	1	0	1	0	1	0
Mp1g13040	neg	1	0	0	1	1	0	1	0	1	0	1	0	0	0	1	0	0	0	1	1	1	1	1	1	0	1	0	0	0	0	0	0	1	0	1	1	0	0	1	0	0	0	0	1	1	1	1	0	1	1	0	1	0	0	0	0	1
Mp1g13860	neg	0	1	1	1	0	1	0	1	0	1	0	0	0	0	1	1	1	0	0	0	0	0	0	1	0	0	0	0	0	1	0	0	1	0	1	0	0	1	0	0	0	0	0	0	0	0	1	1	0	0	0	0	0	0	0	0	1
Mp1g14420	neg	1	1	0	1	1	1	0	0	0	1	0	0	1	0	0	0	0	0	0	0	1	1	0	0	0	1	0	0	0	0	0	1	0	0	0	0	0	0	1	0	0	0	0	0	1	0	0	0	0	1	0	0	0	1	0	0	0
Mp1g14700	neg	0	0	1	0	0	0	1	1	0	0	1	0	0	0	1	0	1	1	0	1	0	1	1	1	0	1	0	1	1	0	0	1	1	1	1	0	0	0	1	0	1	1	0	1	1	1	0	0	0	0	0	0	1	1	0	0	1
Mp1g14710	neg	0	0	1	1	0	0	1	1	0	0	1	1	0	0	1	0	0	0	0	1	1	1	1	1	1	1	0	1	1	0	0	1	1	1	1	0	0	0	1	0	1	1	0	1	1	1	0	0	1	0	0	0	1	1	0	0	1
Mp1g14790	neg	0	0	1	1	0	0	0	1	0	0	0	0	0	0	0	1	1	1	0	0	1	1	0	0	0	0	1	0	1	1	1	0	0	1	0	0	0	0	1	0	0	1	0	1	0	0	0	0	1	0	0	0	1	0	0	0	0
Mp1g14990	neg	1	1	1	1	1	0	0	1	1	0	1	0	1	1	1	1	1	0	0	0	1	0	0	1	0	1	0	1	1	1	1	1	0	1	1	0	0	1	1	0	0	1	0	1	1	0	0	0	0	0	1	0	0	1	1	1	1
Mp1g15160	neg	0	1	1	0	0	0	1	1	1	0	0	0	0	0	0	1	0	0	0	0	0	0	1	1	0	1	0	0	0	0	0	0	0	0	1	0	0	0	0	0	0	1	1	0	0	0	0	0	1	0	0	0	0	1	0	0	0
Mp1g15630	neg	0	0	1	1	1	0	0	1	1	0	1	1	0	0	1	0	0	0	0	1	0	1	1	1	1	1	1	0	1	1	0	0	0	1	1	0	0	1	0	0	0	0	0	0	1	1	0	0	1	1	1	0	0	0	1	0	1
Mp1g16350	neg	0	0	1	1	1	0	0	1	1	1	1	0	1	0	0	0	0	0	1	1	1	0	1	0	0	0	0	0	1	1	0	0	0	0	1	0	0	0	1	0	0	0	0	1	1	0	0	0	1	1	1	0	0	1	0	0	0
Mp1g17710	neg	1	1	0	1	1	0	1	0	0	1	1	1	1	0	1	0	0	0	1	0	0	0	0	1	0	1	1	0	0	1	0	1	0	0	1	1	0	1	1	1	0	0	0	0	1	0	1	0	1	0	0	1	1	0	0	1	1
Mp1g18160	neg	1	1	1	0	1	0	1	1	1	0	1	1	1	1	1	0	1	0	0	1	1	1	0	0	1	1	1	0	1	0	0	1	0	0	1	1	0	1	0	1	0	1	0	0	1	1	0	0	1	1	0	0	1	0	1	1	1
Mp1g18520	neg	0	1	0	1	1	0	1	0	1	0	0	0	0	0	0	1	1	1	0	0	0	1	1	0	1	1	1	0	1	0	0	1	0	0	1	0	0	0	1	1	0	1	0	1	1	0	1	0	0	0	1	0	1	0	0	1	1
Mp1g18830	neg	1	0	1	1	0	0	1	0	1	1	1	0	1	1	1	0	1	0	0	0	0	1	0	1	0	1	1	1	0	1	0	0	0	1	1	1	0	0	0	1	1	1	0	1	1	0	1	1	1	1	0	0	1	0	0	0	1
Mp1g18880	neg	0	1	1	0	1	1	0	0	1	0	1	1	1	0	0	0	0	0	0	1	0	1	0	1	0	1	1	1	0	1	0	1	0	0	1	0	1	0	0	1	0	0	0	0	1	1	0	0	1	1	1	0	0	0	0	0	0
Mp1g19540	neg	1	1	0	1	1	0	0	1	1	0	1	1	0	0	0	0	0	0	1	1	1	1	0	0	1	1	1	0	0	0	0	1	0	0	0	0	0	0	1	1	0	1	1	1	1	0	1	1	1	1	0	1	0	1	0	1	1
Mp1g19560	neg	0	1	1	0	0	0	0	1	0	0	0	0	0	0	1	0	0	0	0	0	0	1	1	0	0	0	1	1	1	0	1	1	1	0	0	0	0	1	1	0	0	0	0	1	1	1	1	0	1	0	1	0	0	1	0	1	1
Mp1g20440	neg	0	0	1	0	0	0	0	1	1	0	1	1	0	0	1	0	0	0	0	0	0	1	0	1	0	1	0	0	1	1	0	0	0	0	1	0	0	0	0	1	0	1	0	1	0	0	0	0	0	1	0	1	0	0	0	1	1
Mp1g20800	neg	0	0	0	0	0	0	0	1	0	0	1	1	1	0	0	0	0	0	0	0	1	0	0	1	0	1	0	0	1	1	0	0	0	0	1	0	0	0	1	1	0	1	1	1	1	0	0	0	1	1	0	1	0	0	0	1	1
Mp1g21620	neg	0	1	1	1	0	1	0	0	1	0	1	1	1	1	1	1	0	0	1	0	0	0	0	1	1	1	1	0	0	0	1	1	1	1	1	0	0	0	0	0	0	0	0	0	1	0	0	0	0	1	0	1	0	0	0	1	0
Mp1g23530	neg	0	1	1	0	0	0	0	0	1	0	1	1	1	0	1	1	1	0	0	1	0	1	0	0	0	0	1	1	0	0	1	0	0	0	0	0	1	0	0	0	0	0	0	0	0	0	1	0	1	0	0	0	0	0	0	0	0
Mp1g26090	neg	0	0	0	0	0	1	1	1	0	0	1	0	1	0	0	1	0	0	0	0	1	0	0	0	0	0	0	1	0	0	0	1	0	0	0	0	0	0	1	0	0	1	0	1	0	0	0	0	0	1	0	0	1	1	0	0	0
Mp1g27250	neg	0	1	0	1	0	1	0	0	0	1	0	0	0	0	0	0	0	0	0	1	1	1	0	1	0	0	1	0	0	1	0	0	0	0	1	0	0	0	0	1	0	1	0	1	0	1	1	0	1	0	0	1	1	1	0	0	1
Mp1g27510	neg	0	1	1	0	0	0	0	1	1	1	0	0	0	0	0	1	0	0	0	0	1	0	0	0	0	0	0	0	0	0	0	0	0	0	0	0	1	1	1	0	0	1	0	0	1	1	0	0	0	0	1	0	0	1	0	0	0
Mp1g28080	neg	0	0	1	1	1	0	0	0	1	1	1	1	0	0	1	1	0	0	1	1	0	0	0	1	1	1	1	0	1	0	0	0	0	0	1	0	0	1	0	0	0	0	0	1	1	0	1	0	1	1	0	1	1	0	0	1	1
Mp1g28650	neg	1	0	0	0	0	1	0	0	1	1	1	1	1	0	0	0	0	0	0	1	0	0	0	0	0	1	1	0	0	0	0	1	0	1	1	0	0	0	0	0	1	0	0	1	0	1	1	0	0	0	1	1	1	1	0	0	0
Mp2g00560	neg	1	0	1	1	0	1	1	1	1	1	0	0	0	0	1	1	0	0	0	1	0	0	0	1	1	1	0	1	0	1	1	1	0	1	1	1	0	1	1	1	0	0	0	1	1	1	1	0	1	1	1	0	1	0	0	0	0
Mp2g01270	neg	1	0	0	0	1	1	0	1	0	1	0	1	0	0	0	0	1	0	1	0	0	0	0	0	0	1	1	0	1	0	1	1	0	0	0	0	0	0	1	0	0	1	0	1	1	0	1	0	1	1	1	0	0	1	1	1	0
Mp2g01410	neg	0	0	1	0	1	0	0	1	0	0	0	1	1	0	0	0	0	0	1	1	0	0	0	0	1	1	1	0	0	1	0	0	1	0	0	0	0	0	0	0	0	0	0	0	0	0	1	0	0	0	1	0	1	0	0	0	0
Mp2g02160	neg	0	0	1	1	1	1	0	0	1	0	1	0	0	0	0	1	0	0	0	1	0	0	0	0	0	1	1	0	1	1	0	0	0	0	1	1	0	1	1	1	0	0	0	0	1	1	0	0	1	1	0	1	0	1	0	0	1
Mp2g04340	neg	0	0	0	0	1	1	1	0	1	0	1	0	0	0	0	0	0	0	0	0	0	0	0	0	1	0	0	1	0	0	0	0	0	0	0	0	0	1	0	1	0	0	0	1	1	1	0	0	1	1	1	0	0	0	1	0	0
Mp2g06230	neg	1	0	1	1	0	0	1	1	0	1	1	0	0	0	0	1	1	1	0	1	1	0	0	0	0	0	0	0	0	1	0	1	0	0	1	0	0	0	1	1	0	1	1	1	1	0	0	0	1	0	0	0	0	0	0	0	1
Mp2g07850	neg	0	0	0	1	0	1	1	0	1	0	0	1	0	0	0	0	1	0	0	1	1	0	0	1	0	0	0	0	0	1	1	0	1	1	1	0	1	1	0	1	1	0	0	1	1	0	1	0	1	1	0	1	0	1	0	0	1
Mp2g07960	neg	0	0	0	0	0	1	0	0	1	0	1	0	0	0	1	0	0	0	1	1	0	0	1	0	0	1	0	1	0	0	1	0	1	0	0	1	0	1	1	0	0	0	0	0	1	1	0	0	0	0	1	0	1	1	0	0	0
Mp2g08010	neg	0	1	1	1	1	0	1	1	1	0	1	0	1	0	1	1	0	0	1	0	0	0	1	0	0	1	1	0	1	0	0	0	0	0	0	0	0	1	0	1	0	1	1	1	1	0	0	0	0	1	0	0	0	0	0	1	1
Mp2g08790	neg	0	0	1	0	0	0	0	0	0	1	0	0	0	0	0	0	0	0	1	0	1	0	1	1	1	1	1	1	0	1	1	0	1	1	1	1	1	0	1	0	0	0	0	1	1	0	1	0	1	1	1	0	0	1	0	0	1
Mp2g08950	neg	0	0	1	0	1	1	0	0	1	1	1	0	0	0	1	0	1	0	0	1	0	1	1	1	0	1	1	0	0	0	0	1	0	0	0	1	0	0	0	1	0	0	0	1	1	1	0	0	1	1	1	0	0	0	0	1	0
Mp2g10140	neg	0	1	1	0	1	0	1	1	1	0	1	1	0	0	0	0	1	0	0	1	0	0	0	0	0	1	0	0	0	0	1	1	1	0	1	0	0	1	1	0	0	1	0	1	1	1	0	0	0	1	0	0	0	0	0	0	1
Mp2g11510	neg	0	0	0	0	0	0	0	0	1	1	0	0	1	1	1	0	0	0	0	0	0	1	0	1	0	0	0	0	0	0	0	0	0	0	0	0	0	1	0	1	0	0	0	1	1	1	0	0	0	1	0	0	0	0	0	0	1
Mp2g12030	neg	0	1	0	0	0	1	1	0	1	1	0	0	0	0	0	0	1	1	1	1	0	1	1	0	0	1	1	0	0	0	0	1	1	1	1	0	1	1	1	1	1	1	0	1	1	0	0	0	1	1	1	0	0	0	0	1	0
Mp2g13420	neg	1	0	0	0	1	1	0	0	0	0	1	0	1	1	1	1	0	0	0	0	1	0	0	1	0	1	0	1	0	0	0	0	0	1	1	1	0	0	1	0	0	0	0	1	0	0	0	0	0	0	0	0	1	0	1	0	0
Mp2g15630	neg	0	0	0	1	0	0	1	0	0	0	1	0	0	0	0	0	1	1	0	0	1	0	1	1	1	0	1	1	1	0	0	1	0	0	0	1	0	1	1	1	0	1	0	1	0	1	1	0	1	1	0	0	1	1	0	0	1
Mp2g16080	neg	1	1	0	0	0	1	1	1	0	0	1	1	1	0	0	1	0	0	1	1	0	1	0	0	0	0	0	0	0	0	1	1	0	1	1	1	0	0	1	1	0	0	0	0	1	0	0	0	1	1	0	0	0	1	0	0	1
Mp2g16570	neg	1	0	1	1	1	0	0	1	1	0	0	0	1	0	0	0	1	0	1	1	1	0	0	0	1	1	0	1	0	0	1	1	0	1	0	0	0	0	0	0	0	1	0	0	1	0	1	0	1	1	0	1	0	1	0	1	1
Mp2g18890	neg	0	1	0	1	0	0	1	0	1	1	1	0	0	0	1	0	1	0	1	1	1	1	0	0	0	0	1	0	0	1	0	0	1	0	1	0	1	0	0	0	0	0	0	1	0	0	0	0	0	1	0	0	1	1	0	0	1
Mp2g19100	neg	0	0	1	0	1	0	1	0	1	1	0	1	0	0	1	0	1	0	1	0	0	1	0	0	0	1	1	1	0	1	1	1	0	1	1	1	0	0	1	1	0	1	0	1	0	0	1	0	1	1	0	0	1	1	1	0	1
Mp2g19530	neg	1	0	1	0	0	0	1	0	0	0	1	0	1	0	1	0	0	0	0	1	0	1	0	0	0	0	1	1	0	1	0	1	0	0	0	0	0	0	1	0	0	1	0	0	0	0	0	0	0	1	0	0	0	1	0	0	1
Mp2g20330	neg	0	1	1	0	0	0	1	1	1	1	0	0	0	0	1	1	0	0	0	0	1	1	1	1	0	1	1	0	0	0	0	1	0	0	1	0	0	0	0	1	0	1	1	0	0	1	1	1	1	1	0	0	0	0	1	0	1
Mp2g22180	neg	0	1	0	0	0	0	0	1	0	0	0	0	0	0	0	0	0	0	1	0	1	1	1	0	0	1	0	0	0	0	0	0	0	0	0	0	1	0	0	0	0	0	0	1	1	1	0	0	0	0	0	0	0	1	0	1	0
Mp2g22520	neg	0	0	1	1	0	0	1	1	0	1	0	0	1	0	0	1	0	0	0	0	1	1	0	0	1	0	0	1	0	0	0	0	0	0	0	0	0	1	0	0	0	0	0	0	1	1	0	0	1	0	0	1	1	1	0	0	1
Mp2g22670	neg	1	1	0	1	1	0	1	1	1	1	1	0	1	0	1	0	0	0	0	1	1	0	1	1	1	0	0	0	1	1	0	1	0	0	0	1	1	0	1	1	0	0	0	0	1	0	0	0	1	0	0	1	0	0	0	0	1
Mp2g23020	neg	1	0	0	0	1	0	0	1	0	1	1	1	1	0	1	0	0	0	0	0	1	0	0	0	1	1	1	0	0	1	0	0	0	0	1	0	1	1	0	0	0	0	0	0	1	0	1	0	0	1	0	1	0	0	0	1	0
Mp2g23110	neg	0	0	0	0	1	1	0	0	0	1	1	1	1	0	1	0	0	0	0	0	1	0	0	1	1	1	0	1	1	1	1	1	1	0	1	1	0	1	1	1	0	0	0	1	0	0	1	1	1	0	0	1	0	0	0	1	1
Mp2g23560	neg	1	0	1	1	1	0	0	0	0	0	0	1	1	0	0	0	0	0	0	1	0	0	0	0	0	0	0	0	0	1	0	0	0	0	1	0	1	0	0	0	0	1	0	0	1	0	1	0	0	0	0	1	0	0	0	1	1
Mp2g23810	neg	0	0	1	0	0	0	0	0	1	1	0	1	0	0	0	1	0	0	1	0	1	0	1	1	0	1	1	0	0	0	0	0	1	0	1	0	0	0	0	0	0	0	0	0	0	0	1	1	1	1	0	0	0	1	0	0	0
Mp2g23970	neg	0	1	1	0	0	0	1	1	1	0	1	0	0	0	0	1	0	0	0	1	1	0	0	0	0	0	0	0	0	0	0	1	0	0	1	1	0	1	1	0	0	1	0	0	0	0	0	0	1	1	0	0	0	0	0	0	0
Mp2g24040	neg	0	1	0	1	1	0	0	1	0	1	0	0	0	0	0	0	0	0	0	0	1	1	0	0	0	1	0	0	1	0	0	1	0	0	0	0	1	1	1	1	0	0	0	1	1	0	0	0	1	1	0	0	0	0	0	0	1
Mp2g24450	neg	1	1	1	1	0	0	0	1	0	1	0	1	1	0	1	1	0	0	1	1	1	1	0	0	1	1	0	0	0	0	0	0	1	0	0	0	0	1	0	0	0	0	0	0	0	0	0	0	0	0	0	0	1	1	0	1	0
Mp2g24510	neg	0	0	0	0	0	0	0	1	1	0	0	0	0	0	1	0	0	0	0	0	0	0	0	1	0	1	0	1	0	0	0	0	0	0	1	0	0	1	0	1	0	0	0	0	1	1	0	0	0	1	0	0	1	0	0	1	0
Mp2g25220	neg	0	1	1	0	0	0	0	1	0	0	0	0	0	0	0	1	0	0	0	0	0	0	0	1	1	0	1	0	0	1	1	0	0	0	0	1	1	0	0	0	0	0	0	1	0	0	0	0	0	0	0	0	0	0	0	0	0
Mp2g25560	neg	1	0	0	0	1	0	1	1	1	1	1	1	1	0	0	0	1	0	0	1	1	1	0	1	0	0	0	0	0	1	1	0	1	0	1	1	0	1	0	0	0	1	0	0	0	0	0	0	1	1	0	1	0	1	0	1	1
Mp2g26220	neg	1	0	1	0	0	1	1	1	0	0	0	0	1	1	1	0	0	0	1	0	1	1	0	0	0	1	0	0	0	0	0	1	0	1	0	0	0	0	1	0	0	0	0	1	0	1	0	0	0	1	0	0	0	1	0	1	0
Mp3g00650	neg	0	0	1	0	1	0	1	0	0	1	1	0	1	0	0	0	1	0	0	1	1	0	0	1	0	1	0	0	1	1	0	1	0	1	1	1	0	1	0	1	0	1	0	1	1	0	1	0	1	0	1	0	1	1	0	0	1
Mp3g01040	neg	1	0	0	1	0	0	1	1	0	0	0	0	0	0	0	1	0	0	1	0	1	0	0	0	0	1	0	0	0	0	0	1	1	0	0	0	0	0	1	1	0	0	0	1	0	1	0	0	0	0	0	0	0	1	0	0	1
Mp3g01080	neg	0	0	0	0	1	0	0	0	1	0	1	0	0	0	0	0	1	0	0	1	1	1	1	1	1	0	0	0	0	1	0	1	0	0	1	0	0	0	1	0	0	0	0	0	1	0	1	0	1	1	0	1	0	1	0	0	1
Mp3g02490	neg	1	1	0	1	0	0	1	0	0	1	0	1	1	0	1	1	0	0	0	0	0	0	0	1	0	0	1	1	1	0	0	0	0	0	0	0	0	1	1	0	0	0	0	0	1	1	0	0	1	0	0	0	1	0	0	0	1
Mp3g04750	neg	0	1	1	0	1	1	1	1	1	1	1	1	1	1	0	1	1	0	0	1	1	1	0	0	0	1	0	0	1	0	0	0	0	0	1	0	1	1	1	1	0	1	1	1	1	1	0	0	0	1	1	1	0	1	1	1	1
Mp3g04800	neg	1	0	1	0	1	1	1	0	1	0	0	1	1	0	0	1	0	0	0	1	0	0	0	1	0	1	0	1	0	1	0	0	0	0	1	1	0	0	0	1	0	0	0	0	0	1	0	0	0	1	0	1	1	0	0	0	0
Mp3g06940	neg	0	0	1	1	0	0	1	1	0	1	0	0	1	1	0	1	0	0	0	1	1	1	0	1	0	0	1	1	1	1	0	0	0	1	1	1	0	0	1	0	0	1	1	1	1	1	1	0	1	0	1	0	1	0	0	0	1
Mp3g07100	neg	0	0	0	0	0	1	0	0	0	0	1	0	1	0	1	0	0	0	0	0	0	1	0	0	1	1	1	0	0	0	0	1	0	0	0	0	0	0	1	0	0	1	0	0	0	1	1	0	0	1	0	0	0	0	0	0	0
Mp3g07480	neg	0	1	0	0	0	1	0	1	1	1	1	1	0	0	1	1	1	1	0	0	0	1	0	1	0	0	0	0	0	0	0	0	1	0	0	0	0	0	1	0	0	1	1	0	1	0	0	0	1	1	1	1	1	0	0	0	1
Mp3g08520	neg	1	1	1	0	1	1	0	0	0	1	1	0	1	0	0	1	0	0	1	1	1	1	0	0	1	1	0	0	0	0	0	1	0	0	0	1	0	1	1	0	0	0	0	1	1	0	1	0	1	1	0	0	0	0	0	0	1
Mp3g09000	neg	0	1	1	1	0	1	0	0	0	0	1	1	0	0	1	0	1	0	0	1	1	1	0	1	0	0	0	1	0	1	0	0	0	0	1	0	0	0	1	1	0	1	0	1	1	1	0	0	1	1	1	1	0	1	0	0	1
Mp3g09390	neg	0	1	0	1	1	1	1	0	0	1	1	1	0	0	1	0	0	0	0	1	1	1	0	1	0	1	0	0	0	0	0	1	0	0	1	0	0	0	0	1	0	1	0	0	0	0	1	0	0	0	1	0	0	0	0	0	1
Mp3g10030	neg	1	0	1	0	0	0	1	0	1	1	0	1	1	0	0	0	1	1	0	0	1	1	0	1	0	1	0	0	0	0	0	1	0	0	0	1	0	0	1	0	0	1	1	0	1	0	1	0	1	1	0	0	1	1	0	0	1
Mp3g10170	neg	0	1	0	1	1	0	1	0	1	0	0	0	1	0	0	0	1	0	1	0	1	0	0	1	1	1	0	0	0	1	0	1	0	0	1	1	0	0	1	0	0	1	1	1	1	0	0	0	1	1	0	0	0	0	0	0	0
Mp3g10540	neg	0	1	1	0	0	0	1	1	0	0	1	1	1	0	0	0	0	0	1	0	0	0	0	1	0	1	1	0	1	1	0	0	1	0	0	0	0	0	0	0	0	1	1	0	1	0	0	0	1	0	0	0	1	1	0	0	1
Mp3g12050	neg	0	0	0	0	1	0	1	0	1	0	1	0	1	1	0	0	0	0	0	0	1	0	0	1	1	1	0	1	1	1	0	1	1	1	1	1	1	1	1	1	0	1	0	0	1	1	0	0	1	1	0	0	0	0	0	0	0
Mp3g13360	neg	1	1	0	1	0	1	0	1	1	1	0	0	0	0	0	1	0	0	0	1	1	1	0	1	1	1	0	1	0	1	1	0	0	1	0	0	0	0	1	0	0	1	1	1	0	1	0	0	0	1	1	1	0	1	0	1	1
Mp3g14020	neg	0	0	1	0	1	0	0	1	1	0	0	1	1	0	0	0	0	0	0	0	0	0	0	0	1	1	0	0	0	0	0	0	0	0	1	1	1	1	0	0	0	0	0	0	1	1	0	0	1	1	0	1	0	0	0	0	0
Mp3g14160	neg	1	1	1	1	0	0	1	0	1	1	0	0	1	0	1	1	0	0	0	1	1	0	1	1	1	0	0	0	0	1	0	1	0	0	0	0	0	0	0	1	0	0	0	0	1	0	0	0	0	1	0	0	1	0	1	0	1
Mp3g15030	neg	0	1	1	0	1	1	1	1	0	0	0	1	0	0	0	1	0	0	0	0	1	1	0	1	1	0	0	1	1	0	0	1	0	1	1	1	0	0	0	0	1	1	0	0	1	0	1	1	1	0	1	0	0	0	0	0	1
Mp3g15620	neg	0	0	1	1	1	0	0	1	0	1	1	0	1	0	1	1	0	0	1	0	1	1	1	0	0	0	0	1	0	0	0	1	0	0	1	1	1	0	1	0	0	0	0	1	0	0	0	0	1	0	1	0	0	1	0	1	1
Mp3g15900	neg	0	0	1	0	1	0	0	1	0	1	1	0	1	0	0	1	1	0	1	0	0	1	0	1	0	1	1	0	1	0	0	0	1	0	0	0	0	0	1	1	0	0	0	1	1	0	1	0	1	0	0	0	0	0	0	0	1
Mp3g16920	neg	0	0	0	0	0	1	1	0	1	1	0	1	0	0	1	0	1	0	0	0	1	0	0	0	0	1	0	1	1	1	0	0	0	0	1	1	0	1	0	0	0	1	0	0	1	1	1	0	0	1	1	1	1	1	0	0	1
Mp3g17410	neg	1	1	0	0	1	0	1	1	0	0	1	0	1	1	1	0	0	0	0	0	1	1	1	1	0	1	1	0	0	0	0	0	0	1	0	1	0	1	0	1	1	0	0	1	0	0	0	0	1	0	1	0	0	0	0	0	1
Mp3g17820	neg	0	1	1	1	1	0	0	0	0	1	1	0	0	0	0	1	0	0	1	1	1	0	0	0	0	0	0	0	0	1	0	0	0	0	0	0	0	0	0	1	0	0	0	0	1	0	0	0	1	0	0	0	0	0	0	0	0
Mp3g18250	neg	0	1	1	0	1	0	0	1	1	0	1	0	1	0	1	1	0	0	1	1	1	0	1	1	0	0	0	0	0	1	1	0	0	0	1	1	0	0	1	1	0	1	0	1	0	0	1	0	1	1	0	0	0	1	0	0	1
Mp3g20500	neg	0	0	0	0	0	0	1	1	0	0	1	0	1	0	0	1	1	0	1	0	1	0	0	1	0	0	0	1	1	0	0	0	0	0	0	0	0	0	0	0	0	1	1	0	0	0	1	0	1	0	0	0	0	0	0	1	1
Mp3g20850	neg	0	0	0	0	0	0	0	1	0	0	0	1	1	0	0	0	0	0	1	1	0	1	0	1	1	0	1	0	1	0	0	1	0	1	0	0	0	1	0	1	0	0	0	1	0	1	1	1	1	0	1	0	0	0	0	0	1
Mp3g23950	neg	1	1	0	1	0	1	1	1	1	1	0	0	1	1	0	0	1	0	0	0	1	0	1	1	0	1	0	1	1	1	0	1	0	0	1	0	0	1	0	1	0	0	0	0	1	0	1	0	1	1	0	1	0	0	1	1	1
Mp4g00850	neg	0	0	0	0	0	0	0	0	0	1	1	1	1	1	1	0	0	0	0	1	0	0	0	0	0	0	0	1	1	1	0	0	0	0	1	1	0	1	1	0	0	1	0	0	1	0	0	0	0	1	1	1	1	1	0	1	1
Mp4g01250	neg	0	1	1	0	1	0	0	1	0	1	0	0	1	0	0	1	1	0	0	0	1	0	0	1	0	1	0	0	0	0	0	0	0	1	0	0	0	0	0	0	0	0	0	0	1	1	0	0	1	0	0	1	0	1	0	0	0
Mp4g01350	neg	0	1	1	1	1	0	1	1	1	1	0	0	0	0	0	1	0	0	0	1	1	1	0	0	1	1	1	1	0	0	0	1	0	0	0	0	0	0	0	1	0	1	0	0	0	1	0	0	0	1	0	1	0	0	0	1	1
Mp4g03450	neg	0	1	1	0	0	0	0	1	0	1	0	0	1	0	0	0	1	0	0	1	1	0	1	1	1	1	0	1	0	0	0	0	0	0	0	0	1	1	0	1	0	1	1	0	0	0	0	0	0	0	1	0	0	0	0	0	1
Mp4g03610	neg	0	0	1	0	0	1	1	1	1	0	1	1	1	1	1	0	1	0	0	0	0	1	0	1	0	1	1	1	0	1	0	0	1	1	1	1	0	0	0	1	1	0	0	1	1	0	1	0	0	1	0	0	1	1	0	0	0
Mp4g04260	neg	1	1	0	0	0	0	0	0	1	1	1	0	0	0	0	0	0	0	0	1	1	1	1	1	1	0	1	0	0	0	0	0	0	0	0	0	0	0	0	1	0	0	0	0	1	0	0	0	0	1	0	1	0	0	0	0	0
Mp4g04400	neg	1	0	1	1	1	0	1	1	0	1	1	0	0	0	0	1	1	0	1	0	0	0	1	1	1	0	0	1	0	0	0	1	0	0	0	0	0	1	1	1	0	0	0	1	0	0	1	0	1	0	0	0	0	0	0	0	1
Mp4g04620	neg	1	1	1	0	0	1	1	1	1	0	1	0	1	1	1	0	0	0	1	0	1	1	0	1	1	1	0	0	1	0	1	0	1	1	1	0	1	0	1	1	0	1	0	1	1	1	0	0	0	1	0	1	0	1	0	0	1
Mp4g04710	neg	0	0	0	0	0	0	1	1	0	0	1	0	1	0	0	0	1	0	0	0	1	1	0	1	1	1	0	0	1	0	0	0	0	0	0	0	0	0	1	0	0	1	0	0	0	0	0	0	1	0	1	0	0	0	0	1	1
Mp4g05250	neg	0	1	0	1	0	0	0	1	0	0	1	0	0	0	1	1	1	0	0	0	0	0	0	1	1	1	0	0	1	1	0	0	0	0	0	0	1	0	0	0	0	0	0	0	1	0	1	0	1	0	1	1	0	1	0	0	1
Mp4g05380	neg	0	1	0	0	1	0	0	0	0	0	0	0	0	0	1	0	1	1	0	1	0	0	0	1	1	1	1	0	1	1	0	0	0	0	1	0	0	0	0	0	0	0	0	0	1	1	1	0	0	1	1	0	0	0	0	1	1
Mp4g05880	neg	1	0	1	1	0	0	1	1	1	1	1	0	0	0	0	1	1	1	1	1	0	0	0	0	0	1	0	1	0	0	0	1	1	0	0	0	0	0	1	1	0	1	0	1	1	1	0	0	1	0	0	0	1	0	1	0	1
Mp4g06110	neg	1	1	1	0	0	1	1	1	1	0	1	1	1	0	0	0	1	1	0	1	1	0	1	1	0	0	0	1	0	1	1	1	0	0	0	0	0	0	1	0	0	1	0	1	1	0	1	0	1	1	0	1	0	0	0	1	1
Mp4g07210	neg	0	1	1	0	0	0	0	0	0	0	1	0	1	0	0	1	0	0	0	0	1	0	1	1	0	1	0	1	0	0	0	0	0	0	1	0	0	0	1	0	0	1	0	0	0	1	1	0	1	0	1	0	1	0	0	0	1
Mp4g07940	neg	1	0	0	0	0	1	1	0	0	0	1	1	1	1	0	0	1	1	0	1	0	1	1	1	0	0	0	1	0	0	1	1	0	1	1	1	0	1	0	1	0	1	1	0	1	0	0	0	0	0	1	0	0	1	1	0	1
Mp4g10100	neg	1	1	1	1	0	0	1	1	1	0	1	0	1	1	0	1	1	0	0	1	1	0	0	1	1	1	0	0	0	1	1	0	0	1	1	0	0	0	1	1	0	0	0	0	1	0	0	0	0	1	0	0	1	1	0	1	0
Mp4g10240	neg	0	1	0	1	1	0	0	0	1	0	1	1	1	0	1	0	1	0	0	0	0	1	0	1	0	1	1	0	0	1	0	0	0	0	1	1	0	0	0	0	0	0	0	0	0	1	1	0	0	1	0	1	0	0	0	0	0
Mp4g12650	neg	1	0	1	0	1	1	1	0	0	0	0	0	1	0	0	0	0	0	1	0	0	0	1	1	1	0	1	0	0	1	0	0	0	0	0	1	0	0	1	0	0	0	0	1	1	1	0	0	0	0	1	1	0	1	0	1	1
Mp4g13000	neg	1	0	1	1	1	1	0	0	0	1	1	0	0	0	1	0	0	0	0	0	1	0	0	1	0	0	1	0	1	1	1	1	0	1	0	0	0	0	1	1	0	1	0	0	1	1	1	0	1	1	0	0	0	0	0	0	1
Mp4g13270	neg	0	1	0	0	0	0	0	0	1	1	1	1	0	0	1	0	1	1	0	0	0	0	0	1	0	1	1	0	0	0	1	0	1	0	0	0	1	0	0	0	0	1	0	0	1	0	0	0	0	1	0	1	0	0	0	0	0
Mp4g14030	neg	1	0	0	1	0	0	0	0	1	1	0	0	1	0	1	1	1	0	0	0	1	1	0	0	0	1	1	1	0	1	1	0	1	0	0	0	0	0	0	0	0	0	0	0	1	1	1	1	1	0	0	1	1	0	0	1	1
Mp4g14050	neg	0	0	0	0	1	0	1	0	1	0	1	1	0	0	1	0	1	0	0	0	0	0	0	0	0	1	1	1	1	0	1	1	1	1	1	1	0	1	1	0	0	0	0	1	1	1	0	0	0	0	0	0	0	0	0	1	1
Mp4g14470	neg	0	0	1	1	1	1	1	0	1	1	1	0	1	1	1	1	0	0	1	1	1	0	1	0	0	0	0	1	1	0	0	1	1	0	1	1	0	0	1	0	0	0	0	0	1	1	1	0	1	1	0	0	1	0	0	1	0
Mp4g17010	neg	0	1	1	1	0	1	0	1	0	1	0	0	0	0	0	1	1	0	0	1	1	0	0	0	1	0	0	0	0	1	1	0	0	1	0	0	0	1	0	0	1	1	0	1	1	1	0	0	1	0	0	0	0	1	0	0	1
Mp4g17030	neg	0	1	1	0	0	1	0	1	0	0	1	0	1	0	1	0	1	1	0	1	0	1	0	0	1	1	0	0	0	1	1	1	0	1	0	1	1	1	1	1	0	0	0	1	0	0	1	1	1	0	0	0	0	0	0	0	1
Mp4g17040	neg	0	1	0	1	0	0	0	1	0	0	0	1	1	0	1	0	1	0	0	0	0	0	0	0	0	1	0	0	0	0	1	0	1	0	0	1	0	0	1	0	0	1	0	0	0	0	1	0	1	0	0	0	0	1	0	0	1
Mp4g19270	neg	0	0	0	0	0	0	0	0	1	1	0	0	0	0	0	0	0	0	0	1	1	1	0	0	0	1	1	0	0	0	0	0	1	0	0	0	0	0	0	1	0	1	0	1	0	1	1	0	1	1	0	0	1	1	0	0	1
Mp4g20550	neg	1	0	0	0	0	0	0	0	1	1	0	1	0	0	0	0	0	0	0	1	1	0	1	1	0	1	0	0	0	0	0	0	0	0	1	0	0	0	0	0	0	1	0	0	1	1	0	0	0	0	0	0	0	0	0	0	0
Mp4g21130	neg	0	0	0	1	1	0	1	0	1	1	1	0	1	0	0	0	0	0	1	0	1	0	1	1	0	1	1	1	0	0	0	0	1	0	1	0	1	0	1	0	0	0	0	1	0	1	0	0	0	1	1	0	1	0	0	0	1
Mp4g23300	neg	1	1	0	1	1	0	1	0	0	1	0	1	1	1	0	0	1	0	0	0	1	1	0	1	0	0	1	1	1	0	1	1	0	1	0	1	0	0	0	0	0	1	0	0	1	1	1	0	1	0	0	0	1	0	1	0	1
Mp4g23810	neg	1	1	1	0	0	0	0	0	0	0	0	0	0	0	0	0	0	0	1	1	1	0	0	1	0	0	1	0	0	0	0	1	0	1	0	0	0	0	0	1	0	0	0	0	0	1	0	0	1	1	0	0	0	0	1	1	0
Mp5g03740	neg	0	1	1	0	1	0	0	1	1	1	1	0	0	0	1	0	0	0	0	0	0	0	0	1	0	0	0	1	0	1	1	1	0	1	0	0	0	1	0	1	0	1	0	1	1	0	1	0	1	1	1	1	1	1	1	0	1
Mp5g05250	neg	0	0	1	1	1	1	1	1	1	1	1	0	1	1	1	1	0	0	0	1	0	0	0	0	0	1	1	0	0	1	0	0	0	0	1	1	0	1	0	1	0	0	0	1	0	1	1	1	1	0	0	0	0	0	0	0	0
Mp5g05850	neg	0	0	1	1	0	1	1	0	1	0	0	1	0	0	1	0	1	1	0	1	1	1	0	1	1	1	0	0	0	1	1	1	0	1	0	1	0	0	1	0	1	1	0	0	1	0	1	0	0	1	0	1	0	0	0	0	0
Mp5g05920	neg	0	1	1	0	0	1	0	0	0	1	0	0	0	0	1	1	0	0	0	0	1	0	0	1	1	0	1	0	0	0	1	1	1	1	0	0	0	0	1	0	0	0	0	1	0	0	0	0	0	0	1	0	0	0	0	1	0
Mp5g06160	neg	1	0	0	1	1	0	0	0	1	1	1	0	0	0	1	0	0	0	0	0	1	0	0	0	1	1	1	0	1	0	0	0	0	0	1	0	1	0	0	0	0	1	0	0	1	1	0	0	1	0	0	0	1	1	0	1	0
Mp5g06430	neg	0	1	1	0	1	0	0	1	0	0	0	0	0	0	0	1	0	0	0	1	1	0	0	1	0	1	1	0	1	1	0	0	1	0	0	0	1	0	0	0	0	1	1	1	0	0	1	0	1	0	1	0	1	0	0	0	1
Mp5g06770	neg	0	1	0	0	0	0	1	1	1	0	0	0	1	0	0	0	1	0	1	0	0	1	1	0	1	0	0	0	1	0	1	0	0	1	1	0	0	0	0	1	0	1	1	1	1	0	1	0	0	1	0	1	0	0	0	1	1
Mp5g08480	neg	0	0	1	1	0	1	1	1	1	0	0	1	0	0	1	1	1	1	0	1	1	1	0	1	0	1	0	1	0	0	0	0	0	1	0	0	0	0	1	0	1	1	0	1	1	0	0	0	0	1	0	0	0	0	0	0	1
Mp5g09490	neg	1	1	1	0	0	1	0	0	1	1	0	0	1	0	0	1	0	0	1	1	1	1	0	0	0	1	0	0	0	1	0	0	0	0	0	0	0	0	0	0	0	0	0	0	0	0	1	0	0	0	0	0	0	0	1	0	0
Mp5g09980	neg	0	0	1	1	1	1	0	1	1	0	1	1	0	0	1	1	1	0	1	0	0	1	0	1	0	0	1	1	0	1	0	0	0	0	0	1	1	1	0	0	0	0	0	0	1	1	1	0	1	1	0	1	0	0	0	0	1
Mp5g10150	neg	0	1	1	0	1	0	1	1	0	1	1	0	1	1	0	1	1	1	0	0	1	0	0	1	0	1	0	1	1	1	1	1	0	0	0	0	0	0	1	1	0	1	0	0	1	1	0	0	0	1	0	0	0	1	0	0	1
Mp5g11100	neg	1	1	1	1	1	0	0	1	0	1	1	0	0	0	1	0	0	0	1	1	1	1	0	1	1	0	0	0	1	0	1	0	1	1	0	0	1	0	1	1	0	0	0	1	1	0	0	0	0	1	0	1	0	0	0	0	0
Mp5g11590	neg	1	0	0	0	1	0	0	0	0	0	1	0	1	1	1	0	0	0	1	1	0	0	0	1	0	1	0	0	1	1	1	0	0	0	0	1	0	1	0	1	0	1	0	1	1	0	1	1	1	1	0	0	0	0	0	1	1
Mp5g13270	neg	0	1	1	0	1	1	1	0	0	0	1	0	1	1	0	1	1	1	0	1	1	1	0	1	0	1	1	1	1	1	1	0	1	0	0	0	0	1	1	0	0	1	0	1	1	0	1	0	1	0	0	0	1	0	0	0	1
Mp5g14850	neg	1	1	1	0	0	0	1	1	1	0	0	0	1	0	0	1	1	0	0	0	1	0	0	1	0	0	0	0	0	0	1	1	0	0	0	1	0	1	1	0	0	0	0	0	0	0	0	0	1	0	0	0	0	0	0	0	1
Mp5g15020	neg	1	1	0	1	0	0	0	0	1	1	0	1	0	0	1	0	1	1	0	0	0	0	0	0	1	1	0	1	0	1	0	1	0	1	0	1	0	0	1	0	0	0	0	1	0	1	1	0	0	1	1	1	1	1	0	0	1
Mp5g15760	neg	1	0	1	1	0	0	1	1	0	0	0	1	1	1	1	1	0	0	1	0	0	0	0	1	0	1	0	0	0	0	1	0	1	1	0	0	0	0	0	0	0	0	0	0	0	0	0	0	0	0	0	1	0	0	0	1	0
Mp5g17800	neg	0	1	1	1	1	0	1	0	1	1	0	1	0	0	1	0	1	1	0	0	1	0	1	0	1	1	1	1	1	0	0	0	1	0	0	0	0	1	1	1	0	1	0	1	0	0	0	0	0	1	0	1	1	0	0	0	1
Mp5g18950	neg	0	1	1	0	0	0	0	1	0	0	1	0	1	0	0	1	1	0	0	1	0	1	1	1	1	1	0	0	0	0	0	0	1	0	1	0	0	0	1	0	0	1	0	0	0	0	0	0	0	0	0	0	0	0	0	0	1
Mp5g19280	neg	0	1	0	1	0	0	1	0	1	1	0	0	1	0	1	0	1	0	0	1	0	1	0	1	1	1	0	1	1	0	0	0	0	0	0	0	0	0	0	1	0	1	1	1	1	0	1	0	1	0	1	0	1	0	0	1	1
Mp5g20370	neg	1	0	0	0	0	1	0	0	0	1	1	0	0	0	0	0	0	0	1	1	1	1	0	0	1	0	0	0	0	0	1	0	0	1	1	1	0	1	0	0	0	0	0	0	1	0	1	1	1	1	0	0	0	1	1	0	1
Mp5g20550	neg	0	1	0	0	0	1	0	0	1	1	0	1	0	0	1	1	0	0	0	0	1	0	0	0	1	0	0	0	0	0	1	0	0	0	0	1	0	0	0	0	0	0	0	0	0	0	0	0	1	0	0	0	1	1	0	0	1
Mp5g20920	neg	0	1	1	1	0	0	1	1	1	0	0	1	0	0	0	0	0	0	1	1	1	0	0	0	1	0	0	0	0	1	0	1	1	0	1	1	0	1	1	1	0	0	0	0	1	0	1	0	1	1	0	1	0	0	0	1	1
Mp5g21270	neg	0	1	1	1	1	1	0	1	0	0	0	0	1	0	0	1	1	0	0	0	1	1	0	1	1	1	0	0	0	0	0	1	1	1	0	0	0	0	0	0	0	0	0	1	0	0	0	0	0	1	0	0	0	1	0	0	1
Mp5g21990	neg	0	0	1	0	1	1	1	0	0	1	0	0	1	1	1	0	1	1	1	0	1	1	0	1	0	0	1	1	0	1	0	0	1	0	0	0	0	1	1	0	0	0	0	0	1	0	0	0	0	1	0	1	1	0	0	1	1
Mp5g22660	neg	1	1	0	0	1	0	0	1	0	1	1	0	1	0	1	1	1	0	1	0	1	0	0	0	0	1	0	0	1	0	0	0	0	1	0	0	0	0	1	0	0	0	0	1	1	1	0	0	1	1	0	0	0	0	0	0	1
Mp5g23530	neg	0	1	0	1	0	0	1	1	1	0	1	1	1	0	0	1	0	0	1	0	1	0	0	0	1	1	1	0	0	1	0	1	0	0	1	1	0	1	0	1	0	1	0	0	0	0	0	0	1	0	1	0	0	1	1	0	1
Mp6g01020	neg	1	1	0	0	0	0	0	0	1	0	0	0	0	0	1	0	0	0	1	0	0	1	0	1	0	1	0	1	0	0	1	0	1	0	1	0	0	1	0	1	0	1	0	0	0	1	0	0	1	1	0	0	1	0	1	0	1
Mp6g01480	neg	0	0	0	1	1	1	1	0	0	1	0	1	0	0	0	0	1	0	0	1	1	1	0	1	1	1	1	0	1	1	0	0	0	0	0	0	0	1	1	0	0	0	0	0	0	0	1	0	1	0	0	0	0	0	1	0	1
Mp6g01750	neg	0	0	1	0	0	1	0	1	1	0	0	0	1	1	0	1	1	0	0	0	1	0	0	1	0	0	0	1	0	0	1	1	0	1	0	0	0	0	1	0	1	1	0	0	1	1	1	0	1	1	0	0	1	1	1	1	1
Mp6g02710	neg	0	1	0	0	0	0	1	1	0	1	0	0	0	0	0	1	0	0	0	0	1	1	0	0	1	0	1	1	0	0	1	0	1	0	0	0	0	0	1	0	0	0	0	1	1	1	1	0	0	1	1	1	0	0	0	0	1
Mp6g04570	neg	1	0	1	0	1	1	0	0	1	1	1	1	0	0	1	0	1	0	1	0	1	0	0	0	1	0	1	0	0	0	1	1	0	1	1	1	0	1	1	0	0	1	0	1	1	0	1	0	0	1	0	0	1	0	1	0	1
Mp6g05780	neg	0	1	0	0	0	0	1	0	1	0	0	0	1	1	1	0	0	0	0	0	0	0	0	1	1	1	0	0	0	0	0	0	0	0	0	0	0	1	0	1	0	0	0	0	1	0	0	0	0	1	0	0	0	0	0	0	1
Mp6g07320	neg	0	1	1	0	1	1	1	1	1	0	1	1	1	1	1	0	1	0	0	0	1	1	0	1	0	1	1	1	0	0	0	0	1	1	1	0	0	1	1	0	0	0	0	1	1	0	1	0	0	1	0	0	1	1	0	1	1
Mp6g07650	neg	1	1	1	1	0	0	1	1	1	0	0	0	1	1	1	1	1	0	0	0	1	1	0	1	1	1	1	0	0	1	0	0	0	1	0	1	0	0	0	1	1	0	0	1	1	0	0	0	1	0	0	1	0	1	0	0	1
Mp6g07990	neg	1	0	1	1	1	1	1	0	0	1	1	1	1	0	0	0	0	0	0	0	0	1	0	1	0	0	1	1	1	1	0	0	0	0	1	0	0	1	0	0	0	0	0	0	1	1	1	0	1	1	0	1	0	0	0	0	1
Mp6g09860	neg	1	0	0	1	1	0	0	1	1	1	0	0	0	0	1	0	1	0	0	0	0	1	0	0	0	1	0	0	1	0	1	1	0	0	1	0	0	1	0	1	0	1	0	0	0	0	0	0	0	1	0	1	0	0	0	0	0
Mp6g10260	neg	0	0	0	1	0	1	1	0	1	0	0	0	0	0	0	0	1	0	0	0	1	1	0	0	0	1	1	0	0	0	0	0	0	0	1	1	0	0	0	0	0	0	0	0	0	0	0	0	0	1	1	0	0	1	0	1	0
Mp6g10290	neg	0	0	0	0	0	0	0	1	1	0	1	0	1	1	0	0	0	0	1	0	1	1	1	1	0	0	1	0	0	0	0	0	0	0	0	0	0	1	0	0	0	0	0	0	1	0	0	0	0	1	0	0	0	0	0	1	1
Mp6g11010	neg	0	1	1	1	1	0	0	0	1	1	1	1	1	1	1	1	0	0	0	1	1	1	0	0	0	1	0	1	0	0	1	0	1	0	0	1	0	0	1	0	0	0	0	0	1	0	0	0	1	1	0	0	0	0	0	0	1
Mp6g11170	neg	0	0	0	0	0	1	0	0	0	0	1	1	0	0	1	0	0	0	1	0	1	1	1	0	1	0	1	0	1	0	0	0	1	0	1	0	0	0	0	1	0	1	0	1	1	1	0	0	1	0	1	1	0	1	0	1	1
Mp6g12530	neg	0	0	0	1	1	1	1	0	0	0	1	1	1	1	1	1	1	1	1	0	1	1	0	1	0	1	1	0	1	0	0	1	1	0	1	1	0	0	1	1	0	0	0	1	1	1	1	0	1	1	0	0	1	0	0	0	1
Mp6g13760	neg	1	0	1	0	0	0	1	1	1	0	1	0	1	0	1	1	1	1	0	0	1	0	0	1	1	1	0	0	0	0	0	1	0	1	1	0	0	1	1	0	1	1	0	1	1	1	0	0	0	1	0	0	1	0	0	1	1
Mp6g14590	neg	0	1	0	1	0	1	0	1	1	1	1	1	1	1	1	0	0	0	0	0	1	0	0	1	0	1	0	1	0	0	0	0	1	0	1	1	0	0	1	0	0	0	0	0	1	0	0	0	0	1	1	0	1	0	0	0	1
Mp6g15040	neg	0	1	0	1	0	0	0	1	0	1	0	0	0	0	0	0	0	0	0	0	1	0	0	1	0	1	1	0	0	0	0	1	1	1	1	1	1	0	0	0	0	0	0	0	1	0	0	0	1	1	1	0	1	0	0	0	1
Mp6g15380	neg	1	0	0	1	0	0	0	0	1	1	1	1	0	0	0	1	0	0	0	0	0	1	0	1	0	1	1	0	0	0	0	1	0	0	0	1	0	1	0	1	0	0	0	0	0	1	0	0	0	1	0	1	0	1	0	0	1
Mp6g15600	neg	0	1	0	0	0	1	0	1	1	1	0	0	1	0	1	1	1	0	0	0	0	1	0	0	1	1	0	0	1	0	0	0	0	0	0	1	0	1	1	0	0	1	0	0	1	0	1	0	0	0	1	0	1	1	0	0	1
Mp6g15870	neg	0	1	0	0	0	0	1	1	0	0	0	0	0	0	1	1	0	0	0	0	1	0	1	1	0	0	1	0	1	0	0	0	0	0	0	1	1	1	1	0	0	1	0	1	0	0	0	0	1	0	0	0	1	0	0	0	0
Mp6g15910	neg	0	1	0	0	1	1	1	1	0	0	1	1	0	0	0	1	0	0	1	1	1	0	1	0	0	0	1	0	1	0	0	1	0	0	0	0	0	0	1	0	0	1	0	1	0	0	1	0	1	0	0	1	0	0	0	0	0
Mp6g16990	neg	0	0	0	0	0	0	0	0	1	1	1	1	1	1	0	1	1	0	0	0	1	1	0	1	1	1	0	1	0	1	1	0	0	0	1	0	0	0	1	1	0	1	0	1	0	0	0	0	1	1	0	0	0	0	1	1	0
Mp6g19200	neg	0	1	1	0	1	1	1	1	1	0	1	1	1	0	0	0	0	0	0	1	1	0	1	0	0	1	0	0	1	1	0	0	0	0	1	1	1	0	0	0	0	0	0	0	0	0	0	0	1	0	0	0	0	0	0	0	0
Mp6g19430	neg	0	0	0	1	1	1	0	0	1	0	1	1	1	1	0	0	0	0	0	1	1	0	0	1	1	0	1	1	1	0	0	1	0	1	1	1	0	0	0	0	0	0	0	0	0	0	1	0	0	1	0	0	1	0	1	1	0
Mp6g20330	neg	1	0	1	0	1	1	0	0	1	1	1	0	0	0	1	1	1	1	0	0	1	1	1	0	0	0	0	1	1	0	0	1	1	1	1	0	0	0	1	1	1	0	0	1	1	0	1	0	1	0	0	0	0	0	0	1	0
Mp6g20740	neg	0	0	0	0	1	0	1	0	1	0	1	0	0	0	1	0	1	0	0	1	0	0	0	1	0	1	1	1	1	0	0	0	1	0	1	1	0	1	0	0	0	0	0	0	0	0	0	0	0	1	0	0	1	0	0	0	0
Mp6g21530	neg	0	0	1	1	0	1	0	0	0	1	0	0	1	0	1	1	0	0	0	1	0	0	0	0	1	1	0	0	0	0	0	0	0	0	0	1	0	1	1	1	0	0	0	1	1	1	1	0	0	0	1	1	0	0	0	0	1
Mp7g00140	neg	0	0	1	0	0	0	1	1	0	1	0	1	0	0	0	0	1	0	0	0	0	0	0	1	0	0	0	1	1	1	0	0	0	0	1	1	0	0	0	0	0	0	0	0	1	0	1	0	1	0	0	0	1	1	1	0	0
Mp7g00530	neg	0	1	0	1	0	0	1	1	0	0	0	0	1	0	0	1	0	0	0	0	1	1	1	0	0	1	1	0	1	1	1	1	1	1	1	0	0	1	1	0	1	1	1	0	0	0	1	0	1	0	0	0	0	0	0	1	0
Mp7g01210	neg	0	1	1	1	1	0	1	0	1	1	0	0	0	0	0	1	0	0	0	0	0	1	1	0	0	0	0	1	1	0	0	1	0	0	1	0	0	1	1	0	0	1	0	0	1	0	1	0	1	1	1	1	0	1	0	0	0
Mp7g02920	neg	0	1	0	0	0	1	1	1	0	1	0	0	0	0	0	1	0	0	0	0	1	0	0	1	0	0	0	0	1	1	0	0	0	0	1	0	1	1	1	0	0	0	0	0	0	0	1	0	0	1	0	0	0	1	1	1	1
Mp7g03630	neg	1	0	0	1	1	0	1	0	0	0	1	0	1	0	0	0	1	0	0	0	1	0	1	0	0	0	0	0	0	0	0	1	0	0	1	1	1	0	0	1	0	0	0	0	0	1	0	0	0	0	1	1	0	1	0	1	0
Mp7g06390	neg	0	1	0	1	1	0	0	1	1	0	0	0	1	0	1	0	1	1	1	1	1	0	0	1	1	0	0	0	1	1	0	1	1	0	1	0	0	0	0	1	0	0	0	0	1	0	1	0	1	1	0	0	1	0	0	0	1
Mp7g08470	neg	1	0	0	0	0	0	0	1	1	1	1	0	1	0	0	1	0	0	1	1	1	1	1	1	0	1	0	0	0	1	1	0	0	0	1	1	0	0	0	0	0	1	1	0	1	0	0	0	0	1	0	0	0	0	0	0	1
Mp7g09520	neg	0	0	1	0	1	1	0	1	1	0	0	0	0	0	0	0	0	0	0	0	1	0	0	0	0	1	1	1	0	1	1	0	1	1	0	1	1	0	0	0	0	1	1	0	0	0	0	0	1	0	0	1	1	0	0	0	1
Mp7g10370	neg	0	0	0	0	0	1	0	0	0	0	1	1	0	0	0	0	0	0	0	0	0	1	0	1	0	1	1	1	0	0	0	0	1	1	1	0	0	0	0	1	1	1	0	1	0	1	0	0	0	1	0	0	0	0	1	0	0
Mp7g10380	neg	0	0	0	0	0	0	1	0	0	0	0	0	0	0	0	0	0	0	1	1	0	0	0	0	0	0	0	0	0	1	0	1	1	0	1	0	0	0	1	1	0	0	0	1	0	0	0	0	1	0	1	1	0	0	0	0	0
Mp7g12190	neg	1	1	0	1	0	1	1	0	0	0	0	0	0	0	0	0	0	0	0	1	0	0	0	0	0	0	1	0	0	0	0	1	0	0	0	0	0	0	0	1	0	0	0	0	0	1	0	0	1	1	1	1	0	0	0	1	0
Mp7g12370	neg	1	0	1	0	1	0	1	1	0	0	1	1	1	1	1	1	1	1	0	1	1	1	0	1	1	1	1	1	1	1	0	1	0	1	1	1	0	0	1	1	0	1	1	1	0	0	1	1	0	0	0	1	1	0	0	0	0
Mp7g14540	neg	0	1	1	0	0	1	0	1	1	0	1	0	1	0	0	1	1	0	1	1	1	1	0	1	0	1	0	0	0	1	1	0	0	1	0	1	1	0	0	0	0	1	0	1	0	1	1	1	0	1	0	1	0	0	0	0	1
Mp7g14590	neg	0	1	1	0	0	0	0	0	0	0	0	0	1	1	0	1	0	0	0	1	0	0	1	0	1	1	1	0	1	1	1	0	1	0	0	1	0	0	1	0	0	0	0	0	1	0	0	0	0	1	1	0	0	0	1	1	0
Mp7g15230	neg	0	0	0	1	0	1	0	0	1	1	1	0	1	1	0	0	1	0	0	0	1	1	1	1	0	1	1	0	0	1	1	0	1	1	0	0	0	1	0	1	1	0	0	1	1	1	0	0	1	1	1	1	0	0	0	0	1
Mp7g15310	neg	0	0	1	1	1	0	1	0	0	1	0	1	0	0	1	0	0	0	0	1	0	1	0	0	0	1	1	1	1	0	0	0	1	0	1	1	0	1	1	0	0	0	0	0	1	0	0	0	0	0	1	0	0	0	0	1	0
Mp7g18010	neg	1	1	1	0	0	1	1	0	0	1	1	0	1	0	0	1	0	0	0	1	1	0	0	1	1	0	0	0	0	1	0	0	0	0	0	0	0	1	0	0	0	0	0	0	1	0	1	1	0	1	0	0	0	0	0	0	0
Mp7g18020	neg	1	1	0	1	0	0	1	0	0	0	0	0	0	0	0	1	0	0	0	1	1	0	0	0	0	0	1	1	0	1	0	0	0	0	0	0	1	0	0	0	0	0	0	0	1	0	0	0	0	1	1	1	0	0	0	0	1
Mp8g00010	neg	0	0	1	1	0	0	0	0	1	0	0	0	1	1	1	1	1	0	0	0	1	1	1	0	0	1	1	1	0	1	0	0	1	1	1	0	0	0	1	1	0	1	1	1	1	0	1	0	0	1	0	0	1	0	0	1	1
Mp8g00070	neg	0	1	0	0	0	1	1	1	0	0	0	0	1	0	0	0	0	0	1	1	0	0	0	0	0	1	0	0	0	1	0	0	1	0	0	0	1	0	1	0	0	1	1	1	1	0	1	1	1	0	0	0	0	1	0	0	1
Mp8g02620	neg	0	0	0	1	1	1	1	0	0	1	0	0	1	0	0	0	1	1	0	0	1	1	0	0	0	0	0	0	1	0	0	1	1	0	1	1	0	0	0	1	0	1	1	0	1	0	1	1	1	0	0	1	0	1	0	0	1
Mp8g03720	neg	0	0	0	1	0	0	1	0	0	0	1	1	0	0	1	1	0	0	1	0	0	1	0	1	0	0	1	0	1	0	0	0	0	0	1	0	0	0	0	0	0	0	0	1	1	1	1	0	1	0	0	1	1	0	0	1	1
Mp8g03740	neg	0	1	1	0	1	1	1	0	1	0	1	0	1	0	1	0	1	0	1	0	1	0	1	1	0	1	0	0	1	0	0	0	0	0	1	0	0	0	0	1	0	1	0	0	0	0	0	0	1	1	0	0	0	0	1	0	0
Mp8g03790	neg	0	1	0	1	0	1	0	1	1	0	0	0	0	0	1	1	1	1	0	0	0	0	1	1	0	1	1	0	0	0	1	0	0	0	1	1	1	0	1	1	0	1	0	1	1	1	1	0	0	1	0	0	0	0	0	1	0
Mp8g04100	neg	0	0	1	0	0	1	1	1	1	0	0	0	1	1	0	0	0	0	0	0	1	1	0	1	0	1	1	0	1	0	0	0	0	0	1	1	1	1	1	0	0	0	0	0	1	1	0	0	1	1	0	0	0	0	0	0	1
Mp8g06250	neg	0	0	0	0	1	0	0	0	1	0	0	1	1	0	0	1	0	0	1	0	0	0	0	0	0	0	0	1	0	0	1	1	0	0	0	0	0	1	1	0	0	0	0	0	1	0	0	0	1	1	1	1	1	0	1	1	1
Mp8g06510	neg	0	1	1	1	0	1	1	1	1	0	0	0	0	0	1	0	0	0	0	1	0	1	0	1	0	0	1	1	0	0	0	0	1	0	1	1	1	1	0	0	0	0	0	0	1	1	0	0	1	0	0	0	0	0	0	1	1
Mp8g07430	neg	1	0	1	0	0	0	1	1	0	1	1	0	0	0	1	0	1	0	0	0	0	0	0	0	0	0	1	0	0	0	0	0	0	1	1	0	0	1	0	1	1	1	0	1	1	1	0	0	1	0	0	0	0	1	0	0	1
Mp8g08350	neg	0	1	1	1	0	0	1	1	1	0	0	0	1	0	1	0	1	0	0	1	0	0	0	1	0	1	0	0	1	0	0	0	1	0	0	1	0	0	0	0	0	1	0	0	0	0	0	0	1	0	0	1	0	1	0	0	1
Mp8g11530	neg	0	1	1	1	1	0	1	1	0	0	1	1	0	0	1	1	0	0	0	0	1	0	0	0	0	0	1	0	0	0	0	0	0	0	1	0	1	0	0	0	0	0	0	0	1	1	0	0	1	1	0	0	0	0	0	0	1
Mp8g12380	neg	1	1	1	0	0	0	1	1	1	0	1	0	1	1	0	0	1	0	1	1	1	1	0	0	0	1	1	0	0	0	0	0	0	0	1	0	1	1	1	0	0	0	0	0	0	0	1	1	1	1	0	0	0	0	0	0	0
Mp8g13280	neg	0	1	0	1	1	1	0	0	1	1	1	0	0	0	0	0	1	1	0	0	1	0	0	1	1	1	1	1	1	0	0	0	1	0	0	0	0	1	0	1	0	1	1	0	1	0	1	0	0	1	0	0	1	0	0	1	1
Mp8g13820	neg	1	0	0	0	1	1	1	0	0	1	1	1	0	0	0	0	0	0	0	1	1	0	1	1	0	1	1	1	1	0	0	1	0	1	1	0	0	1	1	0	0	1	0	1	1	1	0	0	0	1	1	1	1	0	0	0	0
Mp8g14060	neg	0	1	1	0	0	0	0	1	0	1	1	0	1	1	1	0	1	0	1	0	0	0	0	0	0	0	0	0	0	1	0	0	1	0	0	0	1	0	0	1	0	0	0	0	0	1	0	0	1	1	0	1	0	1	1	1	1
Mp8g15260	neg	0	1	0	1	0	1	1	1	0	0	1	0	0	0	0	0	1	0	0	1	0	1	0	1	1	0	0	1	0	0	1	0	1	1	1	0	0	0	0	0	0	1	0	0	1	0	0	0	0	1	0	0	1	0	0	0	1
Mp8g15830	neg	1	0	0	1	0	1	1	1	1	0	1	0	1	1	0	0	1	0	0	0	0	1	0	0	0	1	1	1	0	0	0	0	0	1	1	0	0	0	0	0	0	0	0	0	0	1	1	1	1	1	1	1	1	0	0	1	1
Mp8g17600	neg	0	0	0	1	1	1	0	0	1	1	1	0	0	0	0	0	1	1	0	0	0	1	0	0	1	0	1	0	0	0	0	1	0	1	1	0	0	0	1	1	1	0	0	1	0	1	0	0	1	1	1	1	0	0	0	1	1
Mp8g18330	neg	1	0	0	0	0	1	1	0	0	1	0	1	1	0	0	1	0	0	0	1	1	1	1	0	0	1	0	0	0	1	1	0	0	0	1	1	1	0	0	0	0	0	0	0	0	0	1	0	0	1	1	0	0	0	0	1	0
MpVg01150	neg	0	1	0	0	0	1	0	1	1	0	1	0	0	0	0	1	0	0	0	0	1	0	0	1	1	0	0	1	1	0	0	0	1	1	1	0	0	0	0	0	0	0	0	1	0	0	0	0	1	1	1	0	1	0	0	0	0
Mpzg00030	neg	0	1	1	1	1	0	1	1	1	1	1	0	1	0	0	1	0	0	0	1	0	1	0	0	1	1	1	1	0	0	0	1	0	0	1	0	0	0	1	1	0	0	0	0	1	0	0	0	1	1	0	0	1	1	0	1	1
