X	Class	AAACAGT	AACAGGA	AACCTG	AACTGC	AAGCGT	AAGCGTG	AAGCTC	AAGCTCA	AATCAG	AATGCTG	ACAACTG	ACCAGG	ACCCAG	ACGCTTG	ACTCGA	ACTGCT	AGAACG	AGATCAG	AGATCC	AGATGTG	AGCACT	AGCAGG	AGCCAC	AGCCTCAG	AGCTAGC	AGCTCAG	AGGATC	AGGATCA	AGGTCA	AGTCACA	AGTCAG	AGTCTG	ATACTGG	ATATCG	ATATCGG	ATCAGG	ATCCCA	ATCCTG	ATCCTGA	ATCTGCA	ATGACG	ATGCAG	ATTCTG	CAACAG	CAAGAG	CAATGC	CAGAAC	CAGTCA	CCACAA	CCAGGA	CCAGTA	CCCAGG	CCCTGA	CCCTGAC	CCTGAG	CCTTAA	CCTTCA	CTACTC	CTCAGA	CTGAAC	CTGCAA	GACTGA	GAGCCA	GCCACA	GCCTGA	GCTAAC	GCTGGA	TAGCAA	TGGAAA
Mp1g00550	pos	0	0	0	0	0	0	1	1	0	1	0	0	0	0	0	0	0	0	0	0	1	0	1	0	0	0	1	0	1	0	0	0	0	0	0	0	1	1	0	0	0	0	1	1	0	1	1	0	0	1	0	0	1	1	1	0	1	0	1	1	0	0	1	1	1	1	1	1	1
Mp1g01810	pos	0	0	0	1	1	0	0	0	0	0	0	0	1	0	1	1	1	0	1	0	0	1	0	0	0	0	0	0	1	0	1	0	0	1	0	0	0	1	0	0	0	1	1	0	1	1	1	1	1	0	0	0	0	0	0	0	0	0	0	1	0	1	1	1	0	0	0	0	1
Mp1g02260	pos	0	0	0	0	0	0	1	0	0	0	1	0	1	0	1	0	1	1	1	0	0	1	1	0	0	0	0	0	1	0	1	0	0	1	0	0	1	0	0	0	1	0	0	1	0	1	1	0	0	0	0	0	0	0	1	0	1	1	1	1	1	1	1	1	0	0	0	0	1
Mp1g02880	pos	0	1	1	1	0	0	0	0	0	0	1	0	1	0	1	1	0	0	1	0	1	0	1	0	1	0	1	0	1	0	0	1	0	0	0	1	0	1	1	1	0	1	1	1	1	1	1	0	0	1	0	1	0	0	0	0	1	1	1	1	0	1	1	1	1	1	1	0	1
Mp1g03750	pos	1	0	1	1	0	0	1	0	0	0	0	0	1	0	0	1	1	0	1	0	1	0	1	0	0	0	0	0	1	0	1	1	0	1	1	0	1	1	1	1	0	1	1	1	1	1	0	1	1	1	0	1	0	0	0	0	0	0	1	1	1	1	0	1	1	1	1	0	1
Mp1g03760	pos	1	0	1	1	0	0	1	1	0	0	1	0	1	0	1	1	1	0	1	0	1	0	1	0	0	1	0	0	1	0	1	1	0	1	1	0	1	1	1	1	0	1	1	1	1	1	0	1	1	1	0	1	1	1	0	0	0	1	1	1	1	1	0	1	1	1	1	1	1
Mp1g04150	pos	0	0	0	1	0	0	0	0	0	0	1	1	0	0	1	0	0	1	0	0	1	1	0	0	0	0	0	0	0	0	1	0	0	0	0	1	0	0	0	1	0	1	1	0	1	1	0	1	0	0	0	1	1	0	1	1	1	1	0	1	1	0	0	0	1	0	1	0	1
Mp1g04750	pos	1	0	1	0	1	0	1	1	1	0	0	0	0	0	0	0	1	0	1	0	0	0	1	0	0	1	1	0	1	0	0	0	0	1	0	1	1	1	1	0	1	0	1	1	1	1	1	0	1	1	0	0	0	0	1	1	1	0	1	1	0	1	0	1	0	0	1	0	1
Mp1g06440	pos	0	0	1	1	0	0	1	0	0	0	0	1	1	0	1	1	1	0	1	1	1	1	1	0	0	0	1	0	0	0	1	0	1	1	0	1	0	1	1	1	1	1	1	1	1	0	1	1	1	0	1	0	1	0	1	1	1	0	1	1	1	1	1	1	1	1	1	0	0
Mp1g06980	pos	0	0	0	1	0	0	1	0	1	0	0	0	0	0	1	0	0	1	0	1	1	0	0	0	0	0	1	0	0	0	1	0	1	1	0	1	1	0	0	0	0	1	0	0	1	1	0	0	0	0	1	0	1	0	0	1	1	0	0	1	0	1	0	0	1	1	1	0	1
Mp1g07510	pos	0	1	1	1	1	0	1	0	0	1	0	0	0	0	1	1	1	0	0	0	1	1	1	0	0	0	1	0	1	0	0	1	0	0	0	0	0	1	0	0	0	0	1	0	1	1	1	0	1	0	1	0	0	0	0	0	1	0	0	0	0	0	1	1	1	0	1	0	1
Mp1g07620	pos	0	0	1	1	0	0	1	1	1	0	0	0	0	0	0	1	0	0	1	1	0	0	0	0	0	0	0	0	0	0	1	1	0	1	1	1	1	1	0	1	0	1	1	0	1	0	0	1	1	1	0	1	0	0	1	0	1	1	1	0	1	1	1	1	0	0	1	0	0
Mp1g07630	pos	0	0	1	1	0	0	1	0	1	0	0	0	1	0	1	0	1	0	0	0	0	0	0	0	0	0	0	0	0	0	1	1	0	0	0	1	0	0	0	0	0	1	1	1	0	1	0	1	1	0	0	0	0	0	0	1	1	0	1	1	1	0	0	1	1	0	0	0	0
Mp1g08130	pos	0	1	0	1	0	0	1	0	1	0	0	1	1	0	0	1	0	0	0	0	1	0	1	0	0	1	0	0	0	1	0	0	0	0	0	0	0	0	0	0	1	1	0	1	1	1	1	1	0	1	0	1	0	0	0	1	0	0	1	0	0	0	1	1	0	1	1	0	1
Mp1g08490	pos	0	0	0	0	1	0	1	0	0	0	0	1	0	0	1	0	1	0	1	0	0	0	1	0	0	1	1	1	0	0	0	1	0	0	0	0	0	0	0	0	1	1	0	0	1	1	0	1	0	0	0	1	0	0	0	0	1	1	1	1	1	0	1	1	1	1	0	1	1
Mp1g10940	pos	0	0	0	1	0	0	0	0	1	0	0	1	1	0	1	0	0	0	0	1	0	0	1	0	0	0	0	0	0	1	1	1	0	0	0	1	0	0	0	0	0	0	1	0	1	0	1	0	1	1	0	0	1	0	0	0	0	0	0	1	1	1	1	1	1	0	1	1	1
Mp1g11770	pos	0	0	1	0	0	0	0	0	1	0	0	1	0	0	1	0	1	0	0	0	1	1	0	0	0	1	1	0	1	0	1	0	0	0	0	1	1	0	0	0	0	1	1	1	1	1	0	0	0	0	0	0	0	0	1	0	0	0	1	0	0	1	1	0	0	0	1	0	0
Mp1g12420	pos	0	0	0	0	1	0	0	0	1	1	0	1	0	0	0	1	0	0	1	0	1	1	0	0	0	0	0	0	0	0	1	0	0	0	0	1	0	0	0	0	1	0	1	0	1	0	1	0	1	0	0	0	1	0	1	0	1	1	1	0	1	0	0	0	0	0	0	1	0
Mp1g13110	pos	0	0	1	1	0	0	1	0	1	1	0	0	1	0	0	0	1	0	1	0	0	1	1	0	0	0	0	0	0	0	0	1	0	1	0	1	1	1	0	1	0	1	1	0	1	0	1	0	1	0	0	1	1	0	0	1	1	1	0	1	1	0	0	0	0	0	0	0	1
Mp1g17610	pos	0	0	1	1	0	0	0	0	0	0	0	0	0	0	0	0	1	1	1	1	1	0	0	0	0	0	1	1	1	0	0	0	0	0	0	1	1	0	0	0	0	0	1	0	1	1	1	0	1	0	0	0	1	1	0	1	0	1	1	0	0	1	0	1	1	0	0	1	1
Mp1g17670	pos	1	0	0	1	0	0	1	0	0	0	0	0	0	0	1	1	1	0	0	0	0	1	1	1	0	0	0	0	1	0	0	1	0	0	0	0	0	0	0	0	0	1	0	0	1	0	1	1	1	0	1	1	1	0	1	0	1	0	0	0	1	1	1	0	0	0	1	1	1
Mp1g17840	pos	0	0	0	0	1	0	1	0	1	0	0	1	0	0	1	1	1	0	1	0	0	0	0	1	0	0	0	0	0	0	0	0	0	1	0	1	1	0	0	0	1	1	0	0	1	0	1	1	1	1	1	1	1	1	1	0	0	0	1	1	1	0	0	1	1	0	1	0	0
Mp1g17910	pos	0	1	1	1	1	0	1	0	1	0	1	0	0	1	1	1	0	0	0	0	0	0	1	0	0	0	0	0	1	0	1	0	0	1	1	0	1	1	1	1	1	1	1	1	1	0	1	1	1	1	0	0	0	0	1	1	1	0	1	1	0	1	1	1	0	1	1	0	1
Mp1g20010	pos	0	0	0	1	1	1	1	1	1	0	1	1	1	0	1	1	1	0	1	0	1	0	0	0	0	0	1	0	1	0	1	1	0	1	0	0	1	0	0	1	0	1	0	0	1	1	1	1	1	1	0	0	0	0	1	1	1	0	0	1	1	1	0	1	0	0	1	0	1
Mp1g20830	pos	0	0	1	1	0	0	1	1	0	0	1	0	1	0	1	1	1	0	1	0	0	0	1	0	1	1	1	1	0	0	1	0	1	0	0	0	0	0	0	0	1	0	0	1	1	1	1	1	0	0	1	0	0	0	1	1	0	1	0	1	1	0	1	1	1	0	1	1	1
Mp1g21980	pos	0	0	0	0	1	0	0	0	0	0	0	0	1	0	0	1	1	0	1	0	1	1	0	0	0	1	1	0	1	0	0	1	0	1	1	1	0	1	0	0	1	1	1	0	0	0	1	0	1	1	0	1	1	0	1	1	1	0	1	1	0	0	1	0	1	1	1	0	0
Mp1g23430	pos	0	0	0	0	0	0	0	0	0	0	0	0	1	0	0	0	0	0	0	1	0	1	1	0	0	0	0	0	1	1	1	1	0	0	0	0	1	0	0	0	0	0	1	1	0	1	0	0	1	0	1	0	0	0	0	0	1	1	1	1	1	0	0	0	1	0	1	1	1
Mp1g24830	pos	0	0	1	0	0	0	1	0	0	0	0	1	0	0	0	0	0	0	1	0	1	1	0	0	0	0	1	1	0	0	0	0	0	0	0	1	0	1	0	0	1	1	1	1	0	1	0	0	1	1	0	1	0	0	0	1	1	0	1	0	0	1	1	0	0	1	1	0	1
Mp1g25130	pos	1	0	1	1	0	0	1	1	0	0	0	0	1	0	1	1	0	0	1	0	1	1	0	0	0	1	1	0	0	0	1	0	0	0	0	0	0	1	1	0	1	1	0	1	1	0	1	0	0	1	1	0	0	0	1	1	1	1	1	1	1	1	0	1	1	0	1	0	1
Mp1g25980	pos	0	0	1	1	0	0	1	0	1	1	0	1	0	0	1	1	1	0	0	0	0	0	0	0	0	0	0	0	0	0	0	1	0	1	0	1	0	0	0	0	1	1	1	0	1	0	0	0	0	0	0	1	1	0	0	0	0	1	1	1	0	1	0	0	0	1	1	0	0
Mp1g26230	pos	1	0	1	0	1	0	1	0	0	0	0	1	0	1	1	1	1	0	1	1	0	1	1	0	0	1	0	0	1	0	1	1	1	0	0	0	0	1	0	0	1	0	1	0	0	0	1	1	0	1	1	0	0	0	1	0	0	1	1	1	1	1	1	0	0	0	1	0	1
Mp1g26920	pos	0	0	0	1	1	0	1	0	1	0	0	0	0	0	1	1	1	0	0	0	0	1	0	0	0	0	0	0	1	1	0	1	0	1	0	1	0	0	0	0	0	1	0	0	1	1	1	0	0	0	0	0	1	0	0	0	0	1	0	0	0	1	0	0	0	1	0	1	1
Mp1g27920	pos	1	0	1	0	0	0	0	0	1	0	1	0	0	0	1	0	0	0	1	1	0	1	1	0	0	0	0	0	1	1	1	1	0	1	0	1	0	0	0	1	1	1	1	1	1	1	0	1	1	0	0	0	0	0	0	0	1	0	1	0	1	1	1	1	1	0	1	0	1
Mp1g28180	pos	0	1	1	1	0	0	0	0	1	0	0	0	0	0	1	1	1	1	0	0	1	0	1	0	0	0	0	0	1	0	1	0	0	1	1	1	1	1	1	1	1	1	1	1	1	1	1	1	0	0	0	0	1	0	1	0	0	1	0	1	0	1	0	0	1	0	0	0	1
Mp1g28780	pos	0	1	1	1	0	0	0	0	1	0	0	0	0	0	0	1	0	0	0	0	1	1	1	0	0	0	0	0	1	0	1	0	0	1	0	1	0	1	0	1	1	1	1	1	1	1	0	0	1	1	0	1	0	0	0	0	1	1	0	0	1	1	1	1	0	0	1	0	1
Mp1g29350	pos	1	0	1	1	0	0	1	0	1	0	1	1	1	0	0	1	1	1	1	1	1	1	1	0	0	0	1	1	1	1	0	1	0	1	0	0	1	0	0	0	0	1	0	0	1	0	0	1	1	1	0	1	1	0	0	1	1	1	1	1	1	1	1	1	0	0	1	1	1
Mp2g01420	pos	0	0	0	0	0	0	1	0	0	0	0	0	1	0	1	1	0	0	0	1	1	1	0	0	1	1	1	1	1	0	0	1	0	0	0	0	0	1	0	0	0	0	1	1	0	0	1	0	1	1	1	0	1	0	1	0	0	0	1	0	1	0	0	0	0	1	1	0	0
Mp2g01710	pos	0	1	1	1	0	0	0	0	1	0	0	0	1	0	1	1	1	1	1	0	1	1	0	0	0	0	0	0	0	0	0	0	1	1	0	1	0	0	0	1	1	1	1	1	1	0	1	0	0	0	1	1	0	0	0	0	1	0	1	0	1	0	1	0	1	0	0	1	1
Mp2g02090	pos	0	0	1	1	0	0	0	0	1	0	1	0	0	0	1	1	0	0	1	1	0	0	0	0	0	0	0	0	0	0	1	0	0	1	0	0	1	1	0	1	1	0	1	1	1	0	0	0	1	1	0	0	0	0	0	0	1	0	0	1	1	0	1	0	1	1	1	0	1
Mp2g02520	pos	1	0	0	1	0	0	0	0	0	1	0	0	1	0	1	1	0	0	1	0	1	1	0	0	0	0	1	0	1	1	0	1	0	1	1	1	0	1	0	1	1	1	1	1	0	1	1	1	0	1	1	1	1	0	0	0	1	1	0	1	1	0	0	0	1	0	1	0	1
Mp2g04920	pos	1	0	0	0	0	0	0	0	1	0	0	1	1	0	1	0	0	1	1	0	1	0	0	0	0	0	0	0	1	1	0	0	0	0	0	0	1	0	0	1	0	1	0	1	1	0	1	1	1	0	0	1	0	0	0	1	1	1	0	0	1	1	1	0	0	0	1	1	1
Mp2g05910	pos	1	0	1	0	1	1	0	0	1	0	1	1	1	0	1	1	1	1	0	0	1	0	0	0	1	1	0	0	1	0	0	1	0	1	0	0	0	0	0	1	1	1	0	0	0	0	1	0	0	1	0	0	0	0	1	0	1	0	0	1	1	0	1	1	0	0	1	0	1
Mp2g06780	pos	1	0	1	1	0	0	1	0	1	0	0	1	0	0	0	1	0	0	0	0	1	1	1	0	0	0	0	0	1	0	0	1	0	0	0	0	0	0	0	1	1	1	0	1	1	1	1	1	0	1	0	0	0	0	0	0	0	1	0	1	1	1	1	0	0	0	1	1	1
Mp2g07500	pos	0	1	1	1	1	1	1	0	0	0	1	1	1	1	0	1	0	1	0	0	1	1	1	0	1	0	1	1	1	0	1	1	0	1	0	1	1	1	1	1	0	1	1	0	1	1	0	1	1	1	0	1	0	0	1	0	1	1	1	1	1	1	0	1	0	0	0	0	1
Mp2g07510	pos	0	0	1	1	0	0	1	0	1	0	1	1	1	0	0	0	0	1	0	1	1	1	1	0	0	0	1	1	1	1	1	0	0	0	0	1	1	0	0	0	1	1	0	0	0	0	1	0	1	1	1	0	0	0	0	0	1	1	0	1	0	1	0	1	0	0	0	0	1
Mp2g08290	pos	0	1	1	0	1	0	0	0	1	1	0	0	1	0	1	1	1	0	1	1	0	0	1	0	0	0	0	0	1	1	1	0	0	1	0	1	1	1	0	0	0	1	0	1	0	0	1	1	1	1	0	1	1	0	1	1	1	1	1	0	1	0	1	1	1	1	1	0	1
Mp2g09200	pos	0	1	1	1	0	0	1	0	0	0	0	1	0	0	0	1	1	0	1	0	0	0	0	0	0	0	1	1	1	0	1	1	0	1	0	0	1	0	0	0	1	1	0	1	1	0	1	1	1	0	0	1	1	1	0	1	0	0	1	1	0	1	1	1	0	0	1	0	1
Mp2g09560	pos	1	0	0	1	0	0	1	1	0	0	0	0	0	0	0	1	0	0	0	0	1	1	0	0	0	1	0	0	0	0	0	0	0	0	0	0	0	0	0	0	1	1	1	0	1	1	0	1	1	0	0	0	0	0	0	0	1	0	1	0	1	0	1	0	0	1	0	1	1
Mp2g09820	pos	0	0	0	0	0	0	1	0	0	0	0	1	1	0	0	0	0	0	1	0	0	1	0	0	0	0	0	0	1	0	0	0	0	1	0	0	0	1	0	0	1	1	1	1	1	0	0	1	0	1	0	0	0	0	1	0	0	1	0	0	1	0	1	1	1	0	1	0	0
Mp2g10090	pos	0	0	0	0	1	0	1	0	0	0	0	0	1	0	1	1	0	0	1	1	0	1	1	0	0	0	0	0	1	0	1	1	0	0	0	0	0	0	0	0	1	1	0	1	0	0	1	1	0	0	0	1	1	1	0	1	0	0	0	0	1	0	1	1	0	0	1	0	1
Mp2g11960	pos	1	1	1	0	1	0	1	1	1	1	0	1	1	0	0	0	0	1	0	1	1	1	0	0	0	0	0	0	1	1	1	1	0	0	0	0	1	1	0	0	1	0	1	0	0	1	0	0	0	1	0	1	0	0	0	0	0	1	1	0	0	1	0	1	0	0	1	1	1
Mp2g12220	pos	1	1	0	1	1	0	1	1	1	1	0	1	0	0	1	1	1	0	0	0	1	1	1	0	0	1	0	0	1	0	1	0	1	0	0	1	1	1	1	0	0	0	1	0	1	1	0	1	1	1	1	1	1	1	1	0	1	0	1	0	0	1	1	1	0	0	1	1	1
Mp2g12940	pos	0	0	0	1	0	0	1	1	0	0	0	0	0	0	0	1	1	0	0	1	1	0	0	0	0	0	0	0	0	0	0	0	0	1	1	0	0	0	0	0	0	1	0	1	0	1	1	0	0	1	0	0	0	0	0	1	1	1	1	1	1	0	1	0	1	0	0	0	1
Mp2g13870	pos	0	0	1	1	0	0	1	1	0	0	1	0	1	0	0	0	0	0	0	0	1	0	1	0	1	1	0	0	0	1	0	1	0	0	0	1	1	0	0	1	0	1	1	0	1	1	1	1	1	0	0	0	1	0	1	0	1	1	1	1	0	0	0	1	1	0	0	0	1
Mp2g15690	pos	1	0	1	0	1	0	1	0	1	0	0	0	0	0	1	0	0	0	1	0	1	0	1	0	0	1	1	0	1	0	1	1	0	0	0	1	1	1	0	1	1	1	1	0	1	0	1	1	0	0	0	1	0	0	0	0	1	1	1	1	1	1	0	0	0	1	1	1	0
Mp2g15700	pos	1	1	0	1	0	0	1	1	1	1	1	0	1	0	1	1	0	0	0	1	1	0	0	1	0	1	0	0	0	0	1	1	1	0	0	0	1	1	0	0	0	1	1	1	1	1	0	1	0	1	1	0	0	0	1	1	1	1	1	1	1	0	1	1	0	0	1	1	1
Mp2g16130	pos	0	0	0	0	1	1	1	1	0	1	0	0	1	0	0	1	0	0	1	0	0	1	0	0	0	1	1	1	1	0	0	1	0	0	0	0	0	0	0	0	0	0	1	0	1	0	0	1	0	0	0	0	0	0	0	1	0	1	0	0	0	1	0	1	0	1	0	1	0
Mp2g17500	pos	0	0	0	0	0	0	1	1	0	1	0	0	0	0	1	1	1	0	1	0	1	0	1	0	0	1	1	0	0	1	1	1	0	0	0	0	1	1	1	1	1	0	0	0	1	1	1	1	1	1	1	0	0	0	0	0	1	0	1	1	1	1	0	0	0	1	1	1	1
Mp2g18080	pos	0	0	0	1	1	0	1	0	0	0	1	0	1	0	1	1	0	0	0	1	0	1	0	1	0	0	0	0	1	0	0	1	1	1	0	0	0	0	0	1	1	1	0	1	1	1	0	1	1	0	1	1	1	1	0	0	1	0	1	0	0	0	0	0	0	0	0	1	1
Mp2g18760	pos	0	0	0	0	1	0	0	0	1	0	0	0	0	0	1	0	0	0	0	1	1	0	0	0	0	0	0	0	0	0	1	1	0	1	0	1	1	1	1	0	1	1	1	1	1	0	0	1	1	0	0	0	1	1	1	0	1	0	1	1	1	1	1	0	1	0	1	0	1
Mp2g20470	pos	0	1	0	0	0	0	1	0	1	0	0	1	0	0	1	1	0	1	0	0	1	0	0	0	0	1	0	0	1	0	1	1	0	0	0	1	1	1	0	0	0	1	1	1	1	1	0	1	0	1	0	0	0	0	0	0	1	0	1	1	1	0	0	0	0	0	0	0	0
Mp2g21710	pos	0	1	0	1	1	0	1	0	0	0	1	0	0	0	1	0	0	0	1	0	1	1	1	0	0	0	0	0	1	0	1	0	0	0	0	0	1	1	0	1	0	1	1	0	0	0	0	0	0	0	1	0	0	0	1	0	1	0	1	1	1	0	1	0	0	0	1	1	1
Mp2g22350	pos	0	0	0	0	0	0	0	0	1	1	0	0	1	0	1	0	0	0	0	0	0	1	0	0	0	0	0	0	0	1	1	0	0	1	1	1	0	0	0	0	1	0	1	1	1	1	1	0	0	0	0	0	0	0	1	0	1	0	0	1	0	0	0	0	1	0	1	0	1
Mp2g24070	pos	1	0	0	1	0	0	0	0	1	0	0	1	1	0	0	0	1	0	1	0	0	1	1	0	1	0	1	0	0	0	1	0	0	0	0	1	0	1	0	0	1	1	1	0	0	0	1	1	1	1	0	1	0	0	0	0	0	1	0	1	1	0	1	1	1	0	0	1	0
Mp2g24490	pos	0	0	0	1	0	0	1	1	0	0	0	1	1	0	1	1	1	0	0	0	1	0	1	0	0	0	1	0	1	0	0	0	0	0	0	1	1	0	0	0	0	1	1	1	1	0	0	1	1	0	0	0	0	0	1	0	0	1	1	1	1	1	1	1	0	0	1	0	1
Mp2g25180	pos	0	0	1	1	1	1	0	0	1	0	0	1	1	0	1	1	1	0	0	0	1	1	0	0	0	0	1	1	0	1	1	1	0	0	0	0	1	1	0	0	0	1	1	1	1	1	1	1	1	1	0	0	1	0	0	0	1	1	1	1	1	1	1	1	0	0	1	0	0
Mp3g01320	pos	0	0	1	1	0	0	0	0	1	0	0	0	0	0	1	1	0	0	1	0	1	1	1	0	0	1	1	1	1	0	1	1	0	1	0	1	0	1	1	1	1	0	1	0	0	0	1	0	1	1	0	0	1	0	1	1	1	1	0	1	1	1	1	1	1	0	0	1	1
Mp3g01920	pos	0	0	1	1	0	0	0	0	1	1	0	1	1	0	1	1	1	1	1	0	1	1	1	0	0	0	0	0	0	0	1	1	0	0	0	1	1	1	1	0	1	1	1	0	1	1	1	1	1	1	1	1	0	0	0	0	1	1	1	1	1	0	1	1	1	1	1	0	1
Mp3g01940	pos	0	0	0	1	0	0	0	0	1	0	0	1	0	0	1	1	0	1	1	0	0	1	1	0	0	0	1	1	1	0	1	0	0	1	1	1	1	1	1	0	1	1	0	0	1	1	1	1	1	1	1	1	1	1	0	0	1	1	1	0	1	0	0	1	0	1	0	1	0
Mp3g03350	pos	0	0	0	0	1	0	0	0	1	1	0	0	1	0	0	0	0	1	0	0	0	0	1	0	0	0	0	0	0	0	1	0	0	0	0	0	0	0	0	0	1	0	1	1	1	1	1	1	0	0	0	0	0	0	0	1	1	1	1	1	1	1	1	0	0	0	0	0	1
Mp3g03530	pos	0	0	1	1	1	0	0	0	0	0	0	0	1	1	0	1	0	1	1	1	1	0	0	0	0	0	0	0	1	1	0	0	0	1	1	0	0	0	0	0	1	0	1	1	1	0	1	0	1	0	0	0	1	1	0	0	1	1	1	0	1	1	1	0	1	0	1	0	1
Mp3g06140	pos	0	0	1	1	0	0	1	0	0	1	0	0	0	0	0	1	0	0	1	0	1	0	0	0	0	0	1	1	0	0	1	0	0	0	0	0	1	0	0	1	1	1	0	1	1	1	0	1	0	0	1	0	0	0	0	0	0	1	0	1	1	1	0	0	0	0	0	1	1
Mp3g06560	pos	0	1	1	1	0	0	0	0	0	0	1	0	0	0	1	1	0	1	1	0	1	1	1	0	1	0	1	1	1	0	1	1	0	0	0	0	0	1	1	1	1	1	1	1	1	0	1	0	1	0	1	0	0	0	1	0	1	1	1	1	1	1	0	1	0	0	1	1	1
Mp3g06570	pos	0	0	0	1	0	0	1	1	0	1	0	0	1	0	0	1	1	1	1	1	1	1	0	1	0	1	0	0	1	0	1	1	0	1	0	1	1	0	0	0	0	0	1	1	1	0	0	1	1	0	0	0	1	0	0	0	1	0	1	1	1	1	1	1	0	1	0	1	0
Mp3g06650	pos	0	1	1	0	0	0	1	0	0	1	0	0	0	0	0	0	1	0	0	0	1	1	0	0	0	0	0	0	1	0	1	0	0	0	0	0	1	0	0	0	1	1	1	1	1	1	1	1	0	0	1	1	1	1	0	0	1	0	0	0	1	1	0	0	0	1	1	1	1
Mp3g06970	pos	0	0	1	1	0	0	1	0	1	0	0	1	0	0	0	0	1	0	1	0	0	1	1	0	0	0	1	1	0	1	1	0	0	1	0	1	1	1	1	0	1	1	0	1	0	1	1	1	0	0	1	0	1	1	1	0	1	1	0	1	1	1	0	0	0	1	1	1	1
Mp3g07690	pos	0	0	1	1	0	0	1	0	1	1	0	0	0	0	0	1	0	1	0	0	0	1	1	0	0	0	0	0	1	1	1	1	0	0	0	0	0	1	1	1	1	1	1	1	1	1	0	1	1	1	0	1	0	0	0	0	1	0	1	1	1	1	1	0	1	0	1	0	1
Mp3g10210	pos	1	1	0	1	1	0	1	1	1	0	0	1	1	0	1	1	1	1	0	0	1	0	0	0	0	0	0	0	1	1	0	1	0	0	0	1	1	1	1	1	0	1	1	0	0	1	1	1	1	0	0	1	1	1	1	0	1	0	1	1	1	1	0	1	0	0	1	1	1
Mp3g10220	pos	1	0	0	0	1	0	1	1	1	0	1	1	1	0	1	1	1	0	0	1	0	0	1	0	0	1	1	0	1	1	1	1	0	1	1	1	1	1	1	1	0	1	1	1	0	1	1	1	1	1	0	1	1	1	1	0	1	1	0	0	0	1	0	0	0	0	1	1	1
Mp3g10780	pos	0	0	1	0	0	0	0	0	0	0	0	0	0	0	1	0	1	1	0	0	1	1	0	1	1	0	1	1	0	1	1	1	1	0	0	0	0	0	0	1	1	0	0	1	1	0	0	1	1	0	1	0	0	0	1	0	0	1	0	1	0	1	0	1	1	0	1	1	0
Mp3g11280	pos	0	0	0	0	0	0	1	0	1	0	0	1	0	0	1	1	0	1	1	0	1	1	0	0	0	0	0	0	1	0	1	1	0	0	0	0	0	0	0	0	0	0	1	1	1	0	1	1	0	1	0	1	1	1	0	0	1	1	0	1	1	1	1	1	0	0	1	0	1
Mp3g11900	pos	0	0	0	0	0	0	0	0	1	0	0	1	0	0	0	1	0	0	0	0	0	1	1	0	0	0	0	0	0	0	0	0	0	0	0	1	1	0	0	1	0	1	0	1	1	1	1	1	0	0	0	1	1	0	0	0	1	1	0	0	0	1	0	0	0	0	1	1	1
Mp3g12570	pos	0	1	0	0	1	1	1	1	1	0	0	0	1	1	1	1	1	0	1	0	0	1	0	0	0	1	0	0	0	0	1	0	0	0	0	1	0	0	0	1	1	1	1	1	1	1	0	1	0	0	0	1	0	0	1	0	1	0	1	1	1	0	1	0	1	0	0	1	1
Mp3g12790	pos	0	0	0	1	1	1	0	0	1	1	0	1	0	1	1	1	1	0	0	0	1	1	0	0	0	0	1	0	0	1	0	0	0	1	1	1	0	0	0	0	1	1	1	1	0	1	1	0	1	0	1	0	1	1	0	0	1	0	0	1	1	0	1	0	1	0	1	1	0
Mp3g14660	pos	0	0	0	0	0	0	0	0	1	1	0	0	0	0	1	1	1	0	1	0	0	1	0	0	0	0	1	0	0	0	1	1	0	0	0	1	0	0	0	0	1	1	1	0	0	0	1	1	1	1	0	0	0	0	0	0	0	0	0	1	1	0	0	1	1	1	0	0	0
Mp3g14780	pos	0	1	0	1	1	1	1	0	1	0	0	1	0	0	1	1	1	0	0	0	0	0	0	0	0	0	0	0	1	0	0	0	0	1	0	1	0	0	0	0	1	0	1	1	1	1	1	0	1	0	1	0	0	0	1	0	0	1	0	1	1	1	1	0	0	1	1	1	1
Mp3g14900	pos	0	1	0	1	0	0	0	0	0	1	0	1	1	0	1	1	1	0	1	1	1	1	0	0	0	0	1	0	1	1	1	0	0	1	0	1	0	1	1	1	0	1	1	0	0	1	1	1	0	1	0	0	1	0	0	0	1	1	1	1	1	0	0	0	0	0	0	1	1
Mp3g15290	pos	1	0	1	0	0	0	1	1	1	0	0	1	1	0	1	1	0	0	1	0	0	0	1	0	0	0	0	0	0	0	1	1	0	1	0	1	0	0	0	0	1	1	1	1	0	1	0	1	1	1	1	1	0	0	1	1	1	1	1	0	1	1	1	1	1	1	1	0	1
Mp3g16340	pos	0	0	1	0	1	1	0	0	1	0	0	0	0	0	1	1	1	0	1	1	0	1	1	0	0	0	0	0	1	1	1	1	0	0	0	1	1	1	0	1	0	0	1	1	1	0	1	1	1	0	0	0	1	0	1	0	1	0	1	1	1	1	1	1	0	0	1	0	0
Mp3g16430	pos	1	0	1	1	1	1	0	0	1	0	1	0	0	0	1	0	0	1	1	1	0	1	0	0	0	0	1	1	1	0	0	1	0	1	1	1	0	1	0	0	1	1	0	1	1	1	1	1	0	1	1	0	0	0	1	0	1	0	0	1	1	0	0	0	1	0	1	1	1
Mp3g16520	pos	0	0	0	0	1	0	1	0	1	1	0	0	0	0	1	0	0	0	0	1	1	1	0	0	0	1	0	0	1	0	1	0	0	0	0	0	1	0	0	1	0	1	1	0	1	1	1	0	1	0	0	0	1	1	1	0	0	1	1	1	1	0	0	0	1	1	0	1	1
Mp3g16770	pos	0	0	1	1	1	1	0	0	0	0	0	1	1	0	1	1	1	0	1	0	0	1	1	0	0	0	0	0	0	0	1	1	0	0	0	0	0	0	0	1	1	0	1	0	1	0	1	1	0	1	0	0	0	0	0	0	0	1	0	0	1	1	1	1	0	0	1	1	1
Mp3g18050	pos	0	1	0	1	0	0	0	0	0	0	1	0	0	0	1	1	0	0	0	1	1	1	1	0	1	1	1	1	1	0	0	0	0	0	0	1	1	1	1	0	1	0	1	1	0	1	0	1	1	1	1	1	0	0	1	0	1	0	1	0	1	0	1	1	0	1	1	0	1
Mp3g19350	pos	0	0	0	1	0	0	1	1	1	0	0	0	0	0	0	0	1	1	0	0	1	1	0	0	0	1	0	0	0	0	0	1	0	1	0	1	0	0	0	0	0	1	1	1	0	0	1	0	0	1	1	1	0	0	1	1	0	0	1	0	0	1	0	0	0	0	0	1	1
Mp3g19390	pos	0	1	0	1	1	0	1	1	1	1	0	1	0	0	0	1	1	0	1	1	0	1	0	0	0	1	1	1	1	1	1	1	0	1	0	0	1	1	1	1	0	1	0	1	1	1	1	1	1	1	1	0	0	0	1	1	0	1	1	0	1	1	1	0	1	0	1	1	1
Mp3g19610	pos	0	0	1	0	0	0	0	0	0	0	0	1	0	0	1	1	1	0	0	0	1	1	1	0	1	1	0	0	1	0	1	0	0	0	0	0	0	0	0	0	1	0	1	1	1	0	1	1	0	0	0	0	0	0	1	1	1	0	1	1	0	1	1	1	1	0	1	0	0
Mp3g20750	pos	0	0	1	1	0	0	1	0	1	0	0	1	0	0	1	0	1	0	1	0	1	1	0	0	0	0	1	0	1	0	0	0	0	1	1	1	1	0	0	1	1	1	0	1	1	0	1	0	0	1	0	1	1	0	0	0	1	1	1	1	1	0	1	1	0	1	1	0	1
Mp3g22220	pos	0	0	1	1	0	0	1	0	0	0	0	0	1	0	1	1	1	0	1	1	1	1	1	0	1	1	1	0	1	1	1	0	0	1	1	1	1	1	1	0	1	1	0	1	1	0	1	1	1	1	0	1	1	1	1	1	1	0	1	0	1	0	1	1	1	0	1	0	0
Mp3g22240	pos	0	1	0	0	0	0	1	0	1	0	0	0	0	0	1	1	0	1	1	0	1	1	1	0	0	0	1	0	0	1	1	0	0	1	0	1	1	1	1	1	0	0	1	1	1	0	0	1	1	0	0	1	1	0	0	1	1	0	0	1	1	1	1	1	1	1	1	0	1
Mp3g25440	pos	0	0	1	1	0	0	0	0	1	0	0	1	0	0	0	1	1	0	0	0	1	1	1	0	0	1	1	0	0	1	0	1	0	0	0	1	0	0	0	0	1	1	1	0	1	1	1	1	1	0	1	0	0	0	1	0	1	0	1	1	1	1	0	1	0	0	1	1	1
Mp3g25450	pos	1	0	1	1	0	0	1	0	1	0	1	1	0	0	1	0	0	0	1	0	0	1	1	0	0	0	1	0	1	0	0	1	0	0	0	1	1	1	0	1	1	0	1	1	1	1	1	0	1	1	1	1	0	0	1	1	0	1	0	1	1	0	1	0	1	0	0	1	1
Mp4g00380	pos	1	0	0	0	0	0	1	1	1	0	0	1	0	0	1	1	1	1	0	0	1	1	0	0	1	0	1	1	0	0	1	1	0	1	0	1	0	1	0	0	1	0	0	1	1	1	1	1	1	1	0	0	0	0	0	0	1	1	0	0	1	0	0	0	1	0	1	0	0
Mp4g00520	pos	0	0	1	1	1	0	1	1	1	0	1	1	0	0	1	1	1	1	1	0	1	1	0	0	0	1	1	1	1	0	1	0	0	0	0	1	1	0	0	1	0	0	1	1	1	1	1	1	1	1	1	0	0	0	0	1	1	0	1	1	1	1	1	1	0	0	1	1	0
Mp4g02090	pos	0	0	1	1	1	1	0	0	1	1	0	0	0	0	1	1	0	0	1	0	1	1	1	0	0	1	0	0	1	1	1	0	0	1	0	1	1	1	1	1	0	1	1	1	0	1	1	1	1	1	0	0	0	0	0	1	1	1	1	1	1	0	0	1	1	0	0	1	1
Mp4g03120	pos	1	1	0	1	1	1	1	0	1	0	1	1	1	0	1	0	0	1	0	1	0	1	0	0	0	0	0	0	0	0	0	0	0	0	0	0	1	0	0	0	1	1	1	1	1	1	0	0	1	1	0	0	0	0	0	1	1	1	0	0	0	0	0	1	1	0	0	1	1
Mp4g04230	pos	0	0	0	0	0	0	1	0	0	0	0	1	0	0	0	0	0	1	1	0	1	1	0	0	0	0	0	0	0	0	1	0	0	0	0	0	0	0	0	0	0	0	1	1	1	1	0	1	0	0	0	1	0	0	1	0	0	0	1	0	1	1	1	1	1	1	0	0	0
Mp4g05170	pos	1	0	1	1	0	0	1	0	1	0	1	0	0	0	1	1	1	0	1	1	0	0	1	0	0	1	1	0	0	0	1	1	0	1	0	1	0	1	1	0	0	1	1	0	1	1	0	0	1	1	0	0	1	1	0	0	1	1	1	1	0	1	1	0	1	0	1	0	1
Mp4g05440	pos	0	0	1	0	0	0	1	0	0	1	0	0	0	0	1	1	0	0	1	1	0	1	0	1	0	1	0	0	1	0	1	1	0	1	0	1	0	1	1	0	1	1	0	0	0	1	0	1	0	1	0	0	1	0	1	0	0	0	1	1	1	1	0	0	0	0	1	1	0
Mp4g05450	pos	1	0	1	0	0	0	1	1	0	0	0	1	0	0	0	0	0	0	0	1	1	1	1	1	1	1	0	0	0	0	0	1	0	1	0	0	0	0	0	0	0	0	1	1	0	1	1	0	0	1	0	0	1	0	1	0	1	0	1	1	1	1	1	1	0	1	1	0	1
Mp4g06000	pos	0	0	1	0	1	1	1	0	1	1	0	1	0	0	1	0	1	0	1	0	1	1	1	0	0	0	1	0	1	0	0	0	0	0	0	0	1	1	0	0	1	1	1	1	1	1	1	1	0	1	0	0	0	0	1	0	1	0	1	0	1	1	1	1	0	0	1	0	0
Mp4g06290	pos	0	1	0	0	0	0	1	0	1	0	0	0	1	0	1	0	0	1	1	0	1	1	0	0	0	1	0	0	1	0	1	1	0	1	0	1	0	0	0	0	1	1	1	1	0	0	0	1	1	0	0	1	1	0	0	0	1	0	1	1	1	1	1	1	1	0	0	0	0
Mp4g07950	pos	0	1	0	0	0	0	1	1	1	0	0	0	0	0	1	1	0	0	1	1	0	0	1	0	0	1	1	0	0	0	1	1	0	1	1	1	1	1	0	0	0	0	1	1	0	1	1	1	0	1	0	0	0	0	0	1	1	1	1	0	1	1	0	1	0	0	1	0	1
Mp4g08670	pos	1	0	1	1	0	0	1	0	1	1	0	1	0	0	1	1	1	0	1	1	0	1	0	0	0	0	0	0	1	0	1	1	0	0	0	0	1	1	0	1	1	1	1	0	0	0	1	1	1	1	0	0	1	1	0	1	1	1	0	1	1	1	1	0	1	1	1	0	1
Mp4g08770	pos	1	0	1	1	0	0	0	0	0	1	0	1	1	0	1	0	1	1	0	0	0	1	0	0	0	1	1	0	0	0	1	1	0	1	0	0	0	1	0	0	1	1	1	1	0	0	1	0	1	1	0	1	0	0	0	0	1	1	1	1	1	1	1	1	0	1	1	1	1
Mp4g09230	pos	0	1	1	1	0	0	1	0	0	0	1	1	1	0	0	0	1	0	0	0	1	1	0	0	0	0	0	0	1	0	1	1	0	0	0	1	0	0	0	0	1	1	1	1	1	1	1	0	1	0	1	0	0	0	1	1	1	0	0	0	1	0	1	1	1	1	0	1	1
Mp4g09410	pos	0	0	0	1	0	0	1	0	1	0	1	0	1	0	1	1	0	0	1	0	0	1	1	0	1	1	1	0	0	0	1	1	0	0	0	0	1	0	0	0	1	1	1	1	1	0	0	0	1	1	0	1	0	0	1	0	1	0	1	1	1	1	1	1	1	0	1	1	0
Mp4g10510	pos	0	1	0	1	0	0	1	0	0	0	0	0	1	0	1	1	1	0	0	0	0	1	0	0	0	0	0	0	0	1	1	0	0	0	0	0	1	1	0	0	0	1	0	0	1	1	1	0	1	0	1	1	0	0	0	1	1	1	1	1	1	0	0	0	1	0	1	1	1
Mp4g11600	pos	0	0	0	1	0	0	1	1	1	1	0	0	0	0	0	0	1	0	0	0	1	0	0	0	0	0	0	0	0	0	1	1	0	0	0	0	0	1	0	0	1	1	1	1	1	1	1	1	1	0	0	0	1	0	0	0	1	1	1	1	0	1	1	1	1	0	1	1	1
Mp4g12800	pos	0	0	1	1	0	0	0	0	1	0	0	0	0	0	0	0	1	1	0	0	1	1	0	0	0	1	0	0	0	0	0	1	1	0	0	1	1	0	0	0	0	0	1	1	1	1	1	1	0	0	1	0	0	0	0	0	0	0	1	0	1	0	1	0	0	0	0	1	1
Mp4g12810	pos	0	1	1	0	0	0	1	0	1	1	0	0	0	0	0	1	1	1	0	0	0	1	0	0	0	0	0	0	1	0	1	0	1	0	0	0	1	0	0	1	0	1	1	1	1	1	1	1	0	1	1	0	0	0	0	1	0	1	1	1	1	0	1	0	0	0	1	1	0
Mp4g13480	pos	0	0	1	1	1	1	1	0	1	0	0	0	0	0	0	1	0	0	1	0	0	1	1	1	0	0	0	0	1	0	1	1	0	0	0	0	0	1	0	1	1	1	1	1	1	0	0	1	1	1	0	1	1	0	1	0	0	1	0	1	1	1	1	0	1	1	1	1	1
Mp4g13720	pos	0	0	1	0	0	0	0	0	0	1	0	0	1	0	1	0	0	0	0	0	1	1	1	0	0	0	0	0	1	0	1	0	0	1	1	1	0	1	0	0	0	1	1	1	0	1	1	0	1	1	0	1	1	1	0	1	1	0	0	0	0	1	1	0	1	0	0	0	0
Mp4g13730	pos	0	0	1	0	1	0	1	0	0	0	0	0	1	0	1	1	0	1	1	0	0	1	1	0	0	1	0	0	0	0	1	0	0	0	0	1	0	1	0	0	0	0	1	1	1	0	0	1	0	0	0	0	0	0	0	0	0	1	1	1	1	1	1	0	1	0	1	0	1
Mp4g13840	pos	0	0	1	1	1	0	0	0	0	0	0	1	0	1	1	1	1	0	0	1	1	0	1	0	0	1	0	0	1	1	1	0	0	0	0	0	1	0	0	1	0	0	0	1	1	0	1	1	1	0	1	0	1	1	0	0	1	1	0	1	1	0	0	1	0	0	1	1	1
Mp4g14980	pos	0	0	1	0	0	0	1	0	1	0	0	0	1	0	1	1	1	0	0	1	1	0	1	0	0	0	0	0	0	1	1	0	1	0	0	0	0	0	0	1	0	1	1	1	1	1	1	1	1	0	1	0	1	1	0	0	1	1	0	1	1	0	0	0	1	0	0	0	0
Mp4g15010	pos	0	0	1	0	1	0	1	0	1	0	1	0	0	1	1	1	1	0	1	0	0	1	0	0	1	0	1	0	0	0	1	0	0	0	0	0	1	0	0	0	1	0	0	1	1	0	1	0	0	0	0	0	0	0	0	1	0	1	0	1	1	1	0	0	0	0	1	1	1
Mp4g16030	pos	0	0	1	1	1	0	0	0	0	0	0	1	1	0	1	1	1	1	1	0	1	1	0	0	0	1	0	0	0	1	0	1	0	0	0	0	1	1	0	0	1	1	0	1	1	0	1	1	1	1	1	1	1	1	1	1	0	0	1	1	1	0	1	1	1	0	0	0	0
Mp4g17420	pos	1	0	0	1	0	0	0	0	1	0	0	1	0	0	1	0	1	1	0	0	0	1	0	0	0	0	1	1	0	0	1	1	0	0	0	1	0	1	1	0	1	0	1	1	1	1	1	1	1	1	0	1	0	0	1	0	1	0	1	1	1	1	1	0	0	0	1	0	1
Mp4g18210	pos	0	0	0	1	1	1	1	0	1	0	0	0	0	1	1	1	1	0	1	0	0	1	0	0	0	0	1	0	1	0	1	0	0	1	0	1	0	1	1	0	1	0	0	0	0	1	0	1	1	0	0	0	0	0	0	1	1	0	0	0	1	0	0	1	0	1	1	0	0
Mp4g22280	pos	0	0	1	0	1	0	1	0	0	1	1	1	0	0	1	0	0	1	0	0	0	1	0	0	0	1	0	0	1	0	1	0	0	1	1	0	1	0	0	0	0	1	1	0	0	1	0	1	1	0	0	0	0	0	0	0	0	1	0	1	1	1	0	0	0	1	1	1	1
Mp4g23370	pos	0	1	1	0	1	0	1	1	1	0	0	0	1	1	1	0	1	0	1	1	1	1	1	0	0	0	1	1	0	1	0	0	0	1	0	0	1	1	0	0	0	0	1	1	1	1	1	1	0	0	0	0	0	0	0	1	0	1	1	0	1	1	1	1	1	0	1	0	1
Mp4g23480	pos	0	0	0	1	1	0	0	0	1	0	0	1	0	0	1	1	1	0	1	1	0	1	1	0	0	0	1	0	1	1	0	1	0	0	0	1	0	1	1	0	0	0	1	0	0	0	0	1	1	0	0	0	0	0	0	0	0	0	1	1	1	1	0	0	1	0	1	0	1
Mp5g00470	pos	0	1	1	1	1	0	0	0	1	0	1	0	0	1	0	1	1	0	1	0	1	1	0	0	0	0	1	0	1	0	1	1	0	0	0	1	1	0	0	1	0	1	1	0	0	0	1	0	1	1	0	0	1	0	0	0	0	1	1	0	1	1	1	0	1	0	0	0	1
Mp5g00560	pos	0	0	0	1	1	1	1	1	0	0	0	1	0	0	1	1	0	0	1	0	1	1	0	0	1	1	0	0	1	0	1	1	0	0	0	0	1	0	0	0	0	1	1	1	0	1	0	0	1	0	0	0	1	1	1	1	0	1	1	1	1	0	0	1	1	1	0	1	0
Mp5g00590	pos	1	1	0	0	1	1	1	0	1	1	0	1	0	1	1	0	0	1	0	0	0	0	1	0	1	1	1	0	0	1	1	0	0	0	0	0	1	1	0	0	0	1	1	0	1	1	1	1	0	1	1	0	1	1	0	1	1	1	1	0	0	0	1	1	1	1	0	1	1
Mp5g02800	pos	0	1	0	0	0	0	1	0	0	0	0	0	0	0	1	0	1	0	1	0	1	1	1	0	0	0	0	0	0	1	0	1	0	0	0	0	1	1	0	0	1	0	1	0	0	1	1	0	0	1	0	0	1	0	1	1	1	0	0	0	1	0	1	0	1	0	1	0	1
Mp5g04070	pos	0	0	0	0	0	0	0	0	0	0	0	0	1	0	1	1	1	0	0	0	0	1	1	1	1	0	1	0	0	1	0	0	0	1	1	0	0	1	0	0	0	0	1	0	0	0	1	1	0	1	0	1	0	0	0	0	0	0	0	0	1	1	0	0	0	0	0	0	0
Mp5g04760	pos	0	0	1	0	1	0	1	0	0	0	0	0	0	0	1	1	1	0	1	0	1	1	0	0	0	0	0	0	1	0	1	1	0	0	0	0	1	0	0	0	0	0	0	1	1	0	0	1	0	0	1	0	0	0	0	1	1	0	1	1	0	0	0	0	0	0	0	0	1
Mp5g05730	pos	0	0	1	1	0	0	0	0	1	0	0	1	0	0	0	1	0	1	0	0	0	1	0	0	0	0	0	0	0	0	0	0	0	0	0	0	1	1	0	1	1	1	1	1	1	1	1	0	0	0	1	0	0	0	0	1	0	1	1	1	1	1	1	1	0	0	0	1	1
Mp5g05830	pos	0	0	1	1	0	0	0	0	1	0	0	0	1	0	1	1	0	0	1	0	1	0	0	0	1	0	0	0	0	1	1	0	0	0	0	0	1	0	0	1	1	0	1	1	1	0	1	1	1	0	0	1	1	1	0	0	0	0	0	1	0	0	0	1	0	0	1	1	1
Mp5g06710	pos	0	0	1	1	1	1	1	1	0	0	1	0	0	0	0	1	1	0	0	0	1	1	0	0	0	0	1	1	1	0	0	0	1	0	0	1	1	1	0	0	1	1	1	1	1	1	0	1	1	1	1	0	1	0	1	1	0	0	1	1	1	1	0	1	0	1	1	1	1
Mp5g06970	pos	0	0	0	0	0	0	1	0	0	1	0	0	0	0	1	0	0	0	1	0	1	1	1	0	0	0	1	1	0	0	0	0	0	1	0	1	1	0	0	1	1	0	1	0	1	1	0	0	1	1	0	0	1	0	0	1	0	1	0	0	1	0	1	1	0	0	1	0	0
Mp5g07440	pos	0	0	0	1	0	0	0	0	1	1	0	1	1	0	1	1	0	0	0	1	0	1	0	0	0	1	0	0	1	0	1	0	0	0	0	0	0	0	0	0	1	0	1	0	0	0	1	1	1	1	0	1	0	0	0	0	0	0	1	1	1	1	1	0	1	1	1	1	0
Mp5g08910	pos	0	0	0	1	0	0	0	0	1	1	0	0	0	0	1	0	0	1	1	0	1	1	0	0	0	0	0	0	1	1	0	1	0	0	0	1	0	0	0	0	0	0	1	0	0	1	0	1	1	0	0	1	0	0	1	0	1	0	0	1	0	0	1	0	1	0	1	1	1
Mp5g09450	pos	0	0	1	1	0	0	1	0	0	0	0	0	1	0	0	0	1	0	0	0	1	1	1	0	0	0	1	0	1	0	1	0	0	0	0	0	1	1	1	0	0	0	1	1	1	1	1	0	1	0	0	1	0	0	0	0	1	1	1	1	0	0	1	1	0	0	1	0	1
Mp5g09760	pos	0	0	1	1	0	0	1	0	1	0	1	0	0	0	0	1	1	0	1	1	0	1	1	0	1	0	0	0	1	0	1	0	0	0	0	1	1	0	0	1	1	1	0	1	0	1	1	1	1	1	1	0	0	0	0	0	1	1	0	0	1	1	0	1	0	0	0	1	1
Mp5g09910	pos	0	0	1	1	0	0	1	1	0	0	0	1	0	0	0	0	1	0	1	0	1	1	1	0	0	0	1	1	0	1	1	1	0	0	0	0	1	1	0	0	0	1	1	1	0	0	1	1	1	0	0	0	1	0	1	0	1	0	0	1	0	0	0	1	0	0	0	0	1
Mp5g10120	pos	0	0	0	0	1	1	0	0	0	1	1	0	0	0	1	0	1	0	0	0	1	0	0	0	0	0	0	0	1	0	0	0	0	1	0	0	0	0	0	0	0	0	1	0	1	0	0	0	1	0	0	1	0	0	0	0	0	1	1	0	0	0	1	0	0	0	1	1	1
Mp5g10600	pos	0	0	0	1	1	1	1	0	0	0	0	0	1	1	1	0	1	1	1	1	1	1	1	0	1	1	1	0	1	0	1	0	0	0	0	0	0	0	0	0	0	1	0	1	1	0	1	1	0	0	1	0	1	0	0	0	0	1	1	0	1	1	1	1	0	1	0	0	0
Mp5g10690	pos	0	0	1	1	0	0	1	1	1	1	0	0	1	0	0	1	1	1	0	1	0	1	0	0	0	1	0	0	1	0	1	1	0	1	1	0	0	0	0	0	1	0	1	1	0	0	1	1	1	0	1	0	0	0	1	0	1	1	1	1	1	1	1	1	1	0	0	0	0
Mp5g11410	pos	1	0	1	1	0	0	1	0	0	0	0	1	0	0	1	1	0	0	1	0	0	1	0	0	0	1	0	0	1	1	0	1	0	0	0	1	0	1	0	0	0	0	0	0	1	1	0	0	1	1	1	1	1	0	1	1	0	0	1	1	1	1	1	1	1	0	1	1	1
Mp5g11440	pos	0	0	0	1	0	0	1	0	1	0	1	1	0	0	1	0	0	1	0	0	1	1	0	0	1	0	0	0	1	0	0	1	0	0	0	0	1	0	0	0	1	1	1	1	0	0	0	0	0	1	0	0	0	0	0	0	1	1	0	0	0	0	0	0	0	0	0	1	0
Mp5g13350	pos	0	1	0	1	0	0	1	1	0	0	0	0	1	0	0	0	0	0	0	0	0	1	0	0	1	0	0	0	0	0	0	1	0	0	0	0	1	0	0	1	1	1	1	0	1	0	0	1	0	0	0	0	0	0	1	0	1	1	0	1	1	0	1	1	1	0	0	1	0
Mp5g14050	pos	1	0	0	0	0	0	1	0	1	0	0	0	0	0	1	1	1	1	0	0	0	1	0	0	0	0	0	0	1	0	0	0	0	1	1	0	1	0	0	1	1	1	0	1	1	1	0	1	0	0	0	0	0	0	1	0	1	0	1	0	1	0	1	0	1	0	1	0	1
Mp5g14320	pos	0	0	0	0	0	0	0	0	1	0	0	0	0	0	0	0	1	0	0	0	1	0	1	0	1	0	0	0	1	0	0	0	0	0	0	0	0	0	0	0	1	1	0	1	0	0	0	0	0	0	1	0	1	0	1	1	1	0	1	0	1	0	1	1	0	1	1	1	0
Mp5g15390	pos	1	0	0	1	0	0	1	0	1	0	0	0	0	0	1	0	0	0	1	0	0	1	1	0	0	0	0	0	0	0	0	1	0	0	0	1	0	1	0	0	1	0	1	1	0	0	1	1	1	0	1	0	1	1	0	1	0	0	1	1	1	1	0	1	1	0	1	0	1
Mp5g15620	pos	1	1	1	0	1	0	1	1	0	1	1	1	0	0	1	1	1	1	1	1	0	0	0	0	0	1	1	0	1	0	1	1	0	1	1	0	1	1	1	0	1	1	1	1	0	1	1	1	0	1	1	1	1	0	1	1	1	0	1	1	1	0	1	1	0	0	1	0	0
Mp5g18250	pos	0	0	1	1	0	0	1	0	1	0	0	0	1	0	0	1	0	0	0	0	1	0	0	1	0	0	0	0	0	0	0	0	1	1	0	1	1	1	0	0	0	0	1	1	0	0	1	0	1	0	1	0	1	0	1	0	1	1	1	1	1	1	1	1	1	0	1	1	1
Mp5g18910	pos	0	0	0	1	0	0	1	0	1	0	0	1	0	0	0	1	0	0	1	0	1	1	0	0	0	1	0	0	1	1	1	1	0	0	0	0	0	0	0	0	1	1	0	1	0	1	0	1	0	0	0	1	0	0	0	1	1	1	1	0	1	1	1	0	1	0	1	0	1
Mp5g19190	pos	1	0	1	0	0	0	1	0	1	0	0	0	0	0	0	1	1	0	1	1	1	0	1	0	0	1	1	0	0	1	0	0	0	0	0	1	1	0	0	0	1	0	1	1	1	1	0	1	1	0	1	1	0	0	1	0	1	1	0	1	1	1	0	1	0	1	1	1	1
Mp5g19630	pos	0	0	0	1	1	0	1	0	0	0	0	0	0	1	1	1	0	1	0	0	0	0	1	0	0	0	1	0	1	0	0	0	0	0	0	0	1	1	1	0	0	1	0	0	1	0	0	0	0	0	0	0	0	0	0	1	1	0	0	0	0	0	1	0	0	1	1	1	1
Mp5g19970	pos	0	0	1	0	1	0	1	1	0	0	0	0	0	0	0	0	1	0	1	1	1	1	1	0	1	0	1	0	1	1	1	1	0	1	1	1	1	1	1	0	0	1	1	1	1	1	1	1	1	0	0	1	0	0	0	1	0	1	1	1	1	1	1	1	0	0	1	1	1
Mp5g21020	pos	0	0	0	1	0	0	0	0	0	0	0	0	0	0	0	0	0	1	0	0	0	1	1	0	0	0	0	0	1	0	0	1	0	0	0	0	1	0	0	0	1	0	0	1	1	0	0	0	0	1	0	1	0	0	1	0	1	1	0	0	0	1	1	0	0	0	1	0	0
Mp5g23550	pos	0	1	0	0	0	0	1	0	0	0	0	0	1	0	0	1	0	0	0	0	1	1	1	0	0	1	1	1	1	0	0	1	0	0	0	1	1	1	0	0	1	0	1	1	1	0	1	0	0	1	0	1	1	0	0	0	1	1	1	1	0	1	0	1	1	1	0	0	0
Mp5g24130	pos	0	0	1	1	1	1	1	1	1	1	0	1	0	0	1	1	0	1	0	0	0	0	0	0	0	0	1	1	0	0	1	1	0	0	0	0	0	0	0	0	0	1	1	1	0	1	1	1	1	1	1	0	1	0	1	0	1	0	0	1	0	1	0	1	0	0	0	0	1
Mp5g24400	pos	0	0	0	1	0	0	1	0	1	0	1	0	1	0	1	1	1	0	0	0	0	1	1	0	0	0	1	1	1	0	1	1	0	0	0	0	1	0	0	0	1	0	1	1	1	0	1	1	1	1	0	1	1	0	1	0	1	1	1	0	1	1	1	1	1	1	0	0	1
Mp5g24420	pos	0	0	1	0	0	0	1	0	1	0	0	0	1	0	1	1	1	0	0	0	0	1	1	0	0	1	1	0	1	0	1	1	0	0	0	1	1	0	0	0	1	0	1	1	1	0	0	1	1	0	0	0	1	0	1	0	1	1	1	0	1	1	0	1	1	1	0	1	1
Mp6g00130	pos	1	0	1	0	0	0	0	0	1	1	0	1	0	0	0	1	0	0	0	0	1	1	0	0	0	1	0	0	0	0	0	0	1	1	1	0	1	0	0	1	1	1	1	0	0	1	1	1	1	0	1	0	0	0	1	0	1	1	1	1	1	1	1	0	0	1	1	1	1
Mp6g01550	pos	1	1	1	0	0	0	0	0	1	0	0	0	0	0	1	1	1	1	1	1	1	1	0	0	0	0	0	0	0	0	1	1	0	0	0	0	1	1	0	0	1	0	1	1	1	1	1	1	0	1	0	1	1	1	1	0	0	0	1	1	0	1	1	0	0	0	0	0	1
Mp6g02020	pos	1	1	0	1	1	1	0	0	1	0	0	0	1	1	0	1	0	1	0	0	1	0	1	0	1	0	1	1	1	0	0	0	0	0	0	0	0	0	0	0	1	0	1	1	0	1	1	1	1	1	0	0	0	0	0	0	0	1	1	1	1	1	1	0	0	1	1	0	1
Mp6g02860	pos	0	0	0	1	0	0	1	1	0	0	1	1	0	0	1	1	1	1	1	0	0	0	0	1	1	1	1	0	0	1	0	0	0	0	0	0	0	0	0	0	1	1	1	1	1	0	1	0	1	0	1	0	0	0	0	1	1	0	1	1	1	0	1	0	1	0	1	1	1
Mp6g03310	pos	0	1	1	1	0	0	1	1	1	0	1	0	0	0	1	0	0	0	1	0	1	1	1	0	1	0	1	0	0	0	0	1	0	0	0	0	1	0	0	0	1	1	1	1	1	1	0	0	1	0	0	0	0	0	1	1	0	1	0	0	1	0	1	0	1	0	0	1	0
Mp6g03790	pos	1	0	0	1	0	0	1	0	1	0	0	0	0	0	0	0	1	0	1	0	0	1	0	0	0	0	1	1	0	0	0	1	0	0	0	0	0	0	0	0	0	1	1	1	1	1	1	1	1	1	1	0	0	0	0	0	1	0	0	1	0	1	0	0	1	0	1	0	1
Mp6g04880	pos	0	0	0	1	1	1	1	1	0	0	0	1	0	1	0	1	1	0	0	0	1	1	0	0	0	0	1	0	1	1	0	0	1	1	1	1	1	0	0	0	0	1	1	0	0	0	0	0	1	1	1	1	0	0	0	1	1	1	0	0	0	0	1	0	0	0	0	0	1
Mp6g05730	pos	0	1	0	1	0	0	1	0	0	0	1	1	0	0	0	0	0	0	0	0	1	1	1	0	0	0	0	0	0	0	1	1	0	0	0	1	0	1	0	0	1	0	1	1	1	0	1	0	1	1	1	1	0	0	0	1	1	1	1	1	0	1	1	0	1	1	1	0	0
Mp6g07560	pos	0	0	1	1	0	0	1	1	0	1	0	1	1	0	1	1	0	1	0	0	0	1	0	1	0	1	0	0	0	0	1	0	0	1	0	0	1	1	1	0	0	0	1	0	1	0	1	1	1	1	1	1	0	0	1	0	1	1	1	1	1	1	0	0	0	1	1	1	1
Mp6g09420	pos	0	0	1	1	0	0	1	1	1	0	0	0	0	0	0	0	1	0	0	0	1	1	1	0	0	1	0	0	0	0	0	0	0	0	0	0	1	1	0	1	0	1	1	1	0	1	1	0	1	1	0	1	0	0	0	0	0	1	1	0	1	1	1	1	1	0	1	0	1
Mp6g11340	pos	0	0	1	0	0	0	0	0	0	0	0	1	0	0	0	1	0	0	1	0	1	1	0	1	0	0	0	0	0	0	1	1	0	0	0	1	1	1	0	1	1	1	1	1	0	1	1	1	1	1	0	0	0	0	1	1	1	0	0	1	1	1	1	0	1	1	0	1	1
Mp6g11780	pos	0	0	0	1	1	1	1	0	1	0	0	0	1	0	1	1	1	0	1	1	0	1	0	0	0	0	0	0	1	1	0	0	0	0	0	0	0	0	0	1	1	0	1	0	0	0	0	0	0	0	0	1	0	0	0	0	1	0	1	1	1	0	1	0	0	1	1	1	1
Mp6g12090	pos	0	0	0	1	0	0	0	0	1	0	1	0	1	0	1	1	1	0	0	1	0	0	0	0	0	0	0	0	0	0	1	1	0	1	1	0	1	0	0	1	0	1	0	0	0	1	1	0	0	0	0	0	0	0	0	0	0	0	0	1	1	1	1	0	1	0	1	0	0
Mp6g12330	pos	0	0	1	1	0	0	1	0	1	0	1	0	1	0	1	0	1	0	1	0	1	1	0	0	0	0	1	1	0	0	1	1	0	1	0	0	0	1	0	0	1	0	1	1	1	1	0	0	1	1	0	0	0	0	1	0	0	0	1	1	0	1	1	1	0	1	1	0	1
Mp6g12970	pos	0	0	1	0	0	0	1	1	0	0	0	0	1	0	0	0	1	1	1	0	1	1	1	0	0	0	1	0	0	0	1	1	0	0	0	0	0	0	0	1	0	1	0	0	1	0	0	0	0	1	1	0	0	0	0	0	0	0	0	0	1	0	1	0	0	1	1	0	1
Mp6g13910	pos	1	0	0	1	1	0	1	1	0	0	0	0	0	0	1	1	1	1	1	1	0	0	0	0	0	0	1	0	0	0	1	1	0	0	0	0	0	1	0	0	0	1	1	1	0	0	1	1	0	0	0	1	0	0	1	0	0	1	1	0	1	1	0	0	0	0	1	0	1
Mp6g14340	pos	0	0	1	1	0	0	1	0	0	0	0	1	0	0	0	1	0	0	1	0	1	1	1	0	0	0	0	0	1	0	1	1	0	0	0	0	1	1	0	0	1	1	1	0	1	0	0	1	1	0	0	0	1	1	1	0	1	0	1	1	1	0	0	1	1	0	1	0	1
Mp6g15110	pos	0	0	0	0	0	0	0	0	0	0	0	0	0	0	1	0	1	0	0	0	0	0	0	0	0	0	1	0	1	0	0	0	1	1	1	1	0	1	0	0	1	0	1	1	0	0	1	0	0	0	1	0	0	0	1	0	1	0	1	0	1	1	1	1	1	0	0	0	0
Mp6g15680	pos	0	0	0	1	0	0	1	0	0	0	1	0	0	0	1	1	0	0	1	0	0	0	0	0	0	0	0	0	0	0	0	0	0	0	0	1	0	0	0	0	1	0	0	0	0	1	0	1	0	0	1	0	1	0	0	0	0	0	0	0	1	0	0	1	1	1	1	0	0
Mp6g15810	pos	0	0	1	1	1	0	1	0	0	1	0	0	1	0	1	0	1	0	1	0	0	1	0	0	0	0	0	0	0	0	0	1	0	1	0	0	1	1	1	0	1	0	0	1	1	0	1	0	0	0	0	1	1	0	1	1	1	0	1	0	1	0	0	0	1	1	0	0	1
Mp6g15820	pos	0	0	1	0	1	0	1	0	1	0	0	1	0	0	1	1	1	0	0	0	0	1	0	0	0	0	1	1	0	0	0	0	0	0	0	0	0	0	0	0	1	0	1	1	1	1	0	1	1	0	0	1	1	0	1	0	1	0	1	1	1	1	0	0	0	0	0	0	0
Mp6g16500	pos	0	0	0	1	1	1	1	0	0	1	0	1	0	1	1	0	0	0	1	0	0	1	0	0	0	0	1	0	1	0	0	0	0	0	0	0	1	0	0	0	0	1	1	0	1	1	0	1	0	1	0	0	0	0	0	0	0	0	0	0	0	0	1	0	0	0	1	0	0
Mp6g17260	pos	0	0	0	1	0	0	1	0	1	0	0	1	0	0	0	0	1	0	0	0	1	1	0	0	0	0	1	0	0	0	1	0	0	0	0	1	1	1	0	1	1	1	0	1	0	1	1	1	1	0	1	0	1	0	1	1	1	1	1	1	1	1	1	1	1	0	1	0	1
Mp6g17890	pos	1	1	1	0	0	0	1	1	1	0	0	0	0	0	1	0	0	0	0	0	0	0	1	0	0	1	1	1	0	1	1	1	0	1	0	1	0	1	1	0	0	0	1	1	1	0	1	1	1	1	0	0	0	0	1	1	1	0	1	1	1	1	1	0	1	0	1	0	1
Mp6g18940	pos	1	0	0	1	0	0	0	0	0	0	1	1	0	0	0	1	0	0	0	1	0	1	0	0	0	1	0	0	1	0	1	0	0	0	0	0	1	0	0	0	0	1	1	1	1	0	1	1	0	1	0	1	0	0	1	1	1	1	1	1	1	1	0	1	1	1	1	0	1
Mp6g19040	pos	0	1	1	1	0	0	1	1	1	1	0	1	0	0	1	1	1	0	1	0	0	1	0	0	1	1	1	0	1	0	1	0	1	1	1	1	0	0	0	0	1	0	0	0	1	0	1	1	1	1	1	1	1	1	1	0	1	0	1	0	1	1	1	1	0	0	1	0	1
Mp6g19530	pos	0	0	1	1	1	0	1	0	0	0	0	1	1	0	1	0	0	0	1	1	0	0	1	0	0	0	0	0	1	0	0	1	0	1	0	0	1	1	1	0	0	0	0	1	0	1	0	0	0	1	1	1	1	1	0	1	0	1	1	1	1	1	1	0	0	0	1	0	1
Mp7g01230	pos	0	1	0	1	0	0	0	0	0	1	1	1	0	0	1	0	0	0	0	0	0	0	0	0	1	0	0	0	0	1	0	1	0	1	0	0	0	0	0	0	0	0	1	0	1	1	0	1	1	0	0	0	1	0	1	1	0	0	1	0	1	1	0	0	0	0	1	0	1
Mp7g01390	pos	1	1	1	0	1	0	1	1	1	1	0	0	0	0	1	1	1	0	1	0	1	1	1	0	0	1	0	0	1	0	0	0	0	0	0	0	1	0	0	0	1	1	0	1	1	0	1	0	1	0	0	0	0	0	0	0	0	0	1	0	1	1	1	1	0	1	1	0	1
Mp7g01950	pos	1	0	1	0	0	0	1	0	0	1	0	0	0	0	1	0	1	0	0	0	1	1	1	1	0	0	1	0	0	0	0	0	0	0	0	0	0	0	0	0	1	0	1	0	0	0	1	0	0	0	0	1	0	0	0	1	1	0	0	0	1	0	1	0	0	1	0	1	1
Mp7g02470	pos	0	1	1	1	1	0	1	1	1	0	1	1	0	0	0	0	0	0	0	1	1	0	1	0	1	1	0	0	0	1	1	1	1	0	0	1	0	1	0	0	0	1	1	1	1	0	1	1	1	1	1	0	1	0	1	0	0	1	1	1	1	0	1	0	0	1	0	1	1
Mp7g03030	pos	0	0	0	1	0	0	1	0	1	0	1	1	0	0	1	1	0	0	0	0	0	1	0	0	0	1	1	0	1	0	0	0	0	0	0	0	1	1	1	1	1	1	1	0	0	1	1	1	0	1	0	0	0	0	1	0	0	0	1	0	1	1	1	0	0	0	1	0	1
Mp7g04650	pos	0	1	1	1	0	0	1	1	1	0	0	1	1	0	1	0	0	1	1	1	1	1	1	1	1	0	1	1	1	0	1	0	0	1	0	1	0	1	0	0	1	0	1	1	1	0	1	0	0	1	1	0	1	1	1	0	1	1	1	1	1	0	0	0	1	0	0	1	1
Mp7g05050	pos	0	0	1	0	1	0	1	1	0	0	0	1	1	0	1	0	0	0	1	0	0	1	1	0	0	1	0	0	0	0	0	1	0	0	0	0	0	0	0	0	1	0	1	1	0	1	1	1	1	1	1	1	1	1	1	0	1	1	0	1	0	1	1	1	1	0	0	1	1
Mp7g05170	pos	0	0	1	0	0	0	0	0	0	0	1	0	1	0	1	0	0	0	1	0	0	1	0	0	0	0	0	0	0	0	0	1	0	0	0	0	0	0	0	0	0	1	1	1	1	0	1	1	1	0	0	0	0	0	1	1	1	0	1	1	1	0	0	0	1	0	0	0	1
Mp7g06880	pos	0	0	0	1	1	0	1	1	0	0	1	0	1	1	1	1	1	0	1	0	1	1	1	0	1	0	1	0	0	0	0	0	0	0	0	0	1	1	0	0	1	0	0	1	1	0	1	0	0	0	0	0	0	0	1	0	1	0	0	0	1	0	0	0	1	0	1	0	1
Mp7g07330	pos	1	1	1	1	0	0	1	0	1	0	0	1	0	0	0	1	1	0	1	1	1	1	1	0	0	0	1	0	1	0	0	1	0	1	0	0	0	1	0	1	1	1	1	0	1	0	1	0	1	1	1	0	0	0	0	0	1	0	1	1	1	0	0	0	0	0	1	1	1
Mp7g08760	pos	0	0	1	1	0	0	1	1	0	1	1	1	0	0	1	1	1	0	0	0	0	1	1	1	0	1	1	1	1	0	0	1	1	0	0	1	1	0	0	1	1	1	1	1	1	0	1	0	1	1	1	0	0	0	1	0	1	0	1	0	1	1	1	1	1	0	0	1	1
Mp7g09070	pos	0	1	1	1	1	1	1	0	1	0	0	0	0	0	1	1	1	0	1	0	0	0	0	0	0	0	0	0	1	0	0	1	0	0	0	0	1	1	0	0	1	0	0	1	1	0	0	0	1	1	1	0	1	0	0	0	1	0	1	1	0	0	0	0	0	0	1	1	1
Mp7g10420	pos	0	0	1	0	1	1	1	1	1	0	1	0	0	1	0	1	1	1	1	0	1	1	1	1	0	0	1	1	1	0	0	1	0	0	0	1	1	0	0	0	1	1	1	1	1	0	1	1	0	0	1	0	1	0	1	0	1	1	1	1	0	1	0	0	1	0	1	1	1
Mp7g10800	pos	0	0	0	1	0	0	0	0	0	1	0	0	0	0	1	1	0	0	1	0	1	1	1	0	0	1	0	0	0	0	1	0	0	1	0	0	1	0	0	1	1	1	0	0	1	1	1	1	1	0	1	0	1	0	0	1	0	0	1	1	0	1	1	1	0	0	0	0	1
Mp7g11790	pos	0	0	0	0	0	0	1	0	0	0	0	0	0	0	1	0	0	0	1	0	0	1	1	0	0	0	1	0	0	0	1	0	0	0	0	0	1	1	0	0	1	1	0	0	1	0	0	1	1	1	0	0	0	0	0	0	0	0	0	0	0	0	1	1	0	0	1	0	0
Mp7g12080	pos	0	0	1	0	1	0	0	0	1	0	1	0	1	0	0	1	0	0	0	0	0	1	0	0	0	0	1	0	0	0	1	1	1	1	1	0	0	0	0	0	0	0	0	0	1	1	1	1	0	1	1	1	0	0	1	0	0	0	1	1	1	1	0	0	1	1	0	1	1
Mp7g15180	pos	0	1	1	1	1	0	1	1	0	0	0	0	0	0	1	1	1	0	0	0	1	1	1	0	0	0	1	0	0	0	1	1	0	1	1	0	1	1	0	1	1	1	0	0	0	0	1	0	1	1	0	0	1	1	1	0	1	1	0	0	1	0	1	1	1	0	1	1	0
Mp7g18470	pos	1	0	0	0	0	0	0	0	1	0	0	0	1	0	1	1	1	0	1	0	0	1	1	0	0	0	0	0	0	0	1	1	0	0	0	0	0	1	0	0	0	0	0	1	1	0	1	1	1	0	0	0	1	0	1	1	0	0	1	1	1	1	1	1	0	0	1	0	1
Mp7g19220	pos	0	1	0	0	1	1	1	1	1	0	0	1	1	0	1	1	1	0	1	0	0	0	0	0	0	0	1	0	1	1	0	1	1	0	0	1	1	0	0	0	0	1	1	0	0	1	1	1	1	1	1	0	1	0	1	1	1	1	1	0	0	1	1	1	1	0	0	0	1
Mp7g19700	pos	0	0	0	0	0	0	1	1	1	0	0	0	1	0	1	1	0	0	0	1	1	0	1	0	0	0	0	0	1	1	0	0	0	0	0	0	1	0	0	0	1	1	1	0	1	0	1	0	1	0	0	0	0	0	0	0	1	0	1	1	1	0	0	1	1	1	1	0	1
Mp8g00040	pos	0	1	0	0	1	0	0	0	1	0	0	0	1	0	0	0	1	0	0	1	1	1	0	0	0	0	0	0	0	0	0	1	0	1	0	0	0	0	0	0	0	1	1	0	0	1	0	0	1	0	1	0	0	0	0	1	1	1	1	1	1	0	0	1	0	1	1	1	0
Mp8g00560	pos	1	0	0	0	0	0	0	0	1	0	0	0	1	0	1	1	1	0	0	1	0	1	0	0	0	0	0	0	0	0	0	1	0	1	1	0	1	0	0	0	0	1	1	0	1	1	1	1	1	0	1	1	0	0	1	1	0	1	1	0	0	0	0	0	1	0	1	1	1
Mp8g00860	pos	0	0	1	1	1	0	1	1	1	1	0	0	0	0	1	0	0	0	1	1	1	1	0	0	0	1	1	1	1	0	0	1	0	0	0	1	0	0	0	0	1	0	1	1	1	1	0	0	1	0	0	0	0	0	1	1	1	1	1	1	0	1	0	0	1	0	1	1	1
Mp8g00920	pos	0	0	1	0	0	0	1	0	1	0	0	0	0	0	1	1	1	0	0	0	1	1	0	0	0	0	0	0	0	0	1	0	0	0	0	0	0	0	0	1	0	1	1	1	1	1	1	1	1	0	0	0	0	0	0	0	1	1	0	1	0	1	0	0	0	0	1	0	0
Mp8g01250	pos	0	0	0	1	1	1	0	0	1	0	0	0	0	0	0	1	1	1	1	0	0	1	1	0	0	0	0	0	0	0	0	1	0	0	0	1	0	0	0	0	1	1	0	1	1	0	1	1	0	0	0	1	1	0	0	0	1	0	0	1	1	1	0	1	1	0	1	1	0
Mp8g01830	pos	0	0	0	0	1	1	1	1	0	0	0	0	0	1	1	1	0	0	0	0	0	0	1	0	0	1	0	0	1	0	0	1	1	0	0	0	1	1	1	1	0	1	1	1	0	0	0	0	1	0	1	0	1	0	1	0	1	0	1	0	1	0	1	0	1	0	1	0	1
Mp8g01920	pos	0	0	0	1	0	0	1	0	1	0	0	1	0	0	1	0	0	1	1	0	1	1	0	0	0	0	0	0	1	0	1	1	0	0	0	1	1	1	1	0	0	0	0	0	1	1	0	1	0	1	1	0	0	0	1	0	1	1	0	1	1	1	1	0	0	0	1	0	1
Mp8g02500	pos	0	0	0	0	0	0	1	1	1	0	0	0	1	0	0	1	0	0	0	0	0	1	0	0	0	1	0	0	1	0	1	1	0	1	0	1	1	0	0	0	0	0	1	0	1	1	1	1	1	1	1	0	1	0	1	1	1	1	0	0	1	0	1	0	1	0	0	0	1
Mp8g02710	pos	1	0	1	1	1	1	1	0	0	0	1	1	0	1	1	1	1	1	1	0	1	1	0	0	0	0	0	0	0	1	1	1	1	0	0	1	0	0	0	1	1	1	1	1	1	0	1	0	1	1	1	0	1	1	1	1	0	1	1	1	1	0	0	0	1	0	1	0	1
Mp8g02740	pos	1	0	1	0	1	0	0	0	1	0	0	1	0	0	0	1	0	0	1	1	0	1	0	0	0	0	0	0	0	0	1	1	0	0	0	0	1	1	0	0	1	0	1	1	1	0	0	1	1	1	1	1	0	0	0	0	1	1	0	1	0	1	0	1	0	0	1	1	1
Mp8g02760	pos	0	0	1	1	1	1	1	1	1	1	0	0	1	1	0	1	0	0	0	0	0	0	1	0	0	1	1	0	0	0	0	0	0	0	0	1	0	1	1	0	0	1	1	1	1	0	1	0	0	1	0	0	0	0	0	0	1	0	1	0	1	0	1	0	0	0	1	0	0
Mp8g02770	pos	0	0	1	1	1	0	1	0	1	0	1	1	0	1	1	0	1	1	1	0	1	0	1	0	0	0	0	0	0	0	1	0	1	0	0	1	0	0	0	1	1	1	1	1	1	0	1	0	1	1	1	0	1	0	0	1	0	1	1	0	1	1	1	1	0	1	0	0	1
Mp8g03310	pos	0	0	1	1	1	0	0	0	0	1	1	0	0	0	0	1	1	0	1	1	1	0	0	0	0	0	1	0	0	0	1	0	1	1	0	1	1	0	0	0	1	1	1	1	0	0	1	1	1	0	1	0	0	0	1	0	1	0	0	0	1	1	0	0	1	0	1	0	1
Mp8g03370	pos	0	1	1	0	1	0	1	0	0	1	0	1	0	0	1	0	1	0	0	1	1	1	0	0	0	0	0	0	0	0	0	1	0	0	0	1	0	0	0	0	0	0	0	1	0	1	0	0	0	1	0	0	0	0	0	1	1	1	1	1	1	1	1	0	1	0	0	0	1
Mp8g05050	pos	0	1	0	1	1	1	1	0	1	0	0	0	1	0	1	1	1	0	0	1	1	0	1	0	0	1	1	1	1	0	1	1	0	1	0	1	0	1	1	0	0	0	1	1	1	1	1	1	0	0	1	0	1	0	1	0	0	1	1	1	1	1	0	1	1	1	1	1	1
Mp8g05670	pos	0	1	1	0	0	0	1	0	1	0	0	0	0	0	1	1	0	1	0	1	0	1	0	0	0	0	0	0	0	1	1	1	0	1	0	0	1	0	0	0	1	1	1	0	1	1	0	1	1	0	0	1	1	1	1	1	1	0	1	1	1	1	1	1	1	1	1	0	1
Mp8g06260	pos	0	0	0	0	1	1	1	0	1	0	0	0	1	0	1	0	1	1	1	0	1	1	0	0	0	0	1	0	1	0	1	0	0	0	0	1	0	1	1	0	1	1	0	0	1	0	0	1	1	0	0	0	1	0	1	1	1	0	0	1	1	1	1	0	1	0	0	1	1
Mp8g09420	pos	0	0	0	0	0	0	1	0	1	1	0	0	0	0	0	1	0	0	0	1	0	0	0	0	0	0	1	0	0	0	0	1	1	0	0	0	0	1	0	0	1	0	0	0	0	1	0	1	0	0	1	0	0	0	0	0	0	0	1	1	1	1	1	0	0	1	1	1	1
Mp8g10080	pos	0	0	0	1	1	0	1	0	1	1	0	1	0	1	1	1	0	1	1	0	0	1	1	0	1	1	1	1	0	0	0	1	0	0	0	0	0	0	0	1	0	1	1	0	1	1	1	0	1	1	1	0	0	0	0	0	1	0	1	1	1	0	0	0	0	0	1	1	0
Mp8g12170	pos	1	0	0	0	0	0	1	0	0	0	0	0	0	0	1	1	1	1	1	1	0	1	1	0	0	0	1	0	1	0	0	0	1	0	0	1	1	1	1	0	0	1	1	1	1	0	0	0	1	1	1	1	0	0	0	0	1	0	1	0	1	0	0	1	0	1	1	0	1
Mp8g12350	pos	0	0	0	0	0	0	1	0	1	0	0	0	0	0	0	1	0	0	0	0	0	1	0	0	0	0	0	0	0	0	1	0	0	0	0	0	0	0	0	0	0	1	1	0	1	0	0	0	0	0	0	1	0	0	0	0	1	0	0	1	0	0	0	0	1	0	1	0	1
Mp8g14500	pos	0	0	1	1	0	0	1	1	1	0	0	0	0	0	1	0	1	0	0	0	0	1	0	1	0	1	0	0	0	0	1	1	0	0	0	0	0	0	0	0	1	1	0	0	1	1	1	0	1	0	0	0	1	0	1	0	1	0	1	1	1	1	0	1	0	1	0	1	1
Mp8g14540	pos	0	0	0	1	1	1	1	0	1	0	0	1	0	0	0	0	0	0	0	1	0	1	1	0	0	0	1	0	0	1	1	0	0	0	0	0	0	0	0	1	0	1	0	1	0	0	0	1	0	1	0	0	0	0	1	0	0	1	0	0	1	1	0	0	1	0	0	0	1
Mp8g14910	pos	0	0	0	1	0	0	1	0	0	0	0	0	0	0	1	1	0	0	1	0	1	1	1	0	1	0	1	0	0	0	0	0	0	0	0	0	1	1	0	0	0	1	0	0	1	1	0	1	0	1	1	1	0	0	1	0	1	0	0	0	0	0	1	1	1	0	1	1	1
Mp8g16270	pos	0	0	1	0	0	0	1	1	1	0	0	1	1	0	1	1	0	0	1	0	1	0	0	0	0	0	1	1	1	0	1	0	0	0	0	1	1	0	0	1	1	1	0	0	1	1	1	0	1	1	0	0	0	0	0	1	0	1	1	0	1	0	0	0	0	0	0	0	1
Mp8g17810	pos	1	0	0	1	0	0	1	0	1	1	0	0	0	0	0	0	1	0	1	0	0	1	0	0	0	0	1	0	1	0	0	1	0	0	0	1	1	1	0	1	0	0	1	0	1	0	0	0	1	0	0	0	1	0	0	1	0	1	1	0	0	0	0	1	0	1	0	1	1
Mp8g17820	pos	0	1	1	1	0	0	1	1	1	0	1	0	1	0	0	0	0	0	0	0	1	1	0	0	0	0	1	1	0	0	0	0	0	0	0	1	0	0	0	0	0	0	1	1	1	1	1	1	0	0	0	0	0	0	1	0	1	0	0	0	1	0	0	0	1	0	1	1	1
Mp8g19020	pos	1	0	1	0	1	0	1	1	1	0	0	0	0	1	0	0	0	0	0	0	0	1	0	1	0	1	0	0	0	0	0	0	0	1	1	1	1	0	0	1	1	1	1	1	0	0	0	1	1	0	0	1	0	0	1	0	0	0	0	1	1	0	1	0	1	1	1	1	1
MpVg00610	pos	0	1	1	1	1	1	1	0	1	0	0	0	0	0	1	1	1	0	0	0	1	1	0	0	0	0	1	0	0	0	0	0	1	0	0	0	1	1	0	0	1	1	1	1	1	1	1	1	1	1	1	0	0	0	0	0	0	1	0	1	1	1	0	0	0	1	1	1	0
Mpzg00230	pos	0	0	0	0	1	0	1	0	1	1	0	1	0	1	1	1	0	0	1	1	1	0	0	0	0	0	0	0	0	0	0	1	0	1	0	1	1	0	0	0	1	0	1	1	1	1	0	0	1	1	1	1	1	1	0	0	1	1	0	1	0	1	1	0	1	0	1	0	0
Mpzg00260	pos	0	1	0	0	0	0	1	1	1	0	1	1	0	0	0	1	0	0	1	0	0	1	0	0	0	1	0	0	1	0	0	1	0	0	0	1	0	0	0	1	0	1	1	0	1	0	0	0	0	1	0	0	0	0	0	0	1	0	1	0	1	1	1	0	0	0	0	0	1
Mpzg01290	pos	0	0	0	0	0	0	1	1	1	0	0	0	1	0	1	1	1	0	0	0	1	1	0	0	0	1	1	0	0	0	1	0	0	1	0	0	1	1	0	0	1	1	0	1	1	0	0	1	1	1	1	0	1	1	0	0	0	1	1	0	1	1	1	0	1	0	1	1	1
Mp1g00490	neg	0	0	0	0	0	0	0	0	0	0	0	1	0	0	1	1	1	0	0	0	0	1	1	0	0	1	1	1	0	0	1	1	0	0	0	1	0	1	0	0	1	1	1	0	1	1	0	1	1	1	0	0	0	0	1	1	0	0	1	1	0	1	1	1	1	1	1	1	1
Mp1g00680	neg	1	0	1	1	0	0	0	0	0	0	0	0	0	0	0	0	1	0	0	0	0	1	0	0	0	1	0	0	1	0	1	0	0	0	0	0	0	0	0	0	0	1	1	0	0	0	0	1	0	0	1	0	1	0	1	0	0	0	0	1	0	1	0	0	0	0	0	1	1
Mp1g01100	neg	0	1	0	0	1	0	1	0	0	0	0	0	0	0	0	1	0	0	1	1	0	1	0	0	0	0	0	0	0	0	0	0	0	0	0	0	0	0	0	1	1	0	1	1	1	0	0	0	0	0	0	0	0	0	0	0	0	0	1	1	0	0	0	0	0	0	0	0	0
Mp1g02230	neg	0	0	0	0	0	0	1	1	0	0	0	0	0	0	1	0	0	0	1	0	1	1	0	0	0	0	1	0	0	0	1	0	0	0	0	0	0	0	0	1	1	1	1	0	1	0	0	0	0	0	0	0	0	0	0	0	1	1	1	0	1	0	0	0	0	0	0	1	0
Mp1g03260	neg	0	0	1	0	0	0	1	1	0	1	0	0	0	0	1	1	0	1	0	1	0	0	1	0	0	0	0	0	1	0	0	0	0	1	0	0	0	0	0	0	0	1	0	1	1	1	0	0	1	1	0	0	0	0	1	0	1	1	0	1	1	1	0	1	1	0	1	0	0
Mp1g03540	neg	0	0	1	0	0	0	0	0	1	0	1	1	0	0	0	0	0	0	1	0	0	1	1	0	0	1	1	1	0	0	1	0	0	0	0	1	0	0	0	0	0	0	1	1	0	1	0	1	0	1	0	0	0	0	1	0	0	0	1	1	0	1	0	0	1	0	1	0	1
Mp1g05420	neg	1	0	1	0	1	0	0	0	0	1	0	1	0	0	1	0	0	0	1	0	0	0	0	0	0	0	0	0	0	0	0	1	1	0	0	1	1	1	0	0	1	0	1	0	0	0	1	0	0	1	1	1	1	1	0	1	0	1	1	1	0	0	0	0	0	0	1	0	1
Mp1g07450	neg	0	0	0	0	1	0	0	0	1	1	1	0	0	0	1	1	0	0	0	1	0	0	1	0	0	0	0	0	0	0	0	0	0	0	0	0	0	0	0	0	1	0	0	0	1	1	1	0	0	0	0	0	1	0	0	0	0	1	0	1	0	1	1	1	0	0	1	0	1
Mp1g07490	neg	0	0	0	0	0	0	0	0	0	0	0	0	0	0	0	1	0	0	0	1	0	0	0	0	0	0	0	0	0	0	0	1	0	0	0	1	0	0	0	0	1	0	0	0	0	1	0	1	0	0	0	0	0	0	0	0	0	0	1	0	0	0	0	0	1	1	1	0	1
Mp1g08320	neg	0	0	1	0	0	0	0	0	1	0	0	0	0	0	0	0	0	0	0	0	0	0	1	0	0	0	1	0	1	0	0	1	0	0	0	1	0	1	1	0	1	1	1	1	1	0	1	0	0	1	1	0	0	0	0	0	1	1	0	0	1	0	0	1	0	0	0	1	0
Mp1g08900	neg	0	0	0	0	0	0	1	0	0	0	0	0	1	0	1	1	1	1	0	0	0	1	0	0	0	1	0	0	1	1	0	0	0	0	0	0	1	0	0	0	0	0	0	1	0	0	0	1	0	1	1	0	1	1	0	0	0	1	1	1	0	0	0	1	0	0	1	0	1
Mp1g10710	neg	0	0	0	1	1	0	1	0	0	0	0	0	0	0	1	1	1	0	0	1	0	0	0	0	0	1	0	0	0	1	1	0	0	0	0	0	1	0	0	0	1	0	0	0	0	0	1	1	0	1	0	0	0	0	1	0	0	1	1	1	0	1	1	0	0	0	0	0	0
Mp1g10760	neg	0	1	1	0	0	0	0	0	1	0	0	0	1	0	0	0	1	0	1	0	0	1	0	0	0	1	0	0	0	0	0	0	0	1	1	1	1	0	0	0	0	1	0	0	0	0	1	1	0	0	0	1	0	0	0	0	0	0	1	0	0	0	1	1	0	0	1	0	0
Mp1g10890	neg	0	1	0	1	0	0	1	0	1	0	0	0	0	0	1	0	0	0	1	0	1	0	0	0	0	0	0	0	1	0	0	0	0	0	0	0	1	0	0	0	0	0	0	1	1	1	0	0	0	0	1	0	0	0	1	1	1	1	0	1	0	1	0	0	0	0	1	1	1
Mp1g11400	neg	0	0	0	0	0	0	1	0	1	0	0	1	1	0	0	1	0	0	0	0	0	1	0	0	0	0	0	0	0	0	1	1	0	0	0	0	0	0	0	1	0	0	1	1	1	0	0	1	0	1	1	1	0	0	0	0	1	0	0	1	1	1	0	0	0	0	0	0	1
Mp1g11950	neg	0	0	1	1	0	0	0	0	0	0	0	1	0	0	0	0	1	0	1	0	0	0	0	0	0	1	1	1	1	1	1	0	0	1	0	0	0	1	0	1	1	1	1	1	0	1	1	1	1	1	0	0	0	0	0	0	1	0	1	1	1	0	1	0	0	1	0	1	1
Mp1g12020	neg	0	0	0	0	0	0	1	0	0	0	0	0	0	0	0	0	0	1	1	0	1	1	0	0	0	0	0	0	0	1	1	0	0	1	0	1	0	0	0	0	0	1	1	0	0	1	1	1	1	0	0	0	0	0	1	1	1	0	1	0	1	1	0	1	0	1	1	1	0
Mp1g12700	neg	0	0	0	1	1	0	0	0	0	0	0	0	0	0	1	1	0	0	1	1	1	1	1	0	0	1	0	0	0	0	0	0	0	0	0	0	0	0	0	0	0	0	1	0	1	0	1	0	0	0	0	0	1	0	0	0	1	1	0	0	0	0	1	0	0	0	0	0	1
Mp1g12950	neg	0	0	0	1	1	0	0	0	0	0	1	1	1	0	0	1	0	0	1	0	1	0	1	0	0	0	0	0	0	0	0	0	1	0	0	0	0	0	0	0	1	1	1	1	0	1	0	1	0	0	1	1	0	0	1	0	0	1	0	0	1	0	1	1	1	0	0	1	1
Mp1g14440	neg	0	0	0	1	1	0	0	0	0	0	1	0	1	0	1	1	0	0	0	0	0	0	0	0	0	0	1	0	0	0	1	0	0	0	0	1	0	1	0	1	1	0	0	0	0	0	1	1	0	1	0	0	1	1	0	0	1	1	0	0	1	1	0	0	1	0	1	0	0
Mp1g14510	neg	0	1	1	1	1	1	1	0	0	0	1	0	1	0	0	0	0	0	0	0	0	1	1	0	1	0	1	0	1	0	1	1	0	1	0	0	1	1	0	0	0	0	1	0	0	0	0	1	1	1	0	1	0	0	1	0	1	0	0	0	1	0	1	1	1	1	1	0	1
Mp1g14560	neg	0	0	1	0	0	0	0	0	1	0	0	0	1	0	0	1	0	0	0	0	1	1	0	0	0	0	0	0	1	0	0	1	1	0	0	0	1	0	0	0	0	1	1	1	0	0	1	1	1	0	1	0	0	0	1	0	0	0	0	0	1	0	0	0	0	1	0	1	0
Mp1g14590	neg	0	0	0	1	0	0	0	0	0	1	0	0	0	0	1	1	1	0	0	0	0	1	1	0	0	0	0	0	0	0	0	0	0	1	0	1	0	0	0	0	1	1	1	0	0	0	1	0	1	0	0	0	1	0	0	0	1	1	0	0	1	0	1	0	0	0	0	0	1
Mp1g15130	neg	0	0	1	1	1	0	1	0	1	0	0	1	0	0	1	1	0	0	0	0	1	0	0	0	0	0	0	0	0	0	1	0	0	0	0	1	1	0	0	1	1	1	1	0	1	1	0	1	1	0	1	0	1	0	1	0	1	1	1	1	1	1	1	0	0	1	0	0	0
Mp1g15500	neg	0	0	1	0	0	0	1	0	1	0	0	1	1	0	1	1	1	0	0	0	1	0	1	0	0	0	1	0	0	0	0	0	0	1	0	0	1	0	0	0	1	1	1	0	0	0	1	0	0	0	1	1	0	0	0	0	0	0	0	0	1	0	1	1	0	0	1	0	1
Mp1g15910	neg	0	0	1	1	0	0	1	1	1	0	0	1	1	0	0	1	0	0	0	0	1	0	0	0	0	0	1	0	1	0	0	1	0	0	0	0	0	1	0	0	1	0	1	1	1	1	1	0	0	1	0	1	0	0	0	0	1	1	0	1	1	0	1	0	1	0	0	0	0
Mp1g16070	neg	0	0	1	0	0	0	1	1	0	0	0	0	0	0	0	0	1	0	0	0	1	1	0	0	0	0	0	0	1	1	0	1	0	1	1	0	0	0	0	1	0	0	1	0	1	0	1	0	0	0	0	0	0	0	0	0	0	0	0	0	1	1	0	1	0	1	1	1	0
Mp1g16290	neg	0	0	1	0	1	0	0	0	0	0	0	0	0	0	1	0	1	0	0	0	0	1	1	0	0	0	0	0	1	0	1	1	0	1	0	0	0	0	0	0	0	0	0	0	1	0	1	0	0	1	0	0	1	0	1	0	0	1	0	0	1	0	0	1	0	0	1	0	1
Mp1g16990	neg	0	0	1	1	0	0	1	0	1	0	0	0	0	0	1	1	0	0	0	0	0	1	1	0	0	0	1	0	0	0	0	1	1	0	0	1	1	1	1	0	1	0	0	0	1	0	1	0	0	0	1	0	0	0	0	0	1	0	1	0	1	1	1	1	0	0	1	0	1
Mp1g17040	neg	0	0	1	0	0	0	1	0	0	0	0	0	1	0	1	0	0	0	1	0	1	1	1	0	0	1	1	0	0	0	0	0	0	0	0	0	1	0	0	0	0	0	1	1	1	0	1	0	1	1	1	1	0	0	0	0	1	0	1	1	1	1	1	0	0	0	1	0	0
Mp1g17740	neg	0	0	1	1	0	0	1	0	1	1	1	1	1	0	1	1	0	0	1	1	0	1	1	0	0	1	1	0	1	0	1	0	0	0	0	1	0	0	0	0	1	1	0	1	1	1	0	0	1	0	0	0	0	0	0	0	0	1	0	0	0	0	1	1	1	0	1	0	1
Mp1g17980	neg	0	1	1	0	0	0	1	1	1	0	0	0	0	0	1	1	1	0	1	1	1	1	0	0	0	0	1	0	0	0	1	1	0	0	0	1	0	1	0	0	0	0	1	0	1	1	1	1	0	1	0	0	1	1	0	0	1	0	0	0	0	1	0	0	1	0	1	1	1
Mp1g18110	neg	0	1	0	1	0	0	1	0	0	0	0	0	1	0	1	1	0	0	0	0	1	1	0	0	0	0	0	0	0	0	0	1	0	1	0	0	1	0	0	1	1	1	1	0	1	1	0	0	0	0	1	0	0	0	1	0	1	0	0	1	0	0	1	1	0	0	1	0	0
Mp1g18280	neg	0	0	0	0	0	0	0	0	1	0	0	0	0	0	0	1	0	0	0	1	1	1	0	0	0	0	0	0	0	1	0	0	0	0	0	0	0	0	0	0	0	0	0	1	1	1	1	1	1	0	0	0	1	0	0	1	0	0	0	1	0	0	1	0	0	0	0	1	1
Mp1g20340	neg	0	0	1	1	0	0	0	0	0	0	0	0	0	0	1	0	1	0	0	0	1	1	0	0	0	0	0	0	0	0	1	0	0	1	0	0	0	1	0	0	1	1	0	0	1	0	1	1	0	1	0	1	1	1	0	0	0	0	0	1	0	1	1	0	0	0	0	0	0
Mp1g20540	neg	0	0	0	0	0	0	1	1	0	0	0	0	0	0	1	0	0	1	1	0	0	1	1	0	0	0	1	1	0	0	1	0	0	0	0	1	1	1	0	0	0	1	1	1	1	1	0	1	0	1	0	0	0	0	0	0	0	1	1	0	0	1	1	1	1	0	0	0	0
Mp1g20710	neg	0	0	0	1	0	0	1	0	0	1	0	0	0	0	0	1	0	0	1	1	0	1	0	0	0	0	1	0	1	0	0	0	0	0	0	1	0	0	0	0	1	1	0	1	0	1	1	1	0	0	0	1	0	0	1	0	0	0	1	1	0	1	0	0	1	0	0	0	0
Mp1g21780	neg	1	0	1	1	1	0	0	0	1	0	1	0	0	1	0	1	1	0	0	0	1	1	1	0	0	0	1	0	1	0	0	0	0	0	0	0	0	1	0	0	0	0	1	0	1	0	0	1	1	0	0	0	1	0	1	0	0	1	1	0	1	1	1	1	1	1	1	0	1
Mp1g22210	neg	0	0	1	1	1	0	0	0	0	0	0	1	0	0	1	0	1	0	0	1	0	1	1	0	0	0	0	0	0	0	1	1	0	0	0	0	1	0	0	1	1	1	1	0	1	1	0	1	1	0	0	0	1	1	1	0	1	0	0	0	1	0	1	1	1	0	1	0	1
Mp1g24000	neg	0	0	1	0	1	0	0	0	0	1	0	0	1	0	1	0	0	0	0	1	1	0	1	0	0	0	1	0	1	0	0	0	0	0	0	1	0	1	1	0	0	1	0	0	1	0	0	0	1	1	0	0	1	0	1	0	0	1	1	1	1	1	1	1	0	1	1	1	0
Mp1g24450	neg	0	0	0	0	1	0	1	0	0	0	0	1	0	0	1	1	1	0	0	0	0	0	0	0	0	0	1	0	0	0	0	0	0	0	0	0	0	0	0	1	1	1	1	1	1	0	0	1	0	0	0	1	1	0	1	0	0	0	0	1	0	0	1	1	0	0	1	0	1
Mp1g24680	neg	0	1	0	1	0	0	1	1	1	1	0	1	0	0	1	0	1	0	0	1	1	0	0	0	0	1	0	0	0	0	1	0	0	0	0	1	1	0	0	0	1	0	1	1	0	0	0	0	1	1	0	0	0	0	1	0	1	0	1	0	0	0	1	1	0	0	1	0	0
Mp1g25050	neg	0	0	0	1	0	0	1	0	0	0	0	1	0	0	1	0	0	0	1	0	1	1	0	0	0	0	1	0	1	0	0	1	1	0	0	0	0	0	0	0	0	1	1	1	1	0	0	0	1	1	1	0	0	0	0	1	1	0	0	1	1	1	1	0	0	0	0	0	1
Mp1g25670	neg	0	0	1	1	0	0	0	0	0	0	0	1	0	0	0	0	0	0	0	0	0	1	1	0	0	0	1	0	1	0	0	0	0	0	0	0	0	1	0	1	1	0	1	0	1	1	1	1	0	0	0	0	0	0	1	1	0	1	0	0	1	1	0	0	1	0	1	1	0
Mp1g26270	neg	0	0	1	1	1	0	0	0	1	0	0	1	0	0	1	1	0	0	1	1	0	0	1	0	0	1	1	0	0	0	1	1	0	0	0	0	0	0	0	1	1	1	1	0	1	0	1	0	1	1	1	1	1	0	1	0	0	0	1	1	1	0	1	1	0	0	0	0	1
Mp1g26370	neg	0	0	0	0	1	1	1	0	1	0	0	1	0	0	1	0	0	0	0	0	1	1	1	0	0	0	0	0	1	0	1	0	0	1	0	0	0	1	0	0	1	0	0	1	1	0	1	1	1	1	1	0	0	0	0	0	0	0	0	0	0	1	0	0	1	0	0	0	0
Mp1g26720	neg	0	0	0	0	0	0	1	0	1	0	0	0	0	0	0	1	1	0	0	0	0	0	0	0	0	0	0	0	0	0	0	1	0	1	0	1	1	0	0	0	0	0	1	0	0	0	1	1	1	0	0	0	1	0	0	1	1	1	0	1	0	1	0	0	0	0	0	1	1
Mp1g27470	neg	0	0	1	0	0	0	1	0	0	0	0	0	1	0	1	0	0	1	1	0	1	1	1	0	0	0	1	0	1	0	0	1	0	0	0	0	0	0	0	0	0	1	1	1	0	0	0	0	0	1	0	1	0	0	0	0	0	1	1	0	1	0	1	0	0	0	1	0	0
Mp1g29140	neg	1	0	0	1	1	0	0	0	0	0	0	0	0	0	1	1	1	0	1	0	1	0	0	0	0	0	1	0	1	0	1	1	0	0	0	0	0	1	0	0	1	1	1	0	0	0	1	1	1	0	1	0	1	0	0	0	1	0	1	1	1	1	0	1	0	1	0	1	0
Mp1g29520	neg	0	0	0	1	0	0	0	0	1	0	0	1	0	0	1	1	1	0	0	0	1	1	0	0	0	0	0	0	0	1	0	0	0	0	0	1	0	0	0	0	0	1	0	0	1	0	1	1	1	1	0	0	1	0	0	0	1	0	1	1	1	1	1	1	1	0	0	1	1
Mp2g00100	neg	0	0	0	1	1	0	1	0	0	0	0	0	0	0	1	1	0	0	1	0	1	0	0	0	0	0	1	0	0	0	0	0	0	0	0	0	1	0	0	0	1	0	1	1	0	0	0	0	0	0	0	0	0	0	0	0	1	1	1	1	1	0	0	0	0	0	0	1	1
Mp2g00120	neg	0	0	1	0	0	0	0	0	0	0	0	1	1	0	0	0	1	0	1	0	1	0	0	0	0	0	0	0	0	0	1	0	0	0	0	1	0	1	0	0	0	0	1	1	0	0	1	1	0	1	0	1	0	0	0	0	1	1	1	0	1	0	1	1	0	0	1	0	0
Mp2g00760	neg	0	0	1	1	1	1	1	0	1	1	0	0	0	1	1	0	0	0	0	0	1	1	0	0	0	0	1	1	1	0	0	0	0	0	0	1	0	1	0	0	1	1	1	1	0	0	1	0	0	1	0	1	1	0	0	1	0	0	0	0	1	0	1	0	0	0	1	1	1
Mp2g00790	neg	0	0	1	1	0	0	0	0	1	0	0	1	0	0	0	0	0	0	0	0	1	0	0	0	0	0	0	0	0	0	1	1	1	1	0	1	1	1	1	0	0	0	0	0	1	1	0	0	1	1	1	0	0	0	1	0	0	0	0	1	1	0	1	0	1	0	0	0	0
Mp2g02970	neg	0	0	1	1	1	0	1	1	0	0	0	0	0	0	1	1	1	0	1	0	0	1	0	0	0	0	0	0	0	0	0	1	0	1	1	0	1	0	0	0	0	0	0	0	1	0	1	0	1	0	0	0	0	0	0	0	1	0	0	0	1	0	1	1	0	0	1	0	1
Mp2g03150	neg	0	0	0	0	0	0	1	0	0	0	0	0	0	0	1	1	0	0	1	0	0	1	0	0	0	0	1	0	1	1	0	1	0	0	0	0	1	1	0	0	1	0	0	1	1	1	1	0	1	1	1	0	0	0	0	0	0	1	1	0	0	0	1	0	0	0	0	0	1
Mp2g03280	neg	0	0	1	1	1	0	0	0	1	0	0	0	1	0	1	1	0	1	1	0	0	0	1	0	0	0	1	1	1	1	1	0	0	0	0	1	0	1	0	1	0	1	1	0	0	0	0	1	1	1	0	0	0	0	0	1	0	0	1	1	0	1	1	0	1	0	1	1	1
Mp2g04340	neg	0	0	0	1	0	0	0	0	0	0	0	0	0	0	0	1	0	0	1	0	1	1	1	0	0	0	0	0	1	0	0	0	0	0	0	0	1	0	0	0	0	0	0	0	0	0	0	0	0	1	0	1	0	0	0	0	1	0	0	0	1	0	1	1	0	1	1	0	1
Mp2g06970	neg	1	0	0	1	0	0	0	0	1	0	1	0	1	0	0	0	0	0	1	0	1	0	1	0	0	0	0	0	0	0	1	0	0	1	1	0	0	0	0	0	0	1	0	1	0	1	1	1	1	0	0	0	0	0	0	0	1	0	0	0	1	1	0	0	1	0	0	1	1
Mp2g07090	neg	0	0	0	0	0	0	0	0	1	0	0	0	0	0	1	1	1	0	0	0	1	0	0	0	0	0	0	0	0	0	1	0	0	0	0	0	0	0	0	0	1	0	1	0	1	0	1	1	1	0	0	0	1	0	0	0	1	1	1	1	0	1	0	0	0	1	0	1	0
Mp2g08920	neg	0	0	1	0	0	0	1	0	0	0	0	0	0	0	0	0	1	1	1	0	0	1	0	0	1	0	1	1	0	0	1	1	0	0	0	1	1	1	1	0	0	0	0	1	1	0	1	0	0	0	0	1	1	0	1	0	0	1	1	1	0	1	1	0	0	0	0	0	1
Mp2g09250	neg	0	0	1	0	1	0	0	0	0	0	0	0	0	0	1	1	1	1	0	0	1	0	1	0	0	0	0	0	1	0	1	1	0	0	0	1	1	0	0	0	0	0	0	1	0	0	1	0	0	0	0	0	1	0	0	1	1	1	1	1	1	1	1	0	1	0	0	0	1
Mp2g10580	neg	1	0	0	1	1	0	1	1	1	0	0	1	0	0	1	1	1	0	0	0	0	1	0	0	0	0	0	0	1	0	0	0	0	0	0	1	0	0	0	0	0	1	0	1	0	1	1	0	0	0	0	0	0	0	0	0	1	1	0	0	1	0	1	1	0	0	0	1	1
Mp2g10780	neg	0	0	1	1	0	0	1	0	1	0	0	0	1	0	1	1	0	1	1	0	0	0	0	0	0	0	0	0	0	1	1	0	0	1	0	0	1	1	0	0	0	1	1	1	1	0	1	1	1	0	0	0	0	0	1	0	1	0	1	1	1	1	0	1	0	0	0	1	1
Mp2g11630	neg	0	0	1	0	0	0	1	0	1	0	0	1	1	0	0	0	1	0	0	0	0	1	1	0	0	0	0	0	0	0	1	1	0	1	0	0	0	0	0	1	0	0	1	1	0	0	0	1	0	1	0	1	0	0	0	0	0	0	0	0	1	0	1	0	0	0	0	0	0
Mp2g12530	neg	0	0	1	1	1	0	1	0	1	0	0	0	1	0	1	0	1	0	1	0	0	1	0	0	0	0	1	0	1	1	0	0	0	0	0	1	1	1	1	0	1	1	0	0	0	0	1	1	0	1	0	1	1	0	1	1	1	0	0	0	0	1	0	1	0	0	0	0	1
Mp2g13660	neg	0	0	0	1	1	0	0	0	0	0	0	0	0	0	0	1	0	0	0	1	1	0	1	0	0	0	0	0	1	0	0	0	0	1	0	0	1	0	0	1	0	1	1	0	0	1	0	0	1	0	0	0	0	0	0	1	1	1	0	1	1	0	1	1	0	1	0	0	1
Mp2g13680	neg	0	1	1	1	0	0	0	0	0	0	0	1	0	0	1	1	0	0	0	0	0	0	0	0	0	0	0	0	0	0	0	1	0	0	0	0	1	0	0	0	0	1	1	0	1	0	0	1	0	1	0	0	0	0	0	0	1	1	1	1	1	0	1	1	0	0	0	0	1
Mp2g13690	neg	0	0	0	0	0	0	0	0	1	0	0	0	0	0	0	0	0	0	1	1	1	0	0	0	0	0	0	0	1	0	0	0	0	0	0	1	1	1	0	0	1	0	1	0	1	0	0	0	0	1	0	1	0	0	0	0	0	0	0	1	1	1	0	0	1	1	1	1	1
Mp2g14080	neg	0	0	0	0	0	0	0	0	0	1	0	0	0	0	0	0	0	0	0	0	0	0	0	0	0	0	0	0	1	0	0	0	0	0	0	0	1	0	0	0	0	0	1	1	0	1	0	0	1	0	0	0	1	0	0	0	0	1	0	1	1	0	0	1	0	0	0	1	0
Mp2g14160	neg	0	0	0	1	0	0	1	0	0	0	0	1	1	0	1	1	1	0	0	0	0	1	0	0	0	0	0	0	1	0	1	0	0	0	0	0	0	1	0	0	0	0	1	1	1	1	1	1	0	0	0	0	0	0	0	0	0	0	0	0	0	1	0	0	0	1	0	0	0
Mp2g14340	neg	0	0	0	1	1	0	1	0	0	0	0	1	0	1	0	1	1	0	0	0	0	1	0	0	0	0	0	0	0	0	1	1	0	0	0	0	1	0	0	0	0	0	1	0	0	0	0	1	0	0	0	1	0	0	0	0	0	0	1	1	0	1	1	0	0	0	1	1	0
Mp2g14450	neg	0	0	1	1	0	0	1	1	0	0	0	1	1	0	0	0	0	0	0	0	0	1	1	0	0	0	0	0	0	0	0	0	0	0	0	1	0	1	0	0	1	1	1	1	1	1	1	1	1	0	1	0	0	0	0	0	0	1	0	1	0	1	0	0	0	0	0	0	1
Mp2g15520	neg	0	0	0	0	0	0	0	0	1	0	0	1	1	0	0	1	1	0	0	0	1	0	1	0	0	0	0	0	1	0	1	0	0	0	0	0	0	0	0	0	1	1	1	1	1	1	1	1	1	1	0	0	1	0	0	1	1	0	1	0	1	0	0	1	0	0	0	1	1
Mp2g15780	neg	0	0	1	0	0	0	0	0	1	0	0	0	0	0	0	1	1	0	1	0	0	0	0	0	0	0	1	0	0	0	1	0	0	0	0	0	0	0	0	0	0	1	0	1	0	1	0	1	0	1	1	0	1	1	0	1	1	1	0	0	0	0	1	0	1	1	0	0	0
Mp2g15900	neg	0	0	0	1	0	0	0	0	0	0	0	0	0	0	0	0	1	0	0	0	1	1	1	0	0	0	0	0	1	0	0	0	0	0	0	0	1	1	1	0	0	1	0	0	1	0	0	0	0	0	0	1	0	0	1	0	0	0	0	0	1	0	1	0	0	0	0	1	0
Mp2g16650	neg	0	0	0	0	0	0	1	0	1	0	0	0	0	0	1	1	0	1	0	0	1	1	1	0	0	1	0	0	1	0	1	1	0	0	0	0	0	0	0	0	0	1	1	1	1	0	0	1	0	0	0	1	0	0	0	0	1	1	1	0	0	1	0	1	1	1	1	0	0
Mp2g17450	neg	0	0	0	1	0	0	1	0	1	0	0	0	0	0	0	1	1	0	0	0	0	1	0	0	1	1	0	0	0	0	0	0	0	0	0	0	0	0	0	0	0	1	1	1	0	1	1	0	0	1	0	1	0	0	0	0	0	0	0	1	0	0	1	0	0	0	1	0	0
Mp2g18320	neg	0	0	0	0	0	0	1	1	1	0	0	0	0	0	1	0	0	0	1	0	0	1	1	0	0	1	0	0	0	0	0	0	0	0	0	0	1	0	0	0	0	0	1	1	1	1	1	0	0	0	0	0	0	0	1	0	0	0	1	0	0	0	1	0	1	0	0	0	1
Mp2g18400	neg	0	1	0	1	0	0	1	1	0	0	1	1	0	0	1	1	1	0	0	1	0	1	0	0	0	1	0	0	0	1	0	1	0	0	0	0	1	1	0	0	0	0	1	0	0	0	0	1	1	1	0	0	0	0	0	0	1	0	1	0	1	0	1	1	0	0	1	0	0
Mp2g19310	neg	0	1	0	0	0	0	0	0	1	0	0	0	1	0	1	0	1	1	0	0	0	1	0	1	0	1	0	0	0	0	1	0	0	0	0	0	1	0	0	1	1	1	1	1	0	1	1	0	0	0	0	1	0	0	0	0	1	0	1	0	1	0	0	0	0	0	1	0	1
Mp2g19420	neg	0	0	1	1	0	0	0	0	0	0	0	0	1	0	1	1	0	0	1	0	0	0	1	0	0	0	0	0	1	0	0	0	1	1	0	0	0	0	0	0	0	1	1	0	0	0	1	0	1	0	1	0	0	0	0	0	0	0	1	0	1	1	1	0	0	0	1	0	1
Mp2g20320	neg	0	0	0	0	0	0	0	0	1	1	0	0	0	0	0	0	1	1	0	0	1	1	0	0	0	0	0	0	0	1	1	0	0	0	0	0	1	0	0	0	1	0	1	1	0	1	0	1	0	0	1	0	0	0	0	0	0	0	0	0	1	1	0	0	0	0	1	1	1
Mp2g22180	neg	1	0	0	1	0	0	0	0	0	0	0	0	0	0	0	0	0	0	1	1	0	0	0	0	0	0	0	0	0	0	0	0	0	1	0	1	0	0	0	0	0	0	1	1	0	0	1	0	0	0	1	0	0	0	0	0	1	1	0	0	1	0	0	0	0	0	0	1	0
Mp2g22370	neg	0	0	0	1	0	0	1	0	0	0	0	0	0	0	0	1	0	0	1	0	0	0	0	0	0	1	1	0	1	1	1	0	0	0	0	0	0	0	0	0	0	0	1	0	1	1	0	1	0	0	0	0	0	0	0	0	1	0	1	0	1	1	0	1	0	0	1	0	1
Mp2g23130	neg	0	0	1	1	0	0	1	0	0	0	0	0	1	0	0	1	0	1	0	0	0	0	1	1	0	0	0	0	0	0	1	0	0	0	0	1	0	0	0	1	0	1	1	1	1	1	1	1	1	1	0	1	1	0	1	0	0	1	0	0	1	0	0	1	0	0	1	1	0
Mp2g23700	neg	0	1	1	1	0	0	1	0	1	0	0	0	0	0	1	0	0	0	0	0	1	1	0	0	0	0	0	0	1	1	1	1	0	1	1	1	0	0	0	1	1	1	1	1	0	0	0	1	1	1	0	0	0	0	1	0	1	0	1	1	1	1	1	1	1	0	1	0	1
Mp2g24130	neg	0	0	0	0	0	0	0	0	1	0	0	0	0	0	0	0	1	0	0	0	1	0	0	0	0	0	0	0	0	0	0	1	0	0	0	1	0	1	0	1	0	1	1	1	1	1	0	0	0	1	0	1	1	0	1	0	0	0	0	1	1	0	0	1	0	0	0	0	1
Mp2g25680	neg	0	1	0	1	0	0	1	0	1	0	0	1	0	0	0	1	0	0	0	0	1	1	0	0	0	1	0	0	1	1	1	0	0	0	0	0	1	1	0	0	0	1	0	0	1	0	0	1	0	0	1	0	0	0	1	0	1	0	0	1	1	0	0	0	1	1	0	0	1
Mp3g02120	neg	0	0	0	1	0	0	0	0	0	0	0	0	0	0	1	0	1	0	0	0	1	0	1	0	0	0	0	0	1	0	0	0	0	1	0	1	1	0	0	1	1	1	1	1	1	1	0	1	0	0	1	0	1	0	1	1	1	0	1	1	1	0	1	0	1	0	1	0	1
Mp3g04080	neg	0	0	1	0	0	0	1	0	0	0	1	1	0	0	0	1	1	0	0	0	0	0	0	0	0	0	0	0	0	0	0	1	0	0	0	0	1	0	0	0	1	0	0	0	0	0	0	1	1	1	0	0	0	0	0	1	0	0	0	1	0	0	0	0	0	0	0	1	0
Mp3g04850	neg	0	0	0	1	1	0	0	0	0	0	0	1	0	0	1	1	1	0	0	1	0	1	0	0	0	0	0	0	0	0	0	0	0	0	0	1	1	1	0	0	0	0	1	0	1	1	0	0	1	1	0	0	0	0	0	0	1	0	0	1	0	0	0	1	1	0	0	1	0
Mp3g05320	neg	0	0	0	1	0	0	0	0	0	1	0	0	0	0	1	0	1	0	1	0	0	1	1	0	0	0	0	0	0	0	0	1	0	0	0	1	0	0	0	0	1	0	0	1	1	1	0	0	0	0	0	0	1	0	0	0	0	1	1	1	0	0	1	0	1	0	1	0	0
Mp3g08310	neg	1	0	0	1	0	0	1	0	0	1	0	0	0	0	1	0	0	0	0	0	0	1	1	0	0	0	1	1	0	0	1	0	0	0	0	0	1	1	0	0	0	1	0	0	1	1	0	0	0	0	0	0	0	0	0	0	1	0	0	1	0	1	0	1	0	1	1	0	1
Mp3g10030	neg	1	0	1	0	0	0	1	0	1	0	0	0	0	0	1	1	0	0	1	0	0	0	1	0	0	0	1	0	0	0	0	1	0	0	0	1	1	0	0	0	0	0	1	1	1	0	1	1	0	1	0	0	0	0	0	1	0	1	1	1	1	1	0	0	1	0	1	0	0
Mp3g11110	neg	0	0	0	1	0	0	1	0	1	0	0	0	1	0	0	1	1	0	0	0	0	0	0	0	0	1	1	0	0	0	0	0	0	1	0	1	1	0	0	0	1	1	0	1	1	0	1	0	1	0	0	0	1	0	1	0	0	0	1	1	1	1	0	0	0	0	1	1	1
Mp3g11860	neg	0	0	0	1	0	0	1	1	1	0	0	1	0	0	0	1	1	0	0	0	0	1	0	0	0	0	0	0	1	0	1	0	0	1	0	1	0	1	0	1	0	1	0	0	0	0	1	1	0	0	1	0	0	0	0	0	1	1	1	0	1	1	1	0	0	1	1	1	1
Mp3g12780	neg	0	0	0	1	0	0	0	0	0	1	0	0	0	0	0	0	0	0	1	0	0	1	0	0	0	0	0	0	1	0	0	0	0	0	0	0	1	0	0	0	0	0	1	0	1	1	0	0	0	0	1	0	0	0	0	0	0	0	0	1	1	0	0	0	0	0	1	0	0
Mp3g13420	neg	1	0	0	0	0	0	0	0	0	0	0	0	0	0	1	0	0	0	0	1	1	1	0	0	0	0	0	0	0	0	0	0	0	1	1	0	0	0	0	0	0	0	1	0	1	0	1	0	0	0	0	0	0	0	0	0	0	0	0	1	0	0	0	0	0	0	1	0	0
Mp3g13920	neg	0	0	0	0	0	0	1	0	0	0	0	0	1	0	1	0	0	1	1	0	0	1	0	0	0	0	1	0	0	0	0	0	0	0	0	0	0	0	0	0	0	1	0	0	1	0	0	0	0	0	0	1	0	0	0	0	1	1	0	1	1	0	0	0	0	1	0	0	1
Mp3g13960	neg	0	0	1	0	0	0	0	0	0	0	0	0	0	0	0	0	1	0	0	0	0	1	0	0	0	0	0	0	0	0	1	0	0	0	0	0	0	0	0	0	0	0	0	0	1	0	0	1	0	0	1	0	0	0	1	0	1	0	0	0	1	0	1	0	0	1	1	1	1
Mp3g14280	neg	1	0	0	1	0	0	1	0	0	0	0	0	0	0	0	1	0	1	1	0	0	0	0	0	0	0	0	0	1	0	0	0	0	1	1	0	0	0	0	1	0	1	0	1	1	1	1	0	0	1	0	0	0	0	0	0	1	1	1	1	1	0	0	1	1	0	1	0	1
Mp3g14670	neg	0	0	0	1	0	0	1	1	1	0	0	0	1	0	0	0	1	0	1	0	0	0	0	0	0	0	0	0	1	0	0	1	0	1	0	0	0	0	0	1	0	1	1	0	0	0	1	0	1	0	0	0	0	0	0	0	1	0	1	1	1	0	0	0	0	1	0	0	0
Mp3g15280	neg	0	1	0	1	0	0	0	0	0	0	0	0	0	0	1	0	0	0	0	0	0	1	0	0	0	0	0	0	0	0	0	0	0	0	0	0	1	0	0	0	1	1	0	0	0	1	1	0	1	1	0	0	1	0	1	0	1	1	0	1	0	1	0	1	1	1	0	0	0
Mp3g15400	neg	0	0	1	1	0	0	1	0	1	1	0	0	1	0	1	1	0	0	1	0	0	1	1	0	0	0	0	0	0	0	0	1	0	0	0	0	0	1	1	1	0	1	1	1	1	1	1	1	0	0	0	0	0	0	0	0	1	0	0	1	1	1	0	0	0	0	1	0	0
Mp3g15900	neg	0	0	1	1	0	0	0	0	1	0	0	0	0	0	1	0	1	0	1	0	1	1	0	0	0	0	0	0	1	0	0	1	0	0	0	1	1	0	0	0	0	1	0	1	1	1	1	0	1	0	0	0	0	0	0	0	1	0	1	0	1	1	1	0	0	0	1	1	1
Mp3g17030	neg	0	0	0	1	0	0	1	0	1	0	0	0	0	0	1	0	0	0	0	0	1	0	0	0	0	0	0	0	1	0	1	0	0	0	0	0	1	0	0	0	1	1	1	1	1	0	0	1	0	0	0	0	1	0	0	1	1	0	1	1	1	1	0	0	1	0	0	1	1
Mp3g17650	neg	0	0	1	1	0	0	0	0	0	0	0	1	1	0	0	0	0	1	0	0	0	0	0	0	0	0	0	0	0	0	0	1	0	0	0	1	0	0	0	0	0	0	1	0	0	0	1	0	1	1	0	0	0	0	0	0	1	0	1	0	1	0	0	0	0	0	1	0	1
Mp3g17770	neg	0	0	1	1	0	0	1	0	0	0	1	0	0	0	0	1	0	1	0	0	1	0	1	0	0	1	1	0	1	0	1	1	0	0	0	0	1	0	0	0	0	0	0	0	1	1	1	1	1	1	0	1	0	0	0	0	1	0	1	1	0	1	1	1	0	0	1	0	1
Mp3g18540	neg	0	0	0	0	0	0	0	0	1	0	0	0	0	0	0	0	1	0	1	0	1	0	1	0	0	0	0	0	0	0	1	1	0	0	0	0	1	0	0	0	1	0	1	0	1	0	1	1	0	0	1	0	1	1	1	0	0	1	0	1	1	1	0	0	0	0	1	0	1
Mp3g18610	neg	0	0	0	1	0	0	1	0	1	0	1	0	1	0	0	0	0	0	0	1	0	0	0	0	0	0	0	0	1	0	0	0	0	1	0	0	0	0	0	0	1	1	1	0	1	1	1	0	1	0	1	0	1	0	0	1	1	0	0	1	1	0	1	0	0	0	1	0	1
Mp3g18660	neg	0	0	1	1	0	0	1	0	1	0	0	0	0	0	1	1	1	0	0	0	0	0	0	0	0	0	0	0	1	0	1	0	0	1	0	1	1	1	0	1	0	0	1	1	1	0	0	1	1	1	0	0	1	0	1	1	1	1	0	1	1	0	0	1	1	1	0	1	1
Mp3g18680	neg	0	1	0	0	0	0	1	1	1	1	0	0	0	0	0	0	0	0	1	0	1	1	1	0	0	0	0	0	0	0	0	1	0	0	0	0	0	0	0	1	1	1	1	1	1	1	1	0	1	0	0	0	0	0	0	1	0	1	0	0	1	0	1	1	1	0	1	0	1
Mp3g20660	neg	0	0	0	0	0	0	1	0	0	0	0	0	0	0	1	1	1	0	0	0	1	1	0	0	0	0	1	0	0	1	0	1	0	0	0	0	0	0	0	0	0	0	1	1	0	0	1	1	0	0	0	0	0	0	0	0	1	1	1	1	0	0	1	0	1	1	0	1	0
Mp3g20840	neg	0	0	1	1	0	0	0	0	0	0	0	0	0	0	1	1	0	0	0	0	0	0	0	0	0	0	0	0	1	0	0	0	0	0	0	0	0	0	0	0	0	0	0	0	0	1	0	0	0	0	0	0	0	0	0	0	1	1	1	1	0	0	0	0	0	0	0	0	0
Mp3g21190	neg	0	0	1	1	0	0	1	0	0	0	1	1	1	0	0	1	1	0	1	0	0	1	1	0	0	0	0	0	0	0	1	1	0	0	0	1	0	1	0	0	1	1	0	1	1	1	0	1	1	1	0	1	1	0	0	1	1	0	1	1	1	1	0	0	1	0	0	0	1
Mp3g21740	neg	0	0	1	1	0	0	1	1	0	0	1	0	0	0	0	1	0	0	0	0	1	0	1	0	0	0	0	0	0	0	0	1	0	0	0	0	0	1	0	1	0	1	0	1	1	1	0	0	0	1	0	0	1	1	0	1	0	1	0	1	1	1	1	0	0	0	1	1	1
Mp3g23710	neg	0	1	0	1	0	0	1	0	1	0	0	0	0	0	1	0	1	0	0	0	0	1	1	0	0	0	0	0	0	0	0	0	0	0	0	0	0	1	0	0	0	1	1	1	1	1	0	1	1	0	0	0	0	0	1	0	0	0	0	0	0	0	1	1	0	1	1	1	1
Mp3g23740	neg	0	1	0	1	1	0	1	0	0	0	0	1	0	0	0	1	0	0	1	0	1	0	1	0	0	0	0	0	0	0	0	0	0	0	0	0	1	0	0	1	0	1	0	1	1	0	0	0	1	0	0	0	0	0	0	1	1	0	0	1	0	0	0	0	0	0	1	1	0
Mp3g24770	neg	0	1	1	0	0	0	1	1	1	0	0	0	1	0	1	0	1	0	1	0	0	0	0	0	0	1	0	0	1	0	1	0	0	0	0	0	1	1	1	0	0	1	1	1	1	0	1	1	1	1	1	1	0	0	0	0	1	1	1	1	1	1	0	0	0	0	0	0	0
Mp3g25250	neg	0	0	0	1	1	0	1	1	0	1	0	0	0	0	0	0	0	1	0	0	0	0	0	0	1	0	0	0	1	0	0	0	0	0	0	0	0	0	0	0	0	0	0	0	1	0	0	0	0	0	0	0	0	0	0	0	1	0	0	0	1	0	0	0	0	0	0	0	1
Mp4g00550	neg	0	0	0	1	1	0	0	0	1	0	0	0	0	1	0	1	0	0	0	0	0	1	0	0	0	0	0	0	1	1	0	0	0	0	0	1	1	0	0	0	0	1	0	0	0	1	1	1	1	0	0	0	1	0	0	1	0	0	0	1	1	1	0	0	0	0	0	0	1
Mp4g01060	neg	0	1	0	0	0	0	0	0	0	1	0	1	0	0	1	0	0	0	1	0	1	1	0	0	0	1	1	0	0	0	1	0	0	1	0	1	0	1	0	0	1	0	1	0	0	1	1	1	0	0	0	0	1	0	1	0	1	0	0	1	1	1	1	0	1	0	1	1	0
Mp4g01470	neg	0	0	0	0	1	0	1	0	0	0	0	1	0	1	0	0	1	0	1	0	1	0	0	0	0	0	0	0	0	0	0	0	0	1	0	0	0	1	0	0	1	0	1	0	0	0	1	0	1	1	0	0	0	0	1	0	0	0	0	1	0	1	0	0	0	0	0	0	0
Mp4g02180	neg	0	0	0	1	0	0	1	1	1	1	0	1	0	0	0	1	0	1	1	0	1	0	0	0	0	1	0	0	0	0	0	1	0	0	0	1	0	0	0	0	0	0	1	1	1	0	1	1	1	1	1	0	0	0	0	0	0	1	1	1	1	1	1	0	1	0	1	0	1
Mp4g02270	neg	0	0	1	0	1	0	0	0	0	0	0	1	0	0	1	1	0	0	1	0	0	0	0	0	0	0	1	0	0	1	1	0	0	0	0	0	1	0	0	0	0	0	1	1	0	0	0	1	1	0	1	0	0	0	0	1	1	1	1	0	0	1	1	1	0	0	1	0	1
Mp4g02900	neg	0	0	1	1	1	1	0	0	1	0	0	0	0	0	1	0	1	0	1	1	1	1	1	0	0	0	1	0	1	0	1	0	0	1	1	0	1	1	1	1	0	1	1	0	1	0	0	1	1	0	0	0	0	0	1	1	0	1	0	1	1	1	1	1	1	0	1	0	1
Mp4g03730	neg	0	0	0	1	1	0	0	0	1	0	0	0	0	0	0	1	1	0	0	0	1	1	1	0	0	0	0	0	1	0	0	1	0	1	0	0	1	1	0	0	0	0	0	1	1	1	0	1	1	1	0	0	0	0	0	1	1	1	0	0	1	0	1	0	1	0	1	0	1
Mp4g04360	neg	0	0	0	0	0	0	0	0	1	0	0	1	0	0	1	0	0	0	0	0	0	1	1	0	0	0	0	0	0	0	1	0	0	1	1	1	0	0	0	0	0	1	1	1	0	1	0	0	1	1	1	1	0	0	0	0	1	1	1	0	1	0	1	0	0	0	1	0	0
Mp4g04410	neg	0	0	1	0	0	0	1	1	0	0	1	0	0	0	0	0	1	0	0	0	0	1	1	0	1	0	0	0	1	0	1	0	0	0	0	0	1	0	0	0	0	0	1	0	0	0	0	0	1	0	0	0	0	0	1	0	1	0	0	0	0	0	1	1	1	0	1	0	1
Mp4g04500	neg	0	0	0	0	0	0	0	0	1	0	0	1	0	0	1	1	0	0	1	0	1	1	0	0	0	0	1	0	0	0	0	0	0	0	0	0	0	1	0	0	0	1	0	0	0	0	1	0	1	0	0	0	0	0	0	0	0	0	1	0	1	1	1	1	1	0	0	0	0
Mp4g04520	neg	0	0	0	0	0	0	0	0	1	0	0	0	0	0	0	0	0	0	0	0	0	1	1	0	0	0	0	0	1	0	1	1	0	0	0	1	0	0	0	0	0	0	1	0	1	0	0	1	0	0	0	0	0	0	1	0	1	0	0	0	0	1	1	1	1	0	0	0	0
Mp4g05240	neg	0	0	1	0	0	0	0	0	1	0	0	0	0	0	0	1	0	0	1	0	1	0	0	0	0	0	0	0	0	1	0	1	0	1	0	1	1	1	1	0	0	1	1	0	0	1	0	0	0	0	0	0	0	0	0	1	0	0	0	1	1	1	0	0	0	0	0	0	0
Mp4g06130	neg	0	0	0	1	1	0	1	0	1	0	0	0	0	0	1	0	0	0	0	0	0	1	1	0	0	0	0	0	0	0	0	1	0	0	0	1	1	0	0	0	0	1	0	0	0	1	1	0	1	1	0	0	1	0	0	0	1	0	0	0	1	0	0	1	0	0	0	1	1
Mp4g08180	neg	0	0	0	0	0	0	1	0	1	0	0	1	0	0	0	0	0	1	1	0	0	0	1	0	0	0	1	1	1	0	1	1	0	0	0	1	0	0	0	1	0	0	0	0	0	0	0	0	1	1	1	0	0	0	0	1	0	0	1	0	1	0	1	1	1	0	0	0	0
Mp4g09690	neg	0	0	0	1	0	0	0	0	1	0	1	0	0	0	0	0	1	0	0	0	1	1	0	0	0	0	1	0	0	0	1	1	0	0	0	0	1	0	0	0	1	0	1	1	0	0	0	0	0	1	0	0	0	0	0	0	0	0	0	1	1	0	0	0	1	0	1	0	0
Mp4g10520	neg	0	0	1	0	0	0	0	0	1	0	0	0	0	0	1	0	0	0	0	1	1	1	0	0	0	0	1	0	0	0	1	1	0	0	0	0	0	0	0	0	1	1	0	0	1	0	0	0	1	0	1	0	0	0	0	1	0	1	0	0	0	1	0	0	1	0	0	0	1
Mp4g11160	neg	0	1	1	0	0	0	0	0	0	0	0	0	0	0	1	0	1	0	0	0	0	1	0	0	0	0	0	0	0	1	1	1	1	0	0	0	0	0	0	1	0	0	0	0	1	1	1	1	0	0	1	0	1	1	1	1	0	1	0	1	1	1	0	0	1	0	1	0	1
Mp4g12190	neg	1	0	0	0	0	0	1	0	0	0	0	0	0	0	1	1	0	0	0	1	0	1	0	0	0	1	0	0	0	0	1	1	0	0	0	0	0	0	0	1	1	1	1	0	1	1	0	1	1	0	0	0	1	1	0	0	0	1	0	0	1	1	0	1	0	0	1	0	1
Mp4g14300	neg	0	0	0	1	0	0	1	1	0	0	1	0	0	0	1	1	1	0	0	0	0	1	1	0	0	1	0	0	0	0	1	1	0	0	0	0	0	1	0	0	0	0	1	0	0	0	1	1	1	1	0	1	0	0	1	1	1	1	1	1	1	1	1	1	1	0	1	0	1
Mp4g17940	neg	0	0	0	0	0	0	0	0	1	0	0	0	0	0	1	0	0	0	0	0	1	0	1	0	0	0	0	0	1	0	1	0	0	0	0	1	0	0	0	0	0	1	1	1	0	0	0	1	1	1	0	0	0	0	0	0	0	0	1	0	0	1	1	1	1	1	0	1	1
Mp4g18080	neg	0	0	0	0	1	0	0	0	0	0	0	0	0	1	0	0	1	0	0	0	0	1	0	0	0	0	0	0	0	1	1	0	0	0	0	1	1	0	0	1	0	1	1	0	1	1	1	1	1	0	1	0	1	0	0	0	0	0	0	1	0	1	1	0	0	0	1	0	0
Mp4g21720	neg	0	0	1	1	1	0	1	1	0	1	0	1	1	0	0	0	1	0	0	0	0	0	1	0	0	0	0	0	0	0	1	0	0	1	0	0	0	0	0	1	1	1	0	1	1	1	1	0	1	1	0	0	1	1	1	1	0	0	1	0	1	1	1	1	1	0	0	0	0
Mp4g23100	neg	0	0	0	1	0	0	1	0	0	0	0	1	0	0	1	1	0	1	0	1	0	1	0	1	0	0	0	0	1	0	1	1	0	0	0	1	1	0	0	0	1	0	1	0	0	1	0	0	0	0	0	0	1	0	0	1	1	1	1	1	1	1	0	0	1	1	0	0	0
Mp4g23600	neg	0	0	0	1	1	1	1	0	1	0	0	0	0	1	1	1	1	0	0	0	0	0	0	0	0	0	0	0	1	0	0	0	0	0	0	1	0	0	0	0	0	1	1	0	1	1	0	0	1	0	0	0	0	0	1	0	1	1	0	0	1	0	0	1	0	0	0	1	0
Mp4g23680	neg	0	0	1	0	0	0	1	0	0	0	0	1	0	0	1	0	0	0	0	0	0	0	0	0	0	0	0	0	1	0	0	0	0	1	0	0	0	1	0	0	0	0	1	1	0	0	1	1	1	1	1	0	0	0	1	0	0	1	1	0	1	1	0	0	1	1	0	0	0
Mp5g00320	neg	0	0	0	1	0	0	0	0	1	0	0	0	0	0	0	0	0	0	0	0	0	0	1	0	0	1	0	0	0	0	1	0	0	0	0	0	0	1	0	0	0	1	1	1	0	0	0	0	1	0	0	0	0	0	0	0	0	0	0	0	1	1	0	1	0	1	1	0	1
Mp5g03890	neg	0	0	1	1	0	0	1	1	1	0	0	0	0	0	1	1	0	0	0	0	1	1	1	0	0	1	0	0	0	0	1	1	0	1	1	0	1	0	0	0	0	1	0	1	0	1	0	1	0	0	0	0	0	0	1	0	1	0	0	0	1	1	0	0	0	0	0	0	0
Mp5g04770	neg	0	1	0	0	1	0	1	0	1	0	0	0	0	0	1	0	1	1	0	1	0	0	0	0	0	0	1	1	0	0	1	0	0	0	0	0	0	0	0	0	0	0	1	0	0	0	0	1	1	1	1	1	0	0	0	0	1	0	1	1	1	1	0	1	1	0	1	0	1
Mp5g05250	neg	1	1	1	0	0	0	1	1	1	0	0	1	0	0	1	1	0	1	1	0	1	1	0	0	0	1	1	0	1	1	1	0	0	0	0	1	1	1	1	0	1	1	0	0	0	1	0	1	1	1	0	0	0	0	0	0	1	1	0	0	0	1	0	0	0	0	1	0	1
Mp5g07370	neg	0	0	1	0	0	0	0	0	0	0	0	0	0	0	0	0	1	0	0	0	0	1	1	0	1	0	0	0	1	0	0	1	1	0	0	0	0	1	0	0	1	0	1	0	1	0	0	1	1	1	1	0	1	0	1	0	1	0	1	0	1	1	0	1	0	1	1	0	0
Mp5g10510	neg	0	0	0	0	0	0	1	0	1	1	0	0	0	0	0	0	0	0	0	0	1	1	0	0	0	0	0	0	1	0	1	0	0	0	0	0	0	0	0	0	0	0	1	0	1	1	1	0	0	1	0	1	1	0	1	0	0	1	0	0	0	0	1	0	1	0	0	0	1
Mp5g11200	neg	0	0	0	1	0	0	0	0	1	0	0	0	0	0	1	0	0	0	0	0	0	1	0	0	0	0	1	0	1	0	0	0	0	1	1	1	0	0	0	0	0	0	1	0	0	0	0	0	0	1	1	0	1	0	0	1	1	0	1	1	1	0	1	1	0	0	1	1	1
Mp5g11790	neg	0	1	0	0	1	0	1	0	0	1	0	0	0	0	0	0	0	0	1	0	0	1	0	0	0	0	0	0	0	0	0	0	0	0	0	0	1	0	0	0	0	0	0	1	0	1	1	0	1	0	0	0	0	0	1	0	0	0	1	0	1	1	0	0	0	1	1	1	1
Mp5g11890	neg	0	0	1	1	0	0	0	0	0	1	1	1	0	0	1	0	0	0	1	0	0	1	0	0	0	0	0	0	1	0	1	1	0	0	0	0	1	0	0	0	1	1	0	1	1	0	1	1	0	1	0	0	0	0	0	0	1	0	1	1	1	1	0	0	0	0	0	1	1
Mp5g14090	neg	0	0	0	0	0	0	1	0	1	0	0	0	0	0	1	0	1	1	1	0	1	0	1	0	0	0	1	0	0	0	1	0	0	0	0	0	1	0	0	0	1	0	1	0	0	0	1	0	0	0	1	0	0	0	0	0	0	1	1	0	1	1	1	0	0	1	1	0	1
Mp5g14190	neg	0	0	0	1	0	0	0	0	1	1	0	1	0	0	1	0	0	0	1	0	0	1	1	0	0	0	1	0	0	0	0	1	0	0	0	1	1	0	0	0	1	1	0	0	0	0	0	0	1	1	0	0	0	0	0	1	0	1	1	0	0	1	0	0	1	0	1	0	1
Mp5g15080	neg	0	1	1	1	0	0	0	0	1	0	1	0	0	0	0	1	0	1	1	0	0	1	0	0	0	0	0	0	1	1	1	0	0	0	0	0	0	1	0	1	0	0	0	1	1	1	0	0	1	1	1	0	0	0	1	0	1	0	1	1	1	0	1	1	0	0	1	0	1
Mp5g15630	neg	0	0	0	1	1	1	1	0	0	0	0	1	1	0	1	0	1	0	1	0	0	0	0	0	0	0	0	0	1	0	0	0	0	1	0	0	0	0	0	0	0	0	0	1	1	0	1	0	0	0	1	1	1	1	0	0	1	0	0	1	0	0	1	0	0	0	0	0	1
Mp5g15930	neg	0	1	1	0	1	0	1	0	0	0	0	0	1	0	1	0	0	0	0	0	1	0	0	0	0	0	1	0	1	0	0	0	0	1	0	0	1	1	0	0	0	1	1	1	1	0	0	0	1	0	1	0	0	0	0	0	1	0	0	0	0	0	0	0	0	1	0	0	1
Mp5g16730	neg	0	0	0	1	0	0	1	0	0	0	0	0	1	0	0	1	0	0	0	0	0	1	0	0	0	0	0	0	0	0	1	1	0	0	0	1	0	0	0	1	0	1	1	0	0	1	1	1	1	0	0	1	0	0	0	0	1	0	1	1	1	0	0	0	1	0	1	0	1
Mp5g17330	neg	1	0	1	1	0	0	1	0	1	0	0	1	0	0	1	1	0	0	0	1	0	1	1	0	1	0	0	0	0	0	0	1	0	1	1	1	0	0	0	0	0	1	0	1	1	0	1	0	0	1	0	0	0	0	0	0	1	1	1	1	1	1	1	0	1	0	1	1	0
Mp5g17420	neg	0	0	0	0	0	0	0	0	1	0	1	1	0	0	1	1	1	0	1	0	1	1	0	0	0	0	1	0	1	0	1	0	0	0	0	1	1	0	0	1	0	1	0	1	1	1	1	0	1	0	1	0	0	0	0	0	1	0	0	1	1	0	1	0	0	0	0	0	1
Mp5g18340	neg	0	0	1	0	1	0	1	0	0	0	0	0	1	0	1	1	1	0	1	0	1	0	0	0	0	0	0	0	1	0	0	0	0	0	0	0	1	0	0	0	0	1	0	1	1	1	0	1	1	0	0	1	0	0	0	0	0	0	1	1	1	0	1	1	0	0	1	0	0
Mp5g20500	neg	1	0	0	1	0	0	0	0	1	0	1	0	0	0	1	1	0	0	1	1	0	1	1	0	0	0	0	0	0	0	1	1	0	0	0	0	0	0	0	0	0	0	1	0	0	0	1	1	0	0	0	0	0	0	0	0	1	0	1	1	1	1	1	0	0	0	0	0	0
Mp5g20630	neg	1	0	1	1	0	0	1	1	1	0	0	0	0	0	1	1	1	1	0	0	1	0	0	0	0	0	1	1	0	0	0	0	0	0	0	1	1	0	0	0	0	1	1	0	1	1	1	1	1	0	0	0	0	0	0	0	1	1	1	1	1	0	0	1	1	0	0	0	1
Mp5g20870	neg	0	0	0	1	0	0	1	0	1	1	0	1	1	0	1	1	1	0	0	1	1	0	0	0	1	0	0	0	1	1	0	0	0	0	0	1	1	0	0	0	0	0	1	1	1	0	1	0	1	0	0	0	0	0	0	1	0	0	0	1	0	0	0	1	1	0	0	1	1
Mp5g20970	neg	0	0	0	0	0	0	1	0	1	0	0	0	1	0	0	0	1	0	0	0	0	1	0	0	0	0	0	0	0	0	1	1	0	0	0	0	1	0	0	0	0	1	0	1	0	1	1	1	1	0	0	0	1	0	1	1	1	0	0	1	1	1	0	1	0	0	0	0	1
Mp5g22070	neg	0	0	0	1	0	0	1	1	0	0	0	1	0	0	1	0	0	0	0	0	1	1	0	0	0	1	1	0	0	0	0	1	0	0	0	0	1	0	0	0	1	0	0	1	1	0	1	0	0	0	1	0	0	0	0	0	0	0	1	0	0	0	1	1	0	0	1	0	1
Mp5g22130	neg	0	0	0	0	1	1	0	0	0	0	0	0	1	0	1	0	0	0	0	0	1	1	1	0	0	0	0	0	0	0	0	1	0	0	0	0	0	1	1	0	0	0	0	1	1	0	1	1	0	0	0	0	1	1	1	1	0	0	1	1	0	0	1	0	0	0	1	0	1
Mp5g23530	neg	1	0	0	0	0	0	1	0	0	0	0	0	0	0	1	1	0	0	1	0	0	1	0	0	0	0	0	0	0	0	0	0	0	1	0	0	1	0	0	1	0	1	1	0	0	0	0	1	0	0	0	0	0	0	0	0	1	1	0	1	0	0	0	0	0	0	1	0	1
Mp5g23730	neg	1	1	0	0	0	0	0	0	1	0	0	1	1	0	1	1	0	1	1	1	1	1	0	0	0	0	0	0	0	0	1	1	0	0	0	0	1	0	0	1	0	1	0	1	0	0	1	1	0	0	0	0	0	0	0	1	1	1	1	1	1	1	0	0	0	0	0	1	1
Mp6g00220	neg	0	0	0	0	1	1	1	0	0	0	0	0	0	0	1	1	0	0	0	0	1	1	0	1	0	0	0	0	0	0	0	0	0	0	0	0	0	0	0	0	0	0	1	0	0	0	0	1	0	0	0	0	1	0	1	0	1	1	0	1	1	0	0	0	0	0	0	1	0
Mp6g00920	neg	0	0	1	0	0	0	0	0	1	0	0	0	0	0	1	1	1	0	1	0	0	1	0	0	0	0	0	0	1	0	1	0	0	0	0	1	0	1	0	0	1	0	1	0	1	1	1	1	0	0	0	1	1	0	0	1	0	1	0	0	1	1	1	0	0	0	1	0	1
Mp6g00950	neg	0	0	1	0	0	0	0	0	0	0	0	0	0	0	1	1	0	0	1	0	0	1	1	0	0	1	1	1	0	0	0	0	0	1	0	1	0	1	1	1	1	1	1	0	0	0	1	1	1	1	0	0	0	0	1	0	0	0	1	0	1	1	1	1	1	0	0	0	1
Mp6g01940	neg	0	0	1	0	1	1	1	0	0	0	0	0	1	0	0	0	0	0	1	0	0	0	0	0	0	0	0	0	0	0	0	0	0	0	0	0	0	0	0	0	0	1	0	1	0	0	0	0	0	0	0	0	0	0	1	0	1	0	1	0	0	0	1	1	1	0	1	0	0
Mp6g02440	neg	0	0	1	0	0	0	1	0	1	0	0	0	1	0	1	0	0	0	1	0	0	1	0	0	0	0	0	0	0	0	0	0	0	1	0	0	0	0	0	0	0	0	0	0	0	1	0	1	0	0	0	0	1	0	1	0	0	1	0	0	1	1	0	0	0	0	1	1	1
Mp6g02590	neg	0	0	0	0	0	0	1	0	0	0	0	0	1	0	0	1	0	0	0	0	0	1	1	0	0	0	0	0	1	0	0	0	0	0	0	0	1	1	1	0	0	0	1	0	0	0	1	0	0	1	0	1	0	0	0	1	0	0	0	1	0	1	0	0	1	0	1	0	1
Mp6g02700	neg	0	0	0	1	0	0	1	0	1	0	0	0	1	0	0	1	0	0	1	1	0	0	0	0	0	0	0	0	1	0	0	0	0	0	0	1	0	1	1	0	0	1	0	1	0	0	0	1	1	0	0	0	1	1	1	0	0	1	1	1	1	1	0	1	1	0	0	0	0
Mp6g02770	neg	0	0	0	1	0	0	1	0	0	0	0	0	1	0	1	1	0	0	1	0	0	0	0	0	0	0	1	1	0	0	0	1	0	0	0	0	0	0	0	1	0	0	0	0	0	0	0	0	1	1	1	0	0	0	1	0	0	0	0	0	1	1	1	0	0	0	1	0	1
Mp6g05320	neg	0	0	0	0	0	0	1	0	0	0	0	0	1	0	0	0	0	0	0	0	1	0	0	0	0	0	1	1	0	1	1	0	0	1	0	1	1	0	0	0	0	0	1	0	0	0	0	0	0	0	1	0	0	0	0	0	1	1	1	0	1	0	0	0	0	0	1	1	0
Mp6g06780	neg	0	0	1	0	1	1	0	0	1	0	0	1	0	0	1	0	1	0	0	0	1	0	0	0	0	0	0	0	0	0	0	0	0	0	0	0	1	0	0	0	0	0	0	0	0	0	1	0	1	0	0	1	0	0	0	0	0	0	0	0	1	0	0	1	1	0	0	0	0
Mp6g08380	neg	1	1	0	0	0	0	0	0	0	1	0	0	1	0	0	0	1	0	0	1	1	1	0	0	0	0	1	0	1	0	1	0	0	0	0	0	0	1	1	1	0	1	1	0	1	0	1	1	0	1	0	1	0	0	0	0	0	0	0	0	0	1	1	1	0	1	1	0	0
Mp6g10540	neg	0	1	1	0	0	0	0	0	0	0	1	0	0	0	0	1	1	0	1	0	1	1	1	0	0	0	0	0	0	0	1	1	0	1	0	0	1	0	0	0	1	0	0	0	1	0	1	1	1	0	0	0	1	0	0	1	1	0	1	1	1	0	0	1	0	1	1	1	1
Mp6g10940	neg	0	0	1	0	0	0	1	0	0	0	0	0	0	0	0	0	1	0	1	0	0	0	1	0	0	0	1	0	0	0	0	0	1	0	0	1	1	1	0	1	0	1	1	1	1	0	0	1	1	0	1	0	0	0	1	1	0	1	1	1	1	1	1	0	0	0	1	0	1
Mp6g11200	neg	0	0	0	0	0	0	0	0	0	0	0	0	0	0	1	1	0	0	1	0	0	1	0	0	0	0	1	0	0	0	0	0	0	0	0	0	0	1	1	0	0	0	1	0	1	0	0	0	0	1	0	1	0	0	1	0	0	1	0	1	0	0	1	0	0	0	1	1	0
Mp6g13280	neg	0	0	0	0	1	0	1	0	1	0	0	0	0	0	0	0	0	0	1	0	0	0	0	0	0	0	1	0	1	0	1	0	0	0	0	0	0	0	0	0	1	0	1	1	0	1	1	1	1	0	0	0	0	0	1	0	0	1	1	1	0	1	1	0	1	0	0	0	0
Mp6g15060	neg	0	0	0	0	0	0	1	0	0	0	0	0	0	0	1	1	0	0	0	0	0	1	0	0	0	0	1	1	0	0	0	1	0	1	0	0	0	0	0	0	0	1	1	0	0	1	1	0	0	1	0	0	0	0	0	0	0	0	1	1	1	0	0	0	0	0	1	0	0
Mp6g15950	neg	1	0	1	0	0	0	0	0	1	1	1	0	0	0	0	0	0	0	0	0	0	1	0	0	0	0	1	0	1	0	0	1	0	1	0	0	1	0	0	0	1	1	0	1	1	1	1	0	0	0	0	0	0	0	0	0	0	0	1	0	0	0	1	0	0	0	0	0	1
Mp6g15980	neg	0	0	0	0	0	0	1	0	0	0	0	1	0	0	0	0	0	0	1	0	0	1	0	0	0	0	1	0	0	0	0	0	0	0	0	0	1	1	0	0	0	0	1	1	1	1	1	0	1	0	0	0	0	0	0	0	1	0	0	0	0	1	0	0	0	0	0	0	1
Mp6g17600	neg	0	0	0	0	1	0	0	0	0	0	0	0	0	0	0	0	1	1	1	0	0	1	0	0	1	0	0	0	0	0	1	0	0	1	0	1	0	0	0	0	0	1	0	1	0	0	1	1	1	0	0	0	0	0	0	0	1	0	0	0	1	0	0	1	0	0	0	1	0
Mp6g19760	neg	0	0	0	0	0	0	1	0	1	0	0	0	0	0	0	1	1	0	0	0	0	0	1	0	0	0	1	1	0	0	1	1	0	1	0	0	0	0	0	1	0	0	0	0	1	0	0	0	1	0	0	0	1	1	0	0	1	1	1	0	1	0	1	1	0	1	1	1	1
Mp6g21200	neg	0	0	1	0	0	0	1	1	0	0	1	0	1	0	0	1	1	0	0	0	1	0	0	0	0	1	0	0	1	0	0	1	0	0	0	0	1	1	0	0	1	1	1	0	0	0	0	1	1	0	1	0	1	0	1	1	1	0	0	1	0	1	0	0	1	0	1	1	1
Mp6g21510	neg	0	0	0	0	1	0	0	0	1	1	0	1	0	0	1	0	1	0	0	0	0	0	0	0	0	0	1	0	0	0	1	1	0	0	0	1	1	1	0	0	1	0	0	1	1	1	1	1	1	1	0	0	1	0	0	0	1	1	1	1	0	1	0	1	1	0	1	0	1
Mp7g01490	neg	0	0	0	0	0	0	0	0	0	0	0	1	0	0	1	0	1	0	1	0	1	1	1	0	0	0	1	0	1	0	1	0	0	0	0	0	0	1	0	1	0	1	0	1	1	1	1	1	0	0	0	0	0	0	1	0	1	0	0	0	0	0	0	0	1	0	1	1	1
Mp7g04400	neg	0	0	1	1	0	0	0	0	0	0	0	1	0	0	1	0	0	0	0	0	0	1	0	0	0	0	0	0	0	0	0	0	0	1	0	0	1	0	0	1	0	1	0	0	1	0	0	0	0	0	0	0	0	0	0	0	0	0	0	0	0	1	1	0	0	1	1	0	1
Mp7g04880	neg	0	0	0	1	0	0	1	0	0	0	1	0	0	0	1	1	0	0	0	0	0	1	0	0	0	0	0	0	1	0	1	1	0	1	0	1	0	0	0	0	1	1	0	1	0	0	0	1	0	0	0	1	0	0	0	0	0	1	0	1	0	0	0	0	1	1	0	0	1
Mp7g06510	neg	0	0	1	1	0	0	1	0	1	0	0	1	0	0	0	1	0	1	0	0	1	0	0	0	0	1	0	0	0	1	1	0	0	1	0	0	1	1	1	0	0	1	0	0	0	0	0	1	1	1	0	1	0	0	0	0	1	0	1	1	1	0	0	0	0	0	0	0	1
Mp7g06600	neg	0	0	0	0	1	1	1	1	0	0	0	0	0	0	1	0	0	0	0	0	0	1	0	0	0	1	0	0	1	0	0	1	0	0	0	0	0	0	0	0	1	1	1	1	1	1	1	1	0	0	0	1	0	0	1	0	0	1	1	0	0	1	1	0	0	1	1	1	1
Mp7g06720	neg	1	0	1	0	0	0	1	1	0	0	0	0	1	0	1	0	1	1	0	0	1	0	1	0	0	0	0	0	0	0	1	0	0	1	0	0	1	1	0	0	0	1	1	0	1	1	0	1	1	0	1	0	1	1	0	0	1	0	0	1	1	1	0	1	1	0	1	0	1
Mp7g07080	neg	0	0	0	0	0	0	0	0	1	0	0	0	0	0	0	0	0	0	1	0	1	0	0	0	0	0	0	0	0	0	0	0	0	1	0	0	0	0	0	0	0	1	1	0	0	0	0	0	0	0	0	0	0	0	0	0	1	1	0	1	1	0	0	0	1	0	0	0	1
Mp7g08090	neg	0	0	0	0	0	0	1	0	1	0	0	1	0	0	1	1	0	0	1	0	1	1	0	0	0	0	0	0	0	0	0	1	0	0	0	1	0	0	0	0	0	0	1	0	0	0	0	1	0	1	0	1	0	0	0	0	0	1	1	0	0	1	0	0	0	0	0	0	0
Mp7g09550	neg	0	1	1	0	0	0	1	0	1	0	0	0	0	0	1	0	0	0	1	1	0	0	0	0	0	0	1	0	0	0	0	0	0	0	0	1	1	0	0	0	0	0	1	0	0	0	0	1	1	1	1	1	0	0	1	0	1	0	1	1	0	0	0	0	0	1	1	1	1
Mp7g09600	neg	0	0	1	0	0	0	1	0	1	0	0	1	0	0	1	0	1	0	0	0	0	1	0	0	0	0	1	0	1	0	1	1	0	0	0	0	0	0	0	0	0	0	0	0	1	0	0	0	0	0	0	1	0	0	0	1	0	0	1	1	0	1	1	1	0	0	1	0	1
Mp7g09720	neg	0	0	0	0	1	1	1	1	1	0	0	0	0	0	0	1	1	0	0	0	0	0	0	0	0	0	0	0	1	0	0	1	0	1	0	0	1	0	0	0	0	0	0	0	1	0	1	0	1	0	0	0	0	0	0	0	1	0	0	1	1	0	1	0	0	0	1	0	1
Mp7g09900	neg	0	0	1	1	0	0	1	0	1	0	0	0	0	0	1	0	1	0	1	0	0	1	0	0	0	0	1	0	1	1	1	0	0	0	0	0	0	0	0	0	1	1	1	0	0	1	0	0	1	0	0	0	0	0	0	0	1	1	1	0	1	0	0	0	0	1	1	1	1
Mp7g10360	neg	0	0	0	1	1	0	0	0	0	1	0	0	0	1	1	1	0	0	0	0	0	1	1	0	0	0	1	1	0	0	1	1	0	0	0	0	0	0	0	0	0	1	1	0	1	0	1	1	0	0	1	0	0	0	0	0	0	1	0	1	1	1	0	1	0	0	0	1	0
Mp7g10870	neg	0	0	0	1	0	0	1	0	1	0	0	0	0	0	0	0	0	0	1	1	0	0	0	0	0	0	1	1	0	0	0	1	0	0	0	0	0	1	0	1	0	1	1	0	0	1	0	0	1	0	0	0	0	0	0	0	0	0	1	1	1	1	0	0	0	0	1	0	1
Mp7g12290	neg	0	0	1	0	1	0	1	0	1	0	1	0	0	0	1	1	1	0	0	0	0	0	1	0	0	1	0	0	0	0	0	0	0	0	0	0	0	1	0	0	1	0	1	0	1	1	0	0	0	1	1	1	0	0	1	0	1	1	1	0	1	1	0	1	1	0	0	1	1
Mp7g14570	neg	0	0	0	0	0	0	0	0	0	0	0	0	1	0	1	0	1	0	0	0	0	1	0	0	0	0	0	0	0	0	0	1	0	0	0	0	0	0	0	0	0	1	0	0	1	0	0	0	0	0	0	1	0	0	0	0	0	0	1	0	0	0	0	0	0	0	0	0	1
Mp7g15300	neg	0	0	0	1	0	0	1	0	0	0	0	0	0	0	0	1	1	1	0	0	0	1	1	0	0	0	1	0	0	0	1	1	0	1	0	1	0	1	0	0	1	0	1	0	1	1	1	1	1	1	0	1	1	0	0	1	1	0	1	1	1	0	1	1	0	0	1	1	0
Mp7g15970	neg	0	0	1	0	0	0	0	0	0	0	0	0	1	0	0	1	0	0	0	0	1	1	1	0	0	0	0	0	0	0	0	1	0	0	0	1	0	0	0	0	1	0	0	1	1	1	0	0	1	0	1	0	0	0	0	0	1	0	0	0	1	0	0	0	1	0	0	1	0
Mp7g16950	neg	0	0	0	0	1	0	1	0	0	0	0	0	0	0	0	1	0	0	1	0	1	1	0	0	0	0	0	0	0	0	0	0	0	0	0	0	0	0	0	0	0	0	0	0	1	0	0	0	0	0	0	1	1	0	1	1	0	0	0	0	0	0	1	1	0	0	1	0	1
Mp7g16990	neg	0	0	0	0	1	0	1	0	0	0	0	0	0	0	0	1	1	0	0	0	0	1	0	0	0	0	1	0	1	0	0	0	0	0	0	0	0	0	0	0	0	0	1	0	1	0	1	0	0	0	0	0	0	0	0	1	0	0	1	0	1	0	0	0	0	1	1	0	1
Mp7g17000	neg	0	0	0	0	1	0	1	0	0	0	0	0	0	0	0	1	1	0	0	0	0	1	0	0	0	0	1	0	1	0	0	0	0	0	0	0	0	0	0	0	0	0	1	0	1	0	1	0	0	0	0	0	0	0	0	1	0	0	1	0	1	0	0	0	0	1	1	0	1
Mp7g17980	neg	0	0	1	0	0	0	1	0	1	0	0	0	0	0	0	1	1	1	1	0	1	0	1	0	0	0	0	0	1	0	0	0	0	0	0	1	1	0	0	0	0	1	1	0	1	0	1	1	1	0	0	0	0	0	0	0	0	1	0	0	0	0	1	0	1	0	1	1	0
Mp7g19290	neg	0	0	1	0	0	0	0	0	1	0	0	0	1	0	0	1	0	0	0	0	0	0	0	0	0	0	0	0	1	1	0	0	1	1	0	1	1	1	0	0	0	1	1	0	1	0	0	0	0	1	1	1	0	0	0	0	1	0	1	0	1	0	0	0	0	1	1	0	0
Mp7g19650	neg	0	0	1	0	0	0	1	0	1	0	0	0	0	0	0	1	0	0	1	1	1	1	0	0	0	0	0	0	0	0	0	1	0	1	1	1	0	0	0	0	1	1	1	0	1	0	0	1	0	0	0	1	0	0	0	0	1	1	1	1	1	1	0	0	0	0	1	1	0
Mp7g19730	neg	0	0	0	1	1	0	1	0	1	0	0	0	0	1	0	0	1	0	1	0	0	1	1	0	0	0	0	0	0	1	0	1	0	0	0	1	1	0	0	0	1	1	1	1	1	1	0	1	0	1	1	1	1	0	0	1	0	1	1	0	0	1	0	0	0	1	1	0	0
Mp8g00730	neg	1	0	1	1	1	0	1	1	0	1	1	1	0	0	1	0	1	0	0	0	1	0	1	0	0	0	0	0	1	0	0	1	0	1	1	1	1	0	0	0	1	0	1	1	1	0	1	1	0	1	0	0	0	0	0	0	0	0	0	1	1	0	0	0	1	0	1	1	1
Mp8g00760	neg	0	0	1	1	0	0	1	0	0	0	0	0	0	0	0	0	1	0	0	0	1	1	0	0	1	0	0	0	0	0	1	0	0	0	0	0	0	0	0	0	0	1	0	0	0	0	0	0	0	1	0	0	0	0	0	0	1	0	0	0	1	0	1	0	0	0	0	1	0
Mp8g00810	neg	1	0	0	0	0	0	1	0	0	0	0	0	0	0	0	1	0	0	1	0	1	0	0	0	1	0	1	0	0	0	0	0	0	0	0	1	1	1	1	0	0	0	1	0	1	1	0	0	1	0	0	0	0	0	1	0	1	0	1	1	1	0	1	1	1	0	1	0	0
Mp8g00950	neg	0	0	0	1	0	0	1	0	1	0	1	0	0	0	1	1	0	0	0	0	0	1	0	0	0	0	0	0	0	0	0	1	0	0	0	0	1	0	0	0	0	0	1	0	1	0	1	1	1	0	1	0	1	1	1	0	0	0	0	0	0	0	0	0	0	0	1	0	1
Mp8g01100	neg	0	0	0	1	1	0	1	0	0	1	0	1	0	1	1	1	1	0	0	0	1	1	1	0	0	0	0	0	0	0	1	0	0	0	0	0	1	1	0	0	1	1	1	0	0	1	1	0	1	1	0	1	0	0	1	0	1	0	1	0	0	0	0	0	0	0	1	0	1
Mp8g01330	neg	0	0	0	1	0	0	1	1	1	0	0	0	0	0	0	0	0	0	0	1	0	0	0	0	0	0	1	1	0	0	0	1	0	0	0	0	0	0	0	0	1	0	0	0	1	1	1	0	0	0	0	0	0	0	0	0	1	0	0	0	1	0	0	0	0	0	1	1	1
Mp8g01420	neg	0	0	0	0	0	0	0	0	0	0	0	0	0	0	1	0	1	0	0	0	0	1	0	0	1	0	1	1	0	0	0	0	0	0	0	0	0	1	0	0	1	1	1	0	0	1	0	0	1	0	0	0	0	0	0	1	1	1	1	0	0	0	0	0	0	1	1	1	0
Mp8g01590	neg	0	0	0	1	1	1	0	0	1	1	0	0	1	0	1	1	0	1	1	0	1	0	0	0	0	0	1	0	1	0	1	0	0	0	0	0	0	0	0	0	0	1	1	1	0	0	1	0	1	0	1	0	0	0	0	0	1	0	1	0	1	1	0	0	1	0	0	0	1
Mp8g03090	neg	1	0	0	1	0	0	0	0	0	0	0	0	0	0	0	1	0	0	1	0	1	0	0	0	0	0	0	0	1	0	0	0	0	0	0	0	1	1	1	0	1	1	1	0	1	0	1	1	0	0	0	0	0	0	0	0	0	0	0	0	1	0	0	0	0	0	1	0	0
Mp8g03790	neg	0	0	0	1	0	0	1	0	0	0	0	0	0	0	1	0	0	0	1	0	0	0	0	0	0	0	0	0	0	0	1	1	0	0	0	0	0	0	0	0	0	1	0	0	1	1	0	1	0	0	0	0	1	0	0	0	0	0	1	1	1	1	1	1	0	0	1	0	1
Mp8g04840	neg	0	0	0	1	0	0	1	1	0	0	0	0	1	0	0	0	1	0	1	0	1	0	0	0	0	0	0	0	1	0	1	1	0	0	0	1	1	0	0	0	1	0	0	0	0	0	1	1	0	1	1	0	0	0	1	0	1	0	0	0	0	1	0	1	0	1	1	0	1
Mp8g06100	neg	0	0	1	1	1	0	1	0	1	0	0	0	1	0	0	0	0	0	1	0	0	0	0	0	0	0	1	0	0	1	0	0	0	0	0	0	0	0	0	0	0	0	0	0	0	1	1	0	1	0	0	0	0	0	0	0	1	1	0	0	0	0	0	1	0	0	0	1	1
Mp8g07230	neg	0	0	1	0	1	0	1	0	0	0	0	0	0	0	0	0	0	0	1	0	1	0	1	0	0	0	0	0	0	0	1	0	0	0	0	0	0	1	0	0	0	1	0	1	0	1	0	1	1	0	0	0	1	1	0	0	0	1	0	0	1	1	0	1	0	0	0	1	1
Mp8g07920	neg	1	0	1	0	0	0	1	0	1	0	1	0	0	0	1	0	0	0	0	0	0	0	0	0	0	0	1	0	0	0	0	0	0	0	0	0	0	0	0	0	0	0	0	1	1	0	1	1	0	0	1	0	0	0	0	1	1	0	0	0	1	1	0	0	0	0	0	1	1
Mp8g08390	neg	0	0	1	1	0	0	1	0	1	1	0	0	0	0	1	0	1	0	0	1	1	1	0	0	0	0	0	0	0	0	1	1	0	0	0	0	0	0	0	0	0	1	1	0	0	1	1	0	1	0	0	1	1	0	1	1	1	1	1	1	1	0	0	1	1	0	1	0	1
Mp8g10140	neg	1	0	0	1	0	0	1	0	1	1	0	1	0	0	1	0	0	0	0	0	1	0	1	0	0	0	0	0	1	0	0	1	0	1	0	0	0	0	0	0	1	1	1	1	1	1	0	0	0	0	0	0	0	0	0	0	0	0	0	0	0	0	1	0	0	0	0	1	1
Mp8g14010	neg	0	0	0	0	0	0	0	0	0	0	0	0	1	0	0	1	1	0	0	0	0	0	0	0	0	0	1	1	0	0	0	1	0	0	0	0	0	1	0	0	1	1	0	1	1	1	1	0	0	1	0	1	0	0	0	0	0	0	0	0	1	0	1	0	0	0	0	1	0
Mp8g14300	neg	0	0	0	1	1	0	1	1	0	0	0	0	0	0	1	0	0	0	0	0	1	0	1	0	0	0	1	0	1	0	0	1	0	0	0	0	0	0	0	0	0	0	0	1	1	0	1	0	1	0	0	0	0	0	0	0	0	0	1	1	1	0	0	1	1	1	0	0	1
Mp8g16070	neg	0	0	0	0	1	0	1	0	0	0	0	0	0	0	0	0	0	0	0	0	0	1	0	0	0	0	0	0	1	0	1	0	1	0	0	0	0	0	0	0	0	0	1	0	1	0	0	0	0	0	1	0	1	1	0	0	1	0	1	0	0	0	1	0	1	0	0	0	1
Mp8g16180	neg	0	0	0	0	0	0	1	1	0	0	0	0	0	0	1	0	0	0	1	0	1	0	0	0	0	0	1	0	0	0	0	1	0	0	0	0	1	0	0	0	0	0	0	0	1	0	0	0	1	0	0	0	0	0	0	0	0	0	0	1	0	0	1	0	0	0	0	0	0
Mp8g17320	neg	0	0	1	0	0	0	0	0	0	0	0	0	0	0	1	0	1	0	0	0	0	1	0	0	0	0	0	0	0	1	0	0	0	1	0	0	0	0	0	0	1	1	0	1	1	0	1	1	0	0	0	1	0	0	0	0	0	0	1	0	0	0	0	0	0	0	1	0	1
Mp8g17370	neg	1	1	1	1	0	0	1	0	1	0	0	0	0	0	1	0	1	0	0	0	0	0	0	0	0	0	0	0	0	0	0	0	0	1	0	1	1	0	0	0	1	0	0	0	1	1	1	0	0	1	0	1	0	0	0	0	0	0	0	1	0	1	1	0	1	0	0	0	1
Mp8g18890	neg	0	1	1	0	0	0	1	0	0	0	0	1	1	0	1	1	0	1	0	0	1	0	1	0	0	1	0	0	1	0	1	1	0	0	0	1	0	0	0	0	1	0	1	0	0	0	1	0	0	0	1	0	1	0	1	1	1	0	0	1	0	0	0	0	1	1	1	0	1
Mp8g19010	neg	0	0	0	0	0	0	0	0	0	0	0	0	0	0	0	1	1	0	0	0	0	0	0	0	0	0	0	0	0	0	1	0	0	0	0	0	0	0	0	0	1	1	0	0	0	1	1	1	0	0	1	0	1	0	0	0	1	0	1	1	0	1	0	1	1	0	0	1	1
MpVg01150	neg	1	0	0	0	0	0	1	0	1	0	0	0	1	0	0	0	0	0	0	0	0	1	0	0	0	0	0	0	1	0	0	0	0	0	0	0	0	0	0	0	0	1	1	0	1	0	0	1	1	0	0	0	0	0	1	1	0	1	0	0	0	1	0	0	1	0	0	1	1
Mpzg00240	neg	0	0	0	1	0	0	1	1	0	0	1	0	1	0	0	1	0	0	1	1	0	0	1	0	0	0	0	0	1	0	0	0	0	0	0	0	0	1	0	1	0	0	1	1	1	0	0	1	1	1	0	1	1	0	1	0	1	0	0	1	1	1	1	1	1	0	1	0	1
Mpzg01330	neg	0	1	0	0	0	0	1	0	1	1	0	0	0	0	1	0	0	0	1	0	0	1	0	0	0	0	0	0	0	0	1	0	0	0	0	1	1	0	0	1	0	0	0	1	0	0	1	0	0	0	0	0	0	0	0	1	1	0	1	0	1	0	0	0	1	0	0	0	0
