X	Class	AAGGTG	AATGCG	ACAGCT	ACAGTTG	ACCAGA	ACCTTC	ACTCAGA	ACTGCCT	ACTGCT	AGCGTG	AGCTAG	AGCTAGC	AGCTGTA	AGCTTA	AGGCAC	AGGCAT	AGGCATG	AGTGGG	ATGACG	ATGAGTG	ATGCCTC	CAACAG	CACTGA	CAGCTC	CAGGTC	CATGCA	CATGCC	CATTCC	CCCAGG	CCTCAG	CCTGAC	CCTGGA	CCTGTA	CCTGTAA	CCTTCA	CTCAGC	CTGAAC	CTGCAA	CTGCCA	CTGGCC	CTGTAC	CTTATC	CTTCAC	GAGCCA	GGCCTA	GGTCAGGA
Mp1g00550	pos	1	0	0	0	0	1	0	0	0	0	0	0	0	0	0	0	0	1	0	0	0	1	0	1	0	1	0	1	0	1	1	1	0	0	1	1	1	0	0	1	0	0	1	1	0	0
Mp1g01810	pos	0	0	0	0	0	0	0	0	1	1	0	0	0	1	0	0	0	1	0	1	0	0	0	0	1	1	1	0	0	0	1	0	0	0	0	0	1	0	1	1	1	0	0	1	0	0
Mp1g02260	pos	0	1	1	1	0	1	1	0	0	1	1	0	0	1	0	1	0	1	1	0	0	1	1	1	1	0	0	1	0	0	0	1	1	1	1	1	1	1	1	1	1	1	1	1	0	0
Mp1g02880	pos	0	1	0	1	1	1	0	1	1	1	1	1	0	0	1	0	0	1	0	1	0	1	0	1	1	0	0	0	1	1	1	0	1	0	1	1	1	0	1	1	1	0	1	1	0	0
Mp1g03750	pos	1	0	1	0	0	1	1	0	1	1	0	0	0	0	1	1	1	1	0	1	0	1	1	1	1	1	1	0	1	0	1	1	1	0	0	0	1	1	1	1	1	0	1	0	0	0
Mp1g03760	pos	1	0	1	0	0	1	1	0	1	1	0	0	0	1	1	1	1	1	0	1	0	1	1	1	1	0	1	0	1	0	1	1	1	0	0	0	1	1	0	1	1	0	1	0	0	0
Mp1g04150	pos	1	1	1	1	1	1	0	0	0	1	0	0	0	1	1	1	1	1	0	0	0	0	0	1	1	1	1	0	1	1	1	0	0	0	1	0	1	1	0	0	0	1	1	0	0	1
Mp1g04750	pos	1	1	1	0	0	1	0	0	0	0	0	0	0	1	0	1	0	1	1	0	1	1	1	1	1	1	1	0	0	1	1	1	1	0	1	0	1	0	1	1	1	1	1	0	1	1
Mp1g06440	pos	1	0	1	0	0	1	0	0	1	0	1	0	1	1	0	0	0	1	1	1	0	1	1	1	1	1	0	1	0	0	1	1	0	0	1	1	1	1	1	1	0	0	1	1	0	0
Mp1g06980	pos	1	0	0	0	0	0	0	0	0	0	0	0	0	0	1	1	0	0	0	0	0	0	1	1	1	0	0	0	0	0	1	0	0	0	1	0	1	0	1	1	0	0	1	0	1	0
Mp1g07510	pos	0	0	1	0	1	0	0	0	1	0	0	0	1	0	1	1	0	1	0	0	0	0	0	1	1	1	0	0	0	0	0	0	0	0	1	0	0	0	1	0	1	1	1	1	0	0
Mp1g07620	pos	1	1	0	0	1	1	1	0	1	1	1	0	0	0	1	0	0	1	0	0	0	0	1	1	1	1	0	1	1	1	0	1	1	1	1	1	0	1	1	0	1	1	0	1	0	0
Mp1g07630	pos	1	1	0	0	1	1	0	0	0	0	0	0	0	0	0	1	0	0	0	0	1	1	1	0	0	1	1	1	0	0	0	1	1	1	1	0	1	1	0	1	0	0	0	0	0	0
Mp1g08130	pos	1	1	0	0	0	1	0	1	1	1	0	0	0	0	0	0	0	0	1	0	0	1	1	1	1	1	0	1	1	1	0	1	0	0	0	0	0	0	1	0	1	1	1	1	0	0
Mp1g08490	pos	1	1	1	0	0	1	0	0	0	1	0	0	0	0	0	0	0	1	1	0	0	0	0	1	1	1	1	1	1	0	1	0	0	0	1	0	1	1	1	1	1	0	0	1	0	0
Mp1g10940	pos	1	0	0	0	1	1	0	0	0	0	0	0	0	1	0	0	0	0	0	0	0	0	0	0	0	0	0	0	0	0	1	1	0	0	0	0	1	1	1	1	0	1	1	1	0	0
Mp1g11770	pos	1	1	0	0	1	1	0	0	0	1	0	0	0	0	1	0	0	0	0	0	0	1	0	1	1	0	0	0	0	0	0	1	0	0	0	0	0	0	1	1	0	1	1	1	0	0
Mp1g12420	pos	1	0	1	0	0	1	1	0	1	0	0	0	1	0	1	0	0	1	1	0	0	0	1	1	0	0	1	1	0	0	0	0	1	1	1	1	0	1	1	0	1	0	1	0	0	0
Mp1g13110	pos	0	1	1	1	1	0	0	0	0	0	0	0	0	0	0	0	0	0	0	0	0	0	1	0	1	1	0	1	1	0	0	1	0	0	1	1	1	1	1	1	1	1	1	0	1	0
Mp1g17610	pos	0	1	0	0	0	0	0	1	0	0	1	0	0	1	0	1	0	1	0	1	0	0	0	0	0	1	0	0	0	1	1	0	0	0	0	0	0	0	1	0	0	0	1	0	0	0
Mp1g17670	pos	0	1	1	0	1	0	0	0	1	1	0	0	0	0	1	1	0	0	0	0	0	0	0	1	0	0	0	0	1	1	0	1	0	0	1	1	0	1	1	0	0	0	0	1	0	0
Mp1g17840	pos	1	1	1	0	1	1	0	0	1	0	0	0	0	0	1	1	0	1	1	0	1	0	1	1	1	1	1	1	1	1	1	1	1	0	0	0	1	1	0	1	1	0	1	0	0	0
Mp1g17910	pos	1	1	1	0	0	1	0	0	1	1	0	0	1	1	0	0	0	0	1	0	0	1	0	1	0	0	1	0	0	0	1	1	0	0	1	0	1	0	1	1	1	0	1	1	0	0
Mp1g20010	pos	0	1	0	0	1	0	0	0	1	1	0	0	0	1	0	1	1	0	0	0	0	0	1	0	1	1	1	1	0	0	1	0	0	0	1	0	1	1	1	0	1	1	1	0	0	0
Mp1g20830	pos	1	1	1	1	0	1	0	1	1	0	1	1	1	0	1	0	0	1	1	0	0	1	1	1	0	0	0	1	0	0	1	0	0	0	0	1	1	1	1	1	0	1	0	1	0	0
Mp1g21980	pos	0	0	1	0	0	1	0	0	1	1	1	0	0	1	0	1	0	0	1	0	1	0	0	1	0	1	0	0	1	1	1	1	0	0	1	1	1	0	0	0	1	1	1	1	0	1
Mp1g23430	pos	1	1	0	0	0	1	1	0	0	0	0	0	0	0	0	0	0	0	0	0	0	1	0	0	1	0	1	1	0	0	0	0	0	0	1	0	1	1	0	1	0	0	0	0	0	0
Mp1g24830	pos	0	1	0	0	0	0	0	0	0	1	0	0	0	1	0	0	0	1	1	0	0	1	1	1	0	1	0	1	1	1	1	1	0	0	1	1	0	0	0	1	0	0	0	1	0	0
Mp1g25130	pos	0	0	1	0	0	1	0	0	1	1	1	0	1	1	1	1	0	0	1	1	1	1	1	1	1	1	0	1	0	1	1	1	1	0	1	0	1	1	1	1	0	1	1	0	1	0
Mp1g25980	pos	1	1	0	0	0	1	1	0	1	1	1	0	0	0	0	1	1	0	1	0	1	0	0	1	1	1	1	1	1	1	0	0	0	0	0	1	1	0	0	1	1	0	0	0	1	0
Mp1g26230	pos	0	0	0	0	0	1	0	0	1	1	0	0	0	0	0	0	0	1	1	0	0	0	0	1	1	0	0	0	0	1	1	1	1	0	0	1	1	1	0	1	0	0	0	1	0	0
Mp1g26920	pos	0	1	1	0	1	0	0	0	1	0	1	0	1	1	0	0	0	0	0	0	0	0	0	1	1	1	1	1	0	0	0	0	1	0	0	0	0	0	0	0	1	0	0	0	0	0
Mp1g27920	pos	1	1	1	1	0	1	0	0	0	0	0	0	0	0	0	0	0	1	1	0	0	1	1	1	0	1	0	0	0	1	0	0	1	1	1	1	0	1	1	0	0	1	0	1	0	0
Mp1g28180	pos	0	0	1	1	0	0	0	1	1	0	0	0	0	1	0	1	1	0	1	0	1	1	1	0	1	1	1	1	0	1	1	1	0	0	0	1	1	0	1	0	1	0	1	0	0	0
Mp1g28780	pos	1	1	1	0	0	1	0	0	1	0	0	0	0	1	0	0	0	0	1	0	0	1	0	1	1	1	0	0	1	1	0	0	0	0	1	1	0	1	1	0	1	1	1	1	0	0
Mp1g29350	pos	1	0	1	0	0	1	0	0	1	0	0	0	0	1	1	1	0	0	0	0	1	0	0	1	0	1	0	1	1	1	1	1	0	0	1	0	1	1	1	1	0	0	1	1	0	0
Mp2g01420	pos	0	1	1	1	1	1	1	0	1	0	1	1	0	1	1	0	0	1	0	0	0	1	1	1	1	1	0	0	0	0	0	1	0	0	0	0	0	1	0	1	0	0	1	0	1	0
Mp2g01710	pos	0	0	1	1	0	0	1	0	1	1	0	0	0	1	0	0	0	0	1	0	0	1	1	1	0	0	1	0	1	0	0	0	1	1	1	0	0	1	1	0	1	0	0	1	0	0
Mp2g02090	pos	1	1	1	0	0	1	0	0	1	1	1	0	1	1	1	0	0	0	1	0	0	1	1	0	1	0	0	1	0	0	1	0	1	0	1	0	1	1	1	1	1	1	1	1	0	0
Mp2g02520	pos	1	0	1	1	1	1	0	1	1	0	0	0	0	0	0	1	0	0	1	0	0	1	1	1	1	1	1	0	1	0	0	1	0	0	1	0	1	1	0	1	0	0	1	0	0	0
Mp2g04920	pos	1	0	1	0	0	1	0	0	0	0	1	0	1	1	1	0	0	0	0	0	0	1	1	0	0	0	0	0	1	1	0	1	1	1	1	1	0	1	1	1	1	1	1	1	0	0
Mp2g05910	pos	0	1	1	1	0	0	0	0	1	1	1	1	1	0	0	1	0	0	1	0	1	0	1	1	0	1	1	1	0	1	1	1	0	0	1	1	1	1	1	1	0	1	1	1	0	1
Mp2g06780	pos	1	1	0	0	0	0	0	0	1	0	0	0	0	0	1	1	0	0	1	0	1	1	1	1	1	1	1	1	0	0	0	1	0	0	0	0	1	1	1	0	1	1	1	1	0	0
Mp2g07500	pos	0	1	0	1	1	0	0	0	1	1	1	1	0	1	0	1	1	0	0	1	0	0	1	1	1	1	1	1	1	0	1	1	0	0	1	1	1	1	0	1	0	1	1	0	1	1
Mp2g07510	pos	1	0	0	0	1	0	0	1	0	1	1	0	0	1	1	1	0	0	1	1	1	0	1	1	0	1	1	0	0	0	0	0	0	0	1	1	1	0	0	1	1	0	1	0	0	0
Mp2g08290	pos	0	0	1	0	0	1	0	0	1	0	1	0	1	1	1	0	0	0	0	0	0	1	0	0	1	0	1	0	1	1	1	1	1	0	1	0	0	1	1	0	1	0	1	1	0	0
Mp2g09200	pos	0	0	1	0	1	0	0	0	1	1	0	0	0	0	0	1	0	1	1	0	0	1	0	1	1	1	0	1	1	1	1	1	0	0	0	0	1	0	1	0	0	1	1	1	0	0
Mp2g09560	pos	1	1	0	0	1	1	0	0	1	1	0	0	0	0	0	1	0	0	1	1	1	0	1	1	0	0	0	1	0	0	0	0	0	0	1	0	0	1	0	0	1	0	1	1	0	0
Mp2g09820	pos	0	0	0	0	0	0	0	0	0	1	0	0	0	0	0	0	0	1	1	0	0	1	0	0	0	1	1	1	0	1	1	1	0	0	0	1	0	1	0	1	0	0	0	1	0	0
Mp2g10090	pos	0	1	1	0	0	1	0	0	1	0	0	0	0	0	0	1	0	0	1	0	0	1	0	1	1	1	1	0	1	0	1	0	0	0	0	1	0	1	1	1	1	1	1	1	0	0
Mp2g11960	pos	0	0	1	0	0	0	0	0	0	0	0	0	0	1	1	0	0	0	1	0	0	0	1	1	1	1	0	1	1	1	0	0	0	0	0	1	0	0	1	0	0	1	1	0	0	0
Mp2g12220	pos	0	0	1	1	0	0	0	0	1	0	0	0	1	1	0	0	0	0	0	0	0	0	1	1	1	1	0	1	1	1	1	1	0	0	1	0	0	0	0	0	0	1	1	1	0	0
Mp2g12940	pos	1	1	0	1	1	1	1	0	1	1	1	0	0	1	0	1	1	0	0	0	0	1	0	0	0	1	1	1	0	0	0	1	1	0	1	0	1	1	0	0	1	1	1	1	0	0
Mp2g13870	pos	1	1	0	1	0	1	0	1	0	0	1	1	0	0	0	1	0	1	0	1	0	0	0	0	0	0	0	0	0	0	0	1	0	0	1	0	1	0	0	0	0	0	1	0	0	0
Mp2g15690	pos	0	1	0	0	1	1	1	0	0	0	0	0	0	0	0	0	0	0	1	0	0	0	1	1	1	1	0	1	1	1	0	0	0	0	1	1	1	1	1	0	0	0	1	0	0	0
Mp2g15700	pos	0	0	1	0	1	1	0	0	1	0	0	0	0	1	0	1	0	1	0	0	1	1	1	1	0	1	0	0	0	1	0	0	1	0	1	1	1	1	0	0	0	1	1	1	1	0
Mp2g16130	pos	1	1	0	0	0	0	0	0	1	1	0	0	0	1	0	1	1	1	0	0	0	0	0	0	0	0	1	1	0	0	0	0	0	0	0	1	0	0	1	1	0	0	1	0	0	0
Mp2g17500	pos	1	1	1	0	1	1	0	0	1	1	0	0	0	0	1	0	0	1	1	1	0	0	1	1	0	1	0	0	0	1	0	1	0	0	1	1	1	1	1	1	0	0	1	0	1	0
Mp2g18080	pos	1	0	0	0	0	0	0	0	1	0	0	0	0	0	0	0	0	0	1	0	0	1	0	1	0	0	0	1	1	1	1	1	0	0	1	0	0	0	1	0	0	0	1	0	0	0
Mp2g18760	pos	1	0	1	0	1	0	0	0	0	0	1	0	0	1	1	0	0	0	1	0	0	1	1	1	1	1	0	1	0	0	1	1	1	1	1	0	1	1	1	0	1	1	1	1	0	0
Mp2g20470	pos	0	0	1	0	0	1	1	1	1	0	0	0	0	1	1	1	0	1	0	0	1	1	1	0	1	0	0	1	0	1	0	1	1	0	1	1	1	1	0	0	0	1	1	0	0	0
Mp2g21710	pos	1	1	0	0	1	1	0	0	0	0	0	0	0	0	1	1	1	1	0	0	1	0	1	0	1	0	1	0	0	1	1	1	0	0	1	1	1	1	0	0	0	1	1	1	0	1
Mp2g22350	pos	0	1	0	0	1	0	0	0	0	0	0	0	0	0	1	0	0	0	1	0	0	1	1	0	0	0	0	0	0	1	0	0	1	0	1	1	1	0	1	1	1	0	1	0	1	0
Mp2g24070	pos	0	1	0	0	1	1	0	0	0	1	1	1	0	0	1	1	1	1	1	0	1	0	0	1	1	1	1	0	1	0	1	1	0	0	0	0	1	1	1	0	0	0	0	1	0	0
Mp2g24490	pos	1	1	1	0	0	0	0	0	1	1	0	0	0	1	0	0	0	1	0	1	0	1	0	1	1	1	0	1	0	1	1	0	0	0	0	0	1	1	1	0	1	1	1	1	0	0
Mp2g25180	pos	1	1	1	0	0	1	1	0	1	1	0	0	0	1	0	0	0	1	0	0	0	1	1	1	1	1	1	1	0	0	1	0	1	1	1	0	1	1	1	0	1	0	1	1	0	0
Mp3g01320	pos	0	0	0	0	0	1	0	0	1	1	0	0	0	1	0	1	1	1	1	0	0	0	1	1	1	0	1	1	0	0	1	0	0	0	1	1	1	1	1	1	1	1	0	1	1	1
Mp3g01920	pos	0	1	1	0	1	1	1	0	1	1	1	0	0	0	1	0	0	1	1	1	0	0	0	1	1	1	0	0	1	0	1	1	0	0	1	1	1	1	1	0	1	0	1	1	0	1
Mp3g01940	pos	0	1	0	0	1	0	0	0	1	0	0	0	0	1	1	1	1	0	1	1	1	0	1	1	1	1	1	1	1	1	1	1	0	0	1	1	0	1	1	0	1	1	0	0	0	1
Mp3g03350	pos	0	1	1	0	0	1	0	0	0	0	0	0	1	1	0	0	0	0	1	0	0	1	0	1	0	1	0	1	0	0	0	0	0	0	1	0	1	1	1	0	0	1	1	1	0	0
Mp3g03530	pos	0	1	0	0	1	1	1	0	1	0	1	0	0	0	1	0	0	0	1	0	0	1	0	0	0	1	1	1	0	1	1	0	1	1	1	0	0	1	0	0	0	1	1	1	0	0
Mp3g06140	pos	0	0	0	0	1	0	0	1	1	0	0	0	0	1	0	1	0	1	1	0	0	1	1	1	0	1	1	1	0	0	0	1	0	0	0	1	1	1	0	0	1	1	1	0	0	0
Mp3g06560	pos	0	0	1	0	1	0	1	0	1	0	1	1	0	0	0	0	0	1	1	0	0	1	1	0	0	1	1	0	0	0	1	1	1	0	1	0	1	1	0	0	1	1	1	0	0	1
Mp3g06570	pos	1	0	1	0	1	1	1	1	1	0	1	0	1	1	0	0	0	0	0	0	0	1	1	1	0	0	1	1	0	1	0	0	0	0	1	0	1	1	1	0	0	1	1	1	0	0
Mp3g06650	pos	0	0	1	1	1	1	0	0	0	1	0	0	0	0	0	0	0	1	1	0	0	1	1	1	1	1	0	1	1	1	1	1	0	0	1	1	0	1	1	1	0	1	1	0	1	0
Mp3g06970	pos	0	0	0	0	1	0	0	0	0	0	0	0	0	1	1	0	0	0	1	0	0	1	0	0	1	1	0	1	0	0	1	1	0	0	1	0	1	1	0	0	1	0	1	0	0	0
Mp3g07690	pos	1	1	1	0	0	1	0	0	1	0	0	0	1	1	0	1	1	0	1	1	0	1	1	1	1	0	1	1	1	0	1	1	0	0	1	1	1	1	1	1	1	1	1	1	1	0
Mp3g10210	pos	0	1	0	0	1	1	0	0	1	0	0	0	0	0	0	0	0	1	0	0	0	0	1	1	1	1	1	1	1	1	1	0	0	0	1	1	1	1	1	1	1	0	0	0	0	0
Mp3g10220	pos	0	1	0	0	1	1	0	0	1	1	1	0	0	0	0	0	0	1	0	0	0	1	0	0	1	1	1	1	1	1	1	1	0	0	1	1	0	0	1	1	1	1	0	0	0	0
Mp3g10780	pos	0	1	1	1	0	1	0	0	0	1	1	1	0	0	1	1	0	1	1	0	0	1	0	0	0	1	0	1	0	1	1	0	0	0	0	1	1	0	1	1	0	1	1	0	1	0
Mp3g11280	pos	1	0	1	0	1	1	0	0	1	0	0	0	0	1	0	1	1	1	0	0	1	1	0	1	1	1	1	1	1	0	1	0	1	0	1	1	1	1	1	1	1	1	1	1	0	0
Mp3g11900	pos	1	0	1	1	0	1	0	0	1	1	0	0	1	1	0	0	0	1	0	0	0	1	0	1	1	0	0	1	1	1	1	0	1	0	1	1	0	0	1	0	1	1	0	0	0	1
Mp3g12570	pos	0	0	0	0	1	1	0	1	1	1	0	0	0	1	1	1	1	0	1	0	1	1	1	0	1	1	1	1	1	0	0	1	0	0	1	1	1	1	1	1	0	0	1	1	0	0
Mp3g12790	pos	0	1	0	0	1	0	0	0	1	1	0	0	0	0	0	1	0	1	1	0	0	1	0	1	0	1	0	0	0	0	1	1	0	0	1	0	1	1	1	0	0	0	1	1	0	0
Mp3g14660	pos	0	0	0	0	1	0	0	0	1	0	0	0	0	0	0	1	1	0	1	0	0	0	0	1	0	0	1	0	0	0	1	1	0	0	0	0	1	1	1	1	0	0	0	0	0	1
Mp3g14780	pos	0	1	1	0	1	0	0	1	1	1	0	0	0	0	0	1	0	1	1	0	0	1	1	1	0	0	1	1	0	0	0	0	1	0	0	0	1	1	1	0	1	0	0	1	1	0
Mp3g14900	pos	1	0	1	0	1	1	0	1	1	0	0	0	0	0	0	0	0	0	0	0	0	0	0	1	1	1	0	0	0	1	0	1	1	1	1	1	1	1	0	0	0	0	1	0	0	0
Mp3g15290	pos	1	0	0	0	0	1	0	0	1	0	0	0	0	1	1	1	0	0	1	0	0	1	0	1	0	1	0	1	1	1	1	1	0	0	1	1	0	1	1	1	0	0	1	1	1	1
Mp3g16340	pos	0	0	1	0	0	1	1	0	1	1	0	0	0	0	1	0	0	0	0	0	0	1	1	1	0	0	1	0	0	1	0	0	1	0	1	0	1	1	0	0	1	1	1	1	0	0
Mp3g16430	pos	0	0	0	0	1	0	0	0	0	1	0	0	0	0	1	0	0	0	1	1	0	1	1	1	1	1	0	0	0	1	0	0	1	1	1	0	1	1	1	0	1	0	0	0	0	0
Mp3g16520	pos	0	0	0	0	1	0	0	0	0	1	0	0	0	0	1	1	0	1	0	0	1	0	1	0	0	1	0	1	0	1	1	0	0	0	0	1	1	1	1	0	1	1	0	0	0	0
Mp3g16770	pos	1	0	1	0	1	0	0	0	1	1	1	0	0	0	1	0	0	0	1	0	0	0	0	1	1	1	1	1	0	1	0	0	1	0	0	1	0	1	1	1	1	0	0	1	0	0
Mp3g18050	pos	0	0	0	0	1	1	0	1	1	0	1	1	0	0	0	1	1	1	1	0	1	1	1	1	1	1	1	1	1	1	0	1	1	0	1	0	0	1	1	1	1	0	0	1	1	0
Mp3g19350	pos	1	0	1	0	0	1	0	0	0	1	1	0	0	1	0	1	1	0	0	0	0	1	0	1	1	1	1	1	1	0	0	1	0	0	0	1	0	0	1	0	1	1	1	0	0	0
Mp3g19390	pos	1	0	0	0	1	1	0	0	1	0	0	0	0	1	0	1	0	1	0	0	1	1	0	1	1	1	1	1	0	1	1	1	0	0	0	1	0	1	0	1	1	1	1	1	1	1
Mp3g19610	pos	0	0	1	1	0	0	0	0	1	0	1	1	0	1	0	1	1	1	1	1	0	1	1	1	1	1	1	1	0	0	0	0	0	0	1	1	1	0	1	1	1	0	1	1	0	0
Mp3g20750	pos	1	0	1	0	1	1	0	0	0	1	0	0	0	0	1	1	0	0	1	1	1	1	0	1	0	1	1	0	1	0	0	0	0	0	1	0	1	1	1	1	1	1	0	1	1	0
Mp3g22220	pos	1	1	0	0	0	1	1	0	1	1	1	1	0	1	0	0	0	1	1	0	0	1	1	1	1	1	1	1	1	1	1	1	0	0	1	1	0	1	1	1	0	1	1	1	1	0
Mp3g22240	pos	0	0	1	0	1	1	0	0	1	0	0	0	1	0	0	1	1	0	0	0	1	1	1	1	0	0	1	1	1	0	1	0	1	0	1	0	1	1	1	0	1	1	1	1	0	0
Mp3g25440	pos	0	1	1	0	1	0	1	0	1	0	0	0	0	0	0	1	1	1	1	0	0	0	1	1	1	0	1	1	0	1	0	0	1	0	1	0	1	1	0	1	1	0	0	0	0	0
Mp3g25450	pos	1	0	0	1	1	0	0	1	0	1	0	0	0	0	0	0	0	1	1	1	0	1	0	1	1	1	1	1	1	0	1	1	1	1	0	1	1	1	1	1	0	1	1	1	0	0
Mp4g00380	pos	1	1	1	0	1	1	0	1	1	1	1	1	0	0	0	1	1	0	1	0	0	1	0	1	1	0	1	1	0	0	1	1	1	0	1	1	0	1	1	1	1	0	1	0	1	0
Mp4g00520	pos	1	0	1	0	1	1	0	0	1	0	1	0	0	0	0	0	0	1	0	0	0	1	1	1	1	0	1	0	0	0	0	1	1	0	1	1	1	1	1	1	1	0	1	1	0	0
Mp4g02090	pos	1	1	0	0	0	1	0	0	1	1	1	0	0	0	1	0	0	1	0	0	0	1	0	1	1	1	1	1	0	1	1	1	1	0	1	1	1	1	1	0	1	0	1	0	1	1
Mp4g03120	pos	0	1	1	1	1	1	0	1	0	1	0	0	0	1	1	0	0	1	1	0	0	1	0	1	0	0	0	1	0	0	1	1	0	0	1	1	0	0	0	0	1	1	1	0	0	0
Mp4g04230	pos	1	1	1	0	0	1	0	0	0	1	1	0	0	0	1	0	0	0	0	0	0	1	1	1	1	0	0	1	1	0	0	0	1	1	0	1	0	1	1	1	1	0	0	1	1	0
Mp4g05170	pos	1	0	0	1	1	1	1	1	1	1	0	0	0	0	0	0	0	0	0	0	0	0	0	1	0	1	0	1	0	1	1	0	1	0	1	0	1	0	0	1	1	1	1	1	0	0
Mp4g05440	pos	1	0	1	0	1	0	0	0	1	1	1	0	1	0	1	0	0	0	1	0	0	0	1	1	1	0	1	0	0	1	0	1	1	1	0	1	1	1	1	0	0	1	1	0	0	0
Mp4g05450	pos	1	0	1	1	0	1	0	0	0	1	1	1	1	0	1	1	1	0	0	1	1	1	1	1	1	0	1	0	0	1	0	1	1	0	1	1	1	1	1	0	1	1	1	1	0	0
Mp4g06000	pos	0	0	0	0	1	1	0	0	0	1	0	0	0	0	0	0	0	0	1	1	0	1	1	1	0	1	1	1	0	1	0	0	0	0	1	0	0	1	1	0	0	1	1	1	0	0
Mp4g06290	pos	1	0	1	0	1	1	0	0	0	0	0	0	0	0	1	1	1	0	1	1	1	1	1	1	1	1	1	1	1	1	0	0	1	0	1	1	1	1	0	1	1	0	1	1	0	0
Mp4g07950	pos	1	0	1	0	0	0	0	0	1	0	1	0	1	1	0	1	0	1	0	0	0	1	1	1	1	1	1	0	0	1	1	0	1	1	1	0	0	1	0	0	1	1	0	0	0	0
Mp4g08670	pos	1	0	0	0	1	1	0	0	1	0	1	0	0	0	0	0	0	1	1	0	0	0	1	1	1	1	1	1	0	1	1	1	1	0	1	1	1	1	1	0	1	0	1	1	0	0
Mp4g08770	pos	1	1	1	1	1	0	0	0	0	1	0	0	0	1	0	1	1	0	1	0	0	1	1	1	0	0	1	0	1	1	0	1	1	0	1	1	1	1	0	0	1	0	1	1	0	0
Mp4g09230	pos	0	1	1	0	0	1	0	0	0	1	0	0	0	0	1	0	0	0	1	0	0	1	0	1	1	0	1	1	0	1	1	1	1	0	1	1	0	1	1	0	1	1	1	1	0	0
Mp4g09410	pos	1	0	1	1	0	1	1	1	1	0	1	1	1	0	1	1	0	1	1	0	0	1	1	1	0	1	1	1	1	1	1	1	1	0	1	1	1	1	0	1	1	0	0	1	1	0
Mp4g10510	pos	1	0	0	0	1	1	0	0	1	0	0	0	0	0	0	0	0	1	0	0	0	0	0	0	0	1	1	1	1	0	0	1	0	0	1	0	1	1	1	1	0	0	1	0	0	0
Mp4g11600	pos	1	0	0	0	0	1	1	0	0	0	0	0	0	0	1	1	0	1	1	1	0	1	0	1	0	0	0	1	0	1	1	0	0	0	1	0	1	0	1	0	1	0	1	1	1	0
Mp4g12800	pos	1	1	1	0	0	1	1	0	0	0	0	0	1	0	0	1	1	1	0	1	1	1	0	1	1	1	1	1	0	0	0	0	1	0	0	0	0	1	0	0	1	1	0	1	0	0
Mp4g12810	pos	0	1	1	0	0	0	0	0	1	0	0	0	1	0	0	0	0	1	0	1	0	1	1	1	1	1	0	1	0	0	0	1	0	0	0	0	1	1	0	0	0	1	0	1	0	0
Mp4g13480	pos	0	1	1	0	1	0	0	0	1	1	0	0	0	0	1	0	0	0	1	0	0	1	1	1	0	1	1	1	1	1	0	1	1	0	0	1	1	1	1	1	1	0	1	1	0	0
Mp4g13720	pos	1	0	0	0	1	1	0	0	0	0	1	0	0	0	0	0	0	1	0	0	0	1	0	0	0	0	0	1	1	0	1	1	0	0	1	0	0	0	0	1	0	1	1	1	1	0
Mp4g13730	pos	0	1	0	1	0	1	0	0	1	1	0	0	0	1	0	1	0	0	0	0	0	1	1	1	0	1	0	1	0	1	0	1	0	0	0	0	1	1	0	1	1	1	0	1	1	0
Mp4g13840	pos	1	0	0	0	0	1	0	1	1	0	1	0	0	0	0	0	0	1	0	0	0	1	0	0	1	0	0	0	0	0	1	0	1	0	1	1	1	1	1	0	1	0	0	0	0	0
Mp4g14980	pos	0	0	1	0	1	0	0	0	1	1	0	0	1	0	0	0	0	0	0	0	0	1	0	1	1	1	0	1	0	1	1	1	0	0	1	1	1	1	0	0	1	1	0	0	0	0
Mp4g15010	pos	0	1	1	0	1	0	0	0	1	1	1	1	0	0	0	1	0	0	1	0	0	1	0	0	0	1	1	1	0	1	0	1	1	0	0	1	1	1	1	1	1	0	1	0	0	0
Mp4g16030	pos	0	0	1	0	1	0	0	1	1	1	0	0	1	1	1	1	1	1	1	0	1	1	1	1	1	0	1	0	1	1	1	1	0	0	0	0	1	1	1	0	1	0	1	1	1	1
Mp4g17420	pos	1	0	1	1	0	1	0	1	0	0	1	0	0	1	1	0	0	0	1	1	0	1	0	0	1	1	0	1	1	1	1	0	1	1	1	1	1	1	1	0	0	1	1	1	0	0
Mp4g18210	pos	1	0	0	0	0	1	0	0	1	1	0	0	0	0	0	0	0	1	1	0	0	0	0	1	1	0	1	0	0	0	1	0	1	1	1	1	0	1	1	1	1	1	0	0	0	0
Mp4g22280	pos	1	1	0	0	1	0	0	0	0	0	1	0	0	0	0	1	0	0	0	0	0	0	1	1	0	1	0	0	0	1	0	0	0	0	0	1	1	1	0	0	1	1	1	0	0	0
Mp4g23370	pos	0	1	0	0	0	0	0	1	0	0	1	0	0	1	0	1	1	0	0	0	1	1	1	0	1	1	1	0	0	0	1	0	1	0	0	0	0	1	1	0	1	1	1	1	0	0
Mp4g23480	pos	1	1	0	0	0	0	0	1	1	0	0	0	0	0	1	1	1	0	0	0	1	0	0	1	1	1	1	1	0	1	0	0	0	0	0	0	1	1	0	0	0	1	1	0	0	0
Mp5g00470	pos	1	1	0	0	0	0	0	1	1	1	1	0	0	0	1	1	0	1	0	1	0	0	1	1	0	1	0	0	0	0	0	0	1	1	0	0	0	1	1	0	1	0	1	1	0	0
Mp5g00560	pos	1	1	0	0	1	1	0	0	1	1	1	1	0	0	0	1	0	1	0	0	1	1	1	1	1	1	0	0	0	1	1	0	1	0	0	1	1	1	1	1	1	1	1	0	1	0
Mp5g00590	pos	1	1	1	0	1	1	0	0	0	1	1	1	0	0	0	0	0	0	0	0	0	0	1	1	1	1	1	0	0	0	1	0	1	0	1	0	0	0	0	0	1	0	1	1	0	0
Mp5g02800	pos	1	0	1	0	1	1	0	0	0	0	0	0	0	1	1	0	0	1	1	0	0	0	0	0	0	0	0	1	0	0	1	1	0	0	1	0	0	1	1	1	1	1	1	1	1	0
Mp5g04070	pos	0	0	0	0	1	0	0	1	1	0	1	1	0	1	0	0	0	1	0	0	0	0	0	1	0	1	0	1	1	1	1	0	0	0	0	1	0	1	1	1	1	0	0	0	0	0
Mp5g04760	pos	1	0	0	0	0	1	0	1	1	0	0	0	0	0	0	0	0	1	0	0	0	1	1	0	0	1	0	1	0	0	0	0	0	0	1	0	1	0	0	0	0	1	1	0	1	0
Mp5g05730	pos	1	0	0	0	1	1	0	0	1	0	0	0	0	0	0	1	1	0	1	0	0	1	1	0	1	1	1	1	0	0	0	1	0	0	0	0	1	1	1	1	0	0	0	1	0	0
Mp5g05830	pos	1	0	1	1	1	1	0	0	1	0	1	1	0	0	1	1	1	1	1	0	0	1	1	1	1	0	1	0	1	0	1	1	0	0	0	0	1	0	1	1	1	0	0	0	1	0
Mp5g06710	pos	0	0	0	0	1	0	1	0	1	1	0	0	0	1	0	1	1	1	1	0	0	1	0	1	1	1	1	0	0	1	0	0	1	0	0	0	1	1	0	1	0	0	1	0	0	0
Mp5g06970	pos	1	1	1	0	1	1	0	0	0	1	0	0	1	0	0	1	0	0	1	0	1	0	0	1	1	1	0	0	0	0	0	1	0	0	0	0	0	1	1	1	1	0	0	1	0	0
Mp5g07440	pos	0	0	0	0	0	1	0	0	1	0	0	0	0	1	1	0	0	1	1	0	0	0	0	1	1	1	0	0	1	0	1	0	0	0	0	1	1	1	0	0	1	0	0	1	0	0
Mp5g08910	pos	0	1	1	0	0	1	0	0	0	1	0	0	0	0	1	1	0	1	0	0	0	0	1	0	0	0	0	0	1	1	0	0	0	0	1	0	1	0	1	1	0	0	1	1	1	0
Mp5g09450	pos	1	1	1	0	1	1	0	1	0	0	0	0	0	0	0	1	0	1	0	0	0	1	1	1	1	1	1	1	1	1	1	1	0	0	1	1	1	0	0	0	0	0	1	1	1	1
Mp5g09760	pos	0	1	1	1	1	1	0	0	1	0	1	1	1	0	0	0	0	0	1	0	0	1	1	1	1	1	0	1	0	0	0	1	1	0	1	1	0	1	1	1	1	1	1	0	0	0
Mp5g09910	pos	0	1	0	0	0	0	0	0	0	1	0	0	0	1	1	0	0	1	0	0	0	1	1	0	0	1	0	1	0	0	0	1	1	1	1	0	1	0	1	0	1	0	0	0	1	0
Mp5g10120	pos	1	0	0	1	1	1	1	0	0	1	0	0	0	1	0	0	0	1	0	1	0	0	0	1	0	1	0	1	1	0	0	0	0	0	0	0	0	0	0	0	1	1	0	1	1	0
Mp5g10600	pos	0	1	0	1	0	0	0	0	0	1	1	1	0	1	1	1	1	1	0	0	1	1	1	1	0	0	1	1	0	1	0	0	0	0	0	0	0	1	1	0	0	0	0	1	0	0
Mp5g10690	pos	1	0	1	0	1	1	0	0	1	0	1	0	1	1	1	0	0	1	1	0	0	1	1	1	1	0	0	0	0	0	1	1	1	1	1	0	1	1	1	0	0	1	1	1	0	1
Mp5g11410	pos	0	0	1	0	0	0	0	0	1	1	0	0	1	1	1	0	0	0	0	1	0	0	1	1	1	1	1	0	1	1	0	1	0	0	0	1	1	1	0	0	0	0	1	1	1	0
Mp5g11440	pos	0	0	1	1	0	1	0	0	0	1	1	1	0	0	0	0	0	0	1	0	0	1	1	1	0	1	1	1	0	0	0	1	1	0	1	1	0	0	1	1	1	0	0	0	1	0
Mp5g13350	pos	1	0	1	0	1	0	0	0	0	0	1	1	0	1	0	1	1	1	1	0	0	0	1	1	1	0	1	1	0	0	0	0	0	0	1	0	1	1	1	1	0	0	0	1	0	0
Mp5g14050	pos	1	0	0	0	0	1	0	0	1	1	0	0	0	0	0	0	0	1	1	0	0	1	0	0	1	1	0	0	0	1	0	1	0	0	1	0	0	1	1	0	0	1	1	1	0	0
Mp5g14320	pos	1	1	0	0	1	1	0	1	0	0	1	1	0	0	1	0	0	0	1	0	0	1	0	0	0	0	0	0	0	1	0	0	1	0	1	0	0	1	1	0	1	1	1	1	0	0
Mp5g15390	pos	1	0	0	0	1	1	0	1	0	1	0	0	0	0	0	0	0	1	1	0	0	1	0	1	0	0	0	1	0	1	1	0	0	0	0	0	1	1	0	1	0	1	1	0	0	0
Mp5g15620	pos	0	0	0	0	0	1	0	0	1	0	0	0	0	1	1	1	0	0	1	1	0	1	0	1	1	0	0	1	1	0	0	0	1	0	1	0	1	1	1	1	1	0	0	1	0	0
Mp5g18250	pos	1	1	0	0	1	1	0	0	1	0	0	0	0	1	0	0	0	0	0	1	0	1	0	0	1	1	0	1	0	1	0	0	1	1	1	0	1	1	1	1	1	1	0	1	1	0
Mp5g18910	pos	0	1	0	0	0	0	0	1	1	0	0	0	0	1	0	1	0	1	1	0	0	1	0	1	1	1	1	1	1	1	1	1	0	0	1	1	0	1	1	1	0	0	0	1	0	0
Mp5g19190	pos	0	0	1	1	1	0	0	0	1	0	0	0	1	1	0	0	0	0	1	0	0	1	1	1	0	1	0	0	1	0	0	0	1	0	1	1	1	1	1	0	1	0	1	0	0	0
Mp5g19630	pos	1	0	0	0	1	1	0	0	1	0	0	0	0	1	0	0	0	0	0	0	0	0	0	0	0	1	1	0	0	0	1	0	1	1	1	0	0	0	0	0	1	1	1	1	1	0
Mp5g19970	pos	1	0	1	1	1	0	0	0	0	0	1	1	1	0	1	0	0	1	0	0	0	1	1	1	1	1	1	1	1	0	1	0	1	0	0	0	1	1	1	1	1	1	0	1	0	0
Mp5g21020	pos	0	0	0	0	1	0	0	0	0	0	0	0	0	0	1	0	0	1	1	0	0	1	0	0	1	0	1	1	1	1	0	0	0	0	1	1	0	0	1	1	0	0	0	1	0	0
Mp5g23550	pos	1	1	0	0	0	1	0	0	1	0	1	0	0	1	0	0	0	1	1	0	0	1	0	0	0	1	0	1	1	0	0	1	0	0	1	1	1	0	1	0	0	1	1	0	1	0
Mp5g24130	pos	0	1	1	0	1	1	0	0	1	1	0	0	0	1	1	1	0	1	0	0	0	1	1	1	1	1	0	1	0	1	1	1	1	1	1	1	1	0	0	1	0	1	1	0	0	0
Mp5g24400	pos	0	1	0	0	0	0	1	0	1	0	1	0	0	0	1	0	0	1	1	0	0	1	1	1	1	0	0	1	1	1	1	0	0	0	1	1	0	1	1	1	0	0	0	1	1	0
Mp5g24420	pos	0	1	0	0	0	0	1	0	1	0	1	0	0	1	1	0	0	1	1	0	0	1	1	0	1	1	1	1	0	0	1	0	0	0	1	1	0	1	0	1	0	0	0	0	1	0
Mp6g00130	pos	0	0	1	0	1	1	0	0	1	0	0	0	1	0	0	0	0	1	1	1	0	0	1	1	1	1	0	0	0	1	0	0	0	0	1	1	1	1	1	0	1	1	1	1	0	0
Mp6g01550	pos	0	1	1	1	1	1	0	0	1	1	0	0	1	0	0	1	0	0	1	0	1	1	1	1	1	0	0	1	1	1	1	1	1	0	0	1	1	0	1	1	1	0	1	1	0	0
Mp6g02020	pos	0	1	0	0	1	0	0	0	1	1	1	1	0	1	0	1	0	0	1	0	0	1	1	1	1	0	0	0	0	0	0	1	1	0	0	0	1	1	1	1	1	1	1	1	1	0
Mp6g02860	pos	0	1	1	0	1	0	0	1	1	0	1	1	1	1	1	1	1	0	1	0	1	1	0	1	0	0	1	1	0	1	0	0	0	0	1	1	1	1	1	1	0	0	1	1	1	0
Mp6g03310	pos	1	1	1	0	1	1	0	0	0	0	1	1	0	0	0	1	1	0	1	0	0	1	1	1	0	1	1	0	0	0	0	0	0	0	0	0	0	1	1	1	1	0	1	1	0	0
Mp6g03790	pos	0	1	1	0	0	1	0	1	0	0	0	0	0	0	1	0	0	1	0	0	0	1	0	1	1	0	0	1	0	1	0	1	0	0	1	1	1	0	1	1	0	0	1	0	1	0
Mp6g04880	pos	0	1	0	0	1	1	0	0	1	1	0	0	0	0	1	0	0	0	0	0	0	0	0	0	0	0	1	1	1	0	0	0	0	0	1	1	0	0	1	0	1	1	1	1	1	0
Mp6g05730	pos	1	1	0	0	1	1	1	0	0	0	0	0	0	0	0	0	0	0	1	0	0	1	1	0	1	1	0	0	1	0	0	1	0	0	1	1	1	0	1	1	0	1	1	1	0	0
Mp6g07560	pos	1	1	0	0	1	1	0	0	1	0	0	0	0	0	1	0	0	0	0	1	0	0	1	1	0	1	1	0	1	1	0	0	1	1	1	1	1	1	1	1	0	1	1	0	0	0
Mp6g09420	pos	0	0	0	0	1	1	0	0	0	0	0	0	0	0	0	1	0	0	0	0	1	1	1	1	0	0	0	0	1	0	1	0	1	1	0	1	0	1	1	0	1	1	0	1	0	0
Mp6g11340	pos	1	1	1	0	1	1	0	0	1	0	1	0	1	1	1	0	0	1	1	0	0	1	1	0	0	0	0	0	0	1	1	1	0	0	1	1	1	1	0	0	1	0	1	1	1	0
Mp6g11780	pos	0	0	1	0	1	0	0	0	1	1	0	0	1	0	0	1	0	0	1	0	0	0	1	1	0	1	1	1	1	0	1	0	0	0	1	1	1	1	0	1	0	0	0	1	0	0
Mp6g12090	pos	0	1	1	0	0	0	0	0	1	0	0	0	0	0	1	0	0	0	0	1	0	0	0	1	1	1	0	1	0	1	1	0	1	0	0	0	1	1	0	1	0	1	1	1	1	0
Mp6g12330	pos	1	1	1	0	0	1	0	0	0	0	0	0	1	0	1	1	0	0	1	1	1	1	0	1	0	1	0	0	0	0	0	1	0	0	0	0	1	0	0	0	0	1	1	1	0	0
Mp6g12970	pos	0	0	0	0	0	0	0	0	0	1	0	0	0	0	1	0	0	0	0	0	0	0	1	1	0	1	1	0	0	0	1	1	0	0	0	0	0	1	0	1	0	0	0	1	1	0
Mp6g13910	pos	1	0	0	0	1	1	0	0	1	1	0	0	0	0	1	0	0	0	0	0	0	1	0	0	0	1	1	1	1	0	1	0	0	0	0	1	0	1	0	1	0	1	0	0	0	0
Mp6g14340	pos	1	0	1	0	1	1	0	0	1	0	0	0	0	0	1	0	0	1	1	1	0	0	1	0	1	0	0	0	0	0	1	0	1	0	1	1	1	1	1	0	1	0	0	0	0	0
Mp6g15110	pos	1	0	1	0	0	0	0	0	0	0	0	0	0	0	1	0	0	1	1	0	0	1	1	1	0	0	1	1	0	1	0	1	0	0	1	0	0	1	1	0	1	0	1	1	0	0
Mp6g15680	pos	1	1	0	0	1	0	0	0	1	0	0	0	0	0	0	0	0	0	1	0	0	0	0	1	0	0	0	1	0	0	0	0	0	0	0	1	0	1	1	1	0	0	1	0	1	0
Mp6g15810	pos	1	0	0	0	1	1	0	0	0	1	0	0	0	1	0	0	0	1	1	1	0	1	0	0	1	0	1	1	1	1	1	0	0	0	1	0	0	1	0	1	1	1	1	0	0	1
Mp6g15820	pos	0	1	1	0	1	0	1	1	1	0	0	0	0	0	1	0	0	1	1	0	0	1	1	1	1	1	1	0	1	1	0	1	0	0	1	1	1	1	1	1	0	1	1	0	1	0
Mp6g16500	pos	1	0	1	0	0	1	0	0	0	1	0	0	0	1	0	0	0	1	0	0	0	0	0	1	1	1	1	1	0	0	0	1	0	0	0	0	0	0	1	1	1	0	1	1	1	0
Mp6g17260	pos	1	1	1	0	0	1	1	0	0	0	1	0	1	0	0	0	0	1	1	0	0	1	0	1	1	1	1	0	0	1	1	0	1	0	1	1	1	1	0	0	0	0	1	1	1	0
Mp6g17890	pos	1	0	0	0	1	1	0	0	0	1	1	0	0	1	0	0	0	1	0	0	0	1	1	1	1	1	1	1	0	1	0	0	1	1	1	0	1	1	0	1	0	1	1	1	0	0
Mp6g18940	pos	1	0	0	1	1	1	0	0	1	0	0	0	0	0	1	1	1	0	0	0	0	1	1	1	1	1	1	1	1	0	0	0	0	0	1	1	1	1	0	0	1	0	1	0	0	0
Mp6g19040	pos	1	1	0	0	0	1	1	0	1	1	1	1	0	1	0	0	0	0	1	0	0	0	1	1	0	1	0	1	1	1	1	1	0	0	1	0	0	1	0	0	0	1	0	1	0	0
Mp6g19530	pos	1	1	0	0	1	1	1	0	0	0	1	0	0	0	0	0	0	1	0	0	0	1	1	0	1	1	0	0	1	0	1	1	0	0	0	0	1	1	1	1	1	1	0	1	1	0
Mp7g01230	pos	1	1	0	0	0	1	1	0	0	1	1	1	0	0	0	1	1	0	0	0	1	0	1	1	0	1	1	1	0	0	0	0	1	1	0	0	0	1	0	0	1	1	0	0	0	0
Mp7g01390	pos	1	0	0	1	1	1	0	0	1	0	0	0	0	1	1	1	1	0	1	1	1	1	1	0	0	1	1	0	0	0	0	0	1	0	0	0	0	1	0	0	0	0	1	1	0	0
Mp7g01950	pos	1	1	1	0	1	1	0	0	0	1	0	0	1	0	1	0	0	1	1	0	0	0	0	0	1	0	0	1	1	1	0	0	1	0	1	1	0	1	1	0	0	0	1	1	0	0
Mp7g02470	pos	0	1	0	0	1	0	1	0	0	1	1	1	0	0	0	0	0	1	0	1	0	1	0	0	0	1	0	1	0	1	0	1	0	0	0	1	1	1	1	0	1	1	1	1	1	0
Mp7g03030	pos	1	0	0	0	1	1	1	1	1	1	0	0	0	0	1	1	0	1	1	0	0	0	1	0	1	0	0	0	0	0	0	0	1	0	0	1	0	1	1	1	0	0	0	1	0	0
Mp7g04650	pos	1	0	1	1	1	1	0	0	0	1	1	1	0	1	0	1	0	0	1	1	1	1	1	0	1	1	0	1	0	1	1	1	0	0	1	0	1	1	1	1	0	1	1	0	1	0
Mp7g05050	pos	0	1	1	0	1	1	0	0	0	0	0	0	0	0	0	0	0	1	1	0	0	1	1	1	1	0	0	0	1	0	1	1	0	0	1	1	1	0	1	1	0	0	1	1	0	0
Mp7g05170	pos	1	0	0	1	1	1	1	1	0	0	0	0	0	0	1	0	0	1	0	0	0	1	0	1	0	1	0	0	0	1	0	0	0	0	1	1	1	1	1	1	0	0	1	0	0	0
Mp7g06880	pos	1	0	0	0	0	1	0	0	1	1	1	1	0	0	0	0	0	1	1	0	0	1	0	1	0	0	0	1	0	1	0	0	0	0	1	1	0	1	1	1	0	0	0	0	1	0
Mp7g07330	pos	1	0	0	0	0	0	1	0	1	0	1	0	0	1	0	0	0	1	1	1	0	0	1	1	1	1	0	1	0	0	0	1	0	0	1	1	1	1	0	0	1	0	1	0	0	0
Mp7g08760	pos	0	1	1	0	1	1	0	0	1	0	0	0	0	1	1	0	0	0	1	0	0	1	1	1	0	1	1	1	0	1	0	0	0	0	1	1	0	1	0	1	0	1	1	1	0	0
Mp7g09070	pos	1	0	0	0	1	1	1	0	1	1	0	0	0	1	1	1	0	1	1	0	0	1	0	1	0	0	0	1	0	1	0	1	0	0	1	1	1	0	1	0	1	1	1	0	0	0
Mp7g10420	pos	1	0	1	0	0	1	0	0	1	1	0	0	0	0	1	1	0	0	1	0	1	1	1	1	1	1	0	1	0	1	1	1	0	0	1	0	1	0	1	1	0	0	1	0	1	1
Mp7g10800	pos	1	0	0	0	0	1	0	0	1	0	1	0	0	0	1	0	0	0	1	0	0	0	1	1	1	1	1	1	0	0	1	0	1	0	0	1	1	0	1	0	1	0	0	1	0	0
Mp7g11790	pos	0	0	0	0	0	0	0	0	0	0	0	0	0	0	0	1	0	1	1	1	1	0	0	1	0	1	1	1	0	0	1	0	0	0	0	0	0	0	0	1	0	0	1	1	1	0
Mp7g12080	pos	1	1	1	1	1	0	0	0	1	0	1	0	0	0	0	1	1	0	0	0	1	0	0	1	0	1	1	0	1	1	1	1	0	0	0	1	1	1	0	1	0	1	1	0	0	0
Mp7g15180	pos	0	1	1	0	0	0	0	0	1	0	0	0	1	0	0	1	0	0	1	0	0	0	1	1	1	1	1	1	0	0	1	1	1	0	1	0	0	1	0	1	0	0	1	1	0	0
Mp7g18470	pos	1	1	0	1	0	0	0	0	1	1	0	0	0	0	1	0	0	1	0	0	0	1	0	1	1	0	0	1	0	1	1	1	0	0	0	0	1	1	1	0	1	1	0	1	1	0
Mp7g19220	pos	1	1	1	1	1	1	1	0	1	1	0	0	1	1	0	0	0	0	0	0	0	0	0	1	0	0	1	1	0	0	1	0	0	0	1	1	0	0	1	1	1	1	1	1	0	1
Mp7g19700	pos	1	0	1	0	0	1	0	1	1	1	0	0	1	1	0	1	0	0	1	0	1	0	0	1	0	1	1	0	0	1	1	0	1	0	1	1	1	1	0	1	0	1	1	0	1	0
Mp8g00040	pos	1	1	1	1	0	1	1	1	0	1	0	0	0	0	0	0	0	0	0	1	0	0	1	1	1	0	0	1	0	1	1	1	1	0	1	0	1	1	1	0	1	0	1	0	1	1
Mp8g00560	pos	1	1	0	0	0	0	0	0	1	0	0	0	0	1	0	1	0	0	0	1	0	0	1	1	0	1	0	1	1	1	1	1	0	0	0	1	0	0	0	1	0	1	1	0	0	0
Mp8g00860	pos	1	1	1	0	0	1	1	1	0	0	1	0	0	0	1	0	0	0	1	0	0	1	1	1	1	1	1	0	0	1	0	1	1	0	1	1	1	0	1	0	0	0	1	0	0	0
Mp8g00920	pos	1	1	1	0	1	1	0	0	1	1	0	0	0	1	1	0	0	1	0	0	0	1	1	1	0	1	0	0	0	0	0	0	0	0	1	0	1	0	1	1	1	0	1	0	0	0
Mp8g01250	pos	1	1	1	0	0	1	0	1	1	1	1	0	1	0	0	0	0	1	1	0	0	1	1	1	1	0	1	0	1	0	1	0	1	1	1	1	1	1	1	1	1	0	1	0	0	0
Mp8g01830	pos	0	0	1	0	1	1	1	0	1	1	1	0	0	1	1	0	0	0	0	1	0	1	0	1	0	1	1	1	0	1	0	1	0	0	1	1	0	1	1	1	0	1	1	1	0	0
Mp8g01920	pos	0	0	0	0	1	1	0	1	0	1	0	0	0	0	1	1	1	0	0	0	1	0	0	1	0	0	1	1	0	0	0	1	0	0	1	0	1	1	1	0	1	0	1	1	1	0
Mp8g02500	pos	0	1	1	0	0	0	0	0	1	0	0	0	0	1	1	1	1	1	0	0	1	0	0	1	0	1	1	1	0	1	0	0	0	0	1	1	0	1	1	1	1	1	0	1	0	0
Mp8g02710	pos	1	0	0	0	1	0	1	0	1	1	1	0	0	0	0	1	0	1	1	1	0	1	1	0	1	1	0	1	0	1	1	1	0	0	0	1	1	1	1	1	0	1	1	0	0	0
Mp8g02740	pos	1	1	1	1	1	1	0	0	1	0	0	0	0	0	0	0	0	0	1	0	0	1	0	1	0	0	0	1	1	0	0	1	1	0	1	0	1	0	1	0	0	1	0	0	0	0
Mp8g02760	pos	0	0	1	0	1	1	0	1	1	1	1	0	0	1	1	1	1	0	0	0	1	1	0	1	0	1	1	1	0	1	0	1	1	1	1	1	0	1	0	1	0	0	1	1	0	0
Mp8g02770	pos	0	1	0	0	1	0	1	0	0	0	1	0	0	0	0	1	0	0	1	1	0	1	1	0	1	1	1	0	0	1	0	1	1	0	0	1	0	1	1	1	0	1	1	1	1	0
Mp8g03310	pos	0	1	0	0	0	1	0	0	1	0	0	0	0	0	1	0	0	0	1	1	0	1	0	1	0	1	1	1	0	1	0	1	1	0	1	1	0	1	0	0	1	1	1	0	0	0
Mp8g03370	pos	1	0	1	0	1	1	0	1	0	0	0	0	1	0	1	0	0	1	0	0	0	1	1	0	0	1	0	1	0	1	0	0	1	1	1	0	1	1	1	1	1	1	1	1	1	0
Mp8g05050	pos	0	0	1	0	1	1	0	0	1	1	1	0	0	0	1	1	1	1	0	0	0	1	1	1	0	0	1	0	0	0	1	0	1	0	0	1	1	1	1	0	1	0	1	0	0	0
Mp8g05670	pos	1	1	1	0	0	0	0	0	1	1	1	0	1	1	1	0	0	1	1	0	0	0	1	1	0	0	0	0	1	0	1	1	0	0	1	1	1	1	1	1	0	1	0	1	0	0
Mp8g06260	pos	1	0	0	1	1	1	0	0	0	1	0	0	0	0	1	1	0	1	1	0	0	0	1	1	1	1	1	0	0	0	1	1	0	0	1	0	1	1	1	1	1	0	0	1	1	0
Mp8g09420	pos	0	0	1	1	1	1	0	0	1	0	0	0	1	1	0	1	0	0	1	0	0	0	0	0	1	0	0	0	0	0	0	1	0	0	0	1	1	1	0	0	1	1	1	1	1	0
Mp8g10080	pos	0	1	1	0	1	0	0	0	1	1	1	1	0	0	1	1	0	0	0	1	0	0	1	1	0	0	1	1	0	1	0	0	1	0	1	1	1	1	1	0	1	0	0	0	0	0
Mp8g12170	pos	1	0	0	0	0	1	0	0	1	0	0	0	0	0	0	1	1	0	0	0	0	1	1	1	0	1	1	1	1	0	1	1	0	0	1	0	0	1	0	1	1	1	1	0	0	1
Mp8g12350	pos	0	0	0	0	0	0	0	0	1	0	0	0	0	0	1	0	0	1	0	0	0	0	0	1	0	0	1	0	1	0	1	1	0	0	1	0	1	0	1	1	0	0	1	0	0	0
Mp8g14500	pos	0	0	1	0	1	0	0	0	0	1	1	0	1	0	0	0	0	0	1	0	0	0	1	1	1	1	0	0	0	1	1	0	1	1	1	0	1	1	1	1	1	0	1	0	1	0
Mp8g14540	pos	0	0	1	0	1	1	0	0	0	1	0	0	0	1	1	0	0	1	0	1	0	1	1	1	1	1	0	1	0	0	1	1	1	1	0	0	0	1	1	0	0	1	1	0	0	0
Mp8g14910	pos	1	1	0	0	0	1	0	0	1	1	1	1	0	1	1	0	0	1	0	0	0	0	0	0	0	1	0	1	1	0	1	0	0	0	1	0	0	0	1	1	1	1	1	1	0	0
Mp8g16270	pos	0	1	1	0	1	0	0	0	1	0	1	0	0	1	1	1	0	0	1	1	1	0	0	1	1	1	1	1	0	1	0	1	1	0	0	1	0	1	0	1	1	0	1	0	0	0
Mp8g17810	pos	0	0	1	1	0	1	0	0	0	0	0	0	0	1	0	0	0	0	0	0	0	0	1	1	1	1	1	1	0	0	0	0	0	0	0	1	0	0	1	0	0	0	0	0	0	0
Mp8g17820	pos	1	0	0	0	1	1	0	0	0	0	0	0	0	1	1	0	0	0	0	0	0	1	0	0	0	1	0	0	0	0	0	0	1	0	1	0	0	1	0	0	1	0	0	0	0	0
Mp8g19020	pos	1	0	1	0	0	1	0	0	0	0	0	0	0	1	0	1	1	1	1	0	0	1	0	1	1	1	1	1	1	1	0	1	1	1	0	1	1	1	0	1	0	1	1	1	0	0
MpVg00610	pos	0	0	0	0	1	0	0	0	1	1	0	0	0	0	0	0	0	1	1	0	0	1	0	0	0	0	1	0	0	0	0	1	0	0	0	0	1	1	1	0	0	1	1	0	0	0
Mpzg00230	pos	0	1	1	0	1	0	0	0	1	0	0	0	0	1	0	0	0	1	1	1	0	1	1	1	0	0	0	1	1	1	1	1	0	0	1	1	1	0	0	1	1	0	0	1	0	0
Mpzg00260	pos	1	0	0	1	0	1	0	0	1	0	1	0	0	0	0	0	0	0	0	0	0	0	0	0	1	1	1	0	0	1	1	1	0	0	1	1	0	1	0	1	0	1	0	1	0	0
Mpzg01290	pos	1	0	0	0	1	0	0	0	1	1	0	0	0	0	0	0	0	0	1	1	0	1	0	0	0	1	0	1	0	1	1	1	0	0	0	1	0	1	0	0	0	0	1	1	0	0
Mp1g00370	neg	1	0	0	0	0	1	0	0	0	1	1	1	0	1	0	1	0	0	1	0	1	1	0	0	0	0	0	0	0	0	0	0	0	0	0	0	0	0	1	0	0	1	0	0	0	0
Mp1g00700	neg	1	0	1	0	0	1	0	0	0	0	0	0	0	0	1	0	0	0	0	1	0	0	0	0	0	1	1	0	1	0	0	0	0	0	1	0	0	0	0	0	1	0	0	1	1	0
Mp1g00960	neg	0	0	0	0	0	0	1	0	1	0	0	0	0	1	0	1	0	1	1	0	1	1	0	0	0	0	0	1	0	0	0	0	0	0	1	0	1	1	0	0	0	0	0	0	0	0
Mp1g01090	neg	0	0	1	0	0	0	0	0	1	1	0	0	1	1	0	0	0	0	1	1	0	0	1	1	1	1	0	1	1	0	0	0	0	0	0	0	1	1	0	0	0	1	0	0	0	0
Mp1g03170	neg	0	0	1	0	1	1	0	0	0	0	0	0	0	0	0	0	0	0	1	0	0	1	1	1	1	1	1	0	0	1	0	1	0	0	0	0	0	1	1	1	0	0	0	1	0	0
Mp1g04040	neg	0	0	0	0	0	0	0	0	0	0	0	0	0	1	0	0	0	1	1	0	0	1	1	1	1	1	0	0	0	0	1	1	0	0	1	1	1	1	1	1	0	1	1	0	0	0
Mp1g05950	neg	1	0	0	0	0	1	0	1	0	1	1	0	0	0	1	0	0	1	0	0	0	0	1	1	0	1	1	1	0	0	0	0	0	0	0	0	1	1	1	1	0	0	1	1	0	0
Mp1g06170	neg	1	0	0	0	0	1	1	0	1	0	0	0	0	0	0	0	0	1	1	1	0	1	0	0	0	0	1	1	0	0	0	0	1	0	1	1	0	1	1	0	0	0	1	0	0	0
Mp1g06270	neg	0	0	1	0	1	1	0	0	0	0	1	0	0	1	0	0	0	1	1	0	0	0	1	1	1	0	1	1	1	1	1	0	0	0	1	1	1	0	1	1	1	0	1	0	0	0
Mp1g09070	neg	1	0	0	0	1	1	0	0	0	0	0	0	0	0	0	0	0	1	1	0	0	0	0	0	1	1	0	0	0	0	0	1	0	0	1	0	0	1	0	1	0	1	1	1	0	0
Mp1g09250	neg	0	1	0	0	0	1	0	0	1	1	0	0	0	0	1	0	0	0	0	1	0	1	1	0	0	1	0	0	0	0	1	0	0	0	1	1	1	1	0	1	0	0	1	0	0	0
Mp1g09690	neg	0	1	1	0	1	1	0	0	1	0	1	1	0	0	1	1	0	0	0	0	0	1	1	1	0	1	0	1	0	0	0	0	1	0	0	1	1	0	1	1	1	1	1	1	0	0
Mp1g10200	neg	1	0	1	0	0	1	1	0	0	0	0	0	0	1	1	0	0	0	0	0	0	0	0	1	0	1	0	0	0	1	0	1	0	0	1	0	0	1	1	0	1	1	1	1	0	0
Mp1g10910	neg	0	0	0	0	0	0	0	0	1	0	1	0	0	0	0	0	0	0	1	0	0	0	0	0	0	1	0	1	0	0	1	0	0	0	1	1	0	0	0	0	0	0	1	1	0	0
Mp1g11350	neg	1	1	0	0	0	0	0	0	0	1	0	0	0	0	0	0	0	0	0	0	0	0	0	1	0	1	0	1	0	0	0	0	1	1	0	0	0	0	1	0	0	1	0	0	0	0
Mp1g11570	neg	0	0	0	0	0	1	0	0	0	1	0	0	0	0	1	0	0	0	0	0	0	0	1	1	1	1	0	1	0	1	0	1	0	0	0	1	0	1	1	0	1	0	0	1	0	0
Mp1g12480	neg	0	0	0	0	0	0	1	0	1	1	0	0	0	0	1	0	0	1	1	1	0	1	0	0	1	0	0	0	0	0	1	1	0	0	0	0	0	1	0	0	0	0	0	1	1	0
Mp1g12550	neg	0	0	1	0	1	0	1	0	1	0	0	0	0	0	0	0	0	0	0	0	0	0	1	1	0	1	0	1	0	0	0	0	0	0	0	0	1	0	0	1	0	0	0	0	0	0
Mp1g13800	neg	1	0	0	0	0	1	0	0	0	0	0	0	0	0	0	1	0	0	0	0	0	0	1	0	0	1	1	0	0	1	1	1	0	0	1	0	0	1	0	0	1	1	1	0	1	0
Mp1g14450	neg	1	0	0	0	1	1	0	0	0	0	0	0	0	0	0	0	0	0	1	0	0	1	1	1	1	1	0	0	0	0	0	0	0	0	1	0	1	1	1	0	1	1	0	0	0	0
Mp1g14530	neg	1	0	1	0	0	0	0	0	0	0	0	0	0	0	0	1	0	0	0	0	1	1	0	0	0	0	0	0	0	0	0	0	0	0	0	0	1	1	0	0	0	0	0	0	0	0
Mp1g15780	neg	1	1	0	0	1	1	0	0	0	0	0	0	0	1	0	0	0	0	1	0	0	1	0	1	0	1	0	0	0	0	0	1	0	0	1	1	0	0	0	0	0	0	1	0	0	0
Mp1g16140	neg	0	0	0	0	0	0	0	0	1	0	1	1	0	0	0	0	0	0	1	0	0	1	0	0	0	1	0	0	0	0	0	0	0	0	0	1	0	1	0	1	0	0	0	1	0	0
Mp1g16850	neg	1	0	1	0	1	0	0	0	1	0	0	0	0	0	0	1	0	0	0	0	0	0	1	1	0	0	1	1	0	1	0	0	0	0	1	0	1	0	1	1	0	0	1	1	1	0
Mp1g17390	neg	0	0	1	0	1	0	0	0	1	1	0	0	0	1	1	1	1	1	0	1	0	1	1	1	0	0	1	1	0	0	0	0	1	0	1	0	0	0	0	0	0	0	1	1	0	0
Mp1g17530	neg	0	0	1	0	0	0	0	0	0	0	0	0	0	0	0	0	0	1	0	0	0	0	0	1	0	0	0	0	0	0	1	0	0	0	0	0	0	0	0	0	0	1	0	1	0	0
Mp1g18130	neg	0	1	0	0	1	0	0	1	0	0	0	0	0	1	0	1	1	0	0	0	0	1	1	1	1	0	1	0	0	1	1	0	0	0	1	0	0	0	1	0	0	1	0	0	0	0
Mp1g18380	neg	1	0	1	1	1	1	0	0	1	0	0	0	0	0	0	0	0	0	1	0	0	0	0	1	0	1	1	0	0	1	0	1	0	0	1	0	0	1	0	1	1	0	1	1	0	0
Mp1g19660	neg	0	1	0	0	0	1	0	0	1	1	0	0	0	0	0	0	0	0	0	0	0	0	0	1	0	1	0	1	0	0	0	0	0	0	0	0	0	1	0	0	0	1	1	0	1	0
Mp1g20080	neg	0	0	0	0	1	1	0	0	0	1	0	0	0	0	0	0	0	0	1	0	0	1	0	1	1	1	0	1	1	0	1	1	0	0	1	1	1	1	1	1	0	0	0	1	0	0
Mp1g20630	neg	0	0	0	1	1	0	0	1	0	0	0	0	0	0	1	0	0	0	0	0	0	1	1	0	0	1	0	0	1	1	1	0	0	0	1	0	1	0	1	0	0	1	1	0	0	0
Mp1g21010	neg	0	0	0	0	1	0	0	0	0	1	0	0	0	1	0	0	0	1	0	0	0	1	0	0	0	1	0	1	0	0	0	1	1	0	1	1	0	1	0	0	1	1	0	1	0	0
Mp1g21120	neg	0	0	0	0	1	0	0	0	1	0	1	0	0	0	0	0	0	0	1	0	0	0	0	1	1	0	0	1	1	0	1	0	0	0	1	0	1	0	1	0	1	1	1	0	0	0
Mp1g22240	neg	0	0	0	0	0	1	0	0	1	0	0	0	0	0	1	0	0	1	1	0	0	0	0	1	1	1	0	1	0	1	1	1	0	0	1	0	1	0	1	1	1	0	0	0	0	0
Mp1g22560	neg	0	0	0	0	0	0	1	0	0	0	0	0	0	0	0	0	0	1	0	0	0	0	1	0	0	0	0	0	0	1	1	0	0	0	1	0	1	0	0	0	0	1	1	0	0	0
Mp1g22570	neg	0	0	1	0	1	0	0	0	0	1	0	0	0	0	0	1	1	0	0	0	0	0	0	1	1	0	1	1	1	0	1	1	0	0	0	1	1	1	1	0	0	0	0	1	0	0
Mp1g22610	neg	1	0	0	0	1	1	0	0	0	0	1	1	0	1	0	0	0	1	1	0	0	1	0	0	0	0	0	1	1	0	1	0	1	0	1	1	0	0	1	0	0	0	1	1	0	0
Mp1g23920	neg	0	0	0	0	1	0	0	0	1	1	0	0	0	0	0	0	0	1	0	0	0	1	1	1	0	0	1	0	0	0	0	0	0	0	0	0	1	1	1	0	1	0	0	0	0	0
Mp1g25330	neg	0	1	0	0	1	0	0	0	0	1	0	0	0	0	0	1	0	0	0	0	0	1	0	0	1	0	1	1	1	0	1	0	0	0	0	0	0	0	0	1	0	0	0	1	0	0
Mp1g25670	neg	1	0	0	0	0	0	0	0	0	0	0	0	0	0	0	0	0	0	1	0	0	0	0	1	1	1	0	1	0	1	1	1	0	0	0	1	0	1	1	0	0	1	1	0	0	0
Mp1g26170	neg	1	0	1	0	1	1	0	0	1	0	0	0	0	0	0	1	0	1	0	0	0	1	1	0	0	0	0	0	0	1	1	0	1	0	0	0	0	0	1	1	0	0	1	1	0	0
Mp1g26460	neg	0	1	1	0	1	1	0	0	0	0	0	0	1	0	0	1	0	0	0	0	0	0	0	1	1	0	0	0	0	0	0	0	1	0	0	0	0	1	1	0	1	1	0	0	0	0
Mp1g27580	neg	1	1	1	0	0	1	0	0	1	0	0	0	0	1	0	0	0	0	0	0	0	1	0	1	1	0	0	1	1	1	1	0	0	0	0	0	1	0	1	0	1	1	1	0	0	0
Mp1g27690	neg	0	0	1	0	0	0	1	0	1	0	0	0	0	0	0	0	0	0	1	0	0	0	1	1	1	1	1	0	1	0	0	0	0	0	1	0	0	0	1	0	0	0	1	0	0	0
Mp1g28590	neg	0	0	0	0	0	1	0	0	0	0	1	1	0	1	1	0	0	0	1	0	0	0	0	1	0	1	0	1	1	1	0	1	0	0	0	0	0	1	1	1	0	1	1	1	1	0
Mp1g28700	neg	0	1	0	0	1	0	0	0	1	0	0	0	0	0	0	0	0	0	0	0	0	1	1	0	0	0	0	0	0	0	1	0	0	0	0	0	0	1	0	1	1	0	0	0	1	1
Mp1g28740	neg	1	0	0	0	0	0	0	0	0	1	0	0	0	0	0	0	0	0	0	0	0	0	0	1	0	1	0	0	1	1	0	1	1	0	1	1	0	0	0	0	1	0	1	0	0	0
Mp1g28770	neg	1	0	0	0	0	1	0	0	1	0	0	0	0	1	0	0	0	0	0	0	0	1	0	0	0	0	1	0	0	1	0	0	0	0	1	1	1	1	1	0	0	1	1	0	0	0
Mp2g00290	neg	0	0	1	1	1	0	0	0	1	1	1	0	0	1	0	0	0	0	1	0	0	1	1	1	0	1	0	1	0	0	0	0	1	0	0	0	0	1	0	0	1	0	0	0	0	0
Mp2g01040	neg	1	0	1	0	0	1	0	0	0	0	1	0	1	0	1	1	1	1	0	1	1	0	0	1	1	1	1	1	0	1	0	1	0	0	1	0	1	1	0	0	1	1	1	0	0	0
Mp2g01300	neg	1	1	1	0	1	1	0	0	1	0	1	0	0	1	0	0	0	1	0	0	0	1	0	1	1	0	1	0	0	0	0	0	0	0	0	0	0	1	0	1	0	0	1	0	1	0
Mp2g01390	neg	0	1	1	0	0	0	0	0	1	1	0	0	0	0	0	0	0	0	1	1	0	1	1	1	0	1	0	1	0	1	0	0	0	0	1	0	0	1	1	0	0	0	0	1	0	0
Mp2g01410	neg	0	1	0	1	0	0	0	0	0	1	0	0	0	0	0	0	0	0	1	0	0	0	1	1	0	0	1	0	0	0	1	0	0	0	1	0	0	0	1	0	1	1	0	0	0	0
Mp2g03160	neg	0	1	1	0	0	0	1	0	1	1	0	0	0	0	0	0	0	1	0	0	0	1	0	0	0	0	0	0	0	0	0	1	0	0	1	0	1	1	0	1	1	0	1	1	0	0
Mp2g03830	neg	0	0	0	0	0	1	0	0	1	0	0	0	0	1	0	1	1	0	0	0	1	1	1	0	0	1	1	0	0	0	0	0	0	0	1	0	0	1	0	0	0	1	1	0	0	0
Mp2g03940	neg	1	0	0	0	1	0	0	0	0	0	0	0	0	0	0	0	0	1	0	1	0	1	0	1	1	0	1	1	0	0	0	0	1	0	0	0	1	1	1	1	1	0	0	0	1	0
Mp2g04110	neg	0	1	1	0	1	0	0	0	1	0	0	0	0	0	0	0	0	0	1	0	0	1	0	1	0	0	1	1	0	0	0	0	0	0	0	0	1	0	1	1	0	0	0	0	0	0
Mp2g04700	neg	0	0	0	1	0	0	0	0	0	0	0	0	0	1	1	1	0	1	0	1	0	1	0	1	1	1	1	0	1	1	0	1	0	0	1	1	1	1	1	1	0	0	1	1	0	0
Mp2g04860	neg	1	1	1	0	0	1	0	0	0	1	0	0	0	1	0	0	0	0	0	0	0	1	0	1	0	1	1	1	1	1	0	0	0	0	0	1	0	1	1	0	1	0	1	0	0	0
Mp2g06900	neg	0	0	0	0	1	0	0	0	1	0	0	0	0	0	1	0	0	1	1	0	0	0	1	1	1	0	0	1	0	1	0	0	1	0	1	1	1	1	0	0	1	0	1	0	0	0
Mp2g06920	neg	1	1	0	0	0	1	0	0	0	0	0	0	0	0	1	0	0	1	1	0	0	0	0	1	0	1	1	1	0	0	1	1	1	1	0	0	0	0	0	0	1	0	0	1	0	0
Mp2g07080	neg	1	0	0	0	0	0	0	0	1	0	1	0	0	0	0	0	0	1	0	0	0	0	1	1	1	1	1	1	1	1	1	1	0	0	1	0	1	0	1	0	1	1	1	1	1	0
Mp2g07580	neg	0	0	0	0	1	1	0	0	0	0	0	0	0	0	0	0	0	1	0	0	0	0	1	1	0	1	1	1	0	0	0	0	0	0	1	1	0	1	0	0	0	0	1	0	0	0
Mp2g07590	neg	0	1	0	0	1	1	0	0	0	0	0	0	0	1	0	0	0	1	0	0	0	1	1	1	1	0	0	1	0	1	0	0	0	0	1	1	0	1	0	1	1	0	1	0	0	0
Mp2g08990	neg	1	0	1	0	0	1	0	0	1	0	0	0	0	0	0	1	0	0	0	0	0	1	0	0	1	0	0	1	0	0	1	0	1	1	1	0	1	0	1	1	0	0	1	0	0	0
Mp2g09610	neg	0	0	0	0	1	0	0	0	0	0	0	0	0	1	0	1	0	0	0	0	0	0	0	1	1	0	1	0	0	0	0	1	0	0	0	1	1	0	0	0	0	1	1	0	0	0
Mp2g09850	neg	1	0	0	0	1	1	1	1	1	1	0	0	0	0	1	0	0	1	0	0	0	1	1	1	1	1	1	1	0	0	0	1	1	0	0	1	1	0	0	0	0	1	1	1	0	0
Mp2g09930	neg	0	1	1	0	0	0	0	0	0	0	0	0	0	0	0	0	0	0	1	0	0	0	1	1	0	0	0	0	0	0	0	0	0	0	0	0	0	1	0	0	0	0	1	0	0	0
Mp2g11510	neg	1	0	1	0	0	0	0	0	0	0	0	0	0	0	0	1	0	0	0	0	0	1	0	0	0	1	0	1	0	0	0	0	0	0	1	1	0	1	0	1	0	0	0	0	0	0
Mp2g11550	neg	0	0	0	0	1	0	0	0	1	0	0	0	0	1	0	0	0	0	0	0	0	0	1	1	1	0	0	1	0	1	0	0	0	0	0	0	1	1	0	0	0	0	1	0	0	0
Mp2g12020	neg	0	1	1	0	1	1	0	0	0	1	0	0	1	0	1	0	0	0	0	1	0	0	0	1	1	0	0	1	0	0	0	1	1	0	0	0	1	1	1	0	1	1	1	1	1	0
Mp2g12350	neg	0	1	1	0	0	0	0	0	1	0	0	0	0	0	0	0	0	1	1	0	0	1	1	1	0	0	0	0	0	1	0	0	0	0	0	1	0	0	0	0	1	1	1	0	0	0
Mp2g13030	neg	0	1	0	0	0	0	0	0	0	0	0	0	0	0	1	1	0	1	0	1	1	1	1	1	1	0	0	1	1	1	1	0	1	0	0	1	0	1	1	1	0	1	0	0	0	0
Mp2g13180	neg	1	0	1	0	1	1	0	0	0	0	0	0	0	0	0	1	0	0	1	0	1	0	0	1	1	1	0	0	0	0	0	1	0	0	1	0	0	1	1	0	0	0	1	0	1	0
Mp2g13300	neg	0	1	0	0	0	1	0	0	0	0	0	0	0	1	0	0	0	0	1	1	0	0	0	1	0	1	0	1	1	0	1	0	0	0	1	1	1	0	0	0	0	0	0	0	0	0
Mp2g13530	neg	1	1	0	0	0	0	1	0	1	0	0	0	0	0	0	0	0	0	0	0	0	1	0	1	0	1	0	0	0	0	0	1	0	0	1	0	1	1	1	0	1	1	1	0	0	0
Mp2g14130	neg	1	0	1	0	0	1	0	0	1	0	0	0	0	0	0	0	0	1	0	0	0	1	0	0	0	1	1	0	1	1	1	1	0	0	1	1	1	0	1	0	1	0	1	1	1	0
Mp2g14360	neg	0	1	0	0	1	1	0	0	0	0	0	0	0	0	1	0	0	0	0	0	0	1	1	1	1	0	0	1	0	0	1	1	1	0	1	1	1	1	0	0	1	1	1	1	1	0
Mp2g14990	neg	0	0	0	0	0	0	1	0	1	1	0	0	0	0	0	1	1	1	0	0	0	0	0	0	1	1	1	1	0	0	0	1	1	0	0	0	0	1	1	1	0	1	0	1	0	0
Mp2g17940	neg	1	0	0	0	0	0	0	0	0	0	1	0	0	0	0	0	0	1	1	0	0	0	0	1	0	1	1	1	0	1	0	0	0	0	1	1	1	1	0	1	0	1	0	1	0	0
Mp2g18210	neg	0	0	0	0	0	0	1	0	1	0	1	0	0	0	1	0	0	0	0	0	0	1	1	0	1	0	0	0	0	1	1	1	0	0	0	1	0	0	1	0	0	0	1	1	0	0
Mp2g18270	neg	0	0	0	0	0	1	0	0	0	0	0	0	0	1	0	0	0	1	0	0	0	0	0	0	0	1	0	0	0	1	0	1	0	0	1	1	0	1	1	0	0	0	0	0	0	0
Mp2g18290	neg	1	0	0	0	1	1	0	0	1	1	0	0	0	0	0	0	0	0	1	0	0	0	1	0	0	1	0	0	0	0	0	1	1	0	1	0	0	1	1	0	1	0	1	1	0	0
Mp2g19060	neg	1	0	0	0	0	0	0	0	1	1	1	0	0	0	0	0	0	1	0	0	0	0	0	0	0	1	0	1	1	0	1	1	0	0	0	1	0	1	0	0	1	0	1	1	0	0
Mp2g20860	neg	1	1	0	0	0	1	0	0	1	1	1	0	0	0	0	0	0	1	1	0	0	1	1	0	1	0	1	1	0	0	0	0	1	1	1	0	1	1	1	0	1	1	1	0	0	0
Mp2g22940	neg	0	0	1	0	0	0	0	0	0	1	1	0	0	0	1	0	0	1	0	1	0	0	0	1	1	0	1	1	0	0	0	0	0	0	1	1	0	0	1	0	0	0	0	0	0	0
Mp2g23570	neg	1	0	0	0	1	0	1	1	1	1	0	0	0	0	0	0	0	1	0	0	0	0	0	1	1	0	1	0	0	0	0	1	0	0	1	0	1	1	0	1	0	0	1	0	0	0
Mp2g23840	neg	0	1	1	0	0	1	0	1	0	0	0	0	0	0	0	0	0	0	0	1	0	1	0	1	0	0	1	0	1	1	1	1	1	0	1	1	0	1	0	0	1	0	0	1	1	0
Mp2g25680	neg	1	0	1	0	1	1	0	1	1	1	0	0	0	0	0	0	0	0	0	0	0	0	1	1	1	1	0	0	0	0	1	0	0	0	1	0	1	1	1	0	1	1	1	0	1	0
Mp3g00950	neg	0	1	1	0	0	0	1	0	0	0	0	0	0	1	0	1	0	0	1	0	1	0	0	1	0	0	1	0	1	0	0	0	0	0	0	0	0	1	1	1	1	0	0	0	0	0
Mp3g01410	neg	0	0	1	0	0	0	0	0	1	1	1	1	0	0	0	0	0	1	0	0	0	0	0	1	0	1	1	1	0	1	1	0	0	0	0	1	1	0	1	0	0	1	0	0	0	0
Mp3g01580	neg	1	0	0	0	1	1	0	0	1	0	0	0	0	0	0	0	0	0	0	1	0	0	0	1	0	1	1	0	1	0	0	0	1	1	1	1	1	1	1	1	0	1	1	1	0	0
Mp3g02020	neg	1	0	0	0	0	1	0	0	1	0	1	1	0	1	0	0	0	0	0	0	0	1	0	1	1	1	0	0	1	0	1	0	0	0	1	1	1	0	0	1	1	0	1	1	0	0
Mp3g02360	neg	1	0	0	0	0	1	0	0	1	1	0	0	0	1	0	0	0	0	0	0	0	0	0	1	1	1	0	1	1	0	0	0	0	0	0	0	0	1	0	1	0	1	0	0	0	0
Mp3g02780	neg	0	0	0	0	0	0	0	0	0	0	1	0	0	0	1	1	0	0	0	0	0	0	0	0	0	0	0	1	0	1	1	0	1	0	0	1	0	0	0	0	0	0	1	0	0	0
Mp3g03830	neg	1	1	0	0	1	1	0	0	0	0	0	0	0	1	0	0	0	1	0	0	0	1	0	0	1	1	0	0	0	1	0	1	0	0	1	0	1	1	0	0	0	1	1	1	0	0
Mp3g04010	neg	1	1	0	0	0	0	0	0	0	0	0	0	0	1	1	1	0	1	0	0	1	1	1	0	1	1	1	1	0	0	0	0	0	0	0	0	0	0	0	0	0	1	1	1	0	0
Mp3g05360	neg	1	0	1	0	1	0	0	0	0	0	0	0	0	0	1	0	0	0	1	0	0	0	1	1	0	0	0	0	0	0	0	0	1	0	1	0	0	1	0	0	1	1	0	1	0	0
Mp3g05650	neg	1	0	1	1	1	1	0	0	1	0	0	0	0	0	1	1	0	0	0	0	1	0	0	1	1	0	0	1	0	0	0	1	1	0	0	0	1	1	0	0	1	1	1	0	0	0
Mp3g06160	neg	0	1	1	0	1	0	0	0	0	1	1	1	0	0	0	1	0	0	0	0	0	1	1	1	1	1	1	1	0	0	0	1	0	0	1	0	0	1	1	0	0	0	0	1	0	0
Mp3g06230	neg	1	0	0	0	1	1	0	0	1	0	0	0	0	0	0	1	1	0	0	0	1	0	1	0	0	0	1	0	1	0	0	1	1	0	0	0	1	0	0	1	1	0	0	1	0	0
Mp3g07620	neg	0	1	1	0	0	0	0	0	0	0	0	0	0	0	0	0	0	1	1	1	0	0	1	1	1	0	1	1	1	0	0	1	0	0	1	1	0	0	1	1	1	0	0	1	0	0
Mp3g07750	neg	1	0	1	0	1	1	0	0	1	0	0	0	0	1	0	1	1	0	1	1	0	1	0	0	1	0	1	1	0	0	0	1	0	0	1	0	0	0	1	1	0	1	1	1	0	0
Mp3g08410	neg	1	0	1	0	1	1	0	0	1	1	1	1	1	0	0	0	0	0	1	0	0	1	1	1	1	1	0	0	1	0	1	1	1	0	1	1	1	1	0	0	0	1	1	1	0	0
Mp3g09840	neg	0	0	0	0	1	1	0	0	0	0	0	0	0	0	1	0	0	0	1	0	0	1	0	0	0	1	1	0	0	0	0	0	1	0	0	0	1	0	0	0	1	0	0	1	0	0
Mp3g09860	neg	0	0	1	0	0	1	0	0	1	0	1	0	0	0	1	0	0	0	0	0	0	0	1	1	0	1	0	0	0	0	0	1	0	0	1	1	1	0	0	0	0	1	0	1	0	0
Mp3g11030	neg	0	1	0	0	0	0	0	0	1	1	0	0	0	1	0	0	0	1	1	0	0	0	0	0	0	0	0	1	1	0	0	0	1	0	1	0	0	1	0	1	1	0	0	1	0	0
Mp3g13070	neg	1	0	0	1	0	0	1	0	1	0	0	0	0	0	0	0	0	0	1	0	0	0	1	1	0	1	0	1	1	1	0	0	0	0	0	0	1	1	1	0	1	0	1	1	0	0
Mp3g13840	neg	1	0	1	0	0	1	0	0	0	1	0	0	1	1	0	1	0	0	1	0	0	1	0	1	1	0	0	0	1	1	1	0	0	0	1	1	1	1	0	0	1	0	1	1	0	0
Mp3g14820	neg	0	0	1	0	1	1	0	0	1	1	0	0	0	0	1	0	0	0	0	0	0	0	1	1	1	1	0	0	0	1	0	0	0	0	0	1	0	1	0	1	0	1	1	1	0	0
Mp3g15900	neg	0	1	0	0	0	1	0	0	0	0	1	0	0	0	0	0	0	0	0	0	0	1	1	1	1	0	0	1	0	0	1	0	0	0	1	1	0	1	0	0	1	1	1	1	0	0
Mp3g16400	neg	0	1	1	0	0	0	0	0	1	1	1	1	0	0	0	1	1	0	0	0	0	1	0	1	0	0	1	0	0	0	1	1	0	0	0	1	1	1	1	0	0	0	0	0	0	0
Mp3g17180	neg	0	0	0	0	0	0	0	0	0	0	0	0	0	0	1	1	0	0	0	0	1	0	1	0	0	1	1	0	0	1	0	1	1	0	1	0	1	1	1	1	0	1	1	0	0	0
Mp3g17960	neg	1	1	1	0	0	1	0	0	0	0	0	0	1	1	1	0	0	0	0	0	0	0	1	0	1	1	0	1	1	0	0	0	0	0	0	0	1	1	1	1	0	0	0	0	1	0
Mp3g19440	neg	0	1	0	1	0	0	0	0	1	0	0	0	0	0	0	1	1	0	1	0	0	1	1	1	1	1	1	0	0	1	0	1	0	0	1	1	1	1	0	0	0	1	0	1	1	0
Mp3g20340	neg	0	0	1	0	1	0	0	1	0	0	0	0	0	1	0	0	0	0	1	0	0	0	0	1	0	1	1	0	1	0	0	0	0	0	1	0	0	1	1	1	1	0	1	0	0	0
Mp3g25170	neg	1	0	0	0	0	1	0	0	0	1	0	0	0	0	0	1	0	0	1	0	0	0	1	1	0	0	0	0	0	0	0	0	0	0	1	1	0	1	1	0	0	0	1	0	0	0
Mp4g00580	neg	0	1	0	0	1	0	0	0	0	0	0	0	0	0	0	1	0	1	0	0	0	0	1	0	1	0	1	1	0	1	0	0	0	0	0	1	0	1	1	0	0	0	0	1	0	0
Mp4g00850	neg	0	0	0	0	0	0	0	0	0	1	1	1	0	0	0	0	0	0	1	0	0	0	1	0	1	1	1	1	0	0	0	0	0	0	0	0	1	1	1	0	0	1	0	0	0	0
Mp4g01500	neg	1	1	0	0	1	1	0	0	0	1	0	0	0	0	0	1	0	0	0	0	0	0	1	0	0	0	0	1	0	1	0	0	0	0	0	0	0	0	0	1	0	0	0	1	0	0
Mp4g02280	neg	1	1	0	0	0	0	0	0	1	1	0	0	0	0	0	1	0	0	0	0	0	0	0	0	0	0	1	1	0	1	1	1	0	0	1	1	1	1	1	0	1	0	1	0	0	0
Mp4g03420	neg	0	0	0	0	0	0	0	0	0	0	0	0	0	0	0	0	0	0	0	0	0	1	0	0	0	1	0	0	0	0	0	0	0	0	0	0	0	0	1	0	1	0	1	0	0	0
Mp4g05100	neg	0	1	1	0	0	0	0	0	1	0	0	0	0	0	0	1	0	0	0	0	0	0	0	1	1	0	1	1	0	1	0	0	0	0	0	1	1	0	0	1	1	0	0	0	0	0
Mp4g05360	neg	1	0	1	0	0	1	0	0	1	0	0	0	0	0	0	0	0	1	1	0	0	1	0	1	1	1	1	1	1	0	0	0	1	0	1	0	1	1	1	1	0	0	1	0	0	0
Mp4g05520	neg	1	1	0	0	1	0	0	0	0	1	0	0	0	1	1	0	0	1	0	0	0	1	0	1	1	0	0	0	1	0	1	1	1	0	1	1	0	1	0	0	1	0	0	1	1	0
Mp4g05880	neg	0	0	1	0	1	0	0	0	1	0	0	0	0	0	0	0	0	1	1	0	0	0	0	1	0	1	0	1	1	1	1	0	0	0	1	1	1	1	0	1	0	1	1	0	1	0
Mp4g07930	neg	1	0	0	0	1	1	0	0	0	0	0	0	0	1	0	1	0	0	0	0	0	1	0	0	0	1	1	1	0	0	0	1	1	0	1	0	1	0	1	0	1	1	0	1	0	0
Mp4g09130	neg	1	0	1	0	1	1	0	0	0	1	0	0	0	1	0	1	0	0	0	0	0	1	0	1	0	0	0	0	1	0	0	0	1	0	1	0	1	0	0	0	0	0	1	1	0	0
Mp4g09750	neg	1	0	0	0	1	1	0	0	0	1	0	0	0	0	1	0	0	0	1	0	0	0	0	1	0	0	0	1	0	0	0	1	0	0	0	1	0	0	1	0	0	1	0	0	0	0
Mp4g11030	neg	1	1	1	0	0	0	0	0	0	1	0	0	0	1	0	0	0	0	0	1	0	0	1	1	0	1	0	1	1	0	1	1	0	0	1	1	1	1	0	1	0	0	1	1	0	0
Mp4g11200	neg	0	0	0	1	1	0	0	0	0	0	0	0	0	0	1	0	0	1	1	0	0	1	0	1	0	1	0	0	0	0	0	0	0	0	1	1	0	0	1	0	0	0	1	1	0	0
Mp4g11860	neg	0	1	1	0	1	0	0	0	0	0	0	0	0	1	1	0	0	0	0	0	0	1	0	0	0	1	1	0	0	0	0	0	1	1	0	0	0	0	0	1	0	1	1	0	0	0
Mp4g12170	neg	0	0	0	0	0	0	0	1	1	1	0	0	0	0	1	0	0	0	0	0	0	1	1	1	0	0	0	0	0	0	0	0	0	0	0	1	1	0	0	0	0	0	1	1	1	0
Mp4g12900	neg	1	0	1	0	1	1	0	0	1	0	0	0	0	0	0	1	0	0	0	0	0	1	0	1	0	0	0	1	0	1	0	1	0	0	0	0	0	1	1	1	0	0	1	1	1	0
Mp4g12950	neg	0	0	0	0	0	1	0	0	1	0	0	0	0	0	0	0	0	0	0	0	0	1	0	0	0	0	1	0	0	0	1	0	1	0	1	0	1	0	0	0	1	0	0	1	0	0
Mp4g13420	neg	1	0	0	1	0	1	0	0	1	0	0	0	0	0	0	0	0	0	1	0	0	0	1	1	1	1	0	0	0	1	0	0	1	0	0	1	1	1	0	1	1	0	1	0	0	0
Mp4g14010	neg	0	0	0	0	1	0	0	1	0	1	0	0	0	0	0	0	0	1	0	0	0	0	0	1	1	0	0	0	0	0	0	1	0	0	0	0	0	1	0	0	0	1	1	0	0	0
Mp4g15640	neg	0	0	0	0	1	1	0	0	0	0	1	0	0	0	0	0	0	0	0	0	0	0	0	1	0	0	1	0	1	0	0	0	0	0	1	0	0	1	1	0	1	1	0	0	0	0
Mp4g16470	neg	1	1	0	0	0	0	0	0	0	0	0	0	0	0	0	0	0	0	1	0	0	0	1	1	1	0	0	1	1	0	1	0	0	0	1	0	1	1	1	1	0	0	0	0	1	0
Mp4g16870	neg	0	1	0	0	1	1	0	0	0	0	0	0	0	1	1	0	0	0	0	0	0	1	0	0	0	1	0	0	0	1	1	0	0	0	0	0	1	0	0	0	1	1	0	1	0	0
Mp4g17080	neg	1	1	1	0	1	1	0	0	1	0	0	0	0	0	1	0	0	1	0	0	0	0	0	0	1	0	0	0	0	0	0	0	0	0	0	0	0	1	0	1	1	0	0	0	1	0
Mp4g17110	neg	0	0	0	1	0	1	0	0	0	1	0	0	0	0	0	0	0	0	0	0	0	0	0	1	0	0	0	0	0	0	0	0	0	0	1	1	0	0	0	0	0	1	0	1	0	0
Mp4g17300	neg	0	0	1	1	1	0	0	0	1	0	0	0	1	0	0	0	0	0	1	0	0	1	1	0	1	0	0	0	0	1	0	0	0	0	1	1	0	0	1	0	1	1	1	1	0	0
Mp4g17760	neg	0	1	0	0	0	0	0	1	1	0	0	0	0	0	0	0	0	0	1	0	0	0	0	0	0	1	1	0	1	0	0	1	0	0	1	0	1	0	1	0	1	1	1	0	0	0
Mp4g18920	neg	1	1	0	0	1	0	0	0	0	1	0	0	0	1	0	1	0	1	0	1	0	1	1	0	0	1	0	1	1	0	1	1	0	0	0	0	1	1	1	1	1	1	1	0	0	0
Mp4g20130	neg	1	0	1	0	0	0	0	0	0	0	1	1	0	0	1	0	0	1	0	0	0	1	0	1	1	1	0	0	0	1	1	1	1	0	0	1	0	1	1	0	0	0	0	0	1	0
Mp4g22060	neg	1	1	0	0	1	1	0	0	1	0	0	0	0	1	1	0	0	0	1	0	0	0	1	1	0	1	0	1	0	1	0	0	0	0	1	1	1	1	1	0	1	1	1	1	0	0
Mp4g22350	neg	0	0	0	0	0	0	0	0	0	0	0	0	0	0	0	0	0	0	0	0	0	0	0	1	0	0	1	1	0	0	1	0	0	0	0	0	1	1	0	0	1	0	0	0	0	0
Mp4g23470	neg	0	0	0	0	0	0	0	0	0	1	1	0	0	0	0	0	0	0	1	0	0	0	0	0	1	1	1	0	0	1	0	1	0	0	0	0	1	1	1	0	0	0	0	1	0	0
Mp4g23990	neg	0	0	1	0	0	1	0	0	1	0	0	0	0	1	0	0	0	0	0	0	0	0	1	1	0	0	0	0	0	0	1	1	0	0	0	0	1	0	1	0	0	0	1	1	1	0
Mp4g24020	neg	1	1	0	0	1	1	0	0	0	1	0	0	0	1	1	1	0	1	0	0	0	0	1	1	1	1	0	1	1	0	1	1	1	0	1	0	0	1	0	0	1	1	0	1	0	0
Mp5g00180	neg	1	1	0	0	0	1	0	0	0	0	1	0	0	1	1	0	0	0	1	0	0	0	0	0	0	0	1	1	0	0	0	0	1	1	1	0	0	0	0	1	1	1	1	0	0	0
Mp5g01250	neg	1	1	0	0	0	1	1	0	0	0	1	0	0	0	0	0	0	0	0	1	0	1	0	0	0	1	0	0	0	0	0	0	0	0	1	0	0	1	0	0	0	0	0	0	0	0
Mp5g02440	neg	0	0	0	0	1	0	1	0	1	1	0	0	0	0	0	1	0	0	0	0	0	1	0	0	1	0	0	0	0	0	0	0	0	0	0	1	0	0	1	1	0	1	1	0	0	0
Mp5g03010	neg	1	0	0	0	0	1	0	0	0	0	1	1	0	0	0	0	0	1	1	0	0	0	1	0	0	0	0	0	0	1	1	1	0	0	0	0	0	0	0	1	0	0	0	1	0	0
Mp5g03510	neg	1	1	1	0	0	1	0	0	1	1	0	0	0	0	1	0	0	0	0	0	0	1	0	0	0	1	1	0	1	1	1	0	0	0	0	1	0	0	0	1	1	0	0	0	1	0
Mp5g07390	neg	0	0	1	0	1	0	0	0	0	1	0	0	0	0	1	1	1	1	0	0	0	0	1	1	1	1	1	1	1	0	1	0	1	0	0	0	1	1	1	1	0	0	0	1	1	0
Mp5g07430	neg	0	0	0	0	1	0	0	0	0	1	0	0	0	1	1	1	0	1	0	0	0	1	1	0	0	0	0	0	0	1	1	1	0	0	0	0	1	1	1	1	0	0	0	0	1	0
Mp5g07660	neg	1	1	0	0	0	1	0	0	0	0	1	0	0	0	0	1	0	1	1	0	0	1	0	1	0	1	1	0	1	0	0	0	0	0	1	0	1	1	1	0	0	1	1	1	0	0
Mp5g08150	neg	0	1	1	0	0	1	0	0	1	1	0	0	0	0	0	1	0	1	0	0	0	1	0	1	0	0	0	0	0	0	0	1	0	0	1	0	0	1	1	0	1	0	1	0	0	0
Mp5g08660	neg	1	0	1	0	1	1	0	1	0	0	1	0	1	1	0	0	0	0	1	0	0	0	1	0	1	1	0	1	0	0	1	0	0	0	0	1	0	1	1	0	1	0	1	0	0	0
Mp5g08880	neg	1	1	0	0	1	1	0	0	1	0	0	0	0	0	0	1	1	1	1	0	1	1	1	1	1	1	1	0	0	0	1	0	1	0	1	0	1	1	1	0	1	0	1	1	1	0
Mp5g11200	neg	0	0	1	0	1	0	0	0	0	0	0	0	0	0	1	1	1	0	0	0	1	0	0	0	1	1	1	1	0	0	0	0	0	0	1	0	1	1	1	0	0	0	1	1	1	0
Mp5g12310	neg	0	0	0	0	1	0	0	1	0	1	0	0	0	1	1	0	0	0	0	0	0	0	1	0	1	1	1	1	1	0	0	0	0	0	0	0	0	1	1	1	1	1	0	1	0	0
Mp5g12640	neg	1	0	0	0	0	1	0	1	1	0	0	0	0	0	1	0	0	0	1	0	0	1	0	0	0	1	0	0	0	0	0	0	0	0	1	1	1	1	0	1	1	1	1	1	0	0
Mp5g12800	neg	1	0	0	0	0	0	0	0	1	0	0	0	0	0	0	0	0	1	0	0	0	1	0	0	0	1	0	0	1	0	0	1	0	0	0	0	1	1	0	0	0	0	1	1	0	0
Mp5g14640	neg	0	0	1	0	0	1	0	0	1	1	1	0	1	0	0	1	0	1	1	0	0	1	0	1	0	0	0	1	0	1	0	0	0	0	1	0	1	1	1	1	0	0	1	1	1	0
Mp5g14790	neg	1	0	1	0	1	1	0	1	1	0	0	0	0	0	0	1	1	0	0	0	1	0	0	1	1	0	1	0	1	0	0	1	1	1	0	0	1	1	1	0	1	0	0	0	0	0
Mp5g16880	neg	0	1	0	0	0	1	0	0	1	0	0	0	0	0	1	1	0	0	0	0	1	1	1	1	0	1	0	0	0	1	0	1	0	0	1	1	0	1	1	1	1	0	0	0	0	0
Mp5g17680	neg	0	0	0	0	1	1	0	0	0	0	0	0	0	0	0	0	0	0	0	0	0	0	1	0	1	0	1	1	0	1	1	1	0	0	1	1	0	1	1	0	1	0	0	1	1	0
Mp5g19070	neg	1	1	1	0	0	1	0	0	1	0	1	0	0	1	0	1	0	0	1	0	0	1	1	0	0	0	0	0	0	1	0	1	1	0	1	0	1	0	0	1	1	0	0	0	0	0
Mp5g20100	neg	0	0	0	1	0	1	1	0	0	0	0	0	0	1	0	0	0	1	1	0	0	0	1	0	0	1	0	0	0	0	0	0	0	0	0	0	1	1	1	0	1	1	1	0	0	0
Mp5g24020	neg	0	0	1	0	1	1	0	0	1	0	0	0	0	0	0	1	1	0	1	1	0	1	0	1	0	1	1	0	0	0	1	1	0	0	0	0	1	1	1	0	0	1	0	1	0	0
Mp6g01450	neg	1	0	1	0	1	1	0	1	0	0	1	0	1	1	0	0	0	0	0	0	0	1	0	1	0	1	1	0	0	1	0	0	0	0	1	1	0	1	0	1	0	0	1	0	0	0
Mp6g03590	neg	1	0	0	0	0	0	0	0	1	0	0	0	0	0	0	1	0	1	1	0	0	1	1	1	0	1	1	1	0	0	0	0	0	0	1	0	0	0	1	0	0	1	1	1	0	0
Mp6g04460	neg	1	0	1	0	0	1	0	0	0	0	0	0	0	0	1	1	0	0	0	0	1	1	1	1	1	0	0	0	0	1	1	1	0	0	1	1	1	0	1	1	0	0	1	0	0	0
Mp6g05830	neg	0	1	1	0	0	0	0	0	0	1	0	0	0	0	1	0	0	1	1	0	0	1	1	0	1	0	0	1	0	1	1	1	1	0	1	1	0	0	1	1	0	1	1	1	0	0
Mp6g06270	neg	0	0	0	1	0	1	0	0	1	1	1	0	0	1	0	1	0	0	0	0	1	1	0	1	0	0	0	1	0	0	0	1	0	0	0	0	1	0	1	0	1	0	1	0	0	0
Mp6g06460	neg	1	1	0	0	1	1	0	0	1	1	0	0	0	0	0	0	0	0	1	0	0	0	0	1	1	0	1	0	0	1	0	1	0	0	1	0	1	0	0	0	0	0	1	0	0	0
Mp6g06760	neg	0	0	1	0	0	1	0	0	0	0	0	0	0	0	1	1	0	1	0	1	0	1	1	1	0	0	0	0	0	0	0	1	0	0	0	0	0	1	1	0	0	0	1	0	0	0
Mp6g07090	neg	1	0	0	0	1	0	0	0	1	1	0	0	0	0	0	0	0	1	1	0	0	0	0	1	0	0	1	0	1	0	0	1	1	1	0	0	1	1	1	1	0	1	1	0	0	0
Mp6g07650	neg	0	1	0	1	1	0	0	0	1	0	1	0	0	0	0	0	0	0	0	0	0	1	1	1	0	0	1	1	0	0	0	0	1	0	0	1	0	1	1	0	0	1	1	0	0	0
Mp6g07820	neg	0	1	0	0	1	0	1	0	1	0	0	0	0	0	1	0	0	0	0	0	0	0	1	1	0	1	1	1	0	0	1	0	0	0	1	0	1	0	1	0	1	0	1	0	0	0
Mp6g07940	neg	0	1	0	0	1	0	0	0	0	0	0	0	0	0	1	1	0	1	0	0	0	0	0	0	0	1	0	1	0	1	1	0	0	0	1	0	0	1	0	0	1	0	1	1	0	0
Mp6g08760	neg	0	1	1	0	1	1	1	0	0	1	1	0	0	0	0	0	0	1	1	0	0	0	0	1	0	1	1	1	1	0	1	0	0	0	1	1	1	1	0	0	0	0	1	1	0	0
Mp6g09290	neg	1	1	1	1	0	1	0	0	1	0	1	1	0	1	0	1	0	1	0	1	0	1	0	0	1	0	0	0	0	0	0	1	0	0	0	1	0	0	1	0	0	0	0	0	1	0
Mp6g09940	neg	0	0	1	0	0	0	0	0	0	0	0	0	0	1	0	0	0	0	1	0	0	1	0	0	0	1	1	0	0	0	0	0	0	0	0	0	0	1	1	0	0	0	0	0	0	0
Mp6g12190	neg	0	0	0	0	1	1	0	0	1	1	0	0	0	0	1	0	0	0	0	0	0	1	1	0	1	0	0	1	0	1	1	1	1	0	1	1	1	1	0	0	1	1	1	0	0	0
Mp6g12800	neg	1	0	0	0	0	1	0	0	1	0	0	0	0	1	1	0	0	0	1	0	0	1	1	1	1	1	0	0	0	1	0	0	1	0	1	1	1	1	0	1	1	0	1	1	0	0
Mp6g12940	neg	0	1	0	0	1	0	0	0	0	0	1	0	0	0	0	0	0	1	1	0	0	0	1	0	0	0	0	0	0	0	0	1	0	0	1	0	0	0	0	1	0	1	1	0	0	0
Mp6g14130	neg	0	0	0	1	1	1	0	0	0	1	0	0	0	0	0	0	0	1	1	0	0	1	1	1	1	0	1	1	0	0	0	1	0	0	0	0	0	1	1	1	0	1	0	1	1	0
Mp6g15060	neg	0	0	0	0	1	0	0	0	1	1	0	0	0	0	0	1	0	1	0	0	0	0	1	1	0	0	0	1	0	1	0	1	0	0	0	0	1	1	0	1	0	1	1	0	1	0
Mp6g15740	neg	1	0	1	0	0	1	0	0	0	0	1	0	0	0	0	0	0	1	1	0	0	0	1	1	1	1	0	0	1	0	1	1	0	0	0	1	0	1	0	0	0	0	1	0	0	0
Mp6g16030	neg	0	0	1	0	0	0	0	1	1	0	0	0	1	1	1	0	0	1	1	0	0	0	0	1	0	1	1	0	0	0	1	0	0	0	1	0	0	1	1	0	0	0	1	0	0	0
Mp6g17010	neg	1	0	1	0	0	1	0	0	0	0	0	0	0	0	0	0	0	0	1	0	0	1	0	1	1	1	0	0	0	0	1	0	1	0	1	0	0	0	0	0	0	0	1	0	0	0
Mp6g17060	neg	0	0	1	0	1	0	1	0	0	0	0	0	0	0	0	1	1	0	1	0	1	1	0	1	1	0	1	0	1	1	1	0	1	0	0	0	1	1	0	1	1	0	0	0	0	0
Mp6g18390	neg	1	0	0	0	1	0	0	0	1	0	0	0	0	0	1	0	0	0	0	0	0	0	0	0	0	1	0	0	0	0	1	0	0	0	0	0	0	0	1	0	0	0	1	1	0	0
Mp6g19620	neg	1	1	0	0	1	0	0	0	0	0	0	0	0	0	1	0	0	0	0	0	0	0	1	0	1	1	0	1	0	0	0	0	0	0	0	0	0	0	0	1	1	1	0	0	0	0
Mp6g21200	neg	0	1	0	1	0	1	0	0	1	1	0	0	0	1	1	0	0	1	1	1	0	0	1	0	1	1	0	1	0	1	1	0	1	0	1	1	1	0	0	1	1	0	1	0	0	0
Mp7g00060	neg	1	1	1	1	0	1	0	0	1	1	0	0	1	1	0	0	0	0	1	0	0	1	1	1	1	0	0	1	0	0	0	0	1	0	1	1	1	0	1	1	1	0	1	0	1	0
Mp7g01680	neg	0	1	1	0	0	0	0	0	1	0	0	0	1	1	0	1	0	0	1	0	0	0	0	1	1	1	0	1	0	0	0	0	0	0	1	1	0	0	0	0	0	0	0	0	0	0
Mp7g01960	neg	1	1	0	0	1	1	0	0	0	1	0	0	0	0	1	0	0	1	1	0	0	0	0	0	1	0	0	1	0	1	0	0	1	0	0	1	0	1	1	1	0	1	1	1	0	0
Mp7g02720	neg	0	0	0	0	0	0	0	0	1	0	0	0	0	0	0	0	0	0	1	0	0	0	1	0	0	0	1	1	1	1	0	0	0	0	1	0	0	1	0	1	1	0	1	0	1	0
Mp7g04980	neg	0	0	1	1	1	1	0	0	0	0	0	0	1	1	1	1	0	0	0	0	0	1	1	0	0	0	0	1	0	0	1	0	1	0	1	1	0	0	0	1	1	0	1	0	0	0
Mp7g06270	neg	1	1	1	0	0	1	0	1	1	0	0	0	0	1	1	0	0	0	1	1	0	1	0	1	1	1	0	1	0	0	1	1	0	0	0	0	0	0	1	1	0	0	0	1	0	0
Mp7g06500	neg	0	0	0	0	1	0	0	0	0	0	1	0	0	1	0	0	0	0	1	0	0	0	0	1	0	0	0	1	0	0	1	0	0	0	0	0	1	1	1	1	0	0	1	1	0	0
Mp7g08240	neg	0	0	0	0	1	0	0	0	1	0	0	0	0	0	0	0	0	1	0	0	0	0	1	1	0	0	1	1	0	0	0	1	0	0	0	1	1	0	1	1	0	1	0	1	0	0
Mp7g09180	neg	1	0	1	0	1	1	0	0	0	0	1	0	0	0	0	0	0	0	0	0	0	1	0	1	0	0	1	1	0	0	1	0	0	0	1	0	0	1	1	1	0	0	1	1	0	0
Mp7g10720	neg	0	1	1	1	1	1	0	0	1	0	0	0	0	1	0	1	1	0	0	0	0	1	1	0	1	1	1	0	0	0	1	0	1	0	1	0	1	0	0	0	0	1	1	0	0	0
Mp7g11730	neg	0	1	1	0	0	1	0	0	1	1	0	0	0	0	0	0	0	0	1	0	0	0	0	1	0	0	0	0	1	1	1	0	0	0	1	1	0	1	1	0	0	0	0	1	0	0
Mp7g12900	neg	1	1	0	0	0	1	0	0	1	0	0	0	0	1	0	0	0	1	1	0	0	1	1	1	0	1	0	0	1	0	1	1	0	0	1	1	0	1	1	1	0	1	1	0	0	0
Mp7g13150	neg	1	0	0	0	0	0	0	0	1	0	0	0	0	0	0	0	0	0	0	0	0	1	0	0	1	0	1	0	0	1	1	1	0	0	0	0	0	1	1	1	1	0	0	1	0	0
Mp7g13250	neg	0	0	0	0	0	0	0	0	0	1	1	0	0	0	0	1	0	0	1	0	0	0	1	0	0	0	0	1	0	1	0	0	0	0	0	1	0	1	0	0	0	1	1	0	0	0
Mp7g13350	neg	1	0	1	0	1	1	0	1	0	1	0	0	0	0	1	0	0	1	1	0	0	1	0	1	0	1	0	0	1	0	1	0	0	0	0	0	0	1	0	0	0	0	0	0	0	0
Mp7g14360	neg	0	1	0	1	0	0	0	0	0	0	1	0	0	1	0	0	0	0	0	0	0	1	0	1	1	0	0	1	0	0	1	1	0	0	0	0	1	1	0	0	0	0	0	1	0	0
Mp7g14370	neg	1	0	0	0	1	1	0	0	0	0	0	0	0	0	0	0	0	1	1	0	0	1	1	1	1	1	0	1	1	0	1	1	0	0	0	0	1	0	1	0	0	0	0	0	0	0
Mp7g14540	neg	1	0	1	1	0	0	0	0	0	0	0	0	0	0	0	0	0	1	1	0	0	1	0	1	0	0	1	1	0	0	0	0	1	1	0	0	1	0	1	1	1	0	0	0	0	0
Mp7g14650	neg	0	0	1	0	1	0	0	0	0	1	1	0	0	0	0	1	1	0	1	0	1	1	0	1	1	0	1	1	0	1	1	1	1	0	0	1	1	1	0	1	1	1	0	1	1	0
Mp7g15330	neg	0	1	0	0	0	1	0	1	1	0	0	0	0	0	1	0	0	1	0	0	0	1	1	0	0	1	1	0	0	0	0	0	0	0	0	1	0	1	1	0	1	0	0	1	0	0
Mp7g16370	neg	1	1	0	0	0	1	0	0	0	0	0	0	0	1	1	1	1	0	0	0	1	1	0	1	1	1	1	1	0	0	0	1	0	0	1	0	0	1	0	1	1	1	1	1	0	0
Mp7g17500	neg	0	0	0	0	1	0	1	1	0	0	1	0	0	0	1	0	0	1	0	0	0	1	1	1	1	0	0	0	1	0	0	0	1	1	0	1	1	0	0	0	1	0	1	0	0	0
Mp7g19100	neg	0	1	1	0	1	0	0	0	1	0	0	0	1	0	0	0	0	0	1	0	0	1	1	1	0	0	0	0	0	1	0	1	0	0	1	0	1	1	0	0	0	0	1	1	0	0
Mp7g19400	neg	0	0	0	1	1	0	0	0	1	0	0	0	0	1	1	0	0	0	0	0	0	1	0	1	1	1	1	0	1	1	0	0	0	0	1	1	1	1	1	1	0	0	1	0	0	0
Mp7g19560	neg	0	1	0	0	1	1	0	0	1	0	0	0	0	0	1	0	0	1	0	0	0	0	1	0	0	1	0	1	0	1	0	1	0	0	1	1	0	1	1	0	1	1	1	0	0	0
Mp7g19590	neg	0	1	1	0	0	0	0	0	1	0	0	0	0	0	1	0	0	1	0	0	0	1	0	1	1	0	0	0	0	1	0	0	0	0	0	1	1	1	1	1	1	0	1	0	0	0
Mp8g01170	neg	1	0	1	0	0	1	0	0	1	0	0	0	1	1	0	0	0	1	1	0	0	0	1	1	1	0	0	0	1	0	0	1	1	0	1	1	1	0	1	0	1	0	1	1	0	0
Mp8g04010	neg	0	0	0	0	0	0	0	0	0	1	0	0	0	0	0	0	0	1	1	0	0	1	0	1	1	0	1	0	0	0	1	1	0	0	0	0	0	1	1	0	0	0	1	0	1	0
Mp8g04580	neg	1	1	0	0	1	1	0	0	1	1	1	0	0	0	1	1	0	1	0	0	0	0	0	1	1	0	0	0	0	0	0	0	0	0	1	1	0	0	0	0	1	0	1	1	0	0
Mp8g05580	neg	0	0	1	0	0	1	0	0	0	0	0	0	0	1	0	1	0	0	1	1	0	1	0	1	0	1	0	1	0	1	0	0	1	0	1	1	0	0	1	0	1	0	0	1	0	0
Mp8g05700	neg	1	0	0	1	1	0	1	0	0	0	1	1	0	0	1	1	0	1	0	0	0	1	0	1	0	1	0	1	0	1	0	0	0	0	0	0	0	1	1	0	0	0	0	0	1	0
Mp8g05790	neg	0	0	0	0	0	0	0	0	1	0	0	0	0	0	1	0	0	0	0	0	0	1	1	0	0	0	0	1	0	1	1	0	0	0	1	0	1	0	1	1	0	1	0	1	0	0
Mp8g06190	neg	0	0	0	0	0	1	0	1	0	0	0	0	0	1	0	0	0	0	0	1	0	1	0	0	0	0	0	0	0	0	0	0	0	0	0	0	1	0	0	1	0	0	0	1	1	0
Mp8g07300	neg	0	0	1	0	0	1	0	0	1	0	1	0	1	0	0	0	0	1	1	0	0	0	0	1	0	1	0	0	0	0	1	0	1	1	0	1	1	1	0	0	0	0	1	0	0	0
Mp8g07940	neg	1	0	1	0	0	1	0	0	0	0	0	0	0	1	1	1	0	1	0	1	1	1	1	1	0	0	0	1	0	1	0	1	1	0	1	0	0	1	1	1	0	0	1	1	0	0
Mp8g08330	neg	1	0	0	0	1	1	0	0	1	1	0	0	0	0	1	1	1	1	0	0	1	1	0	1	0	1	1	1	0	0	0	0	0	0	1	1	1	1	1	1	0	1	1	1	0	0
Mp8g09340	neg	0	0	1	0	1	0	0	0	0	1	1	0	1	0	0	0	0	0	0	0	0	1	0	1	0	1	1	0	1	0	1	1	1	0	1	1	0	0	1	1	1	0	1	1	0	1
Mp8g12080	neg	1	0	0	0	1	1	0	1	0	1	0	0	0	0	0	0	0	1	0	0	0	0	0	0	1	1	1	1	1	0	0	1	0	0	1	0	0	0	1	1	0	1	1	1	0	0
Mp8g12690	neg	0	0	0	0	0	1	0	0	1	1	0	0	0	0	0	0	0	1	0	1	0	1	1	0	0	1	0	0	0	0	0	0	1	0	0	0	0	0	1	0	1	0	0	1	0	0
Mp8g13000	neg	0	1	1	0	0	1	0	0	1	1	0	0	0	0	1	1	0	1	0	0	0	1	0	1	1	0	0	1	0	0	1	0	0	0	0	0	1	0	1	1	0	0	1	0	0	0
Mp8g13300	neg	0	0	0	0	0	0	0	0	1	0	0	0	0	0	1	0	0	1	1	0	0	0	1	1	1	1	0	1	0	0	1	1	0	0	1	1	1	0	1	0	0	0	0	0	0	0
Mp8g14010	neg	1	0	0	0	0	0	0	0	1	0	0	0	0	0	0	1	1	0	1	0	0	1	0	0	0	1	1	1	1	0	0	0	1	0	0	0	0	1	1	0	1	1	1	1	0	0
Mp8g14550	neg	0	1	1	1	0	1	1	0	1	0	1	0	1	1	0	0	0	0	1	0	0	0	1	0	0	1	1	0	0	0	0	0	0	0	1	1	0	1	0	0	1	0	1	0	0	0
Mp8g15810	neg	1	0	1	0	1	0	0	0	1	1	0	0	1	1	0	1	0	0	1	0	0	0	0	1	1	1	0	0	0	0	1	0	1	1	0	0	0	0	1	0	0	1	0	1	0	0
Mp8g17200	neg	1	1	0	0	0	1	0	0	0	0	0	0	0	0	1	1	0	0	0	0	1	0	0	1	0	0	0	1	0	1	0	0	0	0	1	1	0	1	0	1	0	1	0	1	0	0
Mp8g17720	neg	1	0	0	0	0	1	0	0	1	0	1	0	0	1	0	0	0	1	1	0	0	0	0	0	0	1	0	0	0	0	0	0	0	0	1	1	0	0	0	0	0	0	1	1	0	0
Mp8g18970	neg	0	0	1	0	0	0	0	0	1	1	1	0	0	1	1	0	0	1	0	1	0	1	1	1	1	1	0	1	1	1	0	0	0	0	1	0	1	0	0	1	0	0	1	0	0	0
