X	Class	AACCTG	AACGCC	AACTGC	AAGCTC	AAGTCA	AATGCG	ACACGC	ACAGCAC	ACAGGA	ACAGGC	ACAGGCC	ACAGGTC	ACCTGC	ACCTGG	ACTCGA	ACTGCT	AGAAGTC	AGAGCT	AGATGG	AGCACT	AGCGTG	AGCTCA	AGCTCAG	AGCTCC	AGCTCGG	AGTAGC	AGTCAG	AGTCTC	AGTGGG	AGTGTCC	ATAGCAC	ATCCCC	ATCGGCA	ATCTGC	ATGACG	ATGCCC	CAACAG	CACTGA	CAGCAG	CAGCTC	CAGGAG	CAGTCA	CAGTGC	CATGCA	CCAAGG	CCAGCC	CCCCTGA	CCGATC	CCTGAC	CCTGAG	CCTGTA	CGAGTA	CGATGCA	CGCAGCCC	CTCAGA	CTCAGGA	CTGAAC	CTGAGA	CTGCAA	CTGGCTA	CTGTAA	GACTGA	GAGCCA	GAGCTC	GAGTCC	GATGGC	GCATGC	GCCTGA	GCTACA	GCTGGA	GCTGTA	GCTTTA	GGCCAC	GGGCAC	GGTCAC	GTCACA	TCGTCA	TCTGCA
Mp1g00550	pos	0	1	0	1	0	0	1	0	1	1	1	0	1	0	0	0	0	1	1	1	0	1	0	1	1	0	0	0	1	0	0	1	0	0	0	1	1	0	1	1	1	0	0	1	1	0	1	1	1	1	0	0	0	0	1	0	1	1	0	0	0	0	1	0	0	0	0	1	0	1	0	1	1	1	1	1	1	0
Mp1g01810	pos	0	0	1	0	0	0	0	0	0	0	0	0	1	0	1	1	0	0	1	0	1	0	0	0	0	0	1	0	1	0	0	1	0	1	0	0	0	0	1	0	1	1	1	1	0	1	0	1	1	0	0	0	0	0	0	0	1	0	0	0	0	1	1	1	1	1	0	0	1	0	0	1	1	0	0	1	0	0
Mp1g02260	pos	0	1	0	1	1	1	0	1	1	1	1	1	1	1	1	0	1	1	0	0	1	0	0	0	0	1	1	0	1	0	0	0	0	1	1	0	1	1	1	1	1	0	0	0	1	0	0	1	0	1	1	0	0	0	1	1	1	1	1	0	1	1	1	1	1	1	0	0	0	0	1	1	0	0	1	1	1	1
Mp1g02880	pos	1	0	1	0	0	1	0	0	1	0	0	1	0	0	1	1	0	0	0	1	1	1	0	1	1	1	0	0	1	0	0	1	0	1	0	0	1	0	1	1	1	0	1	0	1	1	0	0	1	0	1	1	1	0	1	0	1	1	0	0	0	1	1	1	1	0	0	1	1	1	0	1	0	0	1	1	1	1
Mp1g03750	pos	1	1	1	1	0	0	0	1	1	0	0	1	1	1	0	1	0	0	0	1	1	1	0	1	1	0	1	0	1	0	0	1	0	1	0	1	1	1	1	1	1	1	1	1	1	1	0	1	1	0	1	1	1	0	1	0	1	0	1	0	1	1	0	1	1	1	1	1	0	1	1	0	1	1	1	1	1	1
Mp1g03760	pos	1	1	1	1	0	0	0	1	1	0	0	1	1	1	1	1	0	0	0	1	1	1	1	1	1	0	1	0	1	0	0	1	0	1	0	1	1	1	1	1	1	1	1	0	1	1	1	1	1	0	1	1	1	0	1	0	1	0	1	0	1	1	0	1	1	1	0	1	0	1	1	0	1	1	1	1	1	1
Mp1g04150	pos	0	1	1	0	1	1	0	0	0	0	0	0	0	1	1	0	0	0	0	1	1	0	0	1	0	1	1	1	1	0	0	0	0	1	0	1	0	0	1	1	0	1	1	1	0	1	0	0	1	1	0	1	0	1	0	0	1	0	1	1	0	0	0	0	0	0	1	1	1	1	0	1	0	0	0	1	0	1
Mp1g04750	pos	1	1	0	1	1	1	1	0	1	0	0	1	0	0	0	0	0	1	1	0	0	1	1	1	0	0	0	1	1	0	0	0	0	0	1	1	1	1	1	1	0	0	0	1	1	1	0	0	1	1	1	0	0	0	1	0	1	1	0	0	1	1	0	1	0	1	0	0	1	1	0	0	1	1	1	0	1	0
Mp1g06440	pos	1	1	1	1	0	0	0	0	0	0	0	0	0	1	1	1	0	1	1	1	0	1	0	1	1	0	1	1	1	1	0	1	0	1	1	0	1	1	1	1	1	1	1	1	0	0	0	1	1	1	0	0	0	0	1	1	1	1	1	0	0	1	1	1	1	1	0	1	1	1	1	0	1	0	0	0	0	1
Mp1g06980	pos	0	0	1	1	1	0	1	0	0	0	0	0	1	0	1	0	0	1	0	1	0	0	0	0	0	0	1	1	0	0	0	0	0	1	0	0	0	1	0	1	0	0	1	0	0	0	0	1	1	0	0	0	0	0	0	0	1	0	0	0	1	1	0	0	1	1	0	1	0	1	1	1	0	0	0	1	1	0
Mp1g07510	pos	1	0	1	1	0	0	0	0	1	0	0	1	1	0	1	1	0	0	1	1	0	0	0	0	1	1	0	1	1	1	0	0	0	0	0	0	0	0	1	1	1	0	1	1	0	1	0	1	0	0	0	0	0	0	0	0	0	0	0	0	1	0	1	0	1	1	1	1	0	1	1	1	0	1	0	0	0	0
Mp1g07620	pos	1	0	1	1	1	1	0	0	1	0	0	1	0	1	0	1	0	0	0	0	1	1	0	1	0	1	1	1	1	0	0	0	0	1	0	0	0	1	1	1	1	1	1	1	1	1	0	1	0	1	1	0	0	0	1	1	0	1	1	0	1	1	1	1	1	1	0	0	1	1	0	0	1	0	0	0	0	1
Mp1g07630	pos	1	0	1	1	0	1	0	0	0	0	0	0	0	0	1	0	0	1	1	0	0	0	0	1	0	0	1	0	0	0	0	0	0	0	0	0	1	1	0	0	0	1	0	1	1	1	0	1	0	0	1	1	0	0	1	0	1	1	1	0	1	0	0	1	0	1	0	1	0	0	1	0	1	0	1	1	0	0
Mp1g08130	pos	0	1	1	1	0	1	0	0	1	1	0	0	0	1	0	1	0	1	1	1	1	1	1	1	0	0	0	1	0	0	1	1	0	1	1	1	1	1	1	1	1	1	1	1	1	1	0	0	0	0	0	0	1	0	1	0	0	0	0	0	0	0	1	0	1	1	1	0	0	1	1	1	1	1	1	1	0	0
Mp1g08490	pos	0	0	0	1	1	1	0	0	0	0	0	0	0	0	1	0	0	1	0	0	1	1	1	1	0	1	0	0	1	0	0	1	1	1	1	1	0	0	1	1	1	1	0	1	0	1	0	1	1	0	0	0	1	0	1	0	1	0	1	0	0	0	1	1	0	0	1	1	1	0	0	0	1	0	0	0	1	0
Mp1g10940	pos	0	0	1	0	1	0	0	0	0	0	0	0	1	0	1	0	0	0	1	0	0	1	0	1	0	0	1	0	0	0	0	0	1	1	0	0	0	0	1	0	1	0	0	0	1	0	1	1	1	0	0	0	0	0	0	0	1	0	1	0	1	1	1	1	0	0	0	1	1	1	0	1	1	0	1	1	0	1
Mp1g11770	pos	1	0	0	0	0	1	0	0	1	0	0	0	1	1	1	0	0	1	1	1	1	1	1	1	0	0	1	1	0	0	0	0	1	0	0	0	1	0	1	1	1	0	0	0	0	1	0	1	0	1	0	0	1	0	1	1	0	1	0	0	0	1	1	1	0	1	0	0	0	1	0	0	1	1	1	1	0	0
Mp1g12420	pos	0	0	0	0	0	0	1	0	1	0	0	0	1	0	0	1	0	1	0	1	0	1	0	1	1	1	1	1	1	0	0	1	0	0	1	1	0	1	1	1	1	0	1	0	0	1	1	0	0	1	1	1	1	0	1	1	0	1	1	0	1	0	0	1	1	0	0	0	0	0	1	0	1	0	0	0	1	1
Mp1g13110	pos	1	0	1	1	0	1	0	0	1	0	0	0	1	1	0	0	0	1	1	0	0	0	0	0	0	1	0	0	0	0	1	0	0	1	0	0	0	1	1	0	0	0	1	1	0	1	1	0	0	0	0	0	1	0	0	0	1	0	1	0	0	0	0	0	0	0	0	0	0	0	0	0	1	0	1	0	0	1
Mp1g17610	pos	1	0	1	0	0	1	1	0	1	0	0	0	1	0	0	0	0	1	1	1	0	0	0	0	0	1	0	0	1	0	1	0	0	1	0	0	0	0	0	0	1	0	0	1	0	0	0	1	1	0	0	0	0	0	1	0	0	0	0	0	0	1	0	0	1	0	1	1	1	0	0	0	0	0	0	0	0	0
Mp1g17670	pos	0	0	1	1	0	1	0	0	0	1	0	0	0	1	1	1	1	0	1	0	1	0	0	1	1	1	0	1	0	0	1	0	0	1	0	1	0	0	1	1	0	1	0	0	0	1	0	0	0	1	0	0	1	0	0	0	0	1	1	0	1	1	1	1	1	1	0	0	0	1	0	1	0	1	1	0	0	0
Mp1g17840	pos	0	0	0	1	1	1	0	0	1	1	0	0	0	1	1	1	1	1	1	0	0	1	0	1	1	0	0	0	1	0	0	0	1	0	1	1	0	1	1	1	1	1	1	1	1	1	0	1	1	1	1	1	0	0	1	0	1	1	1	0	1	0	0	1	1	1	1	1	0	1	0	1	1	0	1	0	1	0
Mp1g17910	pos	1	0	1	1	0	1	0	0	1	1	0	0	1	0	1	1	0	1	0	0	1	1	0	0	1	0	1	1	0	0	0	0	1	1	1	0	1	0	1	1	1	1	0	0	1	1	0	1	1	1	0	0	0	0	1	0	1	1	0	1	1	1	1	1	1	1	0	0	1	1	1	0	1	0	1	0	1	1
Mp1g20010	pos	0	1	1	1	1	1	1	0	0	1	0	1	1	0	1	1	0	0	1	1	1	1	0	1	0	0	1	0	0	1	0	1	1	1	0	1	0	1	1	0	1	1	1	1	1	0	0	1	1	1	0	0	0	0	0	1	1	1	1	0	1	1	0	0	1	1	1	0	1	1	1	1	1	0	1	1	1	1
Mp1g20830	pos	1	1	1	1	1	1	1	0	0	0	0	0	1	0	1	1	0	0	1	0	0	1	1	1	0	1	1	0	1	0	1	1	1	1	1	0	1	1	1	1	1	1	1	0	0	1	0	1	1	1	0	1	0	0	0	1	1	0	1	0	1	0	1	1	1	1	0	1	1	1	1	0	0	0	0	0	1	1
Mp1g21980	pos	0	0	0	0	1	0	1	0	1	1	0	0	0	0	0	1	0	0	0	1	1	1	1	1	1	0	0	0	0	0	0	1	0	0	1	0	0	0	1	1	1	0	1	1	0	1	0	1	1	1	0	0	1	0	1	0	1	0	0	1	0	0	1	1	1	1	0	1	1	1	0	0	1	0	0	0	1	1
Mp1g23430	pos	0	0	0	0	1	1	0	0	0	0	0	0	1	0	0	0	0	1	0	0	0	0	0	0	0	0	1	0	0	1	0	0	1	0	0	0	1	0	1	0	0	0	0	0	0	1	0	1	0	0	0	0	0	0	1	0	1	1	1	0	0	0	0	0	0	1	0	1	1	1	0	1	0	1	0	1	0	1
Mp1g24830	pos	1	0	0	1	0	1	0	0	0	0	0	0	0	1	0	0	0	0	1	1	1	1	0	1	1	0	0	1	1	0	0	1	0	0	1	0	1	1	1	1	1	0	1	1	1	1	0	0	1	0	0	1	1	1	1	0	0	0	0	0	1	1	1	0	0	1	1	0	1	1	0	0	1	0	0	0	1	1
Mp1g25130	pos	1	1	1	1	0	0	0	1	0	1	0	0	0	1	1	1	1	1	1	1	1	1	1	1	1	0	1	1	0	1	0	1	0	0	1	1	1	1	1	1	0	0	1	1	0	0	0	1	1	1	1	1	1	0	1	1	1	1	1	0	0	1	0	1	1	0	0	1	1	1	1	1	1	1	0	0	1	1
Mp1g25980	pos	1	1	1	1	1	1	1	0	0	1	0	0	0	1	1	1	1	1	1	0	1	0	0	1	0	0	0	1	0	0	0	0	0	1	1	1	0	0	1	1	1	0	0	1	0	0	1	0	0	0	0	1	0	0	1	0	1	0	0	0	0	1	0	1	0	0	0	0	0	1	1	0	1	1	0	0	1	1
Mp1g26230	pos	1	0	0	1	1	0	0	0	1	1	0	0	1	0	1	1	0	1	1	0	1	1	1	0	0	0	1	1	1	0	0	1	0	1	1	0	0	0	1	1	1	1	1	0	0	1	0	1	1	1	1	0	0	0	1	1	1	1	1	0	0	1	1	0	1	0	0	0	1	1	0	0	1	0	1	0	0	1
Mp1g26920	pos	0	0	1	1	1	1	1	0	1	1	0	0	1	0	1	1	0	1	0	0	0	1	0	0	0	0	0	1	0	0	0	0	0	0	0	0	0	0	1	1	1	0	1	1	1	1	1	0	0	0	1	0	0	0	0	0	0	0	0	0	0	1	0	1	0	1	0	0	1	0	1	0	0	1	0	1	1	1
Mp1g27920	pos	1	0	0	0	1	1	0	0	1	0	0	0	1	0	1	0	1	1	1	0	0	0	0	1	0	0	1	1	1	0	0	0	0	1	1	0	1	1	1	1	1	1	0	1	0	1	0	0	0	0	1	1	0	0	1	0	0	1	1	0	1	1	1	0	0	1	0	1	0	1	1	1	0	1	0	1	1	1
Mp1g28180	pos	1	0	1	0	1	0	0	0	1	1	0	1	0	1	1	1	0	0	1	1	0	1	0	0	0	0	1	0	0	0	0	1	1	1	1	0	1	1	1	0	0	1	1	1	1	0	0	1	1	1	0	0	1	0	0	1	1	0	0	0	0	1	0	1	1	0	1	1	0	0	1	0	1	0	0	0	0	1
Mp1g28780	pos	1	0	1	0	0	1	0	0	1	0	0	0	1	0	0	1	0	1	0	1	0	0	0	0	0	0	1	1	0	0	0	0	0	1	1	0	1	0	1	1	1	0	0	1	1	0	0	1	0	0	0	1	1	0	0	0	0	1	1	0	1	1	1	0	1	1	0	0	1	1	1	1	0	1	0	0	1	1
Mp1g29350	pos	1	0	1	1	1	0	0	0	1	0	0	0	1	1	0	1	0	0	1	1	0	0	0	1	0	1	0	0	0	1	0	0	0	1	0	0	0	0	1	1	1	1	1	1	0	0	1	1	1	0	0	1	0	0	1	0	1	0	1	0	0	1	1	0	1	0	1	0	1	1	1	0	0	0	0	1	1	1
Mp2g01420	pos	0	1	0	1	1	1	0	1	0	0	0	0	1	0	1	1	0	1	1	1	0	1	1	1	1	1	0	0	1	0	0	1	0	0	0	0	1	1	1	1	0	0	1	1	0	1	0	1	0	1	0	1	0	0	1	0	0	1	1	1	1	0	0	1	1	0	0	0	1	1	1	0	1	0	1	1	0	1
Mp2g01710	pos	1	0	1	0	1	0	0	0	1	1	1	0	1	0	1	1	0	1	0	1	1	1	0	0	0	0	0	1	0	1	1	0	0	1	1	1	1	1	1	1	0	0	1	0	1	1	0	0	0	0	1	1	0	0	1	0	0	1	1	0	1	0	1	0	1	0	1	1	0	0	1	1	1	0	0	1	1	1
Mp2g02090	pos	1	1	1	0	1	1	0	0	0	1	1	0	1	1	1	1	0	0	1	0	1	1	0	0	0	0	1	0	0	0	1	0	0	1	1	0	1	1	0	0	0	0	1	0	0	0	0	0	1	0	1	1	0	0	0	0	1	0	1	0	0	0	1	0	0	1	0	1	1	1	1	1	0	0	0	1	1	1
Mp2g02520	pos	0	0	1	0	0	0	0	0	0	0	0	0	1	1	1	1	0	1	0	1	0	0	0	1	0	0	0	1	0	0	0	1	0	1	1	0	1	1	1	1	1	1	1	1	1	1	0	1	0	0	0	1	0	0	0	0	1	1	1	0	0	0	0	1	1	0	0	1	1	1	0	1	0	0	0	1	1	1
Mp2g04920	pos	0	0	0	0	1	0	0	0	1	0	0	0	0	1	1	0	0	0	0	1	0	0	0	0	0	1	0	0	0	0	0	0	0	1	0	0	1	1	1	0	1	1	1	0	1	1	0	0	0	0	1	0	0	0	0	0	0	0	1	0	1	1	1	0	1	1	1	0	0	1	1	1	0	1	0	1	0	1
Mp2g05910	pos	1	0	0	0	1	1	1	0	0	0	0	0	1	0	1	1	0	1	1	1	1	1	1	1	1	0	0	1	0	0	1	1	1	1	1	0	0	1	1	1	1	0	1	1	0	1	0	1	1	1	0	1	0	0	0	1	1	0	1	0	0	0	1	1	1	0	0	0	0	1	1	0	1	1	0	1	1	1
Mp2g06780	pos	1	0	1	1	0	1	0	0	1	0	0	0	0	1	0	1	0	0	1	1	0	0	0	1	0	0	0	0	0	0	0	1	0	1	1	0	1	1	1	1	1	1	1	1	0	0	0	0	0	0	0	0	0	0	0	0	1	0	1	0	1	1	1	0	0	1	0	0	0	1	1	1	1	1	1	1	1	1
Mp2g07500	pos	1	0	1	1	1	1	1	0	1	0	0	0	1	1	0	1	0	1	0	1	1	0	0	0	0	0	1	0	0	0	1	0	0	1	0	0	0	1	1	1	1	1	0	1	1	1	0	1	1	1	0	1	0	0	1	1	1	1	1	1	1	1	0	0	1	0	1	0	0	0	1	0	0	1	1	0	0	1
Mp2g07510	pos	1	1	1	1	1	0	0	0	1	0	0	0	0	1	0	0	0	0	1	1	1	1	0	1	1	1	1	0	0	0	1	0	0	1	1	1	0	1	0	1	1	0	1	1	0	0	0	0	0	0	0	0	0	0	0	0	1	1	0	0	0	1	0	1	1	1	1	0	0	0	0	0	0	1	1	1	1	1
Mp2g08290	pos	1	0	0	0	1	0	0	0	1	1	0	0	1	1	1	1	0	0	0	0	0	0	0	0	0	1	1	0	0	1	0	0	0	1	0	1	1	0	0	0	1	1	0	0	0	1	0	0	1	1	1	1	1	0	1	0	0	1	1	0	1	0	1	0	1	1	0	1	0	1	1	0	0	0	0	1	0	1
Mp2g09200	pos	1	0	1	1	1	0	1	0	1	1	0	0	1	1	0	1	0	1	0	0	1	0	0	0	0	0	1	0	1	0	0	0	0	0	1	0	1	0	1	1	0	1	0	1	0	1	0	1	1	0	0	0	1	0	1	0	1	0	0	0	1	1	1	0	0	1	0	0	1	1	0	1	0	1	0	0	0	0
Mp2g09560	pos	0	1	1	1	0	1	0	0	0	1	1	0	0	0	0	1	0	1	1	1	1	1	1	0	0	1	0	0	0	0	0	1	0	0	1	0	0	1	1	1	1	1	1	0	0	0	0	1	0	0	0	0	1	0	1	0	0	1	1	0	1	0	1	0	0	0	0	0	0	0	0	1	0	1	0	0	1	0
Mp2g09820	pos	0	0	0	1	0	0	1	1	1	0	0	0	0	0	0	0	0	1	1	0	1	1	0	1	0	0	0	0	1	0	0	0	1	0	1	1	1	0	1	0	1	1	1	1	0	1	0	1	1	1	0	1	0	1	0	0	0	0	1	0	0	0	1	1	1	1	1	1	0	1	0	0	1	1	0	1	1	1
Mp2g10090	pos	0	0	0	1	0	1	1	0	0	0	0	0	1	0	1	1	0	1	0	0	0	0	0	1	1	0	1	1	0	0	0	1	0	0	1	0	1	0	1	1	1	1	1	1	0	1	1	0	1	0	0	1	0	0	0	0	0	1	1	0	0	0	1	1	1	0	0	0	0	1	0	0	1	1	1	0	1	1
Mp2g11960	pos	1	1	0	1	1	0	1	0	1	0	0	1	1	1	0	0	0	1	0	1	0	1	0	1	0	0	1	1	0	0	1	0	0	0	1	1	0	1	1	1	0	0	1	1	0	1	0	1	0	0	0	1	0	0	1	0	0	1	0	0	0	1	0	0	0	0	0	0	0	1	0	1	0	0	1	1	1	1
Mp2g12220	pos	0	1	1	1	0	0	0	0	1	0	0	1	0	1	1	1	0	1	1	1	0	1	1	0	0	1	1	0	0	0	0	0	1	0	0	0	0	1	1	1	0	1	0	1	1	1	0	0	1	1	0	1	0	0	1	1	0	1	0	0	1	1	1	1	1	0	0	0	1	1	1	1	0	0	1	0	1	0
Mp2g12940	pos	0	0	1	1	1	1	1	0	0	1	1	0	0	0	0	1	0	0	1	1	1	1	0	0	0	0	0	0	0	0	0	0	1	1	0	1	1	0	0	0	1	0	0	1	0	0	0	0	0	0	1	0	0	0	1	0	1	1	1	0	0	0	1	0	0	0	0	1	0	0	0	0	0	1	0	0	0	1
Mp2g13870	pos	1	1	1	1	1	1	0	0	1	0	0	0	1	1	0	0	0	1	0	1	0	1	1	0	0	0	0	1	1	0	0	0	0	1	0	0	0	0	0	0	1	1	1	0	1	0	0	1	0	1	0	1	0	0	1	1	1	1	0	0	1	0	0	0	0	0	1	1	0	0	0	1	0	0	0	1	1	1
Mp2g15690	pos	1	1	0	1	0	1	0	0	1	0	0	1	0	0	1	0	0	1	1	1	0	1	1	1	0	0	1	1	0	0	0	0	0	1	1	1	0	1	1	1	1	1	1	1	0	0	0	0	0	0	0	0	0	0	1	0	1	1	1	0	1	1	0	0	0	0	1	0	1	1	1	1	0	0	0	1	1	1
Mp2g15700	pos	0	1	1	1	1	0	1	1	1	1	0	0	1	0	1	1	0	0	0	1	0	1	1	0	0	0	1	1	1	0	1	0	0	0	0	0	1	1	1	1	1	1	1	1	0	1	0	1	0	1	1	1	0	0	1	1	1	1	1	0	1	0	1	1	1	0	1	0	1	1	1	1	1	1	0	1	0	1
Mp2g16130	pos	0	1	0	1	1	1	0	0	0	1	1	0	1	0	0	1	1	1	1	0	1	1	1	0	0	1	0	0	1	0	0	0	0	0	0	0	0	0	1	0	0	1	1	0	1	0	0	1	0	0	0	1	0	0	0	0	0	0	0	0	1	1	0	1	1	0	0	0	0	0	1	1	1	0	1	0	1	1
Mp2g17500	pos	0	0	0	1	1	1	1	0	0	1	0	0	0	0	1	1	1	1	1	1	1	1	1	1	0	0	1	0	1	0	1	0	0	1	1	0	0	1	1	1	0	1	1	1	0	1	0	1	0	0	0	1	0	0	1	0	1	1	1	0	1	1	0	1	1	0	0	0	0	1	1	1	1	0	1	1	1	1
Mp2g18080	pos	0	0	1	1	0	0	0	0	0	0	0	0	0	1	1	1	0	1	1	0	0	1	0	0	1	0	0	0	0	0	0	1	0	1	1	1	1	0	1	1	0	1	0	0	0	1	0	1	1	0	0	1	1	0	1	0	0	0	0	1	1	0	0	1	0	0	0	0	1	0	1	1	1	1	0	0	1	1
Mp2g18760	pos	0	0	0	0	1	0	0	0	1	0	0	0	0	1	1	0	1	1	1	1	0	1	0	0	0	1	1	1	0	0	0	0	0	1	1	1	1	1	1	1	1	1	1	1	1	0	0	1	1	1	1	1	0	0	1	1	1	1	1	0	1	1	1	0	0	0	0	1	1	1	0	0	0	0	0	0	1	0
Mp2g20470	pos	0	0	0	1	1	0	0	0	1	0	0	0	1	0	1	1	0	1	0	1	0	1	1	1	0	0	1	0	1	0	0	0	0	0	0	1	1	1	0	0	1	1	1	0	1	0	0	1	0	0	1	1	0	0	1	0	1	0	1	0	0	0	0	1	1	0	0	0	1	0	0	1	0	0	0	1	0	1
Mp2g21710	pos	0	0	1	1	1	1	0	0	1	1	0	0	1	1	1	0	1	0	0	1	0	0	0	0	0	0	1	0	1	0	0	1	1	1	0	0	0	1	0	0	1	0	0	0	0	0	0	1	1	1	0	0	0	1	1	0	1	1	1	0	0	0	1	1	0	0	1	0	1	1	0	0	0	0	1	0	1	1
Mp2g22350	pos	0	1	0	0	1	1	1	0	1	0	0	0	0	0	1	0	0	0	0	0	0	1	0	1	0	0	1	1	0	0	1	1	1	0	1	0	1	1	1	0	1	0	0	0	0	1	0	0	0	1	1	1	0	0	0	0	1	1	0	0	1	0	0	1	0	0	0	1	1	1	1	1	0	1	1	1	1	1
Mp2g24070	pos	0	1	1	0	0	1	1	1	0	1	1	0	0	1	0	0	0	0	0	0	1	0	0	0	0	1	1	0	1	0	0	0	1	0	1	0	0	0	1	1	0	1	1	1	1	1	0	1	1	0	0	1	0	0	0	0	1	0	1	0	1	0	1	0	0	1	0	1	1	0	1	0	1	1	0	0	1	1
Mp2g24490	pos	0	1	1	1	0	1	0	1	0	0	0	0	1	0	1	1	1	0	0	1	1	1	0	0	0	1	0	1	1	1	0	0	0	0	0	0	1	0	0	1	0	1	1	1	1	0	0	1	1	1	0	1	0	0	1	1	1	1	1	0	0	1	1	0	1	0	0	0	0	1	1	1	0	0	0	0	0	1
Mp2g25180	pos	1	0	1	0	1	1	0	1	1	0	0	1	0	1	1	1	0	0	1	1	1	1	0	1	1	1	1	1	1	0	1	0	0	1	0	0	1	1	1	1	1	1	1	1	1	0	1	0	1	0	1	0	0	0	1	0	1	0	1	1	1	1	1	1	0	1	1	0	1	1	0	0	0	1	0	1	1	0
Mp3g01320	pos	1	0	1	0	1	0	1	1	0	1	0	0	1	0	1	1	0	1	1	1	1	1	1	0	0	1	1	1	1	1	1	0	0	1	1	0	0	1	1	1	1	0	1	0	1	0	0	1	1	1	0	1	0	0	0	1	1	1	1	0	0	1	1	0	1	1	0	1	0	0	1	1	1	0	0	0	0	1
Mp3g01920	pos	1	1	1	0	1	1	1	0	0	0	0	0	1	1	1	1	1	1	1	1	1	0	0	1	0	1	1	1	1	0	0	0	0	0	1	0	0	0	1	1	1	1	1	1	1	1	0	0	1	0	0	0	1	0	1	0	1	1	1	0	1	0	1	1	1	0	0	1	0	1	1	1	1	1	1	0	1	1
Mp3g01940	pos	0	0	1	0	1	1	0	1	0	0	0	0	1	1	1	1	0	1	1	0	0	0	0	1	0	1	1	1	0	0	0	1	0	0	1	1	0	1	1	1	0	1	1	1	1	1	1	0	1	0	0	0	0	1	1	0	0	1	1	0	1	0	0	1	0	0	1	0	1	0	1	1	1	1	0	0	1	0
Mp3g03350	pos	0	0	0	0	0	1	0	0	0	0	0	0	0	0	0	0	0	1	1	0	0	0	0	0	0	0	1	1	0	0	0	0	0	0	1	0	1	0	0	1	0	1	0	1	0	0	0	0	0	0	0	0	0	0	1	0	1	0	1	1	1	1	1	0	1	1	1	0	1	0	1	0	0	0	0	0	1	1
Mp3g03530	pos	1	1	1	0	1	1	0	0	1	1	0	0	0	0	0	1	0	0	1	1	0	0	0	0	0	1	0	0	0	0	0	0	0	1	1	0	1	0	1	0	0	0	1	1	0	0	0	0	1	0	1	1	0	0	1	0	0	0	1	0	1	1	1	0	1	1	0	1	1	1	0	0	0	0	1	1	1	0
Mp3g06140	pos	1	0	1	1	1	0	0	0	0	1	0	0	0	1	0	1	0	1	1	1	0	1	0	1	1	0	1	1	1	0	0	1	0	1	1	1	1	1	1	1	0	1	1	1	1	0	0	0	0	0	0	1	0	0	0	0	1	1	1	0	1	1	0	1	0	0	1	0	1	0	1	0	0	1	0	1	1	1
Mp3g06560	pos	1	0	1	0	1	0	0	1	1	1	0	0	1	1	1	1	0	0	1	1	0	0	0	0	0	1	1	1	1	1	0	0	0	1	1	1	1	1	1	0	1	0	1	1	1	1	0	1	1	1	1	0	0	0	1	1	1	1	1	0	0	1	0	0	1	0	0	0	1	1	1	0	0	0	1	1	1	1
Mp3g06570	pos	0	0	1	1	1	0	0	1	1	1	0	0	1	0	0	1	0	1	0	1	0	1	1	1	0	0	1	0	0	1	0	1	0	0	0	1	1	1	1	1	1	1	0	0	1	1	0	1	0	0	0	0	0	0	1	0	1	1	1	0	1	1	1	1	0	0	0	0	1	0	1	1	1	1	1	0	1	1
Mp3g06650	pos	1	1	0	1	1	0	0	0	1	0	0	0	1	0	0	0	1	0	0	1	1	1	0	1	0	1	1	1	1	1	0	0	1	0	1	1	1	1	1	1	1	1	1	1	0	0	0	1	1	0	0	0	0	0	0	0	0	0	1	0	0	1	0	0	0	1	0	0	1	1	0	0	1	1	0	0	1	1
Mp3g06970	pos	1	1	1	1	1	0	0	0	1	1	0	1	0	0	0	0	0	1	0	0	0	1	0	1	0	0	1	1	0	1	0	0	0	1	1	0	1	0	1	0	1	1	0	1	1	0	0	0	1	1	0	0	1	0	0	0	1	0	1	0	0	1	0	1	0	0	0	0	1	1	0	1	0	0	0	1	1	1
Mp3g07690	pos	1	1	1	1	1	1	0	0	0	1	0	0	1	1	0	1	0	0	1	0	0	1	0	1	0	0	1	0	0	1	0	0	0	1	1	0	1	1	1	1	1	1	0	0	1	0	0	0	1	0	0	0	0	0	1	0	1	1	1	1	0	1	1	0	1	0	0	1	1	1	1	1	1	0	0	1	1	1
Mp3g10210	pos	0	1	1	1	1	1	1	0	1	0	0	1	1	1	1	1	1	0	0	1	0	1	0	1	0	0	0	1	1	0	0	0	0	1	0	0	0	1	1	1	1	1	1	1	0	1	0	1	1	1	0	1	0	0	1	1	1	1	1	0	1	1	0	0	0	0	0	0	0	1	1	1	1	0	1	1	0	1
Mp3g10220	pos	0	0	0	1	1	1	1	0	1	0	0	0	1	0	1	1	0	1	0	0	1	1	1	0	0	0	1	1	1	1	0	1	0	1	0	0	1	0	1	0	1	1	0	1	0	1	1	1	1	1	0	0	0	0	0	1	0	1	0	0	0	1	0	1	0	0	0	0	1	1	1	1	0	0	1	1	1	1
Mp3g10780	pos	1	0	0	0	1	1	0	0	0	0	0	0	0	0	1	0	0	1	1	1	1	0	0	1	0	1	1	1	1	0	0	0	0	1	1	0	1	0	0	0	0	1	0	1	0	1	0	0	1	1	0	0	0	0	0	1	1	1	0	0	1	1	0	1	0	1	1	1	1	1	0	0	0	0	0	1	1	1
Mp3g11280	pos	0	0	0	1	1	0	1	0	1	1	1	0	1	0	1	1	0	0	1	1	0	0	0	1	1	1	1	1	1	0	0	1	0	1	0	0	1	0	1	1	1	1	1	1	1	1	0	1	1	0	1	1	0	0	0	0	1	0	1	0	0	1	1	1	1	1	0	0	0	1	1	1	0	1	0	0	1	1
Mp3g11900	pos	0	0	0	0	1	0	0	0	1	1	0	0	1	0	0	1	0	0	1	0	1	0	0	1	0	1	0	1	1	1	0	1	1	1	0	1	1	0	1	1	1	1	0	0	0	1	0	1	1	0	1	1	1	0	0	0	0	1	0	0	0	1	0	1	0	1	0	0	0	1	1	1	0	0	0	0	1	1
Mp3g12570	pos	0	0	0	1	0	0	0	0	1	1	0	0	0	1	1	1	0	0	0	0	1	1	1	0	0	0	1	0	0	0	0	0	0	1	1	0	1	1	1	0	1	1	1	1	1	0	0	1	0	1	0	0	0	1	1	1	1	0	1	0	0	0	1	0	1	1	0	1	0	0	0	0	1	0	0	0	1	1
Mp3g12790	pos	0	1	1	0	0	1	1	0	0	0	0	0	0	0	1	1	0	0	0	1	1	0	0	0	0	1	0	1	1	0	0	0	0	1	1	0	1	0	1	1	1	0	0	1	1	0	1	0	1	0	0	1	1	1	0	0	1	0	1	0	0	0	1	0	0	0	0	1	0	1	0	1	1	1	0	1	0	1
Mp3g14660	pos	0	1	0	0	1	0	1	0	0	0	0	0	0	0	1	1	0	0	0	0	0	1	0	0	1	1	1	0	0	0	0	1	0	1	1	0	0	0	1	1	1	1	0	0	0	1	0	1	1	0	0	0	0	0	0	0	1	0	1	0	0	0	0	1	0	1	0	1	1	0	1	0	1	0	1	1	1	1
Mp3g14780	pos	0	1	1	1	0	1	1	0	1	1	0	0	0	0	1	1	0	1	1	0	1	0	0	1	1	1	0	0	1	0	0	0	1	0	1	1	1	1	0	1	1	0	1	0	1	0	0	1	0	1	1	1	0	0	0	1	1	0	1	0	0	1	1	1	1	1	0	0	0	1	0	0	1	1	1	1	1	1
Mp3g14900	pos	0	1	1	0	1	0	1	0	1	0	0	1	1	0	1	1	0	1	1	1	0	1	0	1	0	0	1	1	0	0	0	1	0	1	0	1	0	0	1	1	1	1	0	1	1	1	0	1	0	0	1	1	0	0	1	0	1	1	1	0	1	0	0	0	1	1	0	0	0	0	0	1	0	0	0	1	0	1
Mp3g15290	pos	1	0	0	1	0	0	1	0	1	0	0	0	0	1	1	1	0	1	0	0	0	1	0	1	0	1	1	1	0	0	0	0	0	1	1	0	1	0	0	1	1	1	1	1	1	1	0	1	1	1	0	1	1	0	1	1	0	1	1	0	0	1	1	1	0	1	0	1	0	1	0	0	1	1	0	1	1	1
Mp3g16340	pos	1	0	0	0	0	0	0	1	1	1	0	0	0	0	1	1	0	1	1	0	1	0	0	1	0	0	1	1	0	0	0	0	0	1	0	1	1	1	0	1	1	1	0	0	1	1	0	0	0	1	1	1	0	0	1	1	1	1	1	0	0	1	1	0	1	0	0	0	0	1	0	0	0	1	1	1	1	1
Mp3g16430	pos	1	1	1	0	1	0	0	0	1	0	0	0	0	0	1	0	0	1	1	0	1	1	0	0	0	0	0	1	0	0	0	0	0	1	1	0	1	1	0	1	1	1	0	1	0	0	0	1	0	1	1	1	0	0	0	1	1	1	1	0	1	0	0	1	0	0	0	1	1	1	0	0	0	1	1	1	1	1
Mp3g16520	pos	0	0	0	1	0	0	0	0	0	0	0	0	0	0	1	0	0	0	1	1	1	1	1	1	0	1	1	0	1	0	0	1	0	1	0	0	0	1	0	0	0	0	1	1	0	0	1	1	1	1	0	1	0	0	1	1	1	1	1	0	1	0	0	1	1	0	1	1	1	0	0	1	0	0	1	0	1	1
Mp3g16770	pos	1	0	1	0	1	0	1	0	0	0	0	0	1	1	1	1	0	1	0	0	1	1	0	1	0	1	1	1	0	0	0	0	0	1	1	1	0	0	1	1	0	1	1	1	0	1	0	1	0	0	1	0	1	0	0	0	0	1	1	0	0	1	1	1	1	0	1	0	1	1	1	1	1	1	1	1	1	1
Mp3g18050	pos	0	0	1	0	0	0	1	1	1	0	0	1	1	0	1	1	0	1	0	1	0	1	1	0	0	1	0	1	1	0	0	0	0	0	1	1	1	1	1	1	0	1	1	1	1	1	0	1	0	1	1	1	1	0	1	1	0	1	1	1	1	0	1	1	1	1	1	0	0	1	1	1	0	0	0	0	1	0
Mp3g19350	pos	0	0	1	1	1	0	0	1	1	0	0	1	1	1	0	0	0	0	0	1	1	1	1	1	1	1	0	1	0	0	0	0	0	1	0	1	1	0	0	1	1	0	0	1	1	0	0	0	0	1	0	1	0	0	1	0	0	1	0	0	1	1	0	1	0	0	1	0	0	0	1	0	0	1	0	1	0	0
Mp3g19390	pos	0	1	1	1	0	0	0	0	1	1	1	0	0	1	0	1	0	1	1	0	0	1	1	0	0	0	1	1	1	0	0	1	0	1	0	0	1	0	1	1	1	1	0	1	1	1	0	1	1	1	0	0	0	1	1	1	0	1	1	0	0	1	1	0	1	0	1	1	0	1	0	0	1	0	0	1	1	1
Mp3g19610	pos	1	0	0	0	0	0	0	1	1	0	0	0	1	1	1	1	0	1	1	1	0	1	1	0	0	0	1	0	1	1	0	0	0	0	1	1	1	1	1	1	1	1	0	1	0	1	0	1	0	1	0	0	0	0	1	0	1	1	0	0	1	1	1	0	1	0	1	1	1	1	1	0	0	0	1	0	0	0
Mp3g20750	pos	1	0	1	1	1	0	0	0	1	0	0	0	1	0	1	0	0	1	1	1	1	0	0	1	0	0	0	1	0	1	0	0	0	1	1	0	1	0	1	1	1	0	0	1	1	1	1	0	0	0	0	0	0	0	1	0	1	1	1	0	0	0	1	0	1	1	1	0	1	1	1	1	1	0	1	0	0	1
Mp3g22220	pos	1	1	1	1	1	1	0	0	0	0	0	0	1	1	1	1	0	1	0	1	1	1	1	1	1	0	1	1	1	0	0	1	0	0	1	0	1	1	1	1	1	1	0	1	1	1	0	1	1	1	0	0	0	0	1	1	0	0	1	0	0	0	1	1	0	1	1	1	0	1	0	1	1	0	0	1	1	1
Mp3g22240	pos	0	1	0	1	0	0	1	0	1	0	0	0	1	1	1	1	0	1	1	1	0	1	0	1	1	1	1	1	0	0	0	1	0	1	0	1	1	1	1	1	1	1	1	0	0	0	1	0	1	0	1	0	0	0	0	0	1	0	1	0	1	1	1	1	0	1	0	1	1	1	1	0	0	0	0	1	0	1
Mp3g25440	pos	1	0	1	0	1	1	0	1	1	0	0	1	1	1	0	1	0	0	1	1	0	1	1	0	0	0	0	1	1	1	0	0	0	0	1	0	0	1	0	1	0	1	1	0	0	0	0	1	0	1	1	0	0	0	1	0	1	1	1	0	1	1	0	0	0	1	1	0	0	1	1	1	0	0	0	1	1	1
Mp3g25450	pos	1	0	1	1	0	0	1	1	1	0	0	0	1	1	1	0	0	1	1	0	1	0	0	1	0	1	0	1	1	0	0	1	1	1	1	0	1	0	1	1	1	0	1	1	0	0	0	1	1	1	1	0	0	0	0	0	1	1	1	0	1	0	1	0	1	1	1	1	0	0	0	0	0	1	1	0	1	1
Mp4g00380	pos	0	0	0	1	1	1	1	0	1	1	0	0	1	1	1	1	0	1	1	1	1	1	0	1	0	0	1	1	0	0	0	1	0	0	1	0	1	0	1	1	1	1	1	0	1	1	0	1	1	0	1	0	0	1	0	0	0	0	1	0	1	0	0	1	0	1	1	1	0	1	1	0	0	0	0	0	0	0
Mp4g00520	pos	1	1	1	1	1	0	0	0	0	1	1	1	1	1	1	1	0	0	1	1	0	1	1	0	1	0	1	0	1	0	0	1	0	1	0	1	1	1	1	1	0	1	1	0	1	0	0	0	0	0	1	1	0	0	1	0	1	1	1	0	1	1	1	0	1	1	1	0	1	1	0	1	1	0	0	1	0	1
Mp4g02090	pos	1	1	1	0	1	1	1	0	0	1	0	1	1	0	1	1	0	0	1	1	1	1	1	0	0	0	1	1	1	0	0	1	0	1	0	0	1	0	1	1	1	1	1	1	0	0	0	0	1	0	1	1	0	0	1	0	1	1	1	0	1	0	0	0	0	0	0	1	1	0	1	1	0	1	0	1	0	1
Mp4g03120	pos	0	1	1	1	1	1	1	0	1	0	0	0	1	0	1	0	1	1	1	0	1	1	0	0	0	1	0	1	1	0	1	1	0	0	1	0	1	0	0	1	0	0	0	0	1	0	0	0	1	0	0	1	0	0	0	0	0	0	0	0	1	0	0	0	1	0	0	1	1	0	1	0	1	0	0	0	1	1
Mp4g04230	pos	0	0	0	1	1	1	1	1	0	1	1	1	0	1	0	0	0	1	1	1	1	0	0	1	0	0	1	1	0	0	0	0	0	1	0	0	1	1	1	1	1	1	1	0	1	1	0	0	0	1	1	0	0	0	1	1	0	1	1	0	1	1	1	0	0	0	0	1	0	0	0	0	1	0	1	0	0	0
Mp4g05170	pos	1	1	1	1	1	0	0	1	1	1	0	0	1	0	1	1	1	1	1	0	1	1	1	0	1	0	1	0	0	0	1	0	0	0	0	1	0	0	1	1	1	0	0	1	1	1	0	0	1	0	1	1	0	0	1	0	1	0	0	0	0	1	1	1	0	1	1	1	1	1	0	1	0	1	0	0	0	0
Mp4g05440	pos	1	0	0	1	1	0	1	0	1	1	0	1	1	1	1	1	0	1	1	0	1	1	1	1	0	1	1	0	0	0	0	0	0	1	1	0	0	1	1	1	1	1	0	0	0	1	0	0	0	1	1	0	1	0	1	0	1	0	1	0	1	1	0	0	0	0	0	0	1	1	1	1	1	0	1	0	1	1
Mp4g05450	pos	1	0	0	1	1	0	1	1	0	1	0	1	1	1	0	0	0	1	1	1	1	1	1	1	0	1	0	0	0	0	0	1	0	1	0	0	1	1	1	1	1	0	1	0	0	1	0	0	0	1	1	0	1	0	1	0	1	1	1	0	0	1	1	1	0	1	1	0	0	1	1	0	1	0	0	0	1	1
Mp4g06000	pos	1	0	0	1	1	0	1	0	0	1	0	0	1	0	1	0	0	1	1	1	1	0	0	1	0	0	0	1	0	0	0	0	0	1	1	0	1	1	1	1	1	1	0	1	0	1	0	0	0	1	0	1	0	0	1	1	0	0	1	0	0	1	1	1	1	1	1	0	1	1	0	0	0	0	1	0	1	1
Mp4g06290	pos	0	0	0	1	1	0	1	0	1	1	0	1	0	1	1	0	0	1	0	1	0	1	1	1	1	0	1	1	0	0	0	0	0	1	1	0	1	1	1	1	1	1	1	1	1	1	0	1	0	0	1	0	1	0	1	0	1	1	1	1	0	1	1	1	1	1	1	1	0	0	0	1	1	0	1	0	1	1
Mp4g07950	pos	0	0	0	1	0	0	0	0	1	0	0	1	0	0	1	1	0	1	0	0	0	1	1	1	0	0	1	0	1	0	0	0	0	0	0	1	1	1	1	1	1	1	0	1	0	0	0	0	1	0	1	1	0	0	1	0	0	1	1	1	1	1	0	0	1	0	1	0	1	1	1	0	1	0	0	0	0	1
Mp4g08670	pos	1	1	1	1	0	0	0	0	1	0	0	0	1	1	1	1	0	1	1	0	0	0	0	0	1	1	1	0	1	0	1	1	0	1	1	1	0	1	1	1	1	1	0	1	0	0	0	1	1	0	1	1	1	0	0	0	1	1	1	0	0	1	1	0	0	0	1	1	0	1	0	1	1	0	0	0	1	1
Mp4g08770	pos	1	1	1	0	0	1	1	0	1	1	1	0	1	1	1	0	0	1	0	0	1	1	1	0	0	1	1	0	0	0	0	0	0	1	1	0	1	1	1	1	1	0	0	0	0	1	0	1	0	0	1	1	0	0	1	0	1	1	1	0	0	1	1	1	1	1	0	0	0	1	0	0	1	1	0	1	1	1
Mp4g09230	pos	1	1	1	1	0	1	1	0	1	0	0	1	1	0	0	0	0	0	1	1	1	1	0	1	0	1	1	0	0	1	0	0	0	1	1	1	1	0	0	1	1	0	1	0	0	0	0	1	1	1	1	0	1	0	0	1	0	1	1	0	1	0	1	0	0	0	1	1	1	0	0	0	0	1	0	1	1	0
Mp4g09410	pos	0	0	1	1	1	0	0	0	0	1	1	0	0	1	1	1	1	1	0	0	0	1	1	1	1	0	1	1	1	0	0	1	0	1	1	1	1	1	0	1	1	0	0	1	0	1	0	1	1	1	1	0	1	0	1	1	1	0	1	1	0	1	1	0	0	0	1	1	0	1	1	0	1	1	1	1	1	1
Mp4g10510	pos	0	0	1	1	1	0	1	0	1	0	0	0	1	1	1	1	0	0	0	0	0	0	0	1	0	1	1	0	1	0	0	0	0	0	0	0	0	0	1	0	0	0	0	1	0	1	0	1	0	0	0	1	1	0	1	0	1	1	1	1	1	0	0	0	0	0	1	1	0	1	1	1	0	1	0	1	0	1
Mp4g11600	pos	0	1	1	1	1	0	0	1	0	0	0	0	0	0	0	0	1	0	1	1	0	1	0	1	0	0	1	0	1	0	0	0	0	1	1	1	1	0	1	1	0	1	1	0	1	0	0	1	1	0	0	0	0	0	1	0	1	0	0	0	1	1	1	0	1	1	0	1	0	1	1	0	0	1	0	1	1	1
Mp4g12800	pos	1	0	1	0	1	1	0	0	1	1	0	1	1	0	0	0	1	0	1	1	0	1	1	0	0	0	0	0	1	1	0	1	0	1	0	0	1	0	1	1	1	1	0	1	1	0	0	0	0	0	1	0	1	0	1	0	0	0	1	0	0	0	1	0	1	0	1	0	0	0	1	1	0	0	0	1	0	0
Mp4g12810	pos	1	0	0	1	1	1	0	0	1	0	0	1	1	0	0	1	1	0	1	0	0	1	0	1	0	0	1	0	1	1	0	1	0	1	0	0	1	1	1	1	1	1	1	1	0	1	0	0	0	0	0	0	0	0	1	0	1	0	1	0	0	0	1	0	0	1	0	0	0	1	1	1	0	0	0	1	0	1
Mp4g13480	pos	1	0	1	1	0	1	0	1	1	1	1	0	1	1	0	1	1	1	1	0	1	1	0	1	1	0	1	1	0	0	0	0	0	1	1	1	1	1	1	1	0	1	1	1	0	1	0	1	0	1	1	1	0	0	0	0	1	1	1	0	0	1	1	1	0	0	0	1	1	1	0	0	0	0	1	1	0	1
Mp4g13720	pos	1	0	0	0	1	0	0	0	1	1	1	0	1	0	1	0	1	0	1	1	0	0	0	0	0	0	1	0	1	0	0	0	0	1	0	0	1	0	1	0	1	0	1	0	1	1	1	0	1	0	0	0	0	0	0	0	0	0	0	1	0	1	1	0	1	0	0	1	1	0	0	0	0	1	0	1	0	0
Mp4g13730	pos	1	0	0	1	1	1	1	1	1	0	0	0	0	0	1	1	0	1	0	0	1	1	1	0	1	1	1	0	0	0	1	1	0	0	0	1	1	1	1	1	0	1	1	1	1	1	0	0	0	0	0	0	0	0	1	0	1	1	1	0	0	1	1	1	1	1	0	1	0	1	1	0	1	1	1	1	0	0
Mp4g13840	pos	1	0	1	0	1	0	0	0	0	1	1	0	1	1	1	1	0	1	1	1	0	1	1	1	0	1	1	0	1	0	0	1	0	1	0	0	1	0	1	0	1	1	0	0	0	1	1	1	1	0	1	1	0	0	0	0	1	0	1	0	0	0	0	1	0	0	0	0	1	1	1	0	0	0	0	1	1	1
Mp4g14980	pos	1	1	0	1	0	0	1	0	1	0	0	0	1	1	1	1	1	1	1	1	1	0	0	1	0	0	1	1	0	0	1	0	0	1	0	0	1	0	1	1	0	1	1	1	0	0	1	1	1	0	0	1	0	0	0	0	1	1	1	0	0	0	0	0	1	1	0	1	1	0	1	0	0	1	1	1	1	1
Mp4g15010	pos	1	1	0	1	1	1	1	0	0	1	1	0	1	0	1	1	0	0	1	0	1	0	0	1	0	1	1	0	0	0	0	0	0	1	1	0	1	0	0	0	1	0	1	1	0	1	0	1	0	0	1	0	0	0	0	0	1	0	1	0	0	1	0	0	0	1	0	0	1	1	0	0	1	0	0	0	1	1
Mp4g16030	pos	1	0	1	0	1	0	1	0	1	1	0	0	1	1	1	1	1	1	1	1	1	1	1	1	0	1	0	0	1	0	0	0	0	1	1	0	1	1	1	1	0	1	1	0	0	0	1	0	1	1	0	0	1	0	1	0	1	0	1	0	1	0	1	1	1	1	0	1	1	0	1	0	1	0	0	1	0	1
Mp4g17420	pos	0	0	1	0	1	0	1	0	0	1	0	0	0	0	1	0	1	1	0	0	0	0	0	0	0	0	1	1	0	0	0	1	0	0	1	0	1	0	1	0	0	1	0	1	0	0	0	0	1	1	1	0	0	0	1	0	1	1	1	0	1	1	1	0	1	0	0	0	0	1	0	1	0	1	0	0	1	1
Mp4g18210	pos	0	1	1	1	0	0	1	1	1	1	1	1	1	0	1	1	0	1	1	0	1	1	0	1	1	0	1	1	1	0	0	1	0	0	1	1	0	0	1	1	0	1	1	0	0	1	0	1	1	0	1	1	0	0	0	0	0	1	1	0	1	0	0	1	1	1	1	0	0	1	0	0	1	0	0	0	1	1
Mp4g22280	pos	1	0	0	1	1	1	0	0	0	0	0	0	0	1	1	0	0	1	1	0	0	1	1	1	0	1	1	0	0	0	0	1	0	1	0	0	0	1	1	1	1	1	0	1	0	1	0	1	0	0	0	1	1	0	0	0	1	0	1	0	0	1	0	1	1	0	0	0	1	1	0	1	0	0	0	0	1	1
Mp4g23370	pos	1	0	0	1	1	1	0	1	1	0	0	1	1	0	1	0	0	0	1	1	0	1	0	1	0	0	0	0	0	0	1	1	0	0	0	0	1	1	1	0	1	1	1	1	1	1	0	1	1	0	1	0	0	0	1	0	0	1	1	0	0	1	1	1	1	1	0	1	1	1	1	1	0	0	0	1	0	0
Mp4g23480	pos	0	0	1	0	1	1	0	0	0	1	0	0	1	1	1	1	1	1	0	0	0	0	0	1	0	0	0	1	0	0	0	1	0	0	0	0	0	0	1	1	0	1	1	1	0	0	0	1	0	0	0	0	0	0	1	0	1	0	1	0	0	1	0	1	1	0	1	1	0	1	0	0	0	0	0	1	1	0
Mp5g00470	pos	1	1	1	0	1	1	1	0	1	1	0	0	1	0	0	1	1	1	0	1	1	0	0	1	0	1	1	1	1	1	0	0	1	1	0	0	0	1	1	1	0	0	1	1	1	0	0	1	0	0	1	0	0	0	1	0	0	1	1	0	1	1	1	0	1	1	0	1	1	0	1	1	0	1	0	0	0	1
Mp5g00560	pos	0	0	1	1	1	1	0	1	0	1	0	1	1	0	1	1	0	1	0	1	1	1	1	1	0	1	1	0	1	0	0	0	0	1	0	0	1	1	1	1	0	0	1	1	0	0	0	1	1	1	1	0	0	0	1	1	1	1	1	0	1	0	0	1	1	0	0	1	1	0	1	1	1	0	1	1	0	0
Mp5g00590	pos	0	0	0	1	1	1	0	0	1	1	0	0	0	0	1	0	1	0	0	0	1	1	1	1	0	0	1	1	0	0	0	0	1	0	0	1	0	1	1	1	1	1	1	1	1	0	0	1	1	0	1	1	1	0	1	0	0	1	0	0	0	0	1	1	1	1	1	1	1	0	0	0	0	0	1	1	1	1
Mp5g02800	pos	0	1	0	1	1	0	0	0	1	0	0	0	0	0	1	0	1	0	1	1	0	0	0	1	0	0	0	0	1	0	0	0	0	1	1	0	0	0	0	0	1	0	0	0	1	1	1	0	1	1	0	1	0	0	0	0	0	0	1	0	0	0	1	0	1	1	0	1	0	1	0	0	0	0	1	1	0	1
Mp5g04070	pos	0	0	0	0	1	0	0	0	1	1	0	0	1	0	1	1	0	1	1	0	0	0	0	0	1	0	0	0	1	0	0	1	1	0	0	1	0	0	1	1	1	1	1	1	0	1	0	1	1	0	0	1	0	0	0	0	0	0	1	0	1	1	0	1	1	0	1	0	0	0	1	1	1	0	1	1	1	1
Mp5g04760	pos	1	1	0	1	1	0	1	0	0	0	0	0	1	0	1	1	0	0	0	1	0	0	0	1	0	1	1	1	1	0	0	1	0	1	0	0	1	1	1	0	1	1	1	1	1	0	0	1	0	0	0	0	0	0	1	0	1	1	0	0	0	0	0	0	1	1	1	0	1	0	0	0	0	0	0	0	1	0
Mp5g05730	pos	1	1	1	0	1	0	0	1	1	1	0	0	1	1	0	1	1	0	0	0	0	0	0	0	0	0	0	1	0	1	0	0	0	1	1	1	1	1	1	0	1	0	0	1	1	0	0	0	0	0	0	1	1	0	1	0	1	1	1	0	0	1	1	0	0	1	1	0	1	0	0	0	0	1	0	1	1	1
Mp5g05830	pos	1	1	1	0	0	0	0	0	0	0	0	0	0	1	1	1	0	1	1	1	0	0	0	0	0	0	1	1	1	1	0	0	0	1	1	0	1	1	1	1	0	1	1	0	1	0	1	0	1	0	0	1	0	0	0	0	1	1	0	0	1	0	0	0	0	1	0	0	0	1	0	0	0	1	0	1	0	1
Mp5g06710	pos	1	0	1	1	1	0	0	0	1	0	0	0	1	0	0	1	0	1	0	1	1	1	0	0	1	0	0	0	1	0	0	0	1	0	1	0	1	0	1	1	0	1	0	1	0	1	1	0	0	1	1	0	0	0	1	0	1	0	1	0	1	1	0	1	0	0	0	0	1	1	0	0	1	0	0	1	0	1
Mp5g06970	pos	0	0	0	1	0	1	0	0	0	1	0	0	1	1	1	0	0	0	1	1	1	1	0	1	0	1	0	0	0	0	0	0	1	1	1	0	0	0	1	1	1	0	1	1	1	1	1	1	0	0	0	1	0	1	0	0	0	0	1	0	0	0	1	0	1	1	1	0	1	1	1	0	1	1	1	0	1	1
Mp5g07440	pos	0	0	1	0	1	0	1	0	0	0	0	1	1	0	1	1	0	0	1	0	0	1	1	0	0	0	1	1	1	0	0	0	0	1	1	1	0	0	1	1	0	1	1	1	1	1	0	0	1	0	0	1	0	0	1	0	1	1	1	1	0	1	1	1	0	1	0	1	1	1	0	1	0	0	0	1	1	0
Mp5g08910	pos	0	0	1	0	1	1	1	0	0	1	1	0	1	1	1	0	1	1	1	1	1	0	0	0	0	1	0	1	1	0	0	1	1	1	0	0	0	1	0	0	1	1	0	0	0	1	0	1	0	1	0	0	0	0	0	0	1	0	0	0	0	0	1	0	1	1	0	1	0	1	0	0	1	1	1	1	0	1
Mp5g09450	pos	1	0	1	1	1	1	0	0	0	1	0	0	0	1	0	0	1	1	1	1	0	0	0	1	0	1	1	1	1	0	0	0	0	0	0	1	1	1	1	1	0	0	1	1	1	0	0	1	1	0	0	0	0	0	1	0	1	1	0	0	1	0	1	1	0	0	1	0	1	1	0	0	0	1	1	1	1	1
Mp5g09760	pos	1	0	1	1	0	1	0	0	1	0	0	0	1	1	0	1	1	1	0	0	0	1	0	0	0	0	1	0	0	0	0	0	1	1	1	1	1	1	1	1	1	1	0	1	1	0	0	0	0	0	1	0	1	0	0	0	0	1	1	0	1	1	0	1	1	0	1	0	0	0	1	1	1	0	1	1	1	1
Mp5g09910	pos	1	0	1	1	1	1	0	0	1	1	0	0	0	1	0	0	0	1	0	1	1	1	0	1	0	0	1	0	1	0	0	1	0	1	0	0	1	1	0	0	1	1	1	1	0	0	0	1	0	1	1	0	0	0	0	0	1	1	0	0	1	0	0	1	1	0	0	0	1	0	0	0	1	0	0	1	0	0
Mp5g10120	pos	0	0	0	0	1	0	0	1	0	0	0	0	1	1	1	0	0	1	0	1	1	0	0	0	0	1	0	1	1	0	0	0	0	0	0	0	0	0	0	1	0	0	0	1	1	0	0	0	0	0	0	1	0	0	1	0	0	0	0	0	1	0	1	0	0	0	1	0	1	1	0	1	0	0	1	0	0	0
Mp5g10600	pos	0	1	1	1	0	1	1	1	0	1	0	0	0	0	1	0	0	0	0	1	1	1	1	0	1	1	1	1	1	0	0	1	0	1	0	1	1	1	1	1	1	1	1	0	1	1	1	1	0	0	0	1	0	0	1	0	0	0	1	1	0	1	1	0	1	1	1	0	0	0	0	0	0	1	1	1	1	0
Mp5g10690	pos	1	0	1	1	1	0	0	0	0	0	0	1	1	1	0	1	0	1	1	0	0	1	1	1	0	0	1	0	1	0	0	0	0	0	1	0	1	1	1	1	0	1	1	0	0	1	0	0	1	1	1	0	0	0	1	0	1	1	1	0	1	1	1	1	0	0	0	1	0	0	1	1	1	0	1	1	0	1
Mp5g11410	pos	1	0	1	1	0	0	0	0	0	0	0	1	1	1	1	1	0	1	0	0	1	1	1	1	1	0	0	0	0	0	0	0	1	0	0	1	0	1	1	1	0	0	0	1	0	1	1	1	0	1	0	0	0	0	1	0	1	1	1	0	1	1	1	0	1	0	0	1	1	1	1	1	1	1	1	1	0	1
Mp5g11440	pos	0	1	1	1	0	0	1	0	0	0	0	0	0	0	1	0	0	1	1	1	1	1	0	1	0	0	0	0	0	0	0	0	0	1	1	1	1	1	1	1	0	0	0	1	0	0	0	1	0	0	1	1	0	0	0	0	0	1	0	0	0	0	0	1	1	1	0	0	0	0	0	1	1	1	1	0	1	1
Mp5g13350	pos	0	1	1	1	1	0	0	0	1	0	0	0	1	0	0	0	0	0	0	0	0	1	0	1	1	0	0	0	1	1	0	0	1	1	1	1	0	1	1	1	1	1	0	0	1	1	0	1	0	1	0	1	0	0	0	0	1	0	1	0	1	0	1	0	1	1	0	1	0	0	1	0	0	1	1	1	0	1
Mp5g14050	pos	0	0	0	1	1	0	1	0	0	1	1	0	0	1	1	1	0	0	0	0	1	0	0	0	1	1	0	0	1	0	0	0	0	1	1	0	1	0	1	0	1	1	1	1	0	1	0	1	0	1	0	1	0	0	1	0	0	0	1	0	0	0	1	0	0	0	0	1	1	1	0	0	1	0	1	0	0	1
Mp5g14320	pos	0	1	0	0	1	1	0	1	0	0	0	0	1	0	0	0	1	0	1	1	0	1	0	0	1	1	0	0	0	0	0	0	0	1	1	1	1	0	1	0	1	0	1	0	1	1	0	0	0	1	1	0	0	0	1	1	0	1	1	0	0	0	1	1	1	1	0	0	0	1	1	1	1	0	1	0	1	1
Mp5g15390	pos	0	1	1	1	0	0	1	0	0	0	0	0	0	0	1	0	0	0	0	0	1	0	0	1	0	1	0	1	1	1	0	0	0	1	1	1	1	0	1	1	1	1	0	0	1	0	1	1	1	0	0	1	0	0	1	0	1	1	1	0	1	1	0	0	1	1	0	1	0	1	0	0	1	1	1	1	1	0
Mp5g15620	pos	1	0	0	1	0	0	1	0	1	1	0	0	0	1	1	1	0	1	1	0	0	1	1	1	1	1	1	1	0	0	0	1	0	1	1	1	1	0	1	1	1	1	0	0	1	1	1	0	0	1	1	0	0	1	1	1	1	1	1	0	1	0	1	1	0	1	0	0	0	1	0	0	0	1	1	1	1	1
Mp5g18250	pos	1	1	1	1	0	1	0	0	1	1	0	0	1	0	0	1	0	1	1	1	0	1	0	1	1	1	0	0	0	0	0	0	0	1	0	1	1	0	1	0	0	0	0	1	0	1	0	0	0	1	1	0	0	0	1	0	1	0	1	1	1	1	1	1	1	1	0	1	1	1	0	0	0	0	1	1	0	1
Mp5g18910	pos	0	1	1	1	1	1	0	0	0	1	0	0	0	0	0	1	0	1	1	1	0	1	1	1	1	0	1	1	1	0	1	0	0	0	1	1	1	0	1	1	1	1	1	1	0	1	0	0	1	0	0	1	0	0	1	0	0	1	1	0	0	1	1	1	1	1	1	1	0	1	0	1	0	1	0	1	0	0
Mp5g19190	pos	1	0	0	1	1	0	0	0	1	1	0	0	0	1	0	1	0	1	1	1	0	1	1	0	0	0	0	0	0	1	0	1	0	1	1	0	1	1	1	1	1	1	0	1	1	1	0	0	0	1	1	0	0	0	0	0	1	1	1	0	1	1	0	0	0	1	0	0	0	1	1	0	0	0	0	1	1	1
Mp5g19630	pos	0	1	1	1	0	0	0	0	1	0	0	0	0	0	1	1	0	1	1	0	0	0	0	1	0	0	0	1	0	1	0	0	1	0	0	0	0	0	1	0	0	0	0	1	0	1	0	1	1	0	1	0	1	0	0	0	0	0	0	0	1	0	1	1	0	1	1	0	1	1	0	0	1	0	0	1	1	1
Mp5g19970	pos	1	0	0	1	1	0	0	0	1	1	1	0	1	1	0	0	0	1	1	1	0	1	0	0	1	0	1	1	1	0	0	0	0	1	0	1	1	1	0	1	1	1	0	1	0	0	0	1	1	0	1	1	0	0	1	0	1	0	1	0	0	1	1	1	0	1	1	0	0	1	1	0	1	1	0	1	0	0
Mp5g21020	pos	0	0	1	0	0	0	1	0	0	1	1	0	1	1	0	0	0	0	1	0	0	0	0	0	0	0	0	0	1	0	0	0	0	1	1	1	1	0	1	0	1	0	1	0	1	1	0	1	0	1	0	1	0	1	0	0	0	1	0	0	0	1	1	0	1	1	0	0	0	1	0	1	1	0	1	1	1	0
Mp5g23550	pos	0	0	0	1	1	1	0	1	1	1	1	0	0	0	0	1	0	1	1	1	0	1	1	0	1	1	0	0	1	0	0	0	0	0	1	1	1	0	1	0	0	0	1	1	1	1	0	1	0	0	0	1	0	0	1	0	1	0	0	0	0	1	0	1	1	0	0	1	0	0	1	1	0	1	1	0	1	0
Mp5g24130	pos	1	1	1	1	1	1	0	0	1	0	0	1	0	0	1	1	1	1	1	0	1	1	0	1	1	0	1	1	1	0	0	0	1	0	0	0	1	1	1	1	1	1	1	1	0	0	0	0	1	1	1	1	1	0	0	1	1	1	0	0	1	1	0	1	0	1	0	0	0	0	1	0	1	1	1	0	1	1
Mp5g24400	pos	0	0	1	1	0	1	0	0	0	1	0	1	1	0	1	1	0	0	1	0	0	0	0	0	1	1	1	1	1	0	0	0	0	1	1	0	1	1	1	1	1	1	0	0	1	1	0	1	1	1	0	1	0	1	1	0	0	0	1	0	0	1	1	0	1	1	0	1	0	0	0	1	0	1	1	0	1	1
Mp5g24420	pos	1	1	0	1	1	1	0	0	0	0	0	1	0	1	1	1	0	1	1	0	0	1	1	0	1	1	1	1	1	0	0	0	0	1	1	0	1	1	1	0	1	1	1	1	1	1	0	1	1	1	0	1	0	0	1	0	0	0	1	0	0	1	0	0	1	1	1	1	0	0	0	1	0	1	1	0	1	1
Mp6g00130	pos	1	0	0	0	0	0	0	0	1	0	0	0	1	1	0	1	0	1	0	1	0	1	1	1	0	1	0	0	1	0	0	0	0	1	1	0	0	1	1	1	0	1	1	1	1	0	0	1	0	1	0	1	0	0	1	0	1	0	1	0	0	1	1	1	1	0	1	0	1	1	1	0	0	0	0	1	1	1
Mp6g01550	pos	1	1	0	0	1	1	0	0	1	1	0	0	1	1	1	1	0	1	1	1	1	1	0	1	1	0	1	1	0	0	0	1	1	1	1	1	1	1	0	1	1	1	1	0	1	0	1	1	1	1	1	0	0	1	1	1	1	0	0	0	0	1	1	1	1	1	0	0	1	0	1	1	1	1	0	0	1	0
Mp6g02020	pos	0	0	1	0	1	1	1	1	1	1	1	1	0	0	0	1	0	0	1	1	1	0	0	1	0	1	0	1	0	0	0	1	1	1	1	0	1	1	0	1	0	1	1	0	0	1	0	0	0	0	1	0	0	0	1	0	1	1	1	0	1	1	1	1	1	1	0	0	1	1	0	0	1	1	1	0	1	1
Mp6g02860	pos	0	0	1	1	1	1	1	0	1	1	0	0	1	0	1	1	1	0	0	0	0	1	1	1	0	0	0	0	0	0	0	0	0	1	1	0	1	0	1	1	0	0	0	0	1	0	0	1	0	0	0	1	1	0	1	0	1	1	1	0	1	0	1	1	0	1	0	1	0	1	1	0	0	0	1	1	1	0
Mp6g03310	pos	1	1	1	1	0	1	1	0	1	0	0	0	0	0	1	0	0	1	0	1	0	1	0	0	0	1	0	1	0	0	0	0	0	1	1	1	1	1	1	1	1	0	0	1	1	1	0	0	0	1	0	0	0	0	0	0	0	0	1	0	0	0	1	0	1	1	0	1	0	0	0	1	0	0	1	0	0	1
Mp6g03790	pos	0	0	1	1	1	1	0	0	1	0	0	0	0	1	0	0	0	1	1	0	0	0	0	1	0	0	0	1	1	0	0	0	1	0	0	0	1	0	1	1	1	1	0	0	1	0	0	1	0	0	0	0	0	0	0	0	1	0	0	0	0	1	0	0	1	0	0	1	0	1	0	1	1	1	1	1	1	1
Mp6g04880	pos	0	0	1	1	1	1	0	0	1	0	0	0	0	0	0	1	1	0	1	1	1	1	0	0	0	0	0	0	0	0	0	1	0	0	0	1	0	0	0	0	1	0	0	0	1	1	0	0	0	0	0	0	0	0	0	0	0	1	0	0	0	0	1	0	1	1	1	0	0	0	1	1	0	0	1	1	0	1
Mp6g05730	pos	0	1	1	1	1	1	0	1	1	0	0	1	0	0	0	0	0	1	0	1	0	1	0	1	0	1	1	1	0	0	0	0	1	0	1	1	1	1	1	0	1	0	1	1	0	1	0	1	0	0	0	1	0	0	1	0	1	1	0	0	1	1	1	1	1	0	0	1	1	1	1	0	1	0	1	0	1	0
Mp6g07560	pos	1	0	1	1	0	1	0	0	1	0	0	0	0	1	1	1	0	1	1	0	0	1	1	1	0	1	1	1	0	0	0	0	0	1	0	1	0	1	0	1	1	1	0	1	0	1	0	1	0	1	1	1	0	0	1	1	1	1	1	1	1	1	0	1	0	1	0	0	0	1	0	1	0	0	0	1	1	1
Mp6g09420	pos	1	1	1	1	1	0	0	1	1	1	0	0	0	0	0	0	1	1	1	1	0	1	1	1	0	1	0	0	0	1	0	0	0	1	0	0	1	1	1	1	0	0	1	0	0	0	0	0	1	0	1	0	0	0	1	0	0	0	1	0	1	1	1	1	1	1	1	1	1	1	1	0	1	0	1	1	1	1
Mp6g11340	pos	1	0	0	0	1	1	0	0	1	1	0	0	0	0	0	1	0	0	0	1	0	1	0	1	0	0	1	0	1	0	0	0	0	1	1	0	1	1	1	0	0	1	1	0	0	0	0	1	1	1	0	0	0	0	0	0	1	1	1	0	1	1	1	1	0	1	0	1	1	0	1	1	1	0	1	1	0	1
Mp6g11780	pos	0	0	1	1	1	0	0	0	1	0	0	0	0	0	1	1	0	1	1	0	1	1	0	1	1	0	0	1	0	0	0	0	0	1	1	1	0	1	1	1	1	0	1	1	1	1	0	0	1	0	0	1	1	0	1	0	1	1	1	0	0	0	1	1	1	0	0	0	1	1	1	1	1	1	0	1	0	1
Mp6g12090	pos	0	0	1	0	1	1	0	0	0	0	0	1	0	0	1	1	0	0	0	0	0	0	0	1	0	0	1	0	0	0	0	0	0	1	0	0	0	0	1	1	1	0	0	1	0	0	0	1	1	0	1	0	0	0	0	0	1	0	1	0	1	1	1	1	1	1	1	1	1	1	0	1	0	1	1	1	1	1
Mp6g12330	pos	1	0	1	1	1	1	0	1	0	0	0	0	0	0	1	0	1	1	0	1	0	1	0	1	0	0	1	0	0	0	0	1	0	1	1	0	1	0	1	1	0	0	0	1	0	0	0	0	0	1	0	0	0	0	1	0	1	1	0	0	1	1	1	1	0	0	1	0	1	1	1	0	1	0	0	0	0	0
Mp6g12970	pos	1	0	0	1	1	0	0	0	0	0	0	0	1	0	0	0	0	0	1	1	1	1	0	0	0	1	1	0	0	0	0	1	0	1	0	1	0	1	1	1	1	0	1	1	0	1	0	1	1	0	0	0	1	0	0	0	0	0	1	1	1	0	1	0	0	0	1	0	0	1	0	1	0	1	0	0	0	1
Mp6g13910	pos	0	0	1	1	1	0	1	0	1	0	0	0	0	1	1	1	0	1	1	0	1	1	0	1	1	1	1	0	0	0	0	1	1	0	0	0	1	0	1	0	1	1	1	1	0	0	0	0	1	1	0	1	0	0	1	1	0	1	1	0	1	1	0	1	0	0	1	0	1	1	0	1	0	1	0	0	1	1
Mp6g14340	pos	1	0	1	1	0	0	1	0	0	1	0	0	0	1	0	1	0	0	0	1	0	0	0	0	1	0	1	0	1	1	0	1	0	0	1	0	0	1	1	0	1	1	1	0	0	1	0	0	1	1	1	0	0	1	1	1	1	1	1	0	0	0	0	0	0	0	0	1	0	1	0	0	1	0	1	1	1	0
Mp6g15110	pos	0	0	0	0	1	0	1	0	1	0	0	0	0	1	1	0	0	0	1	0	0	0	0	1	0	0	0	0	1	0	0	1	0	1	1	1	1	1	1	1	1	0	1	0	1	1	0	1	0	1	0	1	0	0	1	0	0	1	1	0	0	1	1	1	1	1	1	1	0	0	0	0	0	0	0	0	1	1
Mp6g15680	pos	0	0	1	1	0	1	0	0	0	1	0	0	0	0	1	1	0	1	0	0	0	0	0	1	0	0	0	0	0	0	0	1	0	0	1	0	0	0	1	1	0	1	1	0	0	0	0	1	0	0	0	1	0	1	0	0	0	0	1	0	1	0	0	1	0	1	0	1	0	1	1	1	0	0	0	0	1	1
Mp6g15810	pos	1	1	1	1	0	0	1	0	1	0	0	0	1	1	1	0	0	1	1	0	1	1	0	1	0	0	0	1	1	1	0	0	0	0	1	1	1	0	0	0	0	0	0	0	1	1	0	0	1	1	0	1	0	1	1	0	0	1	1	0	0	0	0	1	0	0	0	1	0	0	1	0	0	1	1	1	1	1
Mp6g15820	pos	1	0	0	1	0	1	0	0	0	0	0	0	0	1	1	1	1	1	0	0	0	0	0	1	1	0	0	1	1	0	0	0	0	1	1	1	1	1	1	1	0	1	1	1	1	1	1	1	0	1	0	0	0	0	1	1	1	1	1	0	0	1	0	1	1	1	1	0	0	0	1	1	1	0	0	0	1	1
Mp6g16500	pos	0	1	1	1	0	0	0	0	0	0	0	0	1	0	1	0	0	0	1	0	1	0	0	1	0	0	0	0	1	0	1	1	0	1	0	1	0	0	1	1	1	1	0	1	0	0	0	1	0	0	0	1	1	0	0	0	0	0	0	0	0	0	1	1	0	1	1	0	0	1	1	0	0	1	0	0	0	0
Mp6g17260	pos	0	0	1	1	1	1	0	0	1	1	0	0	0	1	0	0	0	1	1	1	0	0	0	1	0	0	1	0	1	0	0	1	1	1	1	1	1	0	1	1	1	1	0	1	0	0	0	1	1	1	1	0	0	0	1	0	1	1	1	1	1	1	1	0	0	1	1	1	0	1	1	0	1	0	0	0	1	1
Mp6g17890	pos	1	0	0	1	0	0	1	1	1	0	0	0	1	0	1	0	0	1	1	0	1	1	1	1	1	0	1	1	1	0	0	0	1	1	0	0	1	1	1	1	1	1	0	1	0	1	0	0	0	1	1	0	0	0	1	1	1	0	1	1	1	1	1	1	0	0	1	1	1	1	1	1	0	0	1	1	0	1
Mp6g18940	pos	0	0	1	0	1	0	1	0	0	1	0	0	1	0	0	1	1	1	1	0	0	1	1	1	0	0	1	1	0	0	0	1	0	0	0	1	1	1	0	1	0	1	0	1	1	0	0	0	0	1	0	0	0	0	1	0	1	0	1	0	0	1	0	1	0	0	1	1	0	1	0	0	1	0	1	1	0	1
Mp6g19040	pos	1	0	1	1	1	1	1	0	1	1	1	0	1	1	1	1	0	1	0	0	1	1	1	0	0	0	1	0	0	0	0	0	0	1	1	1	0	1	1	1	1	1	1	1	0	1	0	0	1	1	0	0	1	0	1	0	0	0	1	0	1	1	1	1	1	0	0	0	1	1	0	1	0	0	1	1	0	0
Mp6g19530	pos	1	0	1	1	0	1	1	0	1	0	0	1	1	1	1	0	0	1	1	0	0	0	0	1	0	0	0	0	1	0	0	0	0	0	0	0	1	1	0	0	1	0	1	1	1	1	0	1	1	0	0	1	0	0	1	0	1	0	1	0	0	1	1	0	1	1	0	0	0	1	0	0	0	1	1	1	1	1
Mp7g01230	pos	0	0	1	0	1	1	0	0	1	1	0	0	1	0	1	0	0	1	1	0	1	0	0	1	0	0	0	1	0	0	0	1	0	1	0	1	0	1	0	1	0	1	0	1	0	0	0	0	0	1	1	0	0	0	1	0	0	1	1	0	1	1	0	0	0	1	1	0	0	1	0	1	0	0	0	1	1	1
Mp7g01390	pos	1	0	0	1	0	0	0	1	1	1	1	0	0	0	1	1	0	0	0	1	0	1	1	1	0	1	0	0	0	0	0	1	0	0	1	1	1	1	0	0	0	0	0	1	1	1	0	0	0	0	1	1	0	0	1	0	0	0	1	0	1	1	1	0	1	0	1	0	0	1	1	1	1	0	0	0	1	1
Mp7g01950	pos	1	1	0	1	0	1	1	0	1	1	0	0	1	1	1	0	0	1	1	1	1	0	0	1	0	0	0	0	1	0	0	1	0	1	1	0	0	0	1	0	1	0	1	0	0	1	0	0	0	0	1	0	0	0	0	0	0	0	1	0	1	0	1	1	1	1	0	0	0	0	1	1	0	1	1	1	1	1
Mp7g02470	pos	1	0	1	1	1	1	0	0	1	0	0	0	0	0	0	0	0	0	0	1	1	1	1	1	0	0	1	1	1	1	0	1	0	0	0	0	1	0	0	0	1	1	0	1	0	1	0	1	0	1	0	0	0	0	1	0	1	1	1	0	1	0	1	1	1	1	0	0	0	0	1	0	0	0	0	1	0	1
Mp7g03030	pos	0	0	1	1	1	0	0	0	1	1	0	0	1	0	1	1	0	1	0	0	1	1	1	0	0	0	0	0	1	0	0	0	0	1	1	0	0	1	0	0	1	1	1	0	1	0	0	0	0	1	1	0	0	0	1	1	0	1	1	0	1	1	1	1	0	1	0	0	0	1	0	1	0	0	1	1	1	1
Mp7g04650	pos	1	0	1	1	1	0	0	0	1	0	0	1	1	1	1	0	0	1	0	1	1	1	0	1	0	0	1	0	0	0	1	0	1	0	1	0	1	1	1	0	1	0	1	1	0	1	0	0	1	1	0	0	0	0	1	1	1	1	1	0	1	0	0	1	0	1	0	1	1	0	0	1	0	0	0	1	1	1
Mp7g05050	pos	1	0	0	1	1	1	1	0	0	1	1	0	1	1	1	0	0	0	1	0	0	1	1	1	0	1	0	1	1	0	0	1	0	1	1	1	1	1	1	1	1	1	0	0	0	1	1	0	1	1	0	1	0	0	0	0	1	1	0	0	0	1	1	1	0	1	0	1	0	0	0	0	1	0	1	1	0	0
Mp7g05170	pos	1	0	0	0	1	0	0	0	0	1	0	0	0	0	1	0	1	1	1	0	0	0	0	0	0	0	0	1	1	0	0	0	0	1	0	0	1	0	1	1	0	1	0	1	1	0	0	0	0	1	0	1	0	0	1	0	1	0	1	0	0	0	0	1	1	1	1	1	0	0	0	1	0	0	1	0	0	1
Mp7g06880	pos	0	0	1	1	0	0	0	0	1	1	0	0	0	0	1	1	0	1	1	1	1	1	0	1	0	0	0	1	1	0	0	1	1	1	1	1	1	0	1	1	0	0	1	0	0	1	0	1	0	1	0	0	0	0	0	0	0	1	1	0	1	0	0	0	0	1	0	1	0	1	0	0	1	1	0	0	1	1
Mp7g07330	pos	1	0	1	1	1	0	0	1	1	0	0	1	1	0	0	1	0	1	1	1	0	1	0	1	0	1	0	1	1	0	1	0	0	1	1	0	0	1	0	1	0	0	1	1	1	0	0	0	0	0	0	0	0	0	1	0	1	0	1	0	1	0	0	1	0	1	0	0	0	1	1	0	0	0	1	1	0	1
Mp7g08760	pos	1	0	1	1	1	1	1	0	0	0	0	0	1	1	1	1	0	0	0	0	0	1	1	1	0	0	0	1	0	1	0	1	0	1	1	1	1	1	1	1	0	0	0	1	0	0	0	1	0	1	0	0	0	0	1	1	0	1	1	0	1	1	1	0	1	1	0	1	0	0	0	0	1	0	1	1	0	1
Mp7g09070	pos	1	0	1	1	1	0	0	1	1	0	0	0	0	0	1	1	0	1	0	0	1	1	0	0	0	0	0	1	1	0	1	0	0	0	1	0	1	0	0	1	0	0	0	0	0	0	0	1	0	0	0	0	0	0	1	0	1	1	0	1	0	0	0	0	1	0	0	0	0	1	1	0	0	0	1	1	1	0
Mp7g10420	pos	1	0	0	1	1	0	0	0	0	1	0	1	0	1	0	1	0	0	1	1	1	1	0	1	1	1	0	1	0	0	0	1	0	1	1	0	1	1	1	1	0	1	0	1	0	0	0	1	1	1	0	1	0	0	1	0	1	1	0	0	0	1	0	0	0	1	1	1	0	1	0	1	1	1	1	1	1	1
Mp7g10800	pos	0	0	1	0	1	0	1	0	0	1	0	0	1	0	1	1	0	1	1	1	0	1	1	1	0	0	1	0	0	0	0	0	0	1	1	0	0	1	1	1	0	1	1	1	0	0	0	0	1	0	1	1	0	0	1	0	1	0	0	0	1	1	1	1	0	1	1	0	0	0	0	0	1	1	0	1	1	1
Mp7g11790	pos	0	0	0	1	1	0	1	0	1	1	1	0	0	0	1	0	0	0	0	0	0	1	0	1	1	0	1	1	1	0	0	1	0	0	1	1	0	0	1	1	1	1	0	1	1	1	0	1	1	0	0	0	0	0	0	0	0	0	0	0	0	0	1	1	1	1	1	0	1	1	0	0	1	1	0	1	1	0
Mp7g12080	pos	1	0	0	0	1	1	0	0	0	0	0	0	1	1	0	1	0	1	1	0	0	0	0	0	0	0	1	1	0	0	1	0	0	0	0	0	0	0	1	1	0	1	1	1	0	0	0	0	1	1	0	0	1	0	1	0	1	1	1	0	0	1	0	0	0	1	1	1	0	0	0	1	0	0	0	1	1	1
Mp7g15180	pos	1	0	1	1	0	1	1	1	1	1	0	1	1	0	1	1	0	1	1	1	0	1	0	1	1	1	1	0	0	0	0	0	0	1	1	0	0	1	1	1	1	0	1	1	0	0	0	0	1	1	1	1	0	0	0	1	0	1	1	1	1	0	1	1	0	0	1	1	1	1	1	1	1	0	0	0	1	1
Mp7g18470	pos	0	1	0	0	1	1	0	1	1	0	0	0	1	0	1	1	1	1	0	0	1	0	0	1	0	0	1	1	1	0	1	1	0	1	0	0	1	0	1	1	0	1	0	0	1	1	0	0	1	1	0	1	0	0	1	0	1	1	1	0	0	1	1	0	0	0	0	0	0	1	0	1	1	1	0	0	1	1
Mp7g19220	pos	0	1	0	1	1	1	1	0	1	0	0	0	0	0	1	1	1	0	0	0	1	1	0	1	0	1	0	1	0	0	0	0	0	1	0	1	0	0	0	1	0	1	0	0	0	0	0	0	1	1	0	1	0	0	1	0	0	1	0	0	0	1	1	0	1	0	0	1	0	0	1	0	1	1	1	1	0	1
Mp7g19700	pos	0	0	0	1	1	0	0	0	1	1	1	0	0	0	1	1	0	1	0	1	1	1	0	0	0	1	0	0	0	0	0	0	0	0	1	1	0	0	0	1	1	0	1	1	0	1	0	1	1	0	1	1	1	0	1	0	1	1	1	0	0	0	0	0	1	0	0	1	0	1	1	0	0	0	0	1	1	1
Mp8g00040	pos	0	0	0	0	0	1	1	0	1	0	0	0	1	0	0	0	0	0	0	1	1	0	0	1	0	1	0	0	0	0	0	1	0	1	0	0	0	1	0	1	1	0	1	0	0	1	0	0	1	0	1	0	0	0	1	0	1	0	1	0	0	0	0	0	0	1	0	0	0	1	0	1	1	0	0	0	0	1
Mp8g00560	pos	0	0	0	0	1	1	0	0	0	1	0	0	0	0	1	1	0	0	1	0	0	0	0	0	0	1	0	0	0	1	0	1	0	1	0	1	0	1	1	1	0	1	0	1	0	1	0	0	1	1	0	1	1	0	1	0	0	1	0	1	0	0	0	0	0	1	0	1	0	1	0	0	0	0	0	0	1	1
Mp8g00860	pos	1	1	1	1	0	1	0	0	1	0	0	0	1	0	1	0	0	0	1	1	0	1	1	1	0	1	0	1	0	0	0	1	1	0	1	1	1	1	1	1	0	0	1	1	1	0	0	1	0	1	1	0	0	0	1	0	1	1	0	0	0	1	0	0	1	1	0	1	1	1	0	1	0	1	1	1	0	0
Mp8g00920	pos	1	0	0	1	0	1	0	0	0	0	0	0	1	0	1	1	0	1	0	1	1	0	0	1	0	1	1	0	1	0	0	0	0	1	0	0	1	1	1	1	0	1	1	1	0	1	0	1	0	0	0	0	0	0	0	0	1	0	0	0	1	1	0	0	0	1	0	0	0	1	0	0	1	0	0	0	1	1
Mp8g01250	pos	0	1	1	0	0	1	1	0	1	1	0	0	1	0	0	1	0	1	1	0	1	1	0	1	1	0	0	0	1	0	0	1	0	0	1	1	1	1	1	1	1	1	1	0	0	1	0	0	1	0	1	0	0	0	0	0	1	1	1	1	1	1	0	0	1	1	0	1	0	1	1	0	0	1	0	0	1	1
Mp8g01830	pos	0	0	0	1	0	0	1	0	0	0	0	0	0	1	1	1	0	1	1	0	1	1	1	1	1	0	0	1	0	0	1	0	0	1	0	1	1	0	1	1	1	0	0	1	0	0	0	1	0	1	0	0	0	0	1	1	0	1	1	0	1	0	1	1	1	0	0	1	0	1	1	1	1	1	0	1	0	1
Mp8g01920	pos	0	0	1	1	0	0	0	1	0	1	1	0	0	0	1	0	0	0	1	1	1	0	0	1	0	0	1	1	0	0	0	1	0	0	0	0	0	0	0	1	1	1	0	0	0	0	0	0	0	1	0	1	0	0	0	1	1	1	1	0	1	1	1	0	1	1	1	0	0	1	1	0	0	1	1	1	0	0
Mp8g02500	pos	0	0	0	1	1	1	0	0	0	0	0	0	0	0	0	1	0	1	0	0	0	1	1	1	0	1	1	0	1	0	0	0	0	0	0	1	0	0	1	1	0	1	0	1	0	0	1	0	0	1	0	1	0	0	0	0	0	0	1	0	1	0	1	1	0	0	1	1	1	0	0	1	0	1	1	0	1	0
Mp8g02710	pos	1	0	1	1	1	0	1	0	0	0	0	1	1	1	1	1	0	1	0	1	1	1	0	0	0	0	1	0	1	1	0	1	0	1	1	0	1	1	1	0	1	0	0	1	0	1	0	0	1	1	0	1	1	0	1	1	1	1	1	0	1	0	0	1	1	0	0	1	0	1	0	0	0	1	0	1	1	1
Mp8g02740	pos	1	0	0	0	0	1	1	0	1	1	1	0	1	1	0	1	0	0	1	0	0	0	0	1	0	1	1	0	0	0	0	0	1	1	1	0	1	0	1	1	1	1	1	0	0	1	0	0	0	0	1	0	0	0	0	0	1	0	0	0	0	1	0	1	1	1	0	0	1	1	0	1	1	1	0	0	1	1
Mp8g02760	pos	1	0	1	1	1	0	1	1	1	0	0	0	1	0	0	1	1	1	1	0	1	1	1	1	0	1	0	0	0	0	0	0	0	1	0	0	1	0	1	1	1	0	1	1	1	1	0	0	0	0	1	1	0	0	1	0	0	1	1	0	1	0	1	1	0	0	1	0	0	1	1	0	0	1	0	0	1	1
Mp8g02770	pos	1	0	1	1	1	1	0	0	0	0	0	0	1	1	1	0	0	1	0	1	0	1	0	1	0	0	1	0	0	0	0	1	0	1	1	1	1	1	1	0	1	0	1	1	0	1	0	0	0	0	1	1	1	0	1	0	0	0	1	0	1	1	1	1	1	0	1	0	0	0	0	0	0	1	1	1	1	1
Mp8g03310	pos	1	1	1	0	1	1	1	0	1	1	0	0	0	1	0	1	0	0	0	1	0	0	0	1	1	1	1	1	0	0	1	1	1	0	1	1	1	0	1	1	1	1	1	1	1	0	0	0	0	1	1	0	0	0	0	0	0	0	1	0	1	1	0	0	0	1	0	1	1	1	1	0	0	1	0	0	1	0
Mp8g03370	pos	1	0	0	1	0	0	0	0	1	1	1	0	0	0	1	0	0	0	1	1	0	0	0	1	0	1	0	0	1	0	0	1	0	1	0	0	1	1	1	0	1	0	1	1	0	1	0	1	0	0	1	0	1	0	1	0	1	1	1	0	1	1	1	0	0	0	0	1	0	0	1	0	1	1	0	0	0	1
Mp8g05050	pos	0	1	1	1	1	0	0	1	1	0	0	0	0	0	1	1	1	1	1	1	1	1	1	1	1	1	1	1	1	0	0	0	1	0	0	0	1	1	1	1	1	1	0	0	1	1	1	0	1	1	1	1	0	0	1	1	1	1	1	0	1	1	0	0	1	1	0	1	0	1	1	1	0	0	1	0	1	0
Mp8g05670	pos	1	0	0	1	1	1	0	0	1	1	0	0	1	0	1	1	0	1	1	0	1	0	0	1	0	0	1	0	1	0	0	0	0	1	1	0	0	1	1	1	1	1	1	0	1	1	0	1	1	1	0	0	0	0	1	0	1	1	1	0	1	1	1	0	1	1	1	1	1	1	1	0	1	1	1	1	1	0
Mp8g06260	pos	0	0	0	1	1	0	0	0	0	0	0	0	1	0	1	0	0	0	0	1	1	0	0	1	0	0	1	0	1	0	0	0	0	0	1	1	0	1	1	1	1	1	0	1	1	0	0	0	1	1	0	0	0	0	0	0	1	1	1	0	0	1	1	0	1	0	1	1	0	0	1	1	1	0	0	0	1	0
Mp8g09420	pos	0	0	0	1	0	0	0	0	1	1	0	0	0	1	0	1	0	1	1	0	0	0	0	1	0	0	0	1	0	0	0	0	1	1	1	0	0	0	0	0	0	1	0	0	1	1	0	1	0	0	0	0	0	0	1	0	1	1	1	0	0	1	1	1	0	1	0	0	0	1	1	0	0	0	0	0	0	1
Mp8g10080	pos	0	0	1	1	0	1	1	0	1	1	0	0	1	0	1	1	0	1	0	0	1	1	1	1	0	0	0	1	0	0	0	0	1	1	0	1	0	1	1	1	0	0	1	0	0	1	0	1	0	0	1	1	0	0	1	0	1	1	1	0	0	0	0	1	1	1	0	0	1	1	0	0	0	0	0	0	1	1
Mp8g12170	pos	0	0	0	1	1	0	1	0	0	0	0	0	0	0	1	1	0	0	1	0	0	0	0	1	0	1	0	1	0	0	0	0	0	1	0	0	1	1	1	1	1	0	0	1	1	1	0	1	1	0	0	0	0	0	1	0	0	1	1	1	0	0	0	0	1	1	1	0	0	1	0	1	0	0	0	0	0	1
Mp8g12350	pos	0	1	0	1	1	0	0	0	1	1	0	0	0	0	0	1	1	0	0	0	0	1	0	1	1	1	1	1	1	0	1	0	0	0	0	1	0	0	1	1	1	0	0	0	0	1	0	0	1	0	0	0	0	0	0	0	1	0	0	1	1	0	0	1	0	1	0	1	0	1	0	0	1	0	1	1	1	0
Mp8g14500	pos	1	0	1	1	0	0	0	0	1	1	0	1	0	0	1	0	0	0	1	0	1	1	1	0	0	0	1	1	0	0	0	0	0	1	1	1	0	1	1	1	1	0	0	1	1	0	0	0	1	1	1	1	1	0	1	1	1	1	1	0	1	1	0	0	0	1	0	0	1	0	1	0	0	0	1	1	0	1
Mp8g14540	pos	0	0	1	1	1	0	0	0	0	1	0	0	0	1	0	0	0	1	1	0	1	0	0	1	1	1	1	0	1	0	0	1	0	1	0	0	1	1	1	1	0	1	1	1	1	0	0	0	1	1	1	1	1	0	0	1	0	1	1	0	1	1	0	1	0	0	0	1	0	0	0	0	1	1	0	1	1	1
Mp8g14910	pos	0	0	1	1	1	1	1	0	1	0	0	0	1	0	1	1	1	0	1	1	1	1	0	1	0	0	0	0	1	0	0	0	1	0	0	1	0	0	1	0	1	1	0	1	0	1	0	1	1	1	0	0	0	0	0	0	0	0	0	0	1	0	1	1	0	1	1	1	0	1	0	1	0	0	0	0	1	0
Mp8g16270	pos	1	0	0	1	1	1	0	0	1	0	0	0	1	1	1	1	0	1	0	1	0	1	0	1	0	0	1	0	0	0	0	1	0	1	1	1	0	0	1	1	1	0	0	1	1	0	0	0	0	0	1	1	1	0	1	0	0	1	1	0	0	0	0	1	0	1	0	0	0	0	1	1	0	0	0	1	0	1
Mp8g17810	pos	0	1	1	1	1	0	1	1	0	0	0	0	1	0	0	0	1	1	0	0	0	0	0	1	0	1	0	0	0	0	0	0	0	1	0	1	0	1	1	1	1	0	0	1	0	1	1	0	0	0	0	0	0	0	1	0	0	1	0	0	0	0	0	1	0	1	1	0	0	0	0	0	0	1	0	0	1	1
Mp8g17820	pos	1	0	1	1	1	0	1	1	1	0	0	0	1	0	0	0	0	0	1	1	0	1	0	0	0	1	0	0	0	0	0	0	0	0	0	0	1	0	1	0	0	1	0	1	0	0	0	0	0	1	1	0	1	0	0	0	0	1	1	0	1	0	0	0	0	0	1	1	1	1	0	1	0	0	0	0	1	0
Mp8g19020	pos	1	1	0	1	1	0	1	0	0	1	0	0	0	1	0	0	0	1	0	0	0	1	1	0	0	0	0	1	1	0	0	0	0	1	1	0	1	0	1	1	1	1	1	1	0	1	0	1	0	1	1	0	0	0	0	0	1	0	1	0	1	0	1	0	1	0	0	1	0	1	1	1	0	0	1	0	1	1
MpVg00610	pos	1	0	1	1	1	0	0	0	1	0	0	0	1	0	1	1	1	1	0	1	1	0	0	0	0	0	0	1	1	0	0	1	0	1	1	0	1	0	0	0	0	1	1	0	0	0	0	0	0	0	0	1	1	0	0	0	1	0	1	0	1	1	0	0	0	0	0	0	1	1	0	0	0	0	1	1	1	1
Mpzg00230	pos	0	1	0	1	0	1	0	0	1	0	0	0	0	0	1	1	0	1	0	1	0	1	0	1	0	0	0	1	1	0	0	0	0	1	1	0	1	1	1	1	0	0	1	0	1	1	1	1	1	0	0	1	0	0	0	0	1	1	0	1	0	1	1	1	0	0	0	1	1	1	0	1	0	1	1	1	0	0
Mpzg00260	pos	0	0	0	1	1	0	1	0	1	0	0	0	1	1	0	1	0	1	1	0	0	1	1	1	0	0	0	1	0	0	0	0	0	1	0	1	0	0	0	0	1	0	0	1	0	0	0	0	1	0	0	0	0	0	1	0	0	1	1	0	1	1	1	0	0	1	0	0	0	0	0	0	1	1	0	0	1	1
Mpzg01290	pos	0	0	0	1	1	0	0	0	1	0	0	0	0	0	1	1	0	0	1	1	1	1	1	0	0	1	1	1	0	0	0	0	0	0	1	0	1	0	1	0	1	1	1	1	0	1	1	0	1	0	0	0	1	0	1	0	0	1	1	0	0	1	1	0	1	1	0	1	1	1	1	0	0	1	0	0	0	1
Mp1g00250	neg	1	0	1	1	0	1	0	0	1	0	0	0	1	1	0	0	0	0	0	1	0	1	1	1	0	0	0	0	0	0	0	0	0	0	0	0	1	0	1	1	0	0	1	1	1	0	0	1	0	0	0	0	0	0	0	0	0	1	1	0	1	0	0	0	0	0	0	0	0	0	1	1	0	1	0	0	0	1
Mp1g01240	neg	0	0	1	1	0	0	0	0	1	0	0	0	0	1	0	1	0	1	1	0	0	0	0	0	1	1	0	0	0	0	0	0	0	0	0	0	1	0	1	1	1	0	1	1	1	1	0	0	0	1	0	0	0	0	0	0	0	0	1	0	0	1	0	0	1	0	0	0	1	0	1	0	1	0	1	1	0	0
Mp1g01940	neg	0	1	0	1	0	0	1	0	0	0	0	0	1	0	1	1	0	0	1	0	0	1	0	1	1	0	0	0	0	0	0	0	0	0	1	0	1	0	1	1	1	0	0	0	1	1	0	0	0	0	0	1	0	0	1	0	0	0	1	0	0	0	1	1	0	1	0	0	0	1	1	0	1	1	0	1	1	0
Mp1g02180	neg	0	0	1	0	1	1	1	0	1	1	0	0	1	0	0	1	0	0	0	0	1	0	0	0	0	0	1	1	0	0	0	1	0	1	1	0	0	0	1	0	0	1	0	1	0	0	0	0	0	0	1	0	0	0	1	0	1	0	1	0	0	0	1	0	0	1	1	0	0	1	0	0	0	0	1	0	0	0
Mp1g02380	neg	0	1	1	0	1	0	0	0	1	1	0	0	1	0	0	1	0	0	1	1	0	0	0	0	0	0	1	1	0	0	0	0	0	1	0	0	1	1	1	0	1	0	1	1	0	1	0	1	1	0	1	0	1	0	1	0	1	1	0	0	1	0	0	0	0	0	0	0	0	1	0	0	1	0	1	1	0	1
Mp1g03090	neg	0	0	1	1	1	1	1	0	0	1	0	0	1	0	0	1	1	1	1	1	1	1	0	0	0	0	1	0	0	0	0	0	0	1	0	1	0	1	1	0	0	1	1	0	1	1	0	1	0	0	0	0	0	0	0	0	0	1	1	0	0	1	1	0	0	1	0	0	0	1	0	0	0	0	0	0	1	1
Mp1g03260	neg	1	0	0	1	1	0	0	0	1	1	0	0	1	0	1	1	0	1	1	0	0	1	0	1	1	1	0	0	1	0	0	0	0	0	0	1	1	1	1	1	1	0	1	1	1	1	0	1	0	1	0	0	0	0	0	1	1	1	1	0	0	1	0	1	1	1	1	1	0	1	1	0	0	0	0	0	1	1
Mp1g03290	neg	1	1	1	1	0	0	1	0	1	0	0	0	1	0	1	1	0	0	1	1	0	1	1	1	1	1	1	1	1	0	0	0	0	1	1	0	1	1	1	1	1	0	1	0	0	0	0	0	0	0	1	0	0	0	1	0	1	1	1	0	1	0	1	1	1	0	0	0	0	1	0	0	0	0	0	0	1	1
Mp1g03700	neg	0	0	1	0	1	1	0	0	1	1	0	0	0	0	1	1	0	0	1	0	0	0	0	0	0	0	1	1	0	0	0	1	1	0	1	0	0	0	0	1	1	1	0	0	1	1	0	1	1	0	1	0	0	0	0	0	0	0	1	0	1	1	1	0	0	0	0	1	0	0	0	1	0	0	1	1	1	1
Mp1g04400	neg	1	0	0	1	1	0	1	0	0	0	0	1	1	0	0	1	0	1	1	1	0	1	0	1	0	1	0	0	0	0	0	1	0	0	1	0	0	1	0	1	1	0	0	1	0	1	0	0	0	1	1	0	0	0	1	0	1	1	0	0	0	1	0	0	0	0	0	0	0	1	0	1	0	0	1	1	1	0
Mp1g05530	neg	0	0	0	0	1	0	0	1	0	1	0	0	1	0	0	0	0	1	1	0	0	0	0	1	1	0	1	0	0	0	0	0	0	1	0	0	1	0	1	1	0	1	0	1	0	1	0	0	0	0	0	0	1	0	1	0	0	0	0	0	1	1	0	1	0	1	1	1	0	1	1	1	1	0	0	0	0	0
Mp1g05540	neg	0	0	0	1	0	0	1	0	0	1	0	1	0	1	1	0	0	0	1	0	0	0	0	0	0	0	0	1	0	0	0	0	0	0	1	0	1	0	0	0	0	0	1	0	0	0	0	0	0	0	0	0	0	0	0	0	0	0	0	0	1	1	0	0	0	1	1	0	0	1	0	0	1	0	1	1	1	0
Mp1g06000	neg	0	0	0	1	1	1	0	0	1	0	0	0	1	0	1	1	1	0	1	1	0	1	0	1	0	1	1	0	0	0	1	0	0	1	1	1	0	1	1	1	0	0	0	0	1	0	0	1	1	1	0	1	0	0	1	0	1	1	1	0	0	1	1	1	1	1	0	1	1	0	0	0	1	1	0	1	1	1
Mp1g06100	neg	0	0	0	0	0	0	0	0	1	0	0	0	0	1	1	1	0	1	1	1	0	0	0	0	0	0	0	0	0	0	0	0	0	0	0	1	1	1	1	1	1	1	0	0	1	1	0	1	0	0	0	1	0	0	1	0	0	0	0	0	0	0	0	0	1	0	0	0	1	1	0	0	1	0	0	1	1	0
Mp1g06320	neg	0	1	0	1	1	0	0	0	1	1	0	0	1	0	1	1	0	1	0	1	1	0	0	1	0	0	1	1	1	0	0	0	0	0	1	0	1	1	1	0	1	1	0	1	0	1	0	0	1	1	0	0	0	0	1	0	1	1	0	0	0	1	1	1	0	0	0	1	1	1	0	0	1	1	0	0	1	1
Mp1g07140	neg	1	1	0	0	0	1	0	0	1	0	0	1	1	0	1	0	0	0	0	1	1	1	0	0	0	0	0	0	0	0	0	0	0	1	0	0	1	0	1	1	0	1	0	1	0	0	0	0	0	0	0	0	0	0	1	0	1	1	1	0	0	0	0	0	1	0	0	0	0	0	0	1	0	0	0	0	0	1
Mp1g08620	neg	0	1	1	1	0	0	1	0	0	0	0	0	1	0	1	0	0	0	0	0	1	0	0	1	0	0	0	1	1	0	0	0	0	0	1	1	1	1	1	0	1	0	1	1	0	1	0	1	0	1	0	1	1	0	1	0	1	0	1	0	0	1	1	0	0	1	0	1	0	1	0	0	0	0	1	0	1	1
Mp1g09030	neg	1	0	1	0	0	0	1	0	1	0	0	0	0	0	1	1	0	0	0	0	1	1	0	0	0	1	0	1	0	0	0	0	0	0	0	1	1	0	1	0	1	0	0	1	1	1	1	0	0	0	0	1	0	0	1	0	1	1	1	0	0	1	0	0	0	0	0	1	0	0	0	0	0	0	0	0	0	1
Mp1g11870	neg	1	0	0	0	1	0	0	0	1	0	0	0	0	0	1	0	0	0	0	1	0	1	1	0	0	1	0	0	0	0	0	0	0	0	0	0	0	1	1	1	0	0	1	0	0	0	0	0	0	1	0	1	0	0	1	1	0	0	0	0	1	1	0	1	1	0	0	0	0	1	0	1	0	0	0	0	0	1
Mp1g12210	neg	0	0	0	1	1	0	1	0	1	0	0	0	1	0	0	1	1	1	0	1	1	0	0	1	0	0	1	0	0	0	0	0	0	0	0	1	1	1	1	1	1	1	0	1	0	0	0	1	0	0	0	0	1	0	1	0	0	1	1	0	1	0	0	0	1	0	0	1	1	0	1	0	0	0	1	1	0	1
Mp1g13360	neg	0	0	0	0	0	1	0	0	1	1	0	0	0	1	0	0	1	0	1	0	0	0	0	1	1	0	0	0	0	0	0	0	0	1	0	0	1	0	1	1	0	1	0	0	0	1	0	1	1	0	0	1	0	0	0	0	0	0	1	0	0	0	1	1	0	1	0	0	0	1	1	0	1	0	0	0	0	1
Mp1g13380	neg	0	0	0	1	1	0	0	0	0	0	0	0	0	0	0	0	0	0	1	1	0	1	0	1	0	0	1	1	0	0	0	0	0	1	0	0	1	0	0	0	0	0	1	1	0	0	0	1	0	0	1	0	0	0	1	0	1	0	1	0	0	0	0	0	1	1	1	0	0	0	0	0	0	0	0	1	0	0
Mp1g13550	neg	0	0	1	1	1	0	0	0	1	0	0	0	1	0	1	0	1	1	0	1	0	0	0	0	1	1	1	0	0	0	1	1	0	0	0	0	1	0	0	1	0	1	1	1	1	1	0	1	0	0	0	0	0	0	0	0	0	0	1	0	0	0	0	1	0	1	1	1	1	0	1	0	1	0	0	0	1	1
Mp1g15200	neg	1	0	0	1	1	0	0	0	1	0	0	0	0	1	0	1	0	1	0	0	0	0	0	0	0	0	1	0	0	0	0	0	0	1	0	1	1	0	1	0	1	1	1	1	0	0	0	0	0	0	0	0	0	0	0	0	0	1	0	0	0	1	1	0	1	1	1	0	0	0	0	0	0	1	0	0	0	1
Mp1g15620	neg	1	0	1	0	0	0	0	0	0	1	1	0	1	1	1	0	1	1	0	1	1	0	0	1	0	0	1	1	1	0	0	0	0	0	1	1	0	0	1	1	1	1	1	0	0	1	0	0	0	1	0	0	1	0	1	0	1	1	1	0	0	1	0	0	1	1	1	0	1	0	0	0	1	1	0	0	0	1
Mp1g16540	neg	0	0	1	0	1	0	0	0	0	0	0	0	0	0	0	1	0	1	1	1	0	0	0	0	0	0	0	1	0	0	0	1	0	1	1	0	0	0	0	0	0	1	0	0	1	0	0	1	1	1	0	0	0	0	1	0	0	1	1	0	0	1	0	1	0	0	0	0	1	0	0	1	0	1	0	0	1	1
Mp1g16850	neg	0	1	0	0	0	0	0	0	0	1	0	0	0	0	0	1	0	1	1	0	0	0	0	1	1	0	1	0	0	0	0	1	1	1	0	0	0	1	1	1	1	0	1	0	1	0	0	1	0	0	0	1	0	0	1	0	1	0	0	0	0	1	1	0	1	1	0	0	0	0	0	1	0	1	1	0	0	0
Mp1g17810	neg	0	0	0	0	1	0	0	0	0	0	0	0	0	1	0	0	0	0	0	0	0	1	0	1	0	0	0	0	1	0	0	0	0	1	0	0	0	1	0	1	0	1	0	1	0	1	0	0	0	1	0	0	0	0	1	1	0	1	0	0	1	1	1	0	0	0	1	1	0	0	1	1	0	0	0	1	0	1
Mp1g17870	neg	0	0	0	1	0	0	0	0	0	0	0	0	1	0	0	1	0	0	1	0	0	1	0	1	0	0	1	1	0	0	0	0	0	0	0	0	0	0	1	0	0	0	0	0	1	0	0	1	0	0	0	1	0	0	0	0	0	1	1	0	0	1	0	0	0	1	0	0	0	0	0	1	0	0	1	1	1	1
Mp1g18270	neg	1	1	1	1	0	1	0	0	0	1	1	0	1	0	1	1	1	0	0	0	1	0	0	1	0	1	1	0	0	0	0	0	0	0	0	0	0	0	1	1	0	0	0	0	0	0	0	0	0	0	0	0	0	0	1	0	1	0	1	0	1	0	1	0	0	0	0	1	0	0	1	1	1	0	1	1	1	0
Mp1g18410	neg	1	0	0	1	0	0	0	1	0	0	0	0	0	1	0	0	0	0	1	1	0	1	1	0	0	0	0	1	0	0	0	0	0	0	0	1	0	0	1	1	1	0	0	1	0	1	0	1	0	0	0	1	0	0	1	0	1	0	1	0	0	1	0	0	1	1	1	0	0	1	0	1	1	1	0	0	0	0
Mp1g18590	neg	1	0	0	1	0	1	0	0	0	0	0	0	1	0	1	0	0	1	0	0	0	1	0	0	0	0	0	1	1	0	0	0	0	0	0	0	1	1	0	0	0	0	0	1	0	1	0	0	0	0	0	0	0	0	1	0	0	1	0	0	0	0	0	0	0	0	1	0	1	1	1	1	0	1	0	1	0	0
Mp1g19540	neg	1	0	0	1	0	1	1	1	1	1	0	0	1	1	1	0	0	1	1	1	1	0	0	1	1	0	0	0	0	0	0	1	0	0	1	0	1	0	1	1	1	0	1	0	0	0	0	0	0	0	0	0	0	0	1	0	1	1	1	0	1	0	0	1	0	1	0	0	1	0	1	1	0	0	0	1	1	1
Mp1g19640	neg	0	0	0	0	0	0	1	0	1	1	0	1	0	1	1	1	0	0	1	1	0	0	0	0	0	1	1	0	0	0	0	0	0	0	0	0	1	0	1	0	1	0	1	0	1	1	0	0	1	0	0	0	0	0	1	0	0	0	0	0	0	0	1	0	0	1	0	0	1	0	0	0	1	0	0	0	0	1
Mp1g19820	neg	1	0	1	0	1	1	0	0	0	0	0	0	0	0	0	1	0	0	1	0	0	0	0	0	0	1	1	1	0	0	0	1	1	0	0	1	0	1	1	0	0	1	1	1	0	0	0	0	0	0	0	1	0	0	1	0	0	0	0	0	1	1	0	0	0	1	0	0	1	0	1	1	1	0	1	0	0	1
Mp1g20460	neg	0	0	1	0	1	0	0	0	0	0	0	0	0	1	1	1	0	0	1	0	0	0	0	1	0	1	1	0	1	0	0	0	0	1	1	1	0	0	1	1	1	1	0	1	0	0	0	1	0	1	1	1	0	0	1	1	1	1	1	0	1	0	0	1	1	1	0	0	0	1	1	1	1	0	1	1	1	1
Mp1g20500	neg	1	1	0	0	1	1	0	0	0	0	0	0	1	1	0	0	0	1	0	1	0	1	1	1	0	1	0	1	1	0	0	1	0	0	1	1	0	0	1	1	0	1	1	0	0	1	0	0	1	1	0	0	1	0	1	0	1	1	1	0	0	1	0	0	0	1	0	1	0	1	0	0	1	0	0	0	1	0
Mp1g22240	neg	0	0	0	0	0	0	0	0	1	1	0	0	1	1	1	1	0	0	0	0	0	1	0	0	0	1	1	0	1	0	0	1	0	0	1	0	0	0	1	1	1	1	1	1	0	1	0	1	1	0	0	0	0	0	1	0	1	1	0	0	0	1	0	0	1	1	0	0	0	1	1	0	1	1	1	1	1	0
Mp1g23440	neg	0	0	1	1	1	1	0	0	1	1	0	0	1	0	0	0	0	1	1	0	0	1	0	0	0	1	0	0	1	0	0	0	0	1	0	0	1	0	1	1	0	0	0	0	0	1	0	0	1	1	0	0	0	0	0	0	1	1	0	0	0	1	0	0	1	1	0	1	0	1	0	1	1	1	0	0	0	0
Mp1g23590	neg	0	0	0	0	1	0	1	0	1	0	0	0	1	0	1	0	0	1	1	0	1	0	0	1	0	0	1	1	0	0	0	0	1	0	1	0	1	0	1	1	1	1	0	1	1	1	0	1	1	0	0	1	1	0	1	0	1	0	1	0	0	0	0	1	0	0	1	1	1	0	0	0	0	0	0	0	1	1
Mp1g24290	neg	0	1	1	1	1	1	0	1	0	1	0	0	0	0	1	1	0	0	1	1	1	1	1	1	0	0	1	0	1	0	0	0	0	0	0	0	1	0	1	1	1	1	0	0	0	0	0	0	0	0	0	0	0	0	0	0	0	0	1	0	1	1	1	0	1	1	1	1	0	1	0	0	0	0	0	1	1	1
Mp1g25160	neg	0	0	0	0	0	1	1	0	0	0	0	0	0	0	1	0	0	0	1	0	0	1	1	0	1	0	0	0	0	0	0	1	0	1	0	1	1	0	0	1	0	1	0	1	0	0	0	0	1	1	0	0	0	1	1	0	1	1	1	0	0	0	1	1	0	1	1	1	1	0	0	0	1	0	0	0	0	1
Mp1g25280	neg	0	0	1	1	1	0	1	0	0	1	0	0	0	0	1	1	0	1	1	0	1	1	0	1	0	0	1	1	0	0	0	0	0	1	0	1	1	0	1	1	1	1	0	1	0	1	0	1	1	0	0	1	0	0	0	0	1	0	1	0	0	1	1	0	0	1	0	0	0	1	0	0	1	1	1	0	0	1
Mp1g25510	neg	0	0	0	1	0	0	0	0	1	1	1	0	0	0	0	0	0	0	0	0	1	1	0	1	0	0	0	0	0	0	0	0	0	1	1	0	1	1	0	1	0	0	0	1	0	0	0	1	0	0	0	0	0	0	0	0	0	0	1	0	1	0	1	0	0	1	0	0	0	0	0	0	1	0	0	1	1	1
Mp1g25670	neg	1	0	1	0	0	0	0	0	0	0	0	0	1	1	0	0	0	0	0	0	0	1	0	1	0	1	0	0	0	0	0	1	0	1	1	0	0	0	1	1	1	1	0	1	1	1	0	1	1	1	0	0	0	0	0	0	0	0	1	1	0	1	0	1	1	1	1	1	1	1	0	0	1	1	0	0	0	1
Mp1g25820	neg	1	0	1	0	0	0	1	0	0	0	0	0	1	1	1	1	0	0	0	1	1	1	0	1	0	0	1	0	1	0	0	0	0	0	1	0	1	1	0	0	1	1	0	0	0	1	0	1	1	0	0	0	0	0	1	0	1	0	1	0	1	1	0	1	1	0	0	1	0	1	1	1	0	0	0	0	1	1
Mp1g26420	neg	1	0	0	0	0	0	0	0	1	0	0	0	1	0	0	1	0	1	0	0	0	0	0	0	0	1	0	1	0	0	0	0	0	0	0	0	1	0	1	1	1	0	0	1	0	0	0	0	0	1	1	0	0	0	0	0	0	0	1	0	1	0	0	0	0	0	0	0	1	0	0	1	0	0	1	0	0	0
Mp1g27200	neg	0	1	1	0	0	1	0	0	1	1	0	0	0	0	1	0	0	1	1	0	0	0	0	0	0	1	0	0	0	0	0	0	0	0	0	0	0	1	1	0	0	0	1	0	1	1	0	0	0	0	0	1	0	0	0	0	1	0	1	0	0	0	0	1	1	0	0	0	0	1	0	0	1	0	0	0	1	1
Mp1g27300	neg	0	1	1	1	1	1	0	1	0	1	0	0	0	0	1	1	0	0	1	0	0	0	0	0	1	0	1	0	1	0	0	0	0	1	0	0	1	1	1	1	0	1	1	1	1	1	0	1	1	0	0	1	0	0	1	0	0	1	1	0	0	0	0	1	1	1	0	1	1	1	1	0	1	1	0	0	1	1
Mp1g29410	neg	0	0	0	0	0	1	0	0	1	0	0	0	1	0	0	0	0	0	1	0	0	0	0	0	0	1	1	0	1	0	0	0	0	1	0	0	1	1	0	0	0	1	0	1	0	0	0	0	0	0	0	1	1	0	0	0	1	1	0	0	1	1	0	0	0	0	0	0	1	0	0	0	0	0	0	0	1	1
Mp1g29710	neg	0	0	1	1	1	0	0	0	0	1	1	0	1	0	1	0	0	1	0	1	0	0	0	0	0	0	0	1	1	0	0	1	0	0	1	0	1	0	1	1	1	0	0	0	1	0	0	0	1	0	1	0	0	0	1	0	0	1	0	0	0	0	1	1	1	0	0	0	1	0	0	0	1	1	1	0	0	1
Mp2g00100	neg	0	0	1	1	1	0	0	0	0	0	0	0	0	0	1	1	0	1	0	1	0	0	0	1	0	1	0	0	1	0	0	0	0	0	1	1	1	1	1	0	0	0	0	0	0	0	0	0	0	0	0	0	0	0	1	0	1	1	1	0	1	0	0	0	0	0	0	0	0	0	1	1	0	0	0	0	1	1
Mp2g01960	neg	0	1	1	1	1	1	0	1	1	1	1	0	0	0	0	1	0	1	1	0	1	1	0	1	0	0	1	0	1	0	0	1	0	0	0	0	1	1	1	1	0	0	1	1	0	1	0	0	1	1	1	0	0	0	1	1	1	1	1	0	1	0	1	1	1	0	1	0	1	0	1	0	0	0	0	0	0	0
Mp2g02580	neg	0	0	1	0	1	0	0	0	0	1	0	0	0	0	1	1	0	1	0	1	0	1	0	1	0	0	1	0	0	0	0	0	0	1	1	0	0	0	0	1	0	0	1	1	1	0	0	0	1	0	0	1	0	0	1	0	0	0	1	0	0	1	0	1	1	0	1	1	1	0	1	0	0	0	1	1	1	1
Mp2g02940	neg	1	0	1	0	1	0	0	0	0	0	0	0	1	1	0	1	0	0	1	1	1	0	0	0	0	0	0	0	1	0	0	0	0	0	1	0	1	1	0	0	1	1	1	1	1	0	0	0	0	1	0	0	0	0	0	0	1	1	1	0	0	0	0	0	1	0	1	0	1	0	1	0	1	0	0	0	0	0
Mp2g03120	neg	0	0	0	0	1	1	0	0	0	0	0	0	0	0	1	1	1	0	0	1	0	0	0	0	0	1	1	0	0	0	0	0	0	1	1	0	0	1	1	1	1	1	1	1	0	0	0	1	0	0	0	1	1	0	0	0	0	0	0	0	0	1	0	0	0	1	1	0	1	0	0	1	1	0	1	1	1	0
Mp2g03830	neg	0	0	1	1	1	0	0	1	1	0	0	0	0	0	0	1	0	1	1	1	0	1	0	0	0	0	1	1	0	0	0	1	0	0	0	1	1	1	0	0	1	0	1	1	0	0	0	0	0	0	0	0	1	0	0	0	0	0	1	0	0	0	0	0	1	0	1	1	0	0	0	1	0	0	0	0	0	1
Mp2g04590	neg	0	0	0	0	0	1	1	0	1	1	1	0	1	0	1	1	0	1	1	1	0	0	0	0	0	0	1	0	1	0	0	0	1	0	0	0	0	1	1	0	1	1	1	1	0	1	0	1	0	0	0	0	0	0	0	0	1	0	0	0	0	0	0	1	0	1	0	0	0	0	0	0	1	1	0	0	0	0
Mp2g04640	neg	0	0	0	1	0	0	0	0	0	0	0	0	0	0	1	0	0	0	0	0	0	1	0	1	1	0	0	0	0	0	0	0	0	0	0	0	0	1	0	1	1	1	1	0	0	1	0	1	0	0	0	0	0	0	1	0	1	0	1	0	0	0	1	0	0	0	0	0	0	1	1	0	1	1	0	1	1	0
Mp2g04730	neg	0	0	0	1	0	1	1	0	0	0	0	0	0	0	1	0	0	1	1	1	1	1	0	1	0	0	1	1	1	0	0	1	1	0	0	0	1	1	0	1	0	1	1	0	1	1	0	0	0	0	0	1	0	0	0	0	0	1	1	0	0	1	1	0	1	0	0	1	0	1	0	0	0	0	0	0	1	0
Mp2g05560	neg	0	0	1	1	0	0	0	0	1	1	0	0	0	0	0	1	0	1	0	1	1	1	0	0	0	0	1	0	0	1	0	0	0	1	0	0	0	1	0	0	0	0	0	1	0	1	0	0	0	0	1	1	0	0	1	0	0	0	0	0	0	0	0	0	0	1	0	0	0	1	0	1	1	1	0	0	0	0
Mp2g05920	neg	1	0	0	0	1	0	1	0	0	0	0	0	1	0	1	1	0	0	0	1	1	1	0	0	0	0	1	0	1	0	0	0	0	0	1	0	1	1	1	1	1	1	1	1	0	0	0	1	1	1	0	1	0	0	0	0	1	0	1	0	0	0	1	0	0	0	0	1	0	1	1	0	0	1	0	0	0	0
Mp2g06870	neg	0	0	0	0	1	1	1	0	1	0	0	0	1	1	1	0	0	0	1	1	0	1	0	0	0	0	0	0	1	0	0	1	0	1	1	0	0	0	1	1	1	0	0	1	1	0	0	1	0	1	0	1	1	0	1	0	1	1	0	0	1	0	0	0	1	1	0	0	0	1	0	1	0	0	0	0	1	1
Mp2g08530	neg	0	0	0	1	1	0	1	0	0	1	0	0	1	0	0	0	1	1	0	0	0	0	0	1	0	1	1	0	1	0	0	1	0	0	1	0	1	1	0	0	1	1	1	1	0	1	0	1	1	0	1	0	0	0	1	0	0	1	1	0	0	0	0	0	0	0	1	1	0	0	1	1	0	1	1	0	1	0
Mp2g08580	neg	1	0	0	0	1	1	0	0	1	0	0	1	1	0	0	1	0	1	1	1	0	1	1	1	0	0	1	0	0	0	0	1	0	0	0	1	0	1	1	1	0	1	0	1	1	1	0	0	1	1	1	0	0	0	1	0	0	1	0	1	1	1	1	1	1	1	0	1	1	1	1	0	1	0	0	1	0	0
Mp2g08610	neg	1	0	1	1	1	1	0	0	1	0	0	0	1	1	0	1	1	0	0	0	0	1	0	0	0	0	1	1	1	0	0	0	0	1	0	0	1	0	1	1	1	1	0	1	0	1	0	0	1	1	0	0	1	0	1	1	1	1	0	0	0	1	1	0	0	1	0	0	0	0	0	0	1	1	1	1	1	1
Mp2g08940	neg	1	0	0	0	1	0	0	0	1	0	0	0	0	1	1	0	0	1	0	1	0	0	0	1	0	0	1	1	0	1	0	1	0	1	0	1	1	1	0	1	1	1	1	0	1	0	0	0	1	0	1	1	0	0	1	0	0	1	0	0	1	1	0	1	0	0	0	1	1	0	1	1	0	1	1	0	1	1
Mp2g09190	neg	1	0	0	0	0	1	1	0	1	0	0	0	1	0	1	1	0	0	0	0	1	0	0	1	0	0	0	0	0	0	0	0	0	0	0	0	0	1	0	1	0	1	0	0	0	0	0	0	0	0	1	0	0	0	0	0	0	0	0	0	1	0	1	0	1	0	1	0	1	0	1	0	0	0	1	1	1	0
Mp2g09600	neg	0	0	0	0	1	1	1	0	0	0	0	0	0	1	0	0	0	0	1	0	1	0	0	1	0	0	0	1	0	0	0	0	1	1	1	0	1	0	0	1	0	0	0	0	1	0	0	1	0	0	0	1	0	0	0	0	1	1	1	0	0	1	1	0	0	0	1	0	0	0	1	0	0	1	0	0	1	1
Mp2g11190	neg	1	1	0	1	1	0	0	0	0	0	0	0	1	1	1	0	0	0	0	1	0	1	0	0	0	0	0	1	0	0	0	0	0	1	1	0	1	0	1	1	0	0	1	0	1	0	0	0	0	0	0	0	0	0	0	0	0	0	1	0	0	0	1	0	1	0	0	0	0	1	0	0	0	0	1	1	1	0
Mp2g11520	neg	0	0	0	1	1	1	1	0	1	1	0	0	1	1	1	0	0	0	0	0	1	0	0	1	0	0	1	0	0	0	0	0	0	0	1	0	1	0	1	1	1	1	0	1	1	1	0	0	0	0	0	1	0	0	0	0	0	0	0	1	0	1	1	1	0	0	0	0	0	0	0	1	1	1	1	0	1	1
Mp2g11900	neg	1	0	1	0	0	0	0	0	1	0	0	0	1	1	0	0	0	0	1	0	0	0	0	0	0	0	0	1	0	0	0	0	0	0	0	1	1	0	1	0	1	1	0	1	0	0	0	1	0	0	1	0	0	0	1	0	0	0	1	0	1	1	0	0	0	1	0	1	0	0	0	0	1	0	0	0	1	0
Mp2g12330	neg	1	0	1	1	0	1	0	0	1	0	0	0	1	1	1	1	0	0	1	0	0	1	1	0	0	1	1	1	1	0	0	0	1	1	1	0	0	1	0	1	1	0	0	1	0	0	0	1	0	0	0	1	0	0	1	0	0	1	1	0	1	1	1	1	1	1	0	1	0	0	1	1	0	0	1	1	1	0
Mp2g12380	neg	0	0	0	1	1	0	0	0	0	1	0	0	0	0	0	1	0	0	0	0	0	1	0	0	0	0	1	0	0	0	0	1	0	0	1	0	0	0	1	0	1	1	0	1	1	0	0	0	1	0	1	0	0	0	0	0	1	0	0	0	1	1	1	0	0	0	0	0	0	0	0	1	0	0	0	0	1	1
Mp2g13150	neg	1	0	1	1	1	1	0	0	0	0	0	0	0	1	0	0	0	1	0	0	0	0	0	1	0	0	0	0	0	0	0	0	0	0	0	0	0	0	0	0	0	0	0	0	1	0	0	0	0	1	1	0	0	0	0	0	0	0	1	0	1	0	1	0	0	0	0	0	1	0	0	0	0	0	0	0	1	0
Mp2g14530	neg	0	0	1	0	1	0	0	0	1	1	0	1	1	0	1	0	1	1	0	1	0	0	0	0	0	0	1	1	0	0	0	0	0	1	1	1	0	0	1	0	0	0	0	1	0	1	0	0	1	0	1	0	0	0	1	0	0	0	0	0	0	1	0	1	0	0	0	1	0	0	1	1	0	1	0	0	0	1
Mp2g16460	neg	0	0	0	1	1	0	0	0	1	0	0	0	0	0	1	1	1	1	0	0	1	0	0	0	0	1	0	1	1	0	1	0	0	1	1	0	1	0	1	0	0	0	0	1	1	0	0	1	1	1	0	1	1	0	1	0	0	1	1	1	0	0	0	0	0	0	0	1	1	1	1	0	0	0	1	0	1	1
Mp2g16770	neg	0	0	0	0	0	1	0	0	0	0	0	1	0	0	0	0	0	1	1	0	0	0	0	1	0	0	0	0	0	0	0	1	0	0	1	0	0	0	1	1	1	0	0	1	0	0	0	0	0	0	1	0	0	0	0	0	1	0	1	0	1	1	1	0	1	1	0	0	1	1	1	0	0	0	1	1	0	1
Mp2g16960	neg	0	1	0	1	1	1	0	0	0	0	0	0	0	0	1	0	0	0	0	1	0	0	0	1	0	0	1	1	1	0	0	0	0	0	1	1	1	0	1	1	0	0	1	1	1	1	0	0	1	1	0	1	0	0	0	0	0	1	0	0	0	0	1	0	0	0	0	1	0	1	0	0	0	1	0	1	1	0
Mp2g18500	neg	1	0	0	1	1	1	1	1	1	0	0	0	1	1	0	0	0	0	0	1	0	1	0	1	0	0	1	0	0	0	0	0	0	0	1	1	0	0	0	1	1	1	0	0	1	1	0	1	1	0	0	0	0	0	0	0	0	1	0	0	0	1	1	1	0	0	0	0	0	1	1	0	0	0	0	0	1	0
Mp2g18900	neg	0	1	1	1	0	0	1	0	0	0	0	0	0	1	1	0	0	1	1	0	0	1	1	1	1	0	1	1	0	0	0	0	0	1	1	1	1	1	1	1	1	1	0	1	0	0	0	0	1	1	0	0	0	0	0	0	1	1	0	0	0	1	0	0	0	1	1	1	1	1	0	0	1	0	1	0	1	1
Mp2g20100	neg	0	0	0	1	1	0	0	1	0	0	0	0	1	1	0	0	1	0	1	0	0	1	0	1	0	0	0	1	0	0	0	0	0	0	0	0	1	0	0	0	0	1	1	1	0	1	0	0	1	0	0	0	0	0	1	0	1	1	1	0	0	1	0	1	1	0	1	1	0	0	1	0	0	0	0	0	0	1
Mp2g20170	neg	0	1	0	1	1	0	0	0	1	0	0	0	0	0	0	0	0	1	0	1	1	0	0	0	0	0	0	0	0	0	0	0	0	0	0	1	0	0	0	1	1	0	0	1	0	0	0	0	1	0	0	0	0	0	1	0	0	1	0	0	0	0	0	0	0	0	1	0	1	0	0	1	1	0	0	0	0	1
Mp2g22020	neg	1	0	1	1	1	0	0	0	0	0	0	0	1	0	1	1	0	1	0	1	0	1	0	1	0	0	1	1	0	0	0	0	0	0	0	0	0	0	1	1	0	0	0	1	0	1	0	1	1	0	0	1	0	0	0	0	0	1	1	0	1	0	0	0	1	0	0	0	1	0	0	0	0	1	0	1	0	1
Mp2g22110	neg	1	0	1	1	0	0	0	0	1	0	0	0	0	1	1	1	0	1	0	0	0	0	0	1	0	0	1	1	0	0	0	1	0	1	1	1	1	1	1	0	1	0	0	0	1	1	0	1	0	0	1	1	0	0	1	0	0	0	1	0	1	1	0	0	1	1	0	0	1	1	0	1	0	1	0	1	0	1
Mp2g22270	neg	1	0	1	1	1	1	0	0	0	0	0	0	1	0	0	1	0	0	0	1	0	0	0	0	0	1	0	1	0	0	0	0	0	0	1	1	0	0	1	0	0	1	1	0	1	1	0	0	1	0	0	0	0	0	0	0	0	0	0	0	1	0	0	0	1	1	1	0	1	0	0	0	0	1	0	0	0	1
Mp2g22330	neg	1	0	0	0	1	0	0	0	1	1	0	0	0	1	1	1	0	1	1	1	1	0	0	0	0	0	0	0	1	0	0	0	0	1	0	1	0	0	1	1	1	0	1	1	0	1	0	1	0	1	1	0	0	0	1	0	1	1	1	0	0	0	0	0	0	0	0	0	0	1	0	0	1	0	0	0	0	1
Mp2g22970	neg	0	0	1	1	0	0	0	0	0	0	0	0	0	0	0	0	0	0	1	1	0	0	0	1	0	0	1	0	1	0	0	1	0	1	0	0	0	0	0	0	1	0	1	0	0	0	0	1	0	0	0	0	0	0	0	0	0	0	1	0	0	0	1	0	0	1	0	0	0	0	0	0	0	0	0	0	0	1
Mp2g23410	neg	0	0	0	1	1	1	0	0	1	0	0	0	1	0	1	1	0	1	1	1	0	1	1	0	0	1	1	1	1	0	0	0	0	1	1	0	1	1	1	1	0	0	0	1	1	1	0	0	1	0	0	1	0	0	1	0	1	0	1	0	1	0	0	1	1	1	0	1	1	1	1	1	0	0	0	0	1	0
Mp2g26320	neg	0	0	0	0	1	0	1	0	1	0	0	0	0	1	0	1	0	0	1	0	1	0	0	0	0	1	1	0	1	0	0	0	0	1	1	0	1	0	1	0	1	0	1	1	1	0	0	0	0	1	0	1	0	0	1	0	0	1	1	0	1	0	1	0	0	1	0	0	0	0	0	0	0	1	0	1	1	1
Mp3g00150	neg	1	0	0	1	0	0	1	0	1	1	0	0	1	0	1	1	0	0	0	0	1	1	0	1	0	0	0	0	1	0	0	0	0	0	0	0	0	0	1	0	1	0	0	0	0	1	0	1	1	0	0	1	0	0	0	0	0	0	0	0	0	1	1	1	1	0	0	0	1	0	1	1	0	0	1	1	0	0
Mp3g00280	neg	1	0	0	0	1	0	0	0	0	0	0	0	0	1	0	1	0	0	0	0	0	0	0	0	0	0	0	0	0	0	0	0	0	0	0	0	1	0	0	1	0	0	0	0	1	0	0	0	0	0	0	0	0	0	0	0	1	0	1	1	0	0	0	0	0	0	0	0	1	0	0	0	0	0	0	1	0	0
Mp3g00830	neg	0	1	0	1	0	0	1	0	1	1	0	0	0	0	1	1	0	0	0	0	0	0	0	1	0	0	1	1	0	0	0	1	0	1	0	0	0	1	1	1	0	1	0	0	0	1	0	0	0	0	0	0	0	0	0	0	1	0	1	0	0	1	0	0	0	1	1	1	0	1	0	1	0	1	0	0	0	1
Mp3g01260	neg	0	0	1	1	1	1	0	0	0	0	0	0	0	0	0	0	1	1	0	0	0	0	0	1	0	0	0	0	0	0	0	1	0	1	1	0	1	0	0	0	0	1	0	1	0	0	0	1	0	0	0	0	0	0	0	0	0	0	1	0	0	0	1	0	0	0	1	0	0	0	0	0	0	0	1	1	0	1
Mp3g02920	neg	0	0	0	1	0	1	0	0	0	1	0	0	0	0	0	1	0	0	0	0	0	0	0	1	0	0	0	0	0	1	0	1	0	0	1	0	1	0	1	0	0	0	0	0	0	1	1	1	0	1	0	0	0	0	0	0	1	0	1	0	0	0	1	1	0	0	0	1	0	0	0	0	1	0	0	0	1	0
Mp3g03650	neg	1	1	1	1	1	0	0	0	0	0	0	0	0	0	0	0	0	1	1	1	0	0	0	0	1	0	1	1	1	0	0	0	0	0	1	0	1	0	1	1	0	1	1	0	0	1	0	1	1	0	0	0	0	0	0	0	1	1	1	0	0	0	0	1	1	1	0	0	0	1	1	0	1	0	1	1	1	0
Mp3g04060	neg	0	1	1	1	0	1	0	0	1	0	0	0	0	0	1	0	0	1	0	0	1	0	0	1	0	0	0	1	0	0	0	0	0	1	1	0	0	0	1	0	1	1	0	1	0	0	0	0	0	0	1	1	0	0	0	0	1	0	1	0	1	1	0	1	0	1	1	0	0	1	1	0	1	0	0	1	0	1
Mp3g04790	neg	1	0	0	1	1	1	0	0	0	0	0	0	1	0	0	0	1	1	0	0	1	0	0	1	1	0	0	1	0	0	0	1	0	1	1	1	0	0	0	1	1	1	0	0	1	1	0	1	1	0	0	0	0	0	0	0	0	1	1	0	0	1	1	1	0	1	0	1	0	1	1	0	0	1	0	1	0	1
Mp3g05210	neg	1	1	1	0	0	0	0	0	0	0	0	0	0	1	0	0	0	0	0	1	0	1	0	0	0	1	1	1	1	0	0	1	0	0	0	0	1	1	0	1	1	0	1	1	1	0	0	0	0	1	0	1	0	0	0	0	1	1	0	0	1	1	0	0	0	1	0	1	1	1	0	1	0	1	0	1	1	0
Mp3g05330	neg	1	0	0	0	0	1	0	0	1	1	0	0	0	0	1	0	0	1	0	0	0	1	1	0	0	1	0	1	0	0	0	0	0	1	0	0	1	0	0	1	1	0	0	1	0	1	0	1	0	0	0	0	1	1	1	0	1	0	0	0	0	1	1	1	1	0	0	0	0	1	0	0	1	0	0	0	0	1
Mp3g05770	neg	1	0	1	0	0	0	0	0	1	0	0	0	1	0	0	0	0	1	0	0	1	1	1	1	0	0	1	0	0	1	0	0	0	1	0	1	1	1	1	1	1	1	0	1	0	1	0	1	1	1	1	0	0	0	0	0	0	0	1	0	1	0	1	0	1	0	1	0	0	0	0	0	0	1	0	0	0	1
Mp3g06540	neg	0	0	0	1	1	0	1	0	0	0	0	0	0	0	1	0	0	1	0	0	1	1	0	0	0	1	0	0	0	0	0	1	1	1	0	0	0	1	0	1	0	0	0	0	1	0	0	1	0	0	1	1	0	0	1	0	1	0	0	0	1	0	1	0	1	1	0	0	0	0	0	0	1	0	0	1	0	0
Mp3g06600	neg	0	0	1	1	1	0	0	0	1	0	0	0	1	1	0	1	0	0	0	0	1	1	1	1	0	0	1	1	0	0	0	0	1	0	1	0	0	1	1	1	1	1	1	1	0	1	0	1	0	1	0	0	0	0	1	1	1	0	0	0	0	1	0	0	1	1	0	1	0	1	0	1	0	0	0	1	1	0
Mp3g07580	neg	0	1	0	0	0	1	0	1	1	0	0	0	0	0	1	1	0	1	0	0	1	0	0	0	0	0	0	1	0	0	0	0	0	1	0	0	0	0	1	0	0	0	1	0	0	1	0	1	1	1	0	1	0	0	0	0	0	1	1	0	0	1	1	0	0	0	0	1	1	1	0	0	0	1	0	0	0	1
Mp3g07800	neg	0	0	0	0	1	1	0	0	0	0	0	0	0	0	0	0	0	0	0	0	0	1	0	1	0	0	1	0	0	0	0	0	0	0	0	0	1	0	1	1	0	0	0	0	0	1	0	1	0	1	0	0	0	0	0	0	0	0	1	0	0	0	1	0	0	0	0	0	0	1	1	0	1	1	0	1	1	0
Mp3g07890	neg	1	1	1	1	1	1	0	0	0	0	0	0	0	1	1	0	0	0	1	0	0	1	0	0	0	0	0	1	0	0	0	0	0	0	1	0	1	0	0	1	0	1	0	1	0	0	0	1	1	0	0	0	0	0	1	0	0	0	0	0	0	1	0	0	1	1	1	0	1	0	1	1	0	0	0	0	1	1
Mp3g08470	neg	0	0	1	0	0	0	0	0	1	1	0	0	0	0	1	0	0	1	0	0	0	1	0	1	1	0	0	0	1	0	0	0	0	0	0	0	0	0	0	1	1	0	0	0	0	1	0	1	0	0	1	1	0	0	1	0	1	1	1	0	0	0	0	1	0	0	0	1	0	0	0	1	0	0	0	0	1	1
Mp3g08820	neg	0	1	1	1	0	0	1	0	0	1	0	0	0	1	1	1	0	0	0	1	1	1	0	1	0	0	1	0	0	0	0	1	0	0	1	0	1	0	1	1	1	1	1	1	0	0	0	1	1	1	1	1	0	0	0	1	0	1	0	0	0	1	0	0	1	0	0	0	0	1	0	0	1	1	0	0	1	0
Mp3g08960	neg	0	0	1	0	1	1	0	0	1	0	0	0	0	0	0	0	0	0	1	0	0	0	0	1	0	0	1	1	1	0	0	0	0	0	0	0	1	0	0	1	1	0	1	0	1	1	0	1	0	0	0	0	0	0	0	0	0	1	1	0	0	1	1	0	1	1	0	0	1	1	1	1	1	0	0	0	1	1
Mp3g09100	neg	0	0	1	1	1	0	0	0	1	0	0	0	0	0	1	1	0	1	1	0	0	1	0	1	0	0	1	0	1	0	0	1	0	0	0	0	0	0	1	0	0	0	0	1	0	0	0	0	0	0	1	1	0	0	0	0	0	0	1	0	0	0	0	1	0	0	0	0	1	0	0	0	1	0	0	0	1	1
Mp3g09940	neg	0	0	0	1	1	0	1	0	1	0	0	0	1	0	0	1	0	1	1	1	0	1	0	1	0	0	1	1	1	0	0	1	0	1	0	1	0	1	1	1	1	1	1	0	0	0	0	0	1	0	0	0	0	0	1	0	1	1	1	0	0	1	1	1	1	1	0	0	0	1	0	0	0	0	1	0	1	1
Mp3g10390	neg	1	1	1	1	0	0	0	0	1	1	1	0	0	1	1	1	0	0	0	1	1	0	0	1	0	0	0	1	0	0	0	0	0	1	0	1	0	1	1	0	1	0	1	0	0	0	0	1	0	0	0	1	0	0	0	0	1	0	1	0	0	1	1	0	0	0	0	0	1	0	0	0	0	0	0	1	0	1
Mp3g11310	neg	0	0	0	1	1	0	0	0	1	0	0	0	1	0	0	0	1	1	0	0	0	1	0	1	0	0	1	1	0	0	0	0	0	0	1	0	1	0	0	0	1	1	0	0	1	1	0	1	1	0	0	0	1	0	1	0	1	1	1	0	0	1	1	1	1	0	0	0	0	1	0	1	1	1	0	0	1	1
Mp3g12100	neg	0	0	0	1	1	0	0	0	0	0	0	0	0	0	0	0	0	0	1	1	0	1	1	0	1	0	1	0	0	0	0	0	0	0	0	1	1	1	1	1	1	1	0	1	0	0	0	0	1	0	0	1	0	0	0	0	1	0	1	0	1	1	1	0	0	1	0	0	0	1	0	1	1	1	1	1	0	0
Mp3g13290	neg	0	0	1	1	1	1	0	1	1	0	0	0	0	0	1	1	0	1	0	1	0	0	0	1	1	0	1	1	0	0	1	0	1	1	1	0	1	1	1	1	1	1	1	0	0	0	0	0	0	0	0	1	0	0	1	0	0	0	1	0	1	0	0	0	0	0	0	0	0	0	0	0	0	0	1	0	1	1
Mp3g14670	neg	0	1	1	1	0	1	0	0	1	0	0	0	0	0	0	0	0	0	0	0	0	1	0	0	1	0	0	1	0	0	1	0	0	1	0	1	0	0	1	1	1	0	0	0	1	0	0	0	0	0	0	0	0	0	1	0	1	0	1	0	0	0	0	0	1	0	1	0	0	0	1	0	0	0	0	0	0	1
Mp3g15170	neg	1	0	1	1	1	0	1	0	0	0	0	0	1	1	1	1	0	0	1	0	0	0	0	0	0	1	1	0	0	0	0	0	0	0	0	0	0	1	1	0	0	0	1	1	0	0	0	0	1	0	1	1	1	0	1	0	1	1	0	0	0	0	1	0	1	1	1	1	1	0	0	0	1	0	1	0	1	0
Mp3g17640	neg	0	0	1	1	1	0	1	0	1	1	0	0	1	0	0	1	0	1	1	0	1	1	1	1	0	0	0	0	1	0	0	1	0	0	1	0	0	0	1	0	1	0	0	0	0	1	0	1	0	0	0	0	0	0	1	0	1	1	1	0	1	1	0	1	0	1	0	0	0	0	1	0	1	0	1	1	0	0
Mp3g18700	neg	1	0	1	0	0	0	0	0	0	0	0	0	0	0	0	1	0	0	0	1	0	1	0	1	0	1	1	1	0	0	0	0	0	1	0	0	0	0	1	1	0	1	1	1	0	0	0	0	0	0	0	0	0	0	1	0	1	0	1	0	1	0	1	1	0	1	0	0	0	1	1	0	0	1	0	1	1	1
Mp3g19660	neg	0	0	0	1	1	1	0	0	0	1	1	0	1	1	1	0	0	1	0	0	0	1	0	0	0	0	1	1	0	0	0	0	0	1	1	0	0	0	1	1	0	1	1	1	1	0	0	0	0	0	0	0	0	0	0	0	1	0	0	0	0	0	0	0	1	1	1	0	0	0	0	1	0	0	1	0	1	1
Mp3g21250	neg	0	0	0	1	0	0	0	0	1	1	0	0	1	0	1	0	0	1	0	0	0	1	0	1	0	1	1	0	1	0	0	1	0	1	1	0	1	1	1	1	1	1	1	1	1	1	0	0	1	1	1	0	1	0	1	0	1	1	1	0	0	1	1	1	1	1	0	0	0	1	0	1	1	1	1	0	1	1
Mp3g22030	neg	0	1	0	0	1	0	0	0	1	0	0	0	1	0	0	0	0	1	0	1	0	0	0	0	0	0	1	0	1	0	0	1	1	1	0	0	1	1	1	1	1	0	0	0	0	1	0	0	0	0	0	0	0	0	0	0	0	1	0	0	0	0	0	0	1	0	0	0	0	1	0	0	0	1	0	0	0	0
Mp3g22500	neg	0	0	0	0	1	1	1	0	1	0	0	0	0	1	0	0	0	0	0	0	0	0	0	0	0	0	0	0	0	0	0	0	0	0	1	0	1	0	0	0	1	0	0	0	0	0	0	1	0	0	0	0	0	0	0	0	1	0	0	0	0	0	0	0	0	0	0	0	1	1	0	1	0	0	1	0	0	0
Mp3g22790	neg	1	0	0	0	1	0	0	0	0	0	0	1	0	0	0	1	0	0	1	1	0	0	0	0	0	1	0	0	1	0	0	1	1	0	0	0	1	1	1	0	1	1	1	0	1	0	1	1	1	1	0	0	0	0	0	0	0	1	0	0	0	1	0	0	0	0	0	0	1	0	0	1	1	0	1	1	0	1
Mp3g23780	neg	0	0	0	1	0	0	0	0	0	0	0	0	0	0	0	0	0	1	0	0	0	0	0	1	1	0	0	1	0	0	0	0	0	1	1	0	0	0	0	1	0	0	0	1	0	0	0	0	0	0	1	0	0	0	0	0	1	0	0	0	1	0	0	1	1	0	0	1	1	0	0	0	0	0	0	0	1	0
Mp3g23870	neg	1	0	0	1	0	1	0	0	1	0	0	0	1	0	0	0	0	1	1	0	0	1	0	1	1	0	1	0	0	0	0	1	0	1	0	0	0	0	1	0	1	1	1	1	0	1	1	0	1	1	1	0	0	0	1	1	1	1	1	0	1	0	0	1	1	0	1	1	1	1	0	0	0	0	0	1	1	1
Mp3g24350	neg	0	1	0	0	1	1	0	0	1	0	0	0	1	1	1	0	0	0	1	0	1	1	1	1	0	0	0	1	1	0	0	0	0	1	0	0	0	0	1	1	1	0	0	1	0	0	0	1	0	1	0	1	0	0	0	1	0	0	0	0	0	0	0	0	1	1	0	1	1	1	1	0	0	1	0	0	0	0
Mp4g00080	neg	1	0	0	1	1	1	0	0	0	0	0	0	0	1	0	0	0	1	0	0	0	0	0	0	0	0	0	1	1	0	0	0	0	0	0	1	1	0	0	0	0	0	0	0	0	0	0	0	0	0	0	0	0	0	1	0	1	0	0	0	0	0	0	0	1	0	0	0	0	0	0	1	1	0	0	0	1	0
Mp4g00210	neg	0	1	1	1	1	1	1	0	0	0	0	0	1	0	1	1	0	1	0	0	1	1	0	1	0	1	0	0	1	0	0	1	0	1	0	1	0	1	0	1	0	0	1	1	0	0	1	0	0	0	1	0	0	0	0	0	0	0	0	0	0	1	1	0	1	0	0	0	1	0	1	1	0	0	1	1	1	0
Mp4g00760	neg	1	0	1	1	1	0	0	0	1	0	0	1	1	0	1	1	0	1	0	0	0	0	0	1	0	1	1	0	0	0	0	1	0	1	0	0	0	0	1	1	1	0	0	0	0	1	0	0	1	1	0	1	1	0	0	1	1	0	0	0	1	0	1	1	0	0	0	0	0	1	1	0	1	1	0	1	1	1
Mp4g01240	neg	0	1	1	0	0	0	1	0	0	0	0	0	0	0	0	1	0	0	1	1	1	1	0	0	0	0	0	1	0	0	0	0	0	1	0	0	0	0	1	1	0	1	1	0	1	1	0	1	0	0	0	1	0	0	1	0	0	1	0	0	0	1	0	0	1	1	0	0	0	1	0	1	0	1	0	0	1	0
Mp4g01360	neg	0	0	0	0	1	0	0	0	0	0	0	1	0	0	0	0	0	1	1	0	0	1	0	0	1	1	1	0	1	0	0	1	1	1	1	1	1	1	1	1	1	1	1	0	1	0	0	0	0	1	0	1	0	0	0	1	0	1	0	0	0	1	1	1	0	0	0	0	1	1	0	0	0	0	0	0	1	1
Mp4g01610	neg	0	0	1	0	0	1	1	0	0	1	1	0	0	1	0	1	0	0	0	1	1	1	0	1	0	0	0	1	1	0	0	1	0	0	1	0	0	1	1	1	1	0	1	0	0	1	0	0	0	1	0	1	0	0	0	1	1	0	1	0	1	0	1	1	0	0	0	0	0	1	0	0	0	0	0	1	1	1
Mp4g01680	neg	0	0	1	1	1	1	0	0	1	0	0	0	0	0	0	1	0	1	1	1	0	1	1	1	0	1	0	0	0	0	1	1	0	0	0	0	1	0	0	1	0	0	0	0	0	0	0	0	0	0	1	0	0	0	0	0	1	1	1	0	1	1	0	1	0	1	0	0	0	0	0	0	0	0	0	1	0	1
Mp4g01740	neg	1	1	1	0	1	1	0	0	1	1	0	0	0	0	1	0	0	0	1	0	0	0	0	1	1	0	0	1	0	0	0	0	0	1	0	0	1	1	0	1	1	0	0	1	0	0	0	1	0	1	1	1	0	0	1	1	1	0	0	0	1	1	1	1	0	1	0	0	0	1	1	0	0	1	0	0	1	1
Mp4g02150	neg	0	0	0	1	0	1	0	1	0	0	0	0	0	1	1	0	1	0	0	1	0	0	0	0	0	0	1	0	1	0	0	0	0	1	0	0	1	1	1	0	0	1	1	1	1	0	0	1	0	0	0	1	0	0	0	0	0	0	0	0	1	1	1	0	0	0	0	0	0	1	0	0	0	0	0	0	0	0
Mp4g02300	neg	1	1	0	0	1	0	0	0	0	1	0	0	1	1	0	0	0	0	0	0	0	0	0	1	1	1	0	0	1	0	0	1	0	1	0	0	1	0	0	1	1	0	0	0	1	0	0	1	0	1	0	1	0	1	0	0	1	0	0	0	0	0	1	1	1	1	0	0	0	1	1	0	1	1	0	0	0	1
Mp4g02610	neg	0	1	1	1	1	1	0	0	0	0	0	0	0	0	1	1	1	0	1	1	1	0	0	1	0	0	0	0	0	0	0	1	1	0	0	0	1	1	1	0	1	1	1	1	1	1	0	1	0	0	0	0	0	0	1	0	1	0	1	0	0	0	0	1	0	1	0	0	1	0	0	1	0	1	0	0	0	1
Mp4g03870	neg	1	1	1	1	0	0	0	0	1	1	0	0	1	1	1	1	0	1	0	1	0	1	0	1	0	0	0	0	0	0	0	0	0	1	1	0	1	0	1	1	1	0	1	1	0	1	0	0	1	1	0	0	0	0	0	0	1	1	0	0	0	1	1	1	1	0	1	1	0	1	1	0	1	1	0	0	1	1
Mp4g05850	neg	0	0	1	1	0	1	0	0	0	0	0	0	1	0	0	1	0	1	0	0	0	1	0	1	0	1	1	1	0	0	0	1	0	0	0	1	0	0	1	1	1	1	0	0	0	1	0	0	1	0	0	0	0	0	0	0	0	0	1	0	0	1	0	0	0	0	0	1	0	1	0	0	1	1	0	0	0	1
Mp4g06940	neg	0	0	0	0	1	1	0	1	0	1	0	0	0	0	1	0	0	0	0	0	0	0	0	0	0	0	1	0	0	0	0	1	0	1	0	0	0	0	1	0	0	0	0	0	0	0	0	1	0	0	0	0	1	0	0	0	0	0	0	0	0	0	0	0	1	0	0	0	1	0	0	0	1	1	1	1	1	1
Mp4g07620	neg	1	0	0	0	0	0	0	0	1	1	0	0	1	1	1	1	0	0	1	0	0	1	1	0	1	0	0	0	0	0	0	0	1	0	0	1	1	0	1	1	1	1	0	0	0	1	0	1	0	1	1	1	0	0	0	0	0	1	0	0	1	1	1	0	1	0	0	1	0	1	1	0	0	0	0	1	1	0
Mp4g08250	neg	1	0	0	1	1	0	0	0	0	0	0	0	1	1	1	0	0	1	1	0	0	1	0	0	1	0	1	0	1	0	0	0	0	1	0	1	0	0	1	1	0	0	0	0	0	0	0	0	0	1	0	0	1	0	1	1	1	1	1	0	1	0	0	1	1	0	0	0	0	0	0	0	0	0	0	0	1	1
Mp4g09150	neg	1	0	1	1	0	0	0	0	0	0	0	0	0	1	1	1	1	0	1	0	0	1	0	1	0	0	0	1	0	0	0	1	0	1	1	0	0	0	1	1	1	0	0	1	0	1	0	0	0	1	0	0	0	0	0	0	1	1	1	0	0	0	1	0	0	1	1	0	0	1	0	1	0	0	0	0	1	1
Mp4g09350	neg	1	1	1	0	0	1	1	0	1	0	0	0	1	0	0	0	0	0	0	1	0	0	0	0	0	0	1	1	1	0	0	0	0	0	1	0	0	0	0	0	1	0	0	0	1	1	0	1	1	0	0	1	0	0	0	0	0	0	1	0	0	0	0	0	1	1	0	1	1	0	1	1	1	0	0	0	1	1
Mp4g09430	neg	0	0	1	0	0	0	1	0	0	1	0	0	0	1	1	1	0	0	1	0	1	1	0	1	1	0	1	0	1	0	0	0	1	1	1	0	1	1	1	1	1	1	0	1	1	1	1	0	1	1	0	1	0	0	1	1	0	1	1	0	0	1	0	1	1	1	0	1	0	1	1	1	1	0	0	1	1	1
Mp4g09540	neg	1	1	0	0	1	1	1	0	1	0	0	0	0	1	0	1	1	0	1	0	0	0	0	1	0	0	0	0	0	0	0	0	0	1	1	1	1	0	0	0	1	1	0	0	1	0	0	0	0	0	0	0	0	0	0	0	1	1	1	0	0	1	0	0	0	0	0	0	0	0	0	0	0	0	1	0	1	1
Mp4g10380	neg	0	0	0	0	1	1	0	0	1	1	0	0	0	1	0	1	0	1	0	1	0	1	1	0	0	0	1	1	0	0	0	1	0	1	0	1	0	1	1	1	0	1	1	1	0	0	0	0	1	0	0	0	0	0	0	0	1	1	0	0	0	0	0	1	1	1	0	0	1	0	0	0	0	1	1	1	0	1
Mp4g11440	neg	1	0	0	1	1	0	1	0	0	0	0	1	0	0	1	0	0	0	0	1	1	1	0	0	0	0	0	0	0	1	0	0	0	0	1	1	0	0	1	0	0	1	1	1	0	0	0	0	0	0	0	0	0	0	0	0	0	0	0	0	1	0	0	0	0	0	1	1	1	1	0	1	0	0	0	0	1	1
Mp4g11530	neg	1	0	0	1	1	0	0	0	1	0	0	0	1	1	1	1	0	1	0	0	0	1	1	0	0	0	0	0	0	0	0	0	0	0	1	0	1	1	1	1	1	1	0	1	0	0	0	0	0	1	0	0	0	0	1	1	1	0	1	0	1	1	1	0	0	0	0	0	0	1	0	1	0	0	0	0	1	0
Mp4g12360	neg	0	0	0	0	1	0	0	0	0	0	0	0	1	0	1	0	0	0	0	0	0	0	0	1	0	0	1	0	0	0	0	0	0	0	1	0	0	0	1	1	0	0	0	1	0	1	0	0	0	1	0	1	0	0	0	0	0	1	0	0	1	0	0	0	0	0	0	1	0	0	1	1	1	0	1	0	1	0
Mp4g12520	neg	1	0	0	1	1	1	0	0	1	0	0	0	0	0	0	0	0	1	1	0	1	1	1	1	0	0	0	1	0	0	0	1	1	1	0	0	0	1	1	1	1	0	1	1	0	1	1	0	1	1	1	0	0	0	1	0	1	1	1	0	0	1	1	1	1	1	1	1	0	1	0	1	0	0	0	0	0	1
Mp4g13050	neg	1	0	0	0	1	0	0	0	1	0	0	0	1	0	1	0	0	0	0	1	0	1	0	1	1	0	0	0	0	0	0	0	0	1	0	1	0	0	1	0	0	0	1	0	0	0	0	0	0	0	0	0	0	0	0	0	1	0	1	0	1	0	1	1	0	1	0	0	0	1	0	0	0	0	1	1	1	1
Mp4g13310	neg	1	0	1	0	0	1	0	0	0	0	0	1	0	1	1	1	1	1	1	1	0	1	1	1	0	0	0	0	1	0	0	0	0	1	0	0	0	1	1	1	0	0	0	0	1	1	0	0	0	1	0	0	1	0	1	0	1	1	0	0	1	1	0	1	0	1	0	1	0	1	0	1	1	0	0	0	1	1
Mp4g15820	neg	0	0	1	1	0	0	1	0	0	1	0	0	1	0	0	1	1	1	0	0	0	0	0	1	0	0	1	1	0	0	0	0	0	0	0	1	0	0	0	1	1	1	1	0	1	0	0	1	1	0	0	1	0	0	0	0	0	0	1	0	1	0	0	0	1	1	0	0	0	1	0	0	0	1	0	0	0	1
Mp4g18640	neg	0	1	1	1	1	0	1	0	0	0	0	0	0	1	1	1	0	1	1	1	0	0	0	1	0	1	0	1	0	0	0	0	0	0	0	1	0	0	1	1	1	0	1	1	0	0	0	1	0	1	0	1	0	0	0	0	1	0	0	0	0	0	0	1	0	0	0	0	0	1	0	1	1	1	0	1	1	1
Mp4g19160	neg	1	0	1	0	0	1	0	0	1	0	0	0	0	0	0	0	0	1	0	0	0	0	0	1	1	1	0	0	0	0	0	0	0	1	0	1	0	1	1	1	1	0	1	0	0	1	0	0	0	1	0	0	0	0	0	1	1	0	0	1	0	0	0	1	1	1	0	0	1	1	0	0	1	1	0	0	0	1
Mp4g21960	neg	1	0	0	0	0	0	0	0	0	0	0	0	1	0	0	0	0	0	0	0	1	0	0	0	0	0	0	0	1	0	0	0	1	1	1	1	1	0	1	0	1	0	1	1	0	1	0	1	1	0	1	0	0	0	1	0	0	1	1	0	1	0	1	0	1	1	1	0	1	1	0	0	1	0	1	1	1	1
Mp4g22920	neg	1	1	0	0	0	1	0	1	1	1	0	0	1	1	0	0	0	1	1	0	1	0	0	1	0	1	1	0	0	0	1	0	0	0	1	0	0	0	1	0	1	0	1	0	0	0	0	1	0	1	1	0	0	0	1	0	1	0	1	0	1	0	0	1	0	0	0	0	1	0	1	1	0	0	0	0	1	0
Mp4g23940	neg	0	0	0	1	1	0	0	0	1	0	0	0	0	0	1	1	0	1	1	0	1	0	0	0	0	0	1	1	0	0	0	0	0	1	1	1	0	0	1	1	0	1	0	1	0	1	0	0	0	0	0	0	1	0	0	0	1	0	1	0	1	1	1	1	1	0	1	1	0	1	0	0	0	0	0	0	1	0
Mp5g01210	neg	0	0	1	1	0	1	0	0	1	1	0	0	0	0	1	1	0	1	0	0	0	1	0	0	0	0	0	0	0	0	0	1	0	1	1	0	0	1	1	1	1	1	0	0	0	1	0	0	0	0	0	0	0	0	1	0	0	1	1	0	0	0	1	0	1	1	0	0	0	1	0	0	0	1	0	1	1	1
Mp5g02640	neg	0	0	0	1	1	0	1	0	0	1	0	0	1	0	1	0	0	1	0	1	1	0	0	1	0	1	1	0	0	0	0	0	0	1	0	0	1	1	1	1	1	1	1	0	1	0	0	0	1	0	0	0	0	0	1	0	0	0	1	0	1	0	0	0	0	0	0	0	0	0	0	1	1	0	1	1	0	1
Mp5g02740	neg	0	0	0	1	0	0	0	0	1	0	0	0	0	0	0	0	0	1	1	0	0	0	0	1	0	0	0	1	0	0	0	0	0	0	0	0	1	0	1	1	0	1	1	1	1	0	0	1	0	0	0	0	0	0	1	0	0	0	1	0	0	1	1	0	0	0	1	1	1	0	0	1	0	0	0	0	0	0
Mp5g02780	neg	0	1	0	1	0	1	1	0	1	0	0	1	1	0	1	1	0	1	0	0	0	1	1	0	0	1	0	1	0	0	0	0	0	0	1	0	1	1	1	0	0	0	1	1	0	1	1	0	0	1	1	1	0	0	0	0	1	1	1	0	0	0	1	1	1	0	0	1	0	0	0	0	0	0	0	0	1	0
Mp5g04090	neg	1	0	1	1	0	0	0	0	1	0	0	0	0	0	0	0	0	0	1	0	0	1	0	0	0	0	0	1	0	1	0	0	1	1	1	0	1	0	1	1	1	1	1	0	0	0	0	1	0	0	0	0	0	0	0	0	0	0	1	0	1	1	1	0	0	0	0	0	0	1	0	0	0	0	1	1	1	0
Mp5g04410	neg	0	0	1	0	0	0	0	0	1	1	0	0	0	0	0	1	0	0	0	0	0	0	0	0	0	0	0	0	0	0	0	0	0	1	0	1	1	0	0	0	1	1	0	1	0	0	0	0	0	0	0	0	0	0	1	0	0	1	0	0	0	0	0	0	0	1	1	0	0	1	0	1	0	0	0	1	0	0
Mp5g04800	neg	1	0	1	1	0	1	1	0	0	0	0	0	0	0	1	0	0	0	0	0	0	1	0	1	0	1	0	0	0	0	0	0	1	0	0	0	0	1	0	1	1	1	0	0	0	1	0	1	0	0	1	0	0	0	0	0	1	0	1	0	0	0	0	1	1	1	1	1	0	1	0	1	0	0	0	1	0	1
Mp5g06530	neg	0	0	1	0	0	0	1	0	1	0	0	0	0	0	1	0	0	0	0	0	1	0	0	0	0	0	0	1	0	0	0	0	0	1	1	0	0	1	0	1	0	1	0	1	0	0	0	0	0	0	0	0	0	0	0	0	1	0	0	0	0	1	0	0	0	0	0	0	0	1	0	0	0	0	0	1	1	1
Mp5g08820	neg	0	0	0	0	0	1	0	0	0	1	0	0	1	0	0	0	0	0	1	0	0	1	0	1	0	0	0	0	0	0	0	1	0	0	0	0	0	0	0	0	1	1	1	0	0	0	0	0	0	0	0	0	0	0	0	0	0	0	0	0	1	1	1	1	0	0	0	0	0	0	0	0	0	0	0	0	1	1
Mp5g09020	neg	0	0	0	1	0	1	0	0	1	0	0	0	0	0	1	0	0	0	1	0	0	1	1	1	0	0	1	0	0	0	0	1	0	0	0	0	0	1	1	1	1	0	0	1	0	1	0	0	1	0	0	1	0	0	1	0	0	1	1	0	1	0	0	0	0	0	1	0	0	1	0	0	0	0	1	0	0	0
Mp5g11730	neg	1	0	0	1	0	0	0	0	0	0	0	1	0	0	1	0	0	1	0	0	1	1	0	1	0	0	0	0	1	0	0	0	0	1	0	1	1	1	1	1	1	0	1	1	0	1	0	1	1	0	0	1	0	0	1	0	1	0	1	0	1	0	0	1	1	1	0	0	0	1	0	0	0	0	1	0	1	1
Mp5g12040	neg	0	0	1	1	1	0	0	0	1	0	0	0	1	0	1	1	0	0	0	0	0	1	1	1	0	1	0	0	0	0	0	0	0	1	1	1	0	0	1	1	1	0	1	1	0	0	0	0	0	0	0	0	0	0	1	0	1	1	1	0	1	0	1	0	0	0	1	0	1	0	1	1	0	0	0	1	1	1
Mp5g13100	neg	0	0	0	0	0	0	0	0	0	0	0	0	0	1	1	1	0	0	1	0	0	1	0	1	1	0	1	0	0	0	0	0	0	0	0	0	0	0	1	1	0	1	0	0	0	0	1	1	0	0	0	1	0	0	0	0	1	0	1	0	0	1	1	1	1	1	0	0	0	0	0	1	1	0	0	0	0	0
Mp5g13540	neg	0	0	1	0	0	0	0	0	0	1	0	0	0	1	1	1	1	1	1	0	0	1	1	0	0	1	1	1	0	0	0	0	0	0	1	0	0	1	1	1	1	1	0	1	0	0	0	1	0	0	0	1	0	0	1	0	1	1	0	0	1	0	1	1	1	1	0	1	0	0	0	0	0	1	1	1	0	1
Mp5g14100	neg	0	0	1	1	0	0	0	0	1	1	0	0	0	1	0	0	0	0	1	1	0	1	1	1	0	0	0	0	0	0	0	0	0	1	1	0	1	1	1	1	1	1	1	0	0	1	0	0	0	1	0	0	0	0	1	0	0	0	1	0	1	0	1	0	0	0	0	1	1	1	0	1	0	1	0	0	0	0
Mp5g18860	neg	1	0	1	1	1	1	1	0	1	0	0	0	1	0	1	0	0	1	0	1	0	1	0	0	0	0	0	0	0	0	0	0	0	1	0	0	1	0	1	0	1	0	1	1	0	1	0	1	0	0	0	1	0	0	0	0	1	0	0	0	0	0	0	1	1	0	0	0	0	1	1	0	0	0	0	0	0	1
Mp5g19260	neg	1	0	0	1	1	0	0	1	1	0	0	0	0	1	0	1	1	1	0	0	1	1	0	0	0	0	0	0	1	0	0	0	0	0	0	0	1	0	1	0	1	0	0	1	1	1	0	0	0	0	1	1	0	0	1	0	0	1	1	0	1	1	0	1	1	1	1	0	1	1	1	1	1	1	1	1	1	1
Mp5g19450	neg	0	0	0	0	0	0	1	0	1	1	0	0	0	1	1	1	0	1	1	1	0	1	0	1	1	1	1	0	1	0	1	0	0	1	1	1	1	1	1	1	0	1	0	1	0	0	0	0	1	0	1	0	0	0	1	0	1	1	0	0	1	0	0	1	1	0	0	1	0	0	0	0	0	0	1	1	0	1
Mp5g20450	neg	0	0	1	1	0	0	0	0	0	1	0	0	1	0	0	0	0	0	0	0	0	1	1	0	0	0	0	0	1	0	0	1	1	0	0	1	0	1	1	0	0	0	1	1	0	0	0	1	0	0	0	0	0	0	1	0	0	0	0	0	0	1	0	0	0	1	1	1	0	0	0	0	0	0	0	0	1	0
Mp5g22150	neg	0	0	0	1	1	0	0	0	0	0	0	0	0	0	1	0	0	1	0	1	1	1	0	0	0	1	1	0	0	0	0	0	0	1	0	1	0	0	1	1	1	1	0	0	0	1	0	0	0	0	0	1	0	0	0	0	0	0	1	0	1	0	0	0	0	0	0	0	0	1	1	1	0	0	0	0	0	1
Mp5g22420	neg	0	0	0	0	1	0	0	0	0	0	0	0	0	0	0	0	0	1	1	1	0	1	1	1	0	0	0	0	0	0	0	0	0	0	1	0	0	0	0	0	0	0	0	1	0	0	0	1	0	1	0	1	1	0	1	0	1	0	1	0	0	1	0	1	1	1	0	1	0	0	1	0	0	0	1	1	0	0
Mp5g23200	neg	1	0	0	0	1	0	0	0	1	1	1	0	0	0	0	1	0	0	0	0	0	0	0	0	0	1	0	0	0	0	0	1	0	0	1	1	1	0	1	0	1	1	0	0	1	0	0	1	0	0	0	0	0	0	0	0	0	0	1	0	0	1	0	0	0	0	0	1	0	1	0	0	0	0	0	1	1	1
Mp5g23260	neg	1	0	0	1	0	0	0	0	1	0	0	1	1	0	0	0	0	0	1	0	1	0	0	1	0	0	0	1	1	0	0	0	0	0	0	0	0	0	0	0	0	0	0	1	0	0	0	0	0	0	0	0	0	0	0	0	0	1	1	0	0	0	0	0	1	0	1	0	0	0	0	0	0	0	0	1	0	1
Mp5g23890	neg	0	0	0	0	0	1	0	0	1	0	0	0	1	0	1	0	0	0	1	0	1	0	0	1	0	1	0	0	1	0	0	0	0	1	0	0	0	1	0	1	0	0	0	0	0	1	0	1	0	1	1	1	0	0	1	0	1	1	0	0	1	0	0	0	0	1	0	1	0	0	1	1	1	0	0	1	0	1
Mp6g00580	neg	0	1	1	1	0	1	0	0	1	1	1	0	0	0	1	1	0	0	0	1	1	0	0	0	1	0	0	0	0	0	0	0	0	1	0	1	1	0	1	1	1	0	0	0	0	1	0	1	0	0	0	0	0	0	0	0	1	0	0	0	0	0	1	0	1	1	0	0	1	1	1	0	1	0	0	0	1	0
Mp6g00990	neg	1	0	1	1	1	1	0	0	0	0	0	0	0	0	1	1	0	0	0	0	0	1	0	0	0	0	1	1	1	0	0	0	0	1	0	1	1	1	0	0	0	0	0	1	1	0	0	0	0	0	0	0	0	0	1	0	1	1	0	0	1	0	0	1	1	1	0	0	1	1	0	1	1	0	0	0	1	1
Mp6g01670	neg	1	0	1	0	1	1	0	0	0	0	0	1	1	0	1	0	1	1	0	0	0	0	0	0	0	0	0	0	0	0	0	0	1	1	1	1	0	0	1	1	0	0	0	1	0	0	0	0	1	0	0	1	0	0	1	0	1	1	0	0	0	0	1	0	1	1	1	1	0	0	0	1	0	0	0	0	0	0
Mp6g01810	neg	0	0	1	1	1	1	0	0	0	0	0	0	0	1	1	0	0	0	0	0	0	1	0	0	0	0	0	0	0	0	0	0	0	1	0	0	0	0	0	1	0	0	0	1	0	0	0	1	0	0	0	0	0	0	0	0	1	0	1	0	1	0	1	0	1	0	0	0	1	0	0	0	0	0	1	1	0	0
Mp6g02450	neg	0	0	1	0	0	0	1	0	0	0	0	0	0	0	1	1	0	0	0	1	0	0	0	0	0	0	1	1	1	0	0	0	0	0	0	0	1	0	1	0	0	1	1	0	0	0	0	0	0	0	0	1	0	0	0	0	0	1	0	0	0	0	0	0	0	0	0	0	1	1	0	0	0	0	1	1	0	1
Mp6g02700	neg	0	0	1	1	0	1	1	0	0	0	0	0	1	1	0	1	0	1	0	0	0	0	0	0	0	0	0	1	0	0	0	0	0	1	0	0	1	0	1	0	0	1	0	1	1	0	0	0	1	1	1	0	0	0	1	1	1	1	1	0	1	1	0	0	0	0	0	1	0	0	0	0	0	1	1	0	1	0
Mp6g08130	neg	1	0	0	0	0	0	0	0	1	1	0	0	1	0	1	0	0	0	1	0	1	0	0	1	0	0	0	0	1	0	0	1	0	1	0	0	0	0	1	1	0	0	0	1	0	0	0	1	0	0	0	1	0	0	0	0	0	0	0	0	0	0	0	0	0	0	0	0	0	0	0	1	0	1	1	1	0	1
Mp6g09840	neg	1	0	1	1	1	0	1	0	1	0	0	0	1	1	1	1	0	1	0	1	0	0	0	0	0	1	0	0	1	0	0	0	0	1	1	0	0	0	0	0	1	0	0	0	1	0	0	0	0	1	1	1	0	0	0	1	0	0	1	0	1	1	0	1	0	1	0	0	1	0	0	0	1	0	0	1	0	1
Mp6g10430	neg	0	0	0	0	0	0	0	0	0	0	0	0	0	0	1	1	0	0	1	0	0	0	0	1	0	0	1	0	1	0	0	1	0	1	0	1	0	0	0	1	0	0	0	0	0	0	0	0	0	0	0	0	0	0	1	0	0	1	0	0	0	0	0	0	1	0	0	1	1	1	0	0	0	0	0	0	0	1
Mp6g11430	neg	1	0	1	1	1	0	0	0	0	0	0	0	1	0	0	1	0	1	1	1	0	1	0	0	0	1	1	0	1	0	1	0	0	0	0	0	0	1	0	1	1	1	1	0	0	0	0	0	1	1	0	0	0	0	0	1	1	0	1	0	1	1	0	0	0	0	0	0	0	1	0	1	0	0	0	1	0	0
Mp6g12540	neg	1	0	1	1	0	0	0	0	1	1	0	1	1	0	1	1	0	1	0	0	0	1	0	0	0	1	0	0	0	1	0	0	0	0	1	0	0	1	1	0	1	0	1	0	0	1	0	0	0	1	1	0	0	0	1	1	1	1	0	0	1	1	0	1	0	0	0	0	0	1	1	0	0	1	0	1	0	0
Mp6g15260	neg	1	1	0	1	1	0	1	0	0	0	0	0	0	1	0	1	0	1	1	0	0	1	0	1	0	0	0	0	0	0	0	0	0	0	1	1	1	1	1	1	0	1	1	0	1	1	1	1	0	1	0	0	0	0	1	0	1	1	1	0	0	0	1	0	0	1	0	1	1	1	0	1	0	1	0	1	1	0
Mp6g15880	neg	0	0	1	1	1	0	0	0	0	0	0	1	0	1	0	0	0	0	1	0	0	0	0	1	0	1	1	0	0	0	0	0	0	0	1	0	1	1	0	0	0	1	0	0	1	0	0	1	1	0	0	1	0	0	0	0	1	1	1	0	0	0	1	0	0	0	0	0	0	0	0	1	0	0	0	0	0	0
Mp6g16130	neg	0	0	1	0	1	0	0	1	0	0	0	0	1	0	0	1	0	0	1	1	0	1	1	1	0	1	1	0	0	0	0	0	0	1	0	0	0	1	0	1	0	1	0	1	0	0	0	1	0	1	0	1	0	0	1	1	1	1	0	0	0	0	0	1	0	0	0	0	0	1	1	0	0	0	0	1	0	1
Mp6g17010	neg	1	1	0	0	0	0	1	0	0	1	0	1	1	0	1	0	0	0	1	1	0	0	0	1	1	0	0	0	0	0	0	1	0	1	1	0	1	0	1	1	1	1	1	1	0	0	0	0	1	1	1	1	1	0	0	0	0	0	0	0	0	0	0	1	0	0	0	1	0	1	0	0	1	0	1	1	1	1
Mp6g18570	neg	0	0	1	0	0	0	0	0	0	0	0	0	0	1	0	1	0	1	1	0	0	0	0	0	1	1	1	0	0	0	0	0	0	0	0	0	1	1	1	0	1	1	0	1	0	0	0	1	0	0	0	1	0	0	1	0	0	1	1	0	0	1	1	1	0	0	1	0	0	0	0	0	0	0	1	0	0	1
Mp6g18890	neg	0	0	1	1	1	0	0	1	1	1	0	0	0	0	1	1	0	1	1	0	1	1	0	0	0	0	1	1	0	0	0	0	0	0	1	0	1	1	1	0	1	1	1	0	1	0	0	0	1	0	1	1	0	0	0	0	0	0	0	0	1	1	1	0	0	0	0	0	0	0	1	0	0	0	0	1	1	0
Mp6g19210	neg	1	1	1	0	1	0	0	0	0	1	0	0	1	1	0	0	0	1	1	0	0	0	0	1	0	1	0	1	0	0	0	0	0	1	0	0	1	1	1	1	0	0	0	1	0	0	0	1	1	0	0	0	0	0	0	0	1	1	0	0	1	0	0	0	0	1	0	0	0	1	0	0	0	0	1	0	0	1
Mp6g19320	neg	0	0	0	0	1	0	0	0	1	1	0	0	1	0	1	0	0	0	1	0	0	0	0	0	0	1	1	1	0	0	0	0	0	1	1	0	0	0	1	0	0	0	1	1	0	0	0	0	0	0	1	0	0	0	1	0	1	0	1	0	1	0	0	0	0	0	1	0	1	1	1	0	0	0	0	0	1	1
Mp6g19500	neg	0	1	0	1	1	0	0	0	1	0	0	0	0	1	0	1	0	0	1	1	0	1	1	1	1	0	0	1	0	0	0	0	0	0	1	0	1	0	0	1	0	0	0	0	1	0	0	0	0	0	1	0	1	0	1	0	1	0	1	0	0	0	0	1	1	0	0	1	0	0	1	0	0	0	1	1	1	1
Mp6g20010	neg	0	0	1	0	0	1	0	0	1	0	0	0	1	0	1	1	0	0	1	1	0	0	0	0	0	0	0	0	0	0	1	0	0	0	1	1	1	1	1	0	1	0	1	0	1	1	0	0	0	1	1	0	1	0	1	0	0	1	1	0	0	1	1	0	0	0	0	0	0	0	0	0	0	0	0	0	0	0
Mp6g20060	neg	1	1	0	1	1	1	0	0	0	0	0	0	1	0	0	1	0	1	0	0	1	1	0	1	0	0	1	1	0	1	0	0	0	1	0	0	0	1	1	0	1	1	1	0	0	0	0	1	0	1	0	0	0	0	1	1	1	1	1	0	1	0	0	0	0	0	0	0	0	1	1	0	0	1	1	0	0	1
Mp7g00420	neg	0	1	1	1	0	1	0	0	0	0	0	0	0	1	0	1	0	1	0	0	0	1	0	0	0	0	0	0	1	0	1	0	0	1	0	0	1	1	1	1	0	0	0	0	0	0	1	0	1	0	0	0	0	0	0	0	0	1	1	0	0	0	0	0	0	0	0	0	0	1	0	0	0	0	0	1	0	0
Mp7g01600	neg	0	1	1	1	1	1	1	0	0	1	0	0	1	0	0	1	0	1	0	1	1	1	0	1	0	1	1	0	0	0	0	0	0	0	0	0	0	1	1	0	0	1	1	1	1	1	0	0	0	0	0	0	0	0	1	0	0	1	0	0	0	1	0	1	0	0	1	0	0	1	0	0	0	0	0	1	1	0
Mp7g05760	neg	1	0	0	1	0	0	0	0	0	1	1	0	0	0	1	0	0	1	1	1	0	0	0	1	0	0	0	1	0	0	0	0	0	1	0	0	1	0	0	0	0	1	1	1	1	0	0	1	0	1	0	0	0	0	0	1	0	0	0	0	0	1	0	0	0	0	0	0	0	1	0	1	0	0	1	1	0	0
Mp7g06350	neg	0	0	0	1	0	0	0	0	1	0	0	0	0	0	0	1	0	1	1	0	0	1	0	1	0	0	0	0	1	0	0	0	0	0	1	0	1	0	1	1	1	0	0	0	0	0	0	0	0	0	1	0	1	0	0	0	1	0	1	0	0	0	1	1	0	1	0	0	0	0	1	0	0	0	0	1	0	1
Mp7g06700	neg	1	1	1	1	0	1	1	0	0	1	0	0	1	0	1	0	0	0	0	0	1	1	0	0	0	1	0	1	0	0	0	0	0	0	0	0	1	1	0	0	1	1	0	1	1	0	0	1	0	1	1	1	0	0	0	0	1	0	1	1	0	1	1	0	0	0	1	1	1	0	0	0	0	1	1	0	0	0
Mp7g06710	neg	0	0	0	0	0	1	0	0	1	0	0	0	0	0	0	0	0	0	0	0	0	0	0	0	0	0	1	1	0	0	0	1	0	0	1	0	0	1	0	0	1	1	0	1	0	0	0	0	0	1	0	0	0	0	1	0	1	1	0	0	0	0	0	0	1	1	0	0	0	1	0	0	1	1	0	1	1	0
Mp7g07010	neg	0	0	0	0	0	0	0	1	0	1	0	0	0	0	1	0	1	1	1	1	1	1	0	0	0	0	0	0	0	0	0	1	0	0	0	0	1	1	1	1	0	0	1	0	1	0	0	1	0	0	0	1	0	0	1	0	1	1	0	0	0	0	1	1	0	1	1	0	0	0	1	0	0	1	1	0	1	0
Mp7g11090	neg	1	0	1	0	0	0	1	0	1	0	0	0	1	1	0	0	0	0	1	0	1	0	0	1	0	0	0	0	1	0	0	0	0	1	0	1	1	1	1	0	1	0	1	1	0	1	0	0	1	0	0	1	0	0	0	0	0	1	1	0	0	0	0	1	0	1	0	1	1	0	0	1	0	0	0	0	0	1
Mp7g12200	neg	0	0	1	0	1	0	0	0	1	0	0	0	1	0	0	1	0	1	1	0	0	0	0	0	0	1	0	0	0	0	0	0	0	1	0	0	0	0	1	1	0	0	0	1	0	0	0	1	0	0	0	0	0	0	0	0	0	1	1	0	0	1	1	0	0	0	0	0	1	0	0	0	0	0	0	0	0	0
Mp7g13150	neg	1	0	0	1	1	0	0	1	0	0	0	0	1	1	1	1	0	0	1	1	0	0	0	0	0	0	1	1	0	0	0	1	0	0	0	0	1	0	0	0	0	0	0	0	0	1	0	0	1	0	0	0	0	0	1	0	0	0	1	0	0	1	1	0	0	0	0	0	0	1	1	0	0	0	1	1	0	1
Mp7g14610	neg	1	0	1	1	1	0	0	1	0	0	0	0	1	0	1	0	0	1	0	1	0	1	0	1	0	0	1	1	1	1	0	0	0	0	1	0	0	0	0	0	0	1	1	0	1	0	0	0	0	0	0	0	0	0	1	0	1	0	1	0	0	0	1	0	0	0	0	1	1	0	0	0	1	0	0	1	1	1
Mp7g14740	neg	0	1	1	1	0	1	1	0	0	1	1	0	1	0	1	1	0	1	1	0	0	0	0	0	0	0	0	0	1	0	0	0	0	1	0	0	1	0	1	1	1	0	0	0	0	0	1	1	0	0	0	1	1	0	1	0	1	1	0	0	0	0	1	1	1	0	0	0	0	1	0	0	0	1	0	0	0	0
Mp7g16020	neg	0	0	0	1	1	1	0	0	0	0	0	0	0	0	1	0	0	1	0	0	1	0	0	1	0	0	0	0	1	0	0	0	1	1	1	1	0	1	1	1	0	0	1	1	0	1	0	0	0	0	0	0	0	0	1	0	0	1	1	0	0	1	1	1	1	1	1	0	0	1	0	0	0	0	0	1	1	1
Mp7g16030	neg	0	0	0	1	1	1	0	1	0	0	0	0	0	0	1	0	0	1	0	1	1	0	0	1	0	0	0	0	1	0	0	0	1	1	1	1	0	1	1	1	0	0	1	1	0	1	0	0	0	0	0	0	0	0	1	0	0	1	1	0	0	1	1	1	1	1	1	0	0	1	1	0	0	0	0	1	1	1
Mp7g16160	neg	1	1	0	1	0	0	1	0	1	0	0	1	0	0	1	0	0	0	1	1	1	0	0	1	0	0	0	1	0	0	0	1	0	1	0	0	1	1	1	0	1	1	1	0	0	0	0	0	1	0	1	0	0	0	0	0	1	0	1	0	0	0	1	1	0	1	0	0	0	0	0	0	1	1	1	1	0	1
Mp7g18050	neg	1	0	1	1	0	1	0	0	0	1	0	0	1	0	0	0	0	1	0	1	1	0	0	1	0	0	1	1	0	1	1	1	0	0	1	0	1	0	1	0	0	0	1	0	0	0	0	0	0	0	1	1	0	0	0	0	0	0	1	1	1	0	1	0	0	0	0	1	1	1	0	0	0	0	0	0	1	1
Mp7g18080	neg	0	1	0	0	1	0	0	1	1	0	0	0	0	0	0	0	0	1	1	1	0	1	1	0	0	0	0	0	1	0	0	0	0	0	0	0	0	0	0	0	0	1	0	0	1	0	0	0	0	0	1	1	0	0	0	0	1	0	1	0	0	0	0	1	1	0	0	0	1	0	1	0	0	0	0	1	0	1
Mp7g18930	neg	0	0	0	1	1	0	0	0	1	0	0	0	0	0	0	1	0	0	0	0	1	0	0	1	0	0	0	0	0	0	0	0	0	0	0	0	1	1	1	1	0	1	0	1	0	1	0	1	1	0	0	0	1	0	1	0	0	1	1	0	0	0	1	0	1	1	0	0	0	1	0	0	1	1	0	0	1	1
Mp7g18950	neg	1	1	1	1	1	1	0	0	1	1	0	0	0	1	0	1	0	0	0	0	0	1	1	1	0	1	1	0	0	0	0	0	0	0	0	0	0	0	0	1	1	1	0	1	1	1	0	0	1	1	1	0	0	0	1	0	1	1	1	0	1	1	1	0	0	0	1	1	1	1	0	1	0	0	0	0	1	1
Mp8g03360	neg	1	1	0	0	0	0	1	0	0	0	0	0	0	1	1	0	0	0	0	0	0	0	0	0	0	1	0	0	0	0	1	0	0	1	0	1	1	1	0	1	0	0	0	0	1	0	0	0	0	0	0	1	0	1	0	0	1	0	1	0	0	1	0	0	0	1	0	0	0	1	0	1	0	1	0	0	0	1
Mp8g03780	neg	1	0	0	0	0	1	1	0	0	0	0	0	0	0	0	0	0	1	0	1	0	0	0	0	0	0	1	0	1	0	0	0	0	0	1	0	0	1	1	0	0	1	0	1	0	0	0	0	0	0	0	0	0	0	0	0	1	0	0	0	0	1	0	1	0	1	0	0	0	1	1	1	0	0	0	0	1	0
Mp8g06150	neg	0	1	1	1	1	0	0	0	1	0	0	0	0	0	1	1	1	0	1	0	1	1	0	1	0	1	0	0	1	0	0	1	0	0	0	1	1	1	0	1	0	1	0	1	1	1	0	0	0	0	1	1	0	0	0	0	0	1	1	0	0	1	1	0	1	0	0	1	0	1	0	0	0	1	0	0	0	1
Mp8g06820	neg	1	1	1	1	0	0	0	0	1	1	0	0	1	1	0	1	0	0	0	1	0	1	1	0	0	0	0	0	0	0	0	1	0	0	1	1	0	0	0	0	1	0	0	0	0	1	0	0	0	1	1	0	0	0	0	0	0	0	0	0	1	0	1	0	1	0	1	1	0	0	0	0	0	0	1	1	1	0
Mp8g08340	neg	0	0	0	0	0	0	1	0	1	0	0	0	0	0	0	0	0	1	0	0	0	0	0	0	0	1	0	0	0	0	0	1	0	0	0	0	0	1	0	0	0	0	1	0	1	1	0	0	0	1	0	1	0	0	0	0	0	0	1	0	0	0	0	1	1	0	0	1	0	0	0	0	0	0	0	1	0	0
Mp8g09280	neg	0	0	1	1	1	0	0	0	0	1	0	0	0	0	0	1	0	1	1	1	0	0	0	1	0	0	0	1	1	0	0	1	0	0	0	0	0	1	1	1	0	1	1	1	0	0	0	1	0	0	1	0	0	0	0	0	1	1	1	0	0	1	0	0	0	0	0	0	1	0	1	1	1	0	0	0	0	0
Mp8g09710	neg	0	1	0	0	0	0	0	0	1	0	0	0	0	0	0	1	0	0	1	0	0	0	0	1	0	0	0	0	0	0	0	0	0	1	0	0	1	0	1	1	1	1	0	0	1	0	0	1	0	0	0	0	0	0	1	0	0	0	1	0	0	0	1	0	1	1	0	0	0	0	1	0	0	0	0	0	0	1
Mp8g10120	neg	0	1	0	0	1	0	1	0	0	0	0	1	0	1	1	1	0	0	1	0	1	0	0	0	0	0	1	0	1	0	0	0	0	1	1	1	0	0	1	0	0	1	0	0	0	1	0	1	0	0	0	0	0	0	1	0	0	1	1	0	0	1	0	0	1	1	1	0	0	1	0	0	1	1	0	0	1	1
Mp8g10270	neg	1	0	1	0	0	0	1	0	1	1	0	0	1	0	1	1	0	0	1	0	0	1	0	1	0	0	0	0	0	0	0	0	1	1	0	0	0	0	1	1	1	1	1	1	0	0	1	1	0	0	0	0	0	0	1	0	1	0	1	0	0	1	0	0	0	1	1	0	0	0	0	1	0	0	0	1	0	1
Mp8g10760	neg	0	0	0	1	0	0	1	0	1	1	1	0	1	0	1	1	0	1	1	0	0	0	0	0	1	1	0	1	1	0	0	0	0	0	1	0	1	0	1	0	1	0	0	0	1	1	1	1	1	1	0	0	0	0	1	1	1	0	0	0	0	1	1	1	1	1	0	0	1	1	0	0	1	1	0	0	1	1
Mp8g11150	neg	1	0	1	1	0	0	0	0	1	0	0	0	1	0	0	1	0	1	1	0	0	0	0	1	1	0	0	0	0	0	0	0	0	1	1	1	0	1	1	1	1	0	1	1	1	1	0	0	0	0	0	0	1	0	1	0	1	0	1	0	0	0	1	1	1	1	1	1	1	0	0	0	0	0	0	1	1	0
Mp8g11500	neg	0	0	0	1	1	0	1	0	0	0	0	0	0	0	1	1	0	0	1	0	0	1	1	0	0	0	0	1	0	0	0	0	0	1	1	0	1	1	1	0	0	1	1	0	0	1	0	1	1	1	1	1	0	0	1	0	0	1	0	1	1	0	0	0	0	1	0	1	0	1	1	0	0	0	0	0	1	1
Mp8g12050	neg	0	0	0	0	1	0	0	0	0	0	0	0	0	0	1	0	0	0	0	0	0	1	0	1	0	0	1	0	0	0	0	0	0	1	0	0	0	1	1	1	0	1	0	1	0	1	0	0	0	0	0	0	0	0	0	0	0	0	1	0	0	1	0	0	1	1	0	0	0	0	1	0	0	0	0	0	0	1
Mp8g15510	neg	0	0	1	1	1	0	1	0	1	1	0	0	0	0	0	1	1	0	1	1	0	1	0	0	0	0	0	1	0	0	0	0	0	1	1	1	1	0	0	0	1	0	1	1	0	1	0	1	1	0	0	0	0	0	0	0	0	0	1	0	0	1	1	0	0	0	1	0	0	1	0	0	0	0	1	0	1	1
Mp8g15690	neg	0	0	0	1	0	0	0	0	1	0	0	0	0	0	0	0	0	1	1	0	0	1	0	0	0	0	0	1	1	0	0	1	0	1	0	0	1	1	1	1	1	1	0	1	0	1	0	0	0	0	0	0	0	0	1	0	1	0	1	0	1	0	0	0	0	0	0	0	0	1	0	0	1	0	0	1	0	1
Mp8g17710	neg	0	0	0	0	1	0	1	0	0	0	0	0	1	0	0	0	0	0	1	1	0	0	0	1	0	0	0	0	0	1	0	0	0	1	1	0	1	0	1	1	0	0	0	1	1	0	0	0	0	1	0	0	0	0	0	0	1	0	0	0	0	1	0	1	0	1	1	1	0	1	0	1	0	0	1	1	1	1
Mp8g18760	neg	1	0	1	1	1	1	0	0	1	1	0	0	1	1	0	0	1	1	1	0	1	0	0	0	0	1	1	1	1	1	0	1	0	0	0	1	1	1	1	0	1	1	1	1	0	0	1	1	1	0	1	0	0	0	0	0	1	0	1	0	1	0	1	0	0	0	0	0	0	0	1	1	0	0	0	0	0	1
MpVg00330	neg	1	0	1	0	1	1	0	0	0	0	0	0	1	0	0	1	0	0	0	1	0	0	0	1	0	1	0	0	1	0	0	0	0	0	0	0	1	1	1	0	0	1	1	0	0	0	0	1	1	0	0	0	0	0	1	0	0	1	1	0	1	0	1	0	0	0	0	1	0	1	1	0	0	0	0	0	1	1
MpVg00390	neg	1	0	0	1	0	0	0	0	1	0	0	0	0	1	1	0	0	1	0	0	0	1	1	1	0	1	0	1	1	0	0	0	0	0	0	0	0	0	0	1	0	0	0	1	1	0	0	0	1	1	1	1	0	0	1	1	0	1	1	1	1	0	1	0	1	0	0	1	0	0	0	1	0	0	1	0	0	0
MpVg00470	neg	1	0	0	1	1	0	0	0	1	0	0	0	1	1	0	1	0	0	0	0	1	1	0	0	0	1	1	0	0	1	0	0	0	0	1	1	0	1	0	0	0	1	0	0	0	1	0	0	0	0	0	0	0	0	0	0	0	0	1	0	1	0	1	0	1	0	0	0	0	1	1	0	0	0	0	0	0	1
MpVg01180	neg	0	0	0	0	0	1	0	0	0	0	0	0	1	0	0	0	0	0	0	0	1	1	1	0	0	0	0	1	1	0	0	0	0	1	0	0	1	0	1	0	1	0	0	1	0	1	0	0	0	0	0	0	0	0	0	0	0	0	1	0	0	0	0	1	0	1	1	0	0	0	0	1	1	1	1	0	0	0
