X	Class	AACCTG	AACCTGC	AAGCTC	AAGCTGCA	ACACAGG	ACACGC	ACAGAG	ACAGGA	ACCAGT	ACCTGA	ACCTGCT	ACGACT	ACGTGC	ACTGCT	ACTTCT	AGAATC	AGACCT	AGATTCTG	AGCACT	AGCAGTC	AGCAGTCA	AGCATA	AGCGTG	AGCTCA	AGCTCAG	AGCTCC	AGCTTA	AGGTCA	AGTCAG	ATACCC	ATACGA	ATCACC	ATGACG	ATGACGA	ATGCAG	ATGCTG	ATGTGC	CAACAG	CAAGAG	CAAGGG	CAAGTG	CACAGGTC	CACGTC	CACTCA	CAGCTC	CATCAG	CCAGTA	CCAGTC	CCGAACA	CCTCAG	CCTGAC	CCTGAG	CGTTAG	CTAGGCC	CTCAGGA	CTGAAC	CTGACTA	CTGCAA	CTGGAC	CTGGACC	CTGGGC	CTGGTA	CTGGTAC	CTTATC	GAGCTC	GCTACA	GCTGGA	GGTGTA	GGTTCA	GTCTGA	TACAGA
Mp1g00550	pos	0	0	1	0	0	1	0	1	0	0	0	0	0	0	1	1	1	0	1	0	0	1	0	1	0	1	0	1	0	0	1	0	0	0	0	1	1	1	0	1	0	0	1	1	1	1	0	0	0	1	1	1	1	0	0	1	0	0	0	0	1	0	0	0	0	0	1	0	1	0	0
Mp1g01810	pos	0	0	0	0	0	0	0	0	0	1	0	0	0	1	0	1	0	1	0	0	0	1	1	0	0	0	1	1	1	1	0	0	0	0	1	0	1	0	1	0	1	0	0	1	0	0	0	1	0	0	1	0	0	0	0	1	0	0	1	1	0	0	0	0	1	1	0	1	0	0	0
Mp1g02260	pos	0	0	1	0	0	0	1	1	0	1	1	1	1	0	1	1	1	0	0	0	0	0	1	0	0	0	1	1	1	1	1	0	1	1	0	0	0	1	0	1	1	0	1	1	1	1	0	0	0	0	0	1	0	0	1	1	0	1	0	0	0	0	0	1	1	0	0	0	0	0	1
Mp1g02880	pos	1	0	0	0	0	0	1	1	0	1	0	1	0	1	1	0	1	0	1	0	0	0	1	1	0	1	0	1	0	1	0	0	0	0	1	1	0	1	1	0	0	0	1	1	1	1	0	0	0	1	1	0	0	0	0	1	0	0	1	1	1	0	0	0	1	1	1	0	1	0	1
Mp1g03750	pos	1	0	1	0	0	0	1	1	0	0	0	1	1	1	1	1	1	0	1	1	0	0	1	1	0	1	0	1	1	1	1	0	0	0	1	0	1	1	1	0	1	1	1	1	1	0	0	1	0	0	1	0	0	0	0	1	0	1	1	1	1	0	0	0	1	0	1	0	1	0	0
Mp1g03760	pos	1	0	1	0	1	0	1	1	0	0	0	1	1	1	0	1	1	0	1	1	0	0	1	1	1	1	1	1	1	1	1	0	0	0	1	0	1	1	1	1	0	1	1	1	1	0	0	1	0	0	1	0	0	0	0	1	0	1	1	1	1	0	0	0	1	0	1	0	1	0	0
Mp1g04150	pos	0	0	0	1	0	0	1	0	1	1	0	1	1	0	0	0	0	0	1	0	0	1	1	0	0	1	1	0	1	0	0	1	0	0	1	0	0	0	1	1	1	0	0	0	1	1	0	1	0	1	1	1	0	0	0	1	0	1	0	0	1	0	0	1	0	1	1	0	1	1	0
Mp1g04750	pos	1	0	1	0	0	1	1	1	0	1	0	1	0	0	1	1	0	0	0	0	0	0	0	1	1	1	1	1	0	0	1	1	1	1	0	0	1	1	1	0	1	0	0	0	1	1	0	0	0	1	1	1	0	1	0	1	0	0	0	0	1	0	0	1	1	1	1	1	1	1	1
Mp1g06440	pos	1	0	1	0	0	0	1	0	0	1	0	0	0	1	0	1	0	1	1	0	0	1	0	1	0	1	1	0	1	1	1	1	1	0	1	0	1	1	1	1	1	0	0	1	1	1	1	1	0	0	1	1	1	0	1	1	0	1	1	0	0	0	0	0	1	1	1	1	1	1	0
Mp1g06980	pos	0	0	1	0	0	1	1	0	1	1	0	0	0	0	0	0	0	0	1	0	0	0	0	0	0	0	0	0	1	0	0	0	0	0	1	0	0	0	1	1	0	0	0	0	1	1	1	0	0	0	1	0	1	1	0	1	1	0	0	0	1	0	0	0	0	0	1	0	1	1	1
Mp1g07510	pos	1	1	1	0	0	0	1	1	1	0	1	0	0	1	1	1	0	0	1	0	0	1	0	0	0	0	0	1	0	0	1	0	0	0	0	1	1	0	1	0	1	1	0	0	1	1	1	0	1	0	0	0	0	0	0	0	0	0	0	0	0	0	0	1	0	0	1	1	1	1	1
Mp1g07620	pos	1	0	1	1	0	0	1	1	1	1	0	0	1	1	0	1	1	0	0	1	0	0	1	1	0	1	0	0	1	0	1	0	0	0	1	1	1	0	1	1	1	0	1	0	1	1	0	0	1	1	0	1	0	0	1	0	0	1	1	0	1	1	1	1	1	1	1	0	0	1	1
Mp1g07630	pos	1	0	1	0	0	0	0	0	1	1	0	0	0	0	0	1	1	0	0	0	0	1	0	0	0	1	0	0	1	1	0	1	0	0	1	1	0	1	0	1	1	0	0	1	0	1	0	0	0	0	0	0	0	0	0	1	0	1	1	1	0	1	0	0	1	0	0	0	1	1	0
Mp1g08130	pos	0	0	1	1	0	0	0	1	0	0	0	0	1	1	0	0	1	0	1	0	0	0	1	1	1	1	0	0	0	0	0	1	1	0	1	0	0	1	1	1	1	0	1	0	1	0	0	0	0	1	0	0	1	0	0	0	0	0	1	1	0	0	0	1	0	0	1	1	1	0	0
Mp1g08490	pos	0	0	1	0	0	0	0	0	0	1	0	1	1	0	0	0	0	0	0	0	0	0	1	1	1	1	0	0	0	1	0	1	1	1	1	1	0	0	1	0	0	0	1	0	1	1	0	1	0	0	1	0	1	0	0	1	0	1	0	0	1	0	0	0	1	1	0	0	1	1	1
Mp1g10940	pos	0	0	0	0	0	0	0	0	0	0	0	1	0	0	1	1	0	0	0	0	0	1	0	1	0	1	1	0	1	1	1	1	0	0	0	1	1	0	1	1	1	0	1	0	0	1	0	0	0	0	1	0	1	0	0	1	0	1	1	0	0	0	0	1	1	1	1	0	0	0	1
Mp1g11770	pos	1	0	0	0	0	0	1	1	0	1	1	0	0	0	1	1	0	1	1	0	0	0	1	1	1	1	0	1	1	0	0	0	0	0	1	1	0	1	1	1	0	0	0	0	1	1	0	1	1	0	0	1	0	0	1	0	0	0	1	0	1	0	0	1	1	0	1	1	1	0	0
Mp1g12420	pos	0	0	0	0	0	1	0	1	1	0	1	1	0	1	1	1	0	0	1	1	0	1	0	1	0	1	0	0	1	0	1	0	1	1	0	1	0	0	1	1	1	0	0	0	1	1	0	1	1	0	0	1	0	0	1	0	0	1	0	0	1	1	1	0	1	0	0	0	1	0	0
Mp1g13110	pos	1	0	1	0	0	0	1	1	1	1	0	0	1	0	0	1	1	0	0	0	0	0	0	0	0	0	0	0	0	0	1	0	0	0	1	1	0	0	1	1	0	0	0	0	0	1	0	1	0	0	0	0	1	1	0	1	0	1	1	0	0	1	1	1	0	0	0	0	1	0	1
Mp1g17610	pos	1	0	0	1	0	1	1	1	0	1	0	0	0	0	1	1	0	0	1	0	0	1	0	0	0	0	1	1	0	0	1	0	0	0	0	0	1	0	1	1	0	0	0	1	0	0	0	1	0	1	1	0	0	0	0	0	0	0	1	0	0	0	0	0	0	1	0	1	1	0	0
Mp1g17670	pos	0	0	1	1	0	0	0	0	1	0	0	1	0	1	1	1	0	0	0	1	0	0	1	0	0	1	0	1	0	0	0	0	0	0	1	0	1	0	1	0	0	0	1	0	1	1	1	1	0	1	0	1	0	0	0	0	0	1	1	1	0	1	0	0	1	0	1	0	1	0	0
Mp1g17840	pos	0	0	1	0	0	0	0	1	0	1	0	1	0	1	1	0	0	0	0	1	0	0	0	1	0	1	0	0	0	0	1	1	1	0	1	1	0	0	1	1	0	0	1	0	1	0	1	1	0	1	1	1	0	0	0	1	0	1	1	0	1	1	0	0	1	0	1	0	0	0	0
Mp1g17910	pos	1	1	1	0	0	0	1	1	0	1	0	0	0	1	1	1	0	0	0	0	0	0	1	1	0	0	1	1	1	0	0	1	1	0	1	0	0	1	1	0	1	0	1	1	1	0	0	1	0	0	1	1	0	0	0	1	0	0	1	1	1	0	0	0	1	1	1	1	1	1	1
Mp1g20010	pos	0	0	1	0	0	1	1	0	1	1	0	0	0	1	1	0	1	0	1	0	0	0	1	1	0	1	1	1	1	0	1	1	0	0	1	1	1	0	1	0	1	0	0	1	0	1	0	1	0	0	1	1	0	0	1	1	0	1	0	0	1	0	0	1	0	1	1	0	0	1	1
Mp1g20830	pos	1	1	1	0	0	1	1	0	1	0	0	0	1	1	0	1	0	0	0	1	1	1	0	1	1	1	0	0	1	0	0	0	1	1	0	1	1	1	1	0	1	0	1	1	1	0	1	0	1	0	1	1	0	0	1	1	0	1	1	1	1	0	0	1	1	1	1	0	0	1	0
Mp1g21980	pos	0	0	0	0	0	1	1	1	0	0	0	0	1	1	0	1	0	1	1	0	0	1	1	1	1	1	1	1	0	0	0	1	1	0	1	0	1	0	0	1	0	0	1	0	1	0	0	1	0	1	1	1	1	0	0	1	0	0	1	0	1	1	1	1	1	1	1	1	1	1	1
Mp1g23430	pos	0	0	0	0	0	0	1	0	1	0	1	1	1	0	1	1	1	0	0	0	0	0	0	0	0	0	0	1	1	0	0	0	0	0	0	0	1	1	0	0	1	0	0	0	0	1	1	0	0	0	0	0	0	0	0	1	0	1	0	0	0	0	0	0	0	1	1	1	0	0	0
Mp1g24830	pos	1	0	1	0	0	0	0	0	1	0	0	0	0	0	0	0	0	0	1	0	0	0	1	1	0	1	1	0	0	0	0	0	1	1	1	0	1	1	0	1	0	0	0	1	1	1	0	0	0	1	1	0	0	0	0	0	0	0	1	1	1	0	0	0	0	1	1	1	0	0	1
Mp1g25130	pos	1	0	1	0	0	0	0	0	1	1	0	0	0	1	1	1	0	0	1	0	0	0	1	1	1	1	1	0	1	1	1	1	1	0	1	1	0	1	1	0	0	0	0	1	1	1	1	1	1	1	1	1	0	0	1	1	1	1	1	0	0	1	1	1	1	1	1	0	1	0	0
Mp1g25980	pos	1	0	1	0	0	1	0	0	0	1	0	1	1	1	1	0	0	0	0	1	0	1	1	0	0	1	0	0	0	0	1	0	1	0	1	1	1	0	1	1	1	0	0	0	1	0	0	1	0	1	0	0	1	0	0	1	0	0	0	0	1	1	1	0	1	0	1	1	1	1	0
Mp1g26230	pos	1	1	1	0	0	0	0	1	0	1	1	1	1	1	1	1	1	0	0	0	0	0	1	1	1	0	0	1	1	0	1	0	1	0	0	1	0	0	0	0	1	0	1	0	1	1	1	1	0	1	1	1	0	0	1	1	0	1	1	0	1	0	0	0	0	1	1	0	0	0	0
Mp1g26920	pos	0	0	1	0	1	1	1	1	0	1	1	0	0	1	1	0	1	0	0	0	0	1	0	1	0	0	1	1	0	1	0	1	0	0	1	0	1	0	1	1	1	0	0	1	1	0	0	0	1	0	0	0	1	0	0	0	0	0	1	0	0	0	0	0	1	1	0	0	0	1	1
Mp1g27920	pos	1	0	0	0	0	0	1	1	1	0	0	1	0	0	1	0	0	0	0	0	0	1	0	0	0	1	0	1	1	0	0	1	1	1	1	1	0	1	1	0	1	0	1	1	1	0	0	1	0	1	0	0	0	0	0	0	0	1	1	0	1	0	0	1	0	0	1	1	1	0	1
Mp1g28180	pos	1	0	0	0	0	0	1	1	1	1	0	0	1	1	1	1	0	0	1	1	0	0	0	1	0	0	1	1	1	0	1	0	1	0	1	0	0	1	1	0	1	1	1	0	0	1	0	0	0	1	1	1	0	0	1	1	0	0	1	0	0	0	0	0	1	0	0	0	0	1	1
Mp1g28780	pos	1	0	0	0	0	0	0	1	1	1	0	1	0	1	0	1	1	1	1	1	0	1	0	0	0	0	1	1	1	1	0	0	1	0	1	1	1	1	1	1	1	0	0	1	1	1	0	1	0	1	0	0	0	0	0	0	0	1	0	0	1	0	0	1	0	1	1	0	1	0	1
Mp1g29350	pos	1	1	1	0	1	0	1	1	0	0	0	0	0	1	1	1	1	0	1	1	0	1	0	0	0	1	1	1	0	0	1	1	0	0	1	1	0	0	1	0	1	0	0	0	1	1	0	0	0	1	1	0	0	0	0	1	0	1	1	0	0	0	0	0	0	1	1	0	1	0	1
Mp2g01420	pos	0	0	1	0	0	0	1	0	0	0	1	0	0	1	0	0	1	0	1	1	0	1	0	1	1	1	1	1	0	0	0	1	0	0	0	1	1	1	0	0	0	0	0	1	1	0	1	1	0	0	0	1	0	0	0	0	0	1	1	0	1	1	1	0	1	1	1	0	0	1	0
Mp2g01710	pos	1	0	0	0	0	0	1	1	1	1	0	1	0	1	1	1	0	0	1	0	0	0	1	1	0	0	1	0	0	1	0	1	1	0	1	1	1	1	1	1	1	0	0	0	1	1	1	1	0	0	0	0	0	0	0	0	0	1	0	0	0	0	0	0	0	0	0	0	0	1	1
Mp2g02090	pos	1	1	0	0	1	0	0	0	1	1	0	0	0	1	1	1	1	0	0	0	0	1	1	1	0	0	1	0	1	1	0	1	1	1	0	0	1	1	1	0	1	0	0	0	0	1	0	0	0	0	1	0	1	0	0	1	0	1	0	0	0	1	1	1	0	1	1	1	0	0	0
Mp2g02520	pos	0	0	0	0	0	0	1	0	0	0	0	1	1	1	0	1	0	1	1	0	0	1	0	0	0	1	0	1	0	0	0	1	1	1	1	1	1	1	0	1	1	0	1	0	1	1	1	0	0	0	0	0	0	0	0	1	0	1	1	0	1	0	0	0	1	1	1	0	0	0	1
Mp2g04920	pos	0	0	0	0	1	0	0	1	1	0	0	0	1	0	1	0	0	0	1	0	0	1	0	0	0	0	1	1	0	1	0	0	0	0	1	1	0	1	1	0	0	0	0	1	0	1	0	0	0	1	0	0	0	0	0	0	0	1	1	0	0	1	0	1	0	0	1	0	1	0	1
Mp2g05910	pos	1	1	0	0	0	1	1	0	0	0	0	1	1	1	1	1	1	0	1	1	0	0	1	1	1	1	0	1	0	0	1	0	1	1	1	0	0	0	0	1	0	0	0	0	1	1	0	1	0	1	1	1	0	0	1	1	0	1	1	1	1	0	0	1	1	0	1	1	1	1	0
Mp2g06780	pos	1	0	1	0	0	0	0	1	1	1	0	0	0	1	1	0	0	0	1	0	0	0	0	0	0	1	0	1	0	0	0	0	1	0	1	0	1	1	1	1	1	0	0	1	1	1	0	1	0	0	0	0	0	0	0	1	0	1	0	0	1	0	0	1	0	0	1	0	1	0	0
Mp2g07500	pos	1	1	1	0	0	1	1	1	0	1	0	0	1	1	1	1	1	0	1	0	0	0	1	0	0	0	1	1	1	0	1	1	0	0	1	0	1	0	1	1	1	0	1	1	1	0	0	0	0	0	1	1	0	0	1	1	0	1	0	0	1	1	0	1	0	0	0	0	0	0	1
Mp2g07510	pos	1	0	1	0	0	0	0	1	0	0	0	1	1	0	1	0	0	0	1	0	0	1	1	1	0	1	1	1	1	0	0	1	1	1	1	0	1	0	0	1	1	0	1	1	1	0	1	0	0	0	0	0	1	0	0	1	1	0	0	0	0	1	0	0	1	0	0	1	1	1	1
Mp2g08290	pos	1	1	0	0	0	0	1	1	0	1	0	1	0	1	1	0	1	0	0	1	1	0	0	0	0	0	1	1	1	0	1	1	0	0	1	1	1	1	0	1	1	0	0	0	0	1	0	0	0	1	1	1	1	0	0	0	0	1	0	0	1	0	0	0	0	0	1	0	1	1	1
Mp2g09200	pos	1	1	1	0	0	1	1	1	1	1	0	0	0	1	1	1	1	0	0	1	1	1	1	0	0	0	0	1	1	0	1	1	1	0	1	0	0	1	1	0	1	0	1	1	1	0	0	0	0	1	1	0	0	0	0	1	0	0	0	0	0	1	0	1	0	1	1	1	1	1	1
Mp2g09560	pos	0	0	1	0	0	0	1	0	0	0	0	0	0	1	1	1	0	1	1	0	0	0	1	1	1	0	0	0	0	0	1	1	1	1	1	0	1	0	1	1	1	0	0	1	1	0	0	1	0	0	0	0	0	0	0	0	0	1	0	0	1	0	0	0	0	0	0	0	0	0	1
Mp2g09820	pos	0	0	1	0	0	1	0	1	0	0	0	0	1	0	0	0	0	0	0	0	0	0	1	1	0	1	0	1	0	0	1	1	1	1	1	1	0	1	1	1	1	0	1	1	0	1	0	0	0	1	1	1	1	0	0	0	0	1	1	0	0	0	0	0	1	0	1	0	0	1	1
Mp2g10090	pos	0	0	1	0	0	1	0	0	0	1	1	0	0	1	1	0	0	0	0	1	1	1	0	0	0	1	0	1	1	0	0	1	1	0	1	0	1	1	0	0	0	0	0	0	1	0	0	1	0	0	1	0	1	0	0	0	0	1	0	0	0	0	0	1	1	0	1	0	0	1	0
Mp2g11960	pos	1	0	1	0	0	1	1	1	0	0	1	1	1	0	1	1	1	0	1	0	0	0	0	1	0	1	1	1	1	1	1	1	1	0	0	1	1	0	0	0	1	1	1	0	1	1	0	0	1	1	0	0	1	0	0	0	0	0	0	0	1	1	0	1	0	0	1	0	0	0	0
Mp2g12220	pos	0	0	1	0	0	0	1	1	1	1	0	1	1	1	1	1	1	0	1	0	0	1	0	1	1	0	1	1	1	1	1	1	0	0	0	1	0	0	1	0	0	1	1	1	1	0	1	0	0	1	1	1	0	0	1	0	0	0	1	0	1	1	0	1	1	1	1	1	0	0	0
Mp2g12940	pos	0	0	1	0	0	1	1	0	0	1	0	0	0	1	1	0	0	0	1	0	0	1	1	1	0	0	1	0	0	1	1	1	0	0	1	1	1	1	0	0	0	0	0	0	0	1	0	0	0	0	0	0	0	0	0	1	0	1	1	0	0	1	0	1	0	0	0	0	0	0	1
Mp2g13870	pos	1	1	1	0	0	0	1	1	0	0	0	0	1	0	1	1	0	1	1	0	0	1	0	1	1	0	0	0	0	1	0	1	0	0	1	1	0	0	1	1	1	0	0	1	0	1	0	1	0	0	0	1	0	0	1	1	0	0	0	0	0	0	0	0	0	0	0	0	1	1	1
Mp2g15690	pos	1	0	1	0	0	0	1	1	0	1	0	1	0	0	0	1	1	0	1	0	0	0	0	1	1	1	0	1	1	0	0	0	1	0	1	1	0	0	1	1	1	0	1	1	1	1	0	0	1	1	0	0	0	0	0	1	0	1	1	0	0	0	0	0	0	1	1	0	0	1	1
Mp2g15700	pos	0	0	1	0	0	1	1	1	0	0	0	1	1	1	1	1	0	0	1	0	0	1	0	1	1	0	1	0	1	0	1	0	0	0	1	1	0	1	1	1	0	0	1	0	1	1	1	1	0	1	0	1	1	0	1	1	0	1	1	0	1	0	0	1	1	1	1	0	1	1	1
Mp2g16130	pos	0	0	1	0	1	0	1	0	0	0	0	1	0	1	1	0	1	0	0	0	0	1	1	1	1	0	1	1	0	0	0	0	0	0	0	1	0	0	1	0	0	0	0	1	0	0	0	0	0	0	0	0	0	0	0	0	0	0	1	0	1	0	0	0	1	0	0	1	0	0	1
Mp2g17500	pos	0	0	1	0	0	1	0	0	1	0	0	0	1	1	1	1	0	0	1	1	1	0	1	1	1	1	0	0	1	0	1	1	1	1	0	1	1	0	1	0	0	0	0	1	1	1	1	1	1	1	0	0	0	1	0	1	0	1	1	0	1	1	0	0	1	0	1	0	0	0	0
Mp2g18080	pos	0	0	1	0	0	0	1	0	1	0	0	0	1	1	1	0	1	0	0	0	0	0	0	1	0	0	0	1	0	1	1	0	1	1	1	0	0	1	1	1	1	0	0	1	1	0	1	1	0	1	1	0	1	0	0	0	0	0	0	0	0	0	0	0	1	1	0	1	1	0	1
Mp2g18760	pos	0	0	0	0	0	0	0	1	1	1	0	0	1	0	1	1	1	0	1	0	0	1	0	1	0	0	1	0	1	0	0	0	1	0	1	1	1	1	1	0	1	0	0	0	1	1	0	1	1	0	1	1	0	0	1	1	0	1	1	0	0	1	0	1	0	1	1	1	0	1	0
Mp2g20470	pos	0	0	1	0	0	0	1	1	0	0	0	0	1	1	0	1	1	0	1	0	0	0	0	1	1	1	1	1	1	1	0	0	0	0	1	0	0	1	1	1	1	0	1	1	0	1	0	1	0	1	0	0	0	0	0	1	0	1	0	0	0	0	0	1	1	1	0	0	1	0	0
Mp2g21710	pos	0	0	1	1	0	0	1	1	1	1	1	0	0	0	1	1	1	0	1	0	0	1	0	0	0	0	0	1	1	0	1	1	0	0	1	1	1	0	0	0	1	0	0	1	0	1	1	0	0	1	1	1	0	0	0	1	0	1	1	0	0	1	0	1	1	1	1	0	1	1	0
Mp2g22350	pos	0	0	0	0	0	1	0	1	0	0	0	0	0	0	1	1	0	0	0	0	0	1	0	1	0	1	0	0	1	1	0	0	1	1	0	1	1	1	1	1	0	0	1	0	0	0	0	0	0	1	0	1	1	0	0	1	0	0	0	0	0	0	0	0	1	1	1	0	0	0	1
Mp2g24070	pos	0	0	0	0	0	1	1	0	0	1	0	1	1	0	0	0	1	0	0	0	0	0	1	0	0	0	0	0	1	0	0	0	1	0	1	0	0	0	0	1	1	0	1	0	1	0	0	1	0	0	1	0	0	0	0	1	0	1	1	1	0	0	0	0	0	1	0	0	1	0	0
Mp2g24490	pos	0	0	1	0	0	0	1	0	0	1	0	0	0	1	1	0	1	0	1	0	0	1	1	1	0	0	1	1	0	0	1	1	0	0	1	1	0	1	1	1	0	0	1	1	1	1	0	1	0	1	1	1	0	0	1	1	0	1	1	1	0	0	0	1	0	0	1	0	0	0	0
Mp2g25180	pos	1	0	0	0	1	0	0	1	0	1	0	0	0	1	1	1	0	1	1	1	0	0	1	1	0	1	1	0	1	1	0	1	0	0	1	1	1	1	1	1	1	1	1	1	1	0	0	1	1	0	1	0	1	0	0	1	0	1	1	0	0	0	0	0	1	1	1	0	1	1	0
Mp3g01320	pos	1	1	0	1	0	1	1	0	0	1	0	0	0	1	1	1	0	0	1	0	0	1	1	1	1	0	1	1	1	0	0	0	1	0	0	1	1	0	0	1	1	0	0	1	1	1	0	0	0	0	1	1	0	0	1	1	1	1	0	0	0	0	0	1	0	0	0	0	1	1	1
Mp3g01920	pos	1	0	0	0	0	1	1	0	1	1	0	0	1	1	1	1	1	0	1	1	1	0	1	0	0	1	0	0	1	1	1	0	1	1	1	1	1	0	1	0	0	0	1	1	1	1	1	1	0	0	1	0	1	0	0	1	1	1	1	0	0	1	0	0	1	0	1	0	1	1	1
Mp3g01940	pos	0	0	0	1	0	0	1	0	0	1	0	1	1	1	1	0	1	0	0	1	1	0	0	0	0	1	1	1	1	0	1	0	1	1	1	1	1	0	1	0	0	0	1	1	1	1	1	0	0	1	1	0	0	0	0	0	1	1	1	0	0	1	0	1	1	1	0	1	0	1	1
Mp3g03350	pos	0	0	0	0	0	0	1	0	0	0	0	0	0	0	1	0	1	0	0	0	0	0	0	0	0	0	1	0	1	0	0	0	1	1	0	1	0	1	1	0	1	0	1	1	1	0	0	0	0	0	0	0	0	0	0	1	1	1	1	0	0	0	0	1	0	1	0	1	1	1	1
Mp3g03530	pos	1	0	0	0	0	0	1	1	0	1	0	0	0	1	1	0	1	0	1	0	0	1	0	0	0	0	0	1	0	0	1	0	1	0	0	1	0	1	1	1	1	0	1	0	0	0	0	0	0	1	1	0	1	0	0	0	0	1	1	0	0	0	0	1	0	1	1	0	1	1	0
Mp3g06140	pos	1	0	1	0	0	0	0	0	1	0	0	0	0	1	1	1	1	0	1	0	0	0	0	1	0	1	1	0	1	0	0	1	1	1	1	1	1	1	1	0	1	0	0	0	1	1	1	0	0	0	0	0	0	0	0	1	0	1	0	0	1	1	0	1	1	1	0	0	0	1	0
Mp3g06560	pos	1	1	0	1	0	0	0	1	0	0	1	1	1	1	1	0	1	0	1	0	0	0	0	0	0	0	0	1	1	0	1	0	1	1	1	1	0	1	1	1	1	0	0	0	0	1	1	0	0	0	1	1	0	0	1	1	0	1	1	1	1	0	0	1	0	1	1	0	0	0	1
Mp3g06570	pos	0	0	1	1	0	0	1	1	0	0	0	0	1	1	1	1	0	0	1	0	0	0	0	1	1	1	1	1	1	0	0	0	0	0	0	1	0	1	1	1	1	0	1	0	1	0	0	0	1	1	0	0	1	0	0	1	0	1	1	0	1	1	1	1	1	1	0	1	0	1	1
Mp3g06650	pos	1	1	1	0	0	0	1	1	0	0	1	0	1	0	1	1	0	0	1	0	0	0	1	1	0	1	0	1	1	1	1	0	1	1	1	1	1	1	1	1	1	0	1	1	1	0	1	0	0	1	1	0	1	1	0	0	0	1	1	1	1	0	0	1	0	1	1	0	1	0	1
Mp3g06970	pos	1	0	1	1	0	0	1	1	1	1	0	0	0	0	0	0	1	0	0	0	0	1	0	1	0	1	1	0	1	0	0	1	1	1	1	0	1	1	0	0	1	1	1	1	0	1	1	0	0	0	1	1	0	0	0	1	1	1	1	0	1	0	0	0	1	1	1	0	0	1	1
Mp3g07690	pos	1	1	1	0	0	0	1	0	0	1	0	1	0	1	1	1	1	0	0	1	1	1	0	1	0	1	1	1	1	0	0	1	1	0	1	1	1	1	1	1	0	0	1	1	1	1	0	1	0	0	1	0	0	0	0	1	1	1	1	0	0	0	0	1	0	1	1	1	0	1	1
Mp3g10210	pos	0	0	1	0	0	1	1	1	0	0	0	1	0	1	1	1	1	0	1	1	1	0	0	1	0	1	0	1	0	0	0	1	0	0	1	1	1	0	0	0	1	1	0	0	1	1	0	1	0	1	1	1	0	0	1	1	0	1	1	0	0	1	0	0	0	0	1	1	1	0	1
Mp3g10220	pos	0	0	1	0	0	1	0	1	0	0	0	1	1	1	0	1	0	0	0	1	1	0	1	1	1	0	0	1	1	0	0	0	0	0	1	1	1	1	0	0	0	0	1	0	0	1	0	1	0	1	1	1	0	0	1	0	0	0	1	0	0	0	0	1	1	1	1	1	1	0	1
Mp3g10780	pos	1	0	0	0	0	0	0	0	1	0	0	1	0	0	1	0	1	0	1	0	0	1	1	0	0	1	0	0	1	0	0	1	1	1	0	1	1	1	1	0	0	0	1	0	0	0	1	1	0	1	1	1	1	0	1	1	1	0	0	0	0	1	0	1	1	1	1	1	0	1	0
Mp3g11280	pos	0	0	1	0	1	1	0	1	0	1	0	1	1	1	1	1	0	1	1	1	0	1	0	0	0	1	1	1	1	1	0	1	0	0	0	1	1	1	1	1	1	0	0	1	1	1	0	1	0	0	1	0	0	0	0	1	0	1	1	0	1	1	1	1	1	0	1	0	0	0	1
Mp3g11900	pos	0	0	0	0	1	0	1	1	0	1	1	1	1	1	1	1	0	0	0	1	0	0	1	0	0	1	1	0	0	0	0	0	0	0	1	1	0	1	1	1	0	0	0	0	1	1	0	0	0	1	1	0	0	0	0	0	0	0	0	0	0	0	0	1	1	0	1	0	0	0	1
Mp3g12570	pos	0	0	1	0	0	0	1	1	1	1	0	1	1	1	1	1	0	0	0	1	0	0	1	1	1	0	1	0	1	0	0	1	1	0	1	0	1	1	1	1	0	0	1	1	0	0	0	1	0	0	0	1	0	0	1	1	0	1	1	0	1	0	0	0	0	0	0	0	1	1	0
Mp3g12790	pos	0	0	0	0	0	1	0	0	0	0	0	0	0	1	1	1	0	0	1	0	0	1	1	0	0	0	0	0	0	0	1	1	1	0	1	1	1	1	0	0	1	0	0	0	1	1	1	1	0	0	1	0	1	0	0	1	0	1	0	0	1	0	0	0	0	0	1	0	0	1	1
Mp3g14660	pos	0	0	0	0	0	1	0	0	1	0	0	1	0	1	1	1	0	0	0	0	0	1	0	1	0	0	0	0	1	0	0	1	1	1	1	1	1	0	0	0	1	0	0	0	1	1	0	1	0	0	1	0	1	0	0	1	0	1	1	1	1	0	0	0	1	1	0	0	0	1	0
Mp3g14780	pos	0	0	1	0	0	1	1	1	1	1	0	1	1	1	0	0	0	0	0	0	0	0	1	0	0	1	0	1	0	0	0	1	1	1	0	0	1	1	1	0	1	0	1	1	1	1	1	1	1	0	0	1	0	0	1	1	0	1	1	1	0	0	0	0	1	0	1	0	1	0	1
Mp3g14900	pos	0	0	0	0	1	1	1	1	1	1	1	0	0	1	1	0	1	0	1	1	0	1	0	1	0	1	0	1	1	0	0	1	0	0	1	1	0	0	0	0	0	1	0	1	1	1	0	0	0	1	0	0	0	0	0	1	0	1	0	0	0	0	0	0	0	0	0	0	0	1	1
Mp3g15290	pos	1	0	1	0	0	1	1	1	1	1	0	0	0	1	1	0	0	0	0	0	0	1	0	1	0	1	1	0	1	0	1	1	1	0	1	1	0	1	0	1	1	0	1	1	1	1	1	1	1	1	1	1	1	0	1	0	0	1	0	0	0	1	0	0	1	0	1	1	1	1	1
Mp3g16340	pos	1	0	0	0	0	0	0	1	0	0	0	1	0	1	1	1	1	0	0	0	0	1	1	0	0	1	0	1	1	1	1	0	0	0	0	0	0	1	1	1	1	0	1	1	1	1	0	0	0	1	0	1	0	0	1	1	0	1	1	1	0	0	0	1	0	0	1	0	0	1	0
Mp3g16430	pos	1	0	0	0	1	0	0	1	1	1	0	0	0	0	1	0	0	0	0	0	0	1	1	1	0	0	0	1	0	0	0	0	1	1	1	1	1	1	1	0	0	0	0	1	1	0	1	1	0	1	0	1	0	0	1	1	0	1	0	0	1	1	0	0	1	1	1	1	1	1	1
Mp3g16520	pos	0	0	1	0	0	0	0	0	1	0	0	0	0	0	1	1	0	0	1	0	0	1	1	1	1	1	0	1	1	0	0	0	0	0	1	1	1	0	1	1	1	0	1	0	0	1	0	1	0	1	1	1	0	0	1	1	0	1	0	0	0	0	0	1	1	1	0	0	1	1	1
Mp3g16770	pos	1	1	0	0	0	1	1	0	0	0	0	1	1	1	0	1	0	0	0	0	0	0	1	1	0	1	0	0	1	1	0	0	1	1	0	0	1	0	1	1	1	0	1	0	1	1	0	1	0	1	0	0	0	0	0	0	0	1	0	0	0	1	1	0	1	1	1	1	0	0	0
Mp3g18050	pos	0	0	0	0	0	1	1	1	1	0	1	1	1	1	1	0	0	0	1	0	0	1	0	1	1	0	0	1	0	0	1	1	1	1	0	1	1	1	0	0	0	1	1	0	1	1	1	1	0	1	0	1	0	1	1	0	0	1	0	0	1	1	1	0	1	0	1	0	1	1	0
Mp3g19350	pos	0	0	1	1	0	0	0	1	0	1	1	0	1	0	1	1	0	0	1	0	0	1	1	1	1	1	1	0	0	0	1	1	0	0	1	0	0	1	0	1	1	0	0	0	1	0	1	1	1	0	0	1	1	0	0	0	0	0	1	0	1	0	0	1	1	0	0	1	1	1	1
Mp3g19390	pos	0	0	1	0	0	0	1	1	0	0	0	1	0	1	0	0	0	0	0	1	1	0	0	1	1	0	1	1	1	0	1	1	0	0	1	1	1	1	1	1	1	0	1	0	1	0	1	1	0	1	1	1	0	0	1	0	0	1	0	0	0	0	0	1	0	0	1	1	0	1	0
Mp3g19610	pos	1	1	0	0	0	0	0	1	0	1	1	1	0	1	0	0	0	0	1	1	1	0	0	1	1	0	1	1	1	0	0	0	1	0	0	1	1	1	1	1	0	0	1	1	1	0	0	1	0	0	0	1	1	0	0	1	0	0	1	0	1	0	0	0	0	1	1	0	0	0	1
Mp3g20750	pos	1	0	1	0	0	0	0	1	1	1	1	1	0	0	1	1	1	0	1	0	0	0	1	0	0	1	0	1	0	0	0	0	1	0	1	1	1	1	1	1	0	0	1	1	1	0	0	0	1	0	0	0	0	0	0	1	0	1	0	0	0	1	0	1	0	1	1	1	1	0	0
Mp3g22220	pos	1	0	1	0	0	0	1	0	0	1	0	0	1	1	0	1	1	0	1	0	0	1	1	1	1	1	1	1	1	0	0	1	1	1	1	0	1	1	1	0	0	0	1	1	1	1	0	1	0	1	1	1	0	0	1	0	0	1	0	0	1	0	0	1	1	0	1	0	0	1	0
Mp3g22240	pos	0	0	1	0	0	1	1	1	0	0	0	1	0	1	0	1	1	0	1	1	0	1	0	1	0	1	0	0	1	1	0	1	0	0	0	1	1	1	1	0	1	0	0	0	1	0	0	0	0	0	1	0	0	0	0	1	0	1	1	0	1	1	0	1	1	1	1	0	1	1	0
Mp3g25440	pos	1	0	0	0	0	0	0	1	1	1	0	0	0	1	1	1	1	0	1	0	0	1	0	1	1	0	0	0	0	1	1	1	1	1	1	1	1	0	1	0	0	1	0	0	1	1	1	0	1	1	0	1	0	0	0	1	0	1	0	0	0	1	1	0	0	0	1	0	1	1	1
Mp3g25450	pos	1	0	1	0	0	1	1	1	0	1	0	1	0	0	1	1	1	1	0	0	0	1	1	0	0	1	0	1	0	0	1	1	1	1	0	1	1	1	1	0	1	0	0	1	1	1	1	1	0	0	1	1	0	0	0	1	0	1	1	0	0	1	0	1	0	0	0	0	1	1	1
Mp4g00380	pos	0	0	1	0	0	1	1	1	1	1	0	0	0	1	0	0	1	0	1	1	1	0	1	1	0	1	0	0	1	0	1	0	1	0	0	1	0	1	1	0	1	0	0	1	1	1	0	1	1	0	1	0	0	1	0	0	0	1	1	0	1	0	0	0	1	0	1	0	1	0	1
Mp4g00520	pos	1	0	1	0	0	0	1	0	0	1	1	0	0	1	1	0	1	0	1	0	0	0	0	1	1	0	0	1	1	0	0	1	0	0	0	1	0	1	1	1	1	0	0	0	1	0	1	1	1	0	0	0	0	0	0	1	0	1	0	0	0	0	0	0	0	1	1	0	0	1	1
Mp4g02090	pos	1	1	0	0	0	1	0	0	1	0	1	0	1	1	0	1	1	0	1	1	1	0	1	1	1	0	0	1	1	0	0	0	0	0	1	1	1	1	0	0	1	0	0	0	1	0	0	0	0	1	1	0	0	0	0	1	0	1	1	0	1	0	0	0	0	1	0	0	0	1	0
Mp4g03120	pos	0	0	1	1	0	1	1	1	1	0	0	0	0	0	1	1	1	0	0	0	0	1	1	1	0	0	1	0	0	0	1	0	1	1	1	0	1	1	1	1	0	0	1	0	1	1	0	0	0	0	1	0	0	0	0	0	0	0	0	0	1	0	0	1	0	1	0	0	1	0	0
Mp4g04230	pos	0	0	1	0	0	1	0	0	0	0	0	0	1	0	1	1	1	0	1	0	0	0	1	0	0	1	0	0	1	0	1	0	0	0	0	0	1	1	1	1	0	0	0	0	1	0	0	1	0	0	0	1	0	0	1	0	0	1	0	0	1	0	0	0	0	0	0	1	0	0	0
Mp4g05170	pos	1	1	1	0	0	0	1	1	0	0	0	1	0	1	1	1	1	0	0	0	0	1	1	1	1	0	0	0	1	0	0	0	0	0	1	0	1	0	1	1	1	0	0	0	1	1	0	1	0	1	1	0	0	0	0	1	1	0	1	1	0	0	0	1	1	1	1	1	0	1	1
Mp4g05440	pos	1	1	1	0	0	1	1	1	0	1	1	1	0	1	0	0	1	0	0	0	0	0	1	1	1	1	0	1	1	1	1	0	1	1	1	1	1	0	0	0	1	0	1	0	1	1	0	0	0	1	0	1	1	0	0	1	0	1	0	0	1	1	0	1	0	1	1	1	1	1	0
Mp4g05450	pos	1	1	1	0	0	1	1	0	1	0	0	0	0	0	0	0	1	0	1	0	0	0	1	1	1	1	0	0	0	0	0	0	0	0	0	1	0	1	0	1	1	0	1	1	1	1	0	0	0	1	0	1	1	0	0	1	0	1	1	0	0	0	0	1	1	0	1	0	1	1	0
Mp4g06000	pos	1	1	1	0	0	1	1	0	0	1	0	1	0	0	1	0	0	0	1	0	0	0	1	0	0	1	0	1	0	0	0	1	1	1	1	1	1	1	1	0	0	0	0	1	1	0	0	0	0	1	0	1	0	0	1	0	0	1	1	0	0	0	0	1	1	1	1	0	0	0	1
Mp4g06290	pos	0	0	1	0	0	1	1	1	0	1	0	1	1	0	1	0	1	0	1	0	0	0	0	1	1	1	0	1	1	0	0	0	1	1	1	0	1	1	0	0	0	1	1	1	1	1	0	0	1	1	0	0	1	0	0	1	0	1	0	0	1	0	0	0	1	0	0	0	0	1	1
Mp4g07950	pos	0	0	1	0	0	0	1	1	0	1	0	0	0	1	1	1	1	0	0	1	0	1	0	1	1	1	1	0	1	1	1	0	0	0	0	0	1	1	0	0	1	0	1	1	1	1	0	0	1	1	1	0	0	0	0	0	1	1	0	0	0	1	0	1	0	1	1	0	0	1	1
Mp4g08670	pos	1	0	1	0	0	0	0	1	0	0	0	0	1	1	1	1	0	0	0	1	0	0	0	0	0	0	0	1	1	0	0	1	1	0	1	1	1	0	0	0	0	0	1	1	1	0	0	1	0	1	1	0	0	0	0	1	0	1	1	0	1	1	0	0	0	0	1	0	1	0	0
Mp4g08770	pos	1	0	0	0	0	1	1	1	0	0	0	1	1	0	0	1	1	0	0	0	0	0	1	1	1	0	1	0	1	0	0	1	1	1	1	1	1	1	0	0	0	0	1	0	1	1	0	1	0	1	0	0	0	0	0	1	0	1	1	0	0	0	0	0	1	0	1	0	0	0	0
Mp4g09230	pos	1	0	1	0	1	1	1	1	0	0	0	1	1	0	0	1	1	0	1	0	0	0	1	1	0	1	0	1	1	0	0	1	1	0	1	0	0	1	1	0	1	0	1	1	1	1	1	0	0	1	1	1	0	0	1	0	1	1	0	0	0	0	0	1	0	1	0	0	1	1	1
Mp4g09410	pos	0	0	1	0	0	0	1	0	0	0	0	1	1	1	1	0	1	0	0	1	0	1	0	1	1	1	0	0	1	1	0	0	1	1	1	1	0	1	1	0	1	0	1	1	1	0	0	0	0	1	1	1	0	1	1	1	1	1	1	0	1	0	0	0	0	0	1	0	0	1	0
Mp4g10510	pos	0	0	1	1	0	1	1	1	1	0	0	0	1	1	1	1	1	0	0	0	0	0	0	0	0	1	0	0	1	0	0	1	0	0	1	1	1	0	1	0	1	0	0	1	0	1	1	1	0	0	0	0	0	0	0	1	0	1	1	0	1	0	0	0	0	0	1	0	0	0	1
Mp4g11600	pos	0	0	1	1	0	0	1	0	0	0	0	0	0	0	1	0	0	0	1	0	0	0	0	1	0	1	0	0	1	1	0	1	1	1	1	1	0	1	1	1	1	0	0	1	1	1	0	0	0	1	1	0	0	0	0	1	0	0	1	1	1	0	0	0	0	0	1	1	1	1	1
Mp4g12800	pos	1	1	0	0	0	0	0	1	1	1	1	1	1	0	1	1	0	0	1	0	0	0	0	1	1	0	0	0	0	1	0	0	0	0	0	0	1	1	1	1	1	0	0	1	1	1	1	0	0	0	0	0	1	0	0	0	0	1	0	0	0	0	0	1	0	0	0	1	0	1	0
Mp4g12810	pos	1	1	1	0	0	0	0	1	0	0	1	1	1	1	1	1	0	0	0	0	0	0	0	1	0	1	0	1	1	1	0	1	0	0	1	1	0	1	1	1	1	0	1	1	1	0	1	0	0	0	0	0	1	0	0	1	1	1	0	0	0	0	0	1	0	0	1	0	0	1	0
Mp4g13480	pos	1	0	1	0	0	0	1	1	1	0	1	0	0	1	1	1	0	0	0	0	0	1	1	1	0	1	0	1	1	0	1	0	1	0	1	0	1	1	1	0	1	0	0	1	1	0	0	1	0	1	0	1	0	0	0	1	1	1	0	0	1	1	1	0	1	1	1	1	0	0	1
Mp4g13720	pos	1	1	0	0	1	0	1	1	0	0	1	1	1	0	1	1	0	0	1	0	0	0	0	0	0	0	0	1	1	1	0	1	0	0	1	1	1	1	0	0	0	0	1	1	0	1	0	0	1	0	1	0	0	1	0	0	1	0	0	0	0	1	0	1	0	1	0	0	1	0	1
Mp4g13730	pos	1	0	1	0	0	1	1	1	0	0	0	0	0	1	1	1	1	1	0	0	0	0	1	1	1	0	1	0	1	0	1	0	0	0	0	1	0	1	1	0	0	0	1	1	1	1	0	0	0	1	0	0	0	0	0	1	0	1	0	0	1	0	0	1	1	0	1	1	1	0	0
Mp4g13840	pos	1	0	0	0	0	0	0	0	0	1	0	0	0	1	1	1	0	0	1	0	0	1	0	1	1	1	0	1	1	0	0	0	0	0	0	0	0	1	1	0	0	0	1	0	0	0	1	1	0	0	1	0	0	0	0	1	0	1	1	1	0	0	0	0	1	1	1	1	1	1	1
Mp4g14980	pos	1	0	1	1	0	1	1	1	0	0	0	0	0	1	1	1	1	1	1	0	0	0	1	0	0	1	0	0	1	1	1	1	0	0	1	0	1	1	1	1	1	0	1	1	1	0	1	0	0	1	1	0	0	0	0	1	1	1	1	0	0	0	0	1	0	1	0	1	0	0	0
Mp4g15010	pos	1	1	1	0	0	1	1	0	0	0	0	1	0	1	0	1	0	0	0	0	0	0	1	0	0	1	0	0	1	0	1	1	1	1	0	0	0	1	1	0	0	0	1	1	0	0	0	0	0	1	0	0	0	0	0	1	0	1	1	1	1	0	0	0	0	1	1	1	1	0	1
Mp4g16030	pos	1	0	0	0	0	1	1	1	0	0	0	0	0	1	1	1	0	0	1	0	0	0	1	1	1	1	1	0	0	0	0	1	1	0	1	0	0	1	1	0	1	0	1	1	1	0	1	0	0	1	1	1	0	1	0	1	0	1	1	0	0	0	0	0	1	1	0	0	1	0	1
Mp4g17420	pos	0	0	0	0	0	1	1	0	1	1	0	1	0	0	1	1	1	1	0	0	0	1	0	0	0	0	1	0	1	0	0	0	1	1	0	1	0	1	1	0	0	0	0	1	0	1	0	1	0	1	1	1	1	0	0	1	1	1	0	0	1	1	1	1	0	0	1	1	1	1	1
Mp4g18210	pos	0	0	1	0	0	1	1	1	0	0	0	0	0	1	0	0	1	0	0	1	1	1	1	1	0	1	0	1	1	0	0	1	1	1	0	0	1	0	0	0	0	0	1	0	1	1	0	0	0	0	1	0	0	0	0	0	0	1	1	0	0	0	0	1	1	0	1	0	0	1	0
Mp4g22280	pos	1	0	1	0	0	0	0	0	1	1	0	1	1	0	1	1	0	0	0	0	0	1	0	1	1	1	0	1	1	0	0	0	0	0	1	1	0	0	0	0	0	0	0	1	1	1	0	0	0	1	0	0	1	0	0	1	0	1	1	0	1	1	0	1	1	1	1	0	0	0	1
Mp4g23370	pos	1	1	1	0	0	0	1	1	0	0	0	1	1	0	0	1	1	0	1	0	0	1	0	1	0	1	1	0	0	0	0	0	0	0	0	1	0	1	1	1	0	0	1	1	0	1	0	0	1	0	1	0	0	0	0	0	0	1	1	0	0	0	0	1	1	1	1	0	0	0	1
Mp4g23480	pos	0	0	0	1	0	0	1	0	0	0	1	0	0	1	1	1	0	0	0	1	1	0	0	0	0	1	0	1	0	0	0	0	0	0	0	1	1	0	0	0	0	0	0	1	1	0	0	1	0	1	0	0	1	0	0	1	0	1	0	0	0	1	0	1	1	0	1	0	0	1	0
Mp5g00470	pos	1	0	0	0	0	1	0	1	0	1	0	1	1	1	1	1	0	1	1	0	0	0	1	0	0	1	0	1	1	1	1	1	0	0	1	0	0	0	0	0	1	0	0	1	1	1	0	1	0	0	0	0	0	0	0	0	1	1	0	0	1	0	0	0	0	1	0	1	0	1	0
Mp5g00560	pos	0	0	1	0	0	0	1	0	0	0	1	1	1	1	0	1	0	1	1	0	0	1	1	1	1	1	0	1	1	0	0	1	0	0	1	0	0	1	0	0	0	0	1	1	1	1	0	0	0	1	1	1	0	1	1	1	0	1	0	0	0	1	1	1	1	1	0	0	0	1	1
Mp5g00590	pos	0	0	1	0	0	0	1	1	0	1	0	1	1	0	1	1	1	0	0	0	0	0	1	1	1	1	0	0	1	0	0	0	0	0	1	1	1	0	1	1	0	0	0	0	1	1	1	1	0	0	1	0	1	0	0	0	1	0	1	1	0	0	0	0	1	1	0	1	1	1	0
Mp5g02800	pos	0	0	1	0	0	0	1	1	0	0	0	0	0	0	1	1	1	0	1	0	0	0	0	0	0	1	1	0	0	1	0	1	1	0	0	0	0	0	0	1	1	0	1	0	0	0	0	0	0	0	1	1	0	1	0	0	0	1	1	1	1	0	0	1	0	0	1	0	0	0	1
Mp5g04070	pos	0	0	0	0	0	0	1	1	0	1	0	1	0	1	0	0	0	0	0	0	0	0	0	0	0	0	1	0	0	1	1	0	0	0	0	0	1	0	0	0	1	0	1	0	1	1	0	1	0	1	1	0	0	0	0	0	0	1	0	0	1	0	0	0	1	0	0	0	1	0	0
Mp5g04760	pos	1	1	1	0	0	1	1	0	1	1	0	1	1	1	1	1	1	0	1	1	0	0	0	0	0	1	0	1	1	0	1	1	0	0	0	1	1	1	1	0	0	0	1	1	0	0	1	1	0	0	0	0	0	0	0	1	0	0	1	1	0	0	0	1	0	1	0	0	0	1	0
Mp5g05730	pos	1	1	0	0	0	0	0	1	0	0	1	0	0	1	1	1	1	1	0	0	0	1	0	0	0	0	0	0	0	0	1	0	1	0	1	0	1	1	1	1	1	0	1	0	0	1	1	0	0	0	0	0	0	0	0	1	0	1	1	0	0	0	0	0	0	1	0	1	1	0	0
Mp5g05830	pos	1	0	0	0	0	0	1	0	1	1	0	0	0	1	1	1	0	0	1	1	0	0	0	0	0	0	0	0	1	0	0	0	1	0	0	1	1	1	1	1	1	0	0	0	1	0	0	1	0	0	1	0	1	1	0	1	1	0	1	1	0	1	0	0	0	0	1	1	1	0	1
Mp5g06710	pos	1	0	1	0	0	0	1	1	1	1	0	0	1	1	1	1	1	0	1	1	1	1	1	1	0	0	1	1	0	0	0	1	1	0	1	1	1	1	1	0	1	0	1	0	1	1	1	0	0	1	0	1	0	0	0	1	0	1	0	0	1	1	0	0	1	1	1	1	0	0	1
Mp5g06970	pos	0	0	1	0	0	0	0	0	0	0	0	1	1	0	0	1	0	0	1	0	0	0	1	1	0	1	0	0	0	1	0	1	1	1	0	1	0	0	1	1	1	0	1	0	1	1	0	1	0	0	0	0	1	0	0	0	0	1	0	0	1	1	0	0	0	1	1	1	0	0	0
Mp5g07440	pos	0	0	0	1	0	1	1	0	0	1	1	1	0	1	1	1	0	1	0	1	1	1	0	1	1	0	1	1	1	1	1	1	1	1	0	1	1	0	0	0	0	1	0	0	1	1	0	1	0	0	1	0	1	0	0	1	0	1	1	0	1	0	0	0	1	1	1	1	1	0	0
Mp5g08910	pos	0	0	0	0	0	1	1	0	0	0	0	1	0	0	1	0	1	0	1	0	0	1	1	0	0	0	0	1	0	0	0	1	0	0	0	1	1	0	0	1	0	0	1	0	0	0	0	1	0	1	0	1	1	0	0	1	0	0	1	0	0	0	0	0	0	0	1	1	0	0	0
Mp5g09450	pos	1	0	1	0	1	0	1	0	0	0	0	1	1	0	1	1	0	1	1	0	0	0	0	0	0	1	0	1	1	0	0	1	0	0	0	1	1	1	1	0	1	0	1	0	1	1	0	1	0	1	1	0	0	0	0	1	0	0	0	0	0	0	0	0	1	1	1	1	0	1	1
Mp5g09760	pos	1	1	1	0	0	0	0	1	0	1	1	0	1	1	1	0	1	0	0	1	1	1	0	1	0	0	0	1	1	0	1	1	1	1	1	1	0	1	0	0	0	0	0	0	1	0	1	0	0	0	0	0	0	0	0	0	0	1	1	1	0	1	1	1	1	0	0	0	1	0	1
Mp5g09910	pos	1	0	1	0	0	0	1	1	0	1	0	0	1	0	1	1	0	0	1	0	0	0	1	1	0	1	1	0	1	0	1	0	0	0	1	0	0	1	0	0	1	0	0	0	0	0	0	1	0	0	0	1	1	0	0	1	0	0	0	0	1	0	0	0	1	1	0	1	0	0	1
Mp5g10120	pos	0	0	0	0	0	0	1	0	1	0	0	0	1	0	1	1	1	1	1	0	0	1	1	0	0	0	1	1	0	0	0	1	0	0	0	1	0	0	1	1	0	0	1	1	1	1	0	0	0	0	0	0	0	0	0	0	0	0	0	0	1	1	0	1	0	1	1	1	1	1	0
Mp5g10600	pos	0	0	1	0	0	1	1	0	0	0	0	1	0	0	0	1	0	0	1	0	0	1	1	1	1	0	1	1	1	0	0	1	0	0	1	0	1	1	1	1	1	0	0	0	1	0	1	1	1	1	0	0	1	0	0	0	0	1	0	0	1	0	0	0	0	0	0	1	0	0	0
Mp5g10690	pos	1	1	1	0	0	0	1	0	1	1	1	1	1	1	1	1	1	0	0	1	1	1	0	1	1	1	1	1	1	0	1	0	1	0	0	1	0	1	0	1	0	0	1	0	1	1	1	1	0	0	1	1	0	0	0	1	0	1	1	0	1	0	0	1	1	0	0	1	1	1	1
Mp5g11410	pos	1	1	1	0	0	0	1	0	0	1	0	0	0	1	0	1	0	0	0	0	0	1	1	1	1	1	1	1	0	0	0	0	0	0	0	1	0	0	1	0	1	1	0	1	1	1	1	0	0	1	0	1	0	1	0	1	0	1	1	1	1	0	0	0	0	1	1	1	0	1	1
Mp5g11440	pos	0	0	1	0	0	1	1	0	0	0	0	0	0	0	1	1	0	1	1	0	0	0	1	1	0	1	0	1	0	0	0	1	1	1	1	0	0	1	0	0	0	0	1	0	1	0	0	1	0	0	0	0	1	0	0	0	0	0	0	0	1	1	0	0	1	0	0	0	0	0	1
Mp5g13350	pos	0	0	1	0	0	0	1	1	1	0	0	0	1	0	0	1	1	0	0	0	0	0	0	1	0	1	1	0	0	1	0	1	1	0	1	0	0	0	1	0	1	0	1	1	1	0	0	1	0	0	0	1	0	0	0	1	0	1	0	0	0	1	1	0	0	0	0	0	0	1	0
Mp5g14050	pos	0	0	1	0	0	1	0	0	0	0	0	1	0	1	0	0	0	0	0	0	0	0	1	0	0	0	0	1	0	0	1	0	1	0	1	0	1	1	1	0	0	0	0	0	0	0	0	0	0	1	0	1	0	0	0	0	0	1	1	0	0	0	0	1	0	1	1	0	0	0	0
Mp5g14320	pos	0	0	0	0	0	0	0	0	1	0	0	1	0	0	1	1	1	0	1	0	0	1	0	1	0	0	0	1	0	1	1	1	1	1	1	0	1	1	0	0	1	0	1	1	0	0	1	1	0	1	0	1	0	0	1	0	0	1	1	0	1	0	0	1	1	0	1	0	0	1	1
Mp5g15390	pos	0	0	1	0	0	1	1	0	0	1	0	1	1	0	0	1	1	0	0	0	0	1	1	0	0	1	0	0	0	0	1	1	1	1	0	0	0	1	0	1	0	0	1	0	1	1	1	1	0	1	1	0	0	0	0	1	0	1	0	0	0	1	0	1	0	0	1	0	0	1	0
Mp5g15620	pos	1	0	1	0	0	1	1	1	1	1	0	0	1	1	0	0	0	0	0	1	1	1	0	1	1	1	1	1	1	0	1	0	1	0	1	1	1	1	0	0	0	0	0	1	1	0	1	1	0	0	0	1	0	0	1	1	0	1	0	0	1	1	1	0	1	0	1	0	0	1	1
Mp5g18250	pos	1	0	1	1	1	0	1	1	0	1	0	0	1	1	1	0	1	0	1	0	0	0	0	1	0	1	1	0	0	0	0	0	0	0	0	0	1	1	0	1	0	0	1	1	0	0	1	0	0	1	0	1	0	0	0	1	0	1	0	0	1	1	0	1	1	1	1	1	1	0	1
Mp5g18910	pos	0	0	1	0	0	0	0	0	0	1	0	0	0	1	0	1	0	0	1	0	0	1	0	1	1	1	1	1	1	0	0	0	1	0	1	1	0	1	0	0	1	0	1	1	1	1	0	1	0	1	1	0	0	0	0	0	0	1	1	1	1	1	0	0	1	0	1	0	1	1	0
Mp5g19190	pos	1	0	1	0	0	0	0	1	1	1	0	0	1	1	1	1	0	1	1	1	1	1	0	1	1	0	1	0	0	0	0	1	1	1	0	1	1	1	1	1	0	0	0	1	1	1	1	0	0	0	0	1	0	0	0	1	0	1	0	0	0	1	0	0	0	0	1	0	1	0	1
Mp5g19630	pos	0	0	1	0	0	0	1	1	1	0	0	1	1	1	0	0	0	0	0	0	0	0	0	0	0	1	1	1	0	0	1	1	0	0	1	0	0	0	1	0	1	0	1	1	0	1	0	1	0	0	1	0	0	0	0	0	0	0	0	0	1	1	0	1	1	1	1	1	0	0	0
Mp5g19970	pos	1	1	1	0	0	0	1	1	0	1	0	0	1	0	1	0	0	0	1	0	0	0	0	1	0	0	0	1	1	1	1	0	0	0	1	1	0	1	1	0	1	0	1	0	1	1	0	0	0	0	1	0	0	0	0	1	0	1	1	1	1	0	0	1	1	0	1	1	1	1	1
Mp5g21020	pos	0	0	0	0	0	1	1	0	1	1	0	0	1	0	0	1	0	0	0	0	0	0	0	0	0	0	0	1	0	0	1	0	1	1	0	1	1	1	1	1	1	0	1	0	0	0	0	1	0	1	0	1	0	0	0	0	0	0	0	0	1	1	0	0	0	0	1	1	1	1	0
Mp5g23550	pos	0	0	1	0	0	0	0	1	0	0	0	1	0	1	1	1	0	1	1	0	0	0	0	1	1	0	1	1	0	0	0	1	1	1	0	0	1	1	1	1	1	0	0	0	0	1	0	0	0	0	0	0	0	1	0	1	0	0	1	1	1	0	0	1	1	0	0	0	0	0	0
Mp5g24130	pos	1	0	1	1	0	0	1	1	1	1	0	0	0	1	1	1	1	0	0	0	0	0	1	1	0	1	1	0	1	0	0	0	0	0	1	1	1	1	0	0	0	1	0	1	1	0	1	0	0	1	1	1	0	0	1	1	0	0	0	0	0	0	0	1	1	0	0	0	1	1	1
Mp5g24400	pos	0	0	1	0	0	0	0	0	1	0	1	1	0	1	0	1	0	0	0	1	1	0	0	0	0	0	0	1	1	0	0	1	1	1	0	0	1	1	1	1	0	0	1	1	1	1	0	1	0	1	1	1	0	1	0	0	0	1	0	0	1	0	0	0	0	0	0	1	0	1	0
Mp5g24420	pos	1	0	1	0	0	0	0	0	1	0	0	1	0	1	1	1	0	0	0	1	1	0	0	1	1	0	1	1	1	0	0	1	1	0	0	0	1	1	1	1	0	0	1	1	0	1	0	1	0	0	1	1	0	1	0	0	0	1	0	0	1	0	0	0	0	0	0	0	0	1	0
Mp6g00130	pos	1	1	0	0	0	0	1	1	0	1	1	0	1	1	0	1	0	0	1	0	0	0	0	1	1	1	0	0	0	0	0	1	1	1	1	1	0	0	0	0	1	0	1	1	1	1	1	1	0	1	0	1	0	0	0	1	0	1	1	0	0	0	0	1	1	1	1	0	0	1	1
Mp6g01550	pos	1	1	0	0	0	0	0	1	0	1	0	1	1	1	0	1	0	0	1	1	0	0	1	1	0	1	0	0	1	1	0	0	1	1	0	0	1	1	1	1	1	0	0	0	1	1	0	1	1	1	1	1	0	0	1	1	0	0	1	1	1	0	0	0	1	1	0	0	1	1	0
Mp6g02020	pos	0	0	0	0	0	1	1	1	1	0	0	0	0	1	1	1	0	0	1	0	0	1	1	0	0	1	1	1	0	0	1	0	1	1	0	1	1	1	0	0	1	0	1	1	1	1	0	1	0	0	0	0	0	0	0	1	0	1	1	0	0	1	1	1	1	1	1	0	0	1	1
Mp6g02860	pos	0	0	1	0	0	1	0	1	0	0	0	1	0	1	1	0	1	0	0	0	0	0	0	1	1	1	1	0	0	0	1	0	1	1	1	0	0	1	1	0	1	0	0	1	1	1	1	0	0	1	0	0	0	0	0	1	0	1	1	1	1	0	0	0	1	0	1	0	0	0	1
Mp6g03310	pos	1	0	1	0	0	1	1	1	0	1	0	0	1	0	0	1	1	1	1	0	0	0	0	1	0	0	0	0	0	0	0	0	1	0	1	0	0	1	1	1	1	0	1	0	1	0	0	0	0	0	0	1	1	0	0	0	0	1	0	0	0	0	0	0	0	0	0	0	0	1	1
Mp6g03790	pos	0	0	1	0	0	0	1	1	0	0	0	1	0	0	1	0	0	0	0	0	0	0	0	0	0	1	0	0	0	0	0	1	0	0	1	1	0	1	1	1	1	0	0	0	1	0	1	0	0	1	0	0	1	0	0	1	0	0	1	1	0	0	0	0	0	0	1	1	1	1	0
Mp6g04880	pos	0	0	1	0	0	0	1	1	1	0	0	1	1	1	1	1	0	0	1	0	0	0	1	1	0	0	0	1	0	1	0	1	0	0	1	1	0	0	0	0	0	0	1	1	0	1	1	1	0	0	0	0	0	1	0	0	0	0	0	0	1	1	1	1	0	0	0	0	1	0	0
Mp6g05730	pos	0	0	1	0	0	0	0	1	1	0	0	1	0	0	1	0	1	0	1	0	0	0	0	1	0	1	0	0	1	1	0	1	1	1	0	0	1	1	1	0	1	1	0	0	0	0	1	0	0	0	0	0	0	0	0	1	1	0	0	0	1	1	1	1	1	1	1	1	0	1	1
Mp6g07560	pos	1	0	1	0	0	0	0	1	0	0	0	0	1	1	1	1	0	1	0	0	0	0	0	1	1	1	0	0	1	0	1	1	0	0	0	1	0	0	1	1	1	0	1	1	1	0	1	0	1	1	0	1	0	0	1	1	0	1	1	0	0	1	0	1	1	0	1	0	0	0	1
Mp6g09420	pos	1	0	1	0	0	0	1	1	0	0	0	0	0	0	1	1	0	0	1	0	0	1	0	1	1	1	0	0	0	0	1	1	0	0	1	0	1	1	0	1	1	0	0	1	1	0	0	0	0	0	1	0	0	0	0	0	0	1	1	0	1	0	0	1	1	1	1	0	1	1	1
Mp6g11340	pos	1	0	0	1	0	0	1	1	0	1	0	0	0	1	1	0	1	0	1	0	0	0	0	1	0	1	1	0	1	0	0	0	1	0	1	1	1	1	0	0	1	0	0	1	0	1	0	0	1	1	1	1	1	0	0	1	1	1	0	0	0	1	0	0	1	1	0	0	1	0	1
Mp6g11780	pos	0	0	1	0	1	0	1	1	1	0	0	0	0	1	0	0	0	0	0	0	0	1	1	1	0	1	0	1	0	0	0	0	1	0	0	0	0	0	0	1	0	0	1	1	1	1	0	1	0	0	1	0	1	0	0	1	0	1	1	0	1	0	0	0	1	1	1	1	0	0	0
Mp6g12090	pos	0	0	0	0	0	0	0	0	0	0	0	0	0	1	0	0	1	0	0	0	0	0	0	0	0	1	0	0	1	1	0	0	0	0	1	1	1	0	0	1	1	0	0	1	1	0	0	1	0	1	1	0	0	0	0	1	0	1	1	0	1	0	0	1	1	1	1	0	0	0	1
Mp6g12330	pos	1	0	1	0	0	0	1	0	0	1	0	0	0	0	1	1	0	1	1	0	0	1	0	1	0	1	0	0	1	0	0	0	1	0	0	0	1	1	1	0	1	0	1	1	1	1	0	1	0	0	0	1	0	0	0	1	0	0	1	0	0	1	0	1	1	1	1	0	0	1	1
Mp6g12970	pos	1	1	1	0	0	0	0	0	0	1	1	0	0	0	0	1	0	0	1	0	0	0	1	1	0	0	0	0	1	0	1	0	0	0	1	0	1	0	1	0	0	0	0	0	1	0	1	1	1	0	1	0	0	1	0	0	0	1	0	0	1	0	0	0	0	0	1	0	0	0	0
Mp6g13910	pos	0	0	1	0	0	1	0	1	1	1	0	1	0	1	1	1	1	0	0	0	0	0	1	1	0	1	0	0	1	0	1	1	0	0	1	1	0	1	0	0	1	0	1	1	0	1	0	0	0	0	1	1	0	0	1	0	0	1	0	0	0	0	0	1	1	1	1	1	1	1	1
Mp6g14340	pos	1	0	1	0	0	1	0	0	0	1	0	1	1	1	0	1	1	0	1	1	0	0	0	0	0	0	0	1	1	0	0	0	1	0	1	0	0	0	1	0	1	0	1	1	0	0	0	1	0	0	1	1	0	0	1	1	0	1	1	0	1	0	0	0	0	0	1	0	1	0	0
Mp6g15110	pos	0	0	0	0	0	1	0	1	1	0	0	1	1	0	0	1	0	0	0	0	0	0	0	0	0	1	0	1	0	1	0	0	1	0	0	0	1	1	0	0	0	0	1	0	1	1	1	1	0	1	0	1	0	0	0	0	0	1	1	0	1	1	0	0	1	0	0	0	0	0	0
Mp6g15680	pos	0	0	1	0	0	0	1	0	1	0	0	0	0	1	0	1	0	0	0	1	0	0	0	0	0	1	0	0	0	0	0	1	1	1	0	0	0	0	0	0	0	0	1	0	1	1	1	1	0	0	0	0	0	1	0	0	0	1	1	0	1	0	0	0	1	0	1	0	0	0	0
Mp6g15810	pos	1	0	1	0	0	1	1	1	0	1	1	0	0	0	0	1	1	0	0	0	0	0	1	1	0	1	1	0	0	0	0	1	1	1	0	1	1	1	1	1	1	0	0	1	0	0	0	1	0	1	1	1	0	0	0	0	0	1	0	0	0	0	0	1	1	0	0	1	0	1	1
Mp6g15820	pos	1	0	1	0	0	0	1	0	1	0	0	0	0	1	1	1	1	0	0	0	0	0	0	0	0	1	0	0	0	0	0	1	1	1	0	0	1	1	1	0	0	0	0	1	1	1	0	1	0	1	0	1	0	0	1	1	0	1	0	0	0	0	0	1	1	0	0	0	0	1	0
Mp6g16500	pos	0	0	1	0	0	0	0	0	0	0	0	1	0	0	0	1	0	0	0	0	0	0	1	0	0	1	1	1	0	0	0	1	0	0	1	1	0	0	1	1	0	0	0	1	1	0	0	1	1	0	0	0	0	0	0	0	0	0	1	0	1	0	0	0	1	0	1	0	0	0	0
Mp6g17260	pos	0	0	1	0	0	0	1	1	0	1	0	0	0	0	0	1	1	0	1	0	0	0	0	0	0	1	0	0	1	0	0	1	1	0	1	1	1	1	0	0	0	0	1	0	1	1	1	0	0	1	1	1	0	1	0	1	0	1	1	0	0	0	0	0	0	0	1	1	0	1	1
Mp6g17890	pos	1	1	1	0	0	1	0	1	0	1	0	0	0	0	0	1	1	1	0	0	0	1	1	1	1	1	1	0	1	0	0	0	0	0	0	1	1	1	1	0	1	0	0	0	1	1	0	0	1	1	0	1	1	0	1	1	0	1	1	1	0	1	1	1	1	1	1	0	1	1	1
Mp6g18940	pos	0	0	0	0	1	1	0	0	0	1	0	1	0	1	1	1	1	0	0	1	1	1	0	1	1	1	0	1	1	0	1	0	0	0	1	1	1	1	1	0	1	0	0	0	1	0	0	0	0	0	0	1	0	0	0	1	1	1	0	0	0	0	0	0	1	0	1	0	1	0	1
Mp6g19040	pos	1	1	1	0	1	1	1	1	1	0	1	0	0	1	1	0	0	0	0	0	0	1	1	1	1	0	1	1	1	1	0	1	1	0	0	1	1	0	1	1	1	0	0	0	1	1	1	0	0	1	1	1	0	0	0	0	1	1	0	0	0	0	0	1	1	1	1	1	1	0	1
Mp6g19530	pos	1	1	1	0	0	1	1	1	1	1	0	1	0	0	1	0	1	0	0	0	0	1	0	0	0	1	0	1	0	0	0	0	0	0	0	1	1	1	0	1	1	1	1	1	0	1	1	1	0	0	1	0	1	0	0	1	0	1	0	0	1	0	0	1	0	0	1	0	0	1	1
Mp7g01230	pos	0	0	0	0	0	0	0	1	1	0	0	1	0	0	1	1	0	0	0	0	0	1	1	0	0	1	0	0	0	1	0	1	0	0	0	1	1	0	1	1	1	0	0	0	1	0	0	1	0	0	0	1	1	0	0	0	0	1	0	0	0	1	0	1	0	0	1	1	0	1	1
Mp7g01390	pos	1	0	1	0	1	0	1	1	0	0	0	1	1	1	1	0	1	0	1	0	0	1	0	1	1	1	1	1	0	0	1	1	1	1	1	1	1	1	1	1	1	0	0	1	0	0	0	0	0	0	0	0	0	0	0	0	0	1	0	0	0	1	0	0	0	0	1	0	0	0	1
Mp7g01950	pos	1	0	1	0	0	1	1	1	0	0	1	1	1	0	0	1	1	1	1	0	0	0	1	0	0	1	0	0	0	0	0	0	1	1	0	1	1	0	0	0	0	0	1	0	0	0	0	0	0	1	0	0	0	0	0	0	0	1	0	0	1	0	0	0	1	0	0	0	0	0	0
Mp7g02470	pos	1	0	1	0	1	0	1	1	1	1	0	0	0	0	1	1	1	0	1	0	0	1	1	1	1	1	0	0	1	0	0	1	0	0	1	0	1	1	1	0	1	0	1	1	0	1	1	1	0	1	0	1	0	0	0	1	0	1	1	0	0	0	0	1	1	0	0	1	1	1	1
Mp7g03030	pos	0	0	1	0	0	0	1	1	0	1	0	1	0	1	1	0	1	0	0	1	1	1	1	1	1	0	0	1	0	0	1	0	1	1	1	1	1	0	0	1	0	0	0	0	0	1	0	0	0	0	0	1	0	0	1	0	0	1	0	0	0	1	1	0	1	0	1	1	0	0	1
Mp7g04650	pos	1	1	1	0	0	0	1	1	0	1	1	0	0	0	0	1	0	1	1	0	0	0	1	1	0	1	1	1	1	0	0	0	1	1	0	0	0	1	1	0	1	0	0	1	0	1	1	0	0	1	1	1	0	0	1	1	0	1	1	0	0	0	0	1	1	1	0	1	0	0	1
Mp7g05050	pos	1	1	1	0	1	1	0	0	0	1	0	1	0	0	1	0	0	0	0	0	0	0	0	1	1	1	0	0	0	0	1	0	1	0	0	0	0	1	0	0	0	0	0	1	1	1	1	1	0	0	1	1	0	0	0	1	0	0	0	0	1	1	0	0	1	0	0	0	1	1	1
Mp7g05170	pos	1	0	0	0	0	0	1	0	1	1	0	1	1	0	1	0	0	0	0	0	0	0	0	0	0	0	0	0	0	0	1	0	0	0	1	0	1	1	1	1	1	0	0	1	1	0	0	1	0	1	0	1	1	0	0	1	0	1	1	0	0	0	0	0	1	0	0	0	1	1	0
Mp7g06880	pos	0	0	1	0	0	0	0	1	0	0	0	0	1	1	0	0	0	0	1	0	0	0	1	1	0	1	0	0	0	0	1	0	1	1	0	0	0	1	1	0	0	0	1	1	1	1	0	0	0	1	0	1	0	0	0	0	0	1	0	0	0	0	0	0	0	0	1	0	0	0	1
Mp7g07330	pos	1	1	1	0	1	0	1	1	1	0	1	0	0	1	0	1	0	0	1	0	0	1	0	1	0	1	1	1	0	0	0	1	1	0	1	0	1	0	1	0	1	1	1	1	1	1	1	0	0	0	0	0	0	0	0	1	0	1	1	1	0	1	0	0	1	0	1	0	1	1	1
Mp7g08760	pos	1	0	1	0	0	1	1	0	1	0	0	1	0	1	1	1	0	1	0	0	0	0	0	1	1	1	1	1	0	0	0	0	1	0	1	1	1	1	1	0	0	0	1	0	1	1	1	0	0	1	0	1	0	0	1	0	0	1	1	0	1	1	0	1	0	0	0	0	0	0	0
Mp7g09070	pos	1	0	1	0	0	0	0	1	0	0	0	1	0	1	1	0	1	0	0	0	0	1	1	1	0	0	1	1	0	1	1	1	1	1	0	1	1	1	1	0	1	0	1	0	1	0	1	1	0	1	0	0	0	0	0	1	0	0	0	0	1	1	0	1	0	0	1	0	0	1	0
Mp7g10420	pos	1	0	1	0	0	0	1	0	1	1	0	1	0	1	1	1	0	0	1	1	1	0	1	1	0	1	0	1	0	0	0	0	1	1	1	1	1	1	1	0	1	0	1	0	1	1	1	1	0	1	1	1	0	0	0	1	0	0	0	0	0	0	0	0	0	0	1	1	1	1	1
Mp7g10800	pos	0	0	0	0	0	1	0	0	1	1	1	0	0	1	0	0	0	0	1	0	0	0	0	1	1	1	0	0	1	0	1	0	1	0	1	1	1	0	1	0	1	0	0	0	1	1	1	0	1	0	1	0	0	0	0	1	1	0	0	0	0	0	0	0	1	0	0	0	0	0	0
Mp7g11790	pos	0	0	1	0	0	1	1	1	1	1	0	0	1	0	1	1	1	0	0	0	0	0	0	1	0	1	0	0	1	0	0	1	1	1	1	1	1	0	1	0	1	0	0	1	1	0	0	1	1	0	1	0	0	0	0	0	0	0	1	0	0	1	1	0	1	1	1	0	0	0	0
Mp7g12080	pos	1	1	0	1	0	0	1	0	1	0	0	0	0	1	0	0	0	0	0	0	0	0	0	0	0	0	0	0	1	0	0	1	0	0	0	0	0	0	1	0	1	0	1	0	1	1	1	1	0	1	1	1	1	0	0	1	0	1	1	1	0	1	0	1	0	0	0	1	0	0	0
Mp7g15180	pos	1	0	1	0	0	1	0	1	0	0	1	0	0	1	0	1	1	0	1	0	0	1	0	1	0	1	0	0	1	1	0	0	1	1	1	0	1	0	0	0	1	1	0	0	1	0	0	0	0	0	1	1	0	0	1	0	1	1	1	1	0	0	0	0	1	1	1	0	0	0	1
Mp7g18470	pos	0	0	0	0	0	0	1	1	0	1	1	1	0	1	1	0	1	0	0	0	0	1	1	0	0	1	0	0	1	0	1	0	0	0	0	1	0	1	1	1	1	0	1	1	1	0	0	1	1	1	1	1	0	0	0	1	0	1	1	1	0	0	0	1	0	0	1	1	1	0	0
Mp7g19220	pos	0	0	1	0	0	1	0	1	1	1	0	0	1	1	1	1	0	0	0	0	0	0	1	1	0	1	1	1	0	0	1	1	0	0	1	0	1	0	0	1	1	0	0	0	1	0	1	0	0	0	1	1	0	0	0	0	0	0	0	0	0	1	1	1	0	0	0	0	1	0	1
Mp7g19700	pos	0	0	1	0	0	0	1	1	0	0	0	0	0	1	0	1	0	0	1	0	0	1	1	1	0	0	1	1	0	0	0	1	1	1	1	1	1	0	1	0	1	0	1	0	1	1	0	0	0	1	1	0	1	1	0	1	0	1	0	0	0	0	0	1	0	0	1	0	0	0	0
Mp8g00040	pos	0	0	0	0	1	1	0	1	0	0	1	0	0	0	1	1	1	0	1	0	0	1	1	0	0	1	0	0	0	1	1	0	0	0	1	0	1	0	0	0	1	0	0	1	1	0	1	0	0	1	1	0	0	0	0	1	0	1	0	0	0	0	0	0	0	0	1	0	0	1	0
Mp8g00560	pos	0	0	0	0	1	0	1	0	1	1	0	0	0	1	1	1	0	0	0	0	0	0	0	0	0	0	1	0	0	1	1	0	0	0	1	0	1	0	1	1	1	0	0	1	1	1	1	1	0	1	1	1	0	0	0	0	0	0	0	0	0	1	0	1	0	0	1	0	0	1	0
Mp8g00860	pos	1	1	1	0	0	0	1	1	0	1	1	0	0	0	1	1	0	0	1	0	0	0	0	1	1	1	0	1	0	0	0	0	1	0	0	1	1	1	1	0	1	0	0	1	1	1	0	1	0	1	0	1	0	0	0	1	0	0	1	0	1	1	0	0	0	1	1	0	1	1	1
Mp8g00920	pos	1	1	1	0	0	0	1	0	1	0	0	1	0	1	0	0	0	0	1	1	0	0	1	0	0	1	1	0	1	1	1	0	0	0	1	0	0	1	1	0	1	0	0	0	1	0	0	1	0	0	0	0	1	0	0	1	0	0	1	0	0	1	0	0	0	0	1	0	0	0	1
Mp8g01250	pos	0	0	0	0	0	1	0	1	1	0	1	0	0	1	1	1	1	0	0	0	0	1	1	1	0	1	0	0	0	1	0	0	1	1	1	1	0	1	1	1	0	0	1	0	1	1	0	1	0	0	1	0	0	0	0	1	0	1	0	0	1	0	0	0	0	0	1	1	1	1	1
Mp8g01830	pos	0	0	1	0	0	1	1	0	0	1	0	0	1	1	0	1	1	0	0	1	0	1	1	1	1	1	1	1	0	0	1	0	0	0	1	1	1	1	0	1	0	0	1	1	1	0	1	0	0	1	0	1	0	0	1	0	0	1	1	0	1	1	0	1	1	0	1	0	0	1	0
Mp8g01920	pos	0	0	1	0	1	0	1	0	1	1	0	1	1	0	0	1	1	0	1	0	0	0	1	0	0	1	0	1	1	0	1	1	0	0	0	0	0	0	1	0	0	0	1	1	1	0	1	0	0	0	0	1	1	1	1	1	0	1	1	1	1	0	0	0	0	0	1	0	1	0	1
Mp8g02500	pos	0	0	1	0	0	0	0	0	1	0	0	0	0	1	1	1	0	1	0	1	1	0	0	1	1	1	1	1	1	0	1	0	0	0	0	0	0	0	1	0	1	0	1	0	1	0	1	1	0	1	0	1	1	0	0	0	1	1	0	0	0	0	0	1	1	1	0	0	0	1	0
Mp8g02710	pos	1	1	1	0	0	1	1	0	0	0	0	0	0	1	1	1	1	0	1	0	0	0	1	1	0	0	0	0	1	0	0	1	1	1	1	1	0	1	1	1	1	0	1	1	0	1	1	0	0	1	1	1	0	0	1	1	0	1	0	0	0	1	1	1	1	0	1	1	0	1	1
Mp8g02740	pos	1	0	0	0	0	1	0	1	1	1	1	0	0	1	0	1	0	0	0	0	0	0	0	0	0	1	0	0	1	0	0	1	1	1	0	1	0	1	1	1	1	0	0	0	1	1	1	1	0	0	0	0	0	0	0	1	0	0	1	1	1	0	0	1	1	1	1	1	0	0	1
Mp8g02760	pos	1	1	1	0	0	1	0	1	0	0	0	0	0	1	1	1	0	0	0	0	0	0	1	1	1	1	1	0	0	1	1	1	0	0	1	1	1	1	1	1	1	0	0	1	1	1	0	1	0	1	0	0	0	0	0	0	0	1	1	1	1	0	0	0	1	0	1	1	1	1	1
Mp8g02770	pos	1	1	1	0	0	0	1	0	0	0	0	1	1	0	1	1	1	0	1	0	0	1	0	1	0	1	0	0	1	0	0	1	1	1	1	1	1	1	1	1	1	0	1	1	0	0	1	0	0	1	0	0	0	0	0	0	0	1	0	0	0	1	1	1	1	0	0	1	1	1	1
Mp8g03310	pos	1	0	0	0	0	1	1	1	0	1	0	1	0	1	0	0	0	0	1	1	0	1	0	0	0	1	0	0	1	0	0	1	1	1	1	1	0	1	0	1	0	0	0	1	1	1	1	1	0	1	0	1	0	0	0	0	0	1	1	0	0	0	0	1	0	1	1	0	1	1	1
Mp8g03370	pos	1	0	1	0	0	0	1	1	0	0	0	0	1	0	1	1	1	0	1	0	0	1	0	0	0	1	0	0	0	0	0	0	0	0	0	1	1	1	0	1	0	0	1	1	0	0	0	0	1	1	0	0	0	1	0	1	0	1	0	0	0	0	0	1	0	0	0	1	1	0	1
Mp8g05050	pos	0	0	1	0	0	0	1	1	1	1	0	1	0	1	1	1	0	0	1	1	1	0	1	1	1	1	0	1	1	0	1	0	0	0	0	1	1	1	1	1	1	0	1	1	1	1	1	0	1	0	1	1	1	0	1	1	0	1	1	0	0	1	1	0	0	0	1	1	1	1	1
Mp8g05670	pos	1	1	1	0	0	0	0	1	1	1	0	1	0	1	1	1	0	0	0	0	0	0	1	0	0	1	1	0	1	0	0	1	1	1	1	0	1	0	1	1	0	0	0	1	1	0	0	1	0	0	1	1	1	0	0	1	0	1	1	1	0	0	0	1	0	1	1	0	0	0	0
Mp8g06260	pos	0	0	1	0	1	0	1	0	0	1	1	0	0	0	1	1	1	0	1	0	0	1	1	0	0	1	0	1	1	1	0	0	1	1	1	1	0	0	1	0	1	0	0	1	1	0	0	1	1	0	1	1	0	1	0	1	0	1	0	0	0	0	0	0	0	0	0	0	1	1	0
Mp8g09420	pos	0	0	1	0	0	0	1	1	1	0	0	0	0	1	0	0	1	0	0	0	0	1	0	0	0	1	1	0	0	1	1	0	1	0	0	1	0	0	0	0	1	0	1	1	0	0	1	1	0	0	0	0	0	0	0	1	0	1	1	0	0	1	0	1	1	0	1	1	0	1	1
Mp8g10080	pos	0	0	1	1	0	1	0	1	1	0	0	1	0	1	0	0	0	0	0	0	0	1	1	1	1	1	0	0	0	0	0	0	0	0	1	1	0	0	1	0	0	0	0	1	1	1	1	0	0	1	0	0	0	0	0	1	0	1	0	0	0	0	0	0	1	1	1	0	1	0	1
Mp8g12170	pos	0	0	1	0	1	1	1	0	0	0	0	0	0	1	0	1	0	1	0	0	0	0	0	0	0	1	0	1	0	0	0	1	0	0	1	0	0	1	1	1	1	0	0	0	1	0	1	0	0	0	1	0	1	0	0	0	0	1	1	1	0	0	0	1	0	0	1	0	0	0	1
Mp8g12350	pos	0	0	1	0	0	0	0	1	0	0	0	0	1	1	1	1	0	0	0	0	0	0	0	1	0	1	0	0	1	0	0	1	0	0	1	0	0	0	1	1	1	0	1	1	1	1	0	0	0	0	1	0	0	0	0	1	0	0	1	0	0	0	0	0	1	0	1	0	1	1	0
Mp8g14500	pos	1	0	1	0	0	0	1	1	0	1	0	1	0	0	0	0	1	0	0	0	0	0	1	1	1	0	0	0	1	0	0	1	1	0	1	1	0	0	1	1	1	1	1	1	1	1	0	0	0	1	1	1	0	0	1	1	1	1	0	0	0	0	0	0	0	1	0	0	1	0	1
Mp8g14540	pos	0	0	1	0	0	0	1	0	0	1	0	0	1	0	0	1	1	0	0	0	0	0	1	0	0	1	1	0	1	1	0	1	0	0	1	0	1	1	0	1	0	0	0	1	1	0	0	0	0	0	1	1	1	0	1	0	0	1	1	0	1	0	0	1	1	0	0	0	1	0	0
Mp8g14910	pos	0	0	1	1	1	1	0	1	0	0	1	0	0	1	1	1	1	0	1	1	0	0	1	1	0	1	1	0	0	0	0	0	0	0	1	0	0	0	1	1	1	0	0	1	0	0	1	1	0	0	1	1	0	0	0	0	0	0	1	1	1	0	0	1	1	0	1	1	0	0	1
Mp8g16270	pos	1	0	1	0	1	0	0	1	0	0	0	1	0	1	0	1	0	0	1	1	0	0	0	1	0	1	1	1	1	0	0	0	1	0	1	1	0	0	1	1	0	0	0	1	1	0	0	0	0	1	0	0	0	0	0	0	0	1	1	1	1	1	0	0	1	0	0	0	1	1	0
Mp8g17810	pos	0	0	1	0	0	1	1	0	0	0	1	0	0	0	1	0	0	0	0	0	0	0	0	0	0	1	1	1	0	0	1	1	0	0	0	1	1	0	1	1	0	0	0	0	1	1	0	0	0	0	0	0	0	0	0	0	0	0	0	0	0	0	0	0	1	0	0	0	0	0	1
Mp8g17820	pos	1	0	1	0	0	1	1	1	0	1	1	0	1	0	1	1	1	0	1	0	0	0	0	1	0	0	1	0	0	0	1	0	0	0	0	0	1	1	1	0	0	0	0	1	0	0	0	1	0	0	0	1	0	0	0	0	0	1	0	0	1	0	0	0	0	1	1	0	0	0	0
Mp8g19020	pos	1	0	1	0	0	1	1	0	1	1	0	1	0	0	0	0	1	0	0	0	0	0	0	1	1	0	1	0	0	0	1	0	1	1	1	0	1	1	0	1	1	0	0	0	1	0	0	1	0	1	0	1	1	0	0	1	0	1	0	0	1	0	0	1	0	0	1	0	1	1	0
MpVg00610	pos	1	1	1	0	0	0	0	1	0	0	1	1	0	1	1	1	0	1	1	0	0	0	1	0	0	0	0	0	0	0	0	1	1	0	1	1	0	1	1	0	1	0	1	0	0	0	1	1	0	0	0	0	0	0	0	1	0	1	0	0	0	0	0	1	0	1	1	0	0	0	0
Mpzg00230	pos	0	0	1	0	0	0	1	1	1	1	0	0	0	1	0	1	0	0	1	1	0	0	0	1	0	1	1	0	0	1	0	1	1	0	0	1	1	1	1	1	1	0	1	1	1	1	1	0	0	1	1	0	0	0	0	1	0	0	1	1	1	1	0	0	1	1	1	0	0	1	0
Mpzg00260	pos	0	0	1	1	0	1	1	1	0	0	0	0	0	1	1	1	0	0	0	1	0	1	0	1	1	1	0	1	0	0	1	1	0	0	1	1	1	0	1	0	0	0	0	0	0	1	0	0	1	1	1	0	0	0	0	0	0	1	1	0	0	0	0	1	0	0	0	1	1	1	0
Mpzg01290	pos	0	0	1	0	0	0	1	1	1	0	0	1	0	1	0	0	0	0	1	1	1	0	1	1	1	0	0	0	1	0	0	0	1	0	1	0	1	1	1	1	1	0	1	1	0	1	1	0	0	1	1	0	0	0	0	0	1	1	1	0	0	1	0	0	0	1	1	1	1	1	0
Mp1g02140	neg	0	0	0	0	0	1	1	1	0	0	0	0	1	1	0	0	0	0	0	1	0	0	1	0	0	0	0	0	1	0	0	0	1	0	0	0	0	0	1	0	0	0	1	0	0	1	0	0	0	0	0	0	0	0	0	1	0	1	0	0	0	0	0	0	0	0	1	0	0	1	0
Mp1g03490	neg	0	0	1	0	0	0	0	0	0	0	0	1	1	0	1	1	0	0	1	0	0	0	0	1	1	1	0	0	0	0	0	0	0	0	1	1	0	0	1	0	1	0	1	1	1	1	0	0	0	1	0	1	0	0	1	0	0	1	1	0	0	0	0	0	0	1	1	0	0	1	0
Mp1g03600	neg	1	0	0	0	0	0	0	0	0	1	0	1	1	0	1	1	1	0	1	0	0	0	1	0	0	1	0	0	0	0	1	0	1	1	1	0	1	0	1	1	0	0	1	0	0	0	0	0	0	0	0	0	0	0	0	0	0	0	1	1	0	0	0	1	1	1	1	0	0	1	0
Mp1g03710	neg	0	0	0	0	0	0	0	0	0	1	0	0	1	0	1	1	0	0	0	0	0	0	1	0	0	0	0	1	1	0	1	0	1	1	1	1	1	0	1	0	0	0	1	1	0	0	0	0	0	0	1	1	1	0	1	1	0	1	1	0	0	0	0	0	0	1	0	1	0	1	0
Mp1g03900	neg	0	0	1	0	0	0	1	1	0	1	0	1	1	0	1	1	0	0	0	0	0	0	0	1	0	1	0	0	1	0	1	0	0	0	1	1	0	1	1	0	1	0	0	0	0	0	0	0	0	0	1	0	0	0	0	1	0	1	0	0	0	0	0	1	1	1	1	0	1	0	0
Mp1g04360	neg	0	0	1	0	0	1	1	0	0	0	0	0	0	0	0	1	0	0	0	0	0	0	0	1	0	0	0	1	0	0	0	0	1	0	1	0	0	0	0	0	0	0	0	0	0	1	0	0	0	0	0	0	0	0	0	0	0	1	0	0	0	0	0	0	0	0	0	0	0	0	0
Mp1g04370	neg	1	0	0	0	0	0	0	0	0	0	0	1	1	0	1	0	1	0	0	0	0	1	0	1	1	0	0	0	0	0	0	1	0	0	0	1	1	0	1	0	0	0	0	0	1	1	0	1	0	1	0	0	0	0	0	0	0	0	1	0	1	0	0	1	1	0	1	0	1	0	1
Mp1g04480	neg	1	0	0	0	0	0	1	0	1	1	0	0	0	1	1	1	1	0	0	0	0	0	0	0	0	0	0	0	0	0	0	0	1	1	0	0	0	1	0	1	1	0	0	0	0	1	0	1	0	0	0	0	0	0	0	0	0	0	1	0	0	0	0	1	0	0	1	0	0	0	1
Mp1g06740	neg	1	0	0	0	0	1	0	0	1	0	0	1	0	0	1	0	1	0	0	0	0	1	1	0	0	0	0	0	0	0	0	1	0	0	1	1	1	1	0	0	0	0	1	0	0	0	0	1	0	0	0	0	0	0	0	0	0	0	0	0	0	1	0	0	0	0	1	0	1	0	0
Mp1g09040	neg	1	0	1	0	0	0	1	1	0	0	0	1	0	1	1	0	1	0	1	0	0	0	1	0	0	0	0	0	0	0	0	0	1	0	0	0	0	0	0	1	0	0	1	0	1	1	0	1	0	0	0	0	0	0	0	0	0	1	0	0	1	0	0	0	0	0	0	0	0	0	0
Mp1g09380	neg	1	1	1	0	0	0	1	1	0	0	0	0	1	0	0	1	0	0	0	0	0	0	0	0	0	1	0	0	1	0	0	1	0	0	1	1	1	1	1	1	1	0	1	1	0	0	1	0	0	1	0	1	0	0	0	1	0	1	1	1	0	0	0	0	1	1	1	0	1	1	0
Mp1g09470	neg	0	0	1	0	0	0	1	0	1	0	0	0	0	0	1	0	0	0	0	0	0	0	1	1	1	1	0	0	1	0	0	0	1	1	1	0	0	0	1	0	0	0	0	1	1	0	0	1	0	0	0	0	1	0	0	0	0	0	0	0	1	0	0	0	0	0	0	0	1	1	1
Mp1g09720	neg	0	0	1	0	0	0	1	0	0	0	0	0	0	1	0	0	0	0	0	0	0	1	1	1	1	1	0	1	1	0	1	1	1	0	0	0	0	0	1	1	0	0	0	0	1	1	0	0	0	0	1	0	0	0	0	1	1	1	1	0	1	0	0	0	1	0	1	0	0	1	1
Mp1g10670	neg	0	0	1	0	0	1	0	0	0	1	0	0	1	0	1	1	0	1	0	0	0	0	1	1	0	1	0	0	0	0	1	0	0	0	1	1	1	1	0	0	0	0	1	1	1	0	0	0	0	0	1	1	1	0	0	0	0	1	1	0	0	0	0	0	1	0	0	0	0	1	0
Mp1g10920	neg	1	0	0	0	0	0	1	1	1	1	0	0	0	1	1	1	0	0	0	0	0	1	1	0	0	1	0	1	0	0	0	0	1	0	1	0	0	0	0	1	0	0	0	0	0	1	1	1	0	0	1	1	0	0	1	1	0	1	0	0	0	1	0	1	0	0	0	0	1	1	1
Mp1g11600	neg	1	0	1	0	1	0	1	1	0	1	0	0	0	0	0	1	1	0	1	0	0	0	1	1	0	1	0	0	1	0	0	0	0	0	1	1	1	0	0	0	1	0	1	1	1	1	0	0	0	1	1	1	0	0	0	0	0	1	1	1	0	0	0	0	1	0	1	0	0	0	1
Mp1g11750	neg	0	0	1	0	0	0	0	0	0	0	0	0	0	0	0	0	0	0	1	0	0	0	0	0	0	1	1	0	1	0	1	0	0	0	1	0	1	1	1	1	0	0	0	1	0	0	0	0	0	1	0	1	0	0	0	0	0	0	1	0	0	0	0	1	0	0	0	0	0	1	0
Mp1g12020	neg	0	0	1	0	0	0	1	0	0	0	0	0	0	0	0	0	0	0	1	0	0	0	1	0	0	0	0	0	1	0	1	0	0	0	1	1	0	0	0	0	1	0	1	0	1	1	0	1	0	1	0	1	0	0	1	0	0	1	1	1	1	0	0	0	1	0	1	1	0	0	1
Mp1g12350	neg	1	0	1	0	0	1	1	0	0	1	0	1	1	0	0	0	0	0	1	0	0	0	1	1	0	0	0	0	0	0	0	1	0	0	0	1	0	1	0	0	0	0	1	0	0	0	0	1	0	0	1	0	0	0	0	1	0	0	0	0	1	0	0	0	0	0	0	0	1	0	1
Mp1g12970	neg	1	0	1	0	0	0	1	0	1	0	0	0	0	0	1	0	0	0	1	0	0	0	0	0	0	1	1	0	1	1	0	0	1	0	1	0	0	0	1	1	0	0	0	1	1	0	1	1	0	1	0	0	0	0	0	0	0	0	1	0	0	0	0	1	0	1	0	0	0	1	1
Mp1g14660	neg	1	0	0	0	0	0	0	0	0	1	0	0	0	1	1	1	0	0	0	1	0	1	1	0	0	0	0	1	0	0	0	1	0	0	1	0	1	1	0	0	0	0	0	0	0	1	0	1	1	1	1	0	0	0	0	1	0	1	0	0	0	0	0	0	0	0	0	1	0	1	0
Mp1g15000	neg	1	1	1	0	0	1	1	1	0	0	1	0	0	1	0	0	0	0	1	0	0	1	0	0	0	0	1	0	0	0	0	0	1	0	0	1	1	1	1	0	1	0	1	0	0	1	1	0	0	0	0	0	0	0	0	1	0	0	1	1	0	1	0	0	0	1	0	0	0	0	1
Mp1g15190	neg	0	0	0	0	0	0	0	0	0	1	0	0	0	0	1	1	1	0	0	0	0	1	0	0	0	0	0	0	1	0	0	1	0	0	1	1	0	0	0	0	0	0	0	1	0	0	0	0	0	0	1	0	0	0	0	1	0	0	0	0	0	0	0	0	0	0	1	1	0	0	1
Mp1g15670	neg	1	1	1	0	0	1	0	1	0	0	0	0	0	1	0	0	0	0	0	0	0	0	1	0	0	1	0	0	0	0	0	1	0	0	1	0	0	1	0	1	0	0	0	1	1	0	0	1	0	1	0	0	0	0	0	0	0	1	1	1	0	0	0	0	0	0	0	1	1	0	0
Mp1g15710	neg	1	0	0	0	0	0	0	1	0	1	0	0	0	0	0	0	1	0	0	0	0	1	0	1	0	0	1	0	1	0	0	0	0	0	1	1	1	1	1	0	1	0	1	1	1	1	0	0	0	0	0	0	0	0	0	0	0	0	0	0	0	1	1	1	1	0	1	0	0	1	1
Mp1g15930	neg	0	0	1	0	0	0	1	1	0	1	0	0	0	0	0	1	1	0	0	0	0	1	0	0	0	0	1	1	0	0	0	1	0	0	0	1	1	1	1	1	1	0	0	0	0	1	0	0	0	0	0	0	0	0	0	0	0	1	1	0	0	0	0	1	0	0	1	0	0	0	0
Mp1g15940	neg	0	0	1	0	0	0	0	0	0	1	0	0	0	0	0	1	1	0	0	0	0	0	0	1	0	0	1	1	0	0	0	1	0	0	0	1	1	1	1	1	0	0	0	1	1	1	0	0	0	0	0	0	0	0	0	0	0	1	0	0	0	0	0	0	0	0	1	0	0	0	0
Mp1g16030	neg	0	0	1	0	0	0	1	0	1	0	0	0	0	1	1	1	1	0	1	0	0	0	0	1	0	1	0	0	0	0	0	0	1	1	0	0	1	0	0	0	1	0	0	0	0	1	0	0	1	0	0	0	1	0	0	1	0	0	0	0	0	1	0	0	1	1	0	0	0	1	1
Mp1g16270	neg	0	0	0	0	0	1	1	1	0	0	1	0	0	1	1	1	1	0	0	0	0	0	1	0	0	0	1	0	1	0	1	0	0	0	1	1	0	0	1	1	0	0	0	0	0	0	0	1	0	0	0	0	0	0	0	1	0	0	1	0	0	0	0	0	0	0	1	0	1	1	1
Mp1g16370	neg	0	0	1	0	0	1	0	1	1	0	0	0	0	1	0	1	0	0	0	0	0	0	1	0	0	0	1	0	0	0	0	0	1	0	0	1	0	0	1	0	1	0	1	1	0	1	1	1	1	1	1	0	0	0	0	0	0	1	1	0	0	1	1	0	0	1	1	1	1	1	0
Mp1g16470	neg	1	0	0	0	0	1	1	1	0	1	0	1	0	0	0	0	1	0	0	0	0	0	1	0	0	1	0	1	1	0	1	0	0	0	0	0	0	1	1	0	0	0	0	0	1	1	0	0	0	0	1	0	0	0	0	1	0	1	0	0	0	0	0	0	0	1	1	0	0	1	1
Mp1g16690	neg	0	0	0	1	0	0	0	1	0	0	0	1	0	0	1	1	0	1	0	0	0	0	0	0	0	0	1	0	0	0	0	0	0	0	1	0	0	1	0	0	1	0	0	1	0	0	0	0	0	1	0	1	0	0	0	1	0	1	0	0	0	0	0	0	0	1	0	0	1	0	1
Mp1g16990	neg	1	0	1	0	0	0	1	0	0	0	0	1	0	1	1	0	0	0	0	1	0	0	0	0	0	0	1	0	0	1	1	1	1	0	0	1	1	0	1	0	0	0	1	0	0	1	1	0	0	1	0	0	0	0	0	0	0	1	0	0	0	0	0	0	0	0	1	0	0	1	1
Mp1g18700	neg	0	0	1	0	0	0	0	1	0	0	0	0	1	0	0	0	1	0	0	0	0	0	0	1	0	1	0	0	1	0	0	1	1	0	1	1	1	0	1	0	1	0	1	0	1	1	1	0	0	1	0	0	0	0	0	0	0	1	1	0	0	0	0	0	0	0	0	0	0	0	0
Mp1g19320	neg	0	0	1	0	0	0	1	0	0	1	1	1	0	0	0	1	1	0	0	0	0	0	1	0	0	0	0	1	1	0	1	1	0	0	0	0	1	1	1	0	1	0	1	1	1	1	0	0	0	0	1	0	1	0	0	0	0	1	0	0	1	0	0	0	0	1	0	1	1	0	1
Mp1g19710	neg	1	1	1	0	0	0	1	0	0	0	0	0	1	1	1	1	0	0	0	0	0	0	1	1	0	1	0	0	1	0	0	0	0	0	1	1	1	1	1	1	1	0	0	0	1	1	1	1	0	0	0	1	1	0	1	1	0	1	1	0	0	0	0	1	1	0	1	0	0	1	1
Mp1g21200	neg	0	0	1	0	0	0	0	0	0	0	0	1	0	0	0	0	0	0	0	0	0	0	0	1	0	1	0	1	0	0	1	0	0	0	1	0	0	1	0	0	0	0	1	0	1	1	0	0	0	0	0	1	0	0	0	0	0	1	0	0	0	1	0	0	1	0	1	0	1	0	1
Mp1g22090	neg	0	0	0	0	0	0	0	0	1	0	0	1	0	0	0	0	0	0	0	0	0	0	1	0	0	1	0	0	0	0	0	1	1	1	1	0	0	0	1	0	0	0	0	1	0	0	0	1	1	0	1	0	0	0	0	0	0	0	0	0	0	0	0	0	1	1	0	0	1	0	0
Mp1g22110	neg	0	0	0	0	0	0	0	0	0	1	0	0	0	1	0	0	0	0	1	0	0	1	0	0	0	0	0	0	0	0	1	1	0	0	0	0	0	1	1	0	1	0	0	1	1	1	0	0	0	0	1	1	0	0	0	1	0	1	0	0	0	1	0	1	0	0	0	1	0	0	0
Mp1g22760	neg	0	0	1	0	0	0	0	0	0	1	1	0	0	1	1	0	0	0	0	0	0	0	0	1	0	1	0	1	0	0	1	0	0	0	1	1	1	0	1	0	1	0	0	0	1	0	1	0	0	1	0	0	0	0	0	0	0	1	0	0	1	0	0	0	1	0	1	0	0	0	0
Mp1g23020	neg	1	0	1	0	1	0	0	0	0	0	0	0	0	0	1	0	0	0	0	0	0	1	0	1	0	0	1	0	0	0	1	0	0	0	1	0	0	1	1	0	0	0	0	0	1	0	0	0	0	0	0	0	0	0	0	1	0	1	0	0	0	0	0	0	0	0	1	0	0	0	1
Mp1g23300	neg	0	0	0	0	0	1	0	1	0	0	0	0	1	0	0	1	0	0	1	0	0	0	0	1	1	1	0	0	1	0	0	0	1	0	0	0	1	1	1	0	1	0	1	0	1	0	0	0	0	0	0	0	1	0	0	0	0	1	0	0	0	0	0	0	0	0	1	0	0	1	1
Mp1g23310	neg	0	0	0	0	0	1	1	0	0	0	0	0	1	0	1	1	1	0	0	0	0	0	1	1	0	1	0	0	1	0	0	1	1	0	1	1	1	0	1	0	0	0	1	0	1	1	0	1	0	0	0	0	0	0	0	1	0	0	1	0	1	0	0	1	0	1	0	0	0	1	1
Mp1g24090	neg	1	1	0	0	0	1	0	0	0	0	1	0	1	0	0	1	1	0	1	0	0	0	1	1	0	1	0	1	1	1	0	1	1	0	0	0	0	1	1	0	1	0	1	0	1	0	0	0	0	0	0	1	0	0	0	1	0	0	1	0	0	0	0	0	1	1	1	0	1	0	0
Mp1g24790	neg	1	1	1	0	0	0	1	1	0	0	0	1	1	0	1	1	1	0	1	0	0	1	0	1	1	1	0	0	0	0	0	1	1	1	1	0	1	1	0	0	1	0	1	1	0	1	1	0	0	0	0	0	1	0	0	0	0	0	0	0	0	0	0	1	1	0	1	0	1	0	1
Mp1g25310	neg	0	0	0	0	0	0	0	0	1	0	0	0	0	1	0	0	1	0	0	0	0	0	0	0	0	1	0	0	0	0	0	0	0	0	0	0	1	0	1	1	0	0	1	1	0	0	0	0	0	0	1	1	0	0	1	0	0	0	0	0	0	0	0	0	1	0	0	0	0	0	0
Mp1g25710	neg	1	0	1	0	0	0	1	1	0	1	0	0	1	1	0	1	1	0	1	0	0	0	0	1	0	1	0	1	1	0	0	0	0	0	1	0	1	1	0	0	1	0	0	0	1	0	0	0	0	1	1	0	0	0	0	0	0	1	0	0	1	0	0	1	0	1	1	0	1	1	1
Mp1g27170	neg	1	0	1	0	0	0	1	1	1	1	0	0	0	0	0	1	0	0	0	0	0	0	0	1	1	0	1	1	1	0	0	0	1	1	1	0	0	0	1	1	1	0	0	1	0	1	0	0	0	1	0	1	0	0	0	1	0	1	0	0	1	0	0	0	1	0	0	0	1	1	1
Mp1g27590	neg	0	0	1	0	0	1	0	0	0	1	0	0	0	0	1	0	0	0	0	0	0	0	0	0	0	1	1	0	0	0	1	0	0	0	1	0	0	0	0	0	0	0	1	0	1	0	0	0	0	1	0	1	0	0	1	1	0	1	1	0	0	0	0	0	1	0	1	1	0	0	0
Mp1g27730	neg	0	0	1	0	0	0	0	0	0	1	0	0	0	0	1	0	0	0	1	0	0	1	0	0	0	0	0	1	0	1	0	0	1	1	1	0	1	0	1	0	1	0	0	1	0	1	1	0	0	1	0	0	0	0	0	1	0	1	0	0	0	0	0	0	0	1	0	1	0	1	0
Mp1g27770	neg	0	0	1	0	0	0	1	0	1	0	0	1	1	1	1	1	0	0	1	0	0	1	0	1	0	0	0	1	0	0	0	0	0	0	0	0	0	0	1	0	1	0	1	1	1	0	0	0	0	1	0	1	0	0	0	0	0	1	0	0	0	0	0	1	0	1	1	0	0	0	0
Mp1g28460	neg	0	0	1	0	0	1	0	1	0	0	0	1	1	0	1	1	1	0	0	0	0	1	1	0	0	0	0	1	1	0	0	0	0	0	1	1	1	1	1	0	1	0	0	0	1	0	0	0	0	1	0	0	0	0	0	1	0	0	0	0	1	1	1	0	0	1	1	1	0	1	1
Mp2g00750	neg	1	0	0	0	0	0	0	1	0	1	0	0	0	1	1	0	1	0	1	0	0	1	0	0	0	0	0	0	1	0	0	0	0	0	0	1	0	0	0	1	1	0	0	0	1	0	1	0	0	1	1	1	1	0	0	1	0	0	0	0	1	0	0	1	0	0	0	1	1	0	0
Mp2g01050	neg	1	0	1	0	0	0	1	1	0	1	0	0	0	1	1	0	0	0	0	0	0	0	1	1	0	1	0	1	0	0	0	1	0	0	1	1	0	0	0	0	1	0	0	0	0	0	0	0	0	0	1	0	0	0	0	0	0	1	0	0	1	1	0	0	1	0	1	0	1	0	1
Mp2g01200	neg	0	0	1	0	0	1	1	1	0	0	0	0	0	1	0	0	0	0	1	0	0	0	1	0	0	0	0	1	1	0	0	0	1	1	0	0	1	1	0	0	1	0	0	1	0	0	0	0	0	0	0	0	0	0	0	0	1	0	0	0	0	1	0	1	0	0	0	0	0	1	0
Mp2g02530	neg	0	0	0	0	0	0	0	0	0	0	0	1	0	0	1	1	0	0	1	0	0	0	0	0	0	1	0	0	0	0	0	1	1	0	1	1	1	0	1	1	1	0	1	1	1	1	0	1	0	0	1	0	0	0	0	0	0	1	0	0	0	0	0	1	1	0	0	0	0	0	1
Mp2g02540	neg	1	0	1	0	0	1	1	1	0	1	0	1	0	0	1	1	1	0	0	0	0	0	0	0	0	1	0	0	0	0	0	1	0	0	0	1	1	0	1	0	1	0	0	1	1	1	0	0	0	1	0	1	0	0	0	1	0	1	0	0	0	1	0	0	1	1	1	1	1	1	1
Mp2g03050	neg	1	1	1	0	0	1	0	0	0	0	1	0	0	0	1	1	0	0	1	0	0	0	0	0	0	1	0	1	0	0	0	1	0	0	0	0	0	0	1	1	0	0	1	1	0	1	0	0	0	1	0	0	0	0	0	0	0	1	1	0	1	0	0	0	1	0	1	0	1	1	0
Mp2g03190	neg	0	0	0	0	0	0	0	0	0	0	0	0	0	1	0	0	0	0	1	0	0	0	0	0	0	1	0	1	0	0	1	0	0	0	0	0	0	1	0	0	1	0	0	1	1	0	0	0	0	1	0	1	0	1	0	0	0	0	1	0	1	0	0	0	0	1	1	1	0	0	0
Mp2g04590	neg	0	0	0	0	1	1	1	1	0	0	0	0	0	1	0	0	0	0	1	0	0	0	0	0	0	0	0	0	1	0	0	0	0	0	1	0	0	0	1	1	1	0	1	1	0	0	0	1	0	1	0	0	0	0	0	1	0	0	0	0	1	0	0	0	1	0	0	1	1	0	0
Mp2g04640	neg	0	0	1	0	0	0	0	0	0	0	0	1	0	0	0	0	1	0	0	0	0	0	0	1	0	1	0	0	0	0	0	0	0	0	0	1	1	0	0	0	0	0	0	1	1	0	1	1	0	0	0	0	0	0	0	1	0	1	1	0	1	0	0	0	0	0	1	0	0	0	0
Mp2g05550	neg	0	0	1	0	0	0	0	1	0	0	0	0	1	0	1	1	0	1	1	0	0	0	0	1	1	0	1	0	0	0	0	1	0	0	0	1	0	0	0	0	1	0	1	0	1	0	0	0	0	0	0	1	1	0	0	1	0	0	1	1	0	0	0	1	0	0	1	0	0	1	0
Mp2g06000	neg	1	1	0	0	0	0	0	0	1	0	0	1	0	0	1	1	0	0	1	0	0	0	1	0	0	0	0	1	1	0	0	0	1	0	0	0	0	1	1	1	1	0	1	0	1	1	1	0	0	1	1	0	0	0	0	0	1	0	0	0	1	0	0	0	0	0	1	0	1	0	0
Mp2g07110	neg	1	1	0	0	0	1	0	1	0	0	1	0	0	1	1	0	0	0	1	0	0	1	1	0	0	0	0	0	0	0	0	0	0	0	0	1	0	0	0	0	0	0	1	0	0	0	1	1	0	0	0	1	0	0	0	1	0	0	0	0	1	0	0	1	0	0	1	0	1	0	0
Mp2g07880	neg	1	0	0	0	0	1	0	0	0	0	0	0	0	0	1	1	0	0	1	0	0	0	1	1	0	0	0	0	0	0	1	1	0	0	1	0	0	0	0	1	1	0	1	0	0	1	1	0	0	0	0	0	0	0	0	1	0	0	0	0	1	0	0	1	0	1	1	0	1	0	0
Mp2g08150	neg	0	0	1	0	0	0	0	1	0	0	0	0	0	0	0	0	0	0	0	0	0	0	0	0	0	0	1	0	0	0	0	0	0	0	1	0	1	0	1	0	1	0	0	0	0	0	0	0	1	1	0	0	0	0	0	0	0	1	0	0	1	0	0	1	1	0	0	0	0	0	0
Mp2g09250	neg	1	0	0	0	0	1	1	1	0	1	0	1	1	1	1	1	1	0	1	1	0	0	1	0	0	0	0	1	1	0	0	0	0	0	0	1	1	1	0	1	0	0	0	1	1	0	0	0	0	1	0	0	0	0	0	1	0	1	0	0	1	0	0	0	0	0	0	1	0	0	1
Mp2g10130	neg	1	0	1	0	0	0	1	0	1	1	0	1	1	0	0	1	0	1	1	0	0	0	1	1	0	0	0	1	1	0	0	0	1	1	1	1	1	0	0	0	1	0	0	1	1	1	0	1	1	1	1	0	1	0	0	1	0	1	0	0	1	1	1	0	1	0	1	1	0	1	0
Mp2g10540	neg	0	0	0	0	0	0	1	0	0	0	0	0	0	1	1	1	0	0	0	0	0	1	1	0	0	0	0	0	1	1	0	0	0	0	1	1	1	1	1	0	1	0	1	1	1	0	1	1	0	0	0	0	0	0	0	0	0	0	0	0	1	0	0	0	0	0	1	0	1	1	0
Mp2g13520	neg	0	0	1	0	0	0	1	0	0	0	0	1	0	1	1	0	0	0	1	1	0	0	0	0	0	0	0	0	1	0	1	0	0	0	0	0	0	0	0	1	0	0	1	0	1	0	0	0	0	0	0	0	0	0	0	0	0	1	0	0	0	0	0	1	0	0	1	0	0	0	0
Mp2g13800	neg	0	0	1	0	1	0	0	1	0	0	0	0	0	1	1	0	1	0	0	0	0	1	1	1	1	1	0	0	0	0	1	0	1	0	1	0	0	0	0	0	1	0	0	0	0	1	1	0	1	1	0	1	0	0	0	1	0	0	0	0	0	0	0	1	1	0	1	0	0	0	1
Mp2g17590	neg	1	1	1	0	0	0	0	1	0	0	0	0	0	1	1	0	0	0	0	0	0	0	0	1	1	1	1	0	0	1	0	1	0	0	0	0	1	0	1	1	1	0	0	0	0	1	0	1	0	0	0	0	1	0	0	0	0	0	1	0	1	0	0	1	0	1	1	1	0	0	0
Mp2g17670	neg	0	0	1	0	0	1	1	0	0	0	0	0	0	1	0	0	0	0	1	0	0	0	1	1	0	1	0	1	1	0	0	0	0	0	1	1	0	1	1	0	0	0	1	0	0	0	0	1	0	0	1	0	0	0	0	1	0	1	1	0	1	0	0	0	1	0	1	0	1	0	0
Mp2g17830	neg	1	0	0	0	0	1	1	0	0	1	0	0	0	0	0	1	0	0	0	0	0	0	1	1	1	0	0	0	1	0	0	0	0	0	0	0	0	1	1	0	0	0	1	1	1	1	0	1	0	0	0	1	0	0	1	0	0	0	0	0	0	0	0	0	0	0	0	0	0	1	0
Mp2g18070	neg	0	0	1	0	0	0	1	0	0	0	0	0	0	1	1	1	0	0	0	1	0	0	1	1	0	0	0	1	0	0	0	0	0	0	1	0	1	0	0	0	0	0	0	0	0	0	1	0	0	0	1	0	0	0	0	0	0	1	1	1	1	0	0	0	0	0	1	1	1	0	0
Mp2g18400	neg	0	0	1	0	0	0	1	1	0	0	0	1	0	1	0	1	0	0	0	0	0	0	0	1	1	1	0	0	0	0	0	0	0	0	0	0	0	0	0	1	0	0	0	1	1	0	0	1	0	1	0	0	1	1	0	0	0	1	0	0	1	0	0	0	1	0	1	0	0	0	0
Mp2g19030	neg	0	0	1	1	0	0	0	1	0	0	1	1	0	0	1	0	0	0	0	0	0	1	0	1	0	0	0	1	0	0	0	1	1	0	0	1	1	1	1	1	0	0	0	1	1	1	1	0	0	0	1	0	0	0	0	0	0	1	0	0	1	0	0	0	0	0	1	1	0	0	0
Mp2g19780	neg	0	0	1	0	0	0	1	1	1	0	0	0	1	0	0	0	0	0	1	0	0	1	0	0	0	0	0	1	0	0	1	0	1	1	0	1	0	1	1	0	0	0	0	0	1	0	0	1	0	0	0	0	0	0	0	1	0	0	1	0	1	0	0	0	0	0	1	1	1	0	0
Mp2g20460	neg	1	0	1	0	0	1	1	1	1	1	0	0	1	1	1	1	0	0	0	0	0	1	0	1	0	1	1	0	1	0	1	0	0	0	1	0	0	1	0	1	1	0	0	0	1	0	0	0	0	1	0	1	0	0	0	1	0	1	0	0	0	0	0	0	1	0	1	0	1	1	0
Mp2g21190	neg	0	0	0	0	0	0	1	0	0	0	0	0	0	1	1	1	1	0	0	1	0	0	1	0	0	1	0	0	0	0	0	1	0	0	0	1	1	0	1	0	0	0	1	1	1	1	0	0	0	1	0	1	0	0	0	0	0	1	0	0	1	0	0	0	0	1	1	0	1	1	0
Mp2g23810	neg	1	0	1	0	0	1	0	0	1	1	0	0	1	0	1	0	0	0	1	0	0	1	1	0	0	1	0	0	0	0	1	0	0	0	1	1	1	0	1	1	0	0	1	0	1	1	1	0	0	0	1	0	1	0	0	0	0	0	0	0	1	0	0	1	0	0	1	0	0	0	0
Mp2g24520	neg	1	1	0	0	0	1	1	1	0	1	1	1	1	0	1	1	1	0	1	0	0	0	1	0	0	1	0	0	1	0	0	1	0	0	0	0	0	1	0	0	1	0	1	0	0	1	0	1	0	1	1	1	0	0	1	1	0	1	1	0	0	0	0	0	1	1	0	0	0	1	1
Mp2g25780	neg	0	0	0	0	0	0	0	1	0	0	0	0	0	1	0	0	0	0	0	0	0	0	0	1	0	1	1	1	1	0	0	0	0	0	1	0	0	1	1	1	0	0	1	1	0	0	0	1	0	1	0	0	0	0	0	1	0	0	1	0	0	0	0	1	1	0	1	0	0	1	0
Mp2g26330	neg	0	0	0	0	0	0	0	1	0	0	0	0	1	0	1	1	0	0	0	0	0	0	1	0	0	0	0	1	1	1	0	1	0	0	1	0	0	1	1	0	1	0	0	0	1	0	0	0	1	1	0	1	0	0	0	1	0	1	1	0	1	0	0	1	1	0	0	0	1	0	1
Mp3g00040	neg	0	0	1	0	0	0	1	1	0	0	1	1	0	0	1	1	1	0	0	0	0	0	0	1	1	1	0	0	0	0	1	0	1	1	1	1	0	1	1	1	0	0	0	1	1	1	1	0	0	0	0	0	0	0	0	0	0	0	0	0	0	0	0	1	1	1	1	1	1	1	0
Mp3g00820	neg	1	0	1	0	0	0	0	1	0	1	0	0	0	0	1	1	0	0	0	0	0	0	1	0	0	1	0	1	0	0	1	0	0	0	0	0	1	1	1	0	0	0	0	1	1	0	0	0	0	0	1	1	0	0	0	0	0	1	1	0	0	0	0	0	0	1	0	1	0	0	0
Mp3g01120	neg	1	0	1	0	1	0	0	0	0	0	0	0	0	0	1	0	1	0	0	0	0	0	0	1	0	1	1	1	0	1	0	1	1	1	0	0	0	0	1	0	0	0	0	1	1	0	1	0	0	1	0	0	0	0	0	0	0	1	0	0	1	1	1	0	0	0	0	0	0	1	0
Mp3g01280	neg	0	0	1	0	0	0	0	0	1	0	0	0	0	0	0	1	0	0	0	0	0	0	0	0	0	0	1	0	0	0	0	1	0	0	0	0	1	0	1	0	1	0	0	1	0	0	0	1	0	0	0	0	0	0	0	1	0	0	0	0	0	1	0	1	0	1	0	0	0	0	1
Mp3g02900	neg	0	0	1	0	0	0	1	1	1	0	0	1	1	0	0	0	0	0	1	0	0	0	1	0	0	0	0	0	1	0	0	0	0	0	0	1	1	1	0	0	0	0	1	1	0	0	1	1	1	0	0	1	1	0	0	1	0	0	0	0	0	1	1	0	0	1	0	0	0	1	0
Mp3g03780	neg	0	0	1	0	0	1	0	0	0	0	0	0	1	1	0	1	0	1	1	0	0	0	1	1	0	1	0	0	0	0	0	0	0	0	0	1	0	1	1	0	1	0	0	1	1	0	0	1	0	1	0	1	0	0	1	1	0	1	1	0	1	1	0	0	0	0	0	0	1	0	0
Mp3g04280	neg	0	0	1	0	0	0	1	0	0	1	0	0	1	0	1	0	1	0	0	0	0	0	0	1	0	0	1	0	1	1	1	1	1	1	1	0	0	1	0	0	0	0	1	1	0	1	0	0	0	0	0	0	0	0	0	1	1	0	0	0	0	0	0	1	0	0	0	0	0	1	1
Mp3g04350	neg	0	0	1	0	0	0	0	1	0	1	0	0	0	1	1	0	0	0	1	1	0	1	0	1	0	0	0	1	1	1	0	0	0	0	1	1	0	1	0	0	1	0	0	1	1	0	0	1	0	1	1	1	0	0	0	1	0	0	0	0	0	0	0	0	0	0	0	1	1	1	1
Mp3g04870	neg	0	0	0	0	0	1	1	0	0	0	0	0	1	1	0	1	0	0	1	0	0	0	0	0	0	0	0	0	1	0	0	0	0	0	0	0	1	1	0	0	0	0	1	1	0	0	0	0	0	1	0	1	0	0	1	1	0	1	0	0	0	0	0	0	1	0	1	0	0	0	1
Mp3g06130	neg	0	0	1	0	0	1	0	1	0	0	0	1	0	1	0	0	1	0	0	0	0	0	1	1	0	0	0	1	0	0	0	0	1	1	0	1	0	1	1	0	0	0	0	0	1	0	1	1	0	0	0	0	0	0	0	1	0	1	1	0	0	0	0	1	1	0	1	0	0	0	0
Mp3g07290	neg	0	0	0	0	0	0	0	0	0	1	0	0	1	1	0	1	0	0	1	0	0	0	0	1	0	1	1	0	0	0	1	1	0	0	1	1	0	1	0	1	0	0	1	0	1	0	0	0	0	0	1	0	0	0	0	0	0	1	1	1	0	0	0	0	1	1	1	0	0	0	1
Mp3g07900	neg	0	0	1	0	1	0	0	1	0	0	0	0	0	1	0	1	1	0	0	0	0	0	1	1	0	1	0	0	0	0	0	0	0	0	1	1	1	1	1	0	1	0	1	0	1	0	0	0	0	0	0	0	1	0	0	1	0	1	1	0	0	0	0	0	1	1	1	0	1	1	0
Mp3g08270	neg	0	0	0	0	0	0	0	1	1	0	0	0	0	0	1	1	1	0	0	0	0	1	0	1	0	0	0	0	0	0	0	0	0	0	0	0	1	1	0	0	1	0	0	0	0	0	1	0	0	0	0	0	0	1	0	1	0	1	0	0	0	0	0	0	1	0	0	1	1	1	1
Mp3g09070	neg	0	0	0	0	0	0	0	0	0	1	0	0	1	1	1	1	1	0	0	0	0	1	0	0	0	1	1	1	0	1	1	1	0	0	0	0	0	0	0	0	1	0	0	1	1	0	0	1	0	1	1	1	0	0	0	0	0	0	1	0	0	0	0	0	1	0	1	1	1	0	1
Mp3g09440	neg	1	0	1	0	0	0	0	0	1	1	0	1	1	1	0	1	0	0	0	0	0	0	0	1	0	0	0	0	1	1	1	1	1	0	1	0	0	0	1	0	0	0	1	1	1	0	1	1	0	0	0	0	1	0	0	0	0	1	1	0	1	0	0	0	1	0	1	0	0	1	0
Mp3g10020	neg	0	0	1	0	0	0	1	0	0	1	0	0	0	0	0	1	0	0	1	0	0	0	1	1	0	0	1	1	0	1	1	0	0	0	1	0	0	0	1	0	0	0	0	0	1	0	0	0	0	0	0	0	0	0	0	1	0	0	0	0	0	1	0	1	1	0	1	1	0	1	1
Mp3g11420	neg	0	0	0	0	0	0	1	1	0	0	0	0	0	1	1	0	0	0	0	0	0	1	0	0	0	1	0	0	0	0	0	0	0	0	0	1	1	0	1	1	1	0	0	0	1	0	0	0	0	0	0	0	0	0	0	0	0	1	1	0	0	1	0	1	1	1	0	0	0	0	1
Mp3g13420	neg	0	0	0	0	0	0	1	1	0	0	0	1	0	0	1	1	0	1	1	0	0	0	1	1	0	0	1	0	0	0	0	0	0	0	0	0	0	0	1	0	0	0	1	1	0	1	0	0	0	0	0	0	0	0	0	1	0	0	1	1	0	0	0	0	1	1	1	1	0	0	0
Mp3g13950	neg	1	0	0	0	0	0	0	0	1	0	0	0	0	0	1	0	1	0	0	0	0	1	0	0	0	1	1	1	0	0	0	0	1	0	0	1	0	1	1	0	0	0	1	0	1	0	0	0	0	0	1	0	0	0	0	0	0	1	0	0	1	1	0	1	0	1	1	1	1	0	1
Mp3g14690	neg	1	0	0	0	0	1	0	0	0	1	0	0	0	0	1	1	1	0	0	0	0	1	0	0	0	0	0	1	0	1	1	1	1	1	1	0	0	0	0	1	0	0	0	0	0	0	1	0	0	0	0	1	0	0	1	1	0	0	0	0	0	0	0	0	0	1	0	0	1	1	1
Mp3g15600	neg	1	0	0	0	0	0	1	0	1	1	1	0	0	1	0	0	0	0	0	0	0	0	0	0	0	0	0	1	0	0	0	1	0	0	0	0	1	0	1	0	1	0	0	0	0	0	0	1	0	1	1	0	0	0	0	0	0	1	0	0	0	0	0	0	0	0	0	0	0	0	1
Mp3g15900	neg	1	1	0	0	0	1	0	1	1	1	0	0	0	0	1	1	1	0	1	0	0	0	0	1	0	1	0	1	0	0	0	1	0	0	1	0	1	1	1	0	1	0	0	1	1	0	0	0	0	0	1	0	0	0	0	0	0	1	1	0	0	0	0	1	1	1	1	0	0	0	1
Mp3g18440	neg	1	0	0	0	0	0	1	1	0	0	0	1	0	1	1	1	0	0	1	0	0	1	0	0	0	0	0	1	0	0	1	0	0	0	0	1	0	1	0	1	1	0	0	0	0	0	0	0	0	1	0	0	0	0	0	0	0	1	1	0	0	1	0	0	0	0	1	0	0	1	1
Mp3g21200	neg	0	0	1	0	0	0	0	1	0	0	1	0	1	1	0	0	1	0	1	0	0	0	0	1	1	1	1	1	0	1	0	0	1	0	0	0	1	1	0	1	1	0	1	0	1	1	0	1	1	0	0	0	1	0	0	1	0	1	0	0	0	1	0	1	0	0	1	0	0	0	1
Mp3g21250	neg	0	0	1	0	0	0	1	1	0	1	1	1	1	0	1	1	0	0	0	0	0	0	0	1	0	1	0	1	1	1	0	0	1	0	1	0	1	1	1	0	1	0	1	0	1	1	1	1	0	1	1	1	1	0	0	1	0	1	1	0	1	1	0	0	1	0	1	0	0	1	1
Mp3g21540	neg	0	0	1	0	0	0	1	1	0	1	0	1	0	0	0	1	0	0	0	0	0	1	0	1	0	0	0	0	1	0	0	1	0	0	1	1	0	1	1	0	1	0	0	0	1	1	0	0	0	0	0	0	0	0	0	1	0	1	1	1	0	0	0	1	1	0	1	0	1	0	1
Mp3g21830	neg	0	0	0	1	0	0	1	0	0	0	0	0	0	0	1	0	0	0	0	0	0	0	0	0	0	1	0	0	0	0	0	0	0	0	1	1	0	0	1	1	0	0	0	1	1	0	0	0	0	1	0	0	0	0	0	0	0	1	1	0	1	0	0	0	1	0	1	0	1	0	0
Mp3g22850	neg	0	0	1	0	0	0	0	0	0	0	0	1	0	1	0	1	0	0	0	1	0	0	0	0	0	1	1	1	0	0	0	0	0	0	0	0	1	0	0	0	1	0	0	1	0	1	1	0	0	1	0	0	0	0	0	1	0	0	0	0	0	0	0	1	0	0	1	0	1	0	0
Mp3g23420	neg	0	0	0	0	0	0	1	0	0	0	0	0	0	0	1	0	0	0	0	0	0	0	0	0	0	0	1	0	1	1	0	1	1	1	1	0	1	0	1	0	0	0	0	0	0	1	0	0	0	0	0	0	0	0	0	1	0	0	0	0	0	0	0	0	0	1	1	1	0	0	0
Mp3g25220	neg	1	0	1	0	0	0	1	1	1	1	1	0	1	0	0	0	0	0	1	0	0	0	1	1	1	0	0	1	1	0	1	0	0	0	0	1	1	1	1	0	0	0	0	0	1	1	1	0	0	1	0	1	0	0	0	0	0	0	1	1	1	0	0	0	0	1	1	0	1	1	0
Mp4g00080	neg	1	0	1	0	1	0	1	0	0	0	0	0	0	0	1	1	0	0	0	0	0	0	0	0	0	0	1	0	0	0	1	0	0	0	1	0	1	1	1	0	1	0	0	0	0	0	0	0	0	0	0	0	0	1	0	1	0	0	0	0	0	0	0	1	0	0	0	0	0	1	0
Mp4g01280	neg	0	0	0	0	0	0	0	1	0	0	0	0	0	1	1	1	0	0	0	0	0	0	0	0	0	0	0	0	0	0	0	0	1	0	0	0	1	0	1	0	1	0	1	0	1	0	1	0	0	0	1	0	0	0	0	0	0	1	1	0	0	0	0	1	0	1	0	0	0	1	0
Mp4g02300	neg	1	0	0	0	0	0	0	0	0	1	0	0	0	0	1	1	0	0	0	0	0	1	0	0	0	1	0	0	0	1	1	0	0	0	0	1	0	1	1	0	0	0	1	0	1	0	0	1	0	1	0	1	0	0	0	1	0	0	0	0	1	0	0	1	1	0	1	0	1	0	0
Mp4g03440	neg	0	0	0	0	0	0	1	0	1	0	0	0	0	0	1	1	0	0	0	0	0	1	0	0	0	0	0	0	1	0	1	0	0	0	1	0	0	0	1	0	0	0	0	0	0	0	0	1	0	0	0	0	0	0	0	0	1	1	1	0	1	0	0	1	0	1	1	1	0	1	0
Mp4g04520	neg	0	0	0	0	0	0	0	0	1	1	1	1	1	0	0	0	1	0	0	0	0	1	0	1	0	0	0	1	1	0	0	0	0	0	0	0	1	0	1	0	1	0	1	0	1	0	0	1	0	1	0	1	1	0	0	0	0	0	1	0	0	0	0	0	0	0	0	1	0	0	1
Mp4g06160	neg	1	0	1	0	0	0	1	0	0	1	0	1	1	1	1	1	0	0	0	0	0	0	0	1	0	1	0	0	1	0	0	0	1	1	0	1	1	1	1	1	1	0	0	1	1	0	0	1	0	1	0	1	1	0	0	1	1	1	1	1	0	1	0	1	1	0	0	0	1	0	0
Mp4g07410	neg	0	0	0	0	0	0	1	0	1	0	0	0	0	1	1	0	0	0	1	0	0	1	0	1	0	0	0	1	1	0	0	0	1	1	0	0	1	0	1	0	1	0	0	1	1	0	1	1	0	0	1	0	0	0	0	1	0	1	0	0	0	0	0	0	0	1	1	0	0	0	0
Mp4g07480	neg	1	0	1	0	0	0	1	0	0	0	0	0	0	1	0	0	0	0	0	0	0	0	1	1	1	1	0	0	0	0	0	0	0	0	0	1	0	1	0	0	0	0	0	0	1	1	0	0	0	0	0	0	0	0	0	0	0	1	0	0	0	0	0	0	1	0	1	0	0	0	1
Mp4g07650	neg	1	0	0	0	0	0	0	0	0	1	0	0	0	1	0	1	1	0	0	0	0	1	1	1	0	1	0	0	0	0	0	1	0	0	1	1	0	1	0	0	0	0	0	1	1	1	0	1	0	1	1	0	0	0	0	1	0	0	1	0	0	1	0	0	0	0	1	0	1	1	0
Mp4g08050	neg	0	0	0	0	0	1	0	0	0	0	0	1	0	1	1	1	0	0	1	0	0	0	0	0	0	0	1	1	0	0	0	0	0	0	0	0	1	0	1	1	1	0	0	0	1	0	0	0	0	1	0	0	0	0	0	1	0	0	0	0	0	0	0	0	0	1	0	0	0	0	0
Mp4g08260	neg	1	0	1	0	0	0	0	0	0	0	0	0	0	0	0	1	0	0	1	0	0	1	0	1	0	0	0	0	0	0	0	1	0	0	1	0	0	0	0	0	1	0	0	0	1	0	0	0	0	1	1	0	0	0	0	1	0	0	0	0	1	1	0	1	1	1	0	0	1	0	0
Mp4g08860	neg	0	0	0	0	1	0	1	1	0	0	0	0	0	1	1	1	1	1	1	0	0	1	0	1	0	0	0	0	1	0	1	0	0	0	0	1	0	1	0	0	0	0	0	0	1	0	0	0	0	1	0	0	1	1	0	0	0	0	0	0	0	0	0	1	1	0	0	1	0	1	0
Mp4g09250	neg	1	0	0	0	0	1	0	0	0	0	0	1	0	0	1	1	0	0	1	0	0	0	0	1	0	1	1	0	0	1	0	0	0	0	0	1	1	1	0	1	0	0	1	1	0	1	0	1	0	1	0	1	0	0	0	0	0	0	0	0	1	0	0	1	1	1	1	0	0	1	0
Mp4g09730	neg	0	0	0	0	0	0	1	0	1	0	0	1	0	0	0	0	0	0	0	0	0	0	0	0	0	1	0	0	0	0	0	1	0	0	0	0	0	1	1	0	0	0	0	1	1	1	0	1	0	0	0	0	0	0	0	1	0	0	0	0	0	0	0	0	0	0	1	0	0	1	0
Mp4g10170	neg	0	0	1	0	0	0	1	0	0	0	0	0	0	1	1	0	0	0	1	0	0	0	0	1	0	1	0	1	0	0	0	1	1	0	1	1	0	1	0	0	1	0	1	0	1	0	0	0	0	0	0	0	0	0	0	1	0	1	1	0	0	1	0	1	1	0	0	0	1	0	0
Mp4g10580	neg	0	0	0	0	0	0	1	0	0	0	0	0	0	0	1	0	0	0	0	0	0	1	0	0	0	0	0	1	0	0	1	1	0	0	1	0	0	0	1	1	0	0	0	0	1	0	1	0	0	0	0	0	0	0	0	0	0	1	1	0	0	1	0	0	0	0	0	0	0	0	1
Mp4g10740	neg	0	0	1	0	0	0	1	0	0	1	0	1	0	0	1	1	1	0	0	0	0	0	0	0	0	1	1	0	1	0	1	1	0	0	0	0	0	0	0	0	0	0	1	0	1	0	0	0	0	0	1	0	0	0	0	0	0	0	0	0	0	0	0	0	0	1	0	0	0	0	1
Mp4g11910	neg	1	1	0	0	0	1	1	0	0	0	0	1	0	0	1	0	0	0	1	0	0	0	1	0	0	1	0	1	1	0	0	0	1	0	1	1	0	0	0	1	1	0	1	0	0	0	0	0	0	0	1	1	1	0	1	1	0	1	0	0	0	0	0	1	1	1	0	0	1	1	1
Mp4g13030	neg	0	0	1	0	0	0	0	1	0	1	0	0	0	0	0	0	0	0	0	0	0	1	0	1	1	1	1	0	0	0	0	1	1	1	1	0	1	0	0	1	1	0	1	0	1	1	0	0	0	0	0	0	0	0	0	1	0	1	0	0	0	0	0	0	0	0	1	1	1	0	0
Mp4g13120	neg	1	0	1	0	0	0	1	0	1	0	0	1	0	0	0	0	0	0	0	0	0	0	1	1	0	1	1	1	0	0	1	1	1	0	1	1	0	0	0	1	0	0	1	0	0	0	1	1	0	0	1	0	0	0	0	0	0	1	1	0	0	0	0	1	0	1	0	0	0	0	0
Mp4g13410	neg	0	0	0	0	0	0	0	0	1	1	0	1	0	1	0	1	0	0	1	0	0	1	0	1	1	0	1	0	0	0	1	1	1	0	1	1	1	0	0	0	0	0	0	1	0	1	0	0	0	0	0	0	0	0	0	1	0	0	0	0	0	0	0	1	1	0	1	1	1	1	1
Mp4g15900	neg	0	0	1	0	0	0	1	1	1	0	1	1	1	1	1	1	1	0	0	1	1	0	1	0	0	1	1	1	0	0	0	1	0	0	0	1	1	0	0	0	0	0	0	0	0	0	0	0	0	1	0	1	1	0	0	0	0	0	0	0	1	1	0	0	1	0	1	0	0	0	1
Mp4g16370	neg	0	0	1	0	0	0	1	0	0	0	0	0	0	0	0	1	0	0	1	0	0	0	0	1	1	1	0	0	0	0	0	0	0	0	1	1	0	0	0	1	1	0	0	1	1	0	0	0	0	0	0	0	0	0	0	0	0	0	0	0	0	0	0	0	0	0	1	0	0	0	0
Mp4g16400	neg	1	0	1	0	0	0	0	1	0	0	0	1	1	1	1	0	0	0	0	0	0	1	0	0	0	0	1	1	0	1	0	0	1	1	1	1	0	1	1	0	0	0	1	0	1	1	0	0	0	0	0	0	1	0	0	1	0	1	0	0	1	1	1	0	0	0	0	0	0	0	1
Mp4g17040	neg	0	0	1	0	0	0	1	1	0	1	0	1	0	0	1	1	1	0	1	0	0	0	1	1	0	1	0	1	1	0	0	0	0	0	0	0	0	0	0	1	1	0	0	0	1	1	1	0	0	0	1	0	0	0	0	1	0	0	1	0	0	1	0	0	1	1	1	0	1	0	1
Mp4g17090	neg	0	0	1	0	0	1	0	1	0	0	0	0	0	1	0	0	1	0	0	1	0	1	0	1	1	0	0	1	0	0	0	0	0	0	0	1	1	1	1	0	0	0	0	1	0	0	0	0	0	1	0	1	0	0	0	0	0	0	0	0	0	0	0	1	0	1	1	0	0	1	1
Mp4g17290	neg	1	1	1	0	0	1	1	0	0	1	0	0	0	0	0	1	0	0	1	0	0	1	0	1	0	0	0	0	0	1	0	1	1	0	1	0	0	0	0	1	1	0	0	1	1	1	0	1	0	1	0	1	0	0	0	0	0	1	1	0	1	0	0	0	0	0	1	1	1	0	0
Mp4g17630	neg	1	1	1	0	0	0	1	1	0	1	1	1	1	1	1	0	0	0	0	0	0	0	0	0	0	0	0	0	0	1	1	0	0	0	0	1	1	1	1	1	0	0	1	0	1	1	0	0	0	0	0	1	0	0	0	1	0	1	0	0	1	0	0	0	1	0	1	0	1	0	0
Mp4g19680	neg	0	0	0	0	0	0	1	0	0	0	0	0	0	1	1	0	1	0	1	0	0	0	0	0	0	0	0	0	0	0	0	1	0	0	0	0	1	1	0	0	0	0	0	0	1	1	0	0	0	0	0	0	0	0	0	0	0	1	0	0	1	1	0	1	0	0	0	1	1	0	1
Mp4g21690	neg	0	0	1	0	0	1	0	1	0	0	0	0	0	1	1	1	1	0	0	0	0	0	1	1	1	1	0	0	1	0	1	0	1	1	1	0	0	1	0	1	0	0	0	0	1	1	0	1	1	0	0	1	0	0	0	1	0	0	1	0	1	0	0	0	1	0	1	0	1	1	0
Mp4g22260	neg	0	0	0	0	0	0	1	0	1	0	0	1	0	1	1	0	0	0	1	0	0	0	0	0	0	1	0	0	1	0	0	1	1	0	1	1	0	0	0	0	1	0	0	0	1	1	0	0	0	1	1	0	0	0	0	0	0	1	0	0	0	1	1	0	0	0	1	0	0	0	1
Mp4g22470	neg	0	0	0	0	0	0	1	0	1	0	0	0	0	1	1	0	0	0	1	1	1	1	0	0	0	1	1	0	1	0	1	1	1	0	1	0	0	0	0	1	0	0	0	1	1	1	0	1	0	1	1	0	0	0	0	1	0	1	0	0	0	0	0	1	0	0	0	0	1	1	0
Mp4g22980	neg	0	0	1	0	0	1	0	1	0	1	0	1	0	0	1	1	1	0	0	0	0	1	1	1	1	1	0	1	1	0	0	1	1	0	1	1	1	1	1	0	1	0	1	1	0	1	1	1	0	0	0	1	0	0	0	0	0	1	0	0	1	0	0	0	0	0	1	0	0	0	1
Mp4g23680	neg	1	0	1	0	0	0	0	0	1	1	0	0	1	0	1	1	0	0	0	0	0	0	0	0	0	1	0	1	0	0	1	0	0	0	0	1	1	1	0	1	0	0	0	0	0	0	1	1	0	0	1	1	0	0	0	0	0	1	1	0	1	1	0	0	0	0	0	0	0	1	0
Mp4g24110	neg	0	0	0	0	0	0	0	1	0	0	0	0	1	1	1	0	0	0	0	1	0	0	0	0	0	0	0	0	0	0	0	0	0	0	0	1	1	1	1	1	0	0	0	0	0	0	1	0	0	0	0	1	1	0	0	0	0	1	0	0	0	1	0	1	0	0	0	1	0	0	1
Mp4g24120	neg	0	0	0	0	0	0	0	0	0	0	0	0	1	0	1	1	1	0	0	0	0	0	0	1	1	0	0	1	1	0	0	1	1	0	0	0	1	0	0	1	1	0	1	1	1	1	0	0	0	0	1	0	0	0	0	0	0	0	1	0	0	0	0	1	0	1	0	0	0	0	0
Mp5g01810	neg	0	0	1	0	0	0	0	0	1	0	0	0	1	0	1	0	0	0	0	0	0	0	1	1	0	0	0	0	1	0	0	1	1	0	0	0	1	0	0	0	0	0	1	0	0	1	0	1	0	0	0	0	1	0	0	0	0	0	1	0	0	1	0	1	1	0	1	0	1	0	0
Mp5g01850	neg	0	0	0	0	0	1	0	0	0	1	0	1	1	1	1	0	1	0	0	0	0	0	0	1	0	0	1	0	1	0	0	0	1	0	1	0	1	0	1	0	1	0	0	0	1	0	0	0	0	0	0	1	0	0	0	0	0	0	0	0	0	0	0	1	0	0	1	0	0	0	0
Mp5g02020	neg	0	0	1	0	0	0	0	1	0	1	0	0	1	0	1	1	1	0	1	0	0	1	0	1	0	1	0	1	1	1	1	0	0	0	1	1	1	0	1	0	0	0	0	0	1	1	0	0	0	1	0	0	0	0	0	1	0	0	0	0	0	0	0	1	1	1	1	1	1	0	1
Mp5g03000	neg	0	0	0	1	0	0	0	0	0	0	0	1	1	0	1	1	0	0	1	0	0	0	1	1	0	0	1	0	1	0	0	0	0	0	0	0	1	0	1	0	1	0	1	1	1	0	0	1	0	0	0	0	0	0	0	1	0	0	0	0	0	0	0	0	0	0	0	0	0	0	0
Mp5g03320	neg	1	0	0	0	0	0	1	0	1	0	0	1	0	0	1	1	0	0	0	0	0	1	0	1	1	1	0	0	0	0	1	1	0	0	0	0	0	1	0	0	1	0	0	1	0	1	0	0	0	0	0	0	0	0	0	1	0	0	0	0	0	0	0	0	1	0	0	0	1	0	0
Mp5g03650	neg	0	0	0	0	0	0	0	0	0	0	0	1	0	0	0	1	0	1	1	0	0	1	0	1	1	0	1	0	1	1	1	0	0	0	0	1	1	1	0	1	0	0	0	1	1	1	0	0	0	0	0	0	0	0	0	1	0	1	0	0	0	0	0	0	0	1	0	0	0	0	1
Mp5g04990	neg	0	0	1	0	0	1	0	0	0	0	0	0	0	0	0	1	0	0	1	0	0	0	1	0	0	0	1	1	0	0	0	0	0	0	1	0	0	1	1	0	0	0	1	1	1	0	0	0	0	0	1	0	0	0	0	0	0	0	1	0	0	0	0	0	1	0	0	0	0	0	0
Mp5g06660	neg	0	0	0	0	1	0	1	1	0	0	0	0	1	1	0	0	0	0	0	0	0	0	0	0	0	1	0	1	0	0	1	1	0	0	0	0	1	0	0	1	1	0	0	1	1	1	0	0	0	0	0	0	0	0	0	0	0	0	0	0	0	0	0	0	0	1	0	0	0	0	1
Mp5g07100	neg	0	0	1	0	0	0	1	1	1	0	0	0	0	0	0	1	0	0	1	0	0	0	0	1	0	1	1	1	1	0	0	0	0	0	0	0	1	1	1	0	1	0	0	0	0	0	1	0	0	0	0	0	0	0	0	1	0	1	0	0	0	0	0	0	1	0	1	1	1	1	1
Mp5g07580	neg	0	0	0	0	0	0	0	1	0	0	0	0	0	1	1	1	1	0	0	0	0	0	0	1	1	0	0	1	0	1	0	0	0	0	0	1	1	0	0	0	0	0	0	0	1	1	0	0	0	1	0	0	0	0	0	1	0	1	1	0	1	0	0	1	1	0	0	1	0	0	1
Mp5g08150	neg	1	0	0	0	0	0	1	0	1	0	0	1	0	1	1	1	1	0	0	0	0	0	1	1	1	1	0	0	0	0	1	0	0	0	0	0	1	1	0	0	0	0	0	0	1	1	1	1	0	0	0	0	0	0	0	0	0	1	0	0	0	0	0	0	1	1	1	0	1	0	1
Mp5g08280	neg	0	0	0	0	0	0	1	0	0	0	0	0	0	1	0	1	1	0	1	0	0	1	0	0	0	1	0	0	1	0	0	0	0	0	0	1	0	0	0	1	0	0	0	1	1	1	0	1	0	1	1	1	1	0	0	0	0	1	1	0	1	0	0	0	1	1	0	1	0	1	0
Mp5g10920	neg	1	0	1	1	0	0	0	1	0	1	0	0	0	1	1	0	1	0	0	0	0	1	1	0	0	1	1	1	1	0	0	0	1	1	1	1	0	1	0	0	1	0	1	0	1	0	0	0	0	0	0	0	0	0	0	0	1	1	1	0	0	0	0	1	0	0	1	1	1	1	0
Mp5g10990	neg	1	0	1	0	0	1	0	0	0	1	0	1	0	1	0	1	0	0	1	0	0	0	1	1	0	1	0	1	1	0	0	0	0	0	1	1	0	0	1	0	1	0	0	0	1	1	0	0	0	1	1	1	0	0	0	1	0	1	0	0	0	1	0	0	0	0	0	1	0	1	0
Mp5g13220	neg	0	0	1	0	0	1	1	0	1	0	0	1	1	0	1	0	0	0	0	0	0	0	0	0	0	0	0	0	1	0	0	0	0	0	0	0	1	1	1	0	1	0	0	1	1	1	1	1	1	0	1	0	0	0	0	0	0	1	0	0	0	0	0	0	0	0	0	0	0	0	0
Mp5g14040	neg	0	0	1	0	0	0	1	1	0	0	0	0	0	0	1	1	1	0	1	0	0	1	0	1	0	1	0	0	0	0	1	0	0	0	0	0	0	0	1	0	1	0	0	1	1	1	0	0	0	0	0	0	0	0	0	1	0	0	0	0	0	1	1	0	1	1	1	1	0	1	1
Mp5g14180	neg	0	0	1	0	0	0	0	0	0	1	0	0	0	0	1	1	0	1	0	0	0	0	0	1	0	0	0	1	1	1	1	0	0	0	0	0	0	1	1	0	1	0	0	0	1	0	0	0	0	0	1	1	0	0	0	1	0	1	0	0	1	0	0	0	0	0	1	0	0	0	0
Mp5g14810	neg	0	0	0	0	0	0	1	0	0	0	0	0	1	0	0	1	0	0	0	0	0	0	0	0	0	0	0	0	0	0	0	1	1	0	0	1	0	1	1	1	1	0	1	1	0	1	1	1	0	0	1	0	0	0	0	0	0	0	1	1	0	0	0	0	0	0	0	0	0	1	1
Mp5g15420	neg	0	0	1	0	0	0	0	1	1	0	0	0	1	1	0	0	0	0	0	0	0	1	0	0	0	1	0	1	0	0	0	1	1	0	1	0	1	1	1	1	0	0	1	0	0	1	1	1	0	1	1	0	0	0	0	0	0	1	1	0	0	0	0	0	0	0	0	1	0	1	0
Mp5g15970	neg	1	0	1	0	0	0	1	0	0	1	0	0	0	0	1	0	0	0	0	0	0	0	1	1	0	1	0	1	1	0	0	0	0	0	0	1	1	0	1	0	1	0	0	0	1	0	1	0	0	0	1	0	1	0	0	0	0	1	1	0	0	1	0	0	0	0	1	0	0	0	1
Mp5g16190	neg	0	0	1	0	0	1	1	1	1	0	0	0	0	0	0	1	0	0	1	0	0	0	0	1	0	1	0	0	1	0	1	0	1	0	1	1	0	0	1	1	1	0	0	1	1	1	0	0	0	1	1	0	0	0	0	1	0	1	1	0	0	0	0	0	1	0	1	0	0	1	0
Mp5g16970	neg	0	0	0	0	0	0	0	0	0	0	0	0	0	0	1	1	0	0	1	0	0	0	0	0	0	1	0	0	1	0	0	1	0	0	0	0	1	0	1	1	0	0	0	1	0	1	0	1	0	1	1	0	0	0	0	0	1	0	1	0	1	0	0	0	1	0	1	0	1	0	1
Mp5g17690	neg	0	0	1	0	0	1	1	1	0	0	0	1	0	1	1	1	0	0	0	0	0	0	0	0	0	1	1	0	0	0	0	0	0	0	1	0	1	0	0	0	0	1	0	1	1	0	0	1	0	1	0	1	0	0	1	0	0	0	1	0	1	1	0	1	0	0	0	1	0	1	1
Mp5g18560	neg	0	0	1	0	0	0	0	0	0	1	0	0	0	1	1	1	0	0	1	1	0	0	1	0	0	1	0	0	0	0	0	0	0	0	0	1	0	0	0	0	0	0	0	1	0	1	0	1	0	1	0	1	0	0	1	0	0	1	0	0	1	0	0	0	1	0	0	0	1	0	0
Mp5g20130	neg	1	0	0	0	0	1	1	1	1	1	0	1	0	0	0	0	0	0	0	0	0	1	1	1	0	0	0	0	1	0	0	0	1	1	1	0	1	0	0	1	1	0	0	1	0	0	1	1	0	0	1	0	0	0	0	1	0	0	1	0	0	0	0	0	1	1	0	0	0	1	1
Mp5g20780	neg	1	1	1	0	0	0	1	1	1	1	0	0	0	0	1	0	0	0	0	0	0	0	0	1	1	0	1	0	0	0	0	1	1	1	0	0	1	1	1	1	0	0	0	1	1	1	1	0	0	0	0	0	0	0	0	1	0	0	0	0	0	0	0	0	1	0	1	0	1	0	1
Mp5g21220	neg	1	0	1	0	0	0	1	1	0	1	0	0	0	0	0	0	1	0	1	0	0	0	1	1	0	0	0	0	0	0	1	1	0	0	0	1	1	1	1	0	1	0	0	1	1	1	0	0	0	1	1	0	0	0	0	0	0	1	1	0	1	0	0	0	0	0	1	0	0	0	0
Mp5g21320	neg	1	0	1	0	0	0	1	1	1	0	0	0	0	0	1	0	0	0	0	0	0	0	0	1	0	0	0	0	0	0	1	1	1	0	1	0	0	0	1	1	1	0	0	1	0	0	1	1	0	0	1	0	0	0	0	0	0	0	0	0	1	1	0	0	0	0	0	0	0	0	1
Mp5g22050	neg	0	0	0	0	0	0	1	1	1	0	0	1	0	0	0	0	1	0	0	0	0	0	0	0	0	1	0	0	0	1	1	0	1	1	1	1	1	0	0	1	1	0	1	1	1	1	1	0	0	0	0	1	0	0	0	0	0	1	0	0	1	1	0	0	0	0	1	0	0	0	1
Mp5g22230	neg	0	0	1	0	0	1	0	0	0	0	0	1	1	0	1	1	0	0	0	0	0	0	1	0	0	1	0	0	1	0	1	0	1	1	1	0	1	1	1	0	0	0	0	0	1	0	0	1	0	1	1	0	0	0	0	0	0	1	0	0	1	0	0	0	1	1	1	0	0	1	0
Mp5g22570	neg	1	0	1	0	0	1	1	0	0	0	0	1	0	0	0	1	1	0	0	0	0	1	0	0	0	0	0	0	1	1	0	1	0	0	0	1	1	1	0	0	0	0	0	0	0	0	0	1	0	0	0	0	0	0	0	0	0	1	0	0	0	0	0	1	0	1	1	1	0	0	1
Mp5g24080	neg	1	0	1	0	0	0	0	1	0	1	0	0	1	0	1	0	1	0	0	0	0	0	0	1	1	1	0	1	0	0	0	1	1	0	1	0	1	1	0	1	1	0	1	0	0	1	1	0	0	0	0	0	0	0	0	1	0	0	1	0	0	0	0	1	0	0	0	0	1	0	0
Mp6g00090	neg	0	0	0	0	0	0	0	0	0	1	0	0	0	1	0	1	1	0	0	0	0	1	1	1	0	0	0	1	0	0	0	0	0	0	0	0	0	1	0	0	0	0	0	1	1	0	1	0	0	0	0	0	1	0	0	1	0	1	0	0	0	0	0	1	0	1	1	0	1	1	0
Mp6g01220	neg	1	0	1	1	0	0	1	0	1	0	0	1	0	1	1	0	0	0	0	1	0	0	1	1	1	0	1	0	0	0	0	1	1	0	0	1	0	0	1	1	0	1	1	1	0	0	0	1	0	0	0	0	0	0	0	0	0	0	0	0	0	1	0	0	1	0	0	0	1	1	0
Mp6g05570	neg	0	0	1	0	0	0	1	0	0	0	0	0	1	1	1	1	1	0	0	0	0	0	1	1	0	1	1	0	0	0	0	0	0	0	1	1	1	1	0	1	0	0	0	0	1	0	0	0	0	0	0	0	0	1	0	1	0	0	0	0	0	1	1	0	1	1	1	0	1	0	1
Mp6g07260	neg	0	0	0	0	0	0	0	0	1	1	0	0	0	0	0	0	0	0	1	0	0	0	0	0	0	0	0	0	0	1	1	0	1	0	1	1	0	1	1	0	0	0	0	1	0	1	0	0	0	1	0	0	0	0	0	0	0	1	1	0	0	1	0	1	0	0	0	0	0	0	0
Mp6g07710	neg	1	0	1	0	0	1	0	1	0	0	0	0	0	0	1	1	0	0	0	0	0	0	1	0	0	0	0	1	1	0	0	0	1	1	0	0	0	1	0	0	0	0	1	0	1	1	0	0	1	0	0	0	0	0	0	0	0	1	0	0	0	0	0	0	1	0	0	0	0	0	0
Mp6g10010	neg	0	0	1	0	0	0	1	1	1	0	0	0	0	1	0	1	1	0	1	1	0	0	1	1	1	1	0	1	1	1	1	0	0	0	0	1	1	1	0	0	0	0	1	1	0	0	0	0	0	0	1	1	0	0	0	0	0	0	1	1	1	0	0	0	0	0	0	1	0	0	0
Mp6g11170	neg	0	0	1	0	1	1	1	0	0	1	0	1	0	0	0	1	1	0	0	0	0	0	1	0	0	1	1	1	1	0	0	0	0	0	0	1	1	1	0	0	1	0	0	1	0	1	0	0	0	0	1	0	0	0	0	1	0	1	1	1	1	0	0	1	0	0	1	0	0	0	0
Mp6g12120	neg	0	0	1	0	0	0	1	0	0	0	0	0	0	0	0	1	1	0	0	0	0	1	0	0	0	0	1	0	0	0	1	1	0	0	0	1	0	0	1	0	0	0	1	1	0	1	1	1	0	0	0	1	0	0	0	0	0	1	0	0	0	0	0	1	1	0	0	1	0	0	0
Mp6g13160	neg	1	0	1	0	0	0	1	0	0	0	0	1	0	1	1	1	0	0	1	0	0	0	0	1	0	1	1	1	0	0	1	0	1	0	1	0	1	0	1	1	1	0	0	0	1	0	0	0	1	1	0	0	0	0	0	0	0	0	1	0	0	0	0	1	1	0	1	0	0	0	1
Mp6g13220	neg	1	0	1	0	0	0	1	1	0	1	0	1	0	0	0	1	0	0	1	0	0	1	0	1	1	0	0	0	0	0	0	1	1	0	0	1	0	1	0	1	1	0	0	1	0	0	0	0	0	1	1	0	0	0	0	0	0	1	0	0	0	0	0	1	0	0	1	0	0	0	0
Mp6g15030	neg	0	0	0	0	0	0	0	1	1	0	0	0	0	1	1	1	1	0	1	1	0	1	1	1	0	1	0	1	0	0	0	1	1	0	0	1	0	0	1	1	1	0	0	0	1	0	0	0	1	0	0	0	0	0	0	1	0	0	0	0	1	1	0	0	1	0	0	0	0	1	1
Mp6g18280	neg	1	0	1	0	1	0	0	1	1	0	0	1	0	1	1	1	0	0	0	1	0	1	0	1	0	1	1	1	0	1	0	0	0	0	1	0	1	1	1	0	0	0	0	1	1	1	0	1	0	1	1	0	1	0	0	1	0	1	1	0	0	0	0	0	0	1	0	1	0	1	1
Mp6g18490	neg	1	0	1	0	0	0	0	1	0	1	0	1	0	0	0	0	0	0	1	0	0	0	0	0	0	1	1	1	0	1	0	0	1	1	0	0	1	0	1	0	1	0	0	1	0	1	0	0	0	0	0	0	0	0	0	0	0	0	0	0	0	1	0	0	0	1	0	0	0	0	0
Mp6g18980	neg	0	0	0	0	0	1	1	0	1	0	0	0	0	1	0	1	0	0	1	1	0	1	0	0	0	0	0	1	0	0	0	0	1	0	1	0	0	1	1	0	0	0	0	0	1	1	0	1	0	1	0	1	0	0	0	0	0	0	0	0	1	0	0	0	0	1	1	0	0	1	1
Mp6g21390	neg	1	0	1	0	0	0	1	1	0	1	0	1	0	0	1	1	1	1	0	0	0	0	1	1	1	1	1	1	0	0	1	1	0	0	1	0	1	0	0	1	0	0	1	0	0	0	0	0	0	0	0	0	0	0	0	1	0	1	0	0	0	0	0	0	1	0	0	0	1	0	0
Mp6g21470	neg	0	0	1	0	0	0	0	0	1	0	0	1	1	1	0	0	0	0	1	0	0	0	0	1	1	1	0	0	0	0	0	1	1	0	1	1	1	1	1	0	1	0	1	0	1	0	1	0	0	1	0	0	0	0	0	0	0	1	0	0	1	0	0	0	1	0	0	0	0	1	1
Mp7g00270	neg	0	0	1	0	1	0	1	1	0	0	0	0	1	0	0	1	0	1	0	0	0	0	0	1	1	0	0	1	1	0	1	0	1	1	0	1	0	1	1	1	0	0	0	1	1	1	0	1	0	1	1	1	0	0	0	1	0	0	1	0	1	0	0	1	1	0	1	0	1	1	1
Mp7g00390	neg	0	0	1	0	0	1	1	0	0	0	0	0	0	0	0	0	1	0	1	0	0	0	0	1	0	0	0	1	0	0	0	1	0	0	0	0	0	1	1	0	0	1	1	1	1	0	0	1	0	0	0	0	1	0	0	1	0	1	1	1	1	0	0	0	0	1	0	1	0	0	1
Mp7g00600	neg	1	1	1	0	0	0	1	0	0	1	0	1	0	1	0	1	1	0	1	0	0	0	0	1	0	1	1	0	0	1	1	1	1	0	1	1	0	1	0	1	1	0	0	1	1	1	1	0	0	1	1	0	1	0	0	1	0	0	0	0	0	0	0	0	0	1	1	0	0	1	1
Mp7g01760	neg	1	0	0	0	0	0	1	0	0	1	0	1	0	1	0	0	0	0	0	0	0	0	1	0	0	1	0	1	1	0	0	0	1	0	1	1	1	1	0	1	1	0	1	1	0	1	1	0	0	1	1	1	0	0	1	1	1	1	0	0	0	1	1	1	0	0	0	0	1	1	1
Mp7g05880	neg	0	0	0	0	0	0	1	1	0	1	0	0	0	1	0	0	1	0	0	0	0	0	1	1	0	1	0	0	1	0	0	1	0	0	0	1	1	1	1	1	0	0	0	1	1	0	1	0	0	1	1	1	0	0	0	0	0	1	1	0	0	0	0	0	1	0	1	0	0	1	0
Mp7g07200	neg	0	0	1	0	0	1	0	0	0	0	0	0	0	1	0	1	1	1	0	0	0	1	0	1	0	1	0	0	0	0	0	0	1	1	1	1	1	0	1	0	1	0	0	0	1	1	0	1	0	1	0	1	0	0	1	0	0	1	0	0	1	0	0	0	0	1	1	0	0	1	1
Mp7g07280	neg	0	0	0	0	0	0	0	1	0	0	0	0	0	1	0	1	0	0	0	0	0	1	1	0	0	1	0	0	1	0	0	1	1	1	0	0	1	1	1	0	0	0	1	1	1	0	0	0	0	0	0	0	0	0	0	0	0	0	0	0	1	0	0	0	0	1	0	0	0	0	1
Mp7g08380	neg	0	0	1	0	0	1	0	0	0	0	0	0	0	0	0	0	0	0	1	0	0	0	0	1	0	1	1	0	0	0	0	0	1	0	1	0	1	1	1	1	0	0	1	0	1	1	0	1	0	0	1	0	0	0	0	1	0	1	0	0	0	0	0	0	0	0	0	0	1	0	0
Mp7g08420	neg	0	0	1	0	0	1	0	0	0	1	0	0	1	1	1	1	1	0	1	1	1	0	1	1	0	1	0	0	1	0	0	1	1	1	0	0	0	0	1	0	1	0	1	0	1	0	0	0	0	1	1	1	1	0	0	1	0	1	1	0	0	1	0	0	1	1	0	0	0	1	0
Mp7g08640	neg	1	1	1	0	0	0	1	0	0	0	0	0	0	1	0	0	0	0	1	0	0	0	0	1	0	1	0	0	1	0	0	0	1	0	1	1	0	1	1	1	0	0	0	0	0	1	0	0	0	1	0	0	1	0	0	1	0	1	0	0	1	0	0	1	1	1	0	0	1	1	1
Mp7g08940	neg	0	0	1	0	0	1	0	0	1	0	1	0	0	1	0	1	1	0	1	0	0	1	0	0	0	0	1	0	0	0	1	0	0	0	1	0	0	0	0	0	0	0	0	1	0	1	1	0	0	0	0	1	0	0	0	0	0	0	0	0	0	1	0	1	0	0	1	0	0	1	0
Mp7g09890	neg	0	0	1	0	0	1	0	1	0	0	0	0	1	1	1	1	0	0	0	0	0	0	0	0	0	0	1	1	1	0	0	0	1	1	1	0	0	0	0	0	0	0	1	0	1	0	0	1	0	0	0	0	0	0	0	1	0	1	0	0	0	0	0	1	0	0	1	0	0	0	0
Mp7g10230	neg	1	0	1	0	0	0	1	1	1	0	0	0	0	0	1	1	0	0	1	0	0	0	0	1	0	0	1	0	0	1	1	1	1	0	0	0	1	1	0	1	1	0	0	1	1	1	1	0	0	1	0	1	0	0	1	0	0	1	1	0	0	0	0	1	0	0	1	1	0	0	0
Mp7g10450	neg	0	0	0	0	0	0	1	1	1	1	0	0	1	1	0	1	0	0	0	0	0	0	1	0	0	0	0	0	1	0	1	0	0	0	0	0	1	0	0	1	1	0	0	0	0	1	0	1	0	0	1	1	0	0	0	0	0	1	0	0	1	0	0	0	0	1	0	1	0	1	0
Mp7g13510	neg	1	1	0	0	0	0	1	1	0	0	0	0	0	1	1	1	0	0	1	0	0	0	1	0	0	1	0	0	1	0	0	0	1	1	0	1	1	0	1	0	0	0	0	0	0	1	0	1	0	0	0	0	0	0	0	1	0	1	1	0	0	0	0	1	1	0	1	0	0	1	0
Mp7g15090	neg	1	0	0	0	0	0	0	0	0	1	1	0	0	0	0	0	0	0	1	0	0	1	0	0	0	0	0	1	0	0	1	0	1	0	1	1	1	0	1	0	1	0	0	0	0	0	0	0	0	0	1	1	0	0	0	0	0	0	1	1	0	1	1	1	0	1	0	1	1	0	0
Mp7g15240	neg	0	0	1	0	0	0	1	0	1	1	0	0	0	1	0	1	0	0	1	0	0	0	0	0	0	1	0	1	1	0	0	1	0	0	0	0	0	1	1	0	0	0	0	0	1	0	0	1	0	0	1	0	1	0	0	1	0	1	0	0	0	0	0	0	0	1	0	0	0	0	1
Mp7g15530	neg	1	1	1	0	0	1	1	0	0	1	0	0	1	1	1	0	0	0	0	0	0	0	0	1	1	1	1	0	0	0	1	0	0	0	1	0	0	1	1	1	1	0	1	1	1	0	0	0	0	1	1	1	0	0	0	0	0	1	0	0	1	0	0	1	1	0	0	0	0	0	0
Mp7g15560	neg	0	0	0	0	0	0	0	1	0	0	0	0	0	1	1	0	0	0	0	0	0	0	0	0	0	0	0	0	1	0	1	1	0	0	0	0	0	0	1	0	1	0	0	1	1	0	0	0	0	1	1	0	0	0	0	1	0	1	1	0	0	0	0	1	1	1	1	1	1	0	1
Mp7g15970	neg	1	0	0	0	0	0	0	1	0	1	0	0	1	1	0	0	0	0	1	1	0	1	0	0	0	0	0	0	0	0	0	0	1	0	0	0	0	1	1	0	1	0	1	1	0	1	1	0	0	0	0	0	0	0	0	0	0	1	1	0	0	0	0	0	0	1	0	1	0	0	0
Mp7g16030	neg	0	0	1	0	0	0	1	0	0	0	0	0	0	0	1	0	0	0	1	0	0	0	1	0	0	1	0	0	0	0	0	0	1	0	0	0	1	0	0	0	0	0	1	1	1	0	0	0	0	1	0	0	0	0	0	0	0	1	0	0	1	0	0	1	1	0	1	1	0	1	1
Mp7g16250	neg	0	0	0	0	0	0	1	0	0	0	1	0	1	0	1	0	0	0	1	0	0	1	0	1	1	0	1	1	1	1	0	0	1	1	0	0	1	1	1	0	0	0	0	0	1	1	0	0	0	0	0	1	0	0	1	0	0	1	1	0	0	0	0	0	1	0	1	0	0	0	0
Mp7g16870	neg	0	0	0	0	1	0	0	1	0	0	0	0	1	0	0	1	0	0	1	0	0	1	1	0	0	0	0	1	1	0	0	1	1	0	0	1	0	0	1	0	0	0	1	0	0	1	0	1	0	0	1	0	0	0	0	0	0	1	1	0	1	0	0	0	0	0	1	0	0	0	0
Mp7g18940	neg	1	1	0	0	0	0	0	1	1	1	0	0	0	0	1	1	1	0	0	0	0	1	0	0	0	0	1	1	0	0	1	1	0	0	0	1	1	0	1	0	0	0	0	1	0	1	0	0	0	0	0	0	0	0	0	0	0	1	0	0	1	0	0	1	0	0	0	0	0	1	0
Mp7g19350	neg	0	0	1	0	0	0	0	0	0	0	0	0	0	1	0	1	1	0	0	1	0	1	0	0	0	1	1	0	0	0	0	0	0	0	0	1	0	0	1	1	1	0	0	1	1	0	0	1	0	0	1	0	0	0	0	0	0	1	0	0	0	0	0	1	1	0	1	0	0	0	1
Mp7g19420	neg	0	0	1	0	0	0	0	0	1	1	0	0	0	1	0	1	0	0	1	1	0	1	0	0	0	1	0	1	0	0	0	1	1	1	1	0	0	1	0	0	0	0	0	1	1	0	0	0	0	0	0	1	0	0	1	1	0	1	0	0	0	1	0	0	0	0	0	0	1	1	0
Mp8g00940	neg	1	0	0	0	0	0	0	0	1	0	0	0	0	1	0	0	0	0	1	1	0	0	0	0	0	0	1	0	0	0	0	0	1	1	1	1	1	0	1	0	1	0	0	0	0	1	1	1	0	1	1	0	1	0	0	1	0	0	0	0	1	0	0	1	0	0	0	0	1	0	0
Mp8g03240	neg	1	0	0	0	0	0	0	0	0	0	0	0	0	1	1	0	0	0	0	1	1	0	0	0	0	0	0	0	1	1	0	1	0	0	1	0	0	1	0	0	1	0	1	0	0	0	0	1	0	1	0	0	0	0	0	0	0	1	1	1	0	0	0	1	0	1	0	0	0	0	1
Mp8g03820	neg	0	0	0	0	0	1	1	0	0	0	0	1	0	0	0	0	0	0	0	0	0	0	1	0	0	0	0	0	1	0	0	0	0	0	1	1	1	0	0	1	0	0	0	0	0	0	0	0	0	0	0	1	0	0	0	1	1	0	0	0	1	0	0	1	0	1	0	0	0	1	1
Mp8g04570	neg	1	0	1	0	0	0	1	1	0	0	0	0	1	0	0	1	1	0	1	0	0	0	0	1	0	1	1	0	0	0	0	1	0	0	0	1	0	0	1	0	1	0	0	1	0	1	0	0	0	1	0	0	1	0	0	0	0	1	1	0	0	0	0	0	1	0	0	0	0	0	0
Mp8g05230	neg	0	0	0	0	0	0	1	0	1	1	1	0	1	1	1	0	0	0	0	0	0	0	0	0	0	0	0	0	1	0	0	0	0	0	0	1	0	0	0	0	1	0	0	1	0	1	0	0	0	1	1	1	0	0	1	1	0	1	0	0	0	1	0	0	0	0	1	0	1	1	1
Mp8g05790	neg	0	0	0	0	0	0	0	0	1	0	0	1	0	1	1	0	1	0	1	0	0	0	0	0	0	0	0	1	1	1	0	1	0	0	0	0	0	1	1	0	0	0	1	0	0	0	0	1	1	1	1	0	0	0	0	1	0	0	1	0	0	0	0	1	0	0	1	0	0	1	0
Mp8g08350	neg	0	0	0	1	0	0	1	0	0	1	0	0	0	1	0	1	1	0	1	0	0	1	0	1	0	0	1	1	1	0	0	1	1	1	1	0	0	0	1	0	1	0	1	0	1	0	0	0	0	0	1	0	0	0	0	1	0	0	0	0	0	1	0	0	0	0	1	0	0	0	1
Mp8g10050	neg	1	0	1	0	0	1	1	1	0	0	0	1	0	0	0	1	1	0	0	0	0	0	0	1	0	0	0	1	1	0	0	1	0	0	1	0	0	1	1	1	1	0	0	0	0	1	0	1	0	1	0	1	1	0	1	0	0	1	0	0	0	0	0	1	0	0	0	0	0	1	1
Mp8g10760	neg	0	0	1	0	0	1	1	1	0	1	0	0	0	1	0	0	0	0	0	0	0	0	0	0	0	0	0	0	0	0	0	1	1	1	1	0	0	1	1	1	0	0	0	0	0	0	0	0	0	0	1	1	0	0	1	1	0	0	0	0	0	0	0	1	1	1	1	1	1	0	0
Mp8g11060	neg	0	0	1	0	0	0	1	0	1	1	0	1	0	1	0	1	1	0	1	1	0	0	1	1	1	1	0	0	0	0	0	1	1	0	0	0	1	1	1	0	0	0	1	0	1	1	0	1	0	0	0	1	0	0	0	1	0	1	1	1	0	0	0	1	1	0	1	1	1	0	0
Mp8g12550	neg	0	0	1	1	0	1	0	0	0	0	0	1	0	1	0	1	0	0	0	0	0	1	0	1	0	0	0	1	0	0	0	0	0	0	1	0	1	1	0	1	1	0	0	0	1	0	0	0	0	1	0	1	0	0	0	0	0	1	0	0	0	0	0	0	1	0	1	0	1	1	0
Mp8g12560	neg	1	1	0	0	0	0	0	0	0	0	1	0	0	0	1	0	1	0	0	0	0	0	0	0	0	0	0	1	1	0	0	1	1	0	0	1	1	1	1	1	0	0	0	0	1	0	0	1	0	1	1	1	0	0	0	0	1	1	1	0	0	0	0	0	0	1	1	0	0	0	1
Mp8g12660	neg	1	0	1	0	0	0	0	1	0	1	0	0	0	0	1	1	0	0	0	0	0	0	0	1	0	0	0	0	0	0	0	1	1	0	1	0	0	0	1	1	0	0	1	0	1	0	0	1	0	0	0	1	0	0	0	0	0	1	1	0	0	0	0	0	0	0	0	1	1	0	0
Mp8g14120	neg	1	0	1	0	0	1	0	1	0	0	0	0	0	1	1	1	1	0	0	1	0	1	0	1	0	0	0	0	1	1	0	0	0	0	1	0	0	0	0	0	0	0	0	0	1	1	0	1	0	0	1	0	0	0	0	0	0	1	0	0	0	0	0	0	0	0	1	1	1	0	0
Mp8g14390	neg	1	1	1	0	0	0	0	1	0	1	0	0	0	0	1	1	1	0	0	0	0	0	0	1	0	1	0	1	1	1	0	0	0	0	1	1	0	0	0	1	0	0	0	0	1	0	1	1	0	1	1	1	0	0	0	0	0	1	1	0	1	1	0	1	1	0	0	0	1	0	1
Mp8g14410	neg	1	0	1	0	0	0	0	1	0	0	0	1	0	0	0	0	1	0	1	0	0	0	0	0	0	1	0	0	0	0	1	0	0	0	1	0	1	1	0	0	0	0	0	1	1	0	0	0	0	0	0	1	0	0	0	1	0	1	1	1	1	0	0	0	1	0	1	0	0	0	0
Mp8g15700	neg	0	0	1	0	0	0	0	0	0	0	0	1	1	0	1	1	0	0	0	0	0	0	1	1	0	1	0	1	1	0	1	0	1	1	1	1	0	1	0	1	1	0	1	0	1	1	0	1	0	0	0	1	0	0	0	1	0	1	1	0	1	0	0	0	1	0	1	1	0	1	0
Mp8g15780	neg	0	0	0	0	0	0	1	1	0	0	1	0	0	0	0	1	0	0	0	0	0	0	0	0	0	1	0	1	1	0	0	0	1	1	0	1	1	0	1	1	0	0	1	0	1	0	0	0	0	1	1	0	0	0	0	1	0	1	0	0	0	0	0	1	0	1	1	0	0	1	1
Mp8g16480	neg	0	0	0	0	0	0	0	0	1	0	1	0	0	0	1	1	0	0	0	0	0	0	0	1	0	1	0	0	1	0	0	1	0	0	1	1	0	0	1	0	0	0	0	0	1	1	1	1	0	1	1	0	0	0	0	0	0	1	0	0	0	1	1	0	1	1	1	0	1	0	0
Mp8g17960	neg	0	0	1	0	0	1	0	1	0	0	0	0	1	1	0	1	0	0	1	0	0	1	0	0	0	0	1	0	1	0	0	1	1	1	0	1	1	1	1	0	0	0	0	0	0	1	0	1	0	0	0	0	0	0	0	1	0	1	1	0	0	0	0	1	0	0	1	0	0	1	1
Mp8g18520	neg	0	0	0	1	0	0	1	0	0	1	0	1	0	0	1	1	1	0	0	0	0	0	0	1	0	1	1	1	1	0	0	0	1	0	0	0	0	0	1	0	1	0	0	1	1	1	0	0	0	1	1	1	0	0	0	0	0	0	0	0	0	0	0	0	1	0	1	0	0	1	1
MpVg01180	neg	0	0	0	0	0	0	1	0	0	0	0	1	0	0	0	1	0	0	0	0	0	0	1	1	1	0	1	0	0	0	0	0	0	0	1	1	0	1	0	0	1	0	0	0	0	0	0	1	1	0	0	0	1	0	0	0	0	1	0	0	0	0	0	1	1	0	0	1	0	0	0
