X	Class	AACAGG	AACCTGC	AAGCAG	AAGTCA	ACAGGA	ACAGGTC	ACGCGT	ACTAGC	ACTCGA	ACTGCT	AGACCA	AGATCT	AGATCTG	AGCAGG	AGCAGTC	AGCAGTCA	AGCGTG	AGCTCA	AGCTGA	AGGCTG	AGGTGGG	AGTCAG	AGTGGG	ATCCAGC	ATCCCA	ATCGTC	ATCTGC	ATGACG	ATGCCC	CAAGAG	CAAGTG	CAGAAC	CAGATG	CAGCAG	CCCACC	CCTGAC	CCTTGGGA	CGAACA	CGTATA	CGTTAG	CTCAGA	CTGAAC	CTGCAA	CTGGCC	CTGGCCA	CTGTAA	CTTATC	GATGGA	GCTGTA	GCTTTA	GTACAC	GTTGGGA
Mp1g00550	pos	1	0	1	0	1	0	1	1	0	0	0	0	0	0	0	0	0	1	1	1	0	0	1	1	1	0	0	0	1	0	0	1	0	1	0	1	0	1	1	1	1	1	0	1	0	0	0	0	0	1	0	0
Mp1g01810	pos	0	0	1	0	0	0	0	0	1	1	0	1	0	1	0	0	1	0	0	0	1	1	1	0	0	1	1	0	0	1	1	1	0	1	1	1	0	0	0	0	0	1	0	1	1	0	0	1	0	1	0	0
Mp1g02260	pos	1	0	1	1	1	1	1	1	1	0	1	1	0	1	0	0	1	0	1	1	1	1	1	0	1	1	1	1	0	0	1	1	1	1	1	0	0	0	0	0	1	1	1	1	0	1	1	0	1	1	0	0
Mp1g02880	pos	1	0	0	0	1	1	0	0	1	1	1	0	0	0	0	0	1	1	1	0	0	0	1	0	0	1	1	0	0	1	0	1	1	1	1	1	0	1	0	0	1	1	0	1	0	0	0	0	0	1	0	0
Mp1g03750	pos	1	0	1	0	1	1	0	0	0	1	0	1	1	0	1	0	1	1	1	1	0	1	1	0	1	1	1	0	1	1	1	0	0	1	1	1	1	1	1	0	1	1	1	1	1	1	0	1	1	0	0	1
Mp1g03760	pos	1	0	1	0	1	1	0	0	1	1	0	1	1	0	1	0	1	1	1	0	0	1	1	0	1	1	1	0	1	1	0	0	1	1	1	1	1	1	1	0	1	1	1	1	1	1	0	1	1	0	1	1
Mp1g04150	pos	0	0	1	1	0	0	0	0	1	0	1	1	1	1	0	0	1	0	0	1	1	1	1	1	0	1	1	0	1	1	1	0	1	1	1	1	0	0	0	0	0	1	1	0	0	0	1	1	0	1	0	0
Mp1g04750	pos	1	0	0	1	1	1	0	0	0	0	0	0	0	0	0	0	0	1	1	1	0	0	1	1	1	1	0	1	1	1	1	1	1	1	0	1	0	0	1	0	1	1	0	1	1	1	1	1	0	0	1	0
Mp1g06440	pos	0	0	0	0	0	0	0	0	1	1	1	1	1	1	0	0	0	1	0	0	0	1	1	0	0	1	1	1	0	1	1	1	1	1	1	1	0	1	1	1	1	1	1	1	1	0	0	1	1	0	0	0
Mp1g06980	pos	0	0	0	1	0	0	0	0	1	0	0	0	0	0	0	0	0	0	0	0	0	1	0	0	1	1	1	0	0	1	0	0	0	0	1	1	0	1	0	1	0	1	0	1	0	1	0	0	1	1	1	0
Mp1g07510	pos	1	1	1	0	1	1	0	0	1	1	0	0	0	1	0	0	0	0	1	0	0	0	1	0	0	1	0	0	0	1	1	1	0	1	1	0	0	1	0	0	0	0	0	0	0	1	1	1	1	1	0	1
Mp1g07620	pos	0	0	1	1	1	1	0	0	0	1	1	0	0	0	1	0	1	1	1	0	0	1	1	0	1	0	1	0	0	1	1	0	0	1	0	0	0	1	1	0	1	0	1	0	0	1	1	0	0	0	1	0
Mp1g07630	pos	0	0	0	0	0	0	0	0	1	0	0	0	0	0	0	0	0	0	1	1	0	1	0	0	0	0	0	0	0	0	1	0	0	0	1	0	0	0	0	0	1	1	1	1	0	1	0	1	1	0	1	0
Mp1g08130	pos	1	0	0	0	1	0	0	0	0	1	0	0	0	0	0	0	1	1	0	1	1	0	0	1	0	1	1	1	1	1	1	1	0	1	1	0	0	0	0	1	1	0	0	0	0	0	1	1	1	1	1	1
Mp1g08490	pos	0	0	1	1	0	0	0	0	1	0	1	0	0	0	0	0	1	1	1	1	1	0	1	0	0	1	1	1	1	1	0	0	1	1	1	1	0	1	0	1	1	1	1	1	0	0	0	1	0	0	0	0
Mp1g10940	pos	0	0	1	1	0	0	0	0	1	0	1	0	0	0	0	0	0	1	1	0	0	1	0	1	0	0	1	0	0	1	1	1	0	1	0	1	0	1	0	1	0	1	1	1	1	1	1	1	0	1	0	0
Mp1g11770	pos	0	0	1	0	1	0	0	1	1	0	1	0	0	1	0	0	1	1	1	0	0	1	0	0	1	1	0	0	0	1	0	0	0	1	1	0	0	1	0	0	1	0	0	1	0	0	1	0	0	0	1	0
Mp1g12420	pos	0	0	1	0	1	0	0	0	0	1	1	0	0	1	1	0	0	1	1	1	1	1	1	0	0	0	0	1	1	1	1	1	0	1	1	0	0	1	1	0	1	0	1	0	0	1	0	0	1	0	0	0
Mp1g13110	pos	0	0	0	0	1	0	1	0	0	0	0	0	0	1	0	0	0	0	1	0	0	0	0	0	1	1	1	0	0	1	0	1	0	1	0	0	0	0	1	1	0	1	1	1	1	0	1	1	0	0	0	0
Mp1g17610	pos	0	0	1	0	1	0	0	0	0	0	0	0	0	0	0	0	0	0	0	0	0	0	1	0	1	0	1	0	0	1	0	1	1	0	0	1	0	0	0	0	1	0	0	0	0	0	0	1	0	0	1	0
Mp1g17670	pos	0	0	1	0	0	0	1	0	1	1	1	1	1	1	1	0	1	0	0	1	1	0	0	0	0	1	1	0	1	1	0	1	1	1	1	0	0	1	0	0	0	0	1	0	0	1	0	1	0	1	0	1
Mp1g17840	pos	0	0	0	1	1	0	1	0	1	1	1	0	0	0	1	0	0	1	0	0	1	0	1	0	1	1	0	1	1	1	0	1	1	1	1	1	1	0	0	0	1	1	1	1	1	1	0	0	0	1	0	0
Mp1g17910	pos	1	1	1	0	1	0	0	0	1	1	0	0	0	0	0	0	1	1	1	1	0	1	0	0	1	0	1	1	0	1	1	1	0	1	0	1	0	0	0	0	1	1	0	1	0	1	0	1	1	0	1	0
Mp1g20010	pos	1	0	1	1	0	1	0	1	1	1	1	1	1	0	0	0	1	1	0	1	0	1	0	1	1	1	1	0	1	1	1	1	1	1	0	1	1	1	0	0	0	1	1	0	0	1	1	0	1	1	0	0
Mp1g20830	pos	0	1	0	1	0	0	0	0	1	1	0	1	1	0	1	1	0	1	1	0	1	1	1	1	0	1	1	1	0	1	1	1	1	1	1	1	0	1	0	0	0	1	1	1	0	1	1	1	1	0	1	0
Mp1g21980	pos	0	0	1	1	1	0	0	0	0	1	1	0	0	1	0	0	1	1	0	0	0	0	0	1	0	1	0	1	0	0	0	1	0	1	0	1	0	0	0	1	1	1	0	0	0	0	1	0	0	0	0	0
Mp1g23430	pos	0	0	0	1	0	0	0	0	0	0	0	0	0	1	0	0	0	0	0	0	0	1	0	0	1	1	0	0	0	0	1	0	1	1	0	0	0	0	1	0	1	1	1	1	0	0	0	1	0	1	0	0
Mp1g24830	pos	0	0	0	0	0	0	0	1	0	0	0	1	1	1	0	0	1	1	1	1	0	0	1	0	0	0	0	1	0	0	0	0	0	1	1	1	0	0	0	0	1	0	0	1	0	1	0	1	0	0	0	0
Mp1g25130	pos	0	0	1	0	0	0	0	1	1	1	0	0	0	1	0	0	1	1	1	1	0	1	0	0	0	1	0	1	1	1	0	1	1	1	0	1	0	1	0	0	1	1	1	1	0	0	1	1	1	1	0	0
Mp1g25980	pos	0	0	0	1	0	0	1	1	1	1	0	0	0	0	1	0	1	0	1	0	0	0	0	0	0	0	1	1	1	1	1	0	1	1	1	0	0	0	0	1	1	1	0	1	0	0	0	1	1	0	1	0
Mp1g26230	pos	0	1	1	1	1	0	1	1	1	1	1	0	0	1	0	0	1	1	1	0	0	1	1	0	0	1	1	1	0	0	1	1	1	1	0	1	0	0	0	0	1	1	1	1	1	0	0	1	0	0	0	0
Mp1g26920	pos	0	0	0	1	1	0	1	1	1	1	0	1	1	1	0	0	0	1	0	0	0	0	0	0	0	0	0	0	0	1	1	1	1	1	1	0	0	1	1	1	0	0	0	0	0	0	0	1	1	0	1	0
Mp1g27920	pos	0	0	1	1	1	0	0	0	1	0	1	1	0	1	0	0	0	0	0	0	0	1	1	0	0	0	1	1	0	1	1	0	1	1	1	0	0	0	0	0	1	0	1	0	0	1	1	1	1	1	1	0
Mp1g28180	pos	1	0	1	1	1	1	1	0	1	1	0	1	1	0	1	0	0	1	1	0	0	1	0	0	1	0	1	1	0	1	1	1	1	1	0	1	0	0	0	0	0	1	0	0	0	0	0	1	1	0	1	0
Mp1g28780	pos	1	0	0	0	1	0	0	0	0	1	0	1	1	1	1	0	0	0	1	1	0	1	0	0	0	1	1	1	0	1	1	0	1	1	0	0	0	1	1	0	0	0	1	0	0	1	1	0	1	1	0	0
Mp1g29350	pos	0	1	1	1	1	0	1	0	0	1	0	0	0	1	1	0	0	0	1	1	0	0	0	0	1	1	1	0	0	1	1	0	1	1	0	1	0	0	1	0	1	1	1	1	0	0	0	1	1	0	0	0
Mp2g01420	pos	0	0	0	1	0	0	0	0	1	1	1	0	0	1	1	0	0	1	1	0	0	0	1	0	0	1	0	0	0	0	0	1	0	1	0	0	0	1	0	0	1	0	1	1	0	1	0	1	1	0	1	0
Mp2g01710	pos	1	0	0	1	1	0	0	0	1	1	1	1	1	1	0	0	1	1	1	0	0	0	0	0	0	0	1	1	1	1	1	1	1	1	0	0	0	1	1	0	1	0	1	0	0	1	0	1	1	1	1	0
Mp2g02090	pos	0	1	1	1	0	0	0	0	1	1	0	1	0	0	0	0	1	1	1	0	0	1	0	0	1	1	1	1	0	1	1	0	1	0	0	1	0	1	0	1	0	1	1	1	0	0	1	1	1	1	1	0
Mp2g02520	pos	1	0	1	0	0	0	0	0	1	1	0	0	0	1	0	0	0	0	0	1	0	0	0	0	0	1	1	1	0	0	1	1	1	1	1	0	0	0	0	0	0	1	1	1	0	0	0	0	0	1	0	1
Mp2g04920	pos	0	0	0	1	1	0	0	1	1	0	0	1	1	0	0	0	0	0	1	0	0	0	0	1	1	0	1	0	0	1	0	1	1	1	1	0	0	0	0	0	0	0	1	1	1	1	1	1	1	1	1	0
Mp2g05910	pos	0	1	1	1	0	0	0	0	1	1	0	1	1	0	1	0	1	1	0	1	0	0	0	1	0	1	1	1	0	0	0	1	1	1	0	1	0	0	0	0	0	1	1	1	1	0	1	1	1	0	1	1
Mp2g06780	pos	0	0	1	0	1	0	1	1	0	1	0	1	1	1	0	0	0	0	1	0	0	0	0	0	0	0	1	1	0	1	1	1	1	1	0	0	0	1	0	0	0	1	1	0	0	1	1	1	1	1	1	0
Mp2g07500	pos	1	1	1	1	1	0	0	0	0	1	1	1	1	1	0	0	1	0	1	1	0	1	0	0	1	0	1	0	0	1	1	0	1	1	1	1	0	1	1	0	1	1	1	1	0	1	1	0	1	0	0	0
Mp2g07510	pos	0	0	0	1	1	0	0	1	0	0	1	1	1	1	0	0	1	1	0	1	0	1	0	0	1	0	1	1	1	0	1	1	1	0	1	0	0	1	0	1	0	1	0	1	1	0	0	0	0	0	1	0
Mp2g08290	pos	1	1	1	1	1	0	0	0	1	1	0	1	0	0	1	1	0	0	1	0	0	1	0	0	1	1	1	0	1	0	1	1	1	0	0	1	0	1	1	1	1	0	1	0	0	1	0	0	1	0	1	0
Mp2g09200	pos	1	1	0	1	1	0	0	0	0	1	1	0	0	0	1	1	1	0	0	0	0	1	1	1	1	0	0	1	0	1	1	1	0	1	0	1	0	1	1	0	1	1	0	0	0	1	1	1	0	1	0	0
Mp2g09560	pos	0	0	1	0	0	0	0	0	0	1	1	1	1	1	0	0	1	1	0	1	0	0	0	0	0	1	0	1	0	1	1	0	0	1	1	0	0	1	0	0	1	0	1	0	0	1	0	1	0	1	0	0
Mp2g09820	pos	1	0	1	0	1	0	0	0	0	0	1	1	1	1	0	0	1	1	0	0	0	0	1	0	0	1	0	1	1	1	1	0	0	1	0	1	0	1	1	1	0	0	1	1	1	0	0	1	0	0	0	0
Mp2g10090	pos	0	0	1	0	0	0	0	0	1	1	0	0	0	1	1	1	0	0	1	0	0	1	0	0	0	0	0	1	0	0	0	1	0	1	1	1	0	0	0	1	0	0	1	1	0	0	1	1	0	0	0	1
Mp2g11960	pos	1	0	0	1	1	1	0	0	0	0	0	0	0	1	0	0	0	1	1	1	0	1	0	1	1	1	0	1	1	0	1	0	0	1	0	0	0	1	1	1	1	0	0	0	0	0	1	1	0	1	0	0
Mp2g12220	pos	1	0	1	0	1	1	0	0	1	1	0	0	0	1	0	0	0	1	1	0	0	1	0	1	1	0	0	0	0	1	0	0	0	1	0	1	1	0	0	0	1	0	0	0	0	1	1	1	1	1	1	1
Mp2g12940	pos	0	0	1	1	0	0	0	0	0	1	0	1	0	0	0	0	1	1	0	0	0	0	0	0	0	0	1	0	1	0	0	1	1	0	0	0	0	1	1	0	1	1	1	0	0	0	1	1	0	0	0	0
Mp2g13870	pos	0	1	1	1	1	0	0	0	0	0	0	1	1	0	0	0	0	1	1	1	0	0	1	0	1	0	1	0	0	1	1	1	1	0	0	0	1	0	0	0	1	1	0	0	0	1	0	0	0	1	0	0
Mp2g15690	pos	1	0	0	0	1	1	1	0	1	0	1	0	0	0	0	0	0	1	1	1	0	1	0	0	1	1	1	1	1	1	1	1	1	1	1	0	0	1	0	0	1	1	1	0	0	1	0	1	1	1	1	1
Mp2g15700	pos	1	0	1	1	1	0	0	0	1	1	1	0	0	0	0	0	0	1	1	1	0	1	1	0	1	1	0	0	0	1	0	0	0	1	0	0	0	1	1	1	1	1	1	0	0	1	1	1	1	1	0	0
Mp2g16130	pos	0	0	1	1	0	0	0	1	0	1	1	1	0	1	0	0	1	1	1	0	0	0	1	0	0	1	0	0	0	1	0	0	0	1	1	0	0	0	0	0	0	0	0	1	0	1	0	1	1	1	1	0
Mp2g17500	pos	1	0	1	1	0	0	0	1	1	1	0	0	0	0	1	1	1	1	1	0	0	1	1	0	1	0	1	1	0	1	0	1	1	1	0	0	0	1	0	0	1	1	1	1	1	1	0	1	1	1	0	0
Mp2g18080	pos	0	0	1	0	0	0	0	0	1	1	0	1	0	1	0	0	0	1	0	0	0	0	0	0	0	1	1	1	1	1	1	0	1	1	1	1	0	0	0	1	1	0	0	0	0	1	0	0	1	1	0	0
Mp2g18760	pos	0	0	0	1	1	0	0	0	1	0	1	0	0	0	0	0	0	1	1	1	0	1	0	1	1	1	1	1	1	1	1	0	1	1	0	1	0	1	0	0	1	1	1	0	0	1	1	1	0	0	1	0
Mp2g20470	pos	1	0	1	1	1	0	0	0	1	1	1	0	0	0	0	0	0	1	0	0	1	1	1	0	1	0	0	0	1	1	1	0	0	0	1	0	0	0	0	0	1	1	1	0	0	0	1	0	0	1	0	0
Mp2g21710	pos	1	0	0	1	1	0	0	0	1	0	0	0	0	1	0	0	0	0	1	0	1	1	1	1	1	0	1	0	0	0	1	0	0	0	1	1	0	1	1	0	1	1	1	0	0	0	1	1	0	0	0	1
Mp2g22350	pos	0	0	1	1	1	0	0	0	1	0	0	0	0	1	0	0	0	1	0	1	0	1	0	0	0	0	0	1	0	1	0	1	0	1	0	0	0	0	1	1	0	1	0	1	0	1	0	1	1	1	1	0
Mp2g24070	pos	0	0	1	0	0	0	1	1	0	0	0	0	0	1	0	0	1	0	1	0	0	1	1	0	0	0	0	1	0	0	1	1	0	1	1	1	0	0	1	0	0	1	1	0	0	1	0	1	1	0	0	0
Mp2g24490	pos	0	0	1	0	0	0	0	0	1	1	0	0	0	0	0	0	1	1	1	0	0	0	1	0	1	0	0	0	0	1	0	0	0	0	0	1	0	1	0	0	1	1	1	0	0	0	1	1	1	1	1	0
Mp2g25180	pos	0	0	1	1	1	1	0	0	1	1	1	1	1	1	1	0	1	1	1	0	0	1	1	1	1	1	1	0	0	1	1	1	1	1	1	1	0	1	0	1	1	1	1	0	0	1	0	1	0	0	0	0
Mp3g01320	pos	1	1	1	1	0	0	1	0	1	1	0	1	1	1	0	0	1	1	1	1	0	1	1	0	0	1	1	1	0	0	1	1	1	1	0	1	0	0	1	0	0	1	1	1	0	0	1	1	1	1	1	0
Mp3g01920	pos	0	0	1	1	0	0	0	1	1	1	1	0	0	1	1	1	1	0	1	1	0	1	1	0	1	1	0	1	0	1	0	1	1	1	1	1	0	1	1	1	1	1	1	0	0	1	0	1	1	1	1	0
Mp3g01940	pos	0	0	1	1	0	0	0	0	1	1	0	0	0	1	1	1	0	0	1	1	0	1	0	0	1	1	0	1	1	1	0	1	0	1	0	1	0	0	0	0	1	0	1	0	0	1	1	1	1	1	1	0
Mp3g03350	pos	1	0	0	0	0	0	0	1	0	0	0	1	1	0	0	0	0	0	1	0	0	1	0	0	0	1	0	1	0	1	1	1	1	0	1	0	0	0	0	0	1	1	1	0	0	1	1	0	1	0	0	0
Mp3g03530	pos	1	0	1	1	1	0	0	0	0	1	1	0	0	0	0	0	0	0	0	0	0	0	0	0	0	1	1	1	0	1	1	1	1	1	0	1	0	0	1	1	1	0	1	0	0	1	1	1	0	0	0	0
Mp3g06140	pos	1	0	0	1	0	0	0	0	0	1	0	1	1	0	0	0	0	1	0	0	1	1	1	0	1	1	1	1	1	1	1	0	1	1	1	0	0	1	0	0	0	1	1	0	0	1	1	1	1	0	0	0
Mp3g06560	pos	1	1	1	1	1	0	1	1	1	1	1	0	0	1	0	0	0	0	1	1	0	1	1	1	0	0	1	1	1	1	1	1	1	1	1	1	0	1	1	0	1	1	1	0	0	0	1	1	1	0	1	0
Mp3g06570	pos	0	0	1	1	1	0	0	0	0	1	1	1	0	1	0	0	0	1	1	1	0	1	0	0	1	0	0	0	1	1	1	0	1	1	1	0	1	1	1	1	1	1	1	0	0	1	1	1	1	1	1	0
Mp3g06650	pos	1	1	1	1	1	0	0	0	0	0	1	0	0	1	0	0	1	1	1	0	0	1	1	0	1	0	0	1	1	1	1	1	0	1	0	1	0	1	1	1	0	0	1	1	0	0	1	0	0	0	0	0
Mp3g06970	pos	1	0	0	1	1	1	0	0	0	0	1	1	1	1	0	0	0	1	1	1	0	1	0	0	1	1	1	1	0	0	1	1	1	1	0	1	0	0	0	0	0	1	1	0	0	0	0	1	0	1	1	0
Mp3g07690	pos	0	1	0	1	0	0	0	1	0	1	1	0	0	1	1	1	0	1	1	1	0	1	0	0	0	0	1	1	0	1	0	0	1	1	0	1	0	0	0	0	1	1	1	1	0	0	1	0	1	1	1	0
Mp3g10210	pos	1	0	1	1	1	1	0	1	1	1	1	1	1	0	1	1	0	1	1	1	0	0	1	0	1	0	1	0	0	0	1	1	1	1	0	1	0	0	0	0	1	1	1	1	1	1	0	0	1	1	1	0
Mp3g10220	pos	1	0	1	1	1	0	0	1	1	1	1	0	0	0	1	1	1	1	1	1	0	1	1	1	1	0	1	0	0	0	0	1	0	1	0	1	0	1	0	0	0	0	0	1	1	0	1	0	1	1	1	0
Mp3g10780	pos	0	0	1	1	0	0	0	1	1	0	1	1	1	1	0	0	1	0	1	1	0	1	1	0	0	1	1	1	0	1	0	0	1	0	0	1	0	0	0	1	0	1	0	1	0	1	1	1	0	0	1	1
Mp3g11280	pos	0	0	1	1	1	0	0	1	1	1	0	0	0	1	1	0	0	0	1	1	0	1	1	1	0	0	1	0	0	1	1	1	0	1	1	1	0	0	0	0	0	1	1	1	0	0	1	1	1	1	1	0
Mp3g11900	pos	0	0	0	1	1	0	0	0	0	1	0	0	0	1	1	0	1	0	1	1	0	0	1	1	1	0	1	0	1	1	0	1	0	1	1	1	0	0	0	0	0	0	0	0	0	0	1	1	1	1	0	0
Mp3g12570	pos	1	0	0	0	1	0	1	0	1	1	1	0	0	1	1	0	1	1	0	1	0	1	0	0	0	0	1	1	0	1	0	0	1	1	0	0	0	1	1	0	1	1	1	1	0	0	0	0	0	0	0	0
Mp3g12790	pos	0	0	1	0	0	0	0	0	1	1	0	0	0	1	0	0	1	0	0	0	0	0	1	1	0	1	1	1	0	0	1	1	1	1	1	1	0	1	0	1	0	1	1	0	0	0	0	1	0	1	0	1
Mp3g14660	pos	0	0	1	1	0	0	0	0	1	1	1	1	1	1	0	0	0	1	0	1	0	1	0	0	0	1	1	1	0	0	1	1	0	1	1	1	0	0	0	1	0	1	1	1	0	0	0	1	1	0	0	0
Mp3g14780	pos	1	0	0	0	1	0	0	0	1	1	0	0	0	0	0	0	1	0	0	0	0	0	1	0	0	1	0	1	1	1	1	1	1	0	0	0	0	1	0	0	0	1	1	0	0	0	0	1	0	0	0	0
Mp3g14900	pos	1	0	1	1	1	1	1	1	1	1	1	1	1	1	1	0	0	1	1	1	0	1	0	0	0	0	1	0	1	0	0	1	1	1	1	0	0	0	0	0	1	1	1	0	0	1	0	1	0	1	0	0
Mp3g15290	pos	1	0	1	0	1	0	1	0	1	1	1	1	1	0	0	0	0	1	1	1	1	1	0	1	0	0	1	1	0	0	1	0	1	0	1	1	1	1	1	1	1	0	1	1	1	0	0	1	0	0	0	0
Mp3g16340	pos	1	0	1	0	1	0	1	1	1	1	0	1	1	1	0	0	1	0	1	0	1	1	0	1	1	1	1	0	1	1	1	1	1	0	1	0	0	1	0	0	1	1	1	0	0	0	1	1	0	0	0	0
Mp3g16430	pos	0	0	1	1	1	0	0	1	1	0	0	1	0	1	0	0	1	1	1	1	0	0	0	1	0	1	1	1	0	1	0	1	1	0	0	0	0	1	0	0	0	1	1	0	0	1	0	1	0	0	1	0
Mp3g16520	pos	1	0	0	0	0	0	0	0	1	0	1	0	0	1	0	0	1	1	0	0	0	1	1	0	1	1	1	0	0	1	1	1	1	0	1	1	0	0	1	0	1	1	1	0	0	1	1	1	0	1	0	0
Mp3g16770	pos	0	1	1	1	0	0	1	1	1	1	1	0	0	1	0	0	1	1	1	0	0	1	0	0	0	1	1	1	1	1	1	1	1	1	1	0	0	0	0	0	0	0	1	1	1	0	0	0	1	1	0	0
Mp3g18050	pos	1	0	1	0	1	1	0	0	1	1	1	1	1	1	0	0	0	1	0	1	1	0	1	0	1	1	0	1	1	0	0	0	1	1	1	0	0	0	1	0	1	0	1	1	0	1	0	1	1	1	0	0
Mp3g19350	pos	1	0	0	1	1	1	0	0	0	0	1	1	1	1	0	0	1	1	1	1	0	0	0	0	0	1	1	0	1	0	1	1	1	0	0	0	0	1	0	1	1	0	0	0	0	1	1	1	1	0	0	0
Mp3g19390	pos	1	0	1	0	1	0	0	0	0	1	0	1	1	1	1	1	0	1	1	1	0	1	1	1	1	0	1	0	0	1	1	1	0	1	0	1	0	0	1	0	1	0	1	1	0	0	1	1	0	0	0	0
Mp3g19610	pos	0	1	1	0	1	0	0	1	1	1	0	0	0	1	1	1	0	1	1	1	1	1	1	1	0	0	0	1	1	1	0	1	0	1	1	0	0	1	0	1	1	1	0	1	1	1	0	1	1	0	1	0
Mp3g20750	pos	0	0	1	1	1	0	0	1	1	0	0	0	0	1	0	0	1	0	1	1	0	0	0	1	1	0	1	1	0	1	0	1	1	1	1	0	0	1	0	0	1	1	1	1	1	0	1	1	1	1	0	0
Mp3g22220	pos	0	0	1	1	0	0	0	0	1	1	1	0	0	1	0	0	1	1	1	0	1	1	1	0	1	1	0	1	0	1	0	1	0	1	1	1	0	1	0	0	1	0	1	1	1	0	1	1	0	1	0	0
Mp3g22240	pos	1	0	0	0	1	0	0	0	1	1	0	1	0	1	1	0	0	1	1	1	0	1	0	0	1	0	1	0	1	1	1	0	1	1	1	1	0	0	0	0	0	1	1	0	0	1	1	1	1	0	0	0
Mp3g25440	pos	1	0	1	1	1	1	0	0	0	1	0	1	0	1	0	0	0	1	0	0	0	0	1	0	0	0	0	1	0	1	0	1	0	0	0	0	0	1	0	0	1	1	1	1	0	1	0	1	1	1	0	1
Mp3g25450	pos	0	0	1	0	1	0	0	0	1	0	0	1	0	1	0	0	1	0	1	0	0	0	1	0	1	0	1	1	0	1	1	1	1	1	0	1	0	0	0	0	0	1	1	1	1	1	1	1	0	0	1	0
Mp4g00380	pos	0	0	0	1	1	0	0	0	1	1	1	0	0	1	1	1	1	1	1	1	1	1	0	0	0	0	0	1	0	1	1	1	1	1	1	1	0	1	0	0	0	0	1	1	0	1	0	1	1	0	0	0
Mp4g00520	pos	1	0	1	1	0	1	0	1	1	1	0	0	0	1	0	0	0	1	1	0	1	1	1	0	1	0	1	0	1	1	1	1	1	1	1	0	0	1	0	0	1	1	1	1	0	1	0	0	0	1	0	1
Mp4g02090	pos	1	1	0	1	0	1	0	1	1	1	1	0	0	1	1	1	1	1	1	1	0	1	1	0	1	1	1	0	0	0	1	1	0	1	1	1	0	1	0	0	1	1	1	0	0	1	0	1	1	1	0	0
Mp4g03120	pos	1	0	0	1	1	0	0	0	1	0	0	1	1	1	0	0	1	1	1	1	0	0	1	0	1	0	0	1	0	1	0	0	1	0	1	1	0	1	0	0	0	0	0	0	0	1	1	0	1	0	0	0
Mp4g04230	pos	1	0	0	1	0	1	0	0	0	0	0	0	0	1	0	0	1	0	1	0	1	1	0	0	0	1	1	0	0	1	0	0	1	1	1	0	0	1	0	0	1	0	1	1	0	1	0	0	0	0	0	1
Mp4g05170	pos	0	1	1	1	1	0	0	1	1	1	1	1	1	0	0	0	1	1	1	0	1	1	0	1	0	0	0	0	1	1	1	0	1	1	1	1	0	1	0	0	1	1	0	1	0	0	1	0	0	1	1	0
Mp4g05440	pos	0	1	1	1	1	1	0	1	1	1	1	1	1	1	0	0	1	1	1	1	1	1	0	0	0	1	1	1	0	0	1	0	1	1	1	0	0	1	0	1	1	1	1	0	0	1	1	1	1	1	1	0
Mp4g05450	pos	1	1	1	1	0	1	0	1	0	0	1	0	0	1	0	0	1	1	1	1	1	0	0	1	0	1	1	0	0	0	1	1	1	1	1	0	0	1	0	1	1	1	1	0	0	0	1	0	1	0	0	0
Mp4g06000	pos	1	1	1	1	0	0	0	0	1	0	0	0	0	1	0	0	1	0	0	1	0	0	0	0	1	1	1	1	0	1	0	1	1	1	0	0	0	0	0	0	1	0	1	0	0	0	1	1	0	0	1	0
Mp4g06290	pos	1	0	0	1	1	1	0	0	1	0	0	1	1	1	0	0	0	1	1	1	0	1	0	0	0	1	1	1	0	0	0	0	1	1	0	0	1	1	0	1	1	1	1	1	0	0	0	1	0	1	1	0
Mp4g07950	pos	1	0	0	0	1	1	0	1	1	1	0	0	0	0	1	0	0	1	1	0	0	1	1	0	1	1	0	0	1	0	1	1	1	1	0	1	0	1	1	0	1	0	1	0	0	1	1	1	1	0	0	0
Mp4g08670	pos	0	0	1	0	1	0	0	1	1	1	1	1	1	1	1	0	0	0	1	0	0	1	1	0	1	0	1	1	1	0	0	1	1	1	0	1	0	0	0	0	0	1	1	0	0	0	0	1	0	1	0	0
Mp4g08770	pos	0	0	0	0	1	0	0	0	1	0	0	0	0	1	0	0	1	1	1	1	0	1	0	0	0	1	1	1	0	0	0	1	1	1	0	0	0	0	0	0	1	1	1	0	0	0	0	1	0	0	0	0
Mp4g09230	pos	1	0	1	0	1	1	0	0	0	0	1	1	1	1	0	0	1	1	1	1	0	1	0	0	0	0	1	1	1	1	1	1	1	0	0	1	0	0	0	0	0	0	1	0	0	1	1	1	0	0	0	0
Mp4g09410	pos	0	0	1	1	0	0	0	0	1	1	0	1	1	1	1	0	0	1	0	0	0	1	1	0	1	1	1	1	1	1	1	0	1	0	1	1	0	0	0	0	1	1	1	1	0	0	0	0	1	0	1	0
Mp4g10510	pos	1	0	1	1	1	0	0	0	1	1	1	0	0	1	0	0	0	0	0	0	0	1	1	0	1	0	0	0	0	1	1	1	0	1	1	0	0	0	1	0	1	1	1	1	0	1	0	1	1	1	0	1
Mp4g11600	pos	0	0	0	1	0	0	0	0	0	0	0	0	0	0	0	0	0	1	1	1	0	1	1	0	0	0	1	1	1	1	1	1	0	1	1	1	0	1	1	0	1	1	0	0	0	1	0	1	1	0	1	0
Mp4g12800	pos	1	1	1	1	1	1	0	0	0	0	1	0	0	1	0	0	0	1	1	1	0	0	1	0	1	1	1	0	0	1	1	1	1	1	0	0	0	0	1	1	1	0	1	0	0	0	1	1	1	1	0	0
Mp4g12810	pos	1	1	1	1	1	1	0	0	0	1	1	0	0	1	0	0	0	1	1	0	0	1	1	0	1	0	1	0	0	1	1	1	1	1	0	0	0	0	0	1	1	1	1	0	0	0	1	1	1	1	0	0
Mp4g13480	pos	1	0	1	0	1	0	0	0	0	1	0	1	0	1	0	0	1	1	1	1	0	1	0	1	0	0	1	1	1	1	1	0	1	1	0	0	0	0	0	0	0	1	1	1	1	0	0	1	0	0	1	0
Mp4g13720	pos	0	1	1	1	1	0	0	1	1	0	0	1	0	1	0	0	0	0	1	0	0	1	1	0	0	0	1	0	0	0	0	1	0	1	1	1	0	1	1	0	0	0	0	1	0	0	1	1	0	0	0	0
Mp4g13730	pos	1	0	1	1	1	0	0	0	1	1	1	0	0	1	0	0	1	1	1	1	0	1	0	1	0	1	0	0	1	1	0	0	0	1	0	0	0	0	1	0	1	1	1	1	1	0	1	1	1	0	0	0
Mp4g13840	pos	1	0	1	1	0	0	0	1	1	1	0	0	0	0	0	0	0	1	0	1	0	1	1	0	1	0	1	0	0	1	0	1	1	1	1	1	0	0	0	0	0	1	1	0	0	0	0	1	1	0	0	0
Mp4g14980	pos	0	0	0	0	1	0	1	0	1	1	1	0	0	0	0	0	1	0	1	0	0	1	0	0	0	1	1	0	0	1	1	1	1	1	0	1	0	0	0	0	0	1	1	0	0	0	1	1	1	0	0	0
Mp4g15010	pos	0	1	0	1	0	0	0	0	1	1	0	0	0	1	0	0	1	0	0	0	0	1	0	1	1	0	1	1	0	1	0	1	1	0	0	0	0	0	0	0	0	1	1	1	0	0	0	1	0	0	1	0
Mp4g16030	pos	0	0	1	1	1	0	0	0	1	1	1	0	0	1	0	0	1	1	1	0	0	0	1	0	1	1	1	1	0	1	1	1	1	1	0	1	0	0	0	0	1	1	1	0	0	1	0	1	1	0	0	0
Mp4g17420	pos	1	0	1	1	0	0	0	0	1	0	1	0	0	1	0	0	0	0	1	0	0	1	0	0	0	0	0	1	0	1	0	1	0	1	0	1	0	1	0	1	1	1	1	0	0	1	1	0	0	1	0	0
Mp4g18210	pos	0	0	1	0	1	1	0	0	1	1	0	1	1	1	1	1	1	1	1	1	0	1	1	1	0	1	0	1	1	0	0	0	0	1	1	1	0	0	1	0	0	0	1	1	1	1	1	0	0	0	1	0
Mp4g22280	pos	0	0	1	1	0	0	0	1	1	0	1	1	0	1	0	0	0	1	1	1	1	1	0	1	1	1	1	0	0	0	0	0	1	1	1	0	0	1	0	1	0	1	1	0	0	0	1	1	0	1	0	0
Mp4g23370	pos	1	1	0	1	1	1	0	1	1	0	0	1	1	1	0	0	0	1	0	0	0	0	0	0	1	0	0	0	0	1	0	1	1	1	0	1	0	1	0	0	1	0	1	0	0	0	1	1	1	1	1	0
Mp4g23480	pos	0	0	1	1	0	0	0	0	1	1	1	0	0	1	1	1	0	0	1	0	0	0	0	1	0	0	0	0	0	0	0	0	0	1	1	0	0	0	0	1	1	1	1	0	0	0	1	0	0	0	1	1
Mp5g00470	pos	1	0	1	1	1	0	0	0	0	1	1	0	0	1	0	0	1	0	1	0	0	1	1	0	1	0	1	0	0	0	1	1	0	1	1	0	0	0	1	0	1	0	1	0	0	1	0	0	1	1	0	0
Mp5g00560	pos	0	0	1	1	0	1	1	0	1	1	0	1	1	1	0	0	1	1	1	1	0	1	1	0	1	1	1	0	0	0	0	0	0	1	0	1	0	1	0	0	1	1	1	1	1	1	1	0	1	1	1	0
Mp5g00590	pos	1	0	0	1	1	0	0	0	1	0	1	0	0	0	0	0	1	1	0	0	1	1	0	0	1	0	0	0	1	1	0	1	1	1	1	1	0	0	1	1	1	0	0	0	0	0	0	1	0	0	1	0
Mp5g02800	pos	1	0	0	1	1	0	0	0	1	0	0	0	0	1	0	0	0	0	0	1	1	0	1	0	1	0	1	1	0	0	1	1	0	0	1	1	0	0	0	0	0	0	1	1	0	0	1	0	0	0	1	0
Mp5g04070	pos	1	0	0	1	1	0	0	0	1	1	0	0	0	1	0	0	0	0	1	0	0	0	1	0	0	1	0	0	1	0	1	1	0	1	1	1	0	1	0	0	0	0	1	1	0	1	0	1	1	1	0	1
Mp5g04760	pos	0	1	1	1	0	0	0	0	1	1	0	0	0	1	1	0	0	0	0	1	0	1	1	0	1	0	1	0	0	1	0	0	0	1	1	0	0	0	0	0	1	1	0	0	0	0	1	0	0	0	0	0
Mp5g05730	pos	1	1	1	1	1	0	0	0	0	1	0	0	0	1	0	0	0	0	1	0	0	0	0	0	1	1	1	1	1	1	1	1	0	1	1	0	0	0	0	0	1	1	1	1	0	0	0	0	0	0	1	0
Mp5g05830	pos	0	0	1	0	0	0	0	1	1	1	1	0	0	0	1	0	0	0	0	1	0	1	1	0	1	1	1	1	0	1	1	1	1	1	0	1	0	0	0	1	0	1	0	1	0	1	0	0	0	0	1	0
Mp5g06710	pos	0	0	0	1	1	0	0	0	0	1	0	0	0	1	1	1	1	1	1	1	0	0	1	0	1	1	0	1	0	1	1	0	1	1	0	0	0	1	0	0	1	1	1	1	1	1	0	0	0	0	1	0
Mp5g06970	pos	1	0	1	0	0	0	1	0	1	0	0	0	0	1	0	0	1	1	0	0	1	0	0	0	1	1	1	1	0	1	1	0	1	1	1	0	0	0	0	1	0	0	1	1	1	0	0	1	1	0	1	0
Mp5g07440	pos	0	0	0	1	0	1	0	0	1	1	0	0	0	1	1	1	0	1	1	0	0	1	1	1	0	1	1	1	1	0	0	1	0	1	1	1	0	1	1	1	1	1	1	0	0	0	0	1	0	1	1	0
Mp5g08910	pos	1	0	1	1	0	0	0	0	1	0	0	1	0	1	0	0	1	0	1	1	0	0	1	1	0	1	1	0	0	0	0	0	1	0	1	0	0	1	0	1	0	1	0	1	0	0	0	1	0	0	1	0
Mp5g09450	pos	1	0	1	1	0	0	0	0	0	0	1	0	0	1	0	0	0	0	0	1	1	1	1	0	1	1	0	0	1	1	1	1	1	1	1	1	0	0	0	0	1	1	0	0	0	1	0	0	0	0	1	0
Mp5g09760	pos	0	1	1	0	1	0	0	0	0	1	1	0	0	1	1	1	0	1	1	0	0	1	0	0	1	1	1	1	1	0	0	1	1	1	0	0	0	1	1	0	0	0	1	1	1	1	1	1	1	1	0	0
Mp5g09910	pos	0	0	1	1	1	0	0	0	0	0	1	1	0	1	0	0	1	1	0	0	0	1	1	0	1	1	1	0	0	0	1	1	1	0	0	0	0	1	0	1	0	1	0	0	0	1	0	0	0	0	1	0
Mp5g10120	pos	0	0	0	1	0	0	0	0	1	0	0	1	0	0	0	0	1	0	1	0	0	0	1	1	0	1	0	0	0	1	0	0	0	0	0	0	0	0	1	0	1	0	0	0	0	1	1	1	0	1	1	0
Mp5g10600	pos	1	0	1	0	0	0	0	1	1	0	0	0	0	1	0	0	1	1	0	1	0	1	1	0	0	1	1	0	1	1	1	1	1	1	1	0	0	1	0	1	1	0	1	0	0	0	0	1	0	0	0	0
Mp5g10690	pos	1	1	1	1	0	1	0	1	0	1	1	1	0	1	1	1	0	1	1	0	0	1	1	0	0	0	0	1	0	0	0	1	1	1	1	1	0	0	0	0	1	1	1	0	0	1	1	0	1	1	1	0
Mp5g11410	pos	1	1	0	0	0	1	0	0	1	1	0	1	0	1	0	0	1	1	1	1	0	0	0	0	0	1	0	0	1	1	1	0	0	1	0	0	0	0	0	0	1	1	1	0	0	1	0	1	1	1	0	0
Mp5g11440	pos	0	0	1	0	0	0	0	0	1	0	1	0	0	1	0	0	1	1	1	1	0	0	0	0	1	1	1	1	1	0	0	0	1	1	1	0	0	0	0	1	0	0	0	1	1	0	0	1	0	1	0	0
Mp5g13350	pos	1	0	0	1	1	0	1	1	0	0	0	1	0	1	0	0	0	1	0	1	0	0	1	0	1	0	1	1	1	1	1	0	1	1	1	0	0	1	1	0	0	1	1	1	1	1	0	0	1	0	0	0
Mp5g14050	pos	0	0	1	1	0	0	0	0	1	1	1	1	1	1	0	0	1	0	0	0	0	0	1	0	1	0	1	1	0	1	0	0	1	1	0	0	0	1	0	0	1	0	1	0	0	0	1	1	0	0	1	0
Mp5g14320	pos	0	0	0	1	0	0	0	0	0	0	1	0	0	0	0	0	0	1	0	0	0	0	0	0	0	1	1	1	1	0	1	0	1	1	0	0	1	0	1	0	1	0	1	0	0	0	1	1	1	1	1	0
Mp5g15390	pos	0	0	1	0	0	0	0	0	1	0	0	0	0	1	0	0	1	0	0	0	1	0	1	0	0	1	1	1	1	0	0	1	0	1	1	1	1	1	1	0	1	1	1	1	1	1	1	1	0	0	0	0
Mp5g15620	pos	1	0	0	0	1	0	1	1	1	1	1	0	0	0	1	1	0	1	1	1	0	1	0	0	1	0	1	1	1	0	0	1	1	1	0	0	0	1	0	0	1	1	1	1	1	1	0	1	0	0	0	1
Mp5g18250	pos	1	0	1	0	1	0	0	0	0	1	0	0	0	0	0	0	0	1	1	1	0	0	0	0	1	0	1	0	1	0	0	1	0	1	1	0	0	0	0	0	1	1	1	1	1	1	1	1	0	0	1	0
Mp5g18910	pos	0	0	1	1	0	0	0	0	0	1	0	1	0	1	0	0	0	1	1	1	0	1	1	0	0	0	0	1	1	0	1	0	1	1	1	1	0	0	0	0	1	0	1	1	0	0	0	1	0	1	0	1
Mp5g19190	pos	0	0	1	1	1	0	0	0	0	1	0	1	0	0	1	1	0	1	1	0	0	0	0	0	1	1	1	1	0	1	0	0	1	1	0	0	1	1	0	0	0	1	1	0	0	1	0	1	1	0	0	0
Mp5g19630	pos	0	0	0	0	1	0	0	1	1	1	0	1	0	0	0	0	0	0	0	1	1	0	0	0	1	1	0	0	0	1	1	0	0	1	1	1	0	1	0	0	0	0	0	0	0	1	1	1	0	0	1	0
Mp5g19970	pos	0	1	0	1	1	0	0	0	0	0	0	0	0	1	0	0	0	1	0	0	0	1	1	0	1	0	1	0	1	1	1	1	0	0	0	1	0	0	1	0	1	1	1	1	1	0	1	1	1	0	1	0
Mp5g21020	pos	0	0	1	0	0	0	1	0	0	0	0	0	0	1	0	0	0	0	0	1	1	0	1	0	1	1	1	1	1	1	1	0	1	1	1	0	0	0	0	0	0	0	0	1	0	0	0	1	0	1	1	0
Mp5g23550	pos	1	0	1	1	1	0	0	0	0	1	0	0	0	1	0	0	0	1	0	1	0	0	1	0	1	1	0	1	1	1	1	1	0	1	1	0	0	1	0	0	1	1	0	0	0	0	1	1	1	1	0	0
Mp5g24130	pos	0	0	1	1	1	1	0	0	1	1	1	0	0	0	0	0	1	1	1	0	0	1	1	0	0	1	0	0	0	0	0	1	0	1	1	1	0	0	0	0	0	1	0	1	1	1	1	1	1	0	0	0
Mp5g24400	pos	1	0	0	0	0	1	0	1	1	1	1	0	0	1	1	1	0	0	0	1	1	1	1	0	1	1	1	1	0	1	0	1	1	1	1	1	1	1	0	0	1	0	1	1	0	0	0	1	0	1	1	1
Mp5g24420	pos	1	0	0	1	0	1	0	1	1	1	1	0	0	1	1	1	0	1	0	0	1	1	1	0	1	0	1	1	0	1	0	0	1	1	1	1	1	1	0	0	1	0	1	1	0	0	0	1	0	1	1	1
Mp6g00130	pos	0	1	1	0	1	0	0	0	0	1	1	0	0	1	0	0	0	1	1	0	0	0	1	0	1	1	1	1	0	0	1	1	1	1	1	0	0	1	0	0	1	1	1	0	0	0	1	0	1	0	0	1
Mp6g01550	pos	1	1	1	1	1	0	0	0	1	1	1	0	0	1	1	0	1	1	1	0	0	1	0	0	1	0	1	1	1	1	1	1	1	0	1	1	0	1	0	0	1	1	0	1	1	0	0	1	1	1	0	0
Mp6g02020	pos	1	0	1	1	1	1	0	0	0	1	1	1	0	0	0	0	1	0	0	1	0	0	0	0	0	1	1	1	0	0	1	1	1	0	0	0	0	0	0	0	1	1	1	1	1	1	1	1	0	0	0	0
Mp6g02860	pos	1	0	1	1	1	0	0	0	1	1	1	1	1	0	0	0	0	1	1	0	0	0	0	0	0	1	1	1	0	1	1	1	1	1	0	0	0	1	0	0	1	1	1	1	0	1	0	1	1	0	0	0
Mp6g03310	pos	1	0	0	0	1	0	0	0	1	0	0	1	0	1	0	0	0	1	1	0	1	0	0	0	1	1	1	1	1	1	1	0	1	1	1	0	0	0	1	1	0	0	1	1	0	0	0	0	0	1	0	0
Mp6g03790	pos	0	0	0	1	1	0	0	0	0	0	0	1	1	1	0	0	0	0	1	1	0	0	1	0	0	1	0	0	0	1	1	1	1	1	1	0	0	1	1	1	0	1	0	1	0	0	0	1	0	1	1	1
Mp6g04880	pos	1	0	1	1	1	0	0	1	0	1	1	0	0	1	0	0	1	1	0	0	0	0	0	0	1	0	0	0	1	0	0	0	0	0	1	0	0	1	0	0	0	0	0	0	0	0	1	1	1	1	0	0
Mp6g05730	pos	1	0	1	1	1	1	1	0	0	0	1	0	0	1	0	0	0	1	0	0	1	1	0	0	0	0	0	1	1	1	1	1	1	1	1	0	0	1	1	0	1	1	0	1	1	1	1	0	1	0	1	0
Mp6g07560	pos	0	0	1	0	1	0	0	0	1	1	1	0	0	1	0	0	0	1	1	1	1	1	0	1	1	1	1	0	1	1	1	1	1	0	1	0	0	1	1	0	1	1	1	1	1	1	1	1	0	1	1	0
Mp6g09420	pos	0	0	0	1	1	0	0	1	0	0	0	0	0	1	0	0	0	1	1	1	0	0	0	0	1	1	1	0	0	0	1	1	1	1	1	1	0	1	1	0	1	0	1	0	0	1	1	1	1	0	1	1
Mp6g11340	pos	1	0	0	1	1	0	0	0	0	1	0	0	0	1	0	0	0	1	1	0	0	1	1	0	1	0	1	1	0	0	1	1	0	1	0	1	0	1	0	1	0	1	1	0	0	1	0	1	1	1	0	0
Mp6g11780	pos	0	0	1	1	1	0	0	1	1	1	1	0	0	1	0	0	1	1	1	1	0	0	0	0	0	0	1	1	1	0	0	0	1	1	0	1	0	0	0	1	1	1	1	1	0	0	0	0	1	1	0	0
Mp6g12090	pos	0	0	1	1	0	1	0	0	1	1	1	1	1	0	0	0	0	0	1	1	0	1	0	0	1	1	1	0	0	0	1	1	0	1	1	1	0	0	0	0	0	1	1	1	0	1	1	1	0	1	0	0
Mp6g12330	pos	0	0	1	1	0	0	0	0	1	0	0	1	0	1	0	0	0	1	0	1	1	1	0	1	0	1	1	1	0	1	1	0	0	1	1	0	0	1	0	0	1	1	0	0	0	1	1	1	1	0	0	0
Mp6g12970	pos	0	1	0	1	0	0	0	0	0	0	0	0	0	1	0	0	1	1	0	0	0	1	0	0	0	0	1	0	1	1	0	0	0	1	1	1	0	1	0	0	0	0	1	1	0	1	0	1	0	1	0	0
Mp6g13910	pos	0	0	1	1	1	0	0	0	1	1	1	0	0	0	0	0	1	1	0	0	1	1	0	1	0	1	0	0	0	0	1	1	0	1	1	1	0	0	0	0	1	0	1	1	0	1	1	1	0	1	0	0
Mp6g14340	pos	0	0	1	0	0	0	0	0	0	1	1	0	0	1	1	0	0	0	0	1	1	1	1	0	1	1	0	1	0	1	1	0	1	1	1	1	0	0	0	0	1	1	1	0	0	0	0	1	0	0	0	0
Mp6g15110	pos	0	0	1	1	1	0	0	0	1	0	1	0	0	0	0	0	0	0	0	0	0	0	1	0	0	1	1	1	1	0	0	1	1	1	1	0	0	1	0	0	1	0	1	0	0	0	0	1	0	0	1	0
Mp6g15680	pos	0	0	1	0	0	0	0	0	1	1	0	0	0	0	1	0	0	0	0	0	1	0	0	0	0	0	0	1	0	0	0	0	0	1	1	0	0	1	0	0	0	0	1	1	0	1	0	0	1	1	0	0
Mp6g15810	pos	0	0	1	0	1	0	0	0	1	0	1	0	0	1	0	0	1	1	1	1	0	0	1	0	1	0	0	1	1	1	1	1	0	0	1	1	0	0	1	0	1	0	1	1	0	0	1	1	1	0	1	0
Mp6g15820	pos	0	0	1	0	0	0	0	0	1	1	0	0	0	1	0	0	0	0	1	1	0	0	1	0	0	0	1	1	1	1	0	0	0	1	1	0	0	0	0	0	1	1	1	1	1	0	1	0	1	1	0	0
Mp6g16500	pos	0	0	1	0	0	0	0	0	1	0	0	0	0	1	0	0	1	0	1	0	0	0	1	0	1	1	1	0	1	1	0	0	0	1	0	0	0	1	0	0	0	0	0	1	0	0	0	1	1	0	0	1
Mp6g17260	pos	0	0	0	1	1	0	0	0	0	0	1	1	1	1	0	0	0	0	0	0	0	1	1	0	1	1	1	1	1	0	0	1	1	1	0	1	0	1	0	0	1	1	1	0	0	1	0	1	1	0	0	0
Mp6g17890	pos	1	1	1	0	1	0	0	1	1	0	0	1	0	0	0	0	1	1	0	1	0	1	1	0	0	0	1	0	0	1	1	1	1	1	0	0	0	1	0	1	1	1	1	1	0	1	1	1	1	1	0	0
Mp6g18940	pos	0	0	1	1	0	0	1	0	0	1	0	0	0	1	1	1	0	1	1	0	0	1	0	1	1	0	0	0	1	1	1	1	1	0	0	0	1	0	0	0	1	1	1	0	0	0	0	1	0	0	0	1
Mp6g19040	pos	1	1	1	1	1	0	0	1	1	1	0	1	0	1	0	0	1	1	0	0	0	1	0	0	0	1	1	1	1	1	1	1	0	1	0	1	0	0	1	0	1	0	1	0	0	1	1	1	0	1	1	0
Mp6g19530	pos	1	1	0	0	1	1	0	0	1	0	0	0	0	0	0	0	0	0	0	1	0	0	1	0	1	0	0	0	0	0	1	0	1	0	0	1	0	0	0	1	1	1	1	1	0	0	1	1	0	0	0	0
Mp7g01230	pos	1	0	0	1	1	0	0	1	1	0	1	1	1	0	0	0	1	0	1	1	0	0	0	0	0	0	1	0	1	1	1	0	0	0	1	0	0	0	0	1	1	0	1	0	0	1	1	1	0	1	1	0
Mp7g01390	pos	1	0	1	0	1	0	0	0	1	1	0	1	1	1	0	0	0	1	0	0	0	0	0	0	1	1	0	1	1	1	1	1	1	0	1	0	0	1	1	0	1	0	1	0	0	1	0	1	1	1	0	1
Mp7g01950	pos	1	0	1	0	1	0	0	0	1	0	1	0	0	1	0	0	1	0	0	1	0	0	1	0	0	0	1	1	0	0	0	1	0	1	0	0	0	0	0	0	0	0	1	0	0	1	0	1	1	1	1	0
Mp7g02470	pos	1	0	0	1	1	0	1	1	0	0	0	0	0	0	0	0	1	1	1	1	0	1	1	0	0	1	0	0	0	1	1	1	0	0	0	0	0	0	0	0	1	1	1	0	0	1	1	1	1	0	1	0
Mp7g03030	pos	1	0	1	1	1	0	0	1	1	1	1	0	0	1	1	1	1	1	0	1	1	0	1	0	1	1	1	1	0	0	0	1	1	0	1	0	0	0	1	0	1	0	1	1	1	1	0	1	0	1	1	1
Mp7g04650	pos	1	1	1	1	1	1	0	0	1	0	1	1	0	1	0	0	1	1	1	1	0	1	0	0	0	1	0	1	0	1	1	1	1	1	0	1	0	0	0	0	1	1	1	1	1	1	1	1	0	1	1	0
Mp7g05050	pos	0	1	0	1	0	0	0	0	1	0	0	0	0	1	0	0	0	1	1	1	0	0	1	0	0	0	1	1	1	0	0	1	1	1	0	1	0	1	0	0	0	1	0	1	0	0	0	1	0	0	0	0
Mp7g05170	pos	0	0	0	1	0	0	0	0	1	0	1	1	0	1	0	0	0	0	0	1	0	0	1	0	0	0	1	0	0	1	1	1	1	1	0	0	0	1	1	1	1	1	1	1	0	0	0	1	0	1	0	0
Mp7g06880	pos	0	0	0	0	1	0	0	0	1	1	0	0	0	1	0	0	1	1	1	1	0	0	1	1	1	1	1	1	1	1	0	1	0	1	1	0	0	1	1	0	0	0	1	1	1	1	0	1	0	0	0	1
Mp7g07330	pos	1	1	1	1	1	1	0	1	0	1	1	0	0	1	0	0	0	1	1	0	0	0	1	0	0	1	1	1	0	1	1	1	1	0	0	0	0	1	0	0	1	1	1	0	0	1	0	1	1	0	0	0
Mp7g08760	pos	0	0	0	1	0	0	0	1	1	1	1	1	1	1	0	0	0	1	1	1	0	0	0	0	1	0	1	1	1	1	0	1	1	1	0	0	0	1	0	0	1	0	1	1	1	1	1	1	0	0	1	0
Mp7g09070	pos	1	0	0	1	1	0	0	0	1	1	1	1	1	0	0	0	1	1	1	1	0	0	1	0	1	1	0	1	0	1	1	0	0	0	0	0	0	1	1	0	1	1	0	0	0	0	1	0	1	0	0	0
Mp7g10420	pos	1	0	1	1	0	1	0	0	0	1	1	0	0	1	1	1	1	1	1	1	0	0	0	0	1	1	1	1	0	1	1	1	1	1	0	1	0	1	0	0	1	1	0	1	0	0	0	1	0	1	1	0
Mp7g10800	pos	1	0	0	1	0	0	1	1	1	1	0	0	0	1	0	0	0	1	1	1	1	1	0	0	1	1	1	1	0	1	1	1	1	1	1	1	0	1	0	0	1	1	0	0	0	1	0	1	0	0	1	0
Mp7g11790	pos	0	0	1	1	1	0	0	0	1	0	0	0	0	1	0	0	0	1	1	1	0	1	1	1	1	1	0	1	1	1	1	0	0	1	1	1	0	1	0	0	0	0	0	1	0	0	0	1	0	0	0	0
Mp7g12080	pos	0	1	1	1	0	0	0	0	0	1	1	0	0	1	0	0	0	0	0	1	0	1	0	0	0	1	0	0	0	1	1	1	0	1	0	1	0	1	0	1	1	1	1	1	1	0	1	1	0	1	1	0
Mp7g15180	pos	1	0	1	0	1	1	0	1	1	1	0	0	0	1	0	0	0	1	1	0	1	1	0	0	1	0	1	1	0	0	1	1	1	1	1	1	0	0	0	0	0	0	1	1	0	1	0	1	1	1	0	0
Mp7g18470	pos	0	0	1	1	1	0	0	1	1	1	0	0	0	1	0	0	1	0	1	1	0	1	1	0	0	0	1	0	0	1	1	1	0	1	1	1	0	1	0	0	1	1	1	0	0	0	1	0	0	1	1	1
Mp7g19220	pos	1	0	0	1	1	0	0	0	1	1	0	1	1	0	0	0	1	1	1	0	0	0	0	0	1	1	1	0	1	0	1	1	0	0	1	1	0	0	0	0	1	0	0	1	1	0	1	0	1	0	1	0
Mp7g19700	pos	1	0	0	1	1	0	0	0	1	1	1	1	1	0	0	0	1	1	1	0	0	0	0	0	1	0	0	1	1	1	1	1	1	0	0	1	0	1	0	1	1	1	1	1	0	0	1	0	1	0	1	0
Mp8g00040	pos	1	0	1	0	1	0	0	0	0	0	0	1	1	1	0	0	1	0	1	1	0	0	0	0	0	0	1	0	0	0	1	0	1	0	0	1	0	0	1	0	1	1	1	0	0	0	0	1	0	1	1	0
Mp8g00560	pos	0	0	1	1	0	0	0	1	1	1	0	1	1	1	0	0	0	0	1	1	0	0	0	0	1	0	1	0	1	1	1	1	1	1	0	1	0	0	0	0	1	0	0	1	0	0	1	1	0	0	1	0
Mp8g00860	pos	0	1	1	0	1	0	0	1	1	0	1	0	0	1	0	0	0	1	0	1	0	0	0	0	0	1	0	1	1	1	1	0	0	1	1	0	0	0	0	0	1	1	0	0	0	0	0	1	0	1	1	0
Mp8g00920	pos	0	1	1	0	0	0	0	0	1	1	1	0	0	1	1	0	1	0	0	0	1	1	1	0	0	0	1	0	0	1	1	1	1	1	1	0	0	1	1	1	0	1	0	1	0	1	0	1	0	0	0	0
Mp8g01250	pos	0	0	0	0	1	0	0	1	0	1	0	0	0	1	0	0	1	1	1	1	1	0	1	0	0	1	0	1	1	1	0	1	0	1	1	1	0	0	0	0	0	1	1	1	0	1	0	1	1	0	1	0
Mp8g01830	pos	0	0	1	0	0	0	0	1	1	1	1	1	1	0	1	0	1	1	1	1	1	0	0	0	1	1	1	0	1	0	0	0	1	1	1	0	0	0	0	0	1	0	1	1	0	1	1	1	1	1	1	0
Mp8g01920	pos	0	0	1	0	0	0	0	0	1	0	0	1	0	1	0	0	1	0	0	0	0	1	0	0	1	0	0	0	0	1	0	0	1	0	0	0	0	1	0	1	0	1	1	0	0	1	0	0	1	0	0	0
Mp8g02500	pos	0	0	1	1	0	0	0	0	0	1	0	0	0	1	1	1	0	1	1	1	0	1	1	0	1	1	0	0	1	1	1	1	0	1	1	0	0	0	1	1	0	0	1	1	0	1	1	1	0	1	0	0
Mp8g02710	pos	1	1	0	1	0	1	0	0	1	1	1	0	0	1	0	0	1	1	0	1	0	1	1	0	0	1	1	1	0	1	1	1	1	1	0	1	0	0	1	0	1	1	1	1	0	1	1	1	0	0	1	0
Mp8g02740	pos	1	0	1	0	1	0	0	0	0	1	1	0	0	1	0	0	0	0	0	0	0	1	0	0	1	0	1	1	0	1	1	0	1	1	1	0	0	1	0	0	0	1	0	0	0	0	1	1	0	1	0	1
Mp8g02760	pos	0	1	1	1	1	0	0	1	0	1	0	1	1	0	0	0	1	1	1	0	0	0	0	0	0	1	1	0	0	1	1	1	0	1	0	0	0	1	1	0	1	0	1	1	0	1	0	1	1	0	0	0
Mp8g02770	pos	0	1	0	1	0	0	0	0	1	0	1	0	0	0	0	0	0	1	0	1	0	1	0	0	0	1	1	1	1	1	1	1	1	1	0	0	0	1	1	0	1	0	1	1	1	1	1	1	0	0	1	0
Mp8g03310	pos	1	0	1	1	1	0	0	0	0	1	1	0	0	0	1	0	0	0	0	1	0	1	0	0	1	0	0	1	1	0	0	1	0	1	1	0	1	1	0	0	0	0	1	0	0	1	1	0	1	0	1	0
Mp8g03370	pos	1	0	1	0	1	0	0	0	1	0	0	1	1	1	0	0	0	0	0	0	0	0	1	0	0	1	1	0	0	0	0	0	0	1	0	0	0	1	0	0	1	1	1	1	0	1	1	1	1	0	0	1
Mp8g05050	pos	1	0	0	1	1	0	0	1	1	1	1	0	0	0	1	1	1	1	1	0	0	1	1	0	0	1	0	0	0	1	1	1	0	1	1	1	0	1	0	1	1	1	1	0	0	1	0	1	1	1	1	0
Mp8g05670	pos	1	1	1	1	1	0	0	0	1	1	0	0	0	1	0	0	1	0	1	0	1	1	1	1	1	1	1	1	0	1	0	0	1	1	1	1	0	1	0	1	1	1	1	1	1	1	1	1	1	0	0	0
Mp8g06260	pos	0	0	0	1	0	0	0	0	1	0	1	1	0	1	0	0	1	0	1	0	0	1	1	0	0	0	0	1	1	1	1	0	0	1	1	1	0	1	0	0	0	1	1	1	1	0	0	1	1	1	0	0
Mp8g09420	pos	0	0	1	0	1	0	0	0	0	1	0	1	1	0	0	0	0	0	0	1	0	0	0	1	0	1	1	1	0	0	1	0	1	0	0	0	1	1	1	0	1	1	1	0	0	0	1	1	1	0	0	0
Mp8g10080	pos	0	0	1	0	1	0	0	0	1	1	0	1	1	1	0	0	1	1	1	1	0	0	0	0	0	0	1	0	1	1	0	1	1	1	0	0	0	1	0	0	1	1	1	0	0	0	0	1	0	0	0	0
Mp8g12170	pos	0	0	0	1	0	0	0	1	1	1	1	0	0	1	0	0	0	0	0	0	0	0	0	0	1	0	1	0	0	1	1	0	0	1	0	1	0	0	0	1	1	0	1	1	1	0	1	1	0	1	1	1
Mp8g12350	pos	0	0	1	1	1	0	0	0	0	1	0	1	0	1	0	0	0	1	1	1	1	1	1	0	0	0	0	0	1	1	1	0	0	1	1	1	0	0	0	0	0	1	0	1	0	1	0	1	0	0	0	0
Mp8g14500	pos	1	0	0	0	1	1	0	0	1	0	1	1	1	1	0	0	1	1	1	1	0	1	0	0	0	0	1	1	1	1	1	1	1	1	0	1	0	0	0	0	1	1	1	1	0	1	0	1	1	0	0	0
Mp8g14540	pos	1	0	1	1	0	0	0	0	0	0	0	1	1	1	0	0	1	0	1	1	0	1	1	0	0	1	1	0	0	0	0	0	1	1	0	1	0	0	0	1	0	0	1	0	0	1	1	1	0	0	0	0
Mp8g14910	pos	0	0	1	1	1	0	0	0	1	1	1	0	0	1	1	0	1	1	1	0	0	0	1	0	1	0	0	0	1	1	1	0	0	1	0	1	0	1	0	0	0	0	0	1	0	1	1	1	0	1	0	0
Mp8g16270	pos	0	0	1	1	1	0	0	1	1	1	1	1	1	0	1	0	0	1	1	0	0	1	0	0	1	1	1	1	1	1	0	1	1	1	0	0	0	0	0	0	1	0	1	1	1	0	0	0	1	1	0	0
Mp8g17810	pos	0	0	1	1	0	0	0	0	0	0	0	0	0	1	0	0	0	0	0	1	0	0	0	0	1	1	1	0	1	1	0	0	0	1	0	0	0	0	0	0	1	0	0	0	0	0	0	1	0	0	1	0
Mp8g17820	pos	1	0	0	1	1	0	0	0	0	0	1	0	0	1	0	0	0	1	0	0	0	0	0	0	0	0	0	0	0	1	0	1	0	1	0	0	0	0	1	0	0	0	1	0	0	1	0	1	0	1	0	0
Mp8g19020	pos	1	0	0	1	0	0	0	1	0	0	1	0	0	1	0	0	0	1	1	1	0	0	1	0	1	1	1	1	0	0	1	0	1	1	0	0	0	1	0	1	0	1	1	1	0	1	1	1	1	1	0	0
MpVg00610	pos	1	1	1	1	1	0	0	0	1	1	1	0	0	1	0	0	1	0	1	0	0	0	1	0	1	1	1	1	0	1	1	1	1	0	0	0	0	0	0	0	0	1	1	0	0	1	1	1	0	0	1	1
Mpzg00230	pos	0	0	1	0	1	0	1	0	1	1	0	1	0	0	1	0	0	1	0	1	0	0	1	1	1	1	1	1	0	1	1	0	0	1	0	1	0	1	1	0	0	1	0	1	0	0	0	0	0	1	0	0
Mpzg00260	pos	1	0	1	1	1	0	0	1	0	1	0	0	0	1	1	0	0	1	0	0	0	0	0	0	0	0	1	0	1	1	0	0	0	0	1	1	0	1	0	0	1	0	1	1	1	1	1	1	0	0	1	0
Mpzg01290	pos	0	0	1	1	1	0	0	0	1	1	0	0	0	1	1	1	1	1	1	1	1	1	0	0	1	1	0	1	0	1	1	0	0	1	1	1	0	1	0	0	1	0	1	0	0	0	0	1	1	0	1	0
Mp1g00250	neg	1	0	0	0	1	0	0	0	0	0	1	0	0	1	0	0	0	1	1	1	0	0	0	0	0	0	0	0	0	1	0	1	0	1	0	0	0	0	0	0	0	0	1	0	0	1	1	0	1	1	0	0
Mp1g01600	neg	0	0	0	1	0	0	0	0	1	0	0	0	0	0	0	0	0	0	0	0	0	1	1	0	0	1	1	1	0	1	1	0	0	0	0	0	0	0	0	1	0	0	0	0	0	0	0	1	0	0	1	0
Mp1g02380	neg	0	0	1	1	1	0	0	0	0	1	1	0	0	1	0	0	0	0	0	0	1	1	0	1	0	0	1	0	0	0	0	1	0	1	1	1	0	1	0	0	1	1	0	0	0	1	0	0	0	0	0	0
Mp1g02590	neg	0	0	0	0	1	0	0	0	1	0	0	1	0	0	0	0	0	1	0	0	0	0	1	0	1	0	0	0	1	1	1	1	0	0	1	0	0	1	0	0	1	0	1	0	0	0	0	0	0	1	0	0
Mp1g02770	neg	0	0	0	1	1	0	0	0	1	0	0	0	0	0	0	0	1	0	1	1	0	1	0	0	0	1	0	1	0	1	0	0	0	0	0	1	0	1	0	0	1	1	0	0	0	0	0	1	0	0	0	0
Mp1g05000	neg	1	0	1	1	1	0	0	0	1	0	0	1	1	0	0	0	0	1	1	0	0	0	0	1	0	0	0	0	0	0	0	1	0	1	0	0	0	0	1	0	0	0	1	1	1	0	0	0	0	1	1	0
Mp1g05030	neg	0	0	1	0	0	0	0	0	1	0	1	0	0	1	0	0	0	0	1	1	0	0	0	0	0	0	0	0	0	0	0	0	0	1	1	1	0	0	0	0	1	1	1	0	0	0	0	1	0	0	0	0
Mp1g05140	neg	0	0	1	1	1	0	0	0	1	0	0	1	0	1	0	0	0	1	0	1	0	0	0	0	1	0	0	0	0	1	1	0	0	1	0	0	0	0	0	0	0	1	0	0	0	1	1	1	0	0	1	0
Mp1g05540	neg	0	0	1	0	0	1	0	0	1	0	0	0	0	0	0	0	0	0	1	1	0	0	0	1	0	0	0	1	0	0	1	1	0	0	0	0	0	0	0	0	0	0	0	1	1	1	0	0	0	0	0	0
Mp1g06480	neg	1	0	0	0	0	0	0	0	1	0	0	0	0	0	0	0	1	0	1	0	0	0	1	0	1	0	0	0	0	0	1	0	0	0	0	1	0	0	0	0	1	1	0	1	0	0	1	1	0	0	0	1
Mp1g07690	neg	0	0	0	1	0	0	0	0	1	0	0	0	0	0	0	0	1	0	0	0	0	0	0	0	0	1	1	0	0	0	0	0	0	1	0	0	0	1	0	1	1	0	1	0	0	0	0	0	1	1	1	0
Mp1g08320	neg	0	0	0	0	0	0	0	0	0	0	0	0	0	0	0	0	1	1	0	0	0	0	0	0	0	1	0	1	0	1	1	1	1	1	1	0	0	0	0	0	0	0	1	0	0	0	0	1	0	0	1	0
Mp1g09770	neg	0	0	0	1	0	0	0	0	0	1	0	1	0	0	0	0	1	1	1	0	0	1	1	0	0	0	0	0	1	1	0	0	0	0	0	1	0	0	0	0	1	0	1	0	0	0	0	1	0	0	0	0
Mp1g10120	neg	0	0	0	1	0	0	0	0	1	0	0	0	0	0	0	0	1	0	0	1	0	0	0	0	0	1	0	0	1	1	0	1	1	0	1	0	0	1	0	1	0	0	1	0	0	1	0	1	0	0	1	0
Mp1g10130	neg	1	0	0	0	1	0	1	0	1	1	0	0	0	1	0	0	0	1	0	0	0	1	1	1	0	1	0	0	0	0	0	1	1	1	1	1	0	0	0	0	0	1	1	1	0	1	0	0	0	0	0	0
Mp1g10400	neg	0	0	0	1	0	0	0	0	0	1	1	0	0	0	0	0	0	1	0	0	0	1	0	0	0	0	0	0	0	1	0	0	1	1	1	0	0	1	0	1	1	0	1	0	0	0	0	0	0	0	0	0
Mp1g10980	neg	0	0	1	0	0	0	0	0	0	1	1	0	0	1	1	1	1	0	0	0	0	0	0	0	1	0	0	0	0	1	0	0	0	1	0	0	0	0	0	0	0	0	0	0	0	0	0	1	0	0	0	0
Mp1g11000	neg	0	0	0	0	1	0	0	0	0	1	1	0	0	0	0	0	1	0	0	1	0	0	0	0	0	1	1	1	0	1	0	0	0	1	1	0	0	0	0	0	0	1	1	0	0	0	1	0	0	0	1	0
Mp1g11300	neg	1	0	1	0	1	0	0	0	1	1	0	0	0	0	0	0	0	1	0	0	0	0	1	0	0	1	0	0	0	0	0	1	1	1	1	0	0	1	1	0	1	1	0	1	0	0	0	1	0	0	1	0
Mp1g11570	neg	1	0	0	1	1	0	0	0	1	0	0	1	1	1	0	0	1	0	1	1	1	0	0	0	0	1	1	0	1	1	0	1	1	1	1	0	0	1	0	1	1	0	1	0	0	0	0	1	0	0	1	0
Mp1g11800	neg	1	0	1	1	1	0	0	0	1	0	0	0	0	0	0	0	0	1	0	0	0	1	1	0	0	0	1	1	1	0	1	1	0	1	0	0	0	1	0	0	0	1	0	0	0	0	0	1	0	1	1	0
Mp1g12620	neg	1	0	0	0	1	0	0	0	1	0	1	1	0	0	0	0	0	1	1	1	0	1	1	0	1	0	1	1	0	0	1	0	0	1	0	0	0	0	1	0	1	0	0	0	0	0	0	1	0	0	0	0
Mp1g12890	neg	1	1	0	1	0	0	0	0	1	0	0	1	1	1	0	0	0	0	0	1	0	0	0	0	0	1	1	1	0	0	0	0	0	0	0	0	0	1	1	0	0	0	0	1	0	0	0	0	0	0	0	0
Mp1g12970	neg	0	0	0	0	0	0	0	1	1	0	0	1	0	0	0	0	0	0	1	0	0	1	0	0	0	1	1	1	1	1	0	0	1	1	0	0	0	0	0	0	0	0	0	0	0	1	1	0	0	0	0	0
Mp1g13750	neg	1	0	1	1	1	0	0	0	0	1	1	1	0	1	0	0	0	1	1	1	0	0	0	0	0	1	0	1	0	1	1	1	0	1	0	0	0	1	0	0	1	0	1	1	0	1	0	1	0	0	0	0
Mp1g15110	neg	0	0	1	0	0	0	0	1	0	1	1	1	0	1	0	0	0	1	1	1	0	0	0	1	0	0	1	1	1	0	1	1	0	1	1	1	0	0	0	0	1	0	0	1	0	0	1	0	0	1	0	0
Mp1g16790	neg	0	0	0	0	0	0	0	1	0	1	1	0	0	0	0	0	0	1	1	0	0	1	1	0	0	1	0	1	0	0	0	1	1	1	0	0	0	0	0	1	0	0	0	0	0	0	1	1	0	0	0	0
Mp1g16950	neg	0	1	1	1	1	0	0	0	0	1	0	1	1	1	0	0	0	1	1	1	0	1	0	0	0	0	1	1	0	1	0	0	0	1	0	1	0	1	0	0	1	1	1	0	0	0	0	0	0	1	0	0
Mp1g17140	neg	1	0	1	1	1	0	0	0	1	1	0	0	0	0	1	1	1	1	1	1	0	1	0	0	0	0	1	0	0	0	1	1	0	1	1	0	0	0	1	0	0	1	1	1	0	0	0	0	0	0	1	0
Mp1g17280	neg	0	0	1	0	1	0	0	0	0	0	0	1	0	1	0	0	1	1	0	0	0	0	0	0	1	1	1	1	0	1	1	1	1	1	0	1	0	0	0	0	0	1	1	0	0	1	0	1	0	0	1	0
Mp1g17590	neg	1	0	1	0	1	0	0	0	1	0	1	0	0	0	0	0	0	0	0	0	0	1	0	0	0	1	1	1	0	0	0	1	0	1	1	1	0	1	0	0	0	1	1	0	0	1	1	0	1	0	0	0
Mp1g17630	neg	0	0	1	1	0	0	0	1	1	1	0	0	0	0	1	0	0	1	1	0	0	0	1	0	0	0	0	0	1	1	1	0	1	1	1	0	0	1	0	0	0	1	0	1	0	0	1	1	0	0	0	0
Mp1g17790	neg	1	1	0	0	0	0	0	0	0	1	0	0	0	0	0	0	0	0	0	1	0	0	1	0	1	0	0	0	0	0	1	1	0	0	0	0	0	0	1	0	0	0	1	0	0	0	0	1	1	0	1	0
Mp1g17880	neg	0	0	0	1	0	1	0	0	1	1	0	1	0	0	0	0	1	0	1	1	0	0	0	0	0	1	0	0	0	1	0	0	1	1	0	0	0	0	0	0	0	0	1	1	1	1	0	1	1	0	0	0
Mp1g18080	neg	0	0	0	1	0	0	0	0	1	1	1	0	0	1	0	0	1	0	1	1	0	0	0	0	0	0	0	0	1	1	0	0	0	1	0	0	0	1	0	0	0	1	1	0	0	1	1	1	1	0	0	0
Mp1g18110	neg	1	0	1	0	1	0	0	0	1	1	1	0	0	1	0	0	0	0	0	1	0	0	1	0	1	0	1	1	0	1	0	0	1	1	0	0	0	1	0	1	0	1	0	1	0	1	0	0	1	1	0	0
Mp1g18660	neg	0	0	0	1	0	0	0	0	0	1	0	1	0	0	0	0	0	1	1	0	0	1	0	0	1	0	0	0	0	0	0	0	1	1	1	0	0	0	0	0	1	0	1	1	0	0	0	0	0	0	0	1
Mp1g18750	neg	0	0	1	0	0	0	0	1	0	1	0	0	0	0	0	0	0	0	0	0	0	0	0	0	0	0	0	0	1	1	0	1	0	0	1	0	0	0	0	0	1	0	1	0	0	1	0	0	0	1	0	0
Mp1g18810	neg	0	1	0	1	0	0	0	0	0	0	0	0	0	1	0	0	1	0	0	1	0	1	0	0	0	1	1	0	0	0	1	1	1	1	0	0	0	0	0	0	1	0	1	0	0	0	1	1	0	0	1	0
Mp1g19020	neg	1	0	0	1	0	0	0	0	1	1	1	1	0	1	0	0	0	1	1	0	0	0	0	0	0	1	0	0	0	1	0	0	1	1	0	0	0	1	0	0	1	1	0	1	1	0	0	1	0	0	0	0
Mp1g19250	neg	0	0	1	0	1	0	0	1	1	1	0	0	0	0	0	0	0	1	0	0	0	1	1	0	0	1	1	0	0	1	1	0	1	0	0	0	0	1	0	0	1	0	0	1	0	0	0	1	1	1	0	0
Mp1g19550	neg	1	1	0	0	1	0	0	0	1	0	1	0	0	0	0	0	1	0	1	0	0	0	0	0	1	0	0	1	0	0	1	1	1	1	1	0	0	1	0	0	1	1	1	0	0	1	0	1	1	1	0	0
Mp1g21070	neg	0	1	0	0	0	0	0	0	0	0	0	0	0	1	0	0	0	0	0	1	1	0	0	0	0	1	0	1	1	1	1	1	0	0	1	0	0	1	1	0	0	0	0	1	0	0	0	1	1	0	0	0
Mp1g21470	neg	1	0	0	1	1	0	0	0	0	0	0	0	0	0	0	0	0	0	0	1	0	0	0	0	1	0	0	0	0	1	1	1	0	0	0	0	0	1	1	0	1	0	0	0	0	0	0	0	0	0	1	0
Mp1g22500	neg	1	0	1	1	0	0	1	1	1	1	1	0	0	1	0	0	0	0	1	1	1	1	0	0	0	0	1	0	0	1	0	0	0	1	1	0	0	1	1	0	0	0	1	0	0	1	0	1	0	0	1	0
Mp1g22620	neg	0	0	0	0	0	0	0	0	1	0	0	1	0	0	0	0	1	1	0	0	0	0	0	0	0	0	1	0	0	1	0	0	1	0	0	1	0	0	1	1	1	0	0	1	0	1	0	1	1	0	0	0
Mp1g23820	neg	0	0	0	0	0	0	0	0	1	0	0	0	0	0	0	0	0	1	0	1	0	0	0	0	1	1	1	1	1	1	0	0	1	1	1	0	0	0	0	0	1	0	1	1	0	0	0	1	1	0	0	1
Mp1g25740	neg	0	0	1	0	0	0	0	1	0	0	1	0	0	0	0	0	0	1	0	1	0	1	0	0	0	0	1	1	0	1	0	0	0	0	1	0	0	1	1	0	0	1	1	0	0	0	1	0	0	1	0	0
Mp1g25810	neg	0	0	0	1	0	0	0	0	0	0	0	0	0	1	0	0	1	1	1	0	0	1	1	0	0	0	0	0	0	0	0	0	0	1	0	0	0	0	0	0	1	0	1	0	0	0	0	0	0	0	0	0
Mp1g26320	neg	0	0	0	0	0	0	0	0	1	1	0	0	0	0	0	0	0	1	1	0	0	1	0	0	0	0	0	0	0	0	0	1	0	0	0	0	0	0	0	0	0	0	1	1	0	0	0	1	0	0	0	0
Mp1g26740	neg	0	0	0	0	0	1	0	0	1	0	0	0	0	0	0	0	1	1	0	0	0	0	1	0	1	0	1	0	1	1	1	0	0	1	1	0	0	0	0	0	0	0	1	1	1	0	0	1	0	0	1	0
Mp1g27380	neg	1	1	1	0	1	0	0	0	0	1	1	1	0	1	0	0	0	1	1	1	0	0	0	0	1	0	1	0	0	0	1	1	1	1	0	0	0	1	0	0	0	1	0	1	0	0	0	1	0	0	0	0
Mp1g27530	neg	0	1	0	1	1	0	0	0	0	1	1	0	0	0	0	0	1	1	1	1	1	1	0	0	0	1	1	0	0	1	0	0	1	1	1	1	0	1	0	0	0	0	1	1	0	0	0	1	0	0	0	0
Mp1g27590	neg	0	0	0	0	0	0	0	0	0	0	0	1	1	0	0	0	0	0	1	0	0	0	0	0	0	0	0	0	0	0	0	0	0	1	0	0	0	1	0	0	0	1	1	0	0	0	0	1	0	1	1	0
Mp1g27710	neg	0	0	0	1	1	1	0	0	1	1	0	0	0	0	0	0	1	0	1	1	0	0	0	0	0	1	1	0	1	1	0	0	1	0	1	0	0	0	1	0	1	0	0	0	0	1	0	1	0	0	0	0
Mp1g28380	neg	0	0	0	1	0	1	0	0	1	0	1	0	0	1	0	0	1	0	1	0	0	0	0	0	1	1	0	0	0	0	0	0	1	1	0	0	0	0	0	0	1	0	1	0	0	0	0	1	0	0	0	0
Mp1g29140	neg	1	0	1	1	1	0	0	0	1	1	0	0	0	0	1	0	0	0	1	0	0	1	1	0	0	0	0	1	0	0	0	1	0	0	0	0	0	0	0	0	1	1	1	1	0	1	1	1	0	0	1	0
Mp1g29820	neg	0	0	1	0	0	0	0	1	0	1	1	1	0	1	0	0	0	1	0	1	0	0	0	1	0	0	1	1	0	1	0	0	1	1	1	0	0	1	0	0	1	1	1	0	0	1	1	1	0	0	0	0
Mp2g00520	neg	1	0	0	0	1	0	0	0	1	1	0	0	0	1	0	0	0	0	1	1	0	1	0	0	0	1	0	1	0	1	1	0	0	1	0	1	0	1	0	0	1	1	1	1	0	1	0	1	1	1	0	0
Mp2g00780	neg	1	0	0	0	1	0	0	0	0	0	1	0	0	0	0	0	0	0	0	0	0	0	1	0	1	1	1	1	1	0	1	0	1	1	0	0	0	1	0	0	1	0	1	1	0	1	1	0	0	0	0	0
Mp2g02140	neg	1	0	0	1	1	0	0	1	0	1	0	1	1	1	0	0	1	1	1	1	0	0	0	0	1	0	1	0	0	0	0	0	0	1	1	0	0	1	1	0	1	0	0	1	0	0	0	1	1	1	0	0
Mp2g02880	neg	1	0	1	1	1	0	0	0	0	1	0	0	0	0	0	0	1	0	0	1	0	0	0	0	0	0	0	1	0	1	0	1	0	0	0	1	0	0	0	0	0	1	1	0	0	1	0	0	1	0	1	1
Mp2g05180	neg	0	0	0	1	1	0	0	0	0	1	1	1	1	1	0	0	1	1	1	1	0	1	0	0	1	1	1	0	0	1	0	1	1	1	1	0	0	0	0	0	1	1	1	0	0	1	0	0	0	0	1	0
Mp2g05230	neg	0	0	1	1	0	0	0	0	0	1	1	0	0	1	0	0	0	0	0	0	1	1	1	0	1	0	1	0	0	0	1	0	1	1	1	0	0	1	0	0	1	0	1	0	0	0	1	1	0	0	1	0
Mp2g06280	neg	0	0	0	1	0	0	0	0	1	1	1	0	0	1	1	1	1	1	1	0	0	0	0	0	0	1	0	0	0	0	0	0	0	1	0	0	0	0	0	0	0	0	0	0	0	0	1	0	1	1	0	0
Mp2g06500	neg	1	0	1	0	0	0	0	0	1	0	1	1	1	1	0	0	1	0	0	0	1	0	1	0	0	0	1	0	1	1	0	0	0	1	1	0	0	1	0	1	0	0	1	1	0	1	0	0	1	1	0	0
Mp2g07890	neg	1	1	0	0	0	0	0	0	0	0	1	0	0	1	0	0	0	1	0	1	0	1	0	0	1	1	1	1	1	0	0	1	1	1	1	1	0	0	0	0	1	1	0	0	0	1	0	0	1	0	0	0
Mp2g08980	neg	0	0	1	0	0	0	0	0	0	1	0	0	0	1	0	0	1	0	0	1	0	1	0	0	0	0	0	0	1	0	0	0	1	1	0	1	0	0	0	0	0	1	1	1	0	1	1	1	0	1	0	0
Mp2g09350	neg	0	0	0	1	1	0	0	0	0	1	0	0	0	0	0	0	0	1	1	0	0	0	0	0	0	1	0	1	0	0	1	0	0	0	0	1	0	0	1	1	0	1	0	0	0	0	0	1	0	1	1	0
Mp2g10350	neg	0	0	1	0	0	0	0	1	1	1	0	1	0	1	1	1	1	1	1	1	0	0	1	0	1	0	1	0	0	0	1	1	1	1	0	0	0	1	0	0	1	0	1	1	1	0	0	0	1	1	1	0
Mp2g11900	neg	1	0	0	0	1	0	0	0	0	0	1	0	0	0	0	0	0	0	1	0	0	0	0	0	0	1	0	0	1	1	1	1	1	1	0	0	0	0	0	0	1	0	1	1	1	1	0	1	0	0	0	0
Mp2g12300	neg	0	0	0	0	0	0	0	0	1	0	0	0	0	1	0	0	1	1	0	1	1	1	1	0	1	1	1	1	0	1	0	0	1	1	1	1	0	0	0	0	0	1	0	1	1	0	0	1	0	0	0	0
Mp2g12870	neg	0	0	1	0	0	0	0	0	1	0	0	0	0	0	0	0	1	0	1	1	0	0	0	0	1	1	1	1	1	0	1	0	1	1	0	0	0	0	1	0	1	0	0	0	0	0	1	1	1	1	0	0
Mp2g13990	neg	0	0	1	0	0	0	0	0	1	1	1	1	1	1	0	0	0	0	1	0	0	0	0	0	1	0	0	1	0	1	1	1	1	1	0	0	0	0	0	0	1	0	1	0	0	0	0	1	1	0	1	0
Mp2g15400	neg	1	0	0	1	0	0	0	1	0	1	1	0	0	0	0	0	0	1	1	0	0	1	0	1	0	1	1	1	0	1	1	1	1	1	1	1	0	1	0	1	1	0	0	0	0	1	0	0	1	1	0	0
Mp2g15630	neg	0	0	1	0	0	1	0	0	1	1	1	1	1	1	0	0	0	0	0	0	0	0	0	0	1	1	1	0	0	1	1	1	0	1	1	0	0	1	0	0	1	1	0	1	1	0	1	1	0	1	0	0
Mp2g16210	neg	0	0	1	1	0	0	0	0	1	0	0	0	0	1	0	0	0	0	1	0	0	1	1	1	0	0	0	0	0	1	1	0	0	1	0	1	0	1	0	0	0	1	1	1	0	0	0	1	1	0	1	0
Mp2g17100	neg	0	0	1	1	1	0	0	0	1	1	0	1	1	0	0	0	0	1	1	1	0	1	1	0	1	0	0	0	0	0	1	1	1	0	1	1	0	1	1	0	1	1	1	1	0	1	1	1	0	1	0	1
Mp2g17450	neg	1	0	1	1	0	0	0	0	0	1	1	0	0	1	1	0	0	1	1	0	0	0	0	0	0	0	0	0	0	0	0	1	0	1	0	0	0	0	0	0	0	1	0	1	0	0	1	0	0	0	0	0
Mp2g17490	neg	0	0	1	1	1	0	0	0	1	1	0	1	1	0	0	0	0	1	1	0	0	0	1	0	0	0	1	1	0	1	1	1	0	1	0	0	0	0	1	1	0	1	1	0	0	1	0	1	0	0	0	0
Mp2g17830	neg	0	0	0	1	0	0	1	0	1	0	1	0	0	0	0	0	1	1	1	1	0	1	0	0	0	1	1	0	0	1	0	1	1	1	0	0	0	0	0	0	0	0	0	1	1	0	0	1	0	1	0	0
Mp2g18040	neg	0	0	0	0	1	0	0	0	1	0	1	0	0	0	0	0	1	0	0	0	0	0	1	0	0	1	1	1	1	1	0	0	0	1	1	0	0	0	0	0	1	0	1	1	0	1	0	0	0	0	1	0
Mp2g22320	neg	0	0	1	0	1	0	1	0	0	1	0	0	0	1	0	0	0	1	0	1	1	1	1	0	1	1	0	1	0	0	1	1	1	1	1	1	0	0	0	0	0	1	1	0	0	0	1	1	0	0	0	0
Mp2g23130	neg	1	0	0	1	1	1	0	0	0	1	0	0	0	0	1	0	0	1	0	0	0	1	1	0	0	1	1	0	0	1	0	1	0	1	0	0	0	1	0	0	0	0	1	0	0	1	1	1	1	1	0	0
Mp2g23810	neg	1	0	0	1	0	0	0	0	0	0	0	0	0	0	0	0	1	0	0	0	0	0	0	0	1	1	0	0	0	1	0	0	0	1	0	1	0	0	0	1	0	0	0	0	0	1	1	1	1	1	0	0
Mp2g25220	neg	0	0	0	1	1	0	0	0	1	0	0	1	0	0	0	0	0	0	0	0	0	0	0	0	0	1	0	0	0	1	1	0	0	0	0	0	0	1	1	0	0	0	0	0	0	1	0	1	1	0	0	0
Mp3g00280	neg	1	0	0	1	0	0	0	1	0	1	0	0	0	0	0	0	0	0	0	0	0	0	0	0	0	1	0	0	0	1	1	0	1	0	0	0	0	0	0	0	0	1	1	0	0	0	0	1	0	0	0	0
Mp3g00800	neg	0	0	1	1	0	1	0	1	0	1	0	0	0	1	0	0	0	1	1	0	0	1	0	0	0	0	1	1	0	0	0	1	0	1	0	1	0	0	0	0	0	1	0	0	0	0	0	1	1	0	1	0
Mp3g00920	neg	0	1	0	0	0	0	0	0	1	0	0	1	0	1	0	0	0	1	1	1	0	1	1	1	1	0	0	0	0	0	1	0	1	1	1	1	0	1	0	0	1	0	1	0	0	0	1	1	0	1	0	0
Mp3g01330	neg	0	0	1	0	1	0	1	1	1	1	0	0	0	1	0	0	0	0	1	0	0	0	0	0	0	1	1	0	1	0	1	1	1	1	1	1	0	1	1	0	0	0	0	0	0	0	1	0	1	1	0	0
Mp3g02140	neg	1	0	1	0	0	0	0	1	0	0	0	1	0	1	0	0	0	0	1	0	0	0	0	0	0	1	1	0	0	0	0	1	1	1	1	0	0	1	0	1	0	1	1	0	0	1	1	0	0	1	0	0
Mp3g03220	neg	0	0	1	0	1	0	0	0	1	1	0	0	0	0	1	1	1	1	0	0	0	1	1	0	0	0	1	0	0	1	0	1	0	1	1	1	0	0	0	0	1	0	1	1	0	1	1	1	0	1	1	0
Mp3g04020	neg	0	0	1	1	1	0	0	0	0	1	1	1	0	1	0	0	0	0	1	0	0	0	1	0	0	0	0	0	1	1	1	0	0	0	0	0	0	0	0	0	1	1	1	0	0	1	1	1	0	0	0	0
Mp3g04790	neg	0	1	0	1	0	0	0	0	0	0	0	0	0	0	0	0	1	0	0	1	0	0	0	0	1	0	1	1	1	1	1	0	1	0	1	1	0	0	0	0	0	0	1	1	0	0	0	0	1	0	0	0
Mp3g04900	neg	0	0	0	1	1	0	0	0	0	1	0	1	0	0	0	0	0	0	0	1	0	1	1	0	0	0	0	1	0	0	1	0	0	0	1	0	0	1	1	0	1	0	1	0	0	1	0	0	0	0	0	0
Mp3g05780	neg	0	0	1	0	1	0	0	0	1	0	0	0	0	1	0	0	0	1	1	0	0	1	0	0	0	0	0	0	0	1	1	0	0	1	1	1	0	0	0	1	1	1	0	1	0	0	1	1	0	0	1	0
Mp3g07170	neg	0	0	1	0	1	0	1	0	0	0	0	0	0	1	0	0	1	0	0	0	0	0	0	0	0	1	1	0	0	1	1	1	0	1	0	0	0	1	0	0	1	0	1	0	0	0	1	1	1	1	0	0
Mp3g07840	neg	0	0	0	1	0	0	0	1	1	1	0	0	0	1	0	0	0	1	0	0	0	1	1	1	1	0	1	0	1	0	1	0	0	1	0	1	0	0	0	0	1	0	1	0	0	0	0	0	0	1	0	0
Mp3g10620	neg	0	0	1	0	1	1	0	1	0	1	0	0	0	1	0	0	0	1	1	0	1	0	0	0	0	0	0	1	1	0	1	1	1	1	1	0	0	1	0	0	0	1	1	0	0	1	0	1	0	1	0	0
Mp3g10970	neg	0	0	0	0	1	0	0	0	1	0	0	0	0	0	0	0	0	1	1	0	0	1	0	0	0	0	1	0	1	0	0	0	0	1	0	1	0	1	0	0	1	0	1	0	0	0	1	0	1	1	0	0
Mp3g12120	neg	0	0	1	0	0	0	0	0	0	1	0	0	0	0	1	0	1	0	1	1	0	1	0	1	0	0	0	0	1	1	0	0	0	1	0	0	0	0	0	0	0	0	0	0	0	0	1	1	0	1	0	0
Mp3g13290	neg	1	0	1	1	1	0	0	0	1	1	1	1	0	0	1	1	0	0	0	0	0	1	0	0	0	0	1	1	0	1	0	1	1	1	0	0	0	1	0	0	1	0	1	0	0	1	0	0	0	0	0	0
Mp3g13750	neg	0	0	1	0	1	0	0	0	1	0	0	1	0	1	0	0	0	1	1	0	0	1	1	0	0	1	1	0	1	1	1	1	1	1	1	1	1	0	0	0	1	0	1	0	0	0	1	0	0	0	0	1
Mp3g13870	neg	0	0	0	0	1	0	0	0	1	0	1	0	0	1	0	0	1	0	1	1	0	0	0	0	1	1	1	0	1	1	0	0	1	1	1	0	0	0	0	0	1	1	1	0	0	0	1	1	0	0	1	0
Mp3g15890	neg	0	0	1	0	0	0	0	0	0	0	0	0	0	1	0	0	0	0	0	0	0	0	0	0	0	0	1	0	1	0	1	0	1	1	1	1	0	0	0	0	1	0	1	1	0	0	0	1	1	0	0	0
Mp3g16410	neg	0	0	1	1	1	0	0	1	1	1	1	0	0	1	0	0	0	0	0	0	0	0	1	0	0	0	1	0	0	0	1	0	0	1	1	0	0	0	0	0	0	1	1	1	0	0	0	1	0	0	0	0
Mp3g16880	neg	1	0	1	1	0	0	0	1	0	0	1	0	0	1	0	0	0	0	0	1	0	1	0	0	0	0	0	0	1	1	0	0	0	1	0	1	0	0	0	1	1	0	1	0	0	0	0	1	0	1	0	0
Mp3g18080	neg	0	0	0	0	1	0	0	1	1	0	0	0	0	0	0	0	0	0	1	0	0	0	0	0	1	1	1	0	1	0	0	1	1	0	0	0	1	1	1	0	0	0	1	1	0	1	1	1	1	1	1	0
Mp3g18580	neg	1	0	1	1	1	0	0	1	0	1	0	1	1	0	1	0	0	1	1	0	0	1	0	0	0	1	1	1	0	1	1	0	0	1	1	0	0	1	0	0	0	0	1	0	0	1	1	1	1	0	0	0
Mp3g19170	neg	0	0	1	1	1	0	1	1	0	1	1	0	0	1	1	0	0	0	0	0	0	1	1	0	0	1	1	1	0	1	1	1	1	1	0	1	0	1	0	0	0	1	1	1	0	0	1	1	0	0	0	0
Mp3g19400	neg	0	0	1	1	0	0	1	1	0	1	0	0	0	1	0	0	1	0	0	0	0	0	1	0	0	0	1	1	0	1	1	0	1	1	0	0	0	0	0	0	0	0	1	0	0	0	1	1	0	0	1	0
Mp3g20790	neg	1	0	1	1	0	1	0	0	0	1	0	1	0	0	1	0	1	0	1	1	0	0	0	0	1	0	1	1	0	0	1	1	1	1	1	0	0	0	0	0	1	0	1	0	0	0	0	0	1	0	0	0
Mp3g20820	neg	0	0	0	0	1	0	0	0	1	0	0	0	0	0	0	0	0	1	1	1	0	1	1	0	1	0	1	0	0	0	0	0	1	1	0	0	0	0	0	0	1	1	0	0	0	1	1	1	0	0	1	0
Mp3g20850	neg	1	0	0	0	0	0	0	0	0	0	0	1	0	0	0	0	1	1	0	0	0	0	0	0	0	0	1	1	0	1	1	1	0	1	1	0	0	0	0	0	0	0	0	1	0	1	1	1	0	0	0	0
Mp3g20980	neg	1	1	1	1	1	1	0	0	0	1	0	1	1	1	0	0	0	0	1	1	0	0	0	1	0	1	0	0	0	0	1	0	0	1	0	1	0	0	0	1	1	1	1	1	0	0	1	1	1	0	0	1
Mp3g21700	neg	0	0	1	0	1	0	1	0	0	0	1	0	0	0	0	0	0	1	1	0	0	0	0	1	0	0	1	0	1	0	1	0	1	0	0	0	0	1	0	0	1	1	0	1	0	0	0	0	0	0	0	0
Mp4g00440	neg	0	0	0	1	0	0	1	1	0	1	1	0	0	0	0	0	0	0	1	0	1	0	0	1	0	0	0	0	0	1	1	0	1	1	1	0	0	0	0	0	1	0	1	1	0	0	0	0	0	0	0	0
Mp4g04310	neg	1	0	1	0	1	0	0	0	1	1	0	1	0	0	0	0	1	0	1	0	0	0	1	0	0	0	1	0	0	1	1	1	0	0	0	0	0	1	0	0	1	0	0	0	0	1	1	1	1	0	0	0
Mp4g04480	neg	0	0	0	0	0	0	0	0	1	0	0	0	0	0	0	0	0	1	1	0	0	0	0	0	1	0	1	1	1	0	0	1	1	0	1	1	0	0	0	0	1	1	0	1	0	0	0	0	1	1	0	0
Mp4g05250	neg	0	0	1	0	0	0	0	1	1	0	0	1	1	1	0	0	0	0	1	1	0	1	0	0	1	0	0	0	1	1	1	0	0	0	0	0	0	1	1	0	0	0	1	0	0	0	1	1	0	1	0	0
Mp4g07530	neg	0	0	1	0	0	0	1	0	0	1	0	0	0	0	1	0	0	1	1	1	1	0	0	0	1	0	0	1	0	0	1	0	1	1	1	0	0	1	0	0	1	1	0	1	0	0	0	1	0	0	0	1
Mp4g08250	neg	0	0	1	1	0	0	0	0	1	0	0	1	0	1	0	0	0	1	0	0	0	1	1	0	0	0	1	0	1	1	0	1	1	1	0	0	0	1	0	0	1	1	1	1	0	1	1	1	0	0	0	0
Mp4g08680	neg	0	0	0	0	0	1	0	0	1	0	1	0	0	0	0	0	1	1	0	0	0	0	0	0	1	1	1	1	0	0	1	1	1	1	0	0	0	0	0	0	0	0	1	0	0	0	0	1	0	1	1	0
Mp4g12180	neg	1	0	0	0	0	0	0	1	0	1	0	0	0	1	0	0	1	0	0	0	1	1	0	0	1	1	0	0	0	0	1	1	1	1	1	0	0	1	0	0	0	1	0	1	0	0	0	1	0	0	0	0
Mp4g13300	neg	0	0	1	0	0	1	0	0	1	1	0	0	0	1	0	0	0	1	1	0	0	0	1	0	1	1	1	0	0	0	1	1	1	1	1	0	0	0	0	0	1	1	0	0	0	1	0	1	0	1	0	0
Mp4g13540	neg	0	0	1	0	0	0	0	0	0	1	0	0	0	0	0	0	0	1	0	0	0	1	1	0	0	1	0	0	0	1	0	1	0	1	1	1	0	0	0	0	0	1	0	0	0	1	0	1	1	1	0	0
Mp4g14020	neg	0	0	0	1	0	0	0	0	1	0	0	0	0	0	0	0	0	0	0	1	0	1	0	0	0	0	0	0	0	1	0	1	0	0	0	0	0	1	0	0	0	1	1	0	0	0	0	1	0	0	1	0
Mp4g14070	neg	1	0	1	1	1	0	0	0	0	1	0	1	1	1	1	0	1	1	1	0	0	0	0	0	0	0	1	0	1	1	1	0	0	1	0	0	0	0	0	0	0	0	1	1	0	0	1	1	0	0	0	0
Mp4g14760	neg	1	1	1	1	1	0	0	1	0	1	1	1	0	1	0	0	0	1	1	0	0	0	1	0	1	0	1	0	1	0	0	0	0	0	0	1	0	1	0	0	1	1	1	0	0	0	1	0	0	1	1	0
Mp4g17070	neg	0	0	0	1	1	0	0	1	0	0	1	0	0	0	0	0	0	1	0	1	0	0	0	0	1	0	0	1	0	0	1	1	0	0	0	0	0	0	0	0	1	1	1	0	0	1	1	0	0	1	0	0
Mp4g17550	neg	1	0	0	1	1	0	0	0	0	1	0	0	0	1	0	0	0	0	0	0	0	0	1	0	0	0	1	0	1	0	0	0	0	1	1	1	0	1	0	0	1	0	0	1	0	1	1	1	1	0	0	0
Mp4g19300	neg	0	0	1	0	0	0	0	0	1	0	1	0	0	1	0	0	1	0	0	0	0	0	0	0	1	0	1	0	1	1	1	1	1	1	0	0	0	0	0	1	0	1	1	0	0	0	1	0	1	1	0	0
Mp4g20270	neg	1	0	1	1	1	0	0	0	1	1	1	0	0	0	0	0	0	1	1	0	1	1	0	0	0	0	1	0	0	0	1	0	1	1	1	0	0	0	0	1	0	1	0	1	1	0	1	1	0	0	0	0
Mp4g20320	neg	1	0	1	1	1	0	0	1	0	1	1	0	0	1	0	0	1	1	1	1	0	1	0	0	1	0	1	1	1	1	1	0	1	1	0	0	0	0	0	0	0	1	1	1	0	1	0	0	1	1	1	0
Mp4g20630	neg	0	0	1	0	0	0	0	0	0	1	1	0	0	0	0	0	0	0	1	0	0	1	1	1	0	1	1	0	1	1	1	1	1	0	0	1	0	0	0	0	1	1	1	0	0	1	0	1	1	0	1	0
Mp4g20660	neg	0	0	0	1	0	0	0	0	1	0	0	0	0	0	0	0	0	1	1	0	0	0	0	1	0	0	1	1	0	0	0	0	1	0	0	0	0	1	1	0	1	0	1	1	0	1	1	1	0	1	0	0
Mp4g22090	neg	0	0	1	1	0	0	0	1	1	1	0	0	0	1	0	0	1	0	1	0	1	0	0	0	0	1	1	1	1	1	0	0	1	1	1	0	0	1	0	0	0	1	0	0	0	0	0	1	1	1	1	0
Mp4g23680	neg	0	0	1	0	0	0	0	0	1	0	1	0	0	0	0	0	0	0	0	0	0	0	0	0	0	0	0	0	0	0	0	1	0	0	1	1	0	0	0	0	1	0	1	1	1	0	0	1	0	1	1	1
Mp5g02890	neg	0	0	1	1	0	0	0	0	0	1	1	0	0	0	0	0	0	1	1	0	0	0	0	0	0	0	1	0	0	1	1	1	1	1	1	0	0	0	0	0	0	1	0	1	0	0	0	1	0	0	1	0
Mp5g03400	neg	0	0	1	0	0	0	1	0	0	1	1	1	1	0	1	0	0	0	0	0	0	1	1	0	1	1	1	1	1	0	1	1	1	1	0	0	0	1	0	0	1	1	1	1	1	0	0	1	0	0	1	1
Mp5g03980	neg	0	0	1	0	0	0	0	0	0	1	0	1	1	1	0	0	1	0	0	0	0	0	0	0	0	0	0	0	0	0	0	1	1	0	0	0	0	0	0	1	0	1	0	0	0	1	0	1	0	1	0	0
Mp5g04200	neg	0	0	1	0	0	0	0	0	0	0	1	0	0	1	0	0	0	1	1	0	0	0	0	0	1	1	1	1	1	1	1	1	1	0	0	0	0	1	0	0	0	1	1	1	1	0	1	0	0	1	1	0
Mp5g05290	neg	0	0	0	1	0	0	0	1	1	1	1	0	0	1	0	0	1	1	1	0	0	0	0	0	0	0	1	0	0	1	0	0	1	0	0	0	0	1	0	0	1	0	0	0	0	0	0	1	0	0	0	0
Mp5g05580	neg	1	0	1	1	1	0	0	0	0	1	0	0	0	0	1	0	0	1	1	0	0	1	0	0	0	1	1	1	0	0	0	1	1	1	0	1	0	0	0	0	0	0	0	0	0	1	0	1	0	0	1	0
Mp5g06170	neg	0	0	0	0	0	0	0	0	0	0	0	0	0	0	0	0	1	1	1	1	0	1	0	0	0	1	0	0	1	0	0	0	0	1	1	1	0	1	1	0	0	0	0	0	0	1	1	1	0	0	0	0
Mp5g08010	neg	1	1	1	1	1	0	1	0	0	0	0	1	1	1	0	0	0	0	1	0	0	0	0	0	0	1	1	1	0	1	1	0	1	0	0	0	0	1	0	0	1	0	1	1	0	1	0	1	0	0	1	0
Mp5g10060	neg	0	0	1	1	0	0	0	1	0	0	1	1	0	1	0	0	0	1	1	0	0	1	1	0	1	0	1	1	0	0	1	1	0	0	1	0	0	0	0	0	0	0	0	1	0	0	0	1	1	0	0	1
Mp5g13920	neg	0	0	1	1	1	0	0	0	1	0	0	0	0	1	0	0	1	1	1	0	0	1	1	0	0	1	0	0	0	0	0	0	0	1	0	0	0	0	0	0	1	1	1	1	1	1	0	0	0	0	1	0
Mp5g15100	neg	0	1	1	1	0	0	0	0	0	0	0	0	0	1	0	0	0	1	0	0	0	0	1	0	1	0	0	1	0	1	1	1	0	0	0	0	0	1	0	0	1	0	0	0	0	1	0	1	0	0	1	0
Mp5g16610	neg	1	1	1	0	0	0	0	0	0	1	1	0	0	1	0	0	1	1	0	0	0	0	1	0	1	1	1	1	0	0	0	0	1	1	0	0	0	0	0	0	1	0	1	0	0	1	1	1	1	1	1	0
Mp5g19800	neg	0	0	0	1	1	0	1	1	0	0	1	0	0	0	0	0	0	1	1	0	0	1	1	0	0	0	0	0	0	1	0	0	1	1	0	0	0	1	0	0	0	0	1	0	0	0	1	0	0	1	1	0
Mp5g20370	neg	1	0	1	0	1	0	0	0	1	0	0	0	0	1	0	0	0	0	0	0	0	0	0	0	0	0	1	1	0	0	0	1	1	1	0	0	0	0	0	0	0	0	1	0	0	1	1	1	1	1	1	0
Mp5g20920	neg	1	0	1	1	1	0	0	0	0	1	1	0	0	0	0	0	1	0	0	1	0	0	1	0	1	1	1	1	0	0	0	0	0	1	0	1	0	0	0	0	1	0	1	0	0	1	0	0	0	0	0	0
Mp5g21030	neg	1	0	0	1	0	0	0	1	0	0	0	0	0	0	0	0	0	1	0	1	0	0	0	0	0	1	0	0	0	1	0	0	0	1	1	0	0	1	0	0	0	1	0	0	0	0	1	0	1	0	1	0
Mp5g22450	neg	0	0	0	0	1	0	0	0	0	1	0	1	0	1	0	0	0	0	0	1	0	1	1	0	0	1	0	0	1	1	0	1	1	0	0	1	0	0	0	0	1	0	1	0	0	1	1	1	0	0	1	0
Mp5g22780	neg	1	0	1	1	0	0	0	0	1	1	1	0	0	0	0	0	0	1	0	0	0	0	1	0	1	0	0	0	1	1	1	1	1	1	0	0	0	0	0	0	1	1	0	1	0	0	0	1	0	1	0	0
Mp5g23830	neg	0	0	1	0	1	0	0	0	1	0	0	0	0	1	0	0	1	1	1	0	0	1	0	1	0	1	1	0	0	0	1	1	0	0	1	1	0	1	0	0	1	0	0	0	0	0	0	1	0	0	0	0
Mp6g00070	neg	1	0	1	0	1	0	0	0	0	0	1	1	1	1	0	0	1	0	1	1	0	0	0	0	0	1	0	0	1	1	0	1	0	0	0	0	0	1	0	0	1	1	1	0	0	1	0	0	1	1	0	0
Mp6g00570	neg	0	0	1	1	0	0	0	0	1	0	0	0	0	1	0	0	1	0	1	0	0	0	0	0	1	0	1	0	0	1	1	1	0	1	1	0	0	1	1	0	0	1	0	1	0	0	1	0	1	0	1	0
Mp6g02310	neg	0	0	1	0	0	0	0	0	1	0	1	0	0	1	0	0	0	0	0	0	0	0	0	0	1	1	0	0	0	0	0	0	0	1	0	0	0	0	1	0	0	1	0	0	0	1	0	1	1	1	1	0
Mp6g02520	neg	0	0	0	0	1	0	0	0	1	0	1	0	0	0	0	0	0	1	1	0	0	1	1	0	0	0	0	1	0	0	1	1	1	0	1	1	0	0	0	0	1	1	0	0	0	0	1	1	1	1	0	0
Mp6g02760	neg	0	0	0	1	1	0	0	0	0	1	1	0	0	0	0	0	1	1	1	1	0	1	0	0	1	1	1	0	0	0	1	0	1	1	0	0	0	0	0	0	1	1	1	0	0	0	1	0	1	0	1	0
Mp6g03360	neg	1	0	0	1	0	0	0	1	1	0	0	0	0	0	0	0	0	0	0	1	0	0	1	0	1	0	0	0	0	0	0	0	0	1	1	0	0	0	0	0	0	0	1	0	0	1	0	1	1	0	0	0
Mp6g05070	neg	0	0	1	1	0	0	0	0	1	1	1	0	0	1	0	0	0	1	1	1	0	1	0	0	0	1	0	1	0	1	1	1	0	0	1	1	0	0	1	1	1	1	1	1	1	1	0	1	1	0	1	0
Mp6g05420	neg	0	0	0	1	0	0	0	0	1	0	0	0	0	0	0	0	0	1	1	0	1	1	0	0	1	0	0	0	1	1	0	1	1	0	1	1	0	1	0	0	0	1	1	0	0	0	0	1	0	1	1	0
Mp6g06300	neg	0	0	1	1	1	0	0	0	1	1	0	0	0	1	0	0	0	1	0	0	1	0	0	0	1	0	1	1	1	1	0	0	1	1	1	0	0	0	0	1	1	1	0	1	0	0	0	1	1	0	0	0
Mp6g08600	neg	1	0	0	0	1	0	0	0	1	0	1	0	0	0	0	0	1	0	0	1	0	0	0	0	1	0	1	1	1	0	0	1	1	1	1	1	0	0	0	0	0	0	1	0	0	0	0	1	0	0	0	0
Mp6g08860	neg	0	0	0	1	1	0	0	0	0	1	1	1	1	1	0	0	0	0	0	0	0	0	0	1	0	0	1	0	0	1	1	0	0	1	0	0	0	0	1	0	0	0	1	1	0	0	0	0	1	0	0	0
Mp6g08990	neg	0	1	1	0	0	0	0	0	1	1	0	0	0	1	1	0	1	1	1	1	0	0	0	0	1	1	0	0	0	1	1	1	1	1	0	0	0	0	1	1	1	0	1	1	1	0	1	1	1	0	0	0
Mp6g09020	neg	1	1	1	0	1	0	0	0	1	0	0	1	1	1	0	0	1	1	1	1	0	1	0	0	1	0	0	1	0	1	0	0	0	1	1	0	0	0	0	0	1	0	1	1	1	0	1	0	0	0	0	0
Mp6g09100	neg	1	0	0	1	1	0	0	0	1	1	1	0	0	1	1	0	0	1	1	0	0	1	0	0	1	1	1	0	0	1	0	1	1	1	0	1	0	1	0	0	0	1	1	1	0	0	0	1	0	0	0	1
Mp6g09130	neg	1	0	0	1	0	0	0	0	1	1	0	0	0	1	0	0	0	0	1	1	0	0	1	0	1	1	1	0	0	1	1	0	1	1	0	0	0	1	0	0	0	1	0	0	0	1	1	1	1	0	1	0
Mp6g09450	neg	1	0	0	1	1	1	0	0	1	0	0	0	0	1	0	0	1	1	1	1	0	0	1	0	1	1	0	1	0	0	1	0	0	1	0	0	0	1	0	1	1	1	0	1	1	0	0	0	0	1	0	0
Mp6g09910	neg	1	0	1	0	1	0	0	1	1	1	0	1	1	1	0	0	0	1	1	1	0	1	0	0	1	0	0	0	1	1	0	1	0	0	0	1	0	0	0	0	1	1	1	1	0	1	0	0	0	1	0	1
Mp6g10860	neg	1	0	0	1	1	1	0	0	1	0	0	1	0	1	0	0	0	1	1	0	0	1	0	0	1	1	0	1	0	1	1	0	0	1	0	1	0	0	1	1	1	0	0	1	1	1	0	0	0	0	1	0
Mp6g10950	neg	0	0	1	1	0	0	0	0	1	1	0	0	0	0	1	0	0	0	0	0	0	1	0	0	0	0	1	1	0	0	0	1	1	1	1	0	0	0	1	0	1	1	1	1	0	0	1	1	1	0	0	0
Mp6g11200	neg	0	0	0	1	1	0	0	1	1	1	0	0	0	1	0	0	0	0	0	0	0	0	0	1	0	0	0	0	0	1	1	0	0	1	0	0	0	1	0	0	0	1	0	0	0	0	0	1	0	1	0	0
Mp6g14820	neg	1	0	0	0	1	0	0	0	1	0	0	0	0	0	0	0	0	1	1	0	1	0	0	0	0	0	1	1	0	1	1	1	0	0	1	1	1	0	1	1	0	1	1	0	0	0	0	1	0	0	0	0
Mp6g15430	neg	1	0	0	1	1	0	0	0	1	0	0	0	0	0	0	0	0	1	0	1	0	1	1	0	1	0	0	1	0	1	1	1	0	0	1	1	0	0	0	0	1	1	0	0	0	0	1	1	0	0	0	0
Mp6g15890	neg	0	0	1	1	0	0	0	1	1	1	1	1	0	1	0	0	0	0	0	1	0	1	0	0	1	1	0	1	1	0	1	0	0	1	0	0	0	0	0	0	1	0	0	0	0	0	1	0	0	1	1	0
Mp6g17010	neg	1	0	1	0	0	1	0	0	1	0	0	0	0	1	0	0	0	0	1	0	0	0	0	1	0	0	1	1	0	1	0	1	0	1	0	1	0	1	0	0	0	0	0	0	0	0	0	1	0	0	0	0
Mp6g17420	neg	1	0	0	1	1	0	0	1	1	0	0	0	0	0	0	0	0	0	1	0	0	1	0	0	0	0	0	0	0	0	0	1	0	1	1	1	0	1	0	0	1	1	0	1	0	0	0	1	0	0	0	0
Mp6g17780	neg	0	0	0	1	1	0	0	0	0	1	1	1	0	0	1	1	1	1	0	1	0	1	0	0	0	1	0	1	1	1	1	1	1	1	1	0	0	0	1	0	1	1	1	0	0	1	0	0	1	0	0	0
Mp6g19430	neg	0	0	1	0	1	0	0	0	1	0	0	1	1	1	0	0	1	1	0	1	0	0	1	1	0	0	1	1	0	1	0	0	1	1	1	0	0	1	0	0	0	0	0	0	0	0	0	0	1	0	1	0
Mp6g21400	neg	0	0	1	1	1	0	0	0	0	1	1	0	0	1	0	0	0	0	0	1	0	0	0	0	1	0	1	0	0	1	1	1	1	0	0	0	0	0	0	0	0	1	0	1	0	0	1	1	0	0	0	0
Mp6g21410	neg	0	0	1	1	0	0	0	1	0	1	1	0	0	0	0	0	1	1	1	0	0	0	0	0	0	0	0	1	1	0	1	0	0	0	0	0	0	1	1	0	0	0	0	0	0	1	0	0	0	0	1	0
Mp7g00100	neg	0	0	1	0	0	0	0	0	0	1	1	1	1	1	1	0	1	1	1	0	0	0	1	0	0	0	1	0	1	1	1	1	1	0	0	0	0	0	0	0	1	1	1	0	0	1	1	1	0	1	0	0
Mp7g02790	neg	0	0	0	1	0	0	0	1	0	0	0	0	0	0	0	0	0	1	1	0	0	0	1	0	0	0	0	1	1	1	1	0	0	0	0	0	0	1	1	0	1	1	1	1	0	1	0	0	1	0	0	0
Mp7g03940	neg	1	0	1	1	1	0	0	0	0	0	0	1	1	1	0	0	0	1	0	0	0	0	1	0	0	0	1	0	0	1	0	1	0	1	1	0	0	1	1	0	1	1	1	1	0	0	1	1	0	1	1	0
Mp7g04400	neg	0	1	0	0	0	0	0	0	1	0	0	0	0	1	0	0	0	0	0	0	1	0	0	0	1	0	1	0	0	1	1	0	1	0	1	1	0	0	0	1	0	0	0	0	0	0	0	1	0	0	0	0
Mp7g06130	neg	1	1	0	0	1	0	0	0	1	0	0	0	0	0	0	0	0	0	0	0	0	0	1	0	1	1	1	1	0	1	0	1	1	1	0	0	0	0	1	1	0	0	1	1	0	1	0	1	1	0	0	0
Mp7g06720	neg	0	0	0	1	1	0	0	0	1	0	0	1	1	0	0	0	0	1	1	1	0	1	0	0	1	0	0	0	0	1	1	0	1	1	0	1	0	1	0	0	0	1	1	0	0	0	0	1	0	1	1	0
Mp7g06740	neg	1	1	1	1	1	0	0	1	1	1	0	0	0	1	0	0	0	0	1	0	0	0	1	1	0	0	1	0	0	1	0	1	0	1	0	0	0	1	0	0	1	1	1	0	0	1	1	1	0	0	0	0
Mp7g06770	neg	0	0	1	0	0	0	0	0	0	1	0	0	0	0	1	0	0	1	0	0	0	0	1	0	1	0	1	1	0	1	1	0	1	0	1	0	0	1	0	0	1	0	1	0	0	0	0	1	0	0	0	0
Mp7g07470	neg	0	0	1	1	1	0	0	0	1	0	0	0	0	1	0	0	0	1	1	1	0	1	1	0	1	0	0	0	0	0	0	1	1	1	0	0	0	0	0	1	1	1	1	0	0	1	1	1	0	1	1	0
Mp7g07750	neg	0	0	0	1	0	0	0	0	0	1	1	0	0	1	0	0	0	1	0	1	0	1	1	0	1	0	0	1	0	0	1	1	0	1	1	0	0	1	0	0	0	1	1	1	0	1	0	1	1	0	1	0
Mp7g07920	neg	1	0	1	1	1	0	0	0	0	1	1	0	0	0	0	0	1	0	1	1	0	1	1	0	1	1	1	1	1	1	0	0	0	1	0	1	0	1	0	0	1	0	1	1	0	1	0	1	0	0	0	0
Mp7g07930	neg	0	0	1	1	1	0	0	0	1	1	1	0	0	0	1	0	0	0	0	1	0	1	1	0	0	1	1	1	0	0	0	1	1	1	1	1	0	0	0	0	1	1	0	1	1	1	0	1	0	0	1	0
Mp7g09740	neg	0	0	1	0	0	0	0	0	1	0	1	0	0	1	0	0	1	1	1	1	0	1	0	0	1	1	0	0	0	1	1	1	0	1	0	1	0	1	0	0	1	1	0	0	0	0	1	0	1	0	0	0
Mp7g09910	neg	0	0	0	1	0	1	0	1	1	0	1	0	0	1	0	0	0	1	1	1	0	1	0	1	0	0	1	0	1	1	0	0	0	1	0	1	0	0	0	0	1	1	1	0	0	0	0	1	1	1	1	0
Mp7g10450	neg	0	0	0	1	1	0	0	0	0	1	1	0	0	1	0	0	1	0	0	1	0	1	0	0	1	1	1	0	1	0	1	0	0	1	0	1	0	0	1	0	1	0	1	0	0	0	0	1	1	0	0	0
Mp7g11340	neg	0	0	1	0	0	1	0	0	1	1	0	1	1	0	0	0	0	0	1	1	0	0	0	0	0	0	0	0	0	0	0	0	0	1	0	1	0	0	0	0	1	0	1	1	0	0	0	1	0	0	1	0
Mp7g12760	neg	1	0	1	1	0	0	0	0	1	1	1	1	1	0	0	0	0	0	0	1	0	0	1	0	1	0	1	1	0	1	0	1	0	0	0	1	0	0	0	0	1	0	0	0	0	1	0	0	0	1	0	0
Mp7g13240	neg	0	0	0	1	0	0	0	0	1	0	0	0	0	1	0	0	0	0	1	0	0	1	1	0	1	1	1	1	0	0	1	0	0	1	0	0	0	0	1	1	0	0	1	0	0	1	1	1	1	0	1	1
Mp7g13300	neg	0	0	0	1	1	0	0	0	0	1	0	0	0	1	1	1	0	1	1	1	0	0	1	0	0	0	0	1	0	1	0	0	0	1	1	1	0	1	0	1	0	1	1	1	0	0	0	1	0	0	1	0
Mp7g13540	neg	0	0	0	1	1	0	0	0	0	0	0	1	1	0	0	0	1	1	0	1	0	1	1	0	0	0	1	1	0	1	1	1	0	1	0	1	0	0	0	1	1	0	1	1	0	1	1	0	1	0	1	0
Mp7g13560	neg	0	0	0	0	0	0	0	0	1	0	0	0	0	1	0	0	1	0	1	0	1	0	0	0	1	1	1	0	0	1	1	0	1	1	1	0	0	0	0	0	0	0	1	1	0	0	1	1	0	1	0	0
Mp7g14170	neg	1	0	0	1	1	0	0	0	0	0	0	0	0	1	0	0	0	1	1	0	0	0	1	0	0	0	0	0	1	1	0	0	0	0	0	0	0	1	0	0	1	1	0	0	0	0	0	0	0	0	0	0
Mp7g14250	neg	0	0	1	0	0	0	0	0	0	1	1	0	0	1	0	0	1	0	0	1	0	1	0	0	1	0	0	0	0	1	0	0	0	1	1	0	0	1	0	0	0	0	1	0	0	0	0	0	0	0	0	0
Mp7g14560	neg	0	0	0	1	0	0	0	1	0	0	0	0	0	0	0	0	0	1	0	1	0	0	1	0	1	0	0	0	0	0	1	0	0	1	0	0	0	0	0	0	0	1	0	0	0	1	0	1	1	1	0	0
Mp7g14760	neg	0	0	1	1	1	0	0	0	0	1	1	0	0	0	0	0	0	0	0	1	0	0	0	0	0	1	1	0	1	0	1	0	0	1	0	0	0	1	0	0	0	1	1	0	0	0	1	0	1	1	0	0
Mp7g15600	neg	0	0	1	0	1	0	0	0	1	1	1	0	0	1	0	0	1	0	0	1	0	0	0	1	1	0	0	0	0	0	0	0	1	1	0	0	0	0	0	0	0	0	1	1	1	0	1	1	0	1	0	0
Mp7g15650	neg	0	0	0	0	0	0	0	0	0	0	0	0	0	1	0	0	0	1	0	0	0	0	1	0	0	1	0	0	0	1	0	0	1	1	1	0	0	0	0	0	1	0	1	0	0	1	0	1	0	0	1	0
Mp7g15780	neg	0	0	0	0	1	0	0	0	1	1	0	1	1	1	1	1	0	0	1	1	0	0	1	0	0	1	1	0	1	1	1	1	1	1	1	0	0	0	0	0	1	0	0	0	0	0	0	1	0	0	0	0
Mp7g15810	neg	0	0	1	1	1	1	0	0	1	1	0	0	0	0	1	0	0	0	0	1	0	1	0	0	1	1	1	0	0	0	1	1	0	1	0	1	0	0	0	0	0	0	1	0	0	0	0	0	0	0	1	0
Mp7g16740	neg	0	1	1	0	1	0	0	1	1	0	0	1	0	1	0	0	0	1	1	1	1	0	0	0	0	1	1	0	1	1	1	1	1	1	1	0	0	0	0	0	1	1	0	1	1	1	0	0	1	0	0	0
Mp7g18050	neg	1	0	1	0	0	0	0	0	0	0	0	0	0	1	0	0	1	0	0	0	1	1	0	1	1	1	0	1	0	0	1	1	1	1	1	0	0	0	0	0	0	0	1	1	0	1	1	0	0	0	0	1
Mp7g19620	neg	0	1	1	0	0	0	0	0	0	0	0	1	0	0	0	0	0	0	1	0	0	0	0	0	1	0	1	0	0	1	1	0	0	0	0	0	0	0	0	0	0	0	1	0	0	1	0	1	1	0	0	0
Mp8g01930	neg	1	0	0	0	1	0	0	0	1	0	1	0	0	0	0	0	1	1	1	1	0	1	0	1	0	0	0	1	0	1	1	0	1	0	0	1	0	0	0	1	0	1	1	1	0	1	1	0	1	1	0	0
Mp8g03030	neg	1	0	1	0	1	0	0	0	1	0	0	0	0	1	0	0	0	1	0	1	0	0	0	0	0	1	0	0	1	1	1	0	1	0	0	1	0	0	0	0	1	1	1	0	0	1	0	1	0	0	0	0
Mp8g03130	neg	0	0	0	0	1	0	0	0	1	0	0	1	0	0	0	0	1	1	0	0	0	0	0	0	0	1	1	1	0	1	0	0	1	0	0	0	0	1	0	0	0	1	0	0	0	0	0	0	0	1	0	1
Mp8g03740	neg	0	0	1	1	1	0	0	0	1	1	0	1	0	1	0	0	0	1	1	0	0	1	0	0	0	1	0	0	0	1	0	0	0	1	1	0	0	0	0	0	0	1	0	0	0	0	0	0	0	0	0	0
Mp8g04210	neg	1	0	1	1	1	0	0	0	0	1	0	0	0	1	0	0	1	1	0	1	1	0	0	0	1	0	1	0	0	0	0	1	1	0	1	1	0	0	1	0	1	1	1	0	0	1	0	0	1	0	0	0
Mp8g06290	neg	1	0	1	1	1	0	0	0	1	1	1	0	0	1	0	0	1	1	1	0	0	1	0	0	0	0	0	0	1	1	0	1	0	1	0	1	0	1	0	0	1	1	1	0	0	0	1	0	1	0	1	0
Mp8g06740	neg	0	0	0	1	0	1	0	0	1	0	0	0	0	1	0	0	0	1	0	0	0	1	0	0	0	1	0	0	0	1	0	0	0	1	0	0	0	1	0	0	1	1	0	0	0	1	1	1	0	1	0	0
Mp8g06850	neg	0	0	1	0	0	0	0	0	0	0	0	1	1	0	0	0	0	0	1	0	0	0	0	0	0	1	1	1	0	0	1	1	0	1	0	1	0	1	0	0	0	0	0	0	0	1	0	1	1	1	1	0
Mp8g07480	neg	0	0	0	0	0	0	0	0	0	0	0	0	0	1	0	0	0	0	1	0	0	1	0	0	0	1	0	1	0	0	0	0	1	1	0	0	0	0	0	0	1	1	1	1	0	0	1	0	0	1	0	0
Mp8g07550	neg	0	0	1	1	1	0	0	0	0	0	1	1	1	0	0	0	0	1	1	1	0	1	0	0	0	0	0	0	0	1	0	0	0	0	1	0	0	0	0	0	1	1	1	0	0	1	1	0	0	1	0	0
Mp8g08510	neg	1	0	0	1	1	0	1	0	1	1	0	1	1	0	1	0	0	0	1	0	0	1	0	0	0	1	1	0	0	0	0	1	1	0	0	0	0	1	0	0	0	0	0	0	0	1	0	0	1	0	0	0
Mp8g09080	neg	0	0	1	1	0	0	0	0	1	0	1	0	0	1	0	0	1	0	0	0	0	0	0	0	1	0	1	1	1	1	1	1	1	0	1	0	0	0	0	0	1	0	1	0	0	0	0	1	0	0	0	0
Mp8g09130	neg	0	0	0	1	0	0	0	0	1	0	0	0	0	0	0	0	0	1	1	0	0	0	0	0	1	1	1	0	1	0	0	1	1	0	0	0	0	0	0	1	0	1	0	0	0	0	0	1	0	1	1	0
Mp8g09210	neg	1	0	1	1	1	1	0	0	1	1	1	0	0	1	1	0	0	0	1	1	1	1	1	0	1	0	0	1	0	0	1	1	0	1	1	1	0	1	0	0	0	1	1	0	0	0	0	1	0	1	0	0
Mp8g10770	neg	1	0	1	0	0	0	0	0	1	1	0	0	0	1	0	0	0	0	0	1	0	0	0	0	0	1	0	1	0	0	0	1	0	1	1	0	0	0	0	0	1	1	0	1	1	0	1	1	0	0	0	0
Mp8g10870	neg	0	0	1	0	0	0	0	0	0	1	0	0	0	0	0	0	0	1	0	1	0	0	1	0	1	1	1	0	0	1	0	0	0	0	0	0	0	0	0	0	0	0	0	0	0	0	0	1	0	0	0	0
Mp8g11270	neg	0	0	0	1	0	0	0	0	1	0	0	0	0	0	0	0	1	0	0	1	0	1	0	0	1	0	1	0	1	0	0	0	1	1	0	0	0	0	0	0	0	0	1	0	0	1	1	1	1	0	0	0
Mp8g11300	neg	1	1	0	0	1	0	0	0	0	1	0	0	0	1	0	0	0	1	0	0	0	0	1	0	1	0	0	0	0	1	0	1	0	1	0	0	0	1	0	0	0	1	1	1	0	0	0	1	0	1	0	0
Mp8g11410	neg	0	0	0	1	0	0	0	0	0	1	1	1	0	0	0	0	1	1	0	0	0	1	1	0	1	0	1	1	0	1	0	1	1	1	1	0	0	1	1	1	0	0	1	1	0	1	1	0	1	0	0	0
Mp8g11550	neg	0	1	0	0	0	0	0	0	1	0	0	1	0	1	0	0	0	0	0	0	0	1	0	0	1	0	0	0	0	0	1	0	0	1	0	0	0	0	1	0	1	0	1	1	0	0	1	1	0	0	0	1
Mp8g11710	neg	1	0	1	1	0	0	0	0	1	1	1	0	0	0	1	0	0	0	1	1	0	1	0	0	0	1	1	1	0	1	1	0	0	0	0	1	0	0	0	0	1	0	1	1	0	0	0	0	0	0	1	0
Mp8g13170	neg	0	0	0	0	0	0	0	0	1	1	0	0	0	1	0	0	0	1	0	0	0	0	1	0	1	1	1	1	0	0	1	0	1	0	0	0	0	1	0	0	1	1	1	0	0	0	0	1	0	1	0	0
Mp8g13410	neg	1	1	1	1	1	0	0	0	1	0	0	1	0	0	0	0	1	1	1	1	1	1	0	1	1	1	1	0	0	1	1	1	1	1	1	0	0	0	0	0	1	1	1	1	0	0	1	1	1	0	0	0
Mp8g14020	neg	1	0	0	0	1	0	0	0	0	1	0	1	1	1	0	0	1	0	1	0	0	0	1	0	0	0	0	1	0	1	1	1	1	1	1	1	0	0	1	1	0	0	1	1	1	1	0	1	0	0	1	0
Mp8g14340	neg	0	0	1	0	0	0	0	0	1	1	0	0	0	0	0	0	0	0	1	0	0	0	1	0	0	1	1	0	1	1	1	0	1	0	0	0	0	1	0	0	0	0	1	0	0	1	1	0	0	0	0	0
Mp8g16600	neg	0	0	1	1	0	0	0	0	0	0	0	0	0	0	0	0	0	1	0	0	0	1	1	0	1	0	1	0	0	1	0	0	0	1	0	0	0	0	0	0	1	0	1	0	0	1	0	1	0	1	0	0
Mp8g16870	neg	1	0	1	1	1	0	0	1	0	1	0	1	0	0	0	0	1	1	0	0	0	0	1	0	1	0	1	0	0	1	1	1	0	1	0	0	0	1	1	0	1	0	1	0	0	0	1	1	0	0	0	0
Mp8g17790	neg	0	0	1	1	1	0	0	0	0	1	0	0	0	0	1	0	0	0	0	0	0	0	0	0	0	1	1	1	0	1	1	0	1	0	1	0	0	1	0	0	0	1	1	0	0	0	0	0	1	1	0	0
