X	Class	AACAGT	AACTTAC	AAGGTG	ACAGGA	ACAGGTC	ACAGTGC	ACATCAC	ACATCTG	ACCCAG	ACCTTC	ACGCTG	ACGTGC	ACGTGCC	ACTGATC	ACTGCT	ACTGTC	ACTTGA	AGATCT	AGATCTG	AGCAGG	AGCAGTC	AGCAGTCA	AGCTCA	AGCTCAG	AGCTGAT	AGCTGG	AGGACAG	AGGCAG	AGGCAGA	AGGGCAAT	AGGTCA	ATCAGA	ATCTGC	ATGACG	ATGACGA	CAACAG	CAACTG	CAAGAG	CACGTC	CAGCTG	CAGGAG	CAGTTA	CCACAA	CCAGCC	CCAGGA	CCAGTA	CCTCAG	CCTGGA	CCTGTA	CCTGTAA	CCTTCA	CGCAAG	CTCAGA	CTCAGGA	CTCGAA	CTGAAC	CTGCAA	CTGCTA	CTGGAA	CTGGTA	CTGTGCA	CTTATC	GATGGA	GCAGCA	GCATGC	GCTACA	GCTGGA	GCTTAA	GCTTTA	GGTCCA	TAGTCA	TCGGCA
Mp1g00550	pos	0	0	1	1	0	0	0	0	0	1	0	0	0	0	0	0	0	0	0	0	0	0	1	0	0	1	1	1	1	0	1	1	0	0	0	1	0	0	1	1	1	0	0	0	1	0	1	1	0	0	1	1	1	0	1	1	0	0	1	0	0	0	0	1	0	0	1	0	1	0	0	1
Mp1g01810	pos	1	1	0	0	0	1	1	0	1	0	1	0	0	0	1	1	0	1	0	1	0	0	0	0	0	0	0	1	0	0	1	1	1	0	0	0	1	1	0	0	1	0	1	1	0	0	0	0	0	0	0	0	0	0	0	1	0	0	0	0	0	0	1	1	0	1	0	1	1	1	1	0
Mp1g02260	pos	0	0	0	1	1	0	0	1	1	1	1	1	0	1	0	0	1	1	0	1	0	0	0	0	1	1	0	1	1	0	1	1	1	1	1	1	1	0	1	0	1	0	0	0	0	0	0	1	1	1	1	1	1	1	0	1	1	1	0	0	0	1	0	1	0	0	0	0	1	0	0	0
Mp1g02880	pos	1	0	0	1	1	0	1	0	1	1	1	0	0	0	1	1	1	0	0	0	0	0	1	0	0	1	0	1	0	0	1	0	1	0	0	1	1	1	1	1	1	0	0	1	1	0	1	0	1	0	1	1	1	0	0	1	0	0	0	0	0	0	0	1	0	1	1	0	1	1	0	0
Mp1g03750	pos	1	0	1	1	1	0	0	0	1	1	1	1	1	0	1	1	1	1	1	0	1	0	1	0	0	1	1	1	0	0	1	0	1	0	0	1	1	1	1	1	1	1	1	1	1	0	0	1	1	0	0	1	1	0	1	1	1	0	1	0	0	0	1	1	1	0	1	0	0	1	0	0
Mp1g03760	pos	1	0	1	1	1	0	0	0	1	1	1	1	1	0	1	1	0	1	1	0	1	0	1	1	0	1	1	1	0	0	1	0	1	0	0	1	1	1	1	1	1	1	1	1	1	0	0	1	1	0	0	1	1	0	1	1	1	0	1	0	0	0	1	1	0	0	1	0	0	1	0	0
Mp1g04150	pos	0	0	1	0	0	1	1	0	0	1	0	1	1	0	0	1	0	1	1	1	0	0	0	0	0	0	0	1	1	0	0	1	1	0	0	0	1	1	0	0	0	0	0	1	0	0	1	0	0	0	1	1	0	0	1	1	1	0	0	0	1	1	1	1	1	1	1	0	1	0	0	0
Mp1g04750	pos	1	1	1	1	1	0	0	0	0	1	0	0	0	0	0	0	0	0	0	0	0	0	1	1	0	1	0	0	0	0	1	1	0	1	1	1	0	1	0	0	0	1	1	1	1	0	1	1	1	0	1	0	1	0	0	1	0	0	1	0	0	1	1	0	0	1	1	1	0	1	0	0
Mp1g06440	pos	0	0	1	0	0	1	0	0	1	1	1	0	0	0	1	0	0	1	1	1	0	0	1	0	0	0	0	0	0	0	0	1	1	1	0	1	0	1	0	0	1	1	1	0	0	1	0	1	0	0	1	1	1	1	1	1	1	0	1	0	0	0	1	1	0	1	1	0	0	0	0	1
Mp1g06980	pos	0	0	1	0	0	0	0	0	0	0	1	0	0	1	0	1	1	0	0	0	0	0	0	0	0	1	0	0	0	0	0	1	1	0	0	0	1	1	0	0	0	1	0	0	0	1	0	0	0	0	1	0	0	0	1	1	0	0	1	0	0	0	0	0	0	0	1	0	1	0	1	0
Mp1g07510	pos	1	0	0	1	1	1	0	0	0	0	1	0	0	1	1	1	1	0	0	1	0	0	0	0	1	1	0	1	0	0	1	1	0	0	0	0	1	1	0	1	1	0	1	1	0	1	0	0	0	0	1	1	0	0	1	0	0	1	1	0	0	1	1	1	1	0	1	1	1	1	0	0
Mp1g07620	pos	0	1	1	1	1	0	0	0	0	1	1	1	0	0	1	1	0	0	0	0	1	0	1	0	1	1	0	0	0	0	0	1	1	0	0	0	0	1	1	0	1	1	1	1	1	0	1	1	1	1	1	1	1	1	1	0	1	1	1	1	1	1	0	1	0	1	1	0	0	1	1	0
Mp1g07630	pos	1	0	1	0	0	0	1	0	1	1	0	0	0	0	0	1	0	0	0	0	0	0	0	0	0	0	0	0	0	0	0	1	0	0	0	1	0	0	0	1	0	1	1	1	0	0	0	1	1	1	1	0	1	0	1	1	1	0	0	1	0	0	1	1	0	0	0	0	0	1	0	1
Mp1g08130	pos	0	1	1	1	0	0	0	0	1	1	1	1	0	0	1	1	0	0	0	0	0	0	1	1	0	1	0	1	0	0	0	0	1	1	0	1	1	1	1	0	1	0	0	1	1	0	1	1	0	0	0	1	1	0	1	0	0	0	1	0	1	1	1	1	1	0	1	0	1	1	0	1
Mp1g08490	pos	0	0	1	0	0	0	0	1	0	1	0	1	0	0	0	1	0	0	0	0	0	0	1	1	0	1	0	1	0	0	0	1	1	1	1	0	0	1	1	1	1	0	0	1	0	0	0	0	0	0	1	0	1	0	1	1	1	1	0	0	1	0	1	1	1	1	0	0	0	0	0	1
Mp1g10940	pos	0	0	1	0	0	0	0	0	1	1	1	0	0	0	0	0	1	0	0	0	0	0	1	0	1	0	0	1	1	0	0	1	1	0	0	0	0	1	1	0	1	0	1	0	1	0	0	1	0	0	0	1	0	0	1	1	1	0	1	0	0	1	1	1	0	1	1	1	1	1	1	1
Mp1g11770	pos	0	0	1	1	0	0	0	0	0	1	1	0	0	0	0	0	0	0	0	1	0	0	1	1	0	0	0	1	1	0	1	0	0	0	0	1	1	1	0	1	1	0	0	1	0	0	0	1	0	0	0	1	1	1	1	0	0	0	1	0	0	1	0	1	0	0	1	0	0	1	0	1
Mp1g12420	pos	1	0	1	1	0	0	0	0	0	1	1	0	0	0	1	1	1	0	0	1	1	0	1	0	0	1	0	1	1	0	0	0	0	1	1	0	0	1	0	1	1	0	1	1	0	0	0	0	1	1	1	1	1	1	1	0	1	1	0	1	1	0	0	1	0	0	0	0	0	0	0	1
Mp1g13110	pos	1	0	0	1	0	0	0	0	1	0	0	1	0	0	0	0	1	0	0	1	0	0	0	0	0	0	1	1	1	0	0	0	1	0	0	0	1	1	0	0	0	0	1	1	0	0	0	1	0	0	1	1	0	0	1	1	1	0	1	1	1	1	1	1	0	0	0	0	0	1	1	0
Mp1g17610	pos	0	0	0	1	0	0	1	1	0	0	0	0	0	0	0	0	1	0	0	0	0	0	0	0	0	0	0	1	1	0	1	0	1	0	0	0	0	1	0	0	1	0	1	0	0	0	1	0	0	0	0	1	1	0	1	0	0	0	0	0	0	0	1	0	1	1	0	1	0	0	0	0
Mp1g17670	pos	1	1	0	0	0	0	1	0	0	0	1	0	0	0	1	0	1	1	1	1	1	0	0	0	0	1	0	1	0	0	1	1	1	0	0	0	0	1	1	0	0	1	1	1	0	1	1	1	0	0	1	0	0	0	1	0	1	0	1	1	0	0	1	1	0	0	1	1	1	1	0	1
Mp1g17840	pos	0	0	1	1	0	1	0	0	0	1	1	0	0	0	1	1	1	0	0	0	1	0	1	0	0	1	1	0	0	0	0	1	0	1	0	0	0	1	1	1	1	0	1	1	1	1	1	1	1	0	0	0	1	0	0	1	1	1	1	1	0	0	0	1	1	0	1	0	1	0	0	1
Mp1g17910	pos	0	0	1	1	0	0	0	0	0	1	0	0	0	0	1	1	1	0	0	0	0	0	1	0	0	1	0	0	0	0	1	1	1	1	0	1	1	1	1	1	1	1	1	1	1	0	0	1	0	0	1	0	1	0	1	1	0	0	1	0	1	0	1	1	0	1	1	1	0	1	0	1
Mp1g20010	pos	0	0	0	0	1	0	0	1	1	0	0	0	0	0	1	0	1	1	1	0	0	0	1	0	0	0	0	1	0	0	1	1	1	0	0	0	1	1	0	0	1	0	1	0	1	0	0	0	0	0	1	0	0	1	1	1	1	0	1	0	0	1	0	1	1	1	1	1	1	1	0	1
Mp1g20830	pos	1	0	1	0	0	0	0	0	1	1	1	1	1	0	1	0	0	1	1	0	1	1	1	1	0	1	0	1	0	0	0	1	1	1	1	1	1	1	1	1	1	0	0	1	0	1	0	0	0	0	0	1	0	1	1	1	1	0	1	0	1	1	1	1	0	1	1	0	0	1	0	1
Mp1g21980	pos	0	0	0	1	0	0	1	0	1	1	0	1	1	0	1	1	0	0	0	1	0	0	1	1	0	1	1	0	0	0	1	0	0	1	0	0	0	0	1	1	1	0	1	1	1	0	1	1	0	0	1	1	1	0	0	1	0	1	0	1	0	1	0	1	0	1	1	1	0	1	0	1
Mp1g23430	pos	0	1	1	0	0	0	1	0	1	1	0	1	0	0	0	0	1	0	0	1	0	0	0	0	0	0	0	0	0	0	1	0	0	0	0	1	0	0	0	0	0	1	1	1	0	1	0	0	0	0	1	0	1	0	1	1	1	1	1	0	0	0	1	0	0	1	1	1	1	1	1	1
Mp1g24830	pos	0	0	0	0	0	0	0	0	0	0	1	0	0	0	0	0	0	1	1	1	0	0	1	0	0	1	0	1	0	0	0	0	0	1	1	1	1	0	0	0	1	1	1	1	1	0	1	1	0	0	1	0	1	0	0	0	0	0	1	0	1	0	1	1	1	1	1	1	0	1	0	1
Mp1g25130	pos	1	0	0	0	0	0	0	0	1	1	1	0	0	0	1	0	1	0	0	1	0	0	1	1	1	0	0	0	0	0	0	1	0	1	0	1	0	1	0	1	0	0	0	0	1	1	1	1	1	0	1	0	1	1	1	1	1	0	1	1	0	1	1	1	0	1	1	0	1	0	1	1
Mp1g25980	pos	0	0	1	0	0	0	0	0	0	1	1	1	1	0	1	0	0	0	0	0	1	0	0	0	0	0	0	1	1	0	0	1	1	1	0	0	1	1	0	0	1	0	0	0	0	0	1	0	0	0	0	0	1	0	0	1	0	0	1	1	1	0	1	1	0	0	1	1	0	1	0	0
Mp1g26230	pos	1	0	0	1	0	0	0	1	0	1	0	1	0	0	1	0	1	0	0	1	0	0	1	1	0	1	1	1	1	0	1	1	1	1	0	0	0	0	1	0	1	0	0	1	1	1	1	1	1	0	0	0	1	1	1	1	1	1	1	0	0	0	1	1	0	1	1	0	0	1	0	0
Mp1g26920	pos	0	1	0	1	0	1	0	0	0	0	0	0	0	0	1	1	1	1	1	1	0	0	1	0	0	0	0	1	1	0	1	1	0	0	0	0	0	1	0	0	1	1	0	1	0	0	0	0	1	0	0	1	0	0	0	0	0	1	1	0	0	0	1	1	0	1	0	0	0	0	1	0
Mp1g27920	pos	1	1	1	1	0	0	1	0	0	1	0	0	0	1	0	1	0	1	0	1	0	0	0	0	0	1	1	0	0	0	1	0	1	1	1	1	1	1	1	0	1	0	1	1	0	0	1	0	1	1	1	0	1	0	1	0	1	1	1	0	0	1	1	1	0	0	1	0	1	1	1	1
Mp1g28180	pos	0	0	0	1	1	0	0	1	0	0	0	1	0	0	1	1	1	1	1	0	1	0	1	0	1	0	0	1	0	0	1	1	1	1	0	1	1	1	1	0	0	1	0	0	0	0	1	1	0	0	0	1	0	1	0	1	0	1	0	0	0	0	1	0	1	0	0	0	0	0	1	1
Mp1g28780	pos	1	0	1	1	0	0	0	0	0	1	0	0	0	0	1	0	1	1	1	1	1	0	0	0	1	0	0	1	0	0	1	1	1	1	0	1	0	1	0	1	1	1	1	0	1	0	1	0	0	0	1	1	0	0	0	0	1	0	1	0	1	1	0	1	0	1	1	1	1	0	0	0
Mp1g29350	pos	1	0	1	1	0	1	0	1	1	1	0	0	0	0	1	0	1	0	0	1	1	0	0	0	1	0	0	1	0	0	1	1	1	0	0	0	1	1	0	1	1	0	1	0	1	0	1	1	0	0	1	0	1	0	0	1	1	1	1	0	0	0	1	1	1	1	1	0	0	0	0	0
Mp2g01420	pos	0	0	0	0	0	1	0	0	1	1	1	0	0	0	1	1	0	0	0	1	1	0	1	1	0	1	0	0	0	0	1	0	0	0	0	1	1	0	0	1	0	0	1	1	1	1	0	1	0	0	0	0	1	0	1	0	1	1	1	1	0	0	1	1	0	1	1	0	0	1	0	1
Mp2g01710	pos	1	0	0	1	0	1	1	0	1	0	1	0	0	0	1	1	1	1	1	1	0	0	1	0	0	1	0	1	1	0	0	1	1	1	0	1	1	1	0	0	0	1	0	1	0	1	0	0	1	1	1	0	1	0	1	0	1	1	0	0	0	0	1	1	1	0	0	1	1	0	0	0
Mp2g02090	pos	1	0	1	0	0	0	0	1	0	1	0	0	0	0	1	0	1	1	0	0	0	0	1	0	1	0	0	0	0	0	0	1	1	1	1	1	1	1	0	1	0	0	1	0	1	0	0	0	1	0	1	0	0	0	0	1	1	0	0	1	0	1	1	0	0	1	1	0	1	0	0	0
Mp2g02520	pos	1	0	1	0	0	0	0	0	1	1	1	1	0	0	1	1	0	0	0	1	0	0	0	0	0	0	0	1	0	0	1	0	1	1	1	1	1	0	1	1	1	0	0	1	1	1	0	1	0	0	1	0	0	0	1	1	1	1	1	0	0	0	0	1	0	1	1	0	1	0	1	1
Mp2g04920	pos	1	0	1	1	0	1	1	0	1	1	0	1	0	0	0	1	0	1	1	0	0	0	0	0	1	1	0	1	1	0	1	1	1	0	0	1	0	1	0	1	1	1	1	1	0	0	1	1	1	1	1	0	0	0	0	0	1	1	0	1	0	1	1	1	1	0	1	1	1	0	1	0
Mp2g05910	pos	1	0	0	0	0	0	1	0	1	0	0	1	1	0	1	0	0	1	1	0	1	0	1	1	0	0	0	1	1	0	1	1	1	1	1	0	1	0	0	0	1	1	0	1	1	0	1	1	0	0	1	0	0	1	1	1	1	0	1	0	0	1	1	1	0	0	1	0	0	1	0	1
Mp2g06780	pos	1	0	1	1	0	1	0	0	0	0	1	0	0	0	1	1	1	1	1	1	0	0	0	0	0	0	0	0	0	0	1	1	1	1	0	1	0	1	0	0	1	0	0	0	1	0	0	1	0	0	0	0	0	0	0	1	1	1	1	0	0	1	1	1	0	0	1	0	1	0	0	1
Mp2g07500	pos	0	1	0	1	0	0	1	0	1	0	1	1	0	1	1	1	1	1	1	1	0	0	0	0	0	1	1	1	1	0	1	1	1	0	0	0	1	1	1	0	1	0	1	1	1	0	0	1	0	0	1	0	1	1	0	1	1	1	0	1	0	1	0	1	1	0	0	1	0	0	0	0
Mp2g07510	pos	0	0	1	1	0	0	0	0	1	0	1	1	0	1	0	0	1	1	1	1	0	0	1	0	0	1	1	1	1	0	1	1	1	1	1	0	1	0	1	0	1	0	1	0	1	1	0	0	0	0	1	0	0	0	1	1	0	1	0	1	0	0	0	0	1	0	0	1	0	0	1	1
Mp2g08290	pos	1	0	0	1	0	0	0	1	1	1	1	0	0	0	1	1	1	1	0	0	1	1	0	0	0	1	0	1	0	1	1	1	1	0	0	1	0	0	0	1	1	0	1	1	1	0	1	1	1	0	1	0	1	0	1	0	1	1	1	0	0	0	0	1	0	0	1	1	0	0	1	0
Mp2g09200	pos	0	0	0	1	0	0	0	0	0	0	1	0	0	0	1	0	1	0	0	0	1	1	0	0	0	0	0	1	0	0	1	0	0	1	0	1	1	1	1	0	0	0	1	1	0	0	1	1	0	0	0	0	1	0	0	1	0	0	1	1	0	1	1	0	0	1	1	0	1	1	0	0
Mp2g09560	pos	1	0	1	0	0	0	1	0	0	1	0	0	0	0	1	0	1	1	1	1	0	0	1	1	0	0	0	1	0	0	0	0	0	1	1	0	0	1	0	0	1	0	1	0	0	0	0	0	0	0	1	1	1	0	1	0	1	0	0	0	0	0	1	1	0	0	0	0	1	0	1	1
Mp2g09820	pos	0	0	0	1	0	0	1	0	1	0	0	1	0	0	0	0	0	1	1	1	0	0	1	0	0	1	0	1	0	0	1	1	0	1	1	1	1	1	1	1	1	0	0	1	1	0	1	1	0	0	0	1	0	0	1	0	1	0	0	0	0	0	1	1	1	0	1	0	0	0	0	1
Mp2g10090	pos	0	0	0	0	0	1	1	0	1	1	0	0	0	0	1	0	0	0	0	1	1	1	0	0	0	1	0	0	0	0	1	0	0	1	0	1	0	0	0	1	1	0	0	1	0	0	0	0	0	0	0	0	0	0	1	0	1	1	0	0	0	1	1	1	0	0	1	0	0	1	0	1
Mp2g11960	pos	1	0	0	1	1	0	0	0	1	0	1	1	1	0	0	0	1	0	0	1	0	0	1	0	1	1	0	0	0	0	1	1	0	1	0	0	1	0	1	1	0	1	0	1	1	0	1	0	0	0	0	0	1	0	1	0	0	0	1	1	0	1	1	1	0	0	1	1	1	0	0	0
Mp2g12220	pos	1	0	0	1	1	0	0	0	0	0	0	1	0	0	1	1	1	0	0	1	0	0	1	1	0	1	0	0	0	0	1	0	0	0	0	0	1	1	1	0	0	1	1	1	1	1	1	1	0	0	1	0	1	1	1	0	0	0	0	1	0	1	1	1	0	1	1	1	1	0	0	1
Mp2g12940	pos	1	0	1	0	0	0	0	1	0	1	1	0	0	0	1	1	0	1	0	0	0	0	1	0	0	0	0	1	0	0	0	0	1	0	0	1	1	0	0	0	1	1	0	0	1	0	0	1	1	0	1	1	1	0	1	1	1	0	0	1	0	1	1	1	0	0	0	1	0	0	1	1
Mp2g13870	pos	0	0	1	1	0	1	0	1	1	1	0	1	0	0	0	1	1	1	1	0	0	0	1	1	0	0	0	1	0	0	0	1	1	0	0	0	1	1	0	1	1	0	1	0	0	0	0	1	0	0	1	1	1	1	0	1	0	0	1	0	1	0	0	0	1	0	0	1	1	0	1	0
Mp2g15690	pos	1	0	0	1	1	0	0	0	0	1	1	0	0	0	0	1	1	0	0	0	0	0	1	1	0	0	0	1	1	0	1	1	1	1	0	0	1	1	1	0	1	0	0	0	0	0	1	0	0	0	1	0	1	0	1	1	1	0	0	0	0	0	1	1	1	1	1	0	1	0	0	0
Mp2g15700	pos	1	0	0	1	0	1	0	0	1	1	0	1	1	0	1	1	1	0	0	0	0	0	1	1	0	1	0	1	0	0	0	1	0	0	0	1	1	1	1	1	1	0	0	1	1	1	1	0	1	0	1	0	1	1	1	1	1	1	1	0	0	1	1	1	1	1	1	1	1	0	0	0
Mp2g16130	pos	0	0	1	0	0	0	1	0	1	0	0	0	0	1	1	0	0	1	0	1	0	0	1	1	0	0	0	1	1	0	1	0	0	0	0	0	1	1	0	1	0	1	0	0	0	0	0	0	0	0	0	0	0	0	0	0	0	1	0	0	0	0	1	1	0	0	0	0	1	0	1	1
Mp2g17500	pos	0	1	1	0	0	0	0	0	0	1	1	1	0	0	1	0	1	0	0	0	1	1	1	1	1	1	0	1	1	0	0	1	1	1	1	0	0	1	0	1	0	0	1	1	1	1	1	1	0	0	1	1	1	0	0	1	1	1	0	1	0	0	1	1	0	0	1	1	1	1	0	1
Mp2g18080	pos	1	0	1	0	0	0	0	1	1	0	1	1	0	0	1	0	0	1	0	1	0	0	1	0	0	1	0	1	1	0	1	0	1	1	1	1	1	1	0	0	0	0	1	1	0	1	1	1	0	0	1	0	1	0	1	0	0	1	0	0	0	0	0	1	0	1	0	0	1	0	0	1
Mp2g18760	pos	1	1	1	1	0	0	0	0	0	0	0	1	0	0	0	0	1	0	0	0	0	0	1	0	1	1	1	0	0	0	0	0	1	1	0	1	1	1	0	0	1	0	1	0	0	0	0	1	1	1	1	0	1	1	1	1	1	1	1	1	0	1	1	1	0	1	1	1	0	1	1	1
Mp2g20470	pos	0	0	0	1	0	0	1	0	0	1	0	1	1	0	1	0	1	0	0	0	0	0	1	1	0	0	0	1	0	0	1	1	0	0	0	1	0	1	1	0	1	1	0	0	1	0	1	1	1	0	1	0	1	0	0	1	1	0	1	0	0	1	0	1	0	1	0	0	1	0	0	0
Mp2g21710	pos	0	0	1	1	0	0	0	0	0	1	0	0	0	0	0	0	0	0	0	1	0	0	0	0	0	0	0	0	0	0	1	0	1	0	0	0	1	0	0	1	1	0	0	0	0	1	1	1	0	0	1	1	1	0	1	1	1	1	1	1	0	1	1	1	1	1	1	0	0	0	0	1
Mp2g22350	pos	1	0	0	1	0	0	0	0	1	0	1	0	0	0	0	0	1	0	0	1	0	0	1	0	0	0	0	0	0	0	0	1	0	1	1	1	0	1	1	1	1	0	0	1	0	0	1	0	1	0	1	1	0	0	1	1	0	0	1	0	0	0	1	1	0	1	1	0	1	1	0	1
Mp2g24070	pos	1	0	0	0	0	0	0	0	1	1	1	1	0	0	0	0	1	0	0	1	0	0	0	0	0	0	1	0	0	0	0	0	0	1	0	0	1	0	1	0	0	1	1	1	1	0	0	1	0	0	0	1	0	0	1	1	1	1	0	0	0	0	1	1	0	1	0	0	0	1	1	1
Mp2g24490	pos	0	0	1	0	0	1	0	0	1	0	1	0	0	0	1	0	0	0	0	0	0	0	1	0	0	0	0	0	0	0	1	0	0	0	0	1	0	1	1	0	0	1	1	0	0	0	1	0	0	0	0	0	1	1	1	1	1	0	1	0	1	1	1	0	0	0	1	0	1	1	0	0
Mp2g25180	pos	1	0	1	1	1	0	1	0	1	1	1	0	0	0	1	1	0	1	1	1	1	0	1	0	1	0	0	1	1	0	0	1	1	0	0	1	1	1	1	0	1	1	1	0	1	0	0	0	1	1	1	0	1	0	1	1	1	1	0	0	0	0	1	1	1	1	1	1	0	1	0	0
Mp3g01320	pos	0	0	0	0	0	0	0	0	0	1	0	0	0	0	1	1	1	1	1	1	0	0	1	1	1	1	1	0	0	0	1	1	1	1	0	0	1	0	0	0	1	1	1	0	1	0	0	0	0	0	1	1	0	1	1	1	1	1	1	0	0	1	1	1	0	0	0	0	1	0	1	0
Mp3g01920	pos	1	0	0	0	0	1	0	0	1	1	1	1	1	0	1	1	0	0	0	1	1	1	0	0	1	0	0	0	0	0	0	1	0	1	1	0	0	1	1	1	1	0	1	1	1	1	0	1	0	0	1	0	1	0	1	1	1	0	0	1	0	0	1	1	0	0	1	0	1	1	1	0
Mp3g01940	pos	1	1	0	0	0	0	0	0	0	0	0	1	1	0	1	1	0	0	0	1	1	1	0	0	1	1	0	0	0	0	1	1	0	1	1	0	1	1	1	1	0	0	1	1	1	1	1	1	0	0	1	1	1	0	1	0	1	0	1	1	0	1	1	1	1	1	0	0	1	0	1	0
Mp3g03350	pos	1	0	0	0	0	0	1	0	1	1	0	0	0	1	0	0	0	1	1	0	0	0	0	0	0	0	0	0	0	0	0	0	0	1	1	1	0	1	1	0	0	1	0	0	0	0	0	0	0	0	1	0	1	0	0	1	1	0	0	0	0	1	0	1	1	1	0	1	0	0	1	0
Mp3g03530	pos	1	0	0	1	0	1	0	0	1	1	0	0	0	1	1	1	1	0	0	0	0	0	0	0	0	1	1	0	0	0	1	0	1	1	0	1	0	1	1	0	0	1	1	0	0	0	1	0	1	1	1	0	1	0	1	0	1	1	1	0	1	1	1	1	0	1	1	0	0	0	1	1
Mp3g06140	pos	1	0	0	0	0	0	1	0	0	0	1	0	0	0	1	0	1	1	1	0	0	0	1	0	0	1	0	1	0	0	0	0	1	1	1	1	1	1	0	0	0	0	0	0	0	1	0	1	0	0	0	0	0	0	1	1	1	0	1	1	0	1	1	0	1	1	0	1	0	0	0	0
Mp3g06560	pos	0	0	0	1	0	0	0	0	0	0	0	1	0	1	1	1	1	0	0	1	0	0	0	0	0	1	0	1	1	0	1	1	1	1	1	1	1	1	0	1	1	1	1	1	0	1	0	1	1	0	1	0	1	1	1	1	1	1	1	0	0	1	1	1	0	1	1	1	0	1	0	0
Mp3g06570	pos	1	0	1	1	0	0	0	0	1	1	0	1	0	1	1	0	1	1	0	1	0	0	1	1	0	1	0	1	1	0	1	1	0	0	0	1	1	1	1	1	1	1	1	1	0	0	1	0	0	0	1	1	1	0	1	1	1	1	0	1	0	1	1	0	0	1	0	1	1	1	0	1
Mp3g06650	pos	0	0	0	1	0	0	0	0	0	1	0	1	0	0	0	1	1	0	0	1	0	0	1	0	0	1	0	0	0	0	1	0	0	1	1	1	1	1	1	0	1	0	0	0	0	1	1	1	0	0	1	0	0	0	1	0	1	0	1	0	1	1	0	1	0	1	1	0	0	1	1	1
Mp3g06970	pos	0	0	0	1	1	0	0	0	0	0	0	0	0	0	0	1	0	1	1	1	0	0	1	0	1	0	1	1	1	0	0	0	1	1	1	1	1	0	1	0	1	0	0	0	0	1	0	1	0	0	1	1	0	0	1	1	1	0	1	0	0	0	1	1	0	1	1	0	1	0	1	0
Mp3g07690	pos	1	0	1	0	0	0	0	0	0	1	0	0	0	1	1	0	1	0	0	1	1	1	1	0	0	1	0	1	1	0	1	1	1	1	0	1	0	1	1	1	1	0	1	0	1	0	0	1	0	0	1	1	1	0	1	1	1	0	1	0	1	1	0	0	0	1	1	0	1	1	1	0
Mp3g10210	pos	1	0	0	1	1	1	0	1	1	1	0	0	0	1	1	1	1	1	1	0	1	1	1	0	1	1	0	1	0	0	1	0	1	0	0	0	0	0	0	0	1	1	1	1	0	0	1	0	0	0	1	0	1	1	0	1	1	1	1	1	0	0	0	1	0	0	1	0	1	0	1	1
Mp3g10220	pos	1	0	0	1	0	0	0	0	1	1	1	1	0	0	1	1	1	0	0	0	1	1	1	1	1	0	1	1	0	0	1	1	1	0	0	1	1	0	1	1	1	0	1	1	1	0	1	1	0	0	1	0	0	1	1	0	0	1	1	0	0	1	0	1	0	1	1	0	1	0	1	0
Mp3g10780	pos	1	0	0	0	0	0	0	1	0	1	1	0	0	0	0	1	1	1	1	1	0	0	0	0	0	1	0	1	1	0	0	1	1	1	1	1	1	1	1	1	0	0	1	1	0	1	1	0	0	0	0	0	0	1	1	1	0	0	1	1	0	1	1	0	1	1	1	1	0	0	1	0
Mp3g11280	pos	0	0	1	1	0	0	1	0	0	1	1	1	1	0	1	0	0	0	0	1	1	0	0	0	1	0	0	0	0	0	1	1	1	0	0	1	0	1	0	1	1	0	0	1	1	0	0	0	1	0	1	1	0	0	1	1	1	1	1	1	0	1	1	1	0	0	1	1	1	0	1	1
Mp3g11900	pos	0	0	1	1	0	0	1	0	0	1	1	1	0	0	1	1	0	0	0	1	1	0	0	0	0	1	0	1	0	0	0	0	1	0	0	1	1	1	0	0	1	1	0	1	0	0	1	0	1	0	1	1	0	0	0	0	0	0	0	0	1	1	1	1	0	0	1	0	1	0	0	1
Mp3g12570	pos	0	0	0	1	0	0	0	1	1	1	0	1	0	0	1	0	0	0	0	1	1	0	1	1	0	1	0	1	1	0	0	1	1	1	0	1	1	1	1	1	1	0	0	0	0	0	0	1	0	0	1	1	1	1	1	1	1	0	0	0	1	0	0	1	0	0	0	0	0	0	1	1
Mp3g12790	pos	0	1	0	0	0	0	0	0	0	0	1	0	0	1	1	0	0	0	0	1	0	0	0	0	0	0	0	1	0	0	0	0	1	1	0	1	0	0	0	0	1	1	1	0	0	1	0	1	0	0	1	0	0	0	1	1	1	1	1	0	0	0	1	1	0	0	1	0	1	0	0	1
Mp3g14660	pos	0	0	0	0	0	0	0	0	0	0	1	0	0	0	1	1	0	1	1	1	0	0	1	0	0	1	0	1	1	1	0	1	1	1	1	0	0	0	0	1	1	0	1	1	1	0	0	1	0	0	0	0	0	0	0	1	1	1	1	0	0	0	1	1	0	1	0	0	0	1	0	0
Mp3g14780	pos	0	0	0	1	0	0	0	0	0	0	0	1	0	0	1	0	1	0	0	0	0	0	0	0	0	1	0	1	0	0	1	0	0	1	1	1	0	1	1	0	1	1	1	0	0	1	0	0	1	0	0	0	0	1	0	1	1	0	1	0	0	0	1	0	0	0	1	0	0	1	0	1
Mp3g14900	pos	0	0	1	1	1	0	1	1	1	1	0	0	0	0	1	1	1	1	1	1	1	0	1	0	0	1	0	1	0	0	1	1	1	0	0	0	0	0	0	0	1	1	0	1	1	0	1	1	1	1	1	1	1	0	1	1	1	0	1	0	0	0	1	1	0	0	0	0	1	0	1	1
Mp3g15290	pos	1	0	1	1	0	0	0	0	1	1	0	0	0	0	1	1	1	1	1	0	0	0	1	0	0	1	1	0	0	0	0	1	1	1	0	1	1	0	1	0	1	1	1	1	1	1	1	1	0	0	1	0	1	1	1	0	1	0	1	1	0	0	1	0	0	0	1	1	0	1	0	0
Mp3g16340	pos	1	0	0	1	0	0	1	1	0	1	0	0	0	0	1	0	1	1	1	1	0	0	0	0	1	1	0	0	0	0	1	0	1	0	0	1	0	1	1	0	1	0	1	1	0	0	1	0	1	0	1	1	1	1	1	1	1	1	0	0	0	1	1	0	0	0	1	0	0	1	0	1
Mp3g16430	pos	1	1	0	1	0	0	1	0	0	0	0	0	0	0	0	0	1	1	0	1	0	0	1	0	0	0	1	0	0	0	1	1	1	1	1	1	1	1	0	1	1	0	0	0	1	1	1	0	1	1	1	0	0	1	1	1	1	0	0	1	0	0	1	0	0	1	1	0	0	1	0	0
Mp3g16520	pos	0	0	0	0	0	0	0	1	0	0	0	0	0	0	0	1	0	0	0	1	0	0	1	1	0	0	0	0	0	0	1	1	1	0	0	0	1	1	1	0	0	1	1	0	0	0	1	0	0	0	0	0	1	1	1	1	1	1	0	0	0	1	1	1	1	1	0	0	1	0	0	0
Mp3g16770	pos	0	0	1	0	0	1	0	0	1	0	1	1	0	0	1	0	0	0	0	1	0	0	1	0	1	1	0	1	1	0	0	1	1	1	1	0	1	1	1	1	0	0	0	1	1	0	1	0	1	0	0	1	0	0	1	0	1	1	1	1	0	0	0	1	1	1	1	0	1	0	1	0
Mp3g18050	pos	0	1	0	1	1	1	0	1	0	1	0	1	0	0	1	1	1	1	1	1	0	0	1	1	0	1	0	1	1	0	1	1	0	1	1	1	1	0	1	1	0	0	1	1	1	1	1	1	1	0	1	0	1	1	0	0	1	0	1	1	0	0	1	1	1	0	1	0	1	1	0	0
Mp3g19350	pos	0	0	1	1	1	0	0	1	0	1	1	1	1	1	0	1	1	1	1	1	0	0	1	1	0	0	0	0	0	0	0	1	1	0	0	1	0	0	0	0	1	0	0	0	1	1	0	1	0	0	0	0	1	0	1	0	0	1	1	0	1	1	1	1	1	0	0	0	0	1	0	0
Mp3g19390	pos	1	0	1	1	0	0	0	0	0	1	0	0	0	0	1	0	1	1	1	1	1	1	1	1	0	0	1	0	0	1	1	1	1	0	0	1	0	1	1	0	1	0	1	1	1	1	1	1	0	0	0	1	1	1	1	0	1	0	1	0	0	1	1	1	1	0	1	1	0	0	0	1
Mp3g19610	pos	0	0	0	1	0	0	0	0	0	0	0	0	0	0	1	1	1	0	0	1	1	1	1	1	1	1	1	0	0	0	1	1	0	1	0	1	1	1	1	1	1	0	0	1	0	0	0	0	0	0	1	1	1	0	0	1	0	1	0	0	1	0	1	1	1	1	1	1	0	0	0	0
Mp3g20750	pos	0	0	1	1	0	0	0	1	0	1	1	0	0	0	0	1	0	0	0	1	0	0	0	0	0	1	0	0	0	0	1	1	1	1	0	1	0	1	1	1	1	0	0	1	1	0	0	0	0	0	1	1	1	0	0	1	1	0	1	1	0	1	1	0	1	1	1	0	1	1	0	0
Mp3g22220	pos	0	0	1	0	0	0	0	0	1	1	1	1	0	0	1	1	1	0	0	1	0	0	1	1	0	0	0	0	0	0	1	1	0	1	1	1	1	1	1	1	1	0	1	1	1	0	1	1	0	0	1	0	1	1	1	0	1	1	1	0	0	1	1	1	1	0	1	0	1	0	0	0
Mp3g22240	pos	1	1	0	1	0	0	0	1	0	1	0	0	0	0	1	0	1	1	0	1	1	0	1	0	1	1	1	0	0	0	0	1	1	0	0	1	0	1	0	1	1	1	1	0	0	0	0	0	1	0	1	1	0	0	0	1	1	0	1	1	0	1	1	1	0	1	1	1	0	0	0	1
Mp3g25440	pos	0	0	0	1	1	0	0	0	0	0	0	0	0	0	1	1	1	1	0	1	0	0	1	1	0	1	1	0	0	0	0	1	0	1	1	0	0	1	0	0	0	0	1	0	0	1	1	0	1	0	1	1	1	0	0	1	1	0	0	1	0	0	1	1	1	0	1	0	1	0	1	1
Mp3g25450	pos	1	0	1	1	0	1	0	0	0	0	1	0	0	0	0	1	1	1	0	1	0	0	0	0	1	1	0	1	0	0	1	1	1	1	1	1	1	1	0	1	1	1	1	0	1	1	0	1	1	1	0	0	0	0	1	1	1	0	0	1	0	1	1	1	1	0	0	0	0	0	1	1
Mp4g00380	pos	1	0	1	1	0	0	0	0	0	1	1	0	0	1	1	0	1	0	0	1	1	1	1	0	0	1	1	1	0	0	0	1	0	1	0	1	0	1	0	1	1	0	1	1	1	0	0	1	1	0	1	0	0	0	0	0	1	1	0	0	0	0	1	1	1	0	1	0	0	0	0	1
Mp4g00520	pos	0	0	1	0	1	1	0	0	0	1	0	0	0	1	1	0	0	0	0	1	0	0	1	1	0	1	0	1	0	0	1	1	1	0	0	1	1	1	0	1	0	0	1	0	1	1	0	1	1	0	1	0	1	0	0	1	1	1	1	0	0	0	0	1	1	1	1	0	1	1	1	0
Mp4g02090	pos	1	0	1	0	1	1	0	0	0	1	0	1	1	1	1	0	1	0	0	1	1	1	1	1	0	0	0	0	0	0	1	1	1	0	0	1	1	0	0	0	1	0	1	0	1	0	1	1	1	0	1	1	1	0	1	1	1	1	0	0	0	0	1	1	0	1	0	1	1	1	0	1
Mp4g03120	pos	1	0	0	1	0	0	1	0	1	1	1	0	0	1	0	0	1	1	1	1	0	0	1	0	0	1	0	1	0	0	0	1	0	1	1	1	1	1	1	1	0	0	1	0	1	0	0	1	0	0	1	0	0	0	0	0	0	0	0	0	0	1	0	1	0	1	0	0	0	0	1	1
Mp4g04230	pos	0	0	1	0	1	0	1	0	0	1	0	1	0	1	0	0	1	0	0	1	0	0	0	0	0	1	0	1	1	0	0	1	1	0	0	1	0	1	0	1	1	0	0	1	0	0	0	0	1	1	0	0	1	1	1	0	1	1	1	0	0	0	0	1	0	0	0	0	0	0	0	0
Mp4g05170	pos	1	1	1	1	0	0	0	0	0	1	0	0	0	1	1	1	1	1	1	0	0	0	1	1	0	1	1	1	0	0	0	1	0	0	0	0	1	1	0	0	1	1	1	1	1	0	1	0	1	0	1	1	1	0	0	1	0	1	0	0	0	1	0	1	1	1	1	0	1	1	1	1
Mp4g05440	pos	1	0	1	1	1	0	1	1	0	0	1	0	0	0	1	1	1	1	1	1	0	0	1	1	1	0	0	0	0	0	1	1	1	1	1	0	0	0	1	0	1	0	0	1	1	0	1	1	1	1	0	1	1	0	1	1	1	1	1	1	0	1	1	1	0	1	1	0	1	1	1	1
Mp4g05450	pos	1	0	1	0	1	1	1	0	0	1	1	0	0	1	0	1	1	0	0	1	0	0	1	1	1	0	0	1	0	0	0	1	1	0	0	1	1	0	1	1	1	0	0	1	1	0	1	1	1	0	1	0	1	0	1	1	1	1	0	0	1	1	0	1	1	0	1	1	0	1	1	0
Mp4g06000	pos	1	0	0	0	0	0	0	0	0	1	1	0	0	0	0	0	1	0	0	1	0	0	0	0	0	1	1	0	0	0	1	1	1	1	1	1	0	1	0	0	1	1	0	1	1	0	1	0	0	0	1	0	1	1	1	0	1	0	1	0	0	1	1	1	1	1	1	0	0	0	1	0
Mp4g06290	pos	0	0	1	1	1	0	0	0	1	1	0	1	0	1	0	1	0	1	1	1	0	0	1	1	0	1	0	1	1	0	1	1	1	1	1	1	0	0	1	1	1	0	1	1	0	0	1	0	1	0	1	0	1	0	1	1	1	0	1	0	0	0	1	1	1	0	0	0	1	1	0	1
Mp4g07950	pos	1	1	1	1	1	0	0	0	0	0	0	0	0	0	1	0	0	0	0	0	1	0	1	1	1	0	1	0	0	0	0	1	0	0	0	1	0	0	1	1	1	0	0	0	1	0	1	0	1	1	1	0	1	0	1	0	1	1	0	1	0	1	1	0	1	1	1	1	0	1	1	0
Mp4g08670	pos	1	0	1	1	0	0	0	1	0	1	1	1	0	0	1	0	1	1	1	1	1	0	0	0	0	1	0	1	0	0	1	1	1	1	0	0	1	0	1	1	1	1	1	0	1	0	1	1	1	0	1	1	0	0	1	1	1	1	1	1	0	0	1	1	1	0	1	0	1	0	1	1
Mp4g08770	pos	1	0	1	1	0	0	1	0	1	0	1	1	0	1	0	1	0	0	0	1	0	0	1	1	0	1	1	1	0	0	0	1	1	1	1	1	1	0	1	1	1	0	1	1	1	0	1	1	1	0	1	0	1	0	1	1	1	0	1	0	0	0	1	1	0	0	1	0	0	1	0	0
Mp4g09230	pos	0	0	0	1	1	1	1	0	1	1	1	1	0	0	0	1	0	1	1	1	0	0	1	0	0	0	1	1	0	0	1	0	1	1	0	1	1	1	1	0	1	0	1	0	0	1	1	1	1	0	1	1	0	1	1	0	1	1	0	0	0	1	1	1	1	1	0	0	0	0	1	1
Mp4g09410	pos	1	0	1	0	0	0	1	1	1	1	1	1	0	0	1	1	1	1	1	1	1	0	1	1	0	1	1	1	1	0	0	1	1	1	1	1	1	1	1	1	1	1	1	1	1	0	1	1	1	0	1	1	1	1	1	1	1	1	1	0	0	0	0	1	1	0	1	0	0	0	1	1
Mp4g10510	pos	0	0	1	1	0	0	0	0	1	1	0	1	1	0	1	0	1	0	0	1	0	0	0	0	0	0	1	0	0	0	0	0	0	0	0	0	1	1	0	0	0	1	1	1	0	1	0	1	0	0	1	1	1	0	0	1	1	0	0	0	0	0	1	1	1	0	1	0	1	1	1	1
Mp4g11600	pos	0	0	1	0	0	0	0	0	0	1	0	0	0	0	0	1	0	0	0	0	0	0	1	0	0	0	0	1	1	0	0	1	1	1	1	1	0	1	0	0	0	0	1	0	0	0	1	0	0	0	1	1	1	0	0	1	0	0	0	0	0	0	1	1	0	0	1	0	0	1	0	0
Mp4g12800	pos	0	0	1	1	1	0	0	0	0	1	1	1	0	0	0	1	1	0	0	1	0	0	1	1	0	1	0	1	1	0	0	1	1	0	0	1	1	1	0	0	1	1	0	0	0	1	0	0	1	0	0	0	1	0	1	0	1	0	1	0	0	1	1	1	1	0	0	0	1	1	0	0
Mp4g12810	pos	0	0	0	1	1	0	0	0	0	0	1	1	0	0	1	1	1	0	0	1	0	0	1	0	0	1	0	1	0	0	1	1	1	0	0	1	0	1	1	1	1	1	0	1	1	1	0	1	0	0	0	0	1	0	1	1	1	1	1	0	0	1	1	1	0	0	1	1	1	1	1	0
Mp4g13480	pos	0	0	0	1	0	0	0	1	0	0	1	0	0	1	1	1	1	1	0	1	0	0	1	0	0	1	1	0	0	0	1	0	1	1	0	1	0	1	0	1	0	1	1	1	1	0	1	1	1	0	0	0	0	0	1	1	1	1	1	1	0	0	1	1	0	1	1	1	0	0	1	0
Mp4g13720	pos	0	0	1	1	0	0	0	0	1	1	0	1	1	0	0	1	1	1	0	1	0	0	0	0	0	1	0	1	1	0	1	1	1	0	0	1	1	0	1	0	1	0	1	1	1	0	0	1	0	0	1	0	0	0	1	0	0	0	0	1	0	1	1	0	0	1	0	1	0	1	1	0
Mp4g13730	pos	0	0	0	1	0	0	0	0	1	1	1	0	0	0	1	0	0	0	0	1	0	0	1	1	1	1	0	1	0	0	0	1	0	0	0	1	1	1	1	1	0	0	0	1	0	0	1	1	0	0	0	1	1	0	1	1	1	1	1	0	1	1	1	1	0	0	1	1	0	0	0	1
Mp4g13840	pos	0	0	1	0	0	0	0	1	0	1	1	0	0	0	1	1	1	0	0	0	0	0	1	1	0	0	0	1	0	0	1	0	1	0	0	1	1	1	1	0	1	0	1	1	0	1	0	0	1	0	1	1	0	0	1	1	1	0	1	0	0	0	1	1	0	1	1	0	0	1	0	0
Mp4g14980	pos	0	1	0	1	0	0	0	1	1	0	1	0	0	0	1	1	1	0	0	0	0	0	0	0	0	0	0	0	0	0	0	1	1	0	0	1	0	1	1	0	0	0	1	0	0	1	1	1	0	0	1	1	0	0	1	1	1	0	0	0	1	1	1	1	0	1	0	0	0	1	1	1
Mp4g15010	pos	0	0	0	0	0	0	0	0	0	0	1	0	0	0	1	0	0	0	0	1	0	0	0	0	0	0	0	1	0	1	0	0	1	1	1	1	1	1	1	0	1	0	0	1	0	0	1	1	1	0	0	1	0	0	1	1	1	1	1	0	0	0	1	1	0	1	1	0	0	1	1	1
Mp4g16030	pos	1	0	0	1	0	1	0	0	1	0	1	0	0	0	1	1	0	0	0	1	0	0	1	1	0	1	1	1	0	1	0	1	1	1	0	1	0	1	1	1	0	0	1	0	1	1	1	1	0	0	0	1	1	0	1	1	1	0	1	0	1	0	1	1	0	1	0	1	0	1	0	0
Mp4g17420	pos	1	0	1	0	0	0	0	0	0	1	1	0	0	1	0	0	1	0	0	1	0	0	0	0	0	1	0	1	0	0	0	1	0	1	1	1	1	1	0	0	0	1	1	0	1	0	1	0	1	1	1	1	1	0	1	1	1	0	1	1	1	1	0	1	0	0	1	1	1	0	1	0
Mp4g18210	pos	0	0	1	1	1	0	0	0	0	1	0	0	0	0	1	0	0	1	1	1	1	1	1	0	1	0	0	0	0	0	1	1	0	1	1	0	0	0	1	0	0	1	1	1	0	0	0	0	1	1	1	1	0	0	0	0	1	0	0	0	0	1	0	1	1	0	1	1	0	0	0	0
Mp4g22280	pos	0	0	1	0	0	0	0	0	0	0	0	1	0	0	0	0	1	1	0	1	0	0	1	1	1	1	0	1	0	0	1	0	1	0	0	0	1	0	0	1	1	1	1	1	0	0	1	0	0	0	0	0	0	0	1	1	1	0	0	1	0	1	1	1	0	1	1	1	1	0	0	0
Mp4g23370	pos	1	0	0	1	1	1	1	1	1	0	0	1	0	0	0	0	1	1	1	1	0	0	1	0	0	0	0	1	1	0	0	1	0	0	0	1	1	1	1	0	1	0	0	1	0	0	0	0	1	0	0	0	1	0	1	0	1	0	1	0	0	1	1	0	0	1	1	0	1	1	0	0
Mp4g23480	pos	0	0	1	0	0	0	0	0	0	0	1	0	0	0	1	1	1	0	0	1	1	1	0	0	0	1	0	1	0	0	1	1	0	0	0	0	0	0	0	1	0	0	1	0	0	0	1	0	0	0	0	0	1	0	0	1	1	0	1	1	0	1	0	0	1	0	1	0	0	0	1	0
Mp5g00470	pos	0	1	1	1	0	0	1	0	0	0	1	1	1	0	1	1	1	0	0	1	0	0	0	0	0	0	0	1	0	0	1	1	1	0	0	0	1	0	0	1	0	1	1	0	1	0	0	0	1	1	0	0	1	0	0	0	1	1	1	0	1	0	0	1	0	1	0	1	1	1	1	1
Mp5g00560	pos	0	0	1	0	1	0	0	0	0	1	0	1	0	0	1	0	0	1	1	1	0	0	1	1	0	1	0	1	0	0	1	1	1	0	0	1	1	0	1	1	0	1	1	0	0	0	1	0	1	0	0	0	1	1	0	1	1	1	0	1	0	1	0	1	0	1	0	1	1	1	1	1
Mp5g00590	pos	1	0	1	1	0	0	0	1	0	1	0	1	0	1	0	1	1	0	0	0	0	0	1	1	0	0	0	1	1	1	0	1	0	0	0	0	1	1	0	0	1	0	0	0	1	1	0	0	1	0	1	0	1	0	0	0	0	1	1	0	0	0	1	1	1	1	0	0	0	1	1	1
Mp5g02800	pos	0	0	1	1	0	0	0	0	0	1	1	0	0	0	0	0	1	0	0	1	0	0	0	0	0	1	1	1	1	0	0	0	1	1	0	0	0	0	1	1	1	0	0	1	1	0	0	1	0	0	1	0	0	0	1	0	1	0	1	0	0	1	0	0	0	0	1	0	0	1	0	1
Mp5g04070	pos	1	0	0	1	0	1	0	0	1	0	1	0	0	0	1	1	0	0	0	1	0	0	0	0	0	1	0	1	1	0	0	0	0	0	0	0	1	0	1	0	1	0	0	1	1	0	1	0	0	0	0	0	0	0	1	0	1	0	0	0	1	0	1	1	1	0	0	0	1	0	0	1
Mp5g04760	pos	0	0	1	0	0	0	0	0	0	1	0	1	1	0	1	0	1	0	0	1	1	0	0	0	0	0	1	1	1	0	1	0	1	0	0	1	0	1	1	0	1	0	0	0	0	1	0	0	0	0	1	1	1	0	0	1	0	1	0	0	0	1	0	1	1	1	0	0	0	1	0	0
Mp5g05730	pos	1	1	1	1	0	0	1	0	0	1	1	0	0	1	1	0	1	0	0	1	0	0	0	0	1	0	0	1	0	1	0	1	1	1	0	1	0	1	1	0	1	0	0	0	0	1	0	1	0	0	0	1	1	0	0	1	1	1	1	0	1	0	0	0	1	1	0	1	0	1	0	0
Mp5g05830	pos	1	0	1	0	0	1	0	0	1	1	0	0	0	0	1	0	1	0	0	0	1	0	0	0	0	1	0	0	0	0	0	1	1	1	0	1	1	1	0	0	0	0	1	0	0	0	0	1	0	0	0	0	0	0	1	1	0	1	1	1	0	0	0	1	0	0	1	1	0	1	1	0
Mp5g06710	pos	1	1	0	1	0	0	1	1	0	0	0	1	0	1	1	0	1	0	0	1	1	1	1	0	0	1	0	0	0	0	1	0	0	1	0	1	1	1	1	1	0	1	1	1	1	1	1	0	1	0	0	1	1	0	0	1	1	1	1	1	0	0	0	1	0	1	1	1	0	0	1	1
Mp5g06970	pos	0	0	1	0	0	1	0	0	0	1	0	1	1	0	0	1	1	0	0	1	0	0	1	0	0	1	0	1	0	0	0	1	1	1	1	0	0	1	1	1	1	1	1	1	1	0	0	1	0	0	0	0	0	0	1	0	1	0	1	1	0	0	1	1	1	1	1	1	0	1	0	1
Mp5g07440	pos	0	1	0	0	1	1	0	0	1	1	0	0	0	0	1	1	0	0	0	1	1	1	1	1	1	0	0	1	1	1	1	1	1	1	1	0	1	0	0	1	0	0	1	1	1	0	0	0	0	0	0	1	1	0	1	1	1	1	0	0	0	0	1	1	0	1	1	1	1	1	0	0
Mp5g08910	pos	0	1	0	0	0	0	0	0	0	1	1	0	0	0	0	1	1	1	0	1	0	0	0	0	1	1	1	1	1	0	1	0	1	0	0	0	1	0	1	1	1	0	1	1	0	0	1	0	0	0	1	0	0	0	1	1	0	0	1	0	0	0	1	1	0	0	1	0	0	0	1	1
Mp5g09450	pos	0	0	1	0	0	1	0	0	1	1	0	1	1	0	0	0	0	0	0	1	0	0	0	0	0	1	0	1	0	0	1	1	0	0	0	1	1	1	1	0	0	0	1	0	0	0	1	1	0	0	1	0	1	0	1	1	0	0	0	0	1	0	0	1	1	1	1	0	0	1	0	0
Mp5g09760	pos	0	0	0	1	0	0	0	0	0	1	0	1	0	0	1	1	1	0	0	1	1	1	1	0	0	0	0	1	1	0	1	0	1	1	1	1	1	0	0	1	1	1	1	0	1	1	0	1	1	0	1	0	0	0	1	0	1	1	1	1	0	1	1	1	1	0	0	0	1	1	0	1
Mp5g09910	pos	0	0	0	1	0	1	0	0	0	0	1	1	1	1	0	0	1	1	0	1	0	0	1	0	0	0	0	0	0	0	0	1	1	0	0	1	0	0	0	0	1	1	1	0	0	0	0	1	1	1	1	0	0	0	1	1	0	0	0	0	1	0	0	0	0	1	0	1	0	0	0	0
Mp5g10120	pos	0	0	1	0	0	0	0	0	0	1	1	1	0	0	0	1	1	1	0	0	0	0	0	0	0	0	0	0	0	0	1	1	0	0	0	0	1	1	1	0	0	0	1	0	0	0	0	0	0	0	0	0	1	0	0	0	0	0	0	1	0	1	1	0	1	1	1	1	1	0	0	1
Mp5g10600	pos	0	0	0	0	0	0	0	1	1	0	0	0	0	0	0	0	1	0	0	1	0	0	1	1	0	0	1	1	1	0	1	0	1	0	0	1	1	1	0	1	1	0	0	1	0	1	1	0	0	0	0	1	1	0	1	0	1	1	0	0	0	0	1	1	1	0	0	0	0	1	0	1
Mp5g10690	pos	0	0	1	0	1	1	0	0	1	1	0	1	1	1	1	0	1	1	0	1	1	1	1	1	1	1	0	1	0	0	1	1	0	1	0	1	1	0	1	1	0	1	1	1	0	1	0	1	1	1	1	0	1	0	1	1	1	1	0	0	0	1	0	1	0	0	0	1	1	1	0	1
Mp5g11410	pos	1	0	0	0	1	0	0	0	0	0	1	0	0	0	1	0	1	1	0	1	0	0	1	1	1	1	0	1	1	0	1	1	0	0	0	0	1	1	0	1	0	0	1	1	1	1	1	1	0	0	0	1	1	0	1	1	1	0	1	0	0	0	1	1	0	1	1	0	1	1	1	1
Mp5g11440	pos	1	0	0	0	0	0	0	1	0	1	1	0	0	0	0	0	1	0	0	1	0	0	1	0	1	0	0	1	0	0	1	1	1	1	1	1	1	0	1	1	0	1	0	0	1	0	0	1	1	0	1	1	0	0	0	0	0	1	0	1	0	0	1	1	0	0	0	0	1	0	0	0
Mp5g13350	pos	1	0	1	1	0	0	0	0	1	0	1	1	0	0	0	1	1	1	0	1	0	0	1	0	0	0	0	0	0	0	0	1	1	1	0	0	0	1	1	1	1	0	0	1	0	0	0	0	0	0	1	1	0	0	1	1	1	0	0	1	0	0	0	1	0	0	0	1	0	1	0	1
Mp5g14050	pos	1	0	1	0	0	1	0	1	0	1	0	0	0	0	1	0	0	1	1	1	0	0	0	0	0	1	0	0	0	0	1	1	1	1	0	1	0	1	0	1	1	0	0	1	0	0	1	1	0	0	1	0	1	0	0	0	1	1	1	0	0	1	1	1	0	1	1	0	0	1	0	1
Mp5g14320	pos	0	0	1	0	0	0	1	0	0	1	1	0	0	0	0	0	1	0	0	0	0	0	1	0	0	0	0	1	0	0	1	1	1	1	1	1	0	0	1	0	1	0	0	1	0	1	1	0	1	0	1	1	1	1	0	0	1	0	1	0	1	1	1	0	0	0	1	1	1	0	0	1
Mp5g15390	pos	1	1	1	0	0	0	0	0	0	1	0	1	0	1	0	1	0	0	0	1	0	0	0	0	0	0	0	1	0	0	0	1	1	1	1	1	0	0	1	0	1	1	1	0	0	1	1	0	0	0	0	1	1	0	1	1	1	0	1	1	0	1	1	1	0	0	1	0	0	0	0	1
Mp5g15620	pos	1	0	0	1	0	0	0	0	0	1	0	1	1	0	1	1	0	0	0	0	1	1	1	1	0	1	1	0	0	0	1	0	1	1	0	1	1	0	0	0	1	0	0	1	1	1	0	0	1	0	1	0	1	1	0	1	1	0	0	1	0	0	1	0	0	0	1	0	0	0	0	0
Mp5g18250	pos	0	0	1	1	0	0	1	0	1	1	0	1	0	0	1	0	1	0	0	0	0	0	1	0	0	0	1	1	0	1	0	0	1	0	0	1	0	0	1	0	0	0	1	1	0	1	1	0	1	1	1	1	1	0	1	1	1	0	1	1	0	1	1	1	0	1	1	1	0	1	0	1
Mp5g18910	pos	0	1	0	0	0	0	0	0	0	0	1	0	0	0	1	1	1	1	0	1	0	0	1	1	0	1	0	1	0	0	1	0	0	1	0	1	1	0	1	0	1	0	0	1	0	0	1	1	0	0	1	1	1	0	1	0	1	0	1	1	0	0	1	1	1	0	1	0	1	1	0	0
Mp5g19190	pos	1	0	0	1	0	0	0	0	0	0	1	1	0	1	1	0	0	1	0	0	1	1	1	1	1	0	0	1	1	0	0	1	1	1	1	1	1	1	0	1	1	0	1	1	0	1	0	0	1	0	1	0	0	0	1	1	1	0	1	1	1	0	1	1	0	0	1	0	0	0	1	0
Mp5g19630	pos	0	1	1	1	0	0	0	0	0	1	0	1	0	1	1	1	1	1	0	0	0	0	0	0	0	0	0	1	0	0	1	1	0	0	0	0	0	1	1	0	0	1	0	1	0	0	0	0	1	1	1	0	0	0	1	0	0	0	1	1	0	1	1	0	1	1	1	1	0	0	1	1
Mp5g19970	pos	0	1	1	1	0	0	0	0	0	0	0	1	0	0	0	1	1	0	0	1	0	0	1	0	0	1	0	1	0	0	1	1	1	0	0	1	1	1	1	0	1	0	1	0	0	0	0	0	1	0	0	0	1	0	1	1	1	0	0	0	1	1	1	1	1	0	1	0	0	1	0	0
Mp5g21020	pos	0	1	0	0	0	1	0	0	0	0	1	1	0	0	0	1	0	0	0	1	0	0	0	0	0	0	1	1	1	0	1	1	1	1	1	1	1	1	1	0	1	0	0	1	1	0	1	0	0	0	1	0	0	0	1	0	0	0	0	1	0	0	1	1	0	0	1	0	1	0	0	1
Mp5g23550	pos	1	0	1	1	0	0	1	0	1	1	1	0	0	0	1	1	1	0	0	1	0	0	1	1	0	0	1	1	1	0	1	0	0	1	1	1	0	1	0	1	0	0	0	1	1	0	0	1	0	0	1	0	1	0	0	1	0	1	1	0	0	1	1	1	0	0	0	0	1	1	0	0
Mp5g24130	pos	1	1	0	1	1	0	0	0	0	1	0	0	0	0	1	1	1	0	0	0	0	0	1	0	1	1	0	1	0	0	0	1	0	0	0	1	1	0	0	0	1	0	1	0	1	1	1	1	1	1	1	0	0	1	1	1	0	1	0	0	0	1	1	1	0	0	0	1	0	1	0	1
Mp5g24400	pos	0	0	0	0	1	0	0	0	1	0	0	0	0	1	1	1	0	0	0	1	1	1	0	0	0	1	0	1	1	1	1	1	1	1	1	1	1	1	1	0	1	0	1	1	1	0	1	0	0	0	1	0	1	0	1	0	1	1	0	0	0	0	1	1	0	0	0	0	1	0	0	1
Mp5g24420	pos	0	0	0	0	1	1	0	0	1	0	0	0	0	1	1	0	0	0	0	1	1	1	1	1	0	0	0	1	1	1	1	1	1	1	0	1	0	1	1	0	1	0	1	1	0	0	0	0	0	0	1	0	1	0	1	0	1	0	1	0	1	0	1	0	1	0	0	1	1	0	0	1
Mp6g00130	pos	1	0	0	1	0	0	0	1	0	1	1	1	1	1	1	1	1	0	0	1	0	0	1	1	1	1	0	1	1	0	0	1	1	1	1	0	1	0	1	1	0	0	1	0	0	1	1	0	0	0	1	0	1	0	1	1	1	0	1	0	0	1	0	1	1	1	1	0	0	1	1	0
Mp6g01550	pos	1	0	0	1	0	1	0	0	0	1	0	1	1	0	1	1	1	0	0	1	1	0	1	0	0	1	1	1	1	0	0	1	1	1	1	1	1	1	0	1	1	0	0	0	1	0	1	1	1	0	0	1	1	1	1	1	0	1	1	0	0	0	1	0	0	1	0	1	1	1	1	1
Mp6g02020	pos	1	0	0	1	1	1	1	0	1	0	0	0	0	0	1	0	1	1	0	0	0	0	0	0	0	1	0	0	0	0	1	1	1	1	1	1	1	0	1	0	0	0	1	1	1	0	0	1	1	0	0	0	1	0	1	1	1	1	1	1	0	1	1	1	0	1	1	0	0	1	1	1
Mp6g02860	pos	1	0	0	1	0	0	0	0	0	0	0	0	0	0	1	1	1	1	1	0	0	0	1	1	0	1	0	1	0	0	0	1	1	1	1	1	1	1	0	0	0	1	1	0	0	1	1	0	0	0	1	1	1	0	0	1	1	0	1	0	1	0	1	1	0	0	1	1	0	1	1	0
Mp6g03310	pos	1	0	1	1	0	0	0	0	0	1	0	1	0	0	0	1	0	1	0	1	0	0	1	0	1	0	1	1	1	0	0	0	1	1	0	1	1	1	1	0	1	1	1	1	0	0	0	0	0	0	0	1	0	0	1	0	1	0	1	0	0	0	0	1	0	0	0	0	1	0	0	0
Mp6g03790	pos	1	0	0	1	0	0	0	1	0	1	0	0	0	1	0	1	1	1	1	1	0	0	0	0	0	0	1	1	0	0	0	1	0	0	0	1	1	1	0	0	1	1	1	0	1	1	1	1	0	0	1	0	0	0	1	1	0	0	1	0	1	0	1	1	0	0	1	0	1	1	0	1
Mp6g04880	pos	0	0	0	1	0	0	0	0	0	1	1	1	0	0	1	0	1	0	0	1	0	0	1	0	0	0	0	1	0	0	1	0	0	0	0	0	0	0	1	0	1	1	1	1	1	1	0	0	0	0	1	0	0	0	1	0	0	1	1	1	0	1	1	1	1	0	0	0	1	1	0	0
Mp6g05730	pos	1	0	1	1	1	1	0	0	0	1	0	0	0	0	0	1	0	0	0	1	0	0	1	0	0	0	0	1	0	0	0	0	0	1	1	1	1	1	0	0	1	1	1	1	1	1	0	1	0	0	1	1	1	0	0	1	0	0	1	1	0	1	0	1	0	1	1	1	0	0	1	1
Mp6g07560	pos	0	0	1	1	0	0	1	1	1	1	1	1	0	0	1	0	1	0	0	1	0	0	1	1	1	1	0	0	0	1	0	0	1	0	0	0	0	1	1	1	1	1	1	1	1	1	1	0	1	1	1	1	1	1	1	1	1	1	0	1	0	1	1	1	0	0	1	1	1	1	1	0
Mp6g09420	pos	1	0	0	1	0	0	0	0	0	1	0	0	0	1	0	1	1	0	0	1	0	0	1	1	1	1	1	1	0	0	0	1	1	0	0	1	1	0	0	0	0	1	1	0	1	0	0	0	1	1	0	0	1	0	1	0	1	0	0	0	0	1	1	1	1	1	1	0	0	0	0	1
Mp6g11340	pos	1	0	1	1	0	1	1	0	0	1	0	0	0	0	1	1	1	0	0	1	0	0	1	0	0	0	0	1	0	0	0	1	1	1	0	1	0	0	0	0	0	1	1	0	1	0	1	1	0	0	1	0	0	0	1	1	1	0	0	1	0	0	1	1	0	1	0	0	1	0	1	0
Mp6g11780	pos	0	0	0	1	0	1	0	1	1	0	0	0	0	0	1	1	1	0	0	1	0	0	1	0	0	1	1	0	0	0	1	1	1	1	0	0	0	0	1	0	1	1	0	1	0	0	0	0	0	0	1	1	1	0	0	1	1	1	0	0	1	0	0	1	0	1	1	1	1	0	0	1
Mp6g12090	pos	0	1	0	0	1	0	0	0	1	0	0	0	0	0	1	0	0	1	1	0	0	0	0	0	1	0	0	1	1	0	0	0	1	0	0	0	1	0	0	1	1	0	0	0	0	0	1	0	1	0	0	0	0	0	1	1	1	1	0	0	1	1	1	1	1	1	1	0	1	0	1	1
Mp6g12330	pos	1	0	1	0	0	0	0	0	1	1	1	0	0	0	0	0	1	1	0	1	0	0	1	0	0	1	0	1	0	0	0	1	1	1	0	1	1	1	1	1	0	0	1	0	1	0	0	1	0	0	0	1	1	0	0	1	0	0	0	1	1	1	1	1	1	1	1	0	0	0	1	0
Mp6g12970	pos	0	0	0	0	0	0	0	0	1	0	0	0	0	0	0	0	0	0	0	1	0	0	1	0	0	1	0	0	0	0	0	1	1	0	0	0	0	1	0	0	1	0	0	1	1	1	0	1	0	0	0	1	0	0	0	0	1	1	0	0	0	0	1	1	1	0	1	0	1	0	0	0
Mp6g13910	pos	1	0	1	1	0	0	0	0	0	1	1	0	0	0	1	0	1	0	0	0	0	0	1	0	0	0	0	1	0	0	0	1	0	0	0	1	0	0	1	0	1	1	0	0	0	0	0	0	0	0	0	1	1	1	1	0	1	1	1	0	0	1	1	1	1	1	1	0	1	0	1	1
Mp6g14340	pos	0	0	1	0	0	1	0	0	0	1	1	1	0	0	1	0	1	0	0	1	1	0	0	0	0	1	1	1	0	0	1	0	0	1	0	0	0	1	1	1	1	1	1	1	0	0	0	0	1	0	1	0	1	1	1	1	1	0	0	0	0	0	1	1	0	0	1	0	0	0	0	0
Mp6g15110	pos	0	0	1	1	0	0	0	1	0	0	0	1	1	0	0	0	0	0	0	0	0	0	0	0	0	1	0	0	0	0	1	1	1	1	0	1	0	0	1	0	1	0	0	1	0	1	1	1	0	0	1	0	1	0	0	0	1	0	1	1	0	0	1	1	1	0	0	0	0	0	1	1
Mp6g15680	pos	0	0	1	0	0	1	0	0	0	0	1	0	0	0	1	1	0	0	0	0	1	0	0	0	0	1	1	1	1	0	0	0	0	1	1	0	1	0	1	1	0	0	0	0	0	1	0	0	0	0	0	1	0	0	1	0	1	0	0	0	0	0	0	1	0	0	1	0	1	0	0	1
Mp6g15810	pos	0	0	1	1	0	0	1	0	1	1	0	0	0	0	0	1	1	0	0	1	0	0	1	0	1	1	0	0	0	0	0	0	0	1	1	1	0	1	0	0	0	0	0	1	0	0	1	0	0	0	1	1	1	0	1	0	1	0	0	0	0	1	1	0	0	0	0	1	0	0	0	1
Mp6g15820	pos	0	0	0	0	0	0	1	0	0	0	0	0	0	1	1	0	0	0	0	1	0	0	0	0	0	0	0	1	0	0	0	1	1	1	1	1	0	1	0	1	0	0	1	1	0	0	1	1	0	0	1	0	1	1	0	1	1	0	1	0	1	1	0	1	1	0	0	0	1	0	0	0
Mp6g16500	pos	0	0	1	0	0	0	0	0	0	1	1	0	0	0	0	1	1	0	0	1	0	0	0	0	0	1	0	1	1	0	1	0	1	0	0	0	0	1	0	1	1	0	0	0	1	0	0	1	0	0	0	1	0	0	1	0	0	0	0	0	0	0	1	1	1	0	1	0	0	1	0	1
Mp6g17260	pos	1	1	1	1	0	0	0	1	0	1	1	0	0	0	0	0	0	1	1	1	0	0	0	0	0	1	0	1	0	0	0	1	1	1	0	1	1	0	1	1	1	0	1	0	0	1	1	0	1	0	1	1	1	0	1	1	1	0	1	0	0	0	1	1	1	0	1	0	0	0	0	1
Mp6g17890	pos	1	0	1	1	0	0	0	1	0	1	0	0	0	1	0	0	1	1	0	0	0	0	1	1	0	1	0	0	0	0	0	1	1	0	0	1	0	1	0	0	1	1	1	1	1	0	1	0	1	1	1	1	1	1	0	1	1	0	1	1	1	1	1	1	1	1	1	1	1	1	0	1
Mp6g18940	pos	1	1	1	0	0	0	0	0	0	1	1	0	0	0	1	1	1	0	0	1	1	1	1	1	0	0	0	1	0	0	1	0	0	0	0	1	1	1	0	1	0	0	0	0	1	0	0	0	0	0	1	0	1	0	1	1	1	1	0	0	0	0	1	0	1	0	1	0	0	0	1	0
Mp6g19040	pos	1	1	1	1	0	0	0	0	0	1	0	0	0	0	1	1	1	1	0	1	0	0	1	1	0	1	0	0	0	0	1	0	1	1	0	0	0	1	0	0	1	1	1	1	1	1	1	1	0	0	1	1	1	0	1	0	1	1	1	0	0	1	1	1	0	1	1	0	1	0	1	1
Mp6g19530	pos	0	0	1	1	1	0	0	0	1	1	0	0	0	0	0	1	1	0	0	0	0	0	0	0	0	1	0	0	0	0	1	1	0	0	0	1	0	0	1	0	1	1	0	1	1	1	0	1	0	0	0	0	1	0	1	1	1	0	1	0	0	1	1	1	0	0	1	0	0	1	1	1
Mp7g01230	pos	0	0	1	1	0	0	0	0	0	1	0	0	0	0	0	0	1	1	1	0	0	0	0	0	0	0	0	0	0	0	0	1	1	0	0	0	1	1	0	0	0	1	1	0	0	0	0	0	1	1	0	1	1	0	0	0	1	0	1	1	0	1	1	0	1	0	1	0	1	0	0	0
Mp7g01390	pos	1	1	1	1	0	0	0	0	0	1	1	1	1	0	1	0	0	1	1	1	0	0	1	1	0	0	0	0	0	0	1	1	0	1	1	1	1	1	0	0	0	0	1	1	0	0	0	0	1	0	0	1	1	0	1	0	1	0	1	1	1	0	1	1	1	0	1	1	1	0	0	0
Mp7g01950	pos	1	1	1	1	0	0	0	0	0	1	1	1	1	0	0	0	0	0	0	1	0	0	0	0	0	0	0	0	0	0	0	0	1	1	1	0	0	0	1	0	1	0	0	1	0	0	1	0	1	0	1	0	0	0	1	0	1	1	0	0	0	0	1	1	0	0	0	0	1	0	0	1
Mp7g02470	pos	1	0	0	1	0	0	0	0	0	0	1	0	0	0	0	1	1	0	0	0	0	0	1	1	1	0	0	0	0	0	0	1	0	0	0	1	1	1	1	0	1	1	1	1	1	1	1	1	0	0	0	1	1	0	0	1	1	0	0	0	1	1	1	1	0	0	0	0	0	1	0	0
Mp7g03030	pos	0	1	1	1	0	0	1	1	0	1	1	0	0	0	1	0	0	0	0	1	1	1	1	1	0	1	0	1	0	0	1	1	1	1	1	0	1	0	0	0	1	0	0	0	1	0	0	0	1	0	0	0	1	1	0	0	1	0	1	1	0	0	1	0	0	0	1	1	1	1	0	1
Mp7g04650	pos	1	0	1	1	1	0	1	0	1	1	1	0	0	1	0	1	1	1	0	1	0	0	1	0	1	0	0	1	0	0	1	1	0	1	1	1	1	1	0	1	1	0	0	1	1	1	1	1	0	0	1	1	1	1	1	1	1	0	1	0	1	1	1	1	0	1	0	0	1	0	0	1
Mp7g05050	pos	0	0	0	0	0	0	0	0	1	1	1	0	0	0	0	1	1	0	0	1	0	0	1	1	0	1	0	1	0	0	0	0	1	1	0	1	0	0	0	1	1	0	1	1	1	1	0	1	0	0	1	0	0	0	1	1	0	0	1	1	0	0	1	0	0	0	0	0	0	0	0	0
Mp7g05170	pos	1	0	1	0	0	0	0	0	1	1	1	1	0	0	0	1	0	1	0	1	0	0	0	0	0	0	0	1	0	0	0	0	1	0	0	1	1	1	0	0	0	0	1	0	0	0	1	0	0	0	1	1	1	0	1	1	1	0	0	0	0	0	1	1	1	0	0	0	1	0	0	0
Mp7g06880	pos	1	1	1	1	0	1	1	0	1	1	1	1	0	0	1	0	0	0	0	1	0	0	1	0	0	0	1	0	0	0	0	0	1	1	1	1	1	1	1	1	0	1	0	1	0	0	1	0	0	0	1	0	0	0	1	0	1	0	1	0	0	0	1	1	0	0	1	0	0	1	0	1
Mp7g07330	pos	1	1	1	1	1	1	0	0	0	0	0	0	0	0	1	1	1	0	0	1	0	0	1	0	1	0	0	0	0	0	1	0	1	1	0	0	1	1	1	0	0	0	1	0	1	1	0	1	0	0	1	1	1	0	0	1	1	0	1	1	0	0	1	0	0	0	1	1	0	1	0	1
Mp7g08760	pos	1	0	0	0	0	0	1	0	0	1	1	0	0	1	1	0	1	1	1	1	0	0	1	1	0	1	0	1	1	0	1	0	1	1	0	1	1	1	1	0	0	0	1	0	1	1	1	0	0	0	1	1	1	1	1	0	1	0	1	1	1	1	1	1	0	0	0	0	0	0	0	0
Mp7g09070	pos	1	1	1	1	0	0	1	0	0	1	1	0	0	0	1	0	0	1	1	0	0	0	1	0	0	1	1	0	0	0	1	1	0	1	1	1	0	1	1	0	0	1	1	0	1	1	1	1	0	0	1	0	1	0	1	1	0	0	1	1	0	1	0	0	0	0	1	0	0	0	0	1
Mp7g10420	pos	1	0	1	0	1	0	0	0	0	1	0	0	0	0	1	0	1	0	0	1	1	1	1	0	1	0	0	1	1	0	1	1	1	1	1	1	1	1	1	0	0	1	0	0	0	1	1	1	0	0	1	1	1	0	1	1	0	0	1	0	1	0	1	0	1	0	1	1	1	0	1	0
Mp7g10800	pos	0	1	1	0	0	0	0	1	0	1	0	0	0	0	1	1	1	0	0	1	0	0	1	1	0	0	0	0	0	0	0	1	1	1	0	0	0	1	0	0	0	0	1	0	0	1	0	0	1	0	0	1	1	0	1	1	0	0	0	0	0	0	1	0	1	0	0	0	0	0	1	1
Mp7g11790	pos	0	0	0	1	0	0	0	0	0	0	1	1	0	0	0	0	0	0	0	1	0	0	1	0	0	0	0	1	0	0	0	0	0	1	1	0	0	1	0	0	1	0	1	1	1	0	0	0	0	0	0	1	0	0	1	0	0	1	0	1	1	0	1	1	1	1	1	0	0	1	0	0
Mp7g12080	pos	0	0	1	0	0	1	0	0	1	0	1	0	0	0	1	1	1	0	0	1	0	0	0	0	0	0	0	0	0	0	0	0	0	0	0	0	1	1	1	0	0	0	0	0	1	1	1	1	0	0	0	1	1	0	1	1	1	0	1	1	1	1	1	0	1	0	0	1	1	1	0	0
Mp7g15180	pos	1	0	0	1	1	0	0	0	0	0	0	0	0	0	1	0	1	0	0	1	0	0	1	0	0	0	0	1	1	0	0	1	1	1	1	0	1	0	0	0	1	1	1	0	1	0	0	1	1	0	1	0	0	1	1	0	1	1	1	0	0	0	1	1	1	1	1	0	1	1	1	0
Mp7g18470	pos	1	0	1	1	0	0	1	0	1	0	0	0	0	0	1	1	1	0	0	1	0	0	0	0	0	0	0	1	0	0	0	0	1	0	0	1	1	1	1	0	0	0	1	1	0	0	1	1	0	0	0	0	1	0	1	1	1	1	0	0	0	1	0	1	0	0	1	1	1	1	1	1
Mp7g19220	pos	0	0	1	1	0	0	0	0	1	1	1	1	1	0	1	1	1	1	1	0	0	0	1	0	0	0	0	0	0	0	1	0	1	0	0	0	1	0	0	0	0	0	1	0	1	1	0	0	0	0	1	1	1	0	1	0	0	1	1	1	1	1	0	0	0	0	0	0	0	0	0	1
Mp7g19700	pos	0	0	1	1	0	0	0	1	1	1	0	0	0	0	1	0	1	1	1	0	0	0	1	0	0	0	0	1	1	0	1	1	0	1	1	0	0	1	1	1	1	0	1	1	0	0	1	0	1	0	1	1	1	0	0	1	1	1	1	0	1	1	0	1	0	0	1	0	0	0	0	0
Mp8g00040	pos	0	0	1	1	0	0	1	1	1	1	1	0	0	0	0	1	1	1	1	1	0	0	0	0	0	1	0	1	0	0	0	1	1	0	0	0	1	0	0	0	1	0	1	1	0	1	1	1	1	0	1	1	1	0	1	1	1	0	0	0	0	0	1	0	0	0	1	1	1	0	0	0
Mp8g00560	pos	1	0	1	0	0	0	0	0	1	0	1	0	0	0	1	0	1	1	1	1	0	0	0	0	0	0	0	1	1	0	0	1	1	0	0	0	0	1	0	0	0	0	1	1	0	1	1	1	0	0	0	1	1	0	1	0	0	1	1	1	0	1	1	1	0	0	1	0	0	0	1	1
Mp8g00860	pos	1	1	1	1	0	0	0	0	0	1	0	0	0	1	0	1	1	0	0	1	0	0	1	1	0	1	0	1	1	0	1	1	0	1	0	1	0	1	0	0	0	0	1	0	0	0	1	1	1	0	1	0	1	0	0	1	0	0	1	1	0	0	1	1	0	1	1	0	1	1	0	1
Mp8g00920	pos	0	0	1	0	0	0	0	0	0	1	0	0	0	0	1	0	1	0	0	1	1	0	0	0	0	1	0	1	0	0	0	0	1	0	0	1	0	1	0	0	0	0	1	1	0	0	0	0	0	0	1	1	0	0	1	1	0	0	0	1	1	0	1	1	0	0	1	0	0	0	0	0
Mp8g01250	pos	0	1	1	1	0	0	0	0	0	1	1	0	0	0	1	1	0	0	0	1	0	0	1	0	1	1	0	1	1	0	0	1	0	1	1	1	0	1	1	0	1	1	0	1	0	0	0	0	1	1	1	1	0	0	0	1	1	1	1	0	0	0	1	1	0	0	1	0	0	1	0	0
Mp8g01830	pos	1	0	0	0	0	0	0	1	0	1	1	1	1	0	1	0	1	1	1	0	1	0	1	1	1	1	0	0	0	0	1	0	1	0	0	1	0	0	1	1	1	1	1	0	0	1	1	1	0	0	1	0	1	1	1	0	1	1	1	1	0	1	1	1	0	0	1	1	1	1	0	1
Mp8g01920	pos	0	0	0	0	0	0	0	1	0	1	1	1	1	0	0	1	0	1	0	1	0	0	0	0	0	1	0	1	1	0	1	1	0	0	0	0	0	1	1	0	1	0	0	0	1	1	0	1	0	0	1	0	0	1	1	1	1	0	1	0	0	0	0	0	1	0	1	1	0	1	1	0
Mp8g02500	pos	0	0	0	0	0	0	1	0	1	0	0	0	0	0	1	0	0	0	0	1	1	1	1	1	0	0	0	1	0	0	1	0	0	0	0	0	0	1	1	1	0	0	1	0	1	1	1	0	0	0	1	1	0	0	1	0	1	1	1	0	0	1	1	0	1	1	0	1	1	0	1	0
Mp8g02710	pos	1	0	1	0	1	0	0	1	0	0	0	0	0	0	1	1	1	0	0	1	0	0	1	0	0	0	0	1	1	0	0	1	1	1	1	1	1	1	1	0	1	1	1	1	1	1	1	1	0	0	0	0	1	1	1	1	1	0	1	1	0	1	1	1	0	0	1	0	0	1	1	0
Mp8g02740	pos	1	0	1	1	0	0	0	0	0	1	0	0	0	0	1	1	1	0	0	1	0	0	0	0	0	0	0	1	0	0	0	1	1	1	1	1	1	1	0	0	1	0	1	1	1	1	0	1	1	0	1	1	0	0	0	1	0	0	1	0	0	1	1	1	0	1	1	0	1	1	1	1
Mp8g02760	pos	0	1	0	1	0	0	0	0	1	1	0	0	0	0	1	0	1	1	1	0	0	0	1	1	0	1	0	1	1	0	0	1	1	0	0	1	0	1	0	1	1	0	0	1	1	0	1	1	1	1	1	1	1	0	1	0	1	0	0	0	0	0	1	1	1	0	1	1	0	1	1	1
Mp8g02770	pos	1	1	0	0	0	0	0	1	0	0	0	1	1	1	0	1	0	0	0	0	0	0	1	0	0	0	0	1	1	0	0	0	1	1	1	1	1	1	1	0	1	1	1	1	1	1	1	1	1	0	0	1	1	0	1	0	1	0	1	1	0	1	1	1	1	0	0	1	0	0	0	0
Mp8g03310	pos	0	0	0	1	0	0	1	0	0	1	0	0	0	0	1	0	1	0	0	0	1	0	0	0	0	0	0	1	0	0	0	1	0	1	1	1	1	0	0	0	1	1	1	0	0	1	1	1	1	0	1	1	0	0	0	0	1	1	1	0	1	1	0	1	0	1	1	0	0	0	1	1
Mp8g03370	pos	1	0	1	1	0	0	0	0	0	1	0	1	1	1	0	1	0	1	1	1	0	0	0	0	0	0	1	1	0	0	0	0	1	0	0	1	0	0	1	0	1	0	0	1	1	0	1	0	1	1	1	0	1	0	1	1	1	0	0	0	0	1	1	1	0	0	0	0	0	0	0	1
Mp8g05050	pos	1	0	0	1	0	0	1	0	1	1	0	0	0	0	1	1	1	0	0	0	1	1	1	1	0	1	0	1	0	0	1	1	0	0	0	1	1	1	1	0	1	1	0	1	0	1	0	0	1	0	0	0	1	1	1	1	1	0	1	1	0	0	1	1	0	0	1	0	1	1	0	1
Mp8g05670	pos	1	0	1	1	0	0	0	1	0	0	1	0	0	0	1	0	0	0	0	1	0	0	0	0	1	1	0	1	1	0	0	1	1	1	1	0	0	1	0	0	1	0	1	1	0	0	0	1	0	0	1	0	1	0	0	1	1	0	1	0	0	1	1	1	1	1	1	1	0	1	0	0
Mp8g06260	pos	1	0	1	0	0	0	0	0	1	1	1	0	0	0	0	1	1	1	0	1	0	0	0	0	0	0	0	1	1	0	1	1	0	1	1	0	1	1	0	0	1	0	1	0	0	0	0	1	0	0	1	0	0	0	0	1	1	0	0	0	1	0	1	0	1	0	0	0	1	1	0	0
Mp8g09420	pos	0	0	0	1	0	0	0	1	0	1	0	0	0	1	1	0	1	1	1	0	0	0	0	0	0	0	0	0	0	0	0	0	1	1	0	0	1	0	1	1	0	1	0	1	0	1	0	1	0	0	0	0	1	0	1	1	1	0	1	1	0	1	1	0	0	0	1	1	0	0	0	1
Mp8g10080	pos	1	0	0	1	0	0	0	1	0	0	0	0	0	1	1	0	0	1	1	1	0	0	1	1	1	1	0	1	0	0	0	1	1	0	0	0	0	1	0	1	0	1	1	1	1	1	1	0	1	0	1	0	1	0	1	1	1	0	1	0	0	0	1	1	0	1	1	0	0	0	1	1
Mp8g12170	pos	1	0	1	0	0	0	0	0	0	1	0	0	0	1	1	1	1	0	0	1	0	0	0	0	0	1	0	0	0	0	1	0	1	0	0	1	0	1	0	0	1	1	1	1	1	1	0	1	0	0	1	1	1	0	0	0	1	0	1	0	1	1	1	1	1	0	1	0	1	1	0	0
Mp8g12350	pos	0	0	0	1	0	0	0	0	0	0	0	1	1	0	1	0	0	1	0	1	0	0	1	0	1	1	0	1	1	0	0	1	0	0	0	0	1	1	1	0	1	0	0	1	0	0	0	1	0	0	1	1	0	0	0	1	0	0	1	0	0	0	1	1	0	0	1	1	0	0	0	0
Mp8g14500	pos	0	0	0	1	1	0	0	0	0	0	1	0	0	0	0	0	1	1	1	1	0	0	1	1	1	0	1	0	0	1	0	1	1	1	0	0	0	1	1	1	1	0	1	0	0	0	1	0	1	1	1	0	1	1	1	1	1	0	0	0	0	0	1	1	0	1	0	0	0	0	1	1
Mp8g14540	pos	1	0	0	0	0	0	0	1	0	1	0	1	0	0	0	0	1	1	1	1	0	0	0	0	0	0	0	0	0	1	0	0	1	0	0	1	0	0	0	0	0	1	0	0	1	0	0	1	1	1	0	0	0	1	0	0	1	1	0	0	0	1	1	1	0	0	0	1	0	0	0	0
Mp8g14910	pos	0	0	1	1	0	0	0	0	0	1	0	0	0	0	1	1	0	0	0	1	1	0	1	0	0	1	0	1	0	0	0	0	0	0	0	0	0	1	0	0	1	0	0	1	1	1	0	0	0	0	1	1	0	0	1	0	0	1	0	0	1	1	1	1	1	0	1	0	1	1	0	1
Mp8g16270	pos	0	1	0	1	0	0	0	0	1	0	0	0	0	0	1	0	0	1	1	0	1	0	1	0	0	1	1	0	0	0	1	1	1	1	0	0	0	1	0	0	1	0	1	0	1	0	1	1	1	0	0	0	1	0	1	0	1	1	1	1	0	0	0	0	0	0	0	0	1	1	0	0
Mp8g17810	pos	1	0	0	0	0	0	0	0	0	1	0	0	0	0	0	0	1	0	0	1	0	0	0	0	0	0	0	0	0	0	1	0	1	0	0	0	1	1	0	1	1	1	1	1	0	0	0	0	0	0	0	1	1	0	0	0	0	0	0	0	0	0	1	1	1	0	0	1	0	1	1	0
Mp8g17820	pos	0	0	1	1	0	0	0	0	1	1	1	1	0	0	0	1	1	0	0	1	0	0	1	0	0	1	0	0	0	0	0	1	0	0	0	1	1	1	0	1	0	1	0	0	0	0	0	0	1	0	1	0	0	0	0	0	1	0	0	0	0	0	1	1	1	1	1	1	1	0	1	0
Mp8g19020	pos	1	1	1	0	0	0	0	1	0	1	0	0	0	0	0	0	1	0	0	1	0	0	1	1	0	1	1	1	1	0	0	0	1	1	1	1	0	0	0	1	1	0	1	1	0	0	1	1	1	1	0	0	0	0	1	1	1	1	1	0	0	1	1	0	0	0	1	0	1	1	0	1
MpVg00610	pos	1	0	0	1	0	0	1	0	0	0	0	0	0	0	1	1	1	0	0	1	0	0	0	0	1	0	0	0	0	0	0	0	1	1	0	1	1	1	1	0	0	1	1	0	1	1	0	1	0	0	0	0	0	0	1	1	1	1	1	0	0	1	1	0	0	1	1	0	0	1	0	0
Mpzg00230	pos	1	1	0	1	0	1	1	0	0	0	1	0	0	0	1	1	1	1	0	0	1	0	1	0	0	1	0	0	0	0	0	1	1	1	0	1	0	1	1	1	0	1	1	1	1	1	1	1	0	0	1	1	0	0	1	1	0	1	1	1	1	0	0	1	0	1	1	0	1	1	0	0
Mpzg00260	pos	0	0	1	1	0	0	0	0	0	1	0	0	0	0	1	1	0	0	0	1	1	0	1	1	0	1	1	0	0	0	1	1	1	0	0	0	1	1	0	0	1	1	0	0	1	0	1	1	0	0	1	0	1	0	1	0	1	0	1	0	0	1	1	1	0	0	0	0	0	0	0	1
Mpzg01290	pos	1	0	1	1	0	1	0	0	1	0	1	0	0	0	1	0	0	0	0	1	1	1	1	1	0	0	1	1	0	0	0	1	0	1	0	1	0	1	1	1	1	0	1	1	1	1	1	1	0	0	0	0	1	0	1	0	1	1	1	1	0	0	1	1	0	1	1	0	0	0	1	0
Mp1g01430	neg	1	0	0	1	0	0	0	1	0	0	0	0	0	1	0	1	0	1	0	1	0	0	1	1	0	1	0	1	0	0	0	1	0	0	0	1	0	1	0	0	1	0	0	0	0	0	1	1	0	0	0	0	1	0	0	0	0	1	1	0	0	1	1	1	0	0	1	0	0	1	1	1
Mp1g01940	neg	0	0	0	0	0	0	0	0	0	0	0	1	0	0	1	0	0	0	0	1	0	0	1	0	0	1	0	0	0	0	1	1	0	1	1	1	0	1	0	0	1	0	1	1	0	1	0	1	0	0	0	1	1	0	1	0	1	0	0	0	0	1	0	1	0	0	1	0	0	1	0	1
Mp1g02180	neg	0	0	0	1	0	0	0	0	0	1	1	1	0	0	1	1	1	0	0	1	1	0	0	0	0	1	1	1	0	0	0	1	1	1	0	0	0	1	1	1	0	0	1	0	1	0	0	1	1	0	1	0	1	0	0	1	1	0	0	0	0	0	1	1	1	0	1	0	0	1	1	0
Mp1g03320	neg	0	0	0	0	0	0	0	0	0	0	0	0	0	0	1	0	1	1	1	0	0	0	0	0	0	0	0	0	0	0	0	0	0	1	1	1	1	1	0	1	0	0	0	0	0	0	0	1	0	0	1	1	1	0	1	0	0	0	0	0	0	1	1	0	0	0	0	0	0	0	0	0
Mp1g06480	neg	1	0	0	0	0	0	0	0	0	1	1	0	0	1	0	0	1	0	0	0	0	0	0	0	1	0	0	0	0	0	0	1	0	0	0	1	1	0	0	0	0	1	1	0	0	0	0	1	1	0	0	0	1	0	1	1	0	0	1	0	0	1	1	0	1	0	1	1	0	0	1	0
Mp1g07280	neg	0	0	1	0	0	0	0	0	0	1	0	0	0	0	0	1	1	0	0	1	0	0	1	0	0	0	1	0	0	0	1	1	0	0	0	0	0	0	0	0	1	0	0	0	0	0	0	1	0	0	1	0	1	0	1	1	0	0	1	0	0	0	0	0	0	1	0	0	0	0	1	1
Mp1g07490	neg	0	0	1	1	0	0	1	1	0	1	0	0	0	0	1	1	1	0	0	0	0	0	0	0	0	1	0	0	0	0	0	0	1	1	0	0	0	0	0	0	0	0	0	0	0	0	1	0	1	0	0	0	1	0	1	0	0	1	1	0	0	1	1	0	1	1	1	0	0	0	0	0
Mp1g08550	neg	0	0	1	1	0	0	0	0	0	1	0	0	0	0	1	0	0	1	1	1	1	0	1	0	0	1	0	1	0	0	0	1	1	0	0	0	0	0	0	0	0	0	0	1	1	0	0	1	1	0	0	0	0	0	0	0	1	1	1	0	0	1	0	1	1	1	1	1	0	0	0	1
Mp1g09140	neg	0	1	0	0	0	0	0	0	0	0	0	0	0	0	0	0	1	1	1	1	0	0	1	0	0	0	0	1	0	0	0	1	1	1	1	1	0	1	1	1	1	0	1	1	0	0	0	0	0	0	0	0	1	0	0	0	0	0	0	0	0	1	1	1	1	0	0	1	0	0	0	0
Mp1g09670	neg	0	0	0	0	0	0	0	0	0	0	0	0	0	0	0	1	1	0	0	0	0	0	1	0	0	1	0	0	0	0	0	1	0	1	0	1	1	1	1	1	0	0	0	0	0	0	1	0	0	0	0	0	1	0	1	1	1	0	1	0	0	0	0	1	0	0	1	0	0	0	0	0
Mp1g10720	neg	0	0	1	1	0	0	0	0	0	0	0	0	0	0	1	1	0	0	0	0	0	0	1	1	0	0	0	1	0	0	0	0	1	1	0	0	0	1	1	0	1	0	1	0	1	0	0	1	1	0	1	0	1	1	0	1	1	0	0	0	0	0	1	1	1	0	1	0	0	1	0	1
Mp1g10760	neg	0	0	0	1	0	0	0	0	1	0	0	0	0	0	0	0	0	0	0	1	0	0	1	1	0	0	0	1	1	0	0	0	0	0	0	0	0	0	0	0	1	0	0	1	0	0	0	1	0	0	0	1	1	0	0	0	0	0	0	0	0	0	0	1	0	0	1	0	0	1	0	0
Mp1g11060	neg	0	0	0	0	1	0	0	0	0	1	1	0	0	0	0	0	1	0	0	1	0	0	0	0	0	0	1	0	0	0	1	1	1	1	0	0	0	1	0	0	0	1	0	0	1	1	0	1	1	0	1	0	0	0	1	1	1	0	1	0	0	0	1	0	0	1	0	0	0	1	0	0
Mp1g12430	neg	0	0	0	1	0	0	0	0	1	0	0	0	0	0	0	0	1	0	0	1	0	0	1	1	0	1	0	0	0	0	1	0	0	0	0	0	0	0	0	0	1	0	1	0	0	0	0	0	0	0	0	0	0	0	0	0	0	0	0	0	1	1	1	1	0	0	1	0	0	1	0	0
Mp1g12890	neg	1	0	1	0	0	0	1	0	0	1	0	1	0	0	0	1	0	1	1	1	0	0	0	0	0	1	0	0	0	0	1	1	1	1	0	0	0	0	1	0	1	1	1	0	1	1	0	0	0	0	1	0	0	0	1	0	0	0	0	1	0	0	0	0	0	0	1	0	0	1	0	0
Mp1g13220	neg	1	0	0	1	0	0	0	0	0	1	0	0	0	0	0	0	0	0	0	1	0	0	0	0	0	1	0	1	0	0	1	0	0	1	0	1	0	0	1	0	1	0	1	0	1	0	0	0	1	0	1	1	0	1	1	1	1	1	1	0	0	1	1	1	0	0	1	0	0	0	0	0
Mp1g13400	neg	0	0	1	1	0	0	0	0	0	0	1	1	0	1	1	1	0	1	0	1	1	0	0	0	0	1	0	0	0	0	1	0	0	0	0	0	0	1	1	0	1	0	0	0	1	0	0	1	0	0	1	0	1	1	0	1	1	1	1	0	1	0	1	1	1	1	1	1	0	1	0	0
Mp1g13410	neg	0	0	0	1	0	0	0	0	1	0	1	0	0	1	1	0	0	0	0	0	0	0	1	1	0	0	0	1	1	0	0	1	0	0	0	1	0	0	1	1	0	0	1	1	0	0	1	1	0	0	1	1	0	0	1	0	0	0	1	0	0	0	1	1	1	0	0	0	1	1	0	1
Mp1g14330	neg	1	0	0	1	0	0	0	0	0	0	0	0	0	0	0	0	1	0	0	0	0	0	0	0	0	1	0	0	0	0	0	1	0	0	0	0	0	0	1	1	0	0	1	0	0	0	0	0	0	0	0	0	0	0	0	1	0	1	0	1	0	1	1	1	0	1	0	0	1	1	1	0
Mp1g16140	neg	0	0	0	0	0	0	0	1	0	0	1	0	0	0	1	0	0	0	0	1	0	0	0	0	0	0	0	1	0	0	1	1	1	1	1	1	0	0	0	0	1	0	0	1	0	1	0	0	0	0	0	1	0	0	1	0	1	1	0	0	0	0	1	1	0	0	0	0	0	0	0	0
Mp1g16770	neg	0	1	1	0	0	0	0	0	1	1	0	0	0	0	0	0	1	0	0	0	0	0	1	0	0	1	0	0	0	0	0	1	1	0	0	1	0	1	0	1	0	0	0	0	0	1	0	0	0	0	1	0	0	0	1	1	1	0	0	0	0	0	1	1	0	1	0	0	1	0	0	1
Mp1g18130	neg	0	0	0	1	0	1	0	0	0	0	0	0	0	1	0	1	0	0	0	0	0	0	0	0	0	1	0	1	0	0	0	0	1	0	0	1	1	0	1	1	1	0	1	0	1	1	1	0	0	0	1	1	1	0	1	0	0	0	1	0	0	1	1	0	0	0	1	0	0	0	0	1
Mp1g18490	neg	0	1	0	0	0	0	0	0	0	0	0	1	0	0	1	0	1	0	0	0	0	0	0	0	0	0	0	1	0	0	0	0	1	0	0	0	0	0	0	0	1	0	0	0	0	0	1	0	0	0	0	1	0	1	0	1	1	0	0	0	0	0	1	0	0	0	0	1	0	0	0	0
Mp1g18880	neg	1	0	0	1	0	0	0	0	0	0	1	0	0	0	0	0	0	0	0	1	0	0	1	0	1	0	0	0	0	0	1	1	1	1	0	1	0	1	0	0	0	0	0	1	0	0	1	1	0	0	0	0	0	0	1	0	1	0	1	0	0	0	1	1	1	1	0	1	0	0	0	0
Mp1g21260	neg	1	0	0	0	0	0	0	0	0	0	1	1	0	0	0	1	0	0	0	1	0	0	0	0	1	1	0	1	1	0	1	1	0	0	0	1	0	1	1	0	1	0	0	0	1	0	0	1	0	0	1	1	0	1	1	1	1	0	0	0	0	0	0	1	0	0	1	0	1	1	0	0
Mp1g22060	neg	0	0	0	0	0	0	0	0	1	0	0	0	0	0	0	0	1	0	0	1	0	0	0	0	0	0	0	1	0	0	1	1	0	0	0	1	0	0	0	0	0	0	1	1	0	0	0	0	0	0	0	0	0	0	1	1	0	1	0	0	0	0	0	1	0	0	0	0	0	0	1	0
Mp1g22090	neg	0	0	0	0	0	0	0	0	0	1	1	0	0	0	0	0	1	0	0	0	0	0	0	0	0	0	1	0	0	0	0	0	1	1	1	0	0	1	0	0	0	0	1	0	1	0	0	1	0	0	0	1	0	0	1	0	0	1	0	0	0	0	1	1	0	1	0	0	0	0	0	0
Mp1g22170	neg	0	0	1	1	0	0	1	0	0	1	0	0	0	0	0	0	1	0	0	0	0	0	1	0	1	0	0	1	0	0	0	0	1	0	0	0	1	0	0	0	1	0	0	1	1	0	0	0	0	0	1	0	0	0	0	0	0	0	1	0	0	1	1	1	0	1	1	0	0	0	1	0
Mp1g22960	neg	0	1	1	1	0	0	1	0	0	0	1	0	0	0	1	0	0	1	1	1	0	0	0	0	0	1	0	0	0	0	1	0	1	0	0	0	0	1	0	1	1	0	1	1	0	0	1	0	0	0	1	0	1	0	0	0	1	0	0	0	0	0	0	1	0	1	1	1	0	0	0	1
Mp1g23280	neg	0	0	0	1	0	1	0	0	1	0	1	0	0	0	1	1	0	1	1	0	0	0	1	0	0	0	1	1	1	0	0	0	1	0	0	1	1	0	1	0	1	1	0	1	1	0	1	0	0	0	0	1	1	0	0	0	0	0	0	1	0	0	0	1	1	1	1	0	0	0	0	0
Mp1g23570	neg	0	0	1	0	0	1	0	0	1	1	0	0	0	0	1	1	0	1	1	1	0	0	1	0	0	1	0	1	1	0	0	1	0	1	1	0	0	1	0	1	1	0	1	1	1	1	0	1	0	0	1	1	1	0	0	1	1	0	0	1	0	0	1	1	1	1	1	0	0	1	0	0
Mp1g23700	neg	1	0	0	0	0	0	0	0	1	0	1	0	0	0	0	1	0	0	0	0	0	0	1	1	0	1	0	1	0	0	0	0	0	1	0	1	0	1	0	1	0	0	0	1	0	1	1	0	1	0	1	0	0	0	0	0	0	0	0	0	0	1	1	1	0	0	1	0	0	0	0	0
Mp1g23840	neg	1	0	0	1	0	0	0	0	0	1	0	0	0	0	1	1	1	0	0	1	0	0	0	0	1	0	0	1	0	0	0	0	0	0	0	1	1	0	0	0	1	1	0	1	0	0	0	0	0	0	0	0	0	0	1	0	0	0	1	0	0	0	1	1	0	0	1	1	0	0	0	1
Mp1g25280	neg	1	0	0	0	0	0	1	0	1	0	0	0	0	0	1	0	0	0	0	1	1	1	1	0	0	1	0	0	0	0	1	0	1	0	0	1	1	1	1	0	1	1	0	1	1	1	0	1	0	0	0	1	0	0	1	1	1	0	0	1	0	0	1	0	0	0	1	0	0	1	0	0
Mp1g27890	neg	0	0	1	1	0	0	0	0	0	1	1	1	1	0	1	0	0	0	0	1	1	0	0	0	0	1	0	1	1	0	0	0	1	1	0	0	0	0	0	0	0	1	0	1	0	0	0	0	1	1	1	1	0	0	0	1	1	1	0	0	0	0	0	1	0	1	0	0	1	0	0	1
Mp1g28270	neg	0	1	1	1	0	1	0	1	0	0	0	0	0	0	1	1	1	0	0	1	0	0	1	1	0	0	0	0	0	0	1	1	1	0	0	1	1	0	0	0	0	0	1	0	0	0	1	1	0	0	0	0	1	0	1	1	1	1	0	1	0	0	0	1	1	0	0	1	1	1	0	0
Mp1g28380	neg	1	0	1	0	1	0	0	0	0	1	0	0	0	0	0	0	0	0	0	1	0	0	0	0	0	1	1	0	0	0	0	0	0	0	0	1	1	0	1	1	1	1	0	0	1	0	0	0	0	0	1	0	1	0	1	0	1	1	1	0	0	0	1	1	0	0	1	0	0	0	0	1
Mp1g29230	neg	0	0	0	1	0	0	0	1	0	0	0	0	0	0	1	0	1	0	0	0	0	0	0	0	0	0	0	0	0	0	1	1	0	1	0	0	1	0	1	0	0	0	1	0	0	0	0	0	0	0	0	0	0	0	0	0	1	1	0	1	0	1	0	1	0	1	0	0	0	0	1	0
Mp1g29380	neg	1	0	0	1	0	0	0	0	1	0	1	0	0	0	0	0	0	0	0	1	0	0	1	0	1	1	0	1	1	0	0	0	1	0	0	0	0	1	0	0	1	0	1	1	1	0	1	0	0	0	1	1	1	0	0	1	0	0	1	0	0	0	0	1	0	0	1	0	0	0	0	0
Mp1g29790	neg	0	0	1	0	0	0	0	1	0	1	0	0	0	0	0	0	0	0	0	0	0	0	0	0	0	0	0	0	0	0	0	1	0	0	0	0	0	0	1	0	0	1	1	0	1	0	0	0	0	0	0	0	1	0	0	1	0	0	0	1	0	0	0	0	1	0	0	0	0	0	0	1
Mp2g00080	neg	1	0	0	1	0	0	0	0	1	0	1	1	0	1	1	1	1	1	0	0	0	0	1	1	0	1	0	0	0	0	1	1	0	0	0	0	1	1	0	0	0	1	0	0	0	0	0	0	1	1	1	0	0	0	0	1	0	1	1	1	1	0	1	1	0	0	1	0	0	0	1	1
Mp2g01110	neg	0	0	1	0	0	0	0	0	0	1	0	0	0	0	1	0	0	0	0	1	0	0	0	0	0	0	0	1	0	0	1	1	0	0	0	0	0	0	1	0	1	0	1	0	1	0	1	1	0	0	0	1	0	0	0	1	0	1	1	0	0	0	1	1	0	1	0	1	0	1	0	0
Mp2g01160	neg	0	0	1	0	0	0	0	0	0	1	1	0	0	0	0	0	1	0	0	0	0	0	1	0	0	0	0	0	0	0	0	0	1	1	1	0	1	1	1	0	1	0	0	0	0	0	1	0	0	0	1	1	1	0	1	1	1	0	1	0	0	0	1	1	1	0	0	0	1	0	1	1
Mp2g02690	neg	1	1	0	0	0	1	0	0	0	0	1	0	0	0	0	1	1	1	1	0	0	0	1	0	1	0	0	0	0	0	0	1	1	0	0	0	0	0	0	0	0	0	1	1	1	0	1	1	1	0	1	0	0	0	0	1	1	0	1	0	0	1	1	0	0	0	1	0	0	0	0	0
Mp2g02900	neg	0	0	1	1	1	0	0	0	0	1	0	1	0	0	0	0	0	0	0	1	0	0	1	0	0	0	0	0	0	0	0	0	0	1	1	0	0	0	1	0	0	0	0	0	0	0	0	0	1	0	0	1	0	0	1	0	1	0	1	0	1	1	0	0	1	0	0	0	0	0	0	0
Mp2g03020	neg	0	0	0	0	0	0	0	0	0	0	0	0	0	0	0	1	0	0	0	0	0	0	0	0	0	1	0	1	0	0	0	1	0	1	0	1	0	0	1	1	1	0	0	1	0	0	1	0	0	0	0	0	1	0	1	1	1	0	0	0	0	0	1	0	0	1	1	0	1	0	0	0
Mp2g03730	neg	1	0	1	1	0	0	0	1	0	1	1	0	0	0	1	0	0	0	0	1	0	0	0	0	1	0	0	1	0	0	1	1	0	0	0	0	1	0	0	0	1	0	0	1	1	1	0	1	1	0	1	0	1	0	1	1	1	0	0	0	0	1	0	0	0	0	0	0	1	0	0	1
Mp2g04120	neg	0	0	0	1	1	0	1	0	0	1	1	1	0	0	0	0	1	0	0	0	0	0	0	0	0	0	1	1	0	0	0	0	0	1	0	0	1	0	0	0	0	0	0	1	0	0	1	1	1	0	1	0	1	0	1	0	0	0	1	0	0	1	1	0	1	0	1	0	1	1	0	1
Mp2g04310	neg	0	0	0	0	0	0	0	0	0	0	1	0	0	0	0	0	1	0	0	1	0	0	1	0	0	1	1	0	0	0	1	0	0	0	0	0	0	0	0	0	0	0	1	0	1	1	0	0	0	0	0	0	1	0	0	0	0	0	1	0	0	0	0	0	1	0	1	1	1	0	1	0
Mp2g06870	neg	0	0	0	1	0	0	0	0	0	0	0	0	0	0	0	0	1	1	1	1	0	0	1	0	0	0	0	0	0	0	0	0	1	1	1	0	0	0	1	0	1	0	0	0	0	0	0	0	0	0	0	0	1	0	1	1	0	0	1	0	1	0	1	1	0	0	1	0	1	1	0	1
Mp2g07690	neg	0	0	1	0	0	0	0	0	1	0	1	0	0	0	1	0	0	0	0	1	1	0	1	0	0	0	0	0	0	0	0	1	1	1	0	1	0	0	1	0	1	0	0	0	1	1	0	1	0	0	1	1	0	0	1	0	1	0	1	1	0	1	1	1	1	0	0	0	0	0	0	1
Mp2g07860	neg	0	0	1	0	0	0	0	0	1	0	1	0	0	0	1	0	0	0	0	1	0	0	1	0	0	0	0	1	0	0	0	1	0	1	0	1	0	0	1	0	1	0	1	1	0	0	0	0	1	0	0	1	1	0	0	0	0	1	1	0	0	0	1	1	0	0	0	0	1	0	0	0
Mp2g10620	neg	0	0	0	1	0	0	0	0	0	0	1	0	0	0	0	1	1	1	1	1	0	0	0	0	0	0	0	1	0	0	0	0	0	1	0	1	1	1	1	0	1	0	0	1	0	0	1	0	0	0	0	0	0	0	0	0	0	0	0	0	0	0	0	1	0	0	1	0	0	0	0	0
Mp2g11020	neg	0	0	0	1	1	0	0	0	1	0	1	1	0	0	1	0	0	0	0	0	1	1	0	0	0	1	0	0	0	0	0	1	0	0	0	0	0	0	1	1	1	1	1	0	1	0	1	0	0	0	0	1	1	1	0	0	0	0	1	0	0	1	1	1	0	0	1	0	1	1	0	0
Mp2g12140	neg	0	0	0	0	0	0	0	0	0	1	0	0	0	0	1	0	1	0	0	0	1	0	0	0	1	0	0	0	0	0	0	0	1	1	0	0	0	1	1	0	0	0	0	0	0	0	1	1	0	0	0	1	1	0	1	1	1	1	1	0	0	0	1	1	0	1	0	0	0	1	0	0
Mp2g13020	neg	0	0	0	1	0	0	1	0	0	0	0	0	0	0	0	1	0	0	0	1	0	0	1	0	1	0	0	1	0	0	1	0	1	0	0	1	0	0	0	0	1	0	1	1	0	0	1	0	1	0	0	0	1	0	0	0	1	0	0	0	0	1	1	1	0	0	1	0	0	0	0	1
Mp2g13270	neg	0	0	0	0	0	0	0	1	0	1	0	0	0	0	1	1	1	0	0	1	0	0	1	0	0	0	0	1	0	0	0	0	0	0	0	0	0	1	0	0	1	0	0	1	1	0	1	1	0	0	1	0	1	0	1	0	1	0	1	1	1	0	0	1	0	0	1	0	1	0	0	1
Mp2g13800	neg	0	0	1	1	0	0	0	0	1	1	1	0	0	1	1	0	1	1	0	1	0	0	1	1	1	0	0	1	0	0	0	1	0	1	0	0	1	0	0	1	1	0	0	1	1	1	1	1	0	0	1	1	1	0	0	1	0	0	1	0	0	1	0	1	0	0	1	0	0	0	1	1
Mp2g14440	neg	0	1	0	0	0	0	0	0	0	1	1	0	0	1	1	0	1	0	0	1	1	0	0	0	0	0	0	1	0	0	0	0	1	0	0	1	0	0	0	1	1	0	1	0	0	0	0	1	1	0	1	0	0	0	1	1	1	0	1	0	0	0	1	0	0	1	1	0	0	0	0	0
Mp2g15300	neg	0	0	0	1	0	0	0	0	1	0	0	0	0	0	1	0	1	1	0	1	0	0	1	1	1	1	0	0	0	0	0	0	1	1	0	0	0	1	0	1	0	1	1	1	0	0	0	0	1	0	0	0	1	1	1	0	1	0	0	0	0	0	1	0	0	0	1	0	1	0	0	0
Mp2g15500	neg	1	0	1	1	0	1	1	0	0	1	1	0	0	0	0	1	1	0	0	1	0	0	1	1	0	0	0	1	0	0	1	0	1	1	0	0	1	1	0	0	1	1	0	1	0	0	1	0	0	0	0	0	1	0	1	1	1	1	0	0	0	0	0	1	1	0	0	0	0	0	0	0
Mp2g16380	neg	0	0	1	0	0	0	0	0	0	1	0	0	0	0	1	0	1	1	0	0	0	0	0	0	0	0	0	1	0	0	1	1	1	0	0	1	0	0	0	0	0	1	1	0	1	0	1	0	1	0	1	0	1	0	1	1	1	0	0	1	0	1	0	0	0	1	0	0	1	1	1	0
Mp2g18340	neg	0	0	1	1	0	0	0	0	0	1	0	0	0	0	0	1	0	1	1	1	0	0	1	1	0	1	0	0	0	0	0	1	0	1	0	1	1	1	1	0	0	1	1	1	0	1	0	1	1	0	1	0	1	0	1	0	0	0	0	1	0	1	1	1	0	0	0	0	0	1	1	0
Mp2g19540	neg	1	0	1	0	0	0	0	0	0	1	0	0	0	0	0	0	0	1	0	0	0	0	1	0	0	1	0	1	0	0	0	0	0	1	1	1	0	1	1	0	0	0	0	0	0	0	1	0	0	0	1	1	1	0	1	0	0	0	0	1	0	0	1	1	0	0	0	0	0	1	0	0
Mp2g19820	neg	0	0	1	1	0	0	0	1	0	1	0	1	1	0	1	1	0	0	0	1	0	0	1	1	0	1	0	1	0	0	1	1	0	1	0	1	0	0	0	0	1	0	1	1	1	1	1	1	0	0	0	0	0	0	1	0	1	0	1	1	0	0	1	1	0	1	0	0	0	1	0	1
Mp2g21540	neg	0	0	1	1	0	0	0	0	1	1	0	0	0	0	0	0	1	0	0	0	0	0	1	0	0	0	0	1	0	0	0	0	1	1	1	0	0	1	0	0	0	0	1	1	0	1	1	0	0	0	0	0	1	0	1	1	1	0	0	0	0	0	0	0	0	0	0	0	0	1	1	0
Mp2g23580	neg	0	0	0	1	0	0	0	0	0	0	1	0	0	0	1	0	0	0	0	0	0	0	0	0	0	0	1	1	1	0	0	0	1	0	0	1	0	1	0	0	1	0	1	1	1	1	0	1	0	0	0	1	0	1	0	1	0	0	0	0	1	0	1	0	1	0	0	0	0	0	0	0
Mp2g23700	neg	1	0	0	1	1	0	0	0	0	1	0	0	0	0	0	0	1	1	1	1	0	0	1	0	0	1	0	1	1	0	1	1	1	1	0	1	1	0	0	1	1	0	1	1	1	0	1	1	0	0	1	0	1	0	0	1	1	1	1	1	0	0	0	0	0	0	1	0	1	0	0	0
Mp2g24410	neg	1	1	0	1	0	1	0	0	0	1	0	0	0	0	1	1	1	0	0	1	0	0	1	0	0	0	0	0	0	0	1	0	1	0	0	1	1	1	0	0	0	1	0	1	1	1	1	0	0	0	0	1	1	0	1	1	1	1	0	0	0	1	0	1	0	0	0	0	0	1	0	0
Mp2g25440	neg	1	0	1	0	1	0	1	1	0	1	0	0	0	0	1	0	1	0	0	0	0	0	0	0	0	0	0	1	1	0	1	1	1	1	0	1	0	0	1	0	0	0	0	0	0	0	1	0	0	0	0	0	1	0	1	1	1	0	0	0	0	0	0	1	1	0	0	0	0	0	0	1
Mp2g26770	neg	1	0	0	0	0	0	0	0	0	1	1	0	0	0	1	0	0	0	0	1	0	0	0	0	0	0	0	0	0	0	1	0	0	1	0	0	1	1	0	0	0	0	1	1	0	0	0	0	0	0	0	0	0	0	0	1	1	1	1	0	0	0	1	1	1	1	1	0	1	0	1	0
Mp3g00030	neg	0	0	1	0	0	0	0	0	0	1	0	0	0	1	1	0	1	0	0	1	0	0	1	0	0	1	0	0	0	0	1	1	1	0	0	1	1	1	0	0	0	1	1	0	0	0	1	0	0	0	1	0	1	0	1	0	1	1	1	0	0	0	0	0	0	1	1	0	1	0	1	0
Mp3g01380	neg	0	0	1	0	0	0	0	1	0	1	1	0	0	0	1	0	1	0	0	1	0	0	0	0	0	0	0	0	0	0	1	1	1	1	0	0	0	0	1	0	1	0	0	0	1	0	0	0	0	0	1	1	1	0	1	1	0	0	1	1	0	0	1	0	0	1	1	0	1	0	1	0
Mp3g01750	neg	0	0	1	0	0	0	0	0	0	1	1	1	1	0	0	0	1	0	0	1	0	0	0	0	0	1	0	1	0	0	0	0	0	1	0	1	1	0	1	0	0	0	0	1	0	0	1	1	0	0	1	0	1	0	0	0	0	0	1	0	0	0	1	1	0	0	1	1	0	1	0	1
Mp3g02030	neg	1	0	0	0	0	0	0	0	1	0	0	0	0	0	0	1	0	0	0	1	0	0	0	0	0	1	0	0	0	0	0	0	1	0	0	0	0	1	1	0	1	0	0	0	0	0	0	0	1	0	1	0	1	0	1	0	1	0	0	0	0	1	0	1	0	1	1	0	1	0	0	0
Mp3g02120	neg	0	0	0	0	0	0	0	0	0	0	0	1	0	0	0	1	0	0	0	0	0	0	1	0	0	0	0	1	0	0	1	1	1	1	0	1	1	1	0	0	1	1	0	1	0	1	1	1	0	0	1	0	1	0	0	1	1	0	1	1	0	1	1	1	0	0	1	0	0	1	0	0
Mp3g04790	neg	0	0	1	0	0	0	0	0	0	1	1	0	0	0	0	0	0	0	0	0	0	0	0	0	0	0	0	1	0	0	0	0	1	1	0	0	0	1	0	0	1	0	1	1	0	0	1	0	0	0	0	0	0	0	1	0	1	0	0	0	0	0	0	0	0	0	1	1	0	0	0	1
Mp3g05500	neg	0	0	1	0	0	0	1	0	0	1	1	1	0	0	0	0	0	0	0	1	0	0	0	0	0	0	0	1	0	0	1	0	1	0	0	1	1	1	0	0	1	0	0	1	1	0	1	0	0	0	0	0	0	1	0	1	1	1	0	0	0	1	0	0	0	0	1	1	1	1	0	0
Mp3g05640	neg	1	1	1	1	1	0	0	0	0	0	1	1	0	1	1	0	0	0	0	0	1	1	1	0	0	1	0	0	0	0	0	1	1	1	0	1	0	1	1	1	0	0	1	1	0	0	1	0	1	1	0	1	0	0	0	0	1	0	1	0	0	0	1	1	0	0	0	0	0	0	0	1
Mp3g05720	neg	0	0	0	1	0	0	0	1	1	1	1	0	0	0	0	1	1	0	0	1	0	0	0	0	0	0	0	0	0	0	0	1	1	0	0	0	0	0	0	0	1	0	0	1	0	0	0	1	0	0	0	0	0	0	1	1	1	1	0	0	0	1	1	1	0	0	1	0	1	1	0	0
Mp3g05990	neg	0	0	1	0	0	0	0	1	0	1	0	0	0	0	1	1	1	0	0	1	0	0	0	0	0	1	0	0	0	0	0	1	1	1	0	0	0	1	1	0	0	0	1	0	1	1	0	0	1	0	1	0	1	0	0	0	1	1	0	0	0	0	0	1	1	0	0	1	0	0	1	0
Mp3g06100	neg	0	0	1	1	0	0	0	1	0	1	0	0	0	0	1	1	1	1	0	0	0	0	1	1	0	0	1	0	0	0	1	0	1	0	0	1	0	0	0	0	0	0	1	1	0	0	0	0	0	0	1	0	1	0	1	1	0	1	0	0	0	0	0	1	0	0	1	0	1	0	0	1
Mp3g07000	neg	1	0	1	1	0	0	0	1	1	1	0	0	0	0	1	1	1	0	0	0	1	0	1	1	0	0	0	1	0	0	0	1	1	1	1	0	1	0	1	0	0	0	1	1	0	0	0	0	1	0	1	1	1	1	0	0	1	1	1	1	0	0	0	1	0	0	0	1	1	0	0	0
Mp3g07970	neg	1	0	1	1	0	0	0	0	0	1	1	0	0	0	0	0	0	0	0	0	0	0	1	1	0	0	1	1	0	0	1	1	1	0	0	1	1	1	0	0	0	0	1	0	1	0	1	1	0	0	1	1	1	0	1	0	1	0	1	1	0	1	1	0	0	1	1	0	0	1	0	0
Mp3g08310	neg	1	0	1	1	0	0	0	1	0	1	1	0	0	0	0	0	0	1	0	1	0	0	0	0	0	0	0	1	0	0	0	1	1	0	0	0	1	1	0	1	0	0	0	0	0	0	0	0	1	0	1	1	0	0	1	1	0	0	0	0	0	1	1	1	0	0	1	1	0	0	0	0
Mp3g10830	neg	0	0	0	0	0	0	0	0	0	0	0	0	0	0	1	1	0	0	0	1	0	0	1	0	0	0	0	0	0	0	0	1	1	0	0	1	1	0	0	1	1	0	0	0	1	0	1	0	0	0	1	1	1	1	1	1	1	0	0	1	0	0	1	1	1	0	0	0	0	0	1	0
Mp3g11290	neg	0	0	0	1	0	0	0	0	0	0	1	0	0	0	1	1	1	0	0	0	0	0	1	1	0	1	0	1	0	0	1	1	0	1	1	0	1	0	1	1	0	0	1	0	0	0	0	1	1	0	1	0	0	1	0	1	1	0	0	0	0	1	1	1	0	0	1	1	0	1	0	1
Mp3g11420	neg	0	0	0	1	0	0	0	1	0	0	0	0	0	0	1	0	1	1	1	1	0	0	0	0	1	0	0	0	0	0	0	0	1	0	0	0	0	1	0	0	1	0	0	1	1	0	0	1	1	0	1	0	0	0	1	0	1	0	0	1	0	1	0	1	0	1	0	0	0	0	0	0
Mp3g11590	neg	1	0	1	0	1	1	1	0	0	0	1	0	0	0	0	0	1	0	0	1	0	0	0	0	0	0	0	0	0	0	1	1	1	0	0	1	0	0	0	0	0	0	1	0	0	1	1	1	1	0	0	0	1	0	0	1	1	0	0	0	0	1	0	0	0	1	1	0	1	0	0	0
Mp3g13630	neg	0	0	0	0	0	0	1	1	1	1	1	0	0	0	1	0	1	0	0	0	0	0	0	0	1	0	0	0	0	0	0	1	1	0	0	0	1	1	0	0	0	0	1	0	0	1	0	1	0	0	0	0	0	1	0	1	1	1	1	0	1	0	1	1	1	1	0	0	1	1	0	1
Mp3g16580	neg	1	1	1	0	0	0	1	0	0	0	1	0	0	0	1	1	1	0	0	0	0	0	1	1	1	0	0	0	0	0	1	1	1	1	1	0	0	1	0	0	0	0	1	1	1	0	0	1	1	0	0	0	0	1	1	0	0	0	0	1	0	0	1	0	0	0	1	1	0	0	1	0
Mp3g17170	neg	0	0	1	0	0	0	0	0	0	1	1	0	0	0	0	0	1	0	0	0	0	0	0	0	0	0	0	1	1	0	1	0	1	0	0	0	0	1	0	0	0	0	0	0	1	0	0	1	0	0	0	0	0	0	1	0	1	0	0	0	0	0	0	1	1	0	1	1	1	0	0	0
Mp3g17840	neg	1	0	0	0	0	0	0	0	0	0	0	0	0	0	0	0	0	1	1	0	0	0	0	0	0	1	0	1	0	0	0	0	0	0	0	0	1	1	0	1	0	0	1	0	0	0	0	0	0	0	1	1	1	0	0	0	0	0	1	0	0	0	0	0	0	0	1	0	1	0	1	1
Mp3g18340	neg	0	0	0	1	0	0	0	0	0	0	0	0	0	0	0	0	0	0	0	0	0	0	0	0	0	0	1	1	0	0	1	0	0	0	0	1	0	0	0	0	1	1	1	1	1	0	1	1	0	0	1	0	0	0	1	0	1	0	1	0	0	0	0	1	1	0	1	1	0	0	0	0
Mp3g18440	neg	1	0	0	1	0	0	1	0	0	1	0	0	0	0	1	0	1	0	0	0	0	0	0	0	0	0	0	0	0	0	1	0	0	0	0	1	1	0	0	0	0	0	0	1	1	0	1	1	0	0	1	0	1	0	1	0	1	0	1	1	0	0	1	1	1	0	1	1	1	0	0	0
Mp3g18840	neg	0	0	1	0	0	1	0	0	0	0	0	0	0	0	0	0	1	0	0	0	0	0	0	0	0	0	0	1	1	0	1	1	0	0	0	0	0	0	0	0	0	0	1	0	0	0	1	0	0	0	0	1	1	1	0	1	0	0	0	0	0	1	0	0	0	0	0	0	0	0	1	0
Mp3g19680	neg	1	1	0	1	0	0	1	0	0	0	1	0	0	0	1	0	0	1	0	0	1	0	0	0	0	0	0	1	0	0	0	1	0	1	1	0	1	1	0	0	0	0	0	0	0	1	1	0	1	0	0	0	1	0	1	1	0	0	0	0	0	0	1	1	0	0	0	0	1	0	0	0
Mp3g20110	neg	0	0	0	0	0	0	0	0	0	1	0	1	1	0	0	1	0	0	0	1	0	0	1	1	0	0	0	1	1	0	1	0	0	0	0	0	1	0	1	0	1	0	0	0	0	0	0	0	1	0	1	1	0	0	0	0	0	0	0	0	0	0	1	1	0	0	0	0	0	1	0	0
Mp3g21720	neg	1	0	1	0	0	0	0	0	0	1	1	0	0	0	0	0	1	0	0	0	0	0	0	0	0	0	0	1	1	0	0	1	0	0	0	1	1	1	0	1	1	1	0	1	0	0	0	0	0	0	1	0	1	1	1	0	1	0	1	1	0	0	1	1	0	0	0	0	0	0	1	1
Mp3g22670	neg	0	0	0	1	0	1	1	0	0	0	0	1	0	0	1	0	0	0	0	1	0	0	1	1	0	0	0	1	1	0	1	1	1	1	0	0	1	0	1	0	1	0	1	0	1	1	0	1	0	0	1	1	1	0	0	1	0	1	1	0	0	1	1	1	1	1	1	0	1	1	0	1
Mp3g22820	neg	0	0	1	1	0	0	0	0	0	1	1	0	0	0	1	0	0	0	0	1	1	0	0	0	1	0	0	1	0	0	1	1	0	0	0	0	0	1	1	0	1	0	0	1	0	0	1	0	1	0	1	1	0	0	0	0	0	1	0	0	0	1	1	1	1	1	1	1	0	1	0	0
Mp3g23010	neg	0	0	0	1	0	0	0	0	0	0	1	1	0	0	1	0	0	1	0	1	0	0	1	0	0	1	0	1	0	0	0	0	0	1	1	1	0	0	1	0	0	0	1	0	0	0	0	0	0	0	0	0	0	0	1	1	1	0	1	0	0	0	1	1	0	0	0	1	1	0	1	0
Mp3g23240	neg	0	0	0	1	0	0	0	0	0	0	1	0	0	0	0	0	1	1	0	1	0	0	1	0	0	0	0	1	1	0	0	0	1	1	1	1	1	1	0	0	1	0	0	1	0	0	0	0	0	0	1	0	1	0	0	1	1	1	0	0	0	1	1	1	0	1	0	1	0	0	1	0
Mp4g00270	neg	1	0	1	0	0	0	0	0	1	0	0	0	0	0	1	0	0	0	0	1	0	0	0	0	0	1	0	1	0	0	1	1	1	1	0	1	1	1	1	0	1	1	0	0	0	1	0	0	1	0	0	1	0	0	0	1	0	0	0	1	1	1	0	1	0	1	0	0	1	0	0	0
Mp4g01590	neg	1	0	0	1	0	0	1	0	0	1	0	1	0	1	1	0	1	0	0	0	0	0	1	0	1	0	0	0	0	0	0	1	0	0	0	0	1	0	1	1	0	0	0	0	0	0	1	1	0	0	1	0	1	0	0	0	1	1	1	0	0	0	0	0	0	1	0	0	0	0	0	0
Mp4g02260	neg	0	0	1	0	1	0	0	0	1	1	0	1	1	0	0	0	1	0	0	1	0	0	0	0	0	0	0	1	0	0	0	0	0	1	0	0	1	0	0	1	1	0	1	1	0	0	0	0	0	0	1	1	0	1	0	1	1	0	1	0	0	0	0	0	0	0	1	1	1	1	1	0
Mp4g02280	neg	0	0	1	1	0	0	0	0	0	0	1	0	0	0	1	0	1	1	1	0	1	1	1	0	0	0	0	0	0	0	0	0	1	0	0	0	1	0	0	0	1	0	0	1	1	0	1	1	0	0	1	0	0	1	0	1	1	0	1	0	0	0	0	0	0	0	1	0	0	1	0	1
Mp4g02300	neg	0	0	0	0	0	0	0	0	1	1	0	0	0	0	0	1	0	0	0	1	0	0	0	0	0	1	1	1	1	0	0	0	1	0	0	1	0	1	1	0	1	0	1	0	0	0	1	1	0	0	1	1	0	0	1	1	0	0	1	0	0	1	1	1	0	0	1	0	0	1	0	1
Mp4g04000	neg	1	0	1	1	0	0	1	0	0	0	0	0	0	0	1	0	1	1	1	0	0	0	1	1	0	1	0	1	0	0	0	0	1	0	0	1	0	1	0	1	0	0	1	1	0	1	0	1	0	0	0	0	1	0	0	0	1	1	1	0	0	0	1	1	1	1	1	0	0	0	0	0
Mp4g04500	neg	0	0	1	0	0	0	0	0	0	1	0	0	0	0	1	0	0	0	0	1	0	0	0	0	0	1	0	0	0	0	0	0	0	0	0	0	0	0	0	0	1	0	1	1	0	0	1	1	0	0	0	1	1	0	1	0	1	1	0	0	0	0	0	1	1	0	0	1	0	0	0	0
Mp4g04550	neg	1	0	0	1	0	0	0	1	0	1	0	0	0	1	1	1	0	0	0	0	0	0	1	1	0	0	1	1	1	0	1	0	0	1	0	1	1	0	1	0	1	0	0	1	0	0	0	0	0	0	1	0	0	1	0	1	0	0	0	0	0	0	1	1	1	1	0	0	1	1	0	1
Mp4g04730	neg	0	0	0	1	0	0	0	0	0	0	1	0	0	0	0	0	1	0	0	1	0	0	1	0	0	0	0	1	0	0	0	0	1	1	1	0	1	1	0	0	1	1	1	0	0	0	1	0	0	0	0	0	1	0	0	0	0	1	0	0	0	0	1	1	0	1	0	0	0	1	1	0
Mp4g05120	neg	0	1	0	0	0	0	0	0	0	1	1	0	0	0	1	1	1	0	0	0	0	0	1	1	0	1	0	0	0	0	1	0	0	0	0	0	0	1	0	0	0	0	1	1	0	1	1	0	1	0	1	1	1	0	1	0	0	0	0	0	0	1	1	0	0	1	1	0	0	1	0	1
Mp4g07480	neg	1	0	0	0	0	1	0	1	0	1	1	0	0	0	1	1	0	0	0	1	0	0	1	1	0	1	0	0	0	0	0	1	0	0	0	1	0	0	0	0	0	1	1	0	0	0	0	0	0	0	0	0	1	0	1	0	1	1	0	0	0	0	0	1	0	0	1	0	1	1	0	1
Mp4g08690	neg	0	0	1	0	1	0	0	0	0	1	1	0	0	0	0	1	1	0	0	0	0	0	1	1	0	1	0	1	0	0	1	0	0	1	0	0	0	0	0	1	1	0	0	1	0	0	0	0	0	0	1	1	0	0	1	0	1	0	0	1	0	0	1	1	0	0	1	0	1	0	0	0
Mp4g08960	neg	0	1	0	1	0	0	0	0	1	1	1	0	0	0	0	1	1	0	0	1	0	0	0	0	0	0	0	1	1	0	0	0	1	0	0	0	1	0	0	0	0	1	1	1	1	0	0	1	1	0	0	0	0	0	0	0	1	0	1	0	1	0	1	1	0	1	0	1	0	1	1	0
Mp4g09340	neg	0	0	0	0	0	0	0	0	0	1	0	0	0	0	1	0	0	0	0	1	1	0	1	0	0	0	1	0	0	0	1	1	0	1	0	0	1	1	1	0	1	0	0	0	1	0	0	1	0	0	0	0	0	0	1	1	1	1	1	0	0	0	1	1	0	0	0	0	1	0	1	0
Mp4g09430	neg	1	0	0	0	0	0	0	0	0	1	1	1	0	0	1	1	1	0	0	1	0	0	1	0	0	1	0	1	0	0	1	0	1	1	1	1	1	1	1	1	1	1	1	1	0	1	1	0	0	0	1	0	1	1	0	0	1	0	1	1	0	0	1	1	0	0	1	1	1	1	0	1
Mp4g10900	neg	0	0	0	0	0	0	0	0	1	1	0	0	0	0	1	0	1	1	0	1	0	0	0	0	0	0	0	0	0	0	0	1	0	0	0	0	0	0	0	0	0	0	1	0	1	0	1	1	1	0	1	1	1	0	1	0	0	1	1	0	0	1	0	1	0	0	0	0	1	1	0	0
Mp4g10940	neg	0	0	0	1	0	1	0	0	0	1	0	1	0	1	0	1	0	0	0	1	0	0	1	1	0	1	1	1	1	0	0	0	1	0	0	1	1	0	1	1	1	0	0	0	1	0	0	0	0	0	1	0	1	0	1	1	0	0	0	0	0	1	1	0	0	0	1	1	0	0	0	1
Mp4g10950	neg	0	1	0	0	0	0	1	0	0	0	0	0	0	0	0	0	1	0	0	1	0	0	1	1	0	1	0	0	0	0	0	1	1	1	1	0	0	0	1	0	0	1	1	0	0	1	0	0	0	0	0	0	1	0	0	0	0	0	0	1	0	0	0	1	0	0	0	1	1	1	0	0
Mp4g13100	neg	0	0	0	1	0	0	0	0	0	0	0	1	0	0	1	0	0	1	0	1	0	0	1	1	0	1	0	1	0	0	1	0	1	1	1	0	1	1	1	1	1	0	1	1	1	1	1	1	0	0	0	0	1	0	1	1	1	0	0	0	1	0	1	1	0	1	1	1	0	1	0	1
Mp4g13210	neg	0	0	0	1	0	0	0	0	0	1	1	1	0	0	1	0	0	0	0	0	1	0	0	0	0	0	0	0	0	0	0	0	0	0	0	0	1	0	0	0	1	1	1	1	1	0	0	1	1	1	1	0	0	0	0	0	1	0	1	1	0	0	1	1	0	1	1	0	1	1	0	1
Mp4g14380	neg	1	0	1	1	0	0	0	0	1	1	0	0	0	0	1	1	1	1	0	0	0	0	1	1	0	0	1	0	0	0	0	1	1	1	0	1	1	0	0	0	0	1	0	1	0	0	0	0	0	0	1	0	0	0	0	1	1	0	0	0	0	0	1	1	1	1	0	0	1	0	1	0
Mp4g15520	neg	0	0	0	0	0	1	0	0	1	1	1	0	0	0	0	0	0	1	1	1	0	0	0	0	0	1	0	0	0	0	1	1	0	1	0	1	0	1	0	0	0	0	0	0	1	0	0	1	0	0	1	0	0	1	1	1	1	0	0	1	0	1	1	0	0	0	0	0	1	0	0	0
Mp4g15730	neg	1	0	1	0	0	0	0	0	0	1	0	0	0	0	1	0	0	0	0	0	0	0	1	0	0	0	0	0	0	0	0	1	1	0	0	0	0	1	1	0	0	1	0	0	1	0	1	1	0	0	1	0	0	0	1	0	0	0	1	0	0	1	1	1	0	0	0	0	0	0	1	0
Mp4g15890	neg	0	0	0	0	0	0	0	0	0	0	1	1	0	0	1	1	0	0	0	1	1	1	0	0	0	1	0	0	0	0	1	1	1	0	0	0	0	0	0	1	1	0	0	1	1	0	1	1	0	0	0	1	1	0	1	0	0	1	1	0	0	0	1	1	1	0	1	0	0	1	0	0
Mp4g16100	neg	1	0	1	0	0	0	0	0	0	1	0	0	0	0	1	1	1	0	0	0	0	0	1	0	1	1	0	1	0	0	0	0	0	1	0	0	1	0	0	1	0	0	1	0	1	1	1	0	1	0	0	0	0	0	1	1	1	0	1	1	0	0	0	0	0	0	1	1	1	0	0	0
Mp4g17660	neg	0	0	0	0	0	0	0	0	0	1	0	0	0	0	0	1	1	0	0	0	0	0	0	0	0	0	0	1	1	0	1	0	0	0	0	0	1	1	0	0	0	1	1	0	1	0	1	1	0	0	1	0	0	0	1	0	0	0	1	0	0	0	0	0	0	0	0	0	0	0	0	0
Mp4g17680	neg	0	1	0	0	1	0	0	0	0	0	0	0	0	1	1	0	0	0	0	1	0	0	1	0	1	0	0	1	0	0	1	0	0	0	0	1	1	1	0	0	1	1	0	1	0	1	0	1	1	0	0	0	1	0	1	1	1	1	0	0	0	0	0	1	0	0	1	0	1	0	1	0
Mp4g18030	neg	0	0	0	1	1	0	1	1	1	0	0	0	0	0	0	1	0	0	0	1	0	0	1	0	0	0	0	0	0	0	1	1	1	1	1	0	1	1	1	0	0	0	1	0	0	0	0	1	0	0	0	1	0	0	0	1	0	1	1	0	0	0	1	1	1	0	1	0	0	0	0	0
Mp4g18090	neg	1	0	1	0	0	0	0	0	1	1	0	0	0	0	1	1	1	1	0	1	0	0	1	1	0	0	0	0	0	0	1	1	0	0	0	1	0	1	0	1	0	0	1	0	1	1	0	1	0	0	1	1	1	0	0	0	1	0	0	0	1	1	1	1	0	0	1	0	0	0	1	0
Mp4g18110	neg	0	0	0	1	0	1	0	0	1	0	0	1	0	0	1	1	0	0	0	1	0	0	0	0	0	0	0	1	0	0	0	0	0	0	0	0	1	1	1	0	1	0	0	1	0	0	0	0	0	0	0	0	1	0	0	0	0	0	0	0	0	0	1	1	0	1	1	1	0	0	0	0
Mp4g18400	neg	0	0	0	0	0	0	1	0	1	1	0	0	0	0	1	0	0	1	1	0	0	0	1	1	0	0	0	0	0	0	0	1	0	1	0	1	1	1	0	0	0	0	1	0	0	0	1	0	1	1	1	0	1	0	1	0	1	0	1	0	0	1	1	0	0	1	0	0	1	0	1	1
Mp4g19640	neg	1	0	0	1	0	0	0	0	0	1	1	0	0	0	1	0	1	0	0	0	0	0	0	0	0	0	0	1	1	0	0	1	0	0	0	1	1	1	1	0	1	1	1	0	0	0	1	0	1	0	1	0	1	0	1	1	1	0	0	1	0	0	0	0	1	1	0	0	0	0	0	1
Mp4g20560	neg	1	0	0	0	0	0	0	0	0	0	0	1	0	0	0	1	1	0	0	0	0	0	0	0	0	1	0	0	0	0	0	0	0	0	0	0	1	0	0	0	1	0	0	0	0	0	0	0	0	0	0	0	1	0	0	1	0	0	0	0	0	0	0	1	0	0	0	0	1	0	1	1
Mp4g21440	neg	0	0	1	0	0	0	0	0	0	1	0	0	0	0	0	0	1	0	0	0	0	0	1	0	0	0	0	0	0	0	0	1	0	1	0	0	0	0	0	0	0	0	0	0	0	0	0	0	1	0	1	0	0	0	1	0	0	0	0	0	1	1	1	0	0	0	0	0	0	0	0	0
Mp4g21520	neg	0	0	1	0	0	0	0	1	0	0	0	0	0	0	0	0	1	1	1	1	0	0	1	0	1	1	0	1	1	0	0	1	1	1	1	1	0	1	0	0	1	0	1	1	0	0	0	0	0	0	1	1	0	0	1	1	1	1	1	0	0	0	1	0	1	0	1	0	1	0	0	1
Mp4g23040	neg	0	0	1	1	0	0	0	0	1	1	0	0	0	0	1	0	1	0	0	1	0	0	1	1	0	1	0	1	1	0	0	1	1	0	0	1	1	1	1	0	1	0	0	1	0	1	1	0	0	0	0	0	1	1	0	1	1	0	0	0	1	0	1	1	1	0	1	0	0	1	0	1
Mp5g00230	neg	1	0	0	0	0	0	0	0	0	1	1	1	1	0	0	0	1	0	0	1	0	0	0	0	0	0	1	1	1	0	1	0	1	1	0	1	0	0	1	0	1	0	1	0	1	0	0	1	1	1	1	0	1	0	1	0	0	0	0	0	0	1	1	1	0	0	0	1	0	0	0	0
Mp5g02260	neg	1	0	1	1	0	0	0	0	1	1	0	0	0	0	1	1	1	0	0	1	0	0	0	0	0	1	1	1	0	0	0	0	0	0	0	1	0	0	0	0	1	1	1	0	1	0	1	0	0	0	0	1	0	0	0	0	1	1	0	0	0	0	1	1	0	0	0	1	1	1	0	0
Mp5g03350	neg	1	0	1	0	0	0	0	0	0	1	0	0	0	1	1	0	0	1	0	0	0	0	0	0	0	0	0	0	0	0	0	0	0	1	0	0	0	1	0	1	0	0	0	0	0	0	0	1	0	0	0	0	1	0	1	1	1	0	0	0	0	0	0	0	1	1	0	0	1	0	1	1
Mp5g03750	neg	1	0	1	1	0	0	0	0	1	1	1	0	0	0	1	0	1	0	0	1	0	0	1	0	0	1	0	0	0	0	0	0	1	0	0	1	1	0	0	1	1	0	0	1	1	1	0	1	1	0	1	0	0	0	1	0	1	1	1	0	0	0	1	1	0	0	1	0	0	0	1	0
Mp5g03800	neg	1	0	0	1	0	0	0	1	0	0	0	0	0	1	1	1	1	0	0	1	0	0	0	0	0	0	0	1	0	0	0	0	0	0	0	0	0	1	1	0	1	1	0	1	0	1	1	0	0	0	1	0	1	0	1	1	0	1	0	0	0	1	0	1	0	1	0	0	0	0	0	0
Mp5g05100	neg	1	0	0	1	0	0	0	0	0	0	0	0	0	0	0	0	0	1	1	1	0	0	0	0	0	1	0	1	0	0	0	0	0	0	0	0	0	1	0	0	1	1	0	0	0	1	0	0	1	0	1	0	1	0	0	0	0	0	0	0	0	0	1	1	0	0	1	1	0	0	0	1
Mp5g05740	neg	1	1	0	1	0	0	0	0	0	1	1	0	0	0	1	1	1	1	1	0	0	0	0	0	0	1	0	0	0	1	0	0	0	0	0	1	1	0	1	0	0	1	0	0	1	0	0	1	0	0	1	0	0	0	1	1	0	0	1	0	1	0	1	1	0	0	1	0	1	0	1	1
Mp5g06210	neg	0	0	1	0	0	0	0	0	0	1	0	1	0	0	1	1	0	0	0	1	0	0	1	0	0	1	0	1	0	0	0	0	1	1	1	0	1	1	1	0	1	0	0	0	0	1	1	1	0	0	0	0	1	1	1	1	1	0	1	0	0	0	1	1	0	1	0	0	0	0	0	1
Mp5g07460	neg	0	0	0	0	0	0	0	0	1	1	0	0	0	0	0	0	1	0	0	0	0	0	1	0	0	0	0	1	0	0	0	1	1	1	0	1	1	1	0	0	1	0	1	0	0	0	0	0	1	0	1	0	1	0	1	0	0	0	0	0	0	0	1	1	0	0	0	0	0	0	0	1
Mp5g07580	neg	0	0	0	1	0	0	0	0	0	0	1	0	0	0	1	0	0	0	0	1	0	0	1	1	0	0	1	1	1	0	1	0	0	0	0	0	1	0	0	1	1	0	0	0	0	0	1	1	0	0	1	1	1	0	0	1	1	0	0	0	0	1	0	1	0	0	0	0	0	0	0	1
Mp5g08480	neg	1	0	1	0	0	0	0	0	0	1	0	0	0	0	1	0	1	0	0	0	0	0	0	0	0	0	0	0	0	0	0	1	0	1	0	1	0	1	0	0	0	0	1	1	0	1	0	1	0	0	0	0	1	1	1	1	1	0	1	0	0	0	1	1	1	1	0	0	0	0	0	0
Mp5g08660	neg	0	1	1	1	0	0	0	1	0	1	0	0	0	0	0	1	1	0	0	0	0	0	0	0	0	1	0	1	1	0	1	1	0	1	1	0	1	0	0	1	1	0	0	0	1	1	0	0	0	0	0	0	0	0	1	0	1	0	1	0	0	0	1	1	1	0	1	1	1	0	1	0
Mp5g09690	neg	0	0	1	1	0	0	0	0	0	0	1	1	0	1	0	0	1	1	1	0	0	0	1	1	0	1	0	1	0	0	1	1	1	1	0	0	0	1	0	1	0	1	1	1	0	0	1	1	0	0	1	0	0	0	1	0	1	0	1	0	1	1	1	0	0	0	1	0	1	0	0	0
Mp5g10840	neg	1	0	1	0	0	0	0	0	0	1	0	0	0	1	1	0	1	0	0	1	1	0	1	0	0	0	0	0	0	0	1	1	1	0	0	0	1	1	0	1	1	0	0	1	1	1	0	1	1	0	0	1	1	0	1	1	1	1	0	0	1	0	1	1	1	0	1	1	0	0	0	1
Mp5g10990	neg	0	0	1	0	0	0	0	0	0	0	0	0	0	0	1	0	1	0	0	0	0	0	1	0	1	1	0	1	0	0	1	1	1	0	0	0	0	1	0	0	1	0	1	1	0	0	1	1	1	1	0	0	1	0	1	1	1	0	1	1	0	0	1	1	0	0	0	0	0	0	0	0
Mp5g11540	neg	0	0	0	0	0	0	0	0	0	0	0	1	1	0	0	0	1	0	0	0	0	0	1	0	1	1	0	1	1	0	0	0	0	0	0	0	1	1	1	0	1	0	1	1	1	0	1	1	1	0	1	1	1	1	0	0	1	0	0	0	0	1	1	1	0	0	1	0	0	0	0	0
Mp5g14160	neg	1	0	1	1	0	0	0	0	1	0	0	0	0	0	1	0	1	1	0	0	0	0	1	0	0	1	0	0	0	0	0	0	1	0	0	1	0	1	1	1	1	0	1	0	0	0	1	0	1	1	1	1	1	0	1	0	1	1	1	0	0	0	0	1	0	0	1	1	0	0	1	1
Mp5g15020	neg	0	0	1	0	0	0	0	0	0	1	1	1	0	0	0	1	0	0	0	0	0	0	0	0	0	0	0	1	0	0	0	1	1	0	0	0	0	0	0	0	0	1	1	0	0	0	1	1	0	0	0	0	1	0	1	0	0	0	0	0	1	0	0	1	0	0	0	0	1	0	0	0
Mp5g15420	neg	1	0	0	1	0	0	0	0	0	0	0	1	1	0	1	0	0	1	1	0	0	0	0	0	0	0	0	0	0	0	1	1	1	1	0	1	1	1	1	0	1	0	0	0	1	1	1	1	0	0	0	0	0	0	1	0	1	0	1	0	0	0	1	0	1	0	0	0	0	0	1	0
Mp5g17390	neg	0	0	0	1	0	0	0	0	1	0	0	1	0	0	1	0	0	0	0	1	1	0	1	1	0	0	1	1	1	0	0	0	0	1	0	1	0	0	0	1	1	1	1	1	0	0	1	1	1	1	1	0	1	0	1	1	1	1	1	0	0	0	1	1	1	0	1	0	0	0	0	0
Mp5g17650	neg	1	0	0	0	0	1	1	1	0	0	0	0	0	0	1	1	0	1	1	0	0	0	0	0	0	1	0	1	1	0	1	0	1	0	0	1	0	0	0	0	0	0	0	0	0	0	0	0	0	0	0	0	0	1	0	0	1	0	0	0	1	0	1	1	1	1	1	0	0	0	0	1
Mp5g17680	neg	0	0	0	0	1	0	0	0	0	1	0	1	0	0	0	0	1	0	0	1	0	0	0	0	0	0	0	0	0	0	1	1	0	0	0	0	1	1	0	0	0	0	1	1	0	0	1	1	0	0	1	1	0	0	1	0	1	0	0	0	0	0	0	0	0	0	0	0	1	0	0	1
Mp5g18080	neg	0	0	1	1	1	0	0	0	0	0	0	0	0	0	1	1	0	0	0	0	0	0	0	0	0	1	1	1	1	0	0	1	1	0	0	1	0	1	0	1	0	0	1	1	0	0	1	0	1	0	0	1	0	1	1	0	0	0	1	1	0	0	1	0	0	1	1	0	0	0	0	0
Mp5g18590	neg	1	1	1	0	0	0	0	0	1	1	1	0	0	0	1	0	0	0	0	0	0	0	1	1	0	0	0	0	0	0	0	0	0	0	0	1	1	0	0	1	0	0	0	0	0	1	0	0	0	0	0	1	0	0	1	1	1	0	1	1	1	1	1	0	0	0	1	1	0	0	0	0
Mp5g19530	neg	1	1	1	1	1	0	0	0	1	1	0	0	0	0	1	0	1	0	0	0	1	0	0	0	0	1	0	1	0	0	1	1	1	0	0	1	0	1	0	0	1	1	1	0	0	0	0	1	0	0	1	1	0	0	1	0	0	1	1	0	0	0	1	1	0	1	0	1	0	1	0	0
Mp5g20260	neg	0	0	0	0	0	0	0	0	0	0	0	1	0	0	1	0	0	0	0	1	0	0	0	0	0	0	0	1	1	0	0	0	1	0	0	1	1	1	0	1	0	0	0	0	0	0	1	0	0	0	0	0	1	0	1	1	1	0	0	1	0	1	1	1	1	1	0	1	0	1	0	1
Mp5g20530	neg	0	0	1	1	0	0	0	0	0	1	0	0	0	0	0	1	0	0	0	1	0	0	1	0	0	1	0	1	0	0	1	0	1	1	1	0	0	1	1	0	0	1	1	1	0	0	1	0	0	0	0	0	0	0	1	0	1	0	0	0	0	0	1	1	1	1	1	0	1	0	0	0
Mp5g20580	neg	0	0	0	1	0	0	0	0	1	0	0	1	0	0	0	1	0	0	0	1	0	0	1	0	0	0	0	1	1	0	0	1	1	1	0	1	1	0	0	1	0	0	0	1	0	0	1	0	0	0	0	0	1	0	1	0	1	0	0	0	0	1	1	1	0	0	0	0	0	0	1	1
Mp5g21650	neg	1	0	0	1	1	0	0	0	0	0	1	0	0	0	0	0	0	0	0	0	0	0	1	0	0	0	0	0	0	0	1	0	0	0	0	1	1	0	0	0	1	1	1	1	0	1	1	1	1	0	1	0	0	0	0	0	1	0	1	0	1	0	1	1	0	0	1	0	1	0	0	0
Mp5g22870	neg	0	0	0	0	1	0	1	0	0	1	0	0	0	0	1	0	1	0	0	1	0	0	0	0	0	0	0	1	0	0	1	1	0	0	0	1	0	0	0	0	0	1	0	0	0	0	0	1	0	0	1	0	0	0	0	1	0	0	1	1	0	0	1	1	0	0	1	0	0	0	0	0
Mp5g23950	neg	0	0	1	1	0	0	0	0	0	1	0	0	0	0	0	1	0	0	0	1	0	0	0	0	0	1	0	1	0	0	0	1	1	0	0	0	0	1	0	0	1	0	1	0	0	1	0	0	1	1	0	0	1	0	0	1	1	1	0	1	0	0	1	1	0	0	0	0	1	0	0	0
Mp5g24030	neg	1	0	1	0	0	0	0	0	0	1	1	1	1	0	0	1	1	0	0	1	0	0	1	0	0	0	0	1	0	0	0	0	0	0	0	1	0	0	0	0	0	1	0	0	0	1	0	0	0	0	1	0	0	0	0	1	0	0	0	0	1	1	0	1	0	1	1	1	0	0	1	1
Mp6g01020	neg	0	0	0	1	0	0	0	0	0	0	0	1	0	0	0	0	0	1	1	0	0	0	0	0	0	1	0	0	0	0	1	0	1	0	0	1	1	1	0	0	0	1	0	0	0	1	0	1	0	0	0	0	0	0	1	1	0	0	1	0	0	0	1	1	0	0	0	0	0	0	0	1
Mp6g01710	neg	0	0	1	0	1	0	1	0	0	1	1	0	0	1	0	0	0	0	0	0	0	0	1	0	0	0	0	1	1	0	1	1	0	1	0	0	1	0	1	0	0	0	1	1	0	0	0	1	0	0	1	0	1	1	1	1	0	1	1	0	0	0	1	0	0	0	1	0	0	1	0	1
Mp6g04320	neg	1	0	0	1	0	1	0	0	0	0	1	1	0	0	0	1	0	0	0	1	0	0	0	0	0	0	0	1	0	0	0	1	0	0	0	1	0	1	0	0	1	0	1	0	1	0	0	1	0	0	1	0	1	0	1	1	0	1	1	1	1	0	1	0	0	0	0	0	0	1	0	0
Mp6g04490	neg	0	0	0	1	0	0	0	0	0	0	0	0	0	0	1	0	0	0	0	1	1	0	1	0	0	0	1	1	0	0	0	0	0	0	0	1	0	0	0	1	1	0	1	1	0	0	0	0	1	1	0	0	1	0	0	1	1	0	0	0	0	0	1	1	0	0	1	0	1	0	0	0
Mp6g04560	neg	0	0	0	1	0	0	0	0	0	1	0	1	0	0	0	1	1	0	0	1	0	0	1	1	0	1	0	1	1	0	1	1	0	0	0	1	1	1	1	1	1	1	0	0	0	0	1	0	0	0	1	1	1	0	0	1	0	0	1	0	0	0	0	1	0	1	1	0	0	0	1	0
Mp6g05400	neg	0	0	0	1	0	0	0	0	1	0	0	0	0	0	0	1	1	1	0	1	0	0	0	0	0	0	0	1	0	0	0	1	1	0	0	0	0	0	0	0	1	0	0	1	1	1	1	1	0	0	1	0	1	0	1	0	1	0	1	1	0	0	1	0	0	1	0	0	1	0	1	1
Mp6g05620	neg	1	0	1	1	0	0	0	1	0	1	1	1	1	0	1	0	1	1	0	1	0	0	1	0	0	0	0	1	1	0	0	0	0	1	0	1	1	0	1	0	0	1	0	1	0	0	0	0	1	1	1	1	0	0	1	1	1	1	0	0	0	0	0	1	0	1	1	1	0	0	1	0
Mp6g06790	neg	1	0	1	0	0	0	0	0	0	1	0	0	0	0	1	0	1	1	1	1	0	0	1	1	0	1	0	0	0	0	0	1	1	0	0	1	0	0	1	0	0	0	1	1	1	1	0	1	0	0	1	1	0	0	0	0	1	1	1	0	0	0	1	1	0	1	1	1	1	1	0	1
Mp6g08590	neg	1	0	0	0	1	0	0	0	0	1	0	0	0	0	0	0	0	1	1	0	0	0	0	0	0	1	1	1	1	0	1	0	0	0	0	1	0	0	0	0	1	0	0	0	0	0	0	0	0	0	0	0	0	1	1	0	1	0	0	0	0	0	1	0	1	1	0	1	0	0	0	1
Mp6g09430	neg	0	0	1	1	0	0	0	0	0	1	1	1	0	0	1	0	1	0	0	1	0	0	1	0	0	0	1	1	1	0	1	1	1	1	0	1	0	1	0	0	1	0	0	1	0	0	0	0	0	0	1	0	1	0	0	1	1	1	0	0	0	0	1	0	0	0	0	1	0	1	0	0
Mp6g11950	neg	0	0	1	0	0	0	0	0	0	0	0	0	0	0	0	1	0	0	0	1	0	0	1	0	0	1	0	0	0	0	0	1	0	1	0	0	1	1	1	0	1	0	1	0	1	1	0	1	0	0	1	0	0	0	0	1	0	1	1	0	0	0	1	0	0	0	0	0	1	1	1	1
Mp6g15090	neg	1	0	1	1	0	1	0	1	0	0	0	1	0	0	0	1	1	0	0	1	0	0	0	0	1	0	0	1	0	0	0	0	1	1	1	0	1	1	0	0	0	1	1	1	0	0	0	1	0	0	1	1	0	0	0	1	1	0	0	1	0	1	1	0	0	0	1	1	0	0	0	1
Mp6g15570	neg	0	0	0	1	0	0	0	0	1	1	1	0	0	0	0	0	0	0	0	0	0	0	0	0	1	0	1	1	0	0	0	0	1	1	0	0	1	0	0	0	1	0	1	0	1	0	0	0	0	0	1	0	0	1	0	1	0	0	0	1	0	1	0	1	1	0	0	0	0	0	1	0
Mp6g16460	neg	1	0	0	1	0	0	0	0	0	0	0	1	0	0	0	0	0	0	0	0	0	0	1	0	0	0	0	0	0	0	0	0	1	1	1	0	0	1	0	0	0	1	1	0	0	0	1	0	0	0	1	0	0	0	1	1	0	0	1	0	0	0	0	0	0	0	0	0	0	0	0	0
Mp6g17060	neg	0	0	0	1	0	0	0	1	1	0	0	0	0	0	0	1	1	1	0	1	0	0	1	0	0	1	0	0	0	0	0	0	1	1	0	1	1	1	0	1	1	0	0	1	1	0	1	0	1	0	0	0	1	0	0	1	1	0	0	1	0	0	1	1	0	1	1	1	0	1	0	0
Mp6g17710	neg	1	0	0	1	0	1	0	0	0	1	0	1	0	0	1	1	1	0	0	1	1	0	1	0	0	1	0	0	0	0	1	1	0	1	1	0	0	1	0	1	1	0	0	1	0	0	0	0	0	0	0	0	1	0	1	1	0	1	1	0	0	0	1	0	0	1	1	0	0	1	1	0
Mp6g18020	neg	1	0	1	1	0	0	0	0	0	0	0	0	0	0	1	1	1	0	0	1	1	0	0	0	1	0	0	0	0	0	0	1	1	0	0	1	1	1	1	0	0	0	1	0	0	0	0	0	0	0	0	0	1	0	1	1	1	0	1	1	0	1	0	1	0	0	0	1	1	1	1	1
Mp6g18210	neg	0	0	1	0	0	0	0	0	0	1	0	0	0	0	1	1	0	0	0	0	1	1	0	0	0	0	0	0	0	0	0	1	1	0	0	0	0	0	1	0	0	0	0	0	0	1	0	1	0	0	0	0	0	0	0	0	1	1	0	0	0	0	1	0	0	0	0	0	0	1	0	1
Mp6g18400	neg	0	0	1	0	0	0	0	0	0	1	0	1	0	0	1	0	1	0	0	1	0	0	1	0	0	0	0	0	0	0	0	1	0	1	0	0	0	1	1	0	1	0	1	0	0	1	0	0	0	0	1	0	0	0	0	1	0	0	0	0	0	0	1	1	1	0	0	0	0	0	0	0
Mp6g18960	neg	0	0	0	0	0	0	0	0	0	0	1	1	0	0	1	0	0	0	0	1	0	0	0	0	0	0	0	1	0	0	0	0	0	0	0	1	0	1	1	0	1	1	0	1	0	0	1	0	0	0	1	0	1	1	1	1	0	0	1	0	0	0	1	1	0	0	0	0	1	1	1	1
Mp6g19140	neg	0	0	0	1	0	0	0	0	1	0	0	0	0	0	1	0	1	1	1	0	0	0	1	1	1	1	0	1	0	0	0	1	0	0	0	1	0	0	1	1	1	0	0	0	0	1	0	0	0	0	0	0	1	0	1	1	1	0	0	1	0	0	1	0	0	1	1	0	0	1	1	1
Mp6g19710	neg	0	0	0	0	0	0	0	0	0	0	0	0	0	0	0	0	1	0	0	0	0	0	1	0	0	1	0	0	0	0	1	0	1	0	0	0	1	1	0	0	0	0	0	0	0	0	0	0	0	0	1	0	1	0	1	1	1	0	1	0	0	0	0	0	0	0	1	0	1	0	0	0
Mp6g20090	neg	1	0	1	0	0	0	1	0	0	1	0	0	0	0	0	0	0	0	0	1	0	0	0	0	0	0	0	0	0	0	1	0	0	0	0	0	0	1	0	0	0	0	0	0	1	0	0	0	0	0	1	1	0	0	1	0	0	0	0	0	0	1	1	0	0	0	0	0	1	0	0	1
Mp6g20530	neg	0	0	0	0	0	1	0	0	0	0	1	0	0	1	0	0	1	1	0	0	0	0	0	0	0	0	0	1	1	0	0	1	0	0	0	0	1	1	0	0	0	1	0	1	0	0	1	0	0	0	0	0	0	0	1	1	0	0	0	0	0	0	1	0	0	1	1	0	1	1	1	0
Mp6g20550	neg	1	0	0	0	0	0	0	0	0	0	0	0	0	0	0	0	0	1	0	1	0	0	1	1	0	0	0	1	0	0	1	1	1	1	1	1	1	1	1	0	1	1	0	0	1	0	0	0	0	0	0	0	1	0	1	0	1	0	0	1	0	0	0	0	0	0	0	1	1	0	1	0
Mp6g20910	neg	1	0	0	0	0	0	0	1	1	1	0	0	0	0	1	0	1	0	0	1	1	0	1	0	1	1	1	1	1	0	1	1	1	0	0	0	0	1	0	1	1	0	1	0	0	0	0	1	1	0	1	1	1	0	1	1	1	1	1	1	0	1	0	0	0	0	0	0	0	0	0	0
Mp6g20990	neg	1	0	0	1	0	0	0	0	1	0	0	1	0	0	1	0	0	0	0	0	0	0	0	0	0	1	0	1	0	0	0	1	1	0	0	1	1	0	0	0	1	0	1	0	1	0	0	1	0	0	1	0	1	0	1	0	1	1	1	0	0	1	0	0	0	0	1	0	0	0	0	0
Mp6g21480	neg	1	0	1	0	0	0	0	0	0	0	0	0	0	0	0	0	0	0	0	0	0	0	0	0	0	0	0	1	0	0	0	1	1	0	0	0	1	0	1	0	0	0	1	0	0	0	0	0	1	0	0	0	0	0	0	0	0	0	0	0	0	1	0	0	1	0	0	0	0	0	0	1
Mp7g00800	neg	1	1	0	1	0	0	0	0	0	0	0	0	0	0	1	1	0	1	0	0	1	0	1	0	0	0	0	0	0	0	0	0	0	1	1	0	1	1	0	1	1	0	1	1	0	0	0	0	0	0	0	0	0	0	0	1	1	0	0	0	0	0	1	1	0	0	1	1	0	0	0	1
Mp7g02550	neg	0	0	0	0	0	0	0	0	1	0	1	0	0	0	1	0	1	1	1	0	1	0	1	0	0	1	0	0	0	0	1	1	0	0	0	0	1	0	0	1	0	1	0	0	1	1	0	1	0	0	0	1	0	0	0	0	1	1	1	0	1	0	1	0	0	1	1	0	0	0	1	0
Mp7g02690	neg	0	0	0	1	0	0	0	0	0	0	0	0	0	0	1	1	1	1	1	0	0	0	1	0	0	0	0	1	1	0	0	1	1	0	0	0	0	1	0	1	0	0	1	1	1	0	1	0	0	0	0	0	1	0	0	1	1	0	0	0	0	0	1	0	1	0	0	1	0	0	0	0
Mp7g02790	neg	0	0	0	0	0	0	1	0	1	1	0	1	0	0	0	1	1	0	0	0	0	0	1	1	0	1	0	1	0	0	1	0	0	1	0	0	1	1	1	1	0	1	1	1	0	1	1	0	1	0	1	1	1	0	0	1	1	0	1	0	0	0	0	0	0	1	1	0	0	0	0	1
Mp7g04590	neg	1	0	1	1	0	0	0	0	1	0	0	0	0	0	1	0	1	1	0	0	0	0	1	1	0	1	0	0	0	1	0	1	0	1	1	1	0	0	1	0	1	1	0	0	0	0	0	0	0	0	0	0	0	0	1	0	1	0	1	0	0	0	0	1	1	0	1	1	0	1	0	1
Mp7g05790	neg	0	0	0	0	0	0	1	0	0	0	0	0	0	1	1	1	1	0	0	1	0	0	0	0	0	0	0	0	0	0	1	0	0	1	0	0	0	1	0	0	0	0	0	1	1	0	1	0	1	0	0	1	0	1	1	0	0	1	0	0	0	1	0	1	0	0	0	0	1	0	0	1
Mp7g06240	neg	1	0	1	1	0	0	0	0	0	0	0	0	0	0	0	0	0	1	0	1	0	0	0	0	0	1	0	0	0	0	0	0	1	0	0	0	0	1	1	0	1	0	1	0	1	1	0	0	0	0	0	1	1	0	1	0	0	1	1	1	1	0	1	1	1	1	1	0	0	0	0	1
Mp7g06350	neg	1	0	1	1	0	0	0	0	0	1	0	1	0	0	1	1	0	0	0	0	0	0	1	0	0	0	0	0	0	0	0	1	0	1	0	1	0	0	1	0	1	1	0	0	0	0	0	0	1	0	0	1	0	0	0	1	1	1	0	0	0	1	1	1	0	0	0	0	0	0	0	0
Mp7g07700	neg	0	1	0	0	0	0	0	0	0	0	1	0	0	0	1	0	0	1	0	1	1	0	1	1	0	0	0	0	0	0	0	0	1	1	0	0	1	0	1	0	0	0	1	0	1	0	1	1	0	0	0	1	1	0	0	0	1	1	0	0	0	0	1	1	0	0	1	0	0	1	1	1
Mp7g08750	neg	1	0	0	0	0	0	0	0	0	1	0	0	0	0	1	0	1	0	0	0	0	0	0	0	0	0	0	0	0	0	1	0	0	0	0	1	1	0	1	0	1	0	1	0	0	0	0	0	1	0	1	1	0	0	1	0	1	0	0	0	0	0	0	1	1	0	0	0	0	1	0	1
Mp7g10600	neg	0	1	1	1	0	0	1	0	0	0	0	0	0	0	0	1	1	1	1	1	0	0	0	0	0	1	0	0	0	0	0	0	0	0	0	1	1	0	0	1	1	0	1	1	0	0	0	0	0	0	1	0	1	0	0	0	1	0	1	0	1	0	0	0	0	0	1	0	0	1	1	1
Mp7g11290	neg	1	0	0	1	1	0	0	0	0	0	0	1	0	0	0	1	0	0	0	1	0	0	0	0	0	1	1	0	0	0	0	1	1	1	0	0	0	1	1	0	1	1	0	1	1	0	0	1	1	1	1	0	1	0	1	1	1	0	0	0	1	0	0	1	1	0	1	0	0	1	0	1
Mp7g12320	neg	0	0	1	1	0	0	0	0	0	1	0	0	0	0	0	0	0	1	0	1	0	0	0	0	0	0	0	1	1	0	0	1	1	1	1	0	1	1	0	1	1	0	0	0	1	0	0	0	0	0	1	0	0	0	1	0	0	0	0	1	0	1	0	0	0	0	0	0	0	0	1	0
Mp7g12510	neg	1	0	1	1	0	0	0	0	0	0	1	0	0	0	0	1	1	0	0	1	0	0	1	0	0	0	0	1	0	0	1	0	1	0	0	1	0	0	0	0	0	1	1	0	0	1	1	0	0	0	1	0	1	0	1	0	1	0	1	1	1	0	0	1	1	0	0	0	1	0	1	0
Mp7g12990	neg	1	0	0	0	0	1	0	0	0	0	0	1	0	0	0	1	1	1	1	1	0	0	1	0	0	1	0	0	0	0	1	0	0	1	0	0	0	0	1	1	0	0	1	1	0	1	1	0	0	0	0	0	1	0	1	1	1	1	1	0	1	0	1	1	0	1	1	0	1	1	1	0
Mp7g13330	neg	0	0	0	1	0	1	0	0	0	1	0	0	0	0	1	1	0	1	0	0	0	0	0	0	0	0	0	0	0	0	1	1	0	1	1	0	0	0	0	0	0	0	1	0	0	0	0	0	1	0	1	0	1	0	1	1	1	0	0	0	0	0	1	1	0	0	1	0	0	0	0	0
Mp7g15110	neg	0	0	1	1	0	0	0	0	1	0	1	0	0	0	1	1	1	0	0	1	0	0	1	1	0	1	0	1	0	0	0	1	0	0	0	0	1	1	0	1	0	1	1	1	0	0	1	0	0	0	0	1	1	0	1	1	1	0	1	1	0	0	0	1	0	0	0	0	0	0	0	0
Mp7g15330	neg	1	0	0	1	0	0	1	0	0	1	1	1	0	0	1	1	1	0	0	1	0	0	0	0	0	0	0	1	0	0	0	0	0	0	0	1	0	0	1	1	0	0	1	0	0	0	0	0	0	0	0	1	1	0	0	0	1	1	1	0	0	0	1	1	0	1	1	0	0	0	0	0
Mp7g15560	neg	1	0	1	1	0	1	0	0	0	1	0	0	0	0	1	1	1	1	1	1	0	0	0	0	0	1	1	1	0	0	0	1	1	0	0	0	1	1	0	0	1	0	0	0	0	0	1	1	0	0	0	1	1	0	1	1	1	0	1	0	0	1	1	1	0	1	1	0	1	0	1	0
Mp7g16100	neg	0	0	0	0	0	0	0	0	0	0	0	1	0	0	1	0	0	0	0	1	0	0	1	0	0	1	0	0	0	0	1	1	0	1	0	0	1	1	1	0	1	1	0	1	0	0	0	0	0	0	0	1	0	0	0	0	0	1	1	1	0	0	1	0	0	0	0	0	1	0	0	0
Mp7g16670	neg	0	0	0	1	0	0	0	0	0	0	0	0	0	0	1	0	0	0	0	1	0	0	1	1	0	1	0	1	1	1	0	0	0	0	0	0	0	1	0	1	1	1	0	0	0	0	0	0	1	0	0	0	0	0	1	1	1	0	0	0	0	0	0	1	0	0	1	0	0	1	0	0
Mp7g16980	neg	0	0	0	1	0	0	0	0	0	0	0	0	0	0	0	1	0	0	0	1	0	0	0	0	1	0	1	1	1	0	0	1	0	1	1	0	1	0	0	1	1	1	0	1	0	0	0	0	0	0	1	0	0	0	1	1	1	0	0	0	0	0	1	1	1	0	1	0	1	0	1	1
Mp7g18320	neg	1	0	1	1	0	0	0	0	1	1	0	0	0	0	1	1	0	0	0	1	0	0	0	0	0	1	0	0	0	0	1	1	1	0	0	1	1	1	0	0	1	0	1	1	0	0	0	1	1	1	1	0	0	0	1	1	1	1	1	1	0	0	0	1	0	0	1	1	0	0	0	0
Mp7g18880	neg	1	0	0	0	0	0	0	0	0	0	0	0	0	0	1	0	1	0	0	1	1	0	0	0	0	1	0	0	0	0	0	1	0	1	0	0	0	0	0	1	1	1	1	0	0	0	1	0	0	0	0	0	0	0	1	1	1	1	1	1	0	0	1	0	0	1	0	1	0	0	1	1
Mp7g19160	neg	1	0	1	0	0	0	0	0	0	1	0	1	0	0	0	0	1	1	0	1	0	0	1	1	0	1	0	0	0	0	0	1	1	1	1	1	0	1	1	0	1	0	0	1	0	0	1	0	0	0	1	0	1	0	1	0	1	0	1	0	1	0	0	1	0	1	1	0	0	1	0	1
Mp8g00030	neg	1	0	0	1	1	1	0	0	0	0	1	0	0	0	0	1	1	1	1	1	0	0	1	1	0	1	0	1	0	0	1	0	0	0	0	1	1	1	0	1	0	1	1	1	0	0	0	1	1	0	0	0	0	0	1	1	1	0	1	1	0	1	0	1	1	1	1	0	1	0	0	0
Mp8g00730	neg	1	1	0	0	0	1	0	0	0	1	1	1	0	0	0	1	1	0	0	0	0	0	1	0	1	1	0	1	0	0	1	1	0	1	0	1	1	1	0	1	1	0	0	0	1	0	0	1	1	0	0	1	0	0	0	1	1	0	0	0	0	0	1	1	0	0	1	1	1	1	0	0
Mp8g00780	neg	0	0	1	0	0	0	0	0	0	1	1	0	0	0	1	0	1	1	1	0	0	0	1	1	0	0	0	0	0	0	0	1	1	0	0	0	0	1	1	0	0	0	0	0	0	0	0	0	1	0	0	0	1	0	1	1	1	1	1	0	0	1	1	1	0	0	1	0	0	0	1	1
Mp8g00870	neg	1	0	0	0	0	0	0	0	0	1	0	0	0	0	0	1	0	0	0	1	0	0	0	0	1	1	1	0	0	0	0	1	1	0	0	0	0	1	0	0	0	0	1	0	1	1	0	0	0	0	1	1	1	0	1	1	1	0	1	0	0	1	0	0	0	0	1	1	1	0	0	1
Mp8g01410	neg	1	1	1	0	0	1	0	0	0	1	1	1	0	0	1	1	0	0	0	1	1	0	1	0	0	1	0	1	0	0	0	1	1	0	0	1	1	1	1	1	1	1	0	0	1	1	1	1	0	0	0	0	0	0	0	1	1	1	0	0	0	0	1	1	0	0	1	0	0	1	0	1
Mp8g02980	neg	1	0	0	0	0	0	0	0	0	0	1	0	0	0	1	1	0	0	0	1	0	0	0	0	0	0	0	0	0	0	0	0	1	1	1	1	0	1	1	0	0	0	1	1	0	0	1	0	0	0	0	0	0	0	0	0	0	1	1	1	0	1	0	0	1	0	0	1	1	0	0	0
Mp8g03900	neg	1	0	0	1	0	0	0	0	0	1	0	0	0	0	0	0	0	1	1	1	0	0	0	0	0	0	0	1	1	0	0	1	0	1	0	1	0	0	0	0	0	0	0	1	0	1	0	0	0	0	1	0	0	0	1	0	0	0	1	0	1	0	1	1	1	0	1	0	0	0	0	0
Mp8g07360	neg	0	0	1	0	0	0	0	0	0	0	0	0	0	0	0	1	0	0	0	0	0	0	1	0	1	0	0	0	0	0	1	0	1	1	0	0	1	1	0	1	1	0	0	0	1	0	0	0	0	0	1	0	0	0	1	0	1	0	0	0	0	0	1	0	0	1	0	0	0	0	0	1
Mp8g07460	neg	0	0	1	1	0	0	0	0	1	1	0	0	0	1	1	1	0	0	0	1	1	0	1	1	0	1	0	1	0	0	1	1	0	0	0	0	1	1	1	1	1	0	1	1	1	0	0	1	1	0	1	0	1	0	0	0	0	0	1	0	0	0	1	1	0	0	0	0	0	1	0	0
Mp8g07990	neg	0	0	0	0	0	0	0	0	0	1	0	0	0	0	0	0	1	0	0	1	0	0	0	0	0	0	0	0	0	0	1	0	1	1	1	1	0	0	0	0	0	0	0	1	0	0	0	1	0	0	1	1	0	0	0	0	1	0	1	0	0	0	0	1	0	0	1	0	0	1	0	1
Mp8g09650	neg	0	0	0	0	0	0	0	0	1	0	1	1	0	0	0	1	0	0	0	1	0	0	1	0	0	1	0	1	0	0	0	0	1	0	0	1	0	0	0	1	1	0	1	0	0	1	0	0	1	0	0	1	0	0	1	0	1	1	1	0	0	1	0	1	0	1	1	0	0	1	0	1
Mp8g11640	neg	0	0	0	0	0	0	1	0	0	0	0	0	0	0	0	1	1	0	0	1	0	0	0	0	0	0	0	0	0	0	0	1	1	1	0	1	1	1	0	0	1	0	1	1	0	1	0	1	0	0	1	0	1	1	0	0	1	1	1	0	0	1	1	1	1	0	1	1	0	0	0	0
Mp8g12230	neg	0	1	1	0	0	0	0	0	0	1	1	1	0	1	1	0	1	0	0	1	1	0	1	0	1	1	0	0	0	0	0	1	1	1	0	0	0	0	0	0	0	0	0	0	0	1	1	0	0	0	0	0	0	0	0	1	0	0	1	0	1	0	1	1	0	0	1	0	0	1	1	1
Mp8g12870	neg	1	1	1	1	0	0	0	0	0	1	1	0	0	0	0	0	0	0	0	1	0	0	1	0	0	0	0	0	0	0	0	1	0	0	0	1	0	0	0	0	1	1	0	0	0	1	0	0	0	0	1	1	0	0	1	0	1	1	1	0	0	0	1	1	0	1	0	0	1	0	0	0
Mp8g12980	neg	0	0	1	1	0	0	0	0	0	1	0	1	1	0	1	0	1	0	0	0	1	1	1	0	0	0	0	1	0	0	0	1	0	1	1	1	1	1	1	0	1	0	1	0	1	0	0	1	0	0	1	0	0	0	0	0	0	0	1	1	0	0	1	1	1	0	1	0	1	1	0	1
Mp8g13010	neg	1	0	0	0	0	0	0	0	0	0	0	0	0	0	0	0	1	1	0	0	0	0	0	0	0	0	0	0	0	0	1	0	1	0	0	1	0	0	0	0	0	0	0	0	0	0	0	0	1	1	0	0	0	0	0	1	1	0	1	0	0	0	1	0	0	1	0	0	0	0	0	0
Mp8g13280	neg	0	0	0	0	0	0	0	0	1	0	1	0	0	0	0	0	0	1	0	1	0	0	0	0	0	0	0	1	0	0	1	1	1	0	0	0	1	1	1	0	1	0	1	0	1	0	0	1	0	0	0	0	0	0	1	1	1	0	0	0	0	0	0	0	0	1	1	0	0	1	0	0
Mp8g14410	neg	1	0	1	1	0	0	0	0	0	1	1	0	0	0	0	1	0	1	1	0	0	0	0	0	1	0	0	1	1	0	0	0	1	0	0	1	0	0	0	0	0	0	1	0	0	0	0	1	0	0	0	0	0	0	0	1	1	0	1	0	0	0	1	0	1	0	1	0	0	1	0	0
Mp8g16280	neg	0	0	0	0	0	0	0	0	0	1	0	0	0	0	1	1	0	0	0	0	0	0	1	1	0	1	0	1	0	0	0	1	1	1	1	0	1	0	0	1	0	0	0	0	0	0	1	0	0	0	1	0	1	0	1	0	1	0	1	1	0	1	1	0	1	0	1	0	0	0	0	1
Mp8g17440	neg	0	0	0	0	0	0	0	0	0	1	1	1	1	0	0	0	0	1	1	1	0	0	1	0	0	0	1	1	1	0	0	0	1	0	0	0	0	1	1	0	1	0	0	1	1	0	0	0	0	0	1	0	0	0	1	1	0	0	0	0	0	0	1	0	0	0	1	0	0	0	0	1
Mp8g18730	neg	1	0	0	0	0	0	0	0	0	1	0	1	0	0	1	1	1	1	0	1	1	1	1	0	0	0	0	0	0	0	1	1	1	0	0	0	1	1	1	0	1	1	0	1	1	1	0	0	1	0	1	0	0	0	1	0	1	0	0	0	0	1	1	1	1	0	1	0	0	0	0	0
MpVg00450	neg	0	0	1	0	0	0	0	0	1	1	0	0	0	0	0	0	1	0	0	1	0	0	1	0	0	0	0	0	0	0	1	1	1	1	1	1	1	1	0	0	0	1	0	0	1	0	0	1	1	0	1	0	0	0	0	0	0	1	0	0	0	0	1	1	0	0	0	0	0	1	1	0
