peak	Class	H2Aub	H2AZ	H3	H3K4me1	H3K4me3	H3K9ac	H3K9me1	H3K14ac	H3K27me1	H3K27me3	H3K36me3
chr1.3581278.3581393	pos	0	1	0	1	1	1	1	1	1	0	1
chr1.18064221.18064295	pos	0	0	0	1	0	0	0	1	0	0	1
chr1.20584805.20584922	pos	0	1	1	0	0	0	1	0	1	0	0
chr1.23733671.23733916	pos	0	0	0	0	0	0	1	0	1	0	1
chr1.28813550.28813675	pos	0	1	1	0	0	0	1	1	1	0	0
chr2.700170.700417	pos	0	0	0	0	0	0	1	0	0	1	0
chr2.8763215.8763355	pos	0	1	0	1	1	1	0	1	0	0	1
chr2.13458351.13458462	pos	1	1	0	1	1	0	0	1	0	1	0
chr2.17937048.17937157	pos	0	1	0	0	1	0	1	1	1	0	1
chr2.20155399.20155632	pos	0	1	1	1	0	0	1	0	1	0	0
chr2.27342679.27342884	pos	1	1	0	0	1	0	1	0	0	1	0
chr2.27621142.27621471	pos	0	1	1	0	0	1	1	0	1	0	0
chr3.3949530.3949988	pos	0	1	1	0	1	1	0	0	0	0	1
chr3.18378607.18378724	pos	0	1	1	1	0	1	1	1	1	0	0
chr3.19136919.19137433	pos	0	1	0	0	0	0	1	0	1	0	0
chr4.42935.43083	pos	0	1	1	1	0	0	1	1	1	0	1
chr4.2918427.2918571	pos	1	1	0	1	1	0	0	1	0	0	1
chr4.11279666.11279886	pos	0	0	0	1	0	0	0	0	0	0	1
chr4.21096414.21096569	pos	0	1	0	1	0	0	1	0	1	1	0
chr4.21631607.21631723	pos	0	1	1	1	0	1	1	1	1	0	1
chr4.23690963.23691055	pos	0	0	0	1	0	0	0	0	0	0	0
chr4.25292813.25292921	pos	0	1	1	1	1	1	1	1	0	0	1
chr5.6118371.6118569	pos	0	1	0	1	1	1	1	1	0	1	0
chr5.8974445.8974577	pos	0	1	0	1	0	0	1	1	0	0	1
chr5.12237371.12237478	pos	0	1	0	1	0	1	1	1	1	1	0
chr5.13175315.13175518	pos	1	1	0	1	1	1	0	1	0	0	1
chr5.15461637.15461734	pos	0	1	1	0	0	1	1	0	0	0	0
chr5.16849904.16849982	pos	0	1	0	0	0	0	1	1	1	0	0
chr5.22836292.22836417	pos	0	1	1	1	0	1	1	0	0	0	1
chr5.24946331.24946421	pos	0	0	0	0	0	0	1	0	0	0	0
chr5.25581237.25581446	pos	0	1	0	0	0	0	1	0	1	0	0
chr6.781740.781928	pos	0	1	1	1	1	1	1	0	1	1	0
chr6.1848106.1848201	pos	0	1	0	1	0	0	1	1	1	0	0
chr6.10516268.10516390	pos	0	0	0	0	0	0	1	0	1	0	0
chr6.13467837.13467957	pos	0	1	0	0	0	0	1	0	1	1	0
chr7.14410059.14410210	pos	0	1	0	0	0	0	1	0	1	0	0
chr7.17191792.17191908	pos	0	0	0	0	0	0	0	0	0	0	0
chr7.18013338.18013479	pos	0	1	0	1	1	1	1	0	1	0	1
chr7.21932181.21932365	pos	0	1	0	1	1	0	1	0	1	0	1
chr8.21310236.21311454	pos	0	0	0	0	0	0	1	0	1	0	0
chrV.1869209.1869571	pos	0	0	0	0	0	0	1	0	1	1	0
chrV.3956273.3956623	pos	0	1	0	1	0	0	1	1	1	0	0
chr1.4900000.4900500	neg	0	0	0	0	0	0	0	0	0	0	0
chr1.9294500.9295000	neg	0	0	0	0	0	0	0	0	0	0	0
chr1.11719000.11719500	neg	0	0	0	0	0	0	0	0	0	0	0
chr2.3171000.3171500	neg	0	0	0	0	0	0	0	0	0	0	0
chr2.5537000.5537500	neg	0	0	0	0	0	0	0	0	0	0	0
chr2.11572000.11572500	neg	0	0	0	0	0	0	0	0	0	0	0
chr2.13987500.13988000	neg	0	0	0	0	0	0	0	0	0	0	0
chr2.23435500.23436000	neg	0	0	0	0	0	0	0	0	0	0	0
chr2.29160000.29160500	neg	0	0	0	0	0	0	0	0	0	0	0
chr3.5776500.5777000	neg	0	0	0	0	0	0	0	0	0	0	0
chr3.6755500.6756000	neg	0	0	0	0	0	0	0	0	0	0	0
chr3.7661500.7662000	neg	0	0	0	0	0	0	0	0	0	0	0
chr3.10113500.10114000	neg	0	0	0	0	0	0	0	0	0	0	0
chr3.16098500.16099000	neg	0	0	0	0	0	0	0	0	0	0	0
chr3.20231500.20232000	neg	0	0	0	0	0	0	0	0	0	0	0
chr3.22333000.22333500	neg	0	0	0	0	0	0	0	0	0	0	0
chr4.11914500.11915000	neg	0	0	0	0	0	0	0	0	0	0	0
chr4.23690000.23690500	neg	0	0	0	0	0	0	0	0	0	0	0
chr4.25306500.25307000	neg	0	0	0	0	0	0	0	0	0	0	0
chr5.5145500.5146000	neg	0	0	0	0	0	0	0	0	0	0	0
chr5.9202500.9203000	neg	0	0	0	0	0	0	0	0	0	0	0
chr5.17572000.17572500	neg	0	0	0	0	0	0	0	0	0	0	0
chr5.18633500.18634000	neg	0	0	0	0	0	0	0	0	0	0	0
chr5.23353500.23354000	neg	0	0	0	0	0	0	0	0	0	0	0
chr5.26115000.26115500	neg	0	0	0	0	0	0	0	0	0	0	0
chr6.1811000.1811500	neg	0	0	0	0	0	0	0	0	0	0	0
chr6.3353000.3353500	neg	0	0	0	0	0	0	0	0	0	0	0
chr6.3983500.3984000	neg	0	0	0	0	0	0	0	0	0	0	0
chr6.5063500.5064000	neg	0	0	0	0	0	0	0	0	0	0	0
chr6.6822500.6823000	neg	0	0	0	0	0	0	0	0	0	0	0
chr6.9822000.9822500	neg	0	0	0	0	0	0	0	0	0	0	0
chr6.16901000.16901500	neg	0	0	0	0	0	0	0	0	0	0	0
chr6.21274000.21274500	neg	0	0	0	0	0	0	0	0	0	0	0
chr7.3730500.3731000	neg	0	0	0	0	0	0	0	0	0	0	0
chr7.8789000.8789500	neg	0	0	0	0	0	0	0	0	0	0	0
chr7.13653000.13653500	neg	0	0	0	0	0	0	0	0	0	0	0
chr7.15582000.15582500	neg	0	0	0	0	0	0	0	0	0	0	0
chr7.16487000.16487500	neg	0	0	0	0	0	0	0	0	0	0	0
chr7.19049000.19049500	neg	0	0	0	0	0	0	0	0	0	0	0
chr8.10466500.10467000	neg	0	0	0	0	0	0	0	0	0	0	0
chrV.7169000.7169500	neg	0	0	0	0	0	0	0	0	0	0	0
unplaced-scaffold_403.2000.2500	neg	0	0	0	0	0	0	0	0	0	0	0
