peak	Class	H2Aub	H2AZ	H3	H3K4me1	H3K4me3	H3K9ac	H3K9me1	H3K14ac	H3K27me1	H3K27me3	H3K36me3
chr1.985122.985576	pos	0	0	1	0	0	0	1	0	1	0	0
chr1.10001251.10001375	pos	0	1	1	1	0	1	1	1	1	0	1
chr1.20272114.20272901	pos	0	0	0	0	0	0	1	0	1	0	0
chr1.21269739.21270162	pos	0	1	0	0	0	0	1	0	1	0	0
chr1.25808921.25809056	pos	0	0	0	0	0	0	1	0	1	0	0
chr1.25886377.25886543	pos	1	1	1	1	1	1	1	1	1	0	0
chr2.1060033.1060403	pos	1	1	0	0	1	0	1	0	0	0	0
chr2.8364264.8364514	pos	0	0	0	0	0	0	1	0	1	0	0
chr2.10184401.10184802	pos	0	0	0	0	0	0	1	0	1	0	0
chr2.22191355.22191735	pos	0	1	1	1	1	0	1	1	1	1	0
chr2.23001760.23002039	pos	0	0	0	0	0	0	1	0	1	1	0
chr3.16921545.16921851	pos	0	0	1	0	0	0	1	0	1	0	0
chr3.19636561.19636673	pos	0	0	1	0	0	0	0	0	0	1	0
chr3.19800742.19801038	pos	1	1	1	1	1	0	0	1	0	1	0
chr3.24149622.24149759	pos	1	0	0	0	1	0	0	1	0	0	1
chr4.5665355.5665495	pos	0	0	1	0	0	0	1	0	1	1	0
chr4.7477771.7477882	pos	0	1	1	0	0	0	1	1	0	0	0
chr4.9202230.9203395	pos	0	0	0	0	0	0	1	0	1	0	0
chr4.9255048.9255264	pos	0	1	0	1	1	1	0	1	0	0	1
chr4.9258011.9258463	pos	0	1	0	1	1	0	0	1	0	0	1
chr4.9259099.9259414	pos	0	1	0	1	1	0	0	1	0	0	1
chr4.22703626.22704009	pos	0	0	0	0	0	0	1	0	1	0	0
chr4.26269244.26269449	pos	0	0	0	0	0	1	1	0	1	0	0
chr5.7124597.7125043	pos	0	1	0	1	0	0	0	1	1	0	0
chr5.7632142.7632372	pos	0	1	0	1	0	0	0	0	0	1	0
chr5.10299142.10299897	pos	0	0	0	0	0	0	1	0	1	0	0
chr5.14247473.14247903	pos	0	0	0	0	0	0	0	0	0	1	0
chr5.19002926.19003289	pos	0	0	0	1	1	1	0	1	0	0	1
chr5.22767263.22768121	pos	0	1	0	1	1	1	1	0	1	1	1
chr5.24889837.24890115	pos	0	1	0	1	1	0	0	1	1	1	0
chr5.25192786.25193096	pos	0	0	0	0	0	0	1	0	1	1	0
chr5.26307711.26308380	pos	0	0	1	0	0	0	1	0	1	0	0
chr6.6582470.6582616	pos	0	0	1	0	0	0	1	0	1	0	0
chr6.6668295.6668487	pos	0	1	1	1	1	0	0	1	0	0	1
chr6.20230833.20230944	pos	0	1	0	1	0	0	1	0	0	1	0
chr6.20644007.20644400	pos	0	0	0	0	0	0	0	0	1	0	0
chr6.22678287.22678478	pos	0	1	1	1	1	1	0	1	0	0	0
chr7.4953102.4953187	pos	1	1	0	1	1	0	0	0	0	1	0
chr7.6902406.6902723	pos	1	1	0	1	1	0	0	1	0	1	0
chr7.15095112.15095208	pos	0	0	1	0	0	0	1	0	1	0	0
chr7.15596973.15597226	pos	0	0	0	0	0	0	1	0	1	0	0
chr7.18004819.18005121	pos	0	1	0	1	1	0	0	1	0	0	1
chr7.20930049.20930779	pos	0	0	1	0	0	0	1	0	0	1	0
chr7.21560147.21560456	pos	0	1	1	1	1	1	1	1	1	0	1
chr8.3001541.3001687	pos	0	0	1	0	0	0	1	0	0	1	0
chr8.3575210.3575374	pos	0	1	0	1	1	0	1	1	0	1	0
chr8.10004550.10004694	pos	0	1	0	0	1	1	1	1	1	0	0
chr8.12328524.12329143	pos	0	0	0	0	0	0	0	0	1	0	0
chr8.17487893.17488178	pos	0	0	0	0	0	0	1	1	1	0	0
chr8.20360619.20360763	pos	0	0	0	0	0	0	1	0	1	0	0
chr8.20360992.20361196	pos	0	0	0	0	0	0	1	0	1	0	0
chr1.530500.531000	neg	0	1	1	1	1	1	1	1	0	0	1
chr1.3422000.3422500	neg	0	1	1	1	1	0	1	0	1	0	1
chr1.5254500.5255000	neg	0	1	1	0	0	0	1	0	1	0	0
chr1.7179500.7180000	neg	1	1	1	1	1	0	0	1	1	1	0
chr1.7422000.7422500	neg	0	1	0	0	0	0	0	0	0	0	1
chr1.28512000.28512500	neg	0	1	0	1	1	0	1	0	1	1	0
chr1.30163000.30163500	neg	0	0	1	0	0	0	1	0	1	0	0
chr2.10322000.10322500	neg	0	1	0	1	1	0	1	1	1	0	1
chr2.11222500.11223000	neg	0	1	1	1	1	1	1	1	0	0	1
chr3.4020500.4021000	neg	0	1	0	1	1	1	1	1	1	0	1
chr3.4432000.4432500	neg	1	1	0	1	1	0	0	1	0	1	0
chr3.9618500.9619000	neg	0	1	0	1	1	1	1	1	1	0	1
chr3.10635500.10636000	neg	0	0	0	0	1	0	1	1	0	1	0
chr3.11839000.11839500	neg	0	1	0	1	1	0	1	1	0	0	1
chr3.13740000.13740500	neg	1	1	1	1	1	1	1	0	0	0	0
chr3.23521500.23522000	neg	0	0	0	0	0	0	1	0	1	0	0
chr3.24238500.24239000	neg	0	1	1	1	0	1	1	1	1	0	0
chr3.24251000.24251500	neg	0	1	0	1	0	1	1	0	1	0	1
chr4.3141000.3141500	neg	0	1	1	1	1	1	0	1	0	0	1
chr4.4059500.4060000	neg	0	0	0	0	0	0	1	0	1	1	0
chr4.4787000.4787500	neg	0	1	1	1	0	1	1	0	1	1	0
chr4.6320500.6321000	neg	0	1	0	1	1	0	1	1	0	0	1
chr4.6604000.6604500	neg	0	0	1	0	0	0	1	0	1	0	0
chr4.14058000.14058500	neg	1	1	1	1	0	0	1	1	0	1	0
chr4.15760500.15761000	neg	0	1	0	1	1	0	1	1	0	1	0
chr4.16586500.16587000	neg	1	1	0	1	1	0	0	1	0	0	0
chr4.26496000.26496500	neg	0	1	1	1	1	1	1	1	0	0	1
chr5.2979000.2979500	neg	0	1	0	1	1	1	0	1	0	0	1
chr5.7098500.7099000	neg	0	1	0	0	0	1	1	0	0	0	0
chr5.10329500.10330000	neg	1	1	0	1	1	1	1	1	1	0	1
chr5.16914000.16914500	neg	0	1	1	0	1	1	1	1	0	1	0
chr6.1957000.1957500	neg	0	1	0	0	1	1	0	1	0	0	0
chr6.2075000.2075500	neg	1	1	0	0	1	1	1	0	0	1	0
chr6.7089500.7090000	neg	1	1	1	1	1	0	1	1	1	1	1
chr6.10486500.10487000	neg	0	1	1	1	1	1	1	1	1	1	1
chr6.15035000.15035500	neg	0	1	0	1	1	1	1	1	0	0	1
chr6.15481000.15481500	neg	0	1	1	0	1	1	1	0	1	1	1
chr6.21062500.21063000	neg	0	1	0	0	0	1	1	1	1	0	0
chr6.21934500.21935000	neg	0	1	0	0	0	1	1	0	0	0	1
chr7.5390500.5391000	neg	0	0	1	0	1	0	1	0	0	0	0
chr7.5494000.5494500	neg	0	1	1	1	0	0	1	0	0	1	0
chr7.6368500.6369000	neg	0	0	1	0	0	0	1	0	0	1	0
chr7.19300500.19301000	neg	0	0	1	0	0	0	1	0	1	0	0
chr7.21402000.21402500	neg	0	1	0	1	1	1	1	1	1	0	1
chr8.3288000.3288500	neg	0	1	1	1	1	1	1	0	1	0	1
chr8.5228500.5229000	neg	0	1	1	0	1	0	1	1	0	1	0
chr8.6328500.6329000	neg	0	1	0	1	1	1	1	1	0	0	1
chr8.8934500.8935000	neg	1	1	1	1	1	0	0	1	1	1	0
chr8.11068500.11069000	neg	0	1	1	1	1	0	1	0	1	1	0
chr8.11959000.11959500	neg	1	1	1	0	1	0	0	0	0	1	0
chr8.17647500.17648000	neg	0	0	1	0	0	0	1	0	0	1	0
