peak	Class	H2Aub	H2AZ	H3	H3K4me1	H3K4me3	H3K9ac	H3K9me1	H3K14ac	H3K27me1	H3K27me3	H3K36me3
chr1.985122.985576	pos	0	0	1	0	0	0	1	0	1	0	0
chr1.10001251.10001375	pos	0	1	1	1	0	1	1	1	1	0	1
chr1.20272114.20272901	pos	0	0	0	0	0	0	1	0	1	0	0
chr1.21269739.21270162	pos	0	1	0	0	0	0	1	0	1	0	0
chr1.25808921.25809056	pos	0	0	0	0	0	0	1	0	1	0	0
chr1.25886377.25886543	pos	1	1	1	1	1	1	1	1	1	0	0
chr2.1060033.1060403	pos	1	1	0	0	1	0	1	0	0	0	0
chr2.8364264.8364514	pos	0	0	0	0	0	0	1	0	1	0	0
chr2.10184401.10184802	pos	0	0	0	0	0	0	1	0	1	0	0
chr2.22191355.22191735	pos	0	1	1	1	1	0	1	1	1	1	0
chr2.23001760.23002039	pos	0	0	0	0	0	0	1	0	1	1	0
chr3.16921545.16921851	pos	0	0	1	0	0	0	1	0	1	0	0
chr3.19636561.19636673	pos	0	0	1	0	0	0	0	0	0	1	0
chr3.19800742.19801038	pos	1	1	1	1	1	0	0	1	0	1	0
chr3.24149622.24149759	pos	1	0	0	0	1	0	0	1	0	0	1
chr4.5665355.5665495	pos	0	0	1	0	0	0	1	0	1	1	0
chr4.7477771.7477882	pos	0	1	1	0	0	0	1	1	0	0	0
chr4.9202230.9203395	pos	0	0	0	0	0	0	1	0	1	0	0
chr4.9255048.9255264	pos	0	1	0	1	1	1	0	1	0	0	1
chr4.9258011.9258463	pos	0	1	0	1	1	0	0	1	0	0	1
chr4.9259099.9259414	pos	0	1	0	1	1	0	0	1	0	0	1
chr4.22703626.22704009	pos	0	0	0	0	0	0	1	0	1	0	0
chr4.26269244.26269449	pos	0	0	0	0	0	1	1	0	1	0	0
chr5.7124597.7125043	pos	0	1	0	1	0	0	0	1	1	0	0
chr5.7632142.7632372	pos	0	1	0	1	0	0	0	0	0	1	0
chr5.10299142.10299897	pos	0	0	0	0	0	0	1	0	1	0	0
chr5.14247473.14247903	pos	0	0	0	0	0	0	0	0	0	1	0
chr5.19002926.19003289	pos	0	0	0	1	1	1	0	1	0	0	1
chr5.22767263.22768121	pos	0	1	0	1	1	1	1	0	1	1	1
chr5.24889837.24890115	pos	0	1	0	1	1	0	0	1	1	1	0
chr5.25192786.25193096	pos	0	0	0	0	0	0	1	0	1	1	0
chr5.26307711.26308380	pos	0	0	1	0	0	0	1	0	1	0	0
chr6.6582470.6582616	pos	0	0	1	0	0	0	1	0	1	0	0
chr6.6668295.6668487	pos	0	1	1	1	1	0	0	1	0	0	1
chr6.20230833.20230944	pos	0	1	0	1	0	0	1	0	0	1	0
chr6.20644007.20644400	pos	0	0	0	0	0	0	0	0	1	0	0
chr6.22678287.22678478	pos	0	1	1	1	1	1	0	1	0	0	0
chr7.4953102.4953187	pos	1	1	0	1	1	0	0	0	0	1	0
chr7.6902406.6902723	pos	1	1	0	1	1	0	0	1	0	1	0
chr7.15095112.15095208	pos	0	0	1	0	0	0	1	0	1	0	0
chr7.15596973.15597226	pos	0	0	0	0	0	0	1	0	1	0	0
chr7.18004819.18005121	pos	0	1	0	1	1	0	0	1	0	0	1
chr7.20930049.20930779	pos	0	0	1	0	0	0	1	0	0	1	0
chr7.21560147.21560456	pos	0	1	1	1	1	1	1	1	1	0	1
chr8.3001541.3001687	pos	0	0	1	0	0	0	1	0	0	1	0
chr8.3575210.3575374	pos	0	1	0	1	1	0	1	1	0	1	0
chr8.10004550.10004694	pos	0	1	0	0	1	1	1	1	1	0	0
chr8.12328524.12329143	pos	0	0	0	0	0	0	0	0	1	0	0
chr8.17487893.17488178	pos	0	0	0	0	0	0	1	1	1	0	0
chr8.20360619.20360763	pos	0	0	0	0	0	0	1	0	1	0	0
chr8.20360992.20361196	pos	0	0	0	0	0	0	1	0	1	0	0
chr1.7301500.7302000	neg	0	0	0	0	0	0	1	0	1	0	0
chr1.15666500.15667000	neg	1	1	0	1	1	0	0	1	0	1	0
chr1.17346000.17346500	neg	1	1	0	0	1	1	1	1	1	0	1
chr1.18590000.18590500	neg	0	1	1	1	1	1	1	1	1	0	0
chr1.28456000.28456500	neg	0	1	0	1	1	0	1	0	0	1	1
chr2.875000.875500	neg	0	1	1	1	1	0	1	1	1	1	0
chr2.3151000.3151500	neg	0	1	0	1	0	1	1	1	1	0	0
chr2.3232000.3232500	neg	0	1	0	1	1	1	1	0	1	0	1
chr2.6564500.6565000	neg	1	1	0	1	1	1	0	1	0	0	1
chr2.7810500.7811000	neg	0	1	0	1	1	1	1	1	0	1	0
chr2.23352500.23353000	neg	1	1	0	1	1	1	0	1	0	0	1
chr2.24535500.24536000	neg	0	0	0	0	0	0	0	0	0	0	0
chr2.27971500.27972000	neg	0	1	1	1	1	1	1	1	0	0	1
chr3.2295500.2296000	neg	1	1	1	1	1	1	0	1	0	1	1
chr3.9176500.9177000	neg	1	1	0	1	1	0	0	1	0	1	0
chr3.13937500.13938000	neg	0	1	0	1	1	1	1	1	0	0	1
chr3.15924500.15925000	neg	0	1	1	1	1	1	1	1	1	1	0
chr3.18220000.18220500	neg	0	0	1	0	0	0	1	0	1	0	0
chr3.19164500.19165000	neg	1	1	0	1	1	0	0	1	1	0	0
chr3.27139000.27139500	neg	0	0	0	0	0	0	0	0	0	0	0
chr4.698000.698500	neg	0	0	0	0	0	0	1	0	0	0	0
chr4.9718500.9719000	neg	0	0	0	0	0	0	1	0	1	0	0
chr4.16686000.16686500	neg	1	1	0	1	1	0	1	1	0	1	0
chr4.22874500.22875000	neg	1	1	1	1	1	1	1	1	0	1	0
chr4.25131500.25132000	neg	0	1	1	0	1	1	1	0	1	0	0
chr4.25573500.25574000	neg	1	1	1	0	1	0	1	0	0	1	0
chr4.26155500.26156000	neg	1	1	0	1	1	0	1	1	1	1	0
chr5.3464500.3465000	neg	0	0	0	0	0	1	1	0	1	0	0
chr5.6406000.6406500	neg	0	1	0	1	0	0	1	0	0	1	1
chr5.8027500.8028000	neg	1	1	0	1	1	0	0	1	0	1	0
chr5.10247500.10248000	neg	1	1	0	1	1	1	0	1	1	1	0
chr5.15130000.15130500	neg	0	1	0	0	1	1	1	0	0	1	0
chr5.26002000.26002500	neg	0	1	0	1	1	1	1	1	1	0	1
chr6.105000.105500	neg	0	0	0	0	0	0	1	0	1	0	0
chr6.1878000.1878500	neg	0	0	0	0	0	0	1	0	1	0	0
chr6.3272500.3273000	neg	0	1	0	1	1	1	1	1	0	0	1
chr6.9044000.9044500	neg	0	1	0	1	1	1	1	1	1	1	1
chr6.10390500.10391000	neg	0	1	0	1	0	0	1	1	1	0	0
chr6.14866000.14866500	neg	1	1	0	1	1	0	1	1	0	1	0
chr6.20341000.20341500	neg	0	1	0	1	0	1	1	0	1	0	1
chr7.4095500.4096000	neg	1	1	1	0	1	1	1	0	0	0	0
chr7.8922500.8923000	neg	0	1	1	1	0	1	1	0	1	0	1
chr7.10351000.10351500	neg	0	1	0	1	1	1	1	1	1	0	0
chr7.15657000.15657500	neg	0	1	0	1	1	1	1	1	1	0	1
chr7.15687500.15688000	neg	1	1	0	1	0	0	1	1	1	0	0
chr7.16799500.16800000	neg	0	1	0	1	1	0	0	1	0	1	0
chr7.20774500.20775000	neg	0	1	0	1	1	1	1	1	0	0	1
chr8.2310500.2311000	neg	1	1	0	1	1	1	0	1	0	0	0
chr8.16109000.16109500	neg	0	0	0	1	0	0	1	0	1	0	0
chrV.7388500.7389000	neg	0	0	0	0	0	0	0	0	0	0	0
unplaced-scaffold_274.5500.6000	neg	0	0	0	0	0	0	0	0	0	0	0
