peak	Class	H2Aub	H2AZ	H3	H3K4me1	H3K4me3	H3K9ac	H3K9me1	H3K14ac	H3K27me1	H3K27me3	H3K36me3
chr1.985122.985576	pos	0	0	1	0	0	0	1	0	1	0	0
chr1.10001251.10001375	pos	0	1	1	1	0	1	1	1	1	0	1
chr1.20272114.20272901	pos	0	0	0	0	0	0	1	0	1	0	0
chr1.21269739.21270162	pos	0	1	0	0	0	0	1	0	1	0	0
chr1.25808921.25809056	pos	0	0	0	0	0	0	1	0	1	0	0
chr1.25886377.25886543	pos	1	1	1	1	1	1	1	1	1	0	0
chr2.1060033.1060403	pos	1	1	0	0	1	0	1	0	0	0	0
chr2.8364264.8364514	pos	0	0	0	0	0	0	1	0	1	0	0
chr2.10184401.10184802	pos	0	0	0	0	0	0	1	0	1	0	0
chr2.22191355.22191735	pos	0	1	1	1	1	0	1	1	1	1	0
chr2.23001760.23002039	pos	0	0	0	0	0	0	1	0	1	1	0
chr3.16921545.16921851	pos	0	0	1	0	0	0	1	0	1	0	0
chr3.19636561.19636673	pos	0	0	1	0	0	0	0	0	0	1	0
chr3.19800742.19801038	pos	1	1	1	1	1	0	0	1	0	1	0
chr3.24149622.24149759	pos	1	0	0	0	1	0	0	1	0	0	1
chr4.5665355.5665495	pos	0	0	1	0	0	0	1	0	1	1	0
chr4.7477771.7477882	pos	0	1	1	0	0	0	1	1	0	0	0
chr4.9202230.9203395	pos	0	0	0	0	0	0	1	0	1	0	0
chr4.9255048.9255264	pos	0	1	0	1	1	1	0	1	0	0	1
chr4.9258011.9258463	pos	0	1	0	1	1	0	0	1	0	0	1
chr4.9259099.9259414	pos	0	1	0	1	1	0	0	1	0	0	1
chr4.22703626.22704009	pos	0	0	0	0	0	0	1	0	1	0	0
chr4.26269244.26269449	pos	0	0	0	0	0	1	1	0	1	0	0
chr5.7124597.7125043	pos	0	1	0	1	0	0	0	1	1	0	0
chr5.7632142.7632372	pos	0	1	0	1	0	0	0	0	0	1	0
chr5.10299142.10299897	pos	0	0	0	0	0	0	1	0	1	0	0
chr5.14247473.14247903	pos	0	0	0	0	0	0	0	0	0	1	0
chr5.19002926.19003289	pos	0	0	0	1	1	1	0	1	0	0	1
chr5.22767263.22768121	pos	0	1	0	1	1	1	1	0	1	1	1
chr5.24889837.24890115	pos	0	1	0	1	1	0	0	1	1	1	0
chr5.25192786.25193096	pos	0	0	0	0	0	0	1	0	1	1	0
chr5.26307711.26308380	pos	0	0	1	0	0	0	1	0	1	0	0
chr6.6582470.6582616	pos	0	0	1	0	0	0	1	0	1	0	0
chr6.6668295.6668487	pos	0	1	1	1	1	0	0	1	0	0	1
chr6.20230833.20230944	pos	0	1	0	1	0	0	1	0	0	1	0
chr6.20644007.20644400	pos	0	0	0	0	0	0	0	0	1	0	0
chr6.22678287.22678478	pos	0	1	1	1	1	1	0	1	0	0	0
chr7.4953102.4953187	pos	1	1	0	1	1	0	0	0	0	1	0
chr7.6902406.6902723	pos	1	1	0	1	1	0	0	1	0	1	0
chr7.15095112.15095208	pos	0	0	1	0	0	0	1	0	1	0	0
chr7.15596973.15597226	pos	0	0	0	0	0	0	1	0	1	0	0
chr7.18004819.18005121	pos	0	1	0	1	1	0	0	1	0	0	1
chr7.20930049.20930779	pos	0	0	1	0	0	0	1	0	0	1	0
chr7.21560147.21560456	pos	0	1	1	1	1	1	1	1	1	0	1
chr8.3001541.3001687	pos	0	0	1	0	0	0	1	0	0	1	0
chr8.3575210.3575374	pos	0	1	0	1	1	0	1	1	0	1	0
chr8.10004550.10004694	pos	0	1	0	0	1	1	1	1	1	0	0
chr8.12328524.12329143	pos	0	0	0	0	0	0	0	0	1	0	0
chr8.17487893.17488178	pos	0	0	0	0	0	0	1	1	1	0	0
chr8.20360619.20360763	pos	0	0	0	0	0	0	1	0	1	0	0
chr8.20360992.20361196	pos	0	0	0	0	0	0	1	0	1	0	0
chr1.1809000.1809500	neg	0	1	0	1	1	1	1	1	1	0	1
chr1.4241000.4241500	neg	0	1	1	1	1	0	1	0	1	0	1
chr1.25105000.25105500	neg	1	1	0	1	1	1	0	1	0	1	0
chr2.3817500.3818000	neg	0	1	0	1	1	0	0	1	0	1	0
chr2.6271000.6271500	neg	0	1	0	1	1	1	1	0	1	1	0
chr2.8520000.8520500	neg	0	0	0	0	0	1	1	0	1	0	0
chr2.10177500.10178000	neg	0	1	1	0	0	0	1	1	1	0	0
chr2.15485000.15485500	neg	1	1	1	1	1	1	1	1	0	1	0
chr2.16489500.16490000	neg	0	1	0	1	1	1	1	1	1	0	1
chr2.23971000.23971500	neg	0	1	1	0	0	0	1	0	1	0	0
chr2.26219000.26219500	neg	0	0	1	0	0	0	1	0	1	0	0
chr3.4757000.4757500	neg	0	1	0	1	1	0	1	1	1	0	1
chr3.10514500.10515000	neg	1	1	0	0	1	1	0	1	0	0	0
chr3.11009500.11010000	neg	0	0	1	1	0	0	1	0	1	0	1
chr3.17954500.17955000	neg	0	1	0	1	0	1	1	1	1	1	0
chr4.1509500.1510000	neg	1	1	0	1	1	0	0	1	0	1	0
chr4.3781000.3781500	neg	1	0	0	0	0	0	0	0	0	1	0
chr4.5499000.5499500	neg	0	0	1	0	0	0	1	0	1	0	0
chr4.8749500.8750000	neg	1	1	0	1	1	0	0	1	0	1	0
chr4.13387500.13388000	neg	0	0	1	0	0	0	1	0	1	0	1
chr4.16656000.16656500	neg	0	0	1	0	0	0	1	0	1	0	0
chr4.16922500.16923000	neg	1	1	0	1	1	1	0	1	0	0	1
chr4.17807000.17807500	neg	0	1	0	1	1	1	1	1	1	0	1
chr4.20162000.20162500	neg	0	1	1	1	0	1	1	0	1	0	0
chr4.21010000.21010500	neg	0	0	0	0	0	0	1	0	0	1	0
chr5.7687500.7688000	neg	0	0	0	0	0	0	1	0	0	1	0
chr5.9112000.9112500	neg	1	1	0	1	1	1	1	1	1	0	1
chr5.13495500.13496000	neg	1	1	0	0	1	0	0	1	0	1	0
chr5.18910000.18910500	neg	0	0	0	0	0	0	1	0	1	0	0
chr6.1629000.1629500	neg	0	1	0	1	1	1	1	1	1	0	1
chr6.3743000.3743500	neg	0	1	0	1	0	1	1	0	1	0	0
chr6.3766000.3766500	neg	0	1	1	1	0	1	1	0	1	0	1
chr6.8659000.8659500	neg	0	1	1	0	1	0	1	0	1	0	0
chr6.9393000.9393500	neg	0	1	0	1	0	1	1	0	1	0	1
chr6.9572500.9573000	neg	0	1	1	0	0	0	1	0	1	0	0
chr6.16314000.16314500	neg	0	0	0	0	0	0	0	0	0	1	0
chr6.18475000.18475500	neg	0	0	1	1	0	1	1	0	1	0	0
chr6.19422500.19423000	neg	1	1	0	1	1	0	0	1	1	1	0
chr6.21189000.21189500	neg	0	1	0	1	0	1	1	1	1	0	1
chr6.23055000.23055500	neg	1	1	0	1	1	0	0	0	0	1	0
chr7.9071500.9072000	neg	0	1	0	0	0	0	1	0	0	0	0
chr7.9278500.9279000	neg	0	1	0	1	1	0	0	1	1	1	0
chr7.11181500.11182000	neg	0	1	1	0	0	1	1	1	1	0	0
chr7.21480500.21481000	neg	1	1	0	1	1	0	1	1	1	1	0
chr8.337500.338000	neg	1	1	1	1	1	0	0	1	1	1	0
chr8.1085000.1085500	neg	0	1	1	1	1	0	1	0	1	0	1
chr8.1460500.1461000	neg	1	1	0	1	1	0	1	1	1	1	1
chr8.5052500.5053000	neg	0	1	1	0	0	1	1	0	0	0	0
chr8.13589000.13589500	neg	0	0	0	0	0	0	1	0	1	0	0
chrV.5470000.5470500	neg	0	0	0	0	0	0	1	0	1	0	0
unplaced-scaffold_035.8500.9000	neg	0	0	0	0	0	0	0	0	0	0	0
