peak	Class	H2Aub	H2AZ	H3	H3K4me1	H3K4me3	H3K9ac	H3K9me1	H3K14ac	H3K27me1	H3K27me3	H3K36me3
chr1.985122.985576	pos	0	0	1	0	0	0	1	0	1	0	0
chr1.10001251.10001375	pos	0	1	1	1	0	1	1	1	1	0	1
chr1.20272114.20272901	pos	0	0	0	0	0	0	1	0	1	0	0
chr1.21269739.21270162	pos	0	1	0	0	0	0	1	0	1	0	0
chr1.25808921.25809056	pos	0	0	0	0	0	0	1	0	1	0	0
chr1.25886377.25886543	pos	1	1	1	1	1	1	1	1	1	0	0
chr2.1060033.1060403	pos	1	1	0	0	1	0	1	0	0	0	0
chr2.8364264.8364514	pos	0	0	0	0	0	0	1	0	1	0	0
chr2.10184401.10184802	pos	0	0	0	0	0	0	1	0	1	0	0
chr2.22191355.22191735	pos	0	1	1	1	1	0	1	1	1	1	0
chr2.23001760.23002039	pos	0	0	0	0	0	0	1	0	1	1	0
chr3.16921545.16921851	pos	0	0	1	0	0	0	1	0	1	0	0
chr3.19636561.19636673	pos	0	0	1	0	0	0	0	0	0	1	0
chr3.19800742.19801038	pos	1	1	1	1	1	0	0	1	0	1	0
chr3.24149622.24149759	pos	1	0	0	0	1	0	0	1	0	0	1
chr4.5665355.5665495	pos	0	0	1	0	0	0	1	0	1	1	0
chr4.7477771.7477882	pos	0	1	1	0	0	0	1	1	0	0	0
chr4.9202230.9203395	pos	0	0	0	0	0	0	1	0	1	0	0
chr4.9255048.9255264	pos	0	1	0	1	1	1	0	1	0	0	1
chr4.9258011.9258463	pos	0	1	0	1	1	0	0	1	0	0	1
chr4.9259099.9259414	pos	0	1	0	1	1	0	0	1	0	0	1
chr4.22703626.22704009	pos	0	0	0	0	0	0	1	0	1	0	0
chr4.26269244.26269449	pos	0	0	0	0	0	1	1	0	1	0	0
chr5.7124597.7125043	pos	0	1	0	1	0	0	0	1	1	0	0
chr5.7632142.7632372	pos	0	1	0	1	0	0	0	0	0	1	0
chr5.10299142.10299897	pos	0	0	0	0	0	0	1	0	1	0	0
chr5.14247473.14247903	pos	0	0	0	0	0	0	0	0	0	1	0
chr5.19002926.19003289	pos	0	0	0	1	1	1	0	1	0	0	1
chr5.22767263.22768121	pos	0	1	0	1	1	1	1	0	1	1	1
chr5.24889837.24890115	pos	0	1	0	1	1	0	0	1	1	1	0
chr5.25192786.25193096	pos	0	0	0	0	0	0	1	0	1	1	0
chr5.26307711.26308380	pos	0	0	1	0	0	0	1	0	1	0	0
chr6.6582470.6582616	pos	0	0	1	0	0	0	1	0	1	0	0
chr6.6668295.6668487	pos	0	1	1	1	1	0	0	1	0	0	1
chr6.20230833.20230944	pos	0	1	0	1	0	0	1	0	0	1	0
chr6.20644007.20644400	pos	0	0	0	0	0	0	0	0	1	0	0
chr6.22678287.22678478	pos	0	1	1	1	1	1	0	1	0	0	0
chr7.4953102.4953187	pos	1	1	0	1	1	0	0	0	0	1	0
chr7.6902406.6902723	pos	1	1	0	1	1	0	0	1	0	1	0
chr7.15095112.15095208	pos	0	0	1	0	0	0	1	0	1	0	0
chr7.15596973.15597226	pos	0	0	0	0	0	0	1	0	1	0	0
chr7.18004819.18005121	pos	0	1	0	1	1	0	0	1	0	0	1
chr7.20930049.20930779	pos	0	0	1	0	0	0	1	0	0	1	0
chr7.21560147.21560456	pos	0	1	1	1	1	1	1	1	1	0	1
chr8.3001541.3001687	pos	0	0	1	0	0	0	1	0	0	1	0
chr8.3575210.3575374	pos	0	1	0	1	1	0	1	1	0	1	0
chr8.10004550.10004694	pos	0	1	0	0	1	1	1	1	1	0	0
chr8.12328524.12329143	pos	0	0	0	0	0	0	0	0	1	0	0
chr8.17487893.17488178	pos	0	0	0	0	0	0	1	1	1	0	0
chr8.20360619.20360763	pos	0	0	0	0	0	0	1	0	1	0	0
chr8.20360992.20361196	pos	0	0	0	0	0	0	1	0	1	0	0
chr1.159000.159500	neg	0	0	0	0	0	0	0	0	0	0	0
chr1.4317000.4317500	neg	0	1	0	1	0	0	1	0	1	0	1
chr1.11378500.11379000	neg	0	0	0	0	0	0	1	0	1	0	0
chr1.11668000.11668500	neg	1	1	0	1	1	0	1	1	1	1	0
chr1.15503000.15503500	neg	0	1	0	1	1	1	1	1	0	0	1
chr1.25651500.25652000	neg	0	1	0	0	0	0	1	0	1	0	1
chr1.30137000.30137500	neg	0	0	1	0	0	0	1	0	1	0	0
chr2.3608500.3609000	neg	0	1	0	1	1	1	1	0	1	0	1
chr2.6908000.6908500	neg	1	1	1	0	1	1	1	0	0	1	0
chr2.19663000.19663500	neg	0	1	0	1	1	0	1	0	1	0	1
chr2.24516500.24517000	neg	1	1	0	1	1	0	0	1	1	0	0
chr2.27889500.27890000	neg	0	0	0	0	0	0	0	0	0	1	0
chr3.2913000.2913500	neg	1	1	1	1	1	0	0	1	0	1	0
chr3.4385500.4386000	neg	1	1	1	1	1	0	0	1	0	1	0
chr3.8831500.8832000	neg	0	1	1	1	1	1	1	0	1	0	1
chr3.13512000.13512500	neg	0	1	0	1	1	0	1	0	1	0	1
chr3.14562500.14563000	neg	1	1	0	0	1	0	0	0	0	1	0
chr3.17114500.17115000	neg	1	1	0	1	1	1	1	1	1	0	0
chr3.20625000.20625500	neg	1	1	0	1	1	0	0	1	0	0	0
chr3.20640500.20641000	neg	1	1	0	1	1	0	0	1	1	0	0
chr3.23009000.23009500	neg	1	1	0	1	1	1	0	1	0	0	0
chr3.25097500.25098000	neg	1	1	0	1	1	0	1	0	0	1	0
chr4.4065500.4066000	neg	1	1	0	1	1	1	0	1	0	0	0
chr4.11185500.11186000	neg	1	1	1	1	1	0	0	1	0	1	1
chr4.15431000.15431500	neg	0	0	0	0	0	0	0	0	0	0	0
chr5.1818500.1819000	neg	0	0	0	0	0	0	0	0	0	1	0
chr5.2103000.2103500	neg	0	1	0	1	0	0	1	0	1	0	0
chr5.5365000.5365500	neg	0	1	0	1	1	0	0	1	0	1	0
chr5.7160000.7160500	neg	1	1	0	1	1	1	0	1	0	1	0
chr5.7362500.7363000	neg	0	1	1	0	0	0	1	0	1	0	0
chr5.9418000.9418500	neg	1	1	0	1	1	0	1	1	1	0	0
chr5.11014500.11015000	neg	1	1	0	1	1	0	0	1	0	1	0
chr5.18909500.18910000	neg	0	1	0	0	1	1	1	1	1	0	0
chr6.3670500.3671000	neg	0	1	0	1	1	0	1	1	0	0	1
chr6.4008000.4008500	neg	0	1	1	1	1	0	1	0	1	0	1
chr6.6521500.6522000	neg	0	1	1	1	1	1	1	1	0	0	0
chr6.11022500.11023000	neg	0	1	0	1	1	1	1	0	1	0	1
chr6.12911000.12911500	neg	1	1	0	1	1	0	1	0	0	1	0
chr6.17425000.17425500	neg	0	1	0	0	0	0	1	0	0	0	0
chr6.18747500.18748000	neg	0	1	0	0	0	0	1	0	0	0	0
chr6.23119000.23119500	neg	0	1	1	1	1	1	1	1	0	0	1
chr7.7814500.7815000	neg	0	1	0	1	1	0	0	0	0	1	0
chr7.9775000.9775500	neg	1	1	0	1	1	1	1	1	1	0	1
chr7.12195000.12195500	neg	1	1	0	1	1	1	1	1	1	0	0
chr7.18781500.18782000	neg	0	1	0	0	0	1	1	0	1	0	0
chr8.2720000.2720500	neg	0	0	0	0	0	1	0	0	0	0	0
chr8.3387000.3387500	neg	0	1	1	0	0	1	0	1	0	0	0
chr8.3735000.3735500	neg	0	1	1	0	1	0	1	1	1	0	0
chr8.10221500.10222000	neg	1	1	0	1	1	0	0	1	0	1	0
chr8.13320000.13320500	neg	0	1	0	1	1	1	1	1	0	0	1
chrU.2104000.2104500	neg	0	0	0	0	0	0	0	0	0	0	0
