peak	Class	H2Aub	H2AZ	H3	H3K4me1	H3K4me3	H3K9ac	H3K9me1	H3K14ac	H3K27me1	H3K27me3	H3K36me3
chr1.985122.985576	pos	0	0	1	0	0	0	1	0	1	0	0
chr1.10001251.10001375	pos	0	1	1	1	0	1	1	1	1	0	1
chr1.20272114.20272901	pos	0	0	0	0	0	0	1	0	1	0	0
chr1.21269739.21270162	pos	0	1	0	0	0	0	1	0	1	0	0
chr1.25808921.25809056	pos	0	0	0	0	0	0	1	0	1	0	0
chr1.25886377.25886543	pos	1	1	1	1	1	1	1	1	1	0	0
chr2.1060033.1060403	pos	1	1	0	0	1	0	1	0	0	0	0
chr2.8364264.8364514	pos	0	0	0	0	0	0	1	0	1	0	0
chr2.10184401.10184802	pos	0	0	0	0	0	0	1	0	1	0	0
chr2.22191355.22191735	pos	0	1	1	1	1	0	1	1	1	1	0
chr2.23001760.23002039	pos	0	0	0	0	0	0	1	0	1	1	0
chr3.16921545.16921851	pos	0	0	1	0	0	0	1	0	1	0	0
chr3.19636561.19636673	pos	0	0	1	0	0	0	0	0	0	1	0
chr3.19800742.19801038	pos	1	1	1	1	1	0	0	1	0	1	0
chr3.24149622.24149759	pos	1	0	0	0	1	0	0	1	0	0	1
chr4.5665355.5665495	pos	0	0	1	0	0	0	1	0	1	1	0
chr4.7477771.7477882	pos	0	1	1	0	0	0	1	1	0	0	0
chr4.9202230.9203395	pos	0	0	0	0	0	0	1	0	1	0	0
chr4.9255048.9255264	pos	0	1	0	1	1	1	0	1	0	0	1
chr4.9258011.9258463	pos	0	1	0	1	1	0	0	1	0	0	1
chr4.9259099.9259414	pos	0	1	0	1	1	0	0	1	0	0	1
chr4.22703626.22704009	pos	0	0	0	0	0	0	1	0	1	0	0
chr4.26269244.26269449	pos	0	0	0	0	0	1	1	0	1	0	0
chr5.7124597.7125043	pos	0	1	0	1	0	0	0	1	1	0	0
chr5.7632142.7632372	pos	0	1	0	1	0	0	0	0	0	1	0
chr5.10299142.10299897	pos	0	0	0	0	0	0	1	0	1	0	0
chr5.14247473.14247903	pos	0	0	0	0	0	0	0	0	0	1	0
chr5.19002926.19003289	pos	0	0	0	1	1	1	0	1	0	0	1
chr5.22767263.22768121	pos	0	1	0	1	1	1	1	0	1	1	1
chr5.24889837.24890115	pos	0	1	0	1	1	0	0	1	1	1	0
chr5.25192786.25193096	pos	0	0	0	0	0	0	1	0	1	1	0
chr5.26307711.26308380	pos	0	0	1	0	0	0	1	0	1	0	0
chr6.6582470.6582616	pos	0	0	1	0	0	0	1	0	1	0	0
chr6.6668295.6668487	pos	0	1	1	1	1	0	0	1	0	0	1
chr6.20230833.20230944	pos	0	1	0	1	0	0	1	0	0	1	0
chr6.20644007.20644400	pos	0	0	0	0	0	0	0	0	1	0	0
chr6.22678287.22678478	pos	0	1	1	1	1	1	0	1	0	0	0
chr7.4953102.4953187	pos	1	1	0	1	1	0	0	0	0	1	0
chr7.6902406.6902723	pos	1	1	0	1	1	0	0	1	0	1	0
chr7.15095112.15095208	pos	0	0	1	0	0	0	1	0	1	0	0
chr7.15596973.15597226	pos	0	0	0	0	0	0	1	0	1	0	0
chr7.18004819.18005121	pos	0	1	0	1	1	0	0	1	0	0	1
chr7.20930049.20930779	pos	0	0	1	0	0	0	1	0	0	1	0
chr7.21560147.21560456	pos	0	1	1	1	1	1	1	1	1	0	1
chr8.3001541.3001687	pos	0	0	1	0	0	0	1	0	0	1	0
chr8.3575210.3575374	pos	0	1	0	1	1	0	1	1	0	1	0
chr8.10004550.10004694	pos	0	1	0	0	1	1	1	1	1	0	0
chr8.12328524.12329143	pos	0	0	0	0	0	0	0	0	1	0	0
chr8.17487893.17488178	pos	0	0	0	0	0	0	1	1	1	0	0
chr8.20360619.20360763	pos	0	0	0	0	0	0	1	0	1	0	0
chr8.20360992.20361196	pos	0	0	0	0	0	0	1	0	1	0	0
chr1.6791000.6791500	neg	0	0	0	0	0	0	0	0	0	0	0
chr1.9781500.9782000	neg	0	0	0	0	0	0	0	0	0	0	0
chr1.12765500.12766000	neg	0	0	0	0	0	0	0	0	0	0	0
chr1.16631500.16632000	neg	0	0	0	0	0	0	0	0	0	0	0
chr1.30472500.30473000	neg	0	0	0	0	0	0	0	0	0	0	0
chr2.4086500.4087000	neg	0	0	0	0	0	0	0	0	0	0	0
chr2.8984000.8984500	neg	0	0	0	0	0	0	0	0	0	0	0
chr2.10096000.10096500	neg	0	0	0	0	0	0	0	0	0	0	0
chr2.25241000.25241500	neg	0	0	0	0	0	0	0	0	0	0	0
chr2.25267500.25268000	neg	0	0	0	0	0	0	0	0	0	0	0
chr3.937000.937500	neg	0	0	0	0	0	0	0	0	0	0	0
chr3.9861000.9861500	neg	0	0	0	0	0	0	0	0	0	0	0
chr3.11832000.11832500	neg	0	0	0	0	0	0	0	0	0	0	0
chr3.22084500.22085000	neg	0	0	0	0	0	0	0	0	0	0	0
chr3.24437000.24437500	neg	0	0	0	0	0	0	0	0	0	0	0
chr3.25000000.25000500	neg	0	0	0	0	0	0	0	0	0	0	0
chr4.2506000.2506500	neg	0	0	0	0	0	0	0	0	0	0	0
chr4.3219000.3219500	neg	0	0	0	0	0	0	0	0	0	0	0
chr4.6728500.6729000	neg	0	0	0	0	0	0	0	0	0	0	0
chr4.11213500.11214000	neg	0	0	0	0	0	0	0	0	0	0	0
chr4.17252000.17252500	neg	0	0	0	0	0	0	0	0	0	0	0
chr4.17627000.17627500	neg	0	0	0	0	0	0	0	0	0	0	0
chr4.20558500.20559000	neg	0	0	0	0	0	0	0	0	0	0	0
chr4.26016000.26016500	neg	0	0	0	0	0	0	0	0	0	0	0
chr5.949000.949500	neg	0	0	0	0	0	0	0	0	0	0	0
chr5.3909000.3909500	neg	0	0	0	0	0	0	0	0	0	0	0
chr5.6539500.6540000	neg	0	0	0	0	0	0	0	0	0	0	0
chr5.9425000.9425500	neg	0	0	0	0	0	0	0	0	0	0	0
chr5.13815000.13815500	neg	0	0	0	0	0	0	0	0	0	0	0
chr5.19560500.19561000	neg	0	0	0	0	0	0	0	0	0	0	0
chr6.652500.653000	neg	0	0	0	0	0	0	0	0	0	0	0
chr6.4375500.4376000	neg	0	0	0	0	0	0	0	0	0	0	0
chr6.5285500.5286000	neg	0	0	0	0	0	0	0	0	0	0	0
chr6.6817000.6817500	neg	0	0	0	0	0	0	0	0	0	0	0
chr6.11350000.11350500	neg	0	0	0	0	0	0	0	0	0	0	0
chr6.14043000.14043500	neg	0	0	0	0	0	0	0	0	0	0	0
chr6.17927000.17927500	neg	0	0	0	0	0	0	0	0	0	0	0
chr6.20341000.20341500	neg	0	0	0	0	0	0	0	0	0	0	0
chr6.20756500.20757000	neg	0	0	0	0	0	0	0	0	0	0	0
chr7.9071000.9071500	neg	0	0	0	0	0	0	0	0	0	0	0
chr7.11981000.11981500	neg	0	0	0	0	0	0	0	0	0	0	0
chr7.15974500.15975000	neg	0	0	0	0	0	0	0	0	0	0	0
chr7.18754500.18755000	neg	0	0	0	0	0	0	0	0	0	0	0
chr8.1255000.1255500	neg	0	0	0	0	0	0	0	0	0	0	0
chr8.12924000.12924500	neg	0	0	0	0	0	0	0	0	0	0	0
chr8.18394500.18395000	neg	0	0	0	0	0	0	0	0	0	0	0
chr8.19865500.19866000	neg	0	0	0	0	0	0	0	0	0	0	0
chrV.7162500.7163000	neg	0	0	0	0	0	0	0	0	0	0	0
unplaced-scaffold_078.54500.55000	neg	0	0	0	0	0	0	0	0	0	0	0
unplaced-scaffold_257.10500.11000	neg	0	0	0	0	0	0	0	0	0	0	0
unplaced-scaffold_399.8000.8500	neg	0	0	0	0	0	0	0	0	0	0	0
