TF1	TF2	TF1_TF2_count	TF1_count	TF2_count	cosine	zscore
C10_AP2EREBP_10-C3_AP2EREBP_12-C6_AP2EREBP_12	C2_AP2EREBP_133-C6_AP2EREBP_163	2	1	3	1.1547005383792515	1.9365370981321128
C10_AP2EREBP_167	C2_AP2EREBP_133-C6_AP2EREBP_163	2	1	3	1.1547005383792515	1.4391388708721518
C10_AP2EREBP_24-C2_AP2EREBP_26-C6_AP2EREBP_29	C2_AP2EREBP_133-C6_AP2EREBP_163	2	1	3	1.1547005383792515	1.7368421052631584
C10_AP2EREBP_25-C2_AP2EREBP_27-C3_AP2EREBP_28-C4_AP2EREBP_23-C5_AP2EREBP_6	C2_AP2EREBP_133-C6_AP2EREBP_163	2	1	3	1.1547005383792515	1.6957950029010542
C10_AP2EREBP_29-C6_AP2EREBP_32	C2_AP2EREBP_133-C6_AP2EREBP_163	2	1	3	1.1547005383792515	1.0425720702853738
C10_AP2EREBP_34-C3_AP2EREBP_34-C5_AP2EREBP_9-C6_AP2EREBP_37	C2_AP2EREBP_133-C6_AP2EREBP_163	2	1	3	1.1547005383792515	1.7368421052631582
C10_FAR1_2-C2_FAR1_3-C3_FAR1_1-C4_FAR1_3-C6_FAR1_3-C7_FAR1_1	C2_AP2EREBP_133-C6_AP2EREBP_163	2	1	3	1.1547005383792515	1.4253829022092444
C10_bZIP_71	C2_NAC_8	2	1	3	1.1547005383792515	1.849195788975051
C1_AP2EREBP_1-C10_AP2EREBP_1-C11_AP2EREBP_1-C3_AP2EREBP_1-C4_AP2EREBP_1-C6_AP2EREBP_1-C9_AP2EREBP_1	C2_AP2EREBP_133-C6_AP2EREBP_163	2	1	3	1.1547005383792515	1.7174627141137524
C1_AP2EREBP_10-C10_AP2EREBP_30-C13_AP2EREBP_11-C2_AP2EREBP_29-C3_AP2EREBP_30-C4_AP2EREBP_26-C5_AP2EREBP_8-C6_AP2EREBP_33	C2_AP2EREBP_133-C6_AP2EREBP_163	2	1	3	1.1547005383792515	1.9609960780117663
C2_AP2EREBP_133-C6_AP2EREBP_163	C3_AP2EREBP_20	2	3	1	1.1547005383792515	2.2368034052379775
C2_AP2EREBP_133-C6_AP2EREBP_163	C3_AP2EREBP_66	2	3	1	1.1547005383792515	1.3673513833128157
C2_AP2EREBP_133-C6_AP2EREBP_163	C3_E2FDP_7-C6_E2FDP_9	2	3	1	1.1547005383792515	1.649915822768611
C2_AP2EREBP_133-C6_AP2EREBP_163	C3_MYB_24-C5_MYB_19	2	3	1	1.1547005383792515	1.712895254323586
C2_C2C2YABBY_8-C6_C2C2YABBY_3	C2_NAC_8	2	1	3	1.1547005383792515	1.6796557752456491
C2_C2H2_20	C2_NAC_8	2	1	3	1.1547005383792515	1.6789364814379892
C2_C2H2_36	C2_NAC_8	2	1	3	1.1547005383792515	1.6644794391276483
C2_LOBAS2_23	C2_NAC_8	2	1	3	1.1547005383792515	1.5875708343408688
C2_NAC_8	C2_WRKY_19	2	3	1	1.1547005383792515	2.447077640038819
C2_NAC_8	C2_bHLH_45	2	3	1	1.1547005383792515	2.0010510274518087
C2_NAC_8	C4_Trihelix_50	2	3	1	1.1547005383792515	1.2742402269282034
C10_AP2EREBP_10-C3_AP2EREBP_12-C6_AP2EREBP_12	C6_C2H2_58	1	1	1	1.0	2.478478796128212
C10_AP2EREBP_167	C6_C2H2_58	1	1	1	1.0	1.4577379737113252
C10_AP2EREBP_24-C2_AP2EREBP_26-C6_AP2EREBP_29	C6_C2H2_58	1	1	1	1.0	1.779513042005218
C10_AP2EREBP_25-C2_AP2EREBP_27-C3_AP2EREBP_28-C4_AP2EREBP_23-C5_AP2EREBP_6	C6_C2H2_58	1	1	1	1.0	1.687054784573947
C10_AP2EREBP_29-C6_AP2EREBP_32	C6_C2H2_58	1	1	1	1.0	1.6035674514745464
C10_AP2EREBP_34-C3_AP2EREBP_34-C5_AP2EREBP_9-C6_AP2EREBP_37	C6_C2H2_58	1	1	1	1.0	1.3333333333333335
C10_C2C2YABBY_11-C2_C2C2YABBY_14-C4_C2C2YABBY_8-C5_C2C2YABBY_3-C6_C2C2YABBY_8-C9_C2C2YABBY_9	C10_bZIP_71	1	1	1	1.0	1.457737973711325
C10_C2C2YABBY_11-C2_C2C2YABBY_14-C4_C2C2YABBY_8-C5_C2C2YABBY_3-C6_C2C2YABBY_8-C9_C2C2YABBY_9	C2_C2C2YABBY_8-C6_C2C2YABBY_3	1	1	1	1.0	1.687054784573947
C10_C2C2YABBY_11-C2_C2C2YABBY_14-C4_C2C2YABBY_8-C5_C2C2YABBY_3-C6_C2C2YABBY_8-C9_C2C2YABBY_9	C2_C2H2_20	1	1	1	1.0	1.6870547845739468
C10_C2C2YABBY_11-C2_C2C2YABBY_14-C4_C2C2YABBY_8-C5_C2C2YABBY_3-C6_C2C2YABBY_8-C9_C2C2YABBY_9	C2_C2H2_36	1	1	1	1.0	1.6870547845739468
C10_C2C2YABBY_11-C2_C2C2YABBY_14-C4_C2C2YABBY_8-C5_C2C2YABBY_3-C6_C2C2YABBY_8-C9_C2C2YABBY_9	C2_LOBAS2_23	1	1	1	1.0	2.1343747458109497
C10_C2C2YABBY_11-C2_C2C2YABBY_14-C4_C2C2YABBY_8-C5_C2C2YABBY_3-C6_C2C2YABBY_8-C9_C2C2YABBY_9	C2_SBP_1-C4_SBP_1	1	1	1	1.0	1.5275252316519468
C10_C2C2YABBY_11-C2_C2C2YABBY_14-C4_C2C2YABBY_8-C5_C2C2YABBY_3-C6_C2C2YABBY_8-C9_C2C2YABBY_9	C2_WRKY_19	1	1	1	1.0	1.9999999999999998
C10_C2C2YABBY_11-C2_C2C2YABBY_14-C4_C2C2YABBY_8-C5_C2C2YABBY_3-C6_C2C2YABBY_8-C9_C2C2YABBY_9	C6_C2H2_70	1	1	1	1.0	1.5275252316519468
C10_FAR1_2-C2_FAR1_3-C3_FAR1_1-C4_FAR1_3-C6_FAR1_3-C7_FAR1_1	C6_C2H2_58	1	1	1	1.0	1.603567451474546
C10_bZIP_71	C2_C2C2YABBY_8-C6_C2C2YABBY_3	1	1	1	1.0	1.5275252316519468
C10_bZIP_71	C2_C2H2_20	1	1	1	1.0	1.8829377433825434
C10_bZIP_71	C2_C2H2_36	1	1	1	1.0	2.291287847477921
C10_bZIP_71	C2_LOBAS2_23	1	1	1	1.0	1.8829377433825434
C10_bZIP_71	C2_NAC_59	1	1	1	1.0	1.6870547845739472
C10_bZIP_71	C2_SBP_1-C4_SBP_1	1	1	1	1.0	1.8829377433825434
C10_bZIP_71	C2_WRKY_19	1	1	1	1.0	2.0
C10_bZIP_71	C2_bHLH_39	1	1	1	1.0	1.603567451474546
C10_bZIP_71	C2_bHLH_45	1	1	1	1.0	1.7795130420052185
C10_bZIP_71	C4_AP2EREBP_144	1	1	1	1.0	2.1343747458109497
C10_bZIP_71	C4_C2C2YABBY_5	1	1	1	1.0	1.6035674514745462
C10_bZIP_71	C4_HSF_5-C5_HSF_1-C6_HSF_7	1	1	1	1.0	2.1343747458109497
C10_bZIP_71	C4_Trihelix_50	1	1	1	1.0	1.779513042005218
C10_bZIP_71	C6_AP2EREBP_101	1	1	1	1.0	2.4784787961282104
C10_bZIP_71	C6_C2C2COlike_6-C9_C2C2COlike_3	1	1	1	1.0	1.8829377433825434
C10_bZIP_71	C6_C2H2_70	1	1	1	1.0	1.779513042005218
C1_AP2EREBP_1-C10_AP2EREBP_1-C11_AP2EREBP_1-C3_AP2EREBP_1-C4_AP2EREBP_1-C6_AP2EREBP_1-C9_AP2EREBP_1	C6_C2H2_58	1	1	1	1.0	1.9999999999999998
C1_AP2EREBP_10-C10_AP2EREBP_30-C13_AP2EREBP_11-C2_AP2EREBP_29-C3_AP2EREBP_30-C4_AP2EREBP_26-C5_AP2EREBP_8-C6_AP2EREBP_33	C6_C2H2_58	1	1	1	1.0	1.6870547845739463
C2_C2C2YABBY_8-C6_C2C2YABBY_3	C2_C2H2_36	1	1	1	1.0	1.779513042005218
C2_C2C2YABBY_8-C6_C2C2YABBY_3	C2_NAC_59	1	1	1	1.0	1.7795130420052183
C2_C2C2YABBY_8-C6_C2C2YABBY_3	C2_SBP_1-C4_SBP_1	1	1	1	1.0	1.8829377433825436
C2_C2C2YABBY_8-C6_C2C2YABBY_3	C2_WRKY_19	1	1	1	1.0	1.6035674514745462
C2_C2C2YABBY_8-C6_C2C2YABBY_3	C2_bHLH_39	1	1	1	1.0	2.291287847477921
C2_C2C2YABBY_8-C6_C2C2YABBY_3	C2_bHLH_45	1	1	1	1.0	1.4577379737113252
C2_C2C2YABBY_8-C6_C2C2YABBY_3	C4_AP2EREBP_144	1	1	1	1.0	1.5275252316519468
C2_C2C2YABBY_8-C6_C2C2YABBY_3	C4_C2C2YABBY_5	1	1	1	1.0	1.457737973711325
C2_C2C2YABBY_8-C6_C2C2YABBY_3	C4_HSF_5-C5_HSF_1-C6_HSF_7	1	1	1	1.0	2.13437474581095
C2_C2C2YABBY_8-C6_C2C2YABBY_3	C4_Trihelix_50	1	1	1	1.0	1.8829377433825436
C2_C2C2YABBY_8-C6_C2C2YABBY_3	C6_AP2EREBP_101	1	1	1	1.0	1.5275252316519468
C2_C2C2YABBY_8-C6_C2C2YABBY_3	C6_C2C2COlike_6-C9_C2C2COlike_3	1	1	1	1.0	1.6035674514745464
C2_C2C2YABBY_8-C6_C2C2YABBY_3	C6_C2H2_70	1	1	1	1.0	1.7795130420052185
C2_C2H2_20	C2_C2H2_36	1	1	1	1.0	2.0
C2_C2H2_20	C2_NAC_59	1	1	1	1.0	1.3932610920384716
C2_C2H2_20	C2_SBP_1-C4_SBP_1	1	1	1	1.0	1.8829377433825434
C2_C2H2_20	C2_WRKY_19	1	1	1	1.0	2.1343747458109497
C2_C2H2_20	C2_bHLH_39	1	1	1	1.0	1.779513042005218
C2_C2H2_20	C2_bHLH_45	1	1	1	1.0	1.7795130420052185
C2_C2H2_20	C4_AP2EREBP_144	1	1	1	1.0	1.779513042005218
C2_C2H2_20	C4_C2C2YABBY_5	1	1	1	1.0	1.9999999999999998
C2_C2H2_20	C4_HSF_5-C5_HSF_1-C6_HSF_7	1	1	1	1.0	2.0
C2_C2H2_20	C4_Trihelix_50	1	1	1	1.0	2.0
C2_C2H2_20	C6_AP2EREBP_101	1	1	1	1.0	2.0
C2_C2H2_20	C6_C2C2COlike_6-C9_C2C2COlike_3	1	1	1	1.0	2.0
C2_C2H2_20	C6_C2H2_70	1	1	1	1.0	1.6870547845739468
C2_C2H2_36	C2_LOBAS2_23	1	1	1	1.0	2.4784787961282104
C2_C2H2_36	C2_NAC_59	1	1	1	1.0	1.9999999999999998
C2_C2H2_36	C2_SBP_1-C4_SBP_1	1	1	1	1.0	2.7080128015453186
C2_C2H2_36	C2_bHLH_39	1	1	1	1.0	1.3932610920384723
C2_C2H2_36	C2_bHLH_45	1	1	1	1.0	1.8829377433825434
C2_C2H2_36	C4_AP2EREBP_144	1	1	1	1.0	2.291287847477921
C2_C2H2_36	C4_C2C2YABBY_5	1	1	1	1.0	1.393261092038472
C2_C2H2_36	C4_HSF_5-C5_HSF_1-C6_HSF_7	1	1	1	1.0	1.8829377433825434
C2_C2H2_36	C4_Trihelix_50	1	1	1	1.0	1.5275252316519468
C2_C2H2_36	C6_AP2EREBP_101	1	1	1	1.0	1.9999999999999998
C2_C2H2_36	C6_C2C2COlike_6-C9_C2C2COlike_3	1	1	1	1.0	1.5275252316519468
C2_C2H2_36	C6_C2H2_70	1	1	1	1.0	2.0
C2_LOBAS2_23	C2_NAC_59	1	1	1	1.0	1.6870547845739474
C2_LOBAS2_23	C2_SBP_1-C4_SBP_1	1	1	1	1.0	2.1343747458109497
C2_LOBAS2_23	C2_WRKY_19	1	1	1	1.0	2.0
C2_LOBAS2_23	C2_bHLH_39	1	1	1	1.0	1.8829377433825438
C2_LOBAS2_23	C2_bHLH_45	1	1	1	1.0	1.7795130420052185
C2_LOBAS2_23	C4_AP2EREBP_144	1	1	1	1.0	1.603567451474546
C2_LOBAS2_23	C4_C2C2YABBY_5	1	1	1	1.0	2.7080128015453195
C2_LOBAS2_23	C4_HSF_5-C5_HSF_1-C6_HSF_7	1	1	1	1.0	2.4784787961282104
C2_LOBAS2_23	C4_Trihelix_50	1	1	1	1.0	2.1343747458109497
C2_LOBAS2_23	C6_AP2EREBP_101	1	1	1	1.0	2.291287847477921
C2_LOBAS2_23	C6_C2C2COlike_6-C9_C2C2COlike_3	1	1	1	1.0	1.6870547845739468
C2_LOBAS2_23	C6_C2H2_70	1	1	1	1.0	1.9999999999999998
C2_NAC_59	C2_SBP_1-C4_SBP_1	1	1	1	1.0	1.5275252316519468
C2_NAC_59	C2_WRKY_19	1	1	1	1.0	1.8829377433825434
C2_NAC_59	C6_C2H2_70	1	1	1	1.0	1.6035674514745464
C2_SBP_1-C4_SBP_1	C2_WRKY_19	1	1	1	1.0	2.291287847477921
C2_SBP_1-C4_SBP_1	C2_bHLH_39	1	1	1	1.0	2.0
C2_SBP_1-C4_SBP_1	C2_bHLH_45	1	1	1	1.0	1.3932610920384718
C2_SBP_1-C4_SBP_1	C4_AP2EREBP_144	1	1	1	1.0	1.7795130420052176
C2_SBP_1-C4_SBP_1	C4_C2C2YABBY_5	1	1	1	1.0	1.687054784573947
C2_SBP_1-C4_SBP_1	C4_HSF_5-C5_HSF_1-C6_HSF_7	1	1	1	1.0	2.1343747458109497
C2_SBP_1-C4_SBP_1	C4_Trihelix_50	1	1	1	1.0	2.1343747458109497
C2_SBP_1-C4_SBP_1	C6_AP2EREBP_101	1	1	1	1.0	2.7080128015453195
C2_SBP_1-C4_SBP_1	C6_C2C2COlike_6-C9_C2C2COlike_3	1	1	1	1.0	1.4577379737113252
C2_WRKY_19	C2_bHLH_39	1	1	1	1.0	2.478478796128212
C2_WRKY_19	C2_bHLH_45	1	1	1	1.0	1.603567451474546
C2_WRKY_19	C4_AP2EREBP_144	1	1	1	1.0	1.7795130420052183
C2_WRKY_19	C4_C2C2YABBY_5	1	1	1	1.0	1.779513042005218
C2_WRKY_19	C4_HSF_5-C5_HSF_1-C6_HSF_7	1	1	1	1.0	2.1343747458109497
C2_WRKY_19	C4_Trihelix_50	1	1	1	1.0	2.2912878474779212
C2_WRKY_19	C6_AP2EREBP_101	1	1	1	1.0	2.291287847477921
C2_WRKY_19	C6_C2C2COlike_6-C9_C2C2COlike_3	1	1	1	1.0	1.8829377433825434
C2_WRKY_19	C6_C2H2_70	1	1	1	1.0	2.291287847477921
C2_bHLH_39	C6_C2H2_70	1	1	1	1.0	2.1343747458109497
C2_bHLH_45	C6_C2H2_70	1	1	1	1.0	2.291287847477921
C3_AP2EREBP_20	C6_C2H2_58	1	1	1	1.0	1.7795130420052179
C3_AP2EREBP_66	C6_C2H2_58	1	1	1	1.0	1.7795130420052183
C3_E2FDP_7-C6_E2FDP_9	C6_C2H2_58	1	1	1	1.0	1.6035674514745462
C3_MYB_24-C5_MYB_19	C6_C2H2_58	1	1	1	1.0	1.8829377433825436
C4_AP2EREBP_144	C6_C2H2_70	1	1	1	1.0	1.9999999999999998
C4_C2C2YABBY_5	C6_C2H2_70	1	1	1	1.0	1.6870547845739472
C4_HSF_5-C5_HSF_1-C6_HSF_7	C6_C2H2_70	1	1	1	1.0	2.4784787961282104
C6_AP2EREBP_101	C6_C2H2_70	1	1	1	1.0	1.8829377433825436
C6_C2C2COlike_6-C9_C2C2COlike_3	C6_C2H2_70	1	1	1	1.0	1.5275252316519468
C2_NAC_8	C2_SBP_10	2	3	2	0.816496580927726	0.6092501834367946
C10_C2C2YABBY_11-C2_C2C2YABBY_14-C4_C2C2YABBY_8-C5_C2C2YABBY_3-C6_C2C2YABBY_8-C9_C2C2YABBY_9	C2_SBP_10	1	1	2	0.7071067811865476	0.4852474794154728
C10_C2C2YABBY_11-C2_C2C2YABBY_14-C4_C2C2YABBY_8-C5_C2C2YABBY_3-C6_C2C2YABBY_8-C9_C2C2YABBY_9	C2_SBP_3-C4_SBP_3-C6_SBP_1	1	1	2	0.7071067811865476	0.878438127193422
C10_bZIP_71	C1_C2H2_11-C2_C2H2_39-C4_C2H2_32-C9_C2H2_19	1	1	2	0.7071067811865476	1.1703282643965742
C10_bZIP_71	C2_SBP_10	1	1	2	0.7071067811865476	1.148733053788381
C10_bZIP_71	C2_SBP_3-C4_SBP_3-C6_SBP_1	1	1	2	0.7071067811865476	1.1036292244888024
C10_bZIP_71	C6_RWPRK_4	1	1	2	0.7071067811865476	0.6902013856519744
C1_C2H2_11-C2_C2H2_39-C4_C2H2_32-C9_C2H2_19	C2_C2C2YABBY_8-C6_C2C2YABBY_3	1	2	1	0.7071067811865476	0.8125000000000001
C1_C2H2_11-C2_C2H2_39-C4_C2H2_32-C9_C2H2_19	C2_C2H2_20	1	2	1	0.7071067811865476	0.8064193829708234
C1_C2H2_11-C2_C2H2_39-C4_C2H2_32-C9_C2H2_19	C2_C2H2_36	1	2	1	0.7071067811865476	1.1962490654307825
C1_C2H2_11-C2_C2H2_39-C4_C2H2_32-C9_C2H2_19	C2_LOBAS2_23	1	2	1	0.7071067811865476	1.246500477681503
C1_C2H2_11-C2_C2H2_39-C4_C2H2_32-C9_C2H2_19	C2_SBP_1-C4_SBP_1	1	2	1	0.7071067811865476	0.9857426511607846
C1_C2H2_11-C2_C2H2_39-C4_C2H2_32-C9_C2H2_19	C2_WRKY_19	1	2	1	0.7071067811865476	1.0606601717798212
C1_C2H2_11-C2_C2H2_39-C4_C2H2_32-C9_C2H2_19	C6_C2H2_70	1	2	1	0.7071067811865476	0.9251460406371258
C2_C2C2YABBY_8-C6_C2C2YABBY_3	C2_SBP_10	1	1	2	0.7071067811865476	0.9618692838696564
C2_C2C2YABBY_8-C6_C2C2YABBY_3	C2_SBP_3-C4_SBP_3-C6_SBP_1	1	1	2	0.7071067811865476	1.1810059425271622
C2_C2C2YABBY_8-C6_C2C2YABBY_3	C6_RWPRK_4	1	1	2	0.7071067811865476	0.6305993542151144
C2_C2H2_20	C2_SBP_10	1	1	2	0.7071067811865476	1.019585703205214
C2_C2H2_20	C2_SBP_3-C4_SBP_3-C6_SBP_1	1	1	2	0.7071067811865476	1.0811798054391777
C2_C2H2_20	C6_RWPRK_4	1	1	2	0.7071067811865476	0.9618692838696562
C2_C2H2_36	C2_SBP_10	1	1	2	0.7071067811865476	0.8340360973874236
C2_C2H2_36	C2_SBP_3-C4_SBP_3-C6_SBP_1	1	1	2	0.7071067811865476	0.7453559924999299
C2_C2H2_36	C6_RWPRK_4	1	1	2	0.7071067811865476	0.9999999999999998
C2_LOBAS2_23	C2_SBP_3-C4_SBP_3-C6_SBP_1	1	1	2	0.7071067811865476	1.246500477681503
C2_LOBAS2_23	C6_RWPRK_4	1	1	2	0.7071067811865476	0.878438127193422
C2_NAC_59	C2_SBP_10	1	1	2	0.7071067811865476	1.1338934190276815
C2_NAC_59	C2_SBP_3-C4_SBP_3-C6_SBP_1	1	1	2	0.7071067811865476	0.8125000000000004
C2_SBP_1-C4_SBP_1	C2_SBP_10	1	1	2	0.7071067811865476	1.060660171779821
C2_SBP_1-C4_SBP_1	C6_RWPRK_4	1	1	2	0.7071067811865476	0.8896802485305644
C2_SBP_10	C2_WRKY_19	1	2	1	0.7071067811865476	1.299867367239363
C2_SBP_10	C2_bHLH_39	1	2	1	0.7071067811865476	0.7755149821534618
C2_SBP_10	C2_bHLH_45	1	2	1	0.7071067811865476	0.9129613975298102
C2_SBP_10	C4_AP2EREBP_144	1	2	1	0.7071067811865476	1.0397066299035835
C2_SBP_10	C4_C2C2YABBY_5	1	2	1	0.7071067811865476	0.8219949365267866
C2_SBP_10	C4_HSF_5-C5_HSF_1-C6_HSF_7	1	2	1	0.7071067811865476	1.2998673672393632
C2_SBP_10	C4_Trihelix_50	1	2	1	0.7071067811865476	0.9045340337332908
C2_SBP_10	C6_AP2EREBP_101	1	2	1	0.7071067811865476	1.356801050599936
C2_SBP_10	C6_C2C2COlike_6-C9_C2C2COlike_3	1	2	1	0.7071067811865476	0.6869498447529238
C2_SBP_10	C6_C2H2_70	1	2	1	0.7071067811865476	0.9045340337332908
C2_SBP_3-C4_SBP_3-C6_SBP_1	C2_WRKY_19	1	2	1	0.7071067811865476	0.7453559924999299
C2_SBP_3-C4_SBP_3-C6_SBP_1	C2_bHLH_39	1	2	1	0.7071067811865476	1.246500477681503
C2_SBP_3-C4_SBP_3-C6_SBP_1	C2_bHLH_45	1	2	1	0.7071067811865476	0.7808688094430303
C2_SBP_3-C4_SBP_3-C6_SBP_1	C4_AP2EREBP_144	1	2	1	0.7071067811865476	1.1338934190276817
C2_SBP_3-C4_SBP_3-C6_SBP_1	C4_C2C2YABBY_5	1	2	1	0.7071067811865476	0.9857426511607849
C2_SBP_3-C4_SBP_3-C6_SBP_1	C4_HSF_5-C5_HSF_1-C6_HSF_7	1	2	1	0.7071067811865476	0.9857426511607846
C2_SBP_3-C4_SBP_3-C6_SBP_1	C4_Trihelix_50	1	2	1	0.7071067811865476	0.8896802485305644
C2_SBP_3-C4_SBP_3-C6_SBP_1	C6_AP2EREBP_101	1	2	1	0.7071067811865476	1.3397876906064712
C2_SBP_3-C4_SBP_3-C6_SBP_1	C6_C2C2COlike_6-C9_C2C2COlike_3	1	2	1	0.7071067811865476	0.8449886842979476
C2_WRKY_19	C6_RWPRK_4	1	1	2	0.7071067811865476	0.7158599835262724
C6_C2H2_70	C6_RWPRK_4	1	1	2	0.7071067811865476	0.8360796171499411
C10_C2C2YABBY_11-C2_C2C2YABBY_14-C4_C2C2YABBY_8-C5_C2C2YABBY_3-C6_C2C2YABBY_8-C9_C2C2YABBY_9	C2_NAC_8	1	1	3	0.5773502691896257	0.32084447395987403
C2_AP2EREBP_133-C6_AP2EREBP_163	C6_C2H2_58	1	3	1	0.5773502691896257	0.32084447395987403
C2_NAC_59	C2_NAC_8	1	1	3	0.5773502691896257	0.5547001962252291
C2_NAC_8	C2_SBP_1-C4_SBP_1	1	3	1	0.5773502691896257	0.46852128566581813
C2_NAC_8	C2_bHLH_39	1	3	1	0.5773502691896257	0.6101418254388846
C2_NAC_8	C4_AP2EREBP_144	1	3	1	0.5773502691896257	0.4302763440196706
C2_NAC_8	C4_C2C2YABBY_5	1	3	1	0.5773502691896257	0.4302763440196705
C2_NAC_8	C4_HSF_5-C5_HSF_1-C6_HSF_7	1	3	1	0.5773502691896257	0.6308932681440448
C2_NAC_8	C6_AP2EREBP_101	1	3	1	0.5773502691896257	0.8449886842979476
C2_NAC_8	C6_C2C2COlike_6-C9_C2C2COlike_3	1	3	1	0.5773502691896257	0.33780480521758305
C2_NAC_8	C6_C2H2_70	1	3	1	0.5773502691896257	0.6308932681440447
C1_C2H2_11-C2_C2H2_39-C4_C2H2_32-C9_C2H2_19	C2_SBP_10	1	2	2	0.5	0.14592836972877912
C1_C2H2_11-C2_C2H2_39-C4_C2H2_32-C9_C2H2_19	C2_SBP_3-C4_SBP_3-C6_SBP_1	1	2	2	0.5	0.09090909090909087
C2_SBP_10	C2_SBP_3-C4_SBP_3-C6_SBP_1	1	2	2	0.5	0.08980265101338741
C2_SBP_10	C6_RWPRK_4	1	2	2	0.5	-0.042678959977632006
C2_SBP_3-C4_SBP_3-C6_SBP_1	C6_RWPRK_4	1	2	2	0.5	0.04267895997763201
C1_C2H2_11-C2_C2H2_39-C4_C2H2_32-C9_C2H2_19	C2_NAC_8	1	2	3	0.408248290463863	-0.3801429606348528
C2_NAC_8	C2_SBP_3-C4_SBP_3-C6_SBP_1	1	3	2	0.408248290463863	-0.31116393663376557
C2_NAC_8	C6_RWPRK_4	1	3	2	0.408248290463863	-0.4293937601787079
C2_AP2EREBP_133-C6_AP2EREBP_163	C2_AP2EREBP_133-C6_AP2EREBP_163	1	3	3	0.3333333333333333	0.4623158427148087
C2_NAC_8	C2_NAC_8	1	3	3	0.3333333333333333	0.6147786234942719
