peak	Class	H2Aub	H2AZ	H3	H3K4me1	H3K4me3	H3K9ac	H3K9me1	H3K14ac	H3K27me1	H3K27me3	H3K36me3
chr1.3877526.3877630	pos	0	1	1	0	0	1	1	0	0	0	1
chr1.5379182.5379500	pos	0	1	1	0	0	0	1	0	1	0	0
chr1.17091164.17091887	pos	0	0	0	0	0	0	1	0	1	0	0
chr1.20493102.20493346	pos	0	0	0	0	0	0	0	0	0	0	0
chr1.21746377.21746607	pos	0	1	0	0	0	1	1	1	1	0	0
chr1.24435076.24435145	pos	1	1	0	0	1	1	0	1	0	0	0
chr1.28550987.28551154	pos	0	1	0	0	1	1	0	0	0	0	0
chr2.16067544.16067800	pos	0	0	0	0	0	0	1	0	1	0	0
chr2.20760822.20760933	pos	0	0	1	0	0	0	1	0	1	0	0
chr3.5455304.5455510	pos	0	0	0	0	0	0	1	0	0	0	0
chr3.7870243.7871338	pos	0	1	0	0	1	1	0	0	0	0	0
chr3.10519224.10519813	pos	0	1	0	1	0	1	1	1	0	0	1
chr3.10822382.10823515	pos	0	1	1	0	1	1	0	0	0	0	0
chr3.14178151.14178762	pos	0	1	1	0	0	0	1	0	0	0	0
chr3.15484918.15485250	pos	0	1	1	1	1	0	1	0	0	1	0
chr3.18620065.18621026	pos	1	1	0	0	1	1	0	1	0	0	1
chr4.6629607.6629739	pos	0	1	0	0	1	0	1	0	1	1	1
chr4.6690862.6690992	pos	0	1	0	1	1	0	1	1	0	1	0
chr4.11118546.11119309	pos	1	1	0	0	1	1	0	0	0	0	1
chr4.16113525.16114277	pos	0	0	0	0	0	0	1	0	1	0	0
chr4.22635294.22635484	pos	1	1	0	1	1	0	1	1	1	1	0
chr4.24589553.24589651	pos	1	1	0	1	1	1	0	1	0	0	1
chr4.26866918.26867412	pos	0	0	0	0	0	0	1	0	1	0	0
chr5.2112475.2112557	pos	1	1	0	1	1	1	0	1	0	0	0
chr5.3589097.3589250	pos	0	1	1	0	1	1	0	1	0	0	0
chr5.12168561.12170255	pos	1	1	1	0	1	1	0	1	0	0	0
chr5.12170370.12170461	pos	1	1	1	1	1	1	0	1	0	0	0
chr5.19854057.19855589	pos	0	1	1	0	0	1	0	0	0	0	0
chr5.21901259.21901348	pos	0	1	1	0	0	1	1	1	1	0	0
chr6.16805744.16806127	pos	0	1	0	0	1	1	1	0	1	0	1
chr6.16964276.16964915	pos	1	1	1	0	1	1	0	1	0	0	1
chr6.17059751.17060023	pos	1	1	0	0	1	1	0	1	0	0	1
chr7.2993948.2994535	pos	0	1	0	1	0	1	1	0	0	1	0
chr7.10090286.10090583	pos	0	1	0	1	1	1	0	1	0	0	1
chr7.12078929.12079213	pos	0	0	0	0	0	0	0	1	0	1	0
chr7.21433515.21433937	pos	1	1	1	0	1	0	0	0	0	0	0
chr7.21434506.21434680	pos	1	1	0	0	1	0	0	0	0	0	0
chr8.4977971.4980548	pos	0	1	0	0	1	1	0	0	0	0	1
chr8.11437694.11437801	pos	0	1	0	1	1	1	1	1	0	1	0
chr8.13798896.13799162	pos	0	1	0	0	1	1	0	1	0	1	0
chr8.18191503.18191673	pos	0	0	0	0	0	0	0	0	0	0	0
chr8.18956024.18956184	pos	0	1	0	0	0	1	0	0	0	0	0
chr8.20234813.20234882	pos	0	0	0	0	0	0	1	0	0	1	0
chr1.7301500.7302000	neg	0	0	0	0	0	0	0	0	0	0	0
chr1.15666500.15667000	neg	0	0	0	0	0	0	0	0	0	0	0
chr1.17346000.17346500	neg	0	0	0	0	0	0	0	0	0	0	0
chr1.18590000.18590500	neg	0	0	0	0	0	0	0	0	0	0	0
chr1.28456000.28456500	neg	0	0	0	0	0	0	0	0	0	0	0
chr2.875000.875500	neg	0	0	0	0	0	0	0	0	0	0	0
chr2.3151000.3151500	neg	0	0	0	0	0	0	0	0	0	0	0
chr2.3232000.3232500	neg	0	0	0	0	0	0	0	0	0	0	0
chr2.6564500.6565000	neg	0	0	0	0	0	0	0	0	0	0	0
chr2.7810500.7811000	neg	0	0	0	0	0	0	0	0	0	0	0
chr2.23352500.23353000	neg	0	0	0	0	0	0	0	0	0	0	0
chr2.24535500.24536000	neg	0	0	0	0	0	0	0	0	0	0	0
chr2.27971500.27972000	neg	0	0	0	0	0	0	0	0	0	0	0
chr3.2295500.2296000	neg	0	0	0	0	0	0	0	0	0	0	0
chr3.9176500.9177000	neg	0	0	0	0	0	0	0	0	0	0	0
chr3.13937500.13938000	neg	0	0	0	0	0	0	0	0	0	0	0
chr3.15924500.15925000	neg	0	0	0	0	0	0	0	0	0	0	0
chr3.18220000.18220500	neg	0	0	0	0	0	0	0	0	0	0	0
chr3.19164500.19165000	neg	0	0	0	0	0	0	0	0	0	0	0
chr4.16686000.16686500	neg	0	0	0	0	0	0	0	0	0	0	0
chr4.22874500.22875000	neg	0	0	0	0	0	0	0	0	0	0	0
chr4.25131500.25132000	neg	0	0	0	0	0	0	0	0	0	0	0
chr4.25573500.25574000	neg	0	0	0	0	0	0	0	0	0	0	0
chr4.26155500.26156000	neg	0	0	0	0	0	0	0	0	0	0	0
chr5.3464500.3465000	neg	0	0	0	0	0	0	0	0	0	0	0
chr5.8027500.8028000	neg	0	0	0	0	0	0	0	0	0	0	0
chr5.10247500.10248000	neg	0	0	0	0	0	0	0	0	0	0	0
chr5.15130000.15130500	neg	0	0	0	0	0	0	0	0	0	0	0
chr5.26002000.26002500	neg	0	0	0	0	0	0	0	0	0	0	0
chr6.105000.105500	neg	0	0	0	0	0	0	0	0	0	0	0
chr6.1878000.1878500	neg	0	0	0	0	0	0	0	0	0	0	0
chr6.3272500.3273000	neg	0	0	0	0	0	0	0	0	0	0	0
chr6.9044000.9044500	neg	0	0	0	0	0	0	0	0	0	0	0
chr6.10390500.10391000	neg	0	0	0	0	0	0	0	0	0	0	0
chr6.14866000.14866500	neg	0	0	0	0	0	0	0	0	0	0	0
chr6.20341000.20341500	neg	0	0	0	0	0	0	0	0	0	0	0
chr7.4095500.4096000	neg	0	0	0	0	0	0	0	0	0	0	0
chr7.8922500.8923000	neg	0	0	0	0	0	0	0	0	0	0	0
chr7.10351000.10351500	neg	0	0	0	0	0	0	0	0	0	0	0
chr7.15657000.15657500	neg	0	0	0	0	0	0	0	0	0	0	0
chr8.2310500.2311000	neg	0	0	0	0	0	0	0	0	0	0	0
chrV.7388500.7389000	neg	0	0	0	0	0	0	0	0	0	0	0
unplaced-scaffold_274.5500.6000	neg	0	0	0	0	0	0	0	0	0	0	0
