peak	Class	H2Aub	H2AZ	H3	H3K4me1	H3K4me3	H3K9ac	H3K9me1	H3K14ac	H3K27me1	H3K27me3	H3K36me3
chr1.3877526.3877630	pos	0	1	1	0	0	1	1	0	0	0	1
chr1.5379182.5379500	pos	0	1	1	0	0	0	1	0	1	0	0
chr1.17091164.17091887	pos	0	0	0	0	0	0	1	0	1	0	0
chr1.20493102.20493346	pos	0	0	0	0	0	0	0	0	0	0	0
chr1.21746377.21746607	pos	0	1	0	0	0	1	1	1	1	0	0
chr1.24435076.24435145	pos	1	1	0	0	1	1	0	1	0	0	0
chr1.28550987.28551154	pos	0	1	0	0	1	1	0	0	0	0	0
chr2.16067544.16067800	pos	0	0	0	0	0	0	1	0	1	0	0
chr2.20760822.20760933	pos	0	0	1	0	0	0	1	0	1	0	0
chr3.5455304.5455510	pos	0	0	0	0	0	0	1	0	0	0	0
chr3.7870243.7871338	pos	0	1	0	0	1	1	0	0	0	0	0
chr3.10519224.10519813	pos	0	1	0	1	0	1	1	1	0	0	1
chr3.10822382.10823515	pos	0	1	1	0	1	1	0	0	0	0	0
chr3.14178151.14178762	pos	0	1	1	0	0	0	1	0	0	0	0
chr3.15484918.15485250	pos	0	1	1	1	1	0	1	0	0	1	0
chr3.18620065.18621026	pos	1	1	0	0	1	1	0	1	0	0	1
chr4.6629607.6629739	pos	0	1	0	0	1	0	1	0	1	1	1
chr4.6690862.6690992	pos	0	1	0	1	1	0	1	1	0	1	0
chr4.11118546.11119309	pos	1	1	0	0	1	1	0	0	0	0	1
chr4.16113525.16114277	pos	0	0	0	0	0	0	1	0	1	0	0
chr4.22635294.22635484	pos	1	1	0	1	1	0	1	1	1	1	0
chr4.24589553.24589651	pos	1	1	0	1	1	1	0	1	0	0	1
chr4.26866918.26867412	pos	0	0	0	0	0	0	1	0	1	0	0
chr5.2112475.2112557	pos	1	1	0	1	1	1	0	1	0	0	0
chr5.3589097.3589250	pos	0	1	1	0	1	1	0	1	0	0	0
chr5.12168561.12170255	pos	1	1	1	0	1	1	0	1	0	0	0
chr5.12170370.12170461	pos	1	1	1	1	1	1	0	1	0	0	0
chr5.19854057.19855589	pos	0	1	1	0	0	1	0	0	0	0	0
chr5.21901259.21901348	pos	0	1	1	0	0	1	1	1	1	0	0
chr6.16805744.16806127	pos	0	1	0	0	1	1	1	0	1	0	1
chr6.16964276.16964915	pos	1	1	1	0	1	1	0	1	0	0	1
chr6.17059751.17060023	pos	1	1	0	0	1	1	0	1	0	0	1
chr7.2993948.2994535	pos	0	1	0	1	0	1	1	0	0	1	0
chr7.10090286.10090583	pos	0	1	0	1	1	1	0	1	0	0	1
chr7.12078929.12079213	pos	0	0	0	0	0	0	0	1	0	1	0
chr7.21433515.21433937	pos	1	1	1	0	1	0	0	0	0	0	0
chr7.21434506.21434680	pos	1	1	0	0	1	0	0	0	0	0	0
chr8.4977971.4980548	pos	0	1	0	0	1	1	0	0	0	0	1
chr8.11437694.11437801	pos	0	1	0	1	1	1	1	1	0	1	0
chr8.13798896.13799162	pos	0	1	0	0	1	1	0	1	0	1	0
chr8.18191503.18191673	pos	0	0	0	0	0	0	0	0	0	0	0
chr8.18956024.18956184	pos	0	1	0	0	0	1	0	0	0	0	0
chr8.20234813.20234882	pos	0	0	0	0	0	0	1	0	0	1	0
chr1.6791000.6791500	neg	0	0	0	0	0	0	0	0	0	0	0
chr1.12765500.12766000	neg	0	0	0	0	0	0	0	0	0	0	0
chr1.16631500.16632000	neg	0	0	0	0	0	0	0	0	0	0	0
chr1.30472500.30473000	neg	0	0	0	0	0	0	0	0	0	0	0
chr2.4086500.4087000	neg	0	0	0	0	0	0	0	0	0	0	0
chr2.8984000.8984500	neg	0	0	0	0	0	0	0	0	0	0	0
chr2.10096000.10096500	neg	0	0	0	0	0	0	0	0	0	0	0
chr2.25267500.25268000	neg	0	0	0	0	0	0	0	0	0	0	0
chr3.937000.937500	neg	0	0	0	0	0	0	0	0	0	0	0
chr3.9861000.9861500	neg	0	0	0	0	0	0	0	0	0	0	0
chr3.11832000.11832500	neg	0	0	0	0	0	0	0	0	0	0	0
chr3.22084500.22085000	neg	0	0	0	0	0	0	0	0	0	0	0
chr3.25000000.25000500	neg	0	0	0	0	0	0	0	0	0	0	0
chr4.2506000.2506500	neg	0	0	0	0	0	0	0	0	0	0	0
chr4.6728500.6729000	neg	0	0	0	0	0	0	0	0	0	0	0
chr4.11213500.11214000	neg	0	0	0	0	0	0	0	0	0	0	0
chr4.17252000.17252500	neg	0	0	0	0	0	0	0	0	0	0	0
chr4.17627000.17627500	neg	0	0	0	0	0	0	0	0	0	0	0
chr4.20558500.20559000	neg	0	0	0	0	0	0	0	0	0	0	0
chr4.26016000.26016500	neg	0	0	0	0	0	0	0	0	0	0	0
chr5.949000.949500	neg	0	0	0	0	0	0	0	0	0	0	0
chr5.3909000.3909500	neg	0	0	0	0	0	0	0	0	0	0	0
chr5.6539500.6540000	neg	0	0	0	0	0	0	0	0	0	0	0
chr5.9425000.9425500	neg	0	0	0	0	0	0	0	0	0	0	0
chr5.13815000.13815500	neg	0	0	0	0	0	0	0	0	0	0	0
chr5.19560500.19561000	neg	0	0	0	0	0	0	0	0	0	0	0
chr6.4375500.4376000	neg	0	0	0	0	0	0	0	0	0	0	0
chr6.5285500.5286000	neg	0	0	0	0	0	0	0	0	0	0	0
chr6.6817000.6817500	neg	0	0	0	0	0	0	0	0	0	0	0
chr6.11350000.11350500	neg	0	0	0	0	0	0	0	0	0	0	0
chr6.14043000.14043500	neg	0	0	0	0	0	0	0	0	0	0	0
chr6.17927000.17927500	neg	0	0	0	0	0	0	0	0	0	0	0
chr6.20756500.20757000	neg	0	0	0	0	0	0	0	0	0	0	0
chr7.11981000.11981500	neg	0	0	0	0	0	0	0	0	0	0	0
chr7.15974500.15975000	neg	0	0	0	0	0	0	0	0	0	0	0
chr8.1255000.1255500	neg	0	0	0	0	0	0	0	0	0	0	0
chr8.12924000.12924500	neg	0	0	0	0	0	0	0	0	0	0	0
chr8.18394500.18395000	neg	0	0	0	0	0	0	0	0	0	0	0
chr8.19865500.19866000	neg	0	0	0	0	0	0	0	0	0	0	0
chrV.7162500.7163000	neg	0	0	0	0	0	0	0	0	0	0	0
unplaced-scaffold_078.54500.55000	neg	0	0	0	0	0	0	0	0	0	0	0
unplaced-scaffold_257.10500.11000	neg	0	0	0	0	0	0	0	0	0	0	0
unplaced-scaffold_399.8000.8500	neg	0	0	0	0	0	0	0	0	0	0	0
