peak	Class	H2Aub	H2AZ	H3	H3K4me1	H3K4me3	H3K9ac	H3K9me1	H3K14ac	H3K27me1	H3K27me3	H3K36me3
chr1.3877526.3877630	pos	0	1	1	0	0	1	1	0	0	0	1
chr1.5379182.5379500	pos	0	1	1	0	0	0	1	0	1	0	0
chr1.17091164.17091887	pos	0	0	0	0	0	0	1	0	1	0	0
chr1.20493102.20493346	pos	0	0	0	0	0	0	0	0	0	0	0
chr1.21746377.21746607	pos	0	1	0	0	0	1	1	1	1	0	0
chr1.24435076.24435145	pos	1	1	0	0	1	1	0	1	0	0	0
chr1.28550987.28551154	pos	0	1	0	0	1	1	0	0	0	0	0
chr2.16067544.16067800	pos	0	0	0	0	0	0	1	0	1	0	0
chr2.20760822.20760933	pos	0	0	1	0	0	0	1	0	1	0	0
chr3.5455304.5455510	pos	0	0	0	0	0	0	1	0	0	0	0
chr3.7870243.7871338	pos	0	1	0	0	1	1	0	0	0	0	0
chr3.10519224.10519813	pos	0	1	0	1	0	1	1	1	0	0	1
chr3.10822382.10823515	pos	0	1	1	0	1	1	0	0	0	0	0
chr3.14178151.14178762	pos	0	1	1	0	0	0	1	0	0	0	0
chr3.15484918.15485250	pos	0	1	1	1	1	0	1	0	0	1	0
chr3.18620065.18621026	pos	1	1	0	0	1	1	0	1	0	0	1
chr4.6629607.6629739	pos	0	1	0	0	1	0	1	0	1	1	1
chr4.6690862.6690992	pos	0	1	0	1	1	0	1	1	0	1	0
chr4.11118546.11119309	pos	1	1	0	0	1	1	0	0	0	0	1
chr4.16113525.16114277	pos	0	0	0	0	0	0	1	0	1	0	0
chr4.22635294.22635484	pos	1	1	0	1	1	0	1	1	1	1	0
chr4.24589553.24589651	pos	1	1	0	1	1	1	0	1	0	0	1
chr4.26866918.26867412	pos	0	0	0	0	0	0	1	0	1	0	0
chr5.2112475.2112557	pos	1	1	0	1	1	1	0	1	0	0	0
chr5.3589097.3589250	pos	0	1	1	0	1	1	0	1	0	0	0
chr5.12168561.12170255	pos	1	1	1	0	1	1	0	1	0	0	0
chr5.12170370.12170461	pos	1	1	1	1	1	1	0	1	0	0	0
chr5.19854057.19855589	pos	0	1	1	0	0	1	0	0	0	0	0
chr5.21901259.21901348	pos	0	1	1	0	0	1	1	1	1	0	0
chr6.16805744.16806127	pos	0	1	0	0	1	1	1	0	1	0	1
chr6.16964276.16964915	pos	1	1	1	0	1	1	0	1	0	0	1
chr6.17059751.17060023	pos	1	1	0	0	1	1	0	1	0	0	1
chr7.2993948.2994535	pos	0	1	0	1	0	1	1	0	0	1	0
chr7.10090286.10090583	pos	0	1	0	1	1	1	0	1	0	0	1
chr7.12078929.12079213	pos	0	0	0	0	0	0	0	1	0	1	0
chr7.21433515.21433937	pos	1	1	1	0	1	0	0	0	0	0	0
chr7.21434506.21434680	pos	1	1	0	0	1	0	0	0	0	0	0
chr8.4977971.4980548	pos	0	1	0	0	1	1	0	0	0	0	1
chr8.11437694.11437801	pos	0	1	0	1	1	1	1	1	0	1	0
chr8.13798896.13799162	pos	0	1	0	0	1	1	0	1	0	1	0
chr8.18191503.18191673	pos	0	0	0	0	0	0	0	0	0	0	0
chr8.18956024.18956184	pos	0	1	0	0	0	1	0	0	0	0	0
chr8.20234813.20234882	pos	0	0	0	0	0	0	1	0	0	1	0
chr1.2222000.2222500	neg	0	0	0	0	0	0	0	0	0	0	0
chr1.6071500.6072000	neg	0	0	0	0	0	0	0	0	0	0	0
chr1.7803500.7804000	neg	0	0	0	0	0	0	0	0	0	0	0
chr1.18933500.18934000	neg	0	0	0	0	0	0	0	0	0	0	0
chr1.27228000.27228500	neg	0	0	0	0	0	0	0	0	0	0	0
chr2.2138500.2139000	neg	0	0	0	0	0	0	0	0	0	0	0
chr2.3785000.3785500	neg	0	0	0	0	0	0	0	0	0	0	0
chr2.8993500.8994000	neg	0	0	0	0	0	0	0	0	0	0	0
chr2.12669500.12670000	neg	0	0	0	0	0	0	0	0	0	0	0
chr2.13556500.13557000	neg	0	0	0	0	0	0	0	0	0	0	0
chr2.21759500.21760000	neg	0	0	0	0	0	0	0	0	0	0	0
chr2.25352000.25352500	neg	0	0	0	0	0	0	0	0	0	0	0
chr2.26824000.26824500	neg	0	0	0	0	0	0	0	0	0	0	0
chr2.27426500.27427000	neg	0	0	0	0	0	0	0	0	0	0	0
chr2.27875000.27875500	neg	0	0	0	0	0	0	0	0	0	0	0
chr3.2739500.2740000	neg	0	0	0	0	0	0	0	0	0	0	0
chr3.9520500.9521000	neg	0	0	0	0	0	0	0	0	0	0	0
chr3.11815000.11815500	neg	0	0	0	0	0	0	0	0	0	0	0
chr3.12878500.12879000	neg	0	0	0	0	0	0	0	0	0	0	0
chr4.6599500.6600000	neg	0	0	0	0	0	0	0	0	0	0	0
chr4.7940000.7940500	neg	0	0	0	0	0	0	0	0	0	0	0
chr4.9301500.9302000	neg	0	0	0	0	0	0	0	0	0	0	0
chr4.26173000.26173500	neg	0	0	0	0	0	0	0	0	0	0	0
chr4.26922000.26922500	neg	0	0	0	0	0	0	0	0	0	0	0
chr5.1506000.1506500	neg	0	0	0	0	0	0	0	0	0	0	0
chr5.11945500.11946000	neg	0	0	0	0	0	0	0	0	0	0	0
chr5.16080000.16080500	neg	0	0	0	0	0	0	0	0	0	0	0
chr5.26038000.26038500	neg	0	0	0	0	0	0	0	0	0	0	0
chr6.925000.925500	neg	0	0	0	0	0	0	0	0	0	0	0
chr6.5662000.5662500	neg	0	0	0	0	0	0	0	0	0	0	0
chr6.12431000.12431500	neg	0	0	0	0	0	0	0	0	0	0	0
chr6.13225000.13225500	neg	0	0	0	0	0	0	0	0	0	0	0
chr6.15719000.15719500	neg	0	0	0	0	0	0	0	0	0	0	0
chr6.18856000.18856500	neg	0	0	0	0	0	0	0	0	0	0	0
chr6.20930000.20930500	neg	0	0	0	0	0	0	0	0	0	0	0
chr7.3731500.3732000	neg	0	0	0	0	0	0	0	0	0	0	0
chr7.16109000.16109500	neg	0	0	0	0	0	0	0	0	0	0	0
chr7.16929000.16929500	neg	0	0	0	0	0	0	0	0	0	0	0
chr7.21069500.21070000	neg	0	0	0	0	0	0	0	0	0	0	0
chr8.16924500.16925000	neg	0	0	0	0	0	0	0	0	0	0	0
chr8.20462500.20463000	neg	0	0	0	0	0	0	0	0	0	0	0
chrV.5318000.5318500	neg	0	0	0	0	0	0	0	0	0	0	0
unplaced-scaffold_297.3000.3500	neg	0	0	0	0	0	0	0	0	0	0	0
