peak	Class	H2Aub	H2AZ	H3	H3K4me1	H3K4me3	H3K9ac	H3K9me1	H3K14ac	H3K27me1	H3K27me3	H3K36me3
chr1.3877526.3877630	pos	0	1	1	0	0	1	1	0	0	0	1
chr1.5379182.5379500	pos	0	1	1	0	0	0	1	0	1	0	0
chr1.17091164.17091887	pos	0	0	0	0	0	0	1	0	1	0	0
chr1.20493102.20493346	pos	0	0	0	0	0	0	0	0	0	0	0
chr1.21746377.21746607	pos	0	1	0	0	0	1	1	1	1	0	0
chr1.24435076.24435145	pos	1	1	0	0	1	1	0	1	0	0	0
chr1.28550987.28551154	pos	0	1	0	0	1	1	0	0	0	0	0
chr2.16067544.16067800	pos	0	0	0	0	0	0	1	0	1	0	0
chr2.20760822.20760933	pos	0	0	1	0	0	0	1	0	1	0	0
chr3.5455304.5455510	pos	0	0	0	0	0	0	1	0	0	0	0
chr3.7870243.7871338	pos	0	1	0	0	1	1	0	0	0	0	0
chr3.10519224.10519813	pos	0	1	0	1	0	1	1	1	0	0	1
chr3.10822382.10823515	pos	0	1	1	0	1	1	0	0	0	0	0
chr3.14178151.14178762	pos	0	1	1	0	0	0	1	0	0	0	0
chr3.15484918.15485250	pos	0	1	1	1	1	0	1	0	0	1	0
chr3.18620065.18621026	pos	1	1	0	0	1	1	0	1	0	0	1
chr4.6629607.6629739	pos	0	1	0	0	1	0	1	0	1	1	1
chr4.6690862.6690992	pos	0	1	0	1	1	0	1	1	0	1	0
chr4.11118546.11119309	pos	1	1	0	0	1	1	0	0	0	0	1
chr4.16113525.16114277	pos	0	0	0	0	0	0	1	0	1	0	0
chr4.22635294.22635484	pos	1	1	0	1	1	0	1	1	1	1	0
chr4.24589553.24589651	pos	1	1	0	1	1	1	0	1	0	0	1
chr4.26866918.26867412	pos	0	0	0	0	0	0	1	0	1	0	0
chr5.2112475.2112557	pos	1	1	0	1	1	1	0	1	0	0	0
chr5.3589097.3589250	pos	0	1	1	0	1	1	0	1	0	0	0
chr5.12168561.12170255	pos	1	1	1	0	1	1	0	1	0	0	0
chr5.12170370.12170461	pos	1	1	1	1	1	1	0	1	0	0	0
chr5.19854057.19855589	pos	0	1	1	0	0	1	0	0	0	0	0
chr5.21901259.21901348	pos	0	1	1	0	0	1	1	1	1	0	0
chr6.16805744.16806127	pos	0	1	0	0	1	1	1	0	1	0	1
chr6.16964276.16964915	pos	1	1	1	0	1	1	0	1	0	0	1
chr6.17059751.17060023	pos	1	1	0	0	1	1	0	1	0	0	1
chr7.2993948.2994535	pos	0	1	0	1	0	1	1	0	0	1	0
chr7.10090286.10090583	pos	0	1	0	1	1	1	0	1	0	0	1
chr7.12078929.12079213	pos	0	0	0	0	0	0	0	1	0	1	0
chr7.21433515.21433937	pos	1	1	1	0	1	0	0	0	0	0	0
chr7.21434506.21434680	pos	1	1	0	0	1	0	0	0	0	0	0
chr8.4977971.4980548	pos	0	1	0	0	1	1	0	0	0	0	1
chr8.11437694.11437801	pos	0	1	0	1	1	1	1	1	0	1	0
chr8.13798896.13799162	pos	0	1	0	0	1	1	0	1	0	1	0
chr8.18191503.18191673	pos	0	0	0	0	0	0	0	0	0	0	0
chr8.18956024.18956184	pos	0	1	0	0	0	1	0	0	0	0	0
chr8.20234813.20234882	pos	0	0	0	0	0	0	1	0	0	1	0
chr1.159000.159500	neg	0	0	0	0	0	0	0	0	0	0	0
chr1.4317000.4317500	neg	0	0	0	0	0	0	0	0	0	0	0
chr1.11378500.11379000	neg	0	0	0	0	0	0	0	0	0	0	0
chr1.11668000.11668500	neg	0	0	0	0	0	0	0	0	0	0	0
chr1.15503000.15503500	neg	0	0	0	0	0	0	0	0	0	0	0
chr1.25651500.25652000	neg	0	0	0	0	0	0	0	0	0	0	0
chr2.6908000.6908500	neg	0	0	0	0	0	0	0	0	0	0	0
chr2.19663000.19663500	neg	0	0	0	0	0	0	0	0	0	0	0
chr2.24516500.24517000	neg	0	0	0	0	0	0	0	0	0	0	0
chr2.27889500.27890000	neg	0	0	0	0	0	0	0	0	0	0	0
chr3.2913000.2913500	neg	0	0	0	0	0	0	0	0	0	0	0
chr3.4385500.4386000	neg	0	0	0	0	0	0	0	0	0	0	0
chr3.8831500.8832000	neg	0	0	0	0	0	0	0	0	0	0	0
chr3.14562500.14563000	neg	0	0	0	0	0	0	0	0	0	0	0
chr3.17114500.17115000	neg	0	0	0	0	0	0	0	0	0	0	0
chr3.20625000.20625500	neg	0	0	0	0	0	0	0	0	0	0	0
chr3.20640500.20641000	neg	0	0	0	0	0	0	0	0	0	0	0
chr3.25097500.25098000	neg	0	0	0	0	0	0	0	0	0	0	0
chr4.4065500.4066000	neg	0	0	0	0	0	0	0	0	0	0	0
chr4.11185500.11186000	neg	0	0	0	0	0	0	0	0	0	0	0
chr4.15431000.15431500	neg	0	0	0	0	0	0	0	0	0	0	0
chr5.1818500.1819000	neg	0	0	0	0	0	0	0	0	0	0	0
chr5.2103000.2103500	neg	0	0	0	0	0	0	0	0	0	0	0
chr5.5365000.5365500	neg	0	0	0	0	0	0	0	0	0	0	0
chr5.7160000.7160500	neg	0	0	0	0	0	0	0	0	0	0	0
chr5.9418000.9418500	neg	0	0	0	0	0	0	0	0	0	0	0
chr5.11014500.11015000	neg	0	0	0	0	0	0	0	0	0	0	0
chr5.18909500.18910000	neg	0	0	0	0	0	0	0	0	0	0	0
chr6.3670500.3671000	neg	0	0	0	0	0	0	0	0	0	0	0
chr6.4008000.4008500	neg	0	0	0	0	0	0	0	0	0	0	0
chr6.6521500.6522000	neg	0	0	0	0	0	0	0	0	0	0	0
chr6.11022500.11023000	neg	0	0	0	0	0	0	0	0	0	0	0
chr6.12911000.12911500	neg	0	0	0	0	0	0	0	0	0	0	0
chr6.17425000.17425500	neg	0	0	0	0	0	0	0	0	0	0	0
chr6.18747500.18748000	neg	0	0	0	0	0	0	0	0	0	0	0
chr6.23119000.23119500	neg	0	0	0	0	0	0	0	0	0	0	0
chr7.9775000.9775500	neg	0	0	0	0	0	0	0	0	0	0	0
chr7.12195000.12195500	neg	0	0	0	0	0	0	0	0	0	0	0
chr8.2720000.2720500	neg	0	0	0	0	0	0	0	0	0	0	0
chr8.3387000.3387500	neg	0	0	0	0	0	0	0	0	0	0	0
chr8.3735000.3735500	neg	0	0	0	0	0	0	0	0	0	0	0
chr8.10221500.10222000	neg	0	0	0	0	0	0	0	0	0	0	0
chrU.2104000.2104500	neg	0	0	0	0	0	0	0	0	0	0	0
