X	Class	AAAGGC	AATCTGG	AATCTGGA	ACAATC	ACGAAGG	ACGCGC	ACGTGA	ACGTGAA	AGAGCT	AGCCTAT	AGCCTC	AGTTGA	ATCTCA	ATGGAA	ATGTTC	CAATGA	CACGTG	CATGGC	CCAGAA	CCCGTA	CCGGCGC	CCTGAG	CGTGTTCC	CTAGAA	CTCAGA	CTCTCAGAG	CTGGAA	GACCTC	GTAGGA	GTCTGA	TCACGA	TCTAGA
Mp1g00170	pos	1	0	0	1	0	0	1	1	0	0	0	1	1	1	0	1	0	1	0	0	0	0	0	1	1	0	1	0	0	0	1	1
Mp1g00410	pos	0	0	0	1	0	1	1	1	1	1	0	0	1	0	1	1	1	1	1	0	0	0	0	1	0	0	1	0	0	1	0	1
Mp1g02020	pos	1	0	0	1	0	0	1	0	1	0	0	1	1	0	1	0	0	0	1	0	0	1	1	0	1	0	1	1	1	1	0	0
Mp1g02040	pos	1	0	0	1	0	0	1	0	0	0	1	0	1	1	1	1	1	1	1	1	1	0	0	0	1	0	1	0	0	1	0	0
Mp1g02090	pos	1	0	0	1	0	0	0	0	0	0	0	0	1	1	1	1	0	1	0	0	1	1	0	0	1	0	0	1	1	0	1	0
Mp1g02360	pos	0	0	0	1	1	0	1	1	1	1	1	0	0	0	0	1	0	0	1	0	0	0	0	1	1	0	1	0	1	0	0	1
Mp1g02960	pos	1	0	0	0	1	0	0	0	0	0	1	0	0	1	1	1	0	0	0	0	0	1	0	0	0	0	0	0	0	0	1	1
Mp1g03100	pos	0	0	0	0	1	0	0	0	1	0	0	0	1	1	0	0	0	0	0	1	1	1	0	0	1	0	1	1	0	1	0	0
Mp1g03210	pos	0	1	0	1	0	1	1	0	0	0	0	1	1	1	1	1	0	0	1	1	0	0	0	0	0	0	0	1	1	0	1	0
Mp1g03640	pos	1	0	0	1	0	1	0	0	1	0	1	1	0	1	1	1	0	1	1	0	0	0	0	0	0	0	0	0	0	0	0	0
Mp1g04760	pos	0	0	0	1	1	1	1	1	0	0	1	1	1	0	1	0	1	0	0	0	0	1	0	1	0	0	0	0	1	0	0	1
Mp1g06140	pos	0	1	0	1	0	0	0	0	1	0	1	1	1	0	1	1	0	1	0	1	0	1	0	0	1	0	0	1	1	0	0	0
Mp1g06280	pos	0	0	0	0	0	0	0	0	0	0	0	1	1	1	1	1	0	1	1	0	1	0	0	1	0	0	0	0	0	0	0	1
Mp1g06470	pos	1	0	0	0	0	1	1	0	1	0	1	1	0	1	1	0	1	1	0	0	0	0	0	1	1	0	0	0	0	1	0	0
Mp1g06880	pos	0	0	0	1	0	0	0	0	1	0	0	1	1	1	0	1	0	1	0	0	0	0	0	0	0	0	0	0	0	0	0	0
Mp1g07590	pos	1	0	0	0	1	1	0	0	0	0	1	1	1	1	1	1	1	1	1	1	1	0	0	1	0	0	1	1	1	0	1	1
Mp1g07760	pos	1	0	0	0	0	0	0	0	1	0	0	0	1	1	1	1	0	1	1	1	0	1	0	1	1	0	1	1	1	1	1	1
Mp1g07890	pos	1	1	0	0	1	0	0	0	1	0	0	0	0	0	1	1	0	1	1	0	0	1	0	1	0	0	0	1	0	1	1	0
Mp1g08890	pos	0	1	1	1	0	1	1	0	0	0	1	0	0	0	0	0	1	0	1	0	0	1	1	0	1	0	1	1	0	0	1	0
Mp1g08980	pos	0	0	0	1	1	0	1	1	1	0	1	1	1	1	1	0	0	1	1	1	0	0	0	1	1	0	0	1	0	1	1	0
Mp1g09100	pos	0	0	0	1	1	0	0	0	0	1	1	1	1	1	1	1	0	0	0	1	0	0	0	1	0	0	0	0	0	0	1	1
Mp1g09120	pos	1	0	0	1	1	1	0	0	0	0	1	0	1	1	1	0	1	1	1	0	0	0	0	1	0	0	0	1	0	1	1	0
Mp1g09200	pos	0	1	0	1	0	0	1	0	1	1	1	0	0	0	1	1	1	0	1	0	0	0	0	0	1	0	1	0	1	1	0	1
Mp1g09820	pos	0	0	0	0	0	0	0	0	1	0	1	0	0	1	0	1	0	0	1	0	1	1	0	0	1	0	1	1	1	1	1	0
Mp1g10320	pos	1	1	1	1	0	1	0	0	0	0	0	1	1	1	1	0	1	0	1	0	0	1	0	1	0	0	0	1	0	1	1	1
Mp1g10690	pos	0	1	1	0	1	0	1	0	1	0	1	0	1	0	0	0	0	1	1	0	0	1	0	0	0	0	1	0	0	0	0	0
Mp1g10840	pos	1	0	0	1	0	0	0	0	1	1	1	1	1	0	0	1	0	0	0	0	0	1	0	0	1	1	1	0	1	1	1	1
Mp1g11110	pos	0	0	0	1	0	1	1	0	1	0	0	0	1	1	1	0	1	0	0	0	0	0	0	0	1	0	1	0	0	0	1	0
Mp1g11700	pos	1	0	0	1	0	1	1	1	0	0	0	0	0	1	0	1	0	1	0	0	1	0	0	0	1	0	1	1	0	1	1	0
Mp1g12310	pos	0	0	0	1	0	0	0	0	0	0	1	1	0	1	1	1	0	1	1	0	0	1	0	1	0	0	0	1	0	0	1	1
Mp1g12530	pos	1	0	0	1	1	1	1	1	1	0	0	0	1	0	0	0	0	1	1	1	0	1	0	1	0	0	1	1	0	0	0	1
Mp1g12540	pos	1	0	0	1	1	0	0	0	1	0	0	0	1	1	0	0	0	1	1	1	0	1	0	1	1	0	1	1	0	0	0	1
Mp1g12860	pos	1	0	0	0	0	1	1	0	1	0	1	1	0	1	1	1	1	1	0	0	0	0	0	0	1	0	0	1	1	1	0	0
Mp1g13190	pos	1	0	0	1	0	0	0	0	1	0	0	1	1	1	1	1	0	1	0	0	0	0	0	0	1	0	0	1	1	1	0	0
Mp1g13560	pos	1	1	1	1	0	0	0	0	1	0	1	1	0	0	0	1	0	0	0	0	1	1	0	0	1	0	1	1	0	1	1	0
Mp1g15240	pos	1	1	0	0	0	1	0	0	0	0	1	1	1	1	0	0	1	1	0	0	0	1	1	1	1	0	1	1	0	1	1	1
Mp1g15860	pos	1	0	0	0	0	1	1	0	0	0	1	0	0	1	1	0	0	1	0	1	1	0	0	0	1	0	1	1	0	1	0	0
Mp1g16210	pos	0	0	0	1	1	0	0	0	0	0	0	1	1	1	0	1	0	1	0	0	0	0	0	0	0	0	1	0	1	1	1	0
Mp1g16280	pos	1	0	0	1	0	1	0	0	0	0	1	1	0	1	1	0	0	0	1	0	1	1	0	1	1	0	0	1	0	0	0	0
Mp1g16450	pos	0	0	0	1	0	0	1	0	0	0	1	0	0	0	1	0	0	0	1	0	0	0	0	0	0	0	0	0	0	1	0	0
Mp1g16520	pos	0	0	0	1	0	0	0	0	1	0	1	1	0	1	1	0	0	1	0	0	0	0	0	0	0	0	1	1	1	0	1	1
Mp1g16530	pos	0	1	1	1	0	1	1	0	0	1	0	1	1	1	1	1	0	1	1	0	0	0	0	1	1	0	1	0	1	0	0	0
Mp1g16820	pos	0	0	0	0	0	0	1	1	1	0	1	1	0	1	1	0	1	0	0	0	0	0	0	1	0	0	1	0	0	0	1	0
Mp1g17490	pos	1	0	0	1	0	0	1	1	0	0	1	0	1	1	0	1	0	1	0	0	0	1	0	0	1	0	1	1	0	1	1	0
Mp1g17820	pos	1	0	0	1	0	1	0	0	1	0	0	0	0	1	0	1	0	0	0	0	0	1	0	0	0	0	1	1	0	0	0	0
Mp1g18650	pos	1	0	0	1	1	1	0	0	1	0	0	1	1	0	1	0	0	1	1	0	0	1	0	0	1	0	1	1	0	0	0	0
Mp1g18800	pos	0	0	0	0	1	0	1	1	1	1	0	0	1	1	0	0	1	1	0	1	0	1	0	1	0	0	0	0	1	1	1	1
Mp1g19100	pos	0	0	0	1	0	1	0	0	1	0	1	0	0	0	0	1	0	1	0	0	1	0	0	0	0	0	0	1	0	0	1	0
Mp1g19500	pos	1	0	0	1	1	0	1	0	1	0	1	0	1	1	0	1	1	1	1	1	0	1	0	0	1	0	1	1	0	1	0	0
Mp1g19650	pos	0	0	0	0	0	1	0	0	0	0	0	1	1	1	1	1	0	1	1	1	1	1	0	1	1	0	1	1	0	1	1	0
Mp1g20450	pos	1	0	0	0	0	0	1	1	0	0	1	1	0	0	1	1	0	0	1	0	0	1	0	0	1	0	0	1	0	1	1	0
Mp1g20610	pos	1	0	0	0	0	1	0	0	1	0	0	0	1	1	1	1	0	0	0	0	0	1	0	1	1	0	1	0	0	1	1	1
Mp1g20740	pos	1	0	0	1	0	1	1	1	0	0	0	1	1	1	1	1	0	1	1	0	0	0	0	1	1	0	1	1	1	0	1	0
Mp1g20770	pos	0	1	0	1	0	0	0	0	0	0	0	0	0	1	1	1	0	1	1	0	0	1	0	1	1	0	0	0	1	0	1	0
Mp1g21640	pos	0	0	0	1	0	1	0	0	1	0	1	1	0	1	0	0	0	1	0	0	0	0	0	0	1	0	1	1	1	1	1	1
Mp1g21660	pos	1	0	0	0	0	0	1	1	0	0	1	1	0	1	1	1	1	1	0	0	1	1	0	1	0	0	0	1	0	0	0	0
Mp1g24070	pos	1	0	0	0	0	0	0	0	0	0	0	0	1	0	1	0	0	0	1	0	1	0	0	1	1	0	0	1	0	0	1	1
Mp1g24370	pos	0	1	1	1	0	0	1	0	0	0	1	1	1	1	1	0	1	0	1	0	1	0	1	0	1	0	1	1	1	0	1	0
Mp1g24650	pos	1	1	0	1	0	0	1	1	1	1	0	1	0	0	1	0	0	1	1	1	0	0	0	1	0	0	1	0	0	0	1	1
Mp1g25680	pos	0	1	0	1	0	0	0	0	0	0	0	1	0	1	0	0	0	1	1	1	0	0	0	1	0	0	1	1	0	0	1	1
Mp1g26280	pos	0	0	0	0	0	1	1	0	1	0	1	0	1	0	0	0	1	0	1	0	1	1	0	0	1	0	1	1	0	1	1	0
Mp1g26300	pos	0	0	0	1	0	1	1	0	0	0	0	1	1	1	0	0	0	0	0	0	1	0	0	1	0	0	1	0	0	0	1	0
Mp1g26600	pos	0	0	0	0	0	0	1	1	0	0	0	1	0	0	1	1	0	1	0	0	0	1	0	0	1	0	1	0	0	1	0	0
Mp1g26610	pos	1	0	0	1	0	1	0	0	1	0	0	0	0	1	1	1	0	1	1	0	0	0	0	1	0	0	1	1	1	0	1	1
Mp1g27040	pos	0	0	0	0	0	1	0	0	0	0	1	0	1	1	0	0	0	1	0	1	0	0	0	0	1	0	1	0	1	1	0	0
Mp1g27780	pos	1	1	0	1	0	1	0	0	1	0	1	0	1	1	0	0	0	1	1	0	0	0	0	0	1	0	1	1	1	1	0	0
Mp1g27860	pos	0	0	0	1	0	1	1	0	0	0	1	1	1	1	0	0	0	1	1	1	0	0	0	0	1	0	1	1	1	0	1	0
Mp1g28330	pos	0	0	0	1	0	1	0	0	0	0	1	0	0	1	0	1	0	1	1	0	0	0	0	1	1	0	1	1	1	1	1	1
Mp1g28530	pos	0	0	0	1	0	0	0	0	1	0	0	1	1	1	0	1	0	0	0	0	1	0	0	1	0	0	0	1	0	0	0	1
Mp1g28720	pos	1	0	0	1	0	0	1	1	1	1	1	0	0	1	1	1	0	1	0	0	0	0	0	1	1	0	0	0	1	0	1	1
Mp1g29260	pos	1	0	0	1	0	1	0	0	1	0	0	0	0	0	0	0	0	1	0	0	0	1	0	0	1	0	0	1	0	1	1	0
Mp2g00040	pos	1	0	0	1	1	0	0	0	1	0	1	0	0	1	1	1	1	0	1	0	0	0	0	1	0	0	1	0	0	0	1	1
Mp2g00810	pos	1	0	0	0	0	0	1	0	1	0	1	0	1	1	0	1	0	1	1	0	0	1	0	0	1	0	0	1	1	1	1	0
Mp2g01240	pos	1	0	0	0	0	1	1	0	1	0	1	1	1	1	0	1	1	1	1	1	0	0	0	1	1	0	1	1	1	1	1	1
Mp2g01830	pos	0	0	0	0	0	0	0	0	1	0	0	1	1	1	1	1	0	0	1	1	0	0	0	1	1	0	1	0	1	0	1	0
Mp2g01860	pos	0	1	1	1	1	1	0	0	1	0	0	0	1	0	1	0	0	1	0	0	1	0	0	1	1	0	0	1	0	1	1	1
Mp2g01870	pos	0	0	0	0	1	0	0	0	1	0	0	1	1	1	1	1	0	0	0	0	0	0	0	1	1	0	1	1	0	1	0	1
Mp2g02230	pos	1	1	0	1	1	1	1	0	1	0	0	1	0	0	0	0	1	1	0	1	0	0	0	0	1	0	0	0	0	0	1	0
Mp2g02640	pos	1	0	0	1	1	1	1	1	1	0	1	1	1	1	0	0	0	0	0	0	0	0	1	1	0	0	1	1	1	1	1	0
Mp2g02650	pos	0	0	0	1	0	0	0	0	1	0	0	1	0	1	1	0	0	0	1	0	0	0	0	1	0	0	1	0	0	0	1	1
Mp2g02780	pos	1	0	0	1	0	0	0	0	0	0	0	0	1	1	1	0	0	1	1	0	0	0	0	0	1	0	1	0	0	0	1	0
Mp2g02870	pos	1	0	0	1	0	0	0	0	0	1	1	1	1	0	1	1	0	0	1	0	0	1	0	1	1	0	1	0	0	1	1	1
Mp2g03960	pos	1	1	1	1	0	0	0	0	1	0	0	1	0	1	1	0	0	1	1	0	1	1	0	0	0	0	1	1	1	1	0	0
Mp2g04040	pos	0	0	0	1	0	1	1	0	1	0	0	0	1	1	1	1	1	1	1	0	0	1	0	1	0	0	0	1	0	0	1	1
Mp2g04050	pos	1	1	0	1	0	0	1	0	0	1	0	1	1	1	1	1	0	1	0	0	0	0	0	1	0	0	1	0	0	1	1	0
Mp2g04410	pos	0	0	0	1	1	0	1	0	0	0	1	1	1	0	1	0	1	1	1	0	0	0	0	1	1	0	1	1	1	0	1	0
Mp2g04630	pos	0	0	0	0	0	0	0	0	1	0	1	0	0	1	0	0	0	0	0	0	0	0	1	1	1	0	0	1	0	1	1	0
Mp2g05510	pos	0	0	0	0	0	0	0	0	0	0	1	1	1	1	0	1	0	1	1	0	0	0	0	1	0	0	1	1	1	0	1	1
Mp2g06140	pos	0	1	1	1	0	0	0	0	1	0	0	0	1	1	0	0	1	0	1	0	0	0	0	0	1	0	1	1	0	1	0	0
Mp2g06610	pos	0	0	0	1	1	0	1	0	1	0	1	1	1	0	0	1	0	0	1	0	0	1	0	1	1	0	1	1	1	1	1	0
Mp2g07000	pos	0	0	0	1	0	1	0	0	0	0	1	1	0	1	1	1	0	0	0	0	0	0	0	1	1	0	1	0	1	0	1	1
Mp2g07130	pos	1	0	0	1	0	0	1	0	0	0	0	1	1	0	1	1	0	1	1	0	0	1	0	1	0	0	0	0	0	1	0	1
Mp2g07820	pos	0	0	0	0	0	0	1	0	0	0	0	1	1	1	1	1	0	0	0	0	0	0	0	1	1	0	1	1	1	0	0	1
Mp2g08260	pos	1	0	0	0	1	0	1	0	1	0	0	0	1	0	0	0	0	1	1	0	0	1	0	0	0	0	1	1	0	1	0	0
Mp2g08350	pos	1	0	0	0	0	0	1	0	1	1	0	1	1	1	1	0	1	0	1	0	1	1	0	1	1	0	1	0	1	0	1	0
Mp2g08520	pos	0	1	1	0	0	0	0	0	1	0	1	1	1	1	0	1	0	0	1	1	0	1	0	1	0	0	0	1	1	0	1	0
Mp2g08820	pos	0	0	0	1	1	0	1	0	1	0	0	0	0	0	1	0	0	1	1	0	1	1	0	1	1	0	1	1	1	1	1	0
Mp2g09360	pos	0	0	0	1	0	0	0	0	1	1	1	0	0	1	0	1	0	0	0	0	0	1	0	0	0	0	1	1	0	0	0	0
Mp2g09490	pos	0	1	0	0	1	0	0	0	0	0	0	1	1	1	1	0	0	1	0	1	0	1	0	0	1	0	0	0	0	1	1	0
Mp2g10220	pos	1	0	0	1	1	0	1	0	0	0	0	0	1	1	0	1	1	1	1	0	0	0	0	0	1	0	1	1	0	1	0	0
Mp2g10260	pos	0	0	0	1	0	1	0	0	1	0	0	1	0	0	1	1	0	0	1	0	1	1	0	1	1	0	1	0	0	1	0	1
Mp2g10270	pos	0	0	0	0	0	0	0	0	1	1	0	1	1	1	1	0	0	0	1	0	1	0	0	1	0	0	0	1	1	0	0	1
Mp2g10700	pos	0	0	0	1	1	1	0	0	1	0	0	0	0	0	1	1	1	1	1	0	0	0	0	0	1	0	1	1	1	1	0	0
Mp2g10900	pos	1	0	0	0	0	1	0	0	1	0	1	0	0	0	1	0	0	0	0	0	0	0	0	0	1	0	0	1	1	1	1	0
Mp2g11120	pos	0	0	0	1	0	0	0	0	0	0	0	1	1	1	1	1	0	0	0	0	0	1	0	1	1	0	1	1	1	0	1	1
Mp2g12690	pos	0	0	0	1	0	1	0	0	0	0	1	1	1	1	1	1	0	0	0	0	0	0	0	1	0	0	1	1	0	1	1	0
Mp2g13170	pos	1	0	0	1	0	1	0	0	1	1	1	0	1	1	0	1	1	0	0	1	0	1	0	1	0	0	0	0	0	1	0	1
Mp2g13400	pos	1	0	0	0	0	0	0	0	0	0	1	1	1	1	1	0	0	0	1	0	0	0	0	0	0	0	1	1	1	0	1	0
Mp2g14650	pos	1	0	0	0	1	1	1	0	0	0	1	0	0	1	1	0	0	1	0	0	1	1	0	0	1	1	0	0	0	0	0	1
Mp2g14680	pos	0	0	0	1	1	0	1	1	1	0	1	0	1	1	1	1	0	0	0	0	0	0	0	0	1	0	0	0	0	1	0	0
Mp2g14830	pos	1	0	0	0	0	0	1	1	1	0	0	1	1	1	0	0	1	1	0	1	0	0	0	0	1	0	1	1	1	1	0	0
Mp2g15530	pos	0	0	0	1	0	0	1	0	1	0	0	1	0	0	1	1	0	1	1	1	0	0	0	1	0	0	0	1	0	1	1	0
Mp2g16350	pos	1	0	0	1	0	0	0	0	1	0	1	0	0	1	1	0	0	1	1	1	0	1	0	1	1	0	1	0	1	1	1	1
Mp2g16410	pos	1	0	0	1	0	0	1	0	1	0	1	0	0	1	1	1	0	0	1	1	0	0	1	1	1	0	1	1	1	1	1	1
Mp2g16540	pos	0	0	0	0	0	1	0	0	1	0	0	1	0	1	0	1	0	0	0	0	1	0	0	0	0	0	0	0	1	0	1	0
Mp2g16820	pos	1	0	0	1	1	0	0	0	1	0	0	0	1	1	1	1	0	0	1	0	0	0	1	0	0	0	1	1	1	0	0	0
Mp2g16870	pos	0	1	0	0	0	0	1	1	1	0	1	0	0	1	1	0	1	1	0	0	1	0	0	1	0	0	0	1	0	0	1	1
Mp2g17410	pos	1	1	1	1	1	1	1	1	1	0	0	1	0	1	0	0	1	0	1	0	0	0	0	0	1	0	1	0	1	1	1	0
Mp2g17420	pos	0	1	0	1	1	0	1	0	1	1	0	1	1	1	1	1	1	0	1	0	0	0	0	0	0	0	1	1	0	0	1	0
Mp2g17510	pos	1	1	0	1	1	0	0	0	1	0	1	0	0	0	0	1	0	1	1	0	0	0	0	0	1	0	0	1	0	1	0	0
Mp2g17800	pos	1	1	0	0	0	1	0	0	0	0	1	1	0	1	1	1	0	1	0	0	0	0	0	0	1	0	1	0	1	1	0	0
Mp2g19300	pos	0	0	0	1	1	1	0	0	0	0	1	0	1	1	1	1	1	1	1	0	0	0	0	0	1	0	1	0	1	1	1	0
Mp2g19760	pos	0	0	0	1	0	1	0	0	1	0	1	1	1	1	0	1	0	1	1	0	0	1	0	0	1	0	0	1	0	1	0	0
Mp2g21140	pos	1	0	0	1	0	0	1	1	1	0	1	0	0	1	0	1	0	1	0	1	1	1	0	0	1	0	0	1	0	0	1	0
Mp2g21470	pos	1	0	0	1	0	1	1	0	1	0	0	0	0	1	1	1	0	0	0	1	0	0	0	1	1	0	0	1	1	1	0	1
Mp2g21500	pos	0	0	0	0	0	0	1	0	0	0	0	1	1	0	1	0	0	0	1	0	0	0	0	0	0	0	0	1	1	1	0	0
Mp2g21600	pos	0	1	1	1	1	0	0	0	1	1	0	1	1	1	1	1	0	1	1	0	0	0	0	0	1	0	1	0	1	0	1	0
Mp2g21800	pos	1	0	0	1	0	1	1	0	1	0	1	1	1	0	0	0	0	0	1	0	0	1	0	1	0	0	1	1	0	0	0	1
Mp2g21950	pos	1	1	0	1	0	1	0	0	1	0	0	0	0	1	1	1	0	0	1	0	1	1	0	1	0	0	1	1	0	0	1	0
Mp2g22690	pos	0	0	0	0	1	0	0	0	0	0	0	1	0	1	0	0	1	0	1	0	0	0	0	0	1	0	1	1	0	0	1	0
Mp2g23755	pos	1	0	0	0	0	0	0	0	1	0	0	1	0	1	1	1	0	0	0	0	0	0	0	1	1	0	1	1	0	0	0	0
Mp2g24950	pos	1	0	0	0	0	0	0	0	0	0	1	0	0	0	1	1	1	1	1	0	0	1	0	0	1	0	1	0	1	1	0	0
Mp2g25930	pos	0	0	0	1	0	0	1	1	1	0	1	0	0	1	1	1	0	0	1	0	0	0	0	0	0	0	1	0	0	1	0	0
Mp2g26210	pos	0	1	0	1	0	0	1	1	1	0	1	0	1	1	1	0	1	1	0	1	0	1	0	1	0	0	0	1	0	1	1	1
Mp2g26370	pos	0	0	0	1	0	0	1	1	0	0	0	1	1	1	1	0	1	1	1	0	0	0	0	0	0	0	0	0	1	0	0	0
Mp3g00450	pos	1	1	0	0	0	0	0	0	1	0	0	0	1	1	0	0	0	1	1	0	0	0	0	0	1	0	1	1	0	0	0	0
Mp3g00740	pos	0	0	0	1	0	1	0	0	0	1	0	1	1	1	0	1	0	0	0	0	0	0	1	0	1	0	0	1	0	1	1	0
Mp3g01610	pos	1	1	0	1	0	1	1	0	1	0	1	0	0	1	0	1	1	0	0	0	1	1	0	0	0	0	1	1	0	1	1	0
Mp3g02240	pos	0	0	0	0	1	0	1	0	0	0	1	1	0	0	0	1	0	0	1	0	1	0	0	0	1	0	1	0	1	1	0	0
Mp3g02800	pos	1	0	0	1	1	0	1	0	1	0	0	1	0	1	0	1	0	1	0	0	0	1	0	1	0	0	1	0	1	1	0	0
Mp3g02810	pos	1	0	0	0	1	0	0	0	0	0	1	0	0	1	1	1	1	1	0	1	0	1	1	1	1	0	1	1	0	1	1	1
Mp3g04160	pos	1	1	0	1	0	1	0	0	1	0	0	1	0	1	0	1	0	0	0	0	0	0	0	0	0	0	1	0	1	0	0	1
Mp3g05150	pos	0	0	0	1	1	0	1	0	1	0	1	1	1	0	1	1	0	1	0	0	0	0	0	1	0	0	0	0	0	1	1	1
Mp3g06080	pos	0	0	0	1	0	0	1	0	0	0	0	1	0	1	1	1	1	0	0	0	0	0	0	1	0	0	1	0	0	1	1	0
Mp3g06320	pos	1	0	0	1	0	1	0	0	1	0	1	0	0	1	0	1	1	1	1	0	0	0	0	0	1	0	0	1	0	0	1	0
Mp3g06930	pos	0	0	0	0	1	0	0	0	1	0	1	1	1	1	1	1	0	1	1	0	0	0	0	1	1	0	1	0	1	1	0	0
Mp3g07140	pos	0	0	0	1	1	0	0	0	1	0	0	1	0	1	1	1	0	0	1	0	0	0	0	1	0	0	1	1	1	0	1	1
Mp3g07160	pos	0	0	0	0	0	1	0	0	0	0	0	0	0	1	1	0	0	1	0	0	0	1	0	0	1	0	1	1	0	1	0	1
Mp3g07630	pos	0	0	0	1	0	1	1	0	0	0	1	1	1	1	1	1	0	1	1	0	1	0	0	0	1	0	0	0	1	1	0	0
Mp3g08090	pos	1	0	0	1	0	0	1	1	1	0	0	0	0	0	1	1	0	0	0	0	0	1	0	1	0	0	1	1	1	0	0	1
Mp3g08750	pos	1	1	0	0	1	1	1	1	1	0	0	0	0	1	1	0	1	0	0	1	0	0	0	1	0	0	0	1	0	1	1	0
Mp3g09010	pos	1	0	0	1	1	1	1	0	0	0	1	1	0	1	0	1	0	1	1	0	0	0	0	1	1	1	0	1	0	1	1	1
Mp3g09020	pos	0	0	0	0	1	0	0	0	1	0	1	1	0	1	1	1	0	0	1	0	0	0	0	0	0	0	0	1	1	0	1	0
Mp3g09050	pos	1	0	0	1	0	0	0	0	1	0	0	0	0	1	1	1	0	0	1	0	0	0	0	1	1	0	1	1	1	1	1	1
Mp3g09560	pos	0	0	0	0	0	0	1	1	0	0	1	1	1	1	1	0	1	0	0	0	0	0	0	1	1	0	1	1	1	1	0	1
Mp3g09750	pos	0	1	1	1	0	1	0	0	1	0	0	1	1	0	1	1	0	0	1	0	0	0	0	1	1	0	1	1	1	0	0	1
Mp3g10150	pos	1	0	0	1	0	0	1	1	1	0	1	0	1	1	1	0	1	0	0	0	0	0	0	0	0	0	1	1	1	1	1	0
Mp3g10560	pos	1	0	0	0	1	1	0	0	1	0	1	0	1	1	0	0	0	0	0	0	0	1	0	1	0	0	1	1	0	0	1	1
Mp3g10640	pos	1	0	0	0	1	0	1	0	1	0	1	1	0	0	0	1	0	1	1	0	1	1	0	1	0	0	1	1	0	1	1	0
Mp3g10690	pos	1	0	0	0	0	0	1	1	1	0	0	0	1	1	1	0	0	1	1	0	0	1	0	0	1	1	1	1	1	1	1	0
Mp3g10820	pos	1	0	0	1	1	1	1	1	0	0	1	1	1	1	1	1	0	1	1	1	0	0	0	0	0	0	0	0	0	0	0	1
Mp3g11460	pos	0	1	1	0	0	1	1	1	1	0	1	1	1	1	1	0	1	1	0	1	0	1	0	1	0	0	1	1	0	1	0	1
Mp3g11470	pos	1	0	0	1	0	0	0	0	1	0	1	1	1	1	0	1	1	1	1	0	0	1	0	1	0	0	1	1	1	0	1	1
Mp3g11790	pos	1	0	0	0	0	0	1	1	0	0	1	0	1	1	1	1	1	1	1	0	1	0	0	0	0	0	0	0	0	0	0	0
Mp3g11830	pos	1	0	0	1	1	1	0	0	1	0	1	1	1	1	0	1	0	0	1	0	1	1	0	0	1	0	0	1	0	0	0	0
Mp3g12040	pos	1	1	1	1	1	1	0	0	0	0	1	1	0	0	1	0	0	0	1	0	1	0	0	1	0	0	1	1	1	0	0	1
Mp3g12660	pos	0	0	0	0	0	0	0	0	1	0	0	0	0	1	0	0	0	0	1	0	0	0	0	1	0	0	0	1	1	0	0	1
Mp3g12920	pos	1	0	0	0	0	0	1	1	0	0	1	0	0	0	0	0	0	0	1	1	0	0	0	1	0	0	1	1	0	0	0	1
Mp3g13280	pos	0	1	1	0	1	0	0	0	1	0	1	0	0	0	1	0	0	1	0	1	1	1	0	0	1	0	0	1	0	1	1	0
Mp3g13340	pos	0	0	0	0	0	1	1	0	1	0	1	0	1	0	1	0	0	1	1	0	0	1	0	1	0	0	1	1	1	0	0	1
Mp3g14380	pos	1	0	0	1	0	0	1	0	0	1	0	1	1	1	1	1	1	0	1	0	0	0	0	0	0	0	1	0	1	1	0	0
Mp3g14730	pos	1	0	0	1	0	0	1	0	0	0	1	1	0	1	0	0	0	1	1	0	0	0	0	0	1	0	0	0	0	1	0	0
Mp3g14920	pos	1	0	0	0	0	0	1	0	1	0	1	1	1	1	0	0	0	1	1	0	0	1	0	0	1	0	1	1	0	0	0	0
Mp3g15010	pos	0	0	0	1	1	0	0	0	1	0	1	0	1	1	1	0	0	1	0	0	0	1	0	1	1	0	1	1	1	1	0	1
Mp3g15240	pos	0	0	0	1	0	0	1	0	1	0	0	1	1	1	1	1	1	1	1	1	0	0	0	0	1	0	1	0	0	1	0	0
Mp3g15540	pos	0	0	0	0	0	0	1	0	0	0	0	0	1	0	0	1	0	0	1	0	0	1	0	0	1	0	1	0	0	1	1	0
Mp3g15580	pos	1	0	0	1	0	0	0	0	0	0	0	1	0	1	1	1	0	1	1	1	1	0	0	1	1	0	1	1	1	0	1	1
Mp3g16030	pos	0	0	0	1	0	0	1	0	1	0	1	1	1	0	1	0	1	0	0	0	0	0	0	0	1	0	1	0	1	0	1	0
Mp3g16260	pos	1	1	0	1	0	1	0	0	1	0	1	0	1	1	1	1	0	1	0	1	0	0	0	1	0	0	0	0	0	0	1	1
Mp3g17080	pos	0	0	0	0	1	1	0	0	1	0	0	1	1	1	1	1	0	0	1	0	0	0	0	0	0	0	0	0	1	1	1	0
Mp3g17260	pos	1	0	0	1	0	0	0	0	1	0	1	1	1	1	1	0	0	1	0	0	0	1	0	1	1	0	0	1	0	1	1	0
Mp3g17450	pos	0	1	1	1	1	1	1	1	1	0	0	1	1	1	1	0	0	1	1	0	0	1	0	0	0	0	1	1	0	1	1	0
Mp3g18160	pos	0	0	0	1	0	0	1	0	1	0	0	1	0	1	1	0	0	0	1	0	0	1	0	1	0	0	1	0	0	1	0	0
Mp3g18210	pos	1	0	0	1	1	0	1	1	1	0	1	0	1	1	1	1	0	0	1	1	0	1	0	1	1	0	1	0	0	0	1	0
Mp3g19570	pos	0	0	0	1	0	1	1	0	1	0	1	0	0	1	0	0	0	0	0	0	1	0	0	1	1	0	0	1	1	1	0	1
Mp3g19670	pos	1	0	0	1	1	0	1	0	1	0	1	1	0	1	1	1	0	1	0	0	0	1	0	1	1	0	1	1	1	1	1	0
Mp3g20000	pos	1	1	1	1	0	0	1	0	1	0	1	1	1	1	0	1	0	1	1	0	0	0	0	0	1	0	0	1	0	1	1	0
Mp3g20350	pos	0	1	1	1	0	1	1	0	1	0	1	1	1	1	0	1	0	0	0	1	0	0	0	1	1	0	1	0	0	0	0	1
Mp3g20450	pos	0	0	0	1	1	0	1	0	0	0	0	1	1	1	1	0	0	0	0	0	0	0	0	0	1	0	1	0	1	0	1	0
Mp3g20810	pos	0	0	0	0	0	1	1	1	1	0	1	0	1	1	1	0	0	0	1	0	0	1	0	1	1	1	1	1	0	0	0	0
Mp3g21370	pos	1	0	0	0	0	0	0	0	0	0	0	0	1	1	1	1	1	1	0	0	0	1	0	0	1	0	0	1	0	1	0	1
Mp3g21780	pos	1	0	0	1	0	1	1	1	0	0	1	0	1	0	1	0	1	1	0	0	0	1	0	0	1	0	0	1	1	0	1	0
Mp3g21800	pos	1	0	0	0	1	0	0	0	0	0	0	0	1	0	1	1	0	1	0	1	0	0	0	0	0	0	0	1	1	0	1	0
Mp3g21910	pos	1	0	0	0	0	0	0	0	1	1	1	1	1	0	0	0	0	1	1	0	0	0	0	0	0	0	1	1	0	1	1	0
Mp3g21950	pos	1	0	0	1	0	0	0	0	1	1	1	1	1	1	1	1	0	0	1	1	0	0	1	1	1	0	1	1	0	1	0	1
Mp3g21990	pos	0	0	0	1	0	0	0	0	0	0	1	1	1	1	1	0	0	1	1	0	0	1	0	1	1	0	0	0	1	1	1	1
Mp3g22420	pos	0	1	0	0	1	0	0	0	1	0	1	1	0	1	0	1	0	0	1	0	0	0	0	0	1	0	1	0	0	1	1	0
Mp3g22950	pos	1	1	1	0	0	0	1	1	1	0	1	1	0	0	0	1	0	1	1	0	0	0	0	0	1	0	1	1	0	0	0	1
Mp3g22960	pos	0	1	1	1	0	1	1	0	1	0	1	1	1	1	1	0	1	0	0	1	0	0	0	0	1	0	1	1	0	1	1	0
Mp3g23150	pos	0	0	0	1	0	0	0	0	1	0	1	0	0	0	1	1	0	1	0	1	0	0	0	0	1	1	0	0	1	1	1	0
Mp3g23390	pos	0	0	0	1	0	0	1	0	0	0	0	1	1	1	1	0	0	0	0	0	1	1	0	0	0	0	0	1	0	1	1	0
Mp3g23810	pos	0	0	0	1	0	1	1	0	0	0	1	1	1	1	0	1	0	1	0	1	0	0	0	1	1	0	1	1	0	1	1	1
Mp3g23840	pos	1	0	0	1	1	0	0	0	0	0	0	0	0	1	1	0	0	0	1	0	1	0	0	1	0	0	0	1	0	1	0	1
Mp3g24240	pos	0	0	0	1	0	1	1	1	0	0	0	0	1	1	1	0	1	0	0	1	0	1	0	1	0	0	0	0	0	0	0	1
Mp3g24290	pos	0	0	0	1	0	0	0	0	0	0	1	1	1	1	1	1	1	1	1	0	0	0	0	1	0	0	0	1	1	1	1	0
Mp3g24400	pos	1	0	0	0	1	0	0	0	1	0	1	0	1	0	1	1	0	0	1	0	0	0	0	1	1	0	1	1	1	1	1	1
Mp4g00110	pos	0	0	0	1	1	1	0	0	0	0	1	1	1	1	0	0	0	0	1	0	0	0	0	1	1	0	1	1	1	0	1	0
Mp4g00430	pos	0	0	0	0	0	1	1	1	0	0	1	0	1	0	1	0	0	0	1	0	0	0	0	1	0	0	0	1	0	1	1	1
Mp4g01100	pos	0	0	0	0	0	0	0	0	1	0	0	1	0	1	0	0	1	0	1	0	0	1	0	1	1	0	1	0	0	1	1	0
Mp4g01210	pos	0	1	1	0	0	0	0	0	0	0	1	1	0	0	1	0	0	0	1	0	0	0	1	0	0	0	1	1	0	0	1	0
Mp4g01480	pos	1	0	0	1	1	0	1	0	1	0	1	0	0	0	1	0	1	0	0	0	0	1	0	1	0	0	0	0	0	1	1	0
Mp4g02400	pos	0	1	1	0	0	0	1	0	1	0	0	0	1	1	1	0	0	0	1	1	0	0	0	1	0	0	1	1	1	0	1	1
Mp4g03780	pos	0	0	0	0	0	1	0	0	1	0	1	0	0	1	0	0	0	0	0	0	1	0	0	1	1	0	1	0	0	1	1	1
Mp4g04820	pos	1	0	0	1	0	1	0	0	1	0	1	1	1	1	1	1	1	0	0	1	0	0	0	0	1	0	0	1	0	1	1	0
Mp4g05390	pos	1	0	0	0	0	1	0	0	1	0	1	0	0	1	1	0	0	0	1	1	0	1	0	1	1	0	1	1	1	1	1	1
Mp4g05500	pos	0	0	0	0	0	0	1	0	0	0	1	0	1	1	1	1	1	0	1	1	0	0	0	0	1	0	1	0	0	0	0	0
Mp4g06240	pos	1	0	0	0	0	0	0	0	0	0	0	0	1	1	1	1	0	1	1	0	0	1	0	0	0	0	1	1	1	1	1	0
Mp4g06430	pos	1	0	0	1	0	1	0	0	0	0	1	1	1	1	0	1	0	1	1	0	0	0	0	1	1	0	0	1	0	1	1	1
Mp4g06470	pos	1	1	0	1	0	1	1	0	0	0	1	1	0	0	1	0	1	0	1	0	1	0	0	0	1	0	0	1	0	1	1	0
Mp4g06630	pos	1	1	0	1	1	0	1	1	0	0	0	1	0	1	0	0	0	0	0	1	0	0	0	1	1	0	0	1	1	0	0	0
Mp4g06970	pos	1	0	0	1	1	0	0	0	1	0	0	0	1	1	0	1	0	1	1	0	0	0	0	0	1	0	0	0	0	1	1	1
Mp4g07340	pos	0	0	0	0	0	0	1	0	0	0	1	1	1	0	0	1	1	1	0	0	0	0	0	1	1	0	0	1	0	0	0	0
Mp4g07560	pos	0	0	0	1	0	0	1	0	1	0	0	1	1	1	0	1	0	1	1	0	0	0	0	0	0	0	1	0	0	1	1	0
Mp4g07860	pos	0	0	0	1	0	0	0	0	1	0	0	1	1	1	1	1	0	0	1	0	0	0	0	0	0	0	0	0	0	1	0	0
Mp4g08040	pos	1	0	0	1	0	0	0	0	0	0	0	1	1	1	0	0	1	1	1	0	0	1	0	0	1	0	1	1	0	0	0	0
Mp4g08550	pos	0	0	0	0	0	0	1	0	0	0	1	1	1	0	0	0	0	1	0	1	0	1	0	1	1	0	1	1	1	0	1	1
Mp4g08740	pos	0	0	0	1	0	0	0	0	0	0	0	1	1	1	1	1	0	0	0	0	0	1	0	0	1	0	1	1	1	1	1	1
Mp4g08760	pos	1	1	0	1	1	0	0	0	1	0	0	1	0	1	0	1	0	1	0	0	0	1	0	0	1	0	1	1	1	1	0	0
Mp4g09790	pos	0	0	0	1	0	0	1	1	0	0	1	1	1	0	0	1	0	0	1	0	0	1	0	0	1	0	1	0	0	0	1	0
Mp4g09950	pos	1	1	0	0	0	1	0	0	0	0	0	0	1	1	1	1	1	1	1	0	0	0	0	0	1	0	1	1	0	1	1	0
Mp4g11130	pos	0	0	0	1	0	0	0	0	1	0	1	1	1	0	1	0	1	1	1	0	0	0	0	0	1	0	0	1	0	0	0	0
Mp4g11300	pos	1	0	0	1	0	0	0	0	0	0	1	0	1	1	1	0	1	0	1	0	0	0	0	1	1	0	1	0	1	1	1	1
Mp4g11410	pos	1	1	0	0	0	0	1	1	1	0	1	0	1	0	1	1	0	1	1	1	0	0	0	0	1	0	1	0	0	1	1	0
Mp4g11640	pos	1	0	0	1	0	0	0	0	1	0	0	1	1	1	1	1	0	0	1	0	0	0	0	1	1	0	1	0	0	0	1	0
Mp4g12050	pos	0	1	0	1	1	0	1	1	0	1	0	1	0	1	0	1	1	1	1	1	0	1	0	1	1	1	1	1	1	1	1	0
Mp4g12300	pos	1	0	0	0	0	0	0	0	1	0	1	1	1	0	1	0	0	1	0	0	0	0	0	1	1	0	0	1	1	1	1	1
Mp4g12350	pos	0	0	0	0	0	0	1	0	1	0	0	1	0	1	1	1	0	0	1	1	0	0	0	0	1	0	1	0	1	0	1	0
Mp4g12820	pos	0	0	0	1	1	0	1	1	1	0	1	1	0	1	1	0	0	0	0	0	1	1	0	1	0	0	1	1	0	0	0	1
Mp4g12890	pos	0	0	0	0	0	1	1	0	1	0	1	1	1	1	0	0	1	0	1	0	1	1	0	0	0	0	1	0	0	0	0	0
Mp4g13170	pos	0	0	0	0	0	0	0	0	1	0	1	1	1	1	1	0	0	1	0	0	0	0	0	0	1	0	0	1	1	1	1	0
Mp4g13330	pos	0	1	1	1	0	0	0	0	1	0	1	1	1	0	1	1	0	1	0	0	0	1	0	0	1	0	1	0	0	1	1	0
Mp4g13980	pos	0	0	0	1	1	0	1	0	0	0	0	0	1	1	1	1	0	0	1	1	0	0	0	0	1	0	1	1	0	1	0	1
Mp4g14080	pos	1	0	0	1	1	1	1	0	0	0	1	0	1	1	1	1	0	0	1	0	1	0	0	0	0	0	1	1	1	1	0	0
Mp4g14310	pos	1	1	1	1	1	0	1	0	0	0	1	1	0	1	1	1	0	1	0	0	0	1	0	1	1	0	1	0	0	0	1	0
Mp4g14360	pos	1	1	1	0	0	1	0	0	1	0	0	0	1	0	1	1	0	1	1	0	0	1	0	1	1	0	1	1	0	1	0	1
Mp4g15030	pos	0	0	0	1	0	0	1	1	0	0	0	1	1	1	1	0	1	0	0	0	0	0	0	1	0	0	1	0	1	0	1	1
Mp4g15430	pos	1	0	0	1	1	1	0	0	1	0	0	1	1	0	1	1	0	0	0	0	0	1	0	0	1	0	1	1	0	0	0	0
Mp4g15480	pos	0	0	0	1	0	0	1	0	1	0	1	1	1	0	0	0	1	1	1	0	0	1	0	1	1	0	1	1	0	0	1	1
Mp4g15940	pos	1	1	0	1	0	1	1	1	0	0	1	1	1	1	1	1	0	1	1	0	1	1	0	1	1	1	1	1	1	0	0	0
Mp4g15970	pos	0	1	1	0	1	0	1	0	1	0	1	1	0	1	1	1	0	0	1	0	0	1	0	1	1	0	1	0	0	1	1	1
Mp4g16050	pos	1	0	0	0	1	0	1	0	1	0	1	1	1	1	1	1	0	1	0	0	0	0	0	1	1	0	0	0	1	1	0	1
Mp4g16960	pos	0	1	1	1	0	0	0	0	0	0	1	1	0	1	1	1	1	1	1	0	0	0	0	1	1	0	1	0	0	0	1	0
Mp4g17020	pos	1	0	0	1	0	1	1	1	1	0	0	0	0	0	1	0	0	1	1	0	0	0	0	0	1	0	1	1	0	1	1	1
Mp4g17050	pos	1	1	1	1	0	0	0	0	0	0	1	1	1	1	0	0	0	1	1	0	0	0	0	1	1	0	1	0	1	0	1	1
Mp4g17170	pos	0	0	0	1	0	0	0	0	0	0	1	0	1	0	0	0	0	0	1	0	0	0	0	0	0	0	1	1	0	0	1	0
Mp4g17700	pos	0	0	0	1	0	0	1	1	0	0	1	0	1	1	1	0	1	1	1	1	0	0	0	1	1	0	1	0	1	1	1	1
Mp4g18050	pos	1	0	0	1	0	0	1	1	0	0	0	1	1	1	0	1	0	0	0	1	1	0	0	1	0	0	1	1	0	1	0	0
Mp4g18140	pos	0	0	0	1	0	1	0	0	1	0	0	0	1	1	1	1	0	0	1	0	0	0	0	1	1	0	1	0	1	1	0	1
Mp4g18970	pos	1	0	0	0	0	0	0	0	0	0	0	0	1	1	0	0	1	0	1	0	1	1	0	0	1	0	1	0	0	0	0	0
Mp4g19310	pos	0	0	0	0	0	0	1	0	0	0	1	1	1	1	1	1	0	1	1	0	0	1	0	0	0	0	1	0	0	0	1	0
Mp4g19780	pos	0	0	0	1	0	1	1	0	1	0	1	1	1	1	1	0	1	1	0	1	1	0	1	1	1	0	1	0	1	0	1	1
Mp4g20210	pos	1	1	1	1	0	1	1	0	1	0	1	0	0	1	1	0	0	1	1	0	0	0	0	1	1	0	0	1	0	1	1	0
Mp4g20680	pos	0	0	0	0	0	1	0	0	1	0	1	1	0	0	1	0	1	1	0	1	0	1	0	0	1	0	0	0	0	1	1	1
Mp4g22210	pos	0	0	0	1	0	0	1	1	1	0	0	0	1	1	1	1	1	1	0	1	0	0	0	1	0	0	1	0	0	1	1	0
Mp4g22500	pos	1	0	0	1	0	0	1	0	0	0	1	1	1	1	1	1	0	0	0	0	0	0	0	0	0	0	1	0	0	1	1	1
Mp4g22610	pos	1	1	1	0	1	1	0	0	1	0	1	0	0	1	1	1	0	1	1	0	0	1	0	1	0	0	1	0	1	0	1	1
Mp4g23570	pos	1	0	0	1	0	1	0	0	0	0	0	0	1	1	0	1	0	1	1	0	0	0	0	1	1	0	1	1	1	1	0	1
Mp4g23630	pos	1	1	1	0	0	0	1	0	1	0	1	1	1	1	1	1	0	1	1	0	0	0	0	0	1	1	1	0	0	1	1	0
Mp4g23980	pos	1	0	0	1	0	0	0	0	1	0	1	1	1	1	0	1	0	1	1	0	0	1	0	1	1	0	1	0	0	1	0	1
Mp5g00140	pos	0	1	1	1	1	0	0	0	1	0	0	1	1	1	1	1	1	1	0	1	1	0	0	0	0	0	0	1	0	1	1	0
Mp5g00390	pos	1	1	1	0	1	0	0	0	0	0	1	1	1	1	1	1	1	1	1	0	1	0	0	1	1	0	1	0	0	1	0	1
Mp5g00400	pos	1	0	0	1	0	1	1	1	1	0	0	1	0	1	0	0	1	0	1	0	0	0	0	0	0	0	0	0	0	1	0	0
Mp5g00690	pos	0	0	0	1	0	0	0	0	0	0	0	1	1	1	1	1	0	0	1	0	0	0	0	0	1	0	1	0	1	0	1	0
Mp5g00700	pos	0	0	0	1	0	0	1	1	1	0	1	1	1	1	1	1	1	1	0	1	0	1	0	1	0	0	1	1	0	0	1	1
Mp5g01770	pos	1	0	0	1	0	1	0	0	1	0	0	0	1	1	0	0	0	0	0	0	0	0	1	0	1	0	0	1	1	1	1	0
Mp5g01970	pos	0	0	0	1	0	0	1	1	1	0	0	0	1	1	1	1	0	0	0	0	0	0	0	1	0	0	0	1	1	1	1	0
Mp5g02050	pos	0	0	0	1	0	0	1	1	1	0	1	1	1	1	1	1	0	0	1	0	0	0	0	1	0	0	1	0	1	0	0	1
Mp5g02090	pos	1	1	0	1	0	0	1	1	0	0	1	1	1	1	1	1	1	0	1	0	0	0	0	1	1	0	1	0	1	0	0	1
Mp5g02980	pos	1	0	0	1	1	1	0	0	0	0	1	1	1	0	0	1	0	0	1	0	0	0	1	1	1	0	0	1	0	1	1	1
Mp5g03150	pos	0	0	0	0	0	0	0	0	1	0	1	1	1	1	1	1	0	0	0	0	0	1	0	1	1	0	0	1	0	1	1	0
Mp5g03160	pos	1	0	0	0	0	1	0	0	0	0	0	0	1	1	1	0	0	0	1	0	1	0	1	1	1	0	1	0	0	1	0	0
Mp5g03180	pos	1	0	0	0	0	1	0	0	0	0	0	0	1	1	1	0	0	0	1	0	1	0	1	1	1	0	1	0	0	1	0	0
Mp5g03600	pos	0	0	0	1	0	0	1	0	1	0	1	1	1	1	1	1	0	0	1	1	0	1	0	1	1	0	1	1	0	0	1	0
Mp5g03970	pos	0	0	0	0	0	1	0	0	0	0	0	1	1	1	0	0	0	0	1	0	0	0	1	1	1	0	1	1	0	0	1	1
Mp5g04040	pos	0	1	0	1	1	0	0	0	1	0	0	0	1	1	1	0	0	1	1	0	0	1	0	1	1	0	1	1	0	1	1	1
Mp5g04050	pos	0	1	0	1	1	0	1	0	1	0	1	0	0	1	1	1	0	0	1	0	0	1	0	1	1	0	1	1	0	0	1	1
Mp5g04140	pos	0	0	0	0	0	0	0	0	1	0	0	1	1	1	1	1	0	0	1	0	0	1	0	1	1	0	1	0	0	0	0	0
Mp5g04260	pos	0	0	0	1	0	0	1	1	0	0	0	1	1	1	0	0	1	1	1	0	0	0	0	1	0	0	0	1	1	0	1	1
Mp5g05390	pos	1	0	0	0	0	0	1	1	1	1	1	0	1	1	1	1	0	1	1	0	0	1	0	1	0	0	1	1	1	1	1	1
Mp5g06100	pos	1	1	1	0	0	0	1	1	1	0	1	0	0	1	0	1	0	1	1	0	0	1	0	0	1	1	1	1	1	1	0	0
Mp5g06260	pos	1	0	0	0	1	1	1	1	1	0	0	1	1	1	1	1	1	0	1	0	0	1	1	1	1	0	1	0	0	0	0	1
Mp5g06950	pos	1	0	0	1	1	1	1	0	1	0	1	1	1	1	1	0	0	0	1	0	0	0	0	0	0	0	1	0	0	1	0	0
Mp5g08100	pos	1	0	0	1	0	0	0	0	1	0	0	1	1	1	1	1	0	1	1	0	0	1	0	1	1	0	1	0	0	0	0	0
Mp5g08560	pos	0	0	0	1	1	0	1	0	1	0	1	1	1	1	1	1	1	0	1	1	0	1	0	1	0	0	1	1	0	0	0	0
Mp5g08580	pos	1	0	0	0	0	1	0	0	1	0	1	0	1	0	0	0	0	0	0	1	1	0	0	1	1	0	0	0	1	1	0	1
Mp5g09430	pos	0	1	0	0	0	0	0	0	1	0	0	1	1	0	1	1	1	0	1	1	0	1	0	0	1	0	1	1	0	1	0	0
Mp5g09580	pos	0	0	0	1	0	0	0	0	1	0	1	1	0	1	1	0	0	0	0	1	0	0	0	0	1	0	1	1	0	1	0	0
Mp5g10280	pos	1	0	0	0	0	0	0	0	1	0	1	0	1	1	1	1	0	1	0	1	0	0	0	1	1	0	1	1	0	0	1	1
Mp5g11120	pos	0	0	0	0	1	1	0	0	1	0	1	0	0	1	0	1	0	1	1	1	0	0	0	0	1	0	0	1	0	1	1	0
Mp5g11520	pos	0	0	0	0	0	1	1	1	0	0	0	0	0	1	0	1	0	0	0	1	0	0	0	1	1	0	1	0	1	0	1	0
Mp5g11750	pos	0	1	1	1	0	0	0	0	0	0	0	1	1	1	1	1	1	1	1	0	0	0	0	0	1	0	1	0	0	1	0	0
Mp5g12480	pos	1	0	0	0	0	0	0	0	1	0	1	1	0	1	1	0	0	1	1	0	0	0	0	0	1	0	0	1	0	1	1	0
Mp5g13000	pos	1	1	0	1	1	0	0	0	0	0	0	1	1	1	1	1	0	0	0	0	0	0	0	1	1	0	1	1	1	0	0	1
Mp5g13950	pos	0	0	0	0	0	1	0	0	1	0	1	0	1	1	0	1	0	0	0	1	1	0	0	0	1	0	0	0	0	1	1	0
Mp5g14070	pos	0	1	0	1	0	0	0	0	0	0	1	1	0	1	1	0	1	1	1	0	0	1	0	1	0	0	1	1	1	0	1	1
Mp5g15060	pos	1	1	1	1	1	0	1	0	0	0	1	1	0	1	1	0	1	1	0	1	0	0	0	1	0	0	1	0	1	0	0	0
Mp5g15110	pos	1	1	1	1	0	0	1	0	1	0	0	1	1	0	0	1	1	0	1	0	0	0	0	1	0	0	1	1	1	1	0	1
Mp5g15140	pos	0	0	0	1	1	0	0	0	1	0	0	1	1	1	1	0	1	1	1	0	1	1	0	1	1	1	1	1	1	0	0	1
Mp5g15230	pos	1	1	0	1	0	0	1	1	1	0	1	0	0	0	0	1	0	0	1	1	0	0	0	0	0	0	0	1	0	0	0	0
Mp5g15740	pos	1	1	1	0	0	0	0	0	1	0	0	1	1	0	0	1	0	1	0	0	0	0	0	1	1	0	1	1	0	1	0	1
Mp5g15850	pos	1	0	0	0	1	0	0	0	0	0	0	1	0	1	1	1	1	0	0	1	0	0	0	1	1	0	1	0	0	0	1	1
Mp5g15940	pos	0	0	0	0	0	0	1	1	1	0	1	0	1	1	1	1	1	1	0	0	0	1	0	1	1	1	1	1	0	1	0	1
Mp5g16780	pos	1	0	0	1	0	0	1	1	1	0	0	0	1	1	1	1	0	0	1	0	0	1	0	0	1	0	1	1	0	0	1	0
Mp5g17990	pos	1	1	1	1	1	0	1	0	1	0	1	0	1	1	0	1	1	1	1	0	0	0	0	1	1	0	0	1	0	1	1	1
Mp5g19710	pos	1	0	0	1	0	0	1	0	0	0	1	1	1	0	0	0	1	1	0	0	0	1	0	1	0	0	1	0	0	0	0	1
Mp5g20470	pos	0	1	1	1	0	0	1	1	0	1	1	0	1	1	1	1	0	1	1	0	0	1	0	1	1	0	1	0	1	1	1	1
Mp5g20900	pos	0	0	0	1	1	1	0	0	1	0	1	1	0	1	1	0	0	1	0	1	0	0	0	0	1	1	0	1	0	0	0	0
Mp5g21870	pos	1	1	0	1	0	0	1	0	1	0	1	0	1	1	0	1	0	1	1	1	1	1	0	1	1	0	1	1	0	1	0	1
Mp5g21930	pos	1	0	0	0	0	1	1	1	0	0	0	0	1	1	1	1	1	0	0	0	1	1	0	0	0	0	1	1	0	0	1	0
Mp5g22730	pos	1	0	0	0	0	1	1	1	0	0	1	1	1	0	1	1	0	1	1	0	0	0	0	1	0	0	0	0	0	0	1	0
Mp5g22920	pos	0	0	0	0	0	0	0	0	0	0	0	1	0	1	0	1	0	0	0	1	1	0	1	1	0	0	1	1	1	0	1	0
Mp5g23700	pos	1	0	0	1	0	1	1	1	0	0	0	0	1	1	1	1	0	1	1	1	0	0	0	1	0	0	1	1	0	1	1	0
Mp5g23750	pos	1	1	0	1	0	0	1	0	1	0	1	0	1	1	1	1	0	1	1	0	0	0	0	1	1	0	1	0	1	0	1	1
Mp5g23860	pos	0	0	0	1	0	0	0	0	1	0	1	0	1	1	1	1	1	0	1	0	0	0	0	0	1	0	1	1	1	1	0	1
Mp5g24220	pos	0	0	0	1	0	0	0	0	1	0	0	0	1	1	0	0	0	0	1	0	0	1	0	0	1	0	0	1	0	1	1	0
Mp5g24230	pos	1	0	0	0	0	0	1	1	1	0	1	1	1	1	1	0	1	1	1	0	1	1	0	1	1	0	1	1	0	0	1	1
Mp5g24390	pos	1	0	0	1	1	0	1	0	1	0	1	0	1	1	1	1	1	1	1	0	0	1	0	1	1	0	1	0	1	0	1	1
Mp6g00360	pos	0	1	0	0	1	0	0	0	1	0	1	1	1	1	1	1	0	1	0	0	0	0	0	1	1	0	1	0	1	1	1	1
Mp6g00390	pos	1	1	1	0	0	0	1	1	1	0	0	1	0	0	1	0	0	1	0	1	0	0	0	1	0	0	1	0	0	0	0	0
Mp6g01110	pos	0	1	1	1	1	0	0	0	0	0	0	1	0	1	0	1	0	0	0	0	0	1	0	1	0	0	0	0	0	0	1	1
Mp6g01420	pos	1	1	0	1	0	0	1	1	0	0	0	0	1	1	0	1	1	0	1	0	0	1	0	0	0	0	1	1	0	0	0	0
Mp6g01570	pos	1	0	0	1	0	0	0	0	1	0	1	1	1	1	0	1	0	1	0	1	0	0	0	1	0	0	0	1	1	0	1	1
Mp6g01720	pos	0	0	0	1	0	1	0	0	0	0	0	1	1	1	0	1	0	1	1	1	0	0	1	0	0	0	0	0	0	1	1	0
Mp6g03320	pos	1	0	0	1	0	1	1	1	1	1	0	0	0	1	0	1	0	1	1	0	0	0	0	0	0	0	0	0	0	0	0	0
Mp6g03330	pos	1	0	0	0	1	0	1	1	0	0	0	0	1	1	1	0	1	1	1	1	0	1	0	1	0	0	1	1	0	0	1	1
Mp6g04760	pos	0	1	1	1	0	1	0	0	1	0	1	1	1	1	1	1	0	0	0	1	0	0	0	0	1	0	1	1	0	1	0	0
Mp6g04770	pos	1	1	1	1	0	1	1	0	0	0	1	1	1	1	0	1	0	1	0	0	0	0	0	1	1	1	1	0	0	1	1	0
Mp6g05060	pos	0	0	0	0	0	1	1	1	0	0	0	1	0	1	1	0	1	0	1	0	0	0	0	1	0	0	1	1	0	0	1	0
Mp6g05140	pos	0	0	0	0	0	0	0	0	1	1	0	1	1	1	1	0	1	1	0	1	0	0	0	1	1	0	1	0	1	0	0	0
Mp6g05150	pos	1	1	0	0	1	0	1	0	1	0	1	1	0	0	0	0	1	1	0	1	0	1	0	0	0	0	1	0	0	1	0	0
Mp6g05340	pos	0	0	0	1	0	0	0	0	1	0	1	1	0	1	1	0	0	0	1	0	0	1	0	0	0	0	1	0	0	0	0	0
Mp6g05520	pos	0	0	0	1	0	0	1	0	0	1	0	1	1	1	1	1	1	0	0	0	0	0	0	0	0	0	1	0	1	0	0	1
Mp6g05530	pos	0	1	1	1	0	1	0	0	1	0	0	1	1	1	1	1	1	1	1	1	0	1	0	0	1	0	1	0	0	0	1	0
Mp6g05900	pos	1	1	0	0	0	0	1	0	0	0	1	1	1	0	1	0	0	1	1	1	0	0	0	0	1	0	0	0	0	1	1	0
Mp6g06260	pos	1	0	0	1	0	0	0	0	0	0	0	1	1	1	1	1	0	0	1	1	0	0	0	0	0	0	0	1	0	1	0	0
Mp6g06540	pos	0	0	0	1	0	0	0	0	1	0	1	0	1	0	1	1	0	0	1	1	0	0	0	0	0	0	1	1	1	0	1	0
Mp6g06600	pos	0	0	0	1	1	0	1	1	1	0	0	0	0	1	1	1	0	0	0	0	0	0	0	0	1	0	1	1	1	1	1	0
Mp6g06900	pos	0	0	0	1	1	1	0	0	0	0	0	1	1	1	1	1	1	1	0	0	0	0	0	1	1	0	1	1	0	1	1	0
Mp6g06950	pos	0	0	0	1	0	0	0	0	1	0	0	1	1	1	0	1	1	0	1	0	0	1	0	1	0	0	0	0	1	0	0	0
Mp6g08280	pos	0	1	0	1	0	0	0	0	1	0	1	1	1	1	1	1	0	0	1	0	0	1	0	1	1	0	1	1	1	1	1	1
Mp6g08660	pos	1	0	0	1	1	0	0	0	0	0	1	1	1	1	0	1	0	1	1	1	0	1	0	1	1	0	1	1	0	0	0	0
Mp6g09190	pos	0	0	0	1	0	1	0	0	0	0	0	1	0	1	0	1	0	1	1	0	0	0	0	1	0	0	1	1	0	1	1	1
Mp6g09240	pos	1	0	0	0	1	1	0	0	0	0	1	0	0	1	0	0	0	1	1	1	1	0	0	1	1	0	0	1	1	1	1	1
Mp6g09250	pos	1	0	0	1	0	1	1	1	0	0	0	1	0	1	0	1	0	1	0	0	0	0	0	0	1	0	0	1	0	1	1	1
Mp6g10160	pos	0	0	0	0	0	0	1	1	1	0	1	1	1	1	0	1	1	1	1	1	0	1	0	0	0	0	0	0	1	1	0	0
Mp6g10450	pos	1	1	0	1	0	0	1	0	1	0	1	1	1	1	1	0	0	1	1	0	1	1	0	0	0	0	1	1	0	1	0	0
Mp6g11960	pos	1	0	0	1	1	1	1	0	0	0	0	0	1	1	0	1	1	1	1	0	0	0	0	1	0	0	0	1	1	1	1	1
Mp6g12580	pos	0	0	0	1	0	1	0	0	1	0	0	1	1	1	0	1	0	0	1	0	0	0	0	0	0	0	0	0	0	1	0	0
Mp6g13140	pos	0	0	0	1	0	0	1	1	1	0	0	1	1	1	1	1	0	0	0	0	0	0	0	0	0	0	0	0	0	0	0	0
Mp6g13200	pos	0	0	0	1	0	0	1	0	1	0	0	1	1	0	1	1	0	1	1	0	0	1	0	1	0	0	1	0	0	0	1	1
Mp6g13850	pos	1	1	0	1	0	0	1	0	0	0	1	1	1	1	1	0	0	1	0	0	0	0	0	1	1	0	1	1	1	0	0	1
Mp6g14180	pos	0	1	0	1	1	0	1	1	1	0	0	1	1	1	0	1	1	1	1	0	1	1	0	1	1	0	1	0	1	0	1	1
Mp6g14300	pos	0	0	0	1	0	0	1	0	0	0	1	1	1	0	1	1	1	0	1	0	0	1	0	0	0	0	1	1	0	0	0	0
Mp6g14510	pos	1	0	0	1	1	0	1	1	1	0	1	1	1	1	1	1	0	0	1	0	0	0	0	0	1	0	1	1	0	1	0	0
Mp6g14520	pos	0	0	0	1	0	1	0	0	0	0	1	1	1	1	1	1	0	1	1	0	0	1	0	0	1	0	1	0	0	0	0	1
Mp6g14720	pos	1	1	1	0	0	1	0	0	1	0	0	0	0	1	0	1	0	1	1	0	1	0	0	1	1	0	1	1	1	0	1	1
Mp6g14730	pos	0	1	0	0	0	0	1	0	1	1	1	0	0	0	1	0	1	1	1	0	0	0	0	0	1	0	1	0	0	1	1	0
Mp6g15150	pos	1	0	0	1	0	1	0	0	1	0	1	1	1	1	0	1	0	0	0	0	1	0	0	0	1	0	0	0	0	1	1	0
Mp6g16970	pos	0	0	0	0	0	0	1	0	0	0	1	0	0	1	0	1	0	1	0	0	0	1	0	0	1	0	1	0	0	1	1	0
Mp6g17000	pos	0	0	0	0	0	1	0	0	0	0	1	1	0	0	0	1	0	1	1	1	0	1	0	0	0	0	1	1	0	0	0	0
Mp6g19010	pos	1	0	0	1	1	0	1	1	1	0	1	1	1	1	1	1	0	0	0	0	0	0	0	1	0	0	1	0	0	0	0	1
Mp6g19170	pos	0	0	0	0	1	0	0	0	1	0	0	1	0	1	1	1	0	1	0	0	0	0	0	1	0	0	1	1	0	0	1	1
Mp6g19470	pos	0	0	0	0	0	0	0	0	1	0	0	1	0	1	0	1	0	1	0	0	0	1	0	1	0	0	0	1	0	0	1	0
Mp6g19550	pos	1	0	0	0	0	0	0	0	1	0	0	1	1	1	1	0	0	0	0	0	0	0	0	0	1	0	1	1	0	1	1	0
Mp6g19580	pos	1	1	0	1	1	0	1	0	1	0	1	0	0	1	0	1	0	1	1	1	1	0	0	1	0	0	1	0	1	1	1	1
Mp6g19790	pos	0	0	0	1	0	0	1	0	0	0	1	1	1	1	1	1	1	1	0	0	0	1	0	1	1	0	1	1	0	1	1	0
Mp6g19800	pos	0	0	0	1	0	0	1	0	1	0	0	0	0	1	1	1	0	0	1	1	0	0	0	1	0	0	1	0	0	1	1	1
Mp6g20300	pos	1	0	0	1	0	1	1	1	1	1	0	1	1	1	1	0	1	0	0	0	0	0	0	0	1	0	1	0	0	0	0	0
Mp6g20360	pos	0	0	0	1	0	1	0	0	1	1	1	1	1	1	1	1	0	1	1	0	0	0	0	1	0	0	0	0	0	1	0	1
Mp6g20450	pos	0	0	0	1	1	1	0	0	0	0	1	1	1	1	1	0	0	1	1	0	0	1	0	0	1	0	1	1	0	1	1	0
Mp6g20600	pos	0	0	0	1	1	0	0	0	0	0	0	1	1	1	1	0	0	1	1	0	0	1	0	1	0	0	1	1	1	1	1	0
Mp6g20700	pos	1	0	0	0	0	1	0	0	1	0	0	1	0	1	1	0	0	1	1	0	0	1	0	1	0	0	0	1	0	0	0	0
Mp7g01000	pos	1	0	0	0	1	0	0	0	0	0	1	0	0	1	0	1	0	1	1	0	0	0	0	0	1	0	0	0	0	0	1	0
Mp7g01460	pos	1	0	0	1	0	0	1	0	0	0	1	1	0	1	0	1	0	0	1	0	0	0	0	1	0	0	1	0	0	1	1	1
Mp7g02200	pos	1	0	0	1	0	0	1	0	1	0	1	1	1	1	1	0	0	0	1	0	0	1	0	0	1	0	1	0	0	1	0	0
Mp7g02330	pos	1	0	0	0	0	0	0	0	0	0	0	0	1	1	1	0	0	1	0	0	0	1	0	1	0	0	1	0	0	1	1	1
Mp7g02590	pos	1	0	0	0	0	1	1	0	1	0	1	0	0	1	0	1	1	1	0	0	1	1	0	0	1	0	1	1	0	1	1	0
Mp7g02600	pos	0	1	1	1	0	0	0	0	1	0	0	1	1	1	0	1	0	1	1	0	0	0	1	0	1	0	1	1	0	1	1	0
Mp7g03180	pos	1	1	1	1	0	1	1	1	0	0	0	0	1	1	1	1	1	0	1	0	0	0	0	1	1	0	1	0	0	1	0	0
Mp7g03410	pos	1	0	0	1	0	0	1	1	1	0	0	0	1	1	1	0	1	1	1	0	1	1	0	0	0	0	0	1	0	0	0	0
Mp7g03750	pos	1	0	0	1	1	1	1	0	1	0	0	1	1	0	1	1	0	0	0	0	0	1	0	0	1	0	1	0	1	1	0	0
Mp7g03860	pos	1	1	1	0	0	0	1	0	1	0	1	1	0	1	0	1	0	1	1	0	0	1	0	0	1	0	1	0	0	0	1	0
Mp7g03960	pos	1	0	0	1	0	0	1	1	1	0	0	1	1	1	1	1	0	1	1	0	0	1	0	1	0	0	1	0	0	0	1	1
Mp7g04270	pos	0	0	0	0	0	1	1	0	0	0	1	0	1	1	1	0	0	1	1	0	1	1	0	0	0	0	1	1	1	0	1	1
Mp7g04390	pos	0	0	0	0	0	1	1	0	1	0	1	0	1	1	1	0	0	1	1	0	0	1	1	0	1	0	1	0	0	1	1	0
Mp7g04620	pos	0	0	0	0	0	0	1	0	1	0	0	0	1	1	0	0	1	0	1	0	0	0	0	1	1	0	1	1	0	1	1	0
Mp7g05440	pos	0	0	0	0	0	0	1	0	0	0	0	1	1	1	0	0	0	1	0	0	0	0	0	0	0	0	1	1	0	1	1	0
Mp7g05750	pos	1	1	1	1	0	1	1	0	1	0	1	1	1	0	0	1	0	1	1	1	0	0	0	0	1	0	1	1	1	1	1	0
Mp7g06280	pos	0	0	0	1	0	1	1	0	1	0	1	0	1	1	1	1	0	1	1	1	0	1	0	0	1	0	1	0	0	1	1	0
Mp7g06470	pos	1	0	0	1	0	0	1	1	0	0	0	1	0	1	1	1	0	0	1	0	1	1	1	0	1	0	0	1	1	1	1	0
Mp7g06980	pos	1	0	0	0	1	0	1	1	0	0	1	1	1	0	0	0	0	1	1	0	1	0	0	1	1	0	1	1	1	0	0	0
Mp7g07630	pos	0	0	0	0	0	0	1	0	1	0	0	1	1	1	1	0	1	1	1	1	0	0	0	1	1	0	1	1	0	0	0	1
Mp7g07880	pos	0	0	0	1	0	1	1	0	0	0	1	0	1	1	1	1	1	1	0	0	0	0	0	1	0	0	1	0	1	1	0	0
Mp7g08340	pos	1	0	0	1	0	1	1	1	1	0	1	1	0	1	1	1	1	0	0	0	0	0	0	1	0	0	1	0	1	0	1	0
Mp7g08570	pos	0	0	0	1	0	0	0	0	1	1	1	0	0	0	1	0	1	1	1	1	0	0	0	0	1	0	1	1	0	1	1	0
Mp7g08650	pos	0	0	0	1	1	0	0	0	1	0	1	0	0	0	0	1	0	1	1	0	0	0	0	1	0	0	0	1	0	1	0	0
Mp7g08800	pos	0	0	0	1	0	0	0	0	1	0	0	1	1	1	1	0	1	1	1	0	0	1	0	0	1	0	1	1	0	1	0	1
Mp7g10020	pos	1	0	0	0	0	0	0	0	1	0	0	1	1	0	1	0	1	0	0	0	0	1	0	0	1	0	0	1	0	0	1	0
Mp7g10170	pos	1	0	0	1	0	1	0	0	1	1	0	1	0	1	1	1	1	1	1	1	0	1	0	1	1	0	0	1	0	1	0	1
Mp7g11110	pos	1	0	0	0	0	0	0	0	1	1	0	0	1	0	1	0	0	1	1	1	0	0	0	0	1	0	1	1	0	0	1	0
Mp7g11410	pos	1	1	0	1	0	0	1	1	0	0	1	1	1	1	1	0	0	0	1	0	0	1	0	1	1	0	1	0	0	1	1	0
Mp7g11430	pos	1	1	1	0	0	1	1	0	0	1	1	0	0	0	1	1	1	0	1	0	0	0	0	0	0	0	1	1	0	0	0	0
Mp7g11630	pos	0	0	0	1	1	1	0	0	0	0	1	1	0	1	0	0	0	0	0	0	0	1	0	1	0	0	1	1	1	0	1	1
Mp7g11850	pos	1	0	0	1	0	0	1	0	1	0	0	0	0	0	0	0	0	0	1	1	0	0	0	1	1	1	0	1	0	0	0	1
Mp7g12340	pos	1	0	0	1	0	1	0	0	1	0	0	1	0	0	1	0	1	1	1	1	0	0	0	0	1	0	0	1	1	0	0	0
Mp7g12460	pos	1	0	0	1	0	1	0	0	1	0	1	0	1	1	0	1	0	1	1	0	0	1	0	1	1	0	1	0	0	1	0	1
Mp7g13390	pos	1	0	0	1	1	1	0	0	1	0	1	0	1	0	1	0	0	0	0	0	0	0	0	1	1	0	1	1	1	0	0	1
Mp7g14070	pos	1	0	0	0	0	0	1	0	1	0	1	0	1	1	1	0	0	0	0	0	1	0	0	0	1	0	1	0	1	1	1	0
Mp7g14100	pos	1	1	1	1	0	0	0	0	0	1	1	1	0	0	1	0	0	1	1	0	0	0	0	1	0	0	1	1	0	1	1	1
Mp7g14110	pos	1	0	0	1	1	0	0	0	0	0	0	0	1	0	0	1	0	1	1	0	0	1	0	1	0	0	1	0	1	1	1	1
Mp7g16220	pos	0	0	0	1	1	0	1	0	0	0	0	0	1	1	1	0	0	0	1	0	1	0	0	0	1	0	0	1	0	1	0	0
Mp7g16230	pos	0	0	0	0	1	0	0	0	1	0	0	0	1	1	0	0	0	1	1	0	0	0	0	0	1	0	1	1	0	0	1	0
Mp7g16240	pos	0	1	1	0	0	1	1	1	1	0	1	1	1	0	1	1	1	1	0	0	0	0	0	1	0	0	1	0	1	0	0	1
Mp7g16570	pos	1	0	0	1	0	0	0	0	1	0	1	1	1	1	1	0	0	1	1	0	0	1	0	0	1	1	0	0	0	1	0	0
Mp7g16580	pos	1	0	0	1	0	0	0	0	1	0	1	1	1	1	1	1	0	0	1	1	0	1	1	0	1	0	1	1	1	1	1	1
Mp7g17100	pos	0	1	0	1	0	0	0	0	1	0	1	1	1	1	1	1	0	1	0	0	0	0	0	0	0	0	0	0	1	1	0	0
Mp7g17110	pos	1	0	0	0	0	0	1	1	1	0	0	1	1	0	1	1	0	0	1	0	0	0	0	1	1	0	1	0	1	0	1	1
Mp7g17960	pos	1	0	0	1	0	0	0	0	1	0	0	1	1	1	1	1	0	1	0	0	0	0	0	1	1	0	0	0	0	0	1	0
Mp7g18210	pos	1	0	0	1	1	0	0	0	0	0	0	1	1	1	1	1	0	1	1	0	0	1	0	0	0	0	1	0	1	1	0	0
Mp7g18290	pos	1	0	0	1	1	0	1	0	0	0	1	0	1	1	1	0	0	1	0	0	0	0	0	1	1	0	1	1	0	1	0	1
Mp7g18870	pos	0	0	0	1	0	0	0	0	0	0	0	1	1	0	0	1	0	1	1	1	0	0	0	0	0	0	1	1	0	0	1	0
Mp7g19310	pos	1	1	0	1	0	0	0	0	0	0	0	0	1	1	0	1	0	0	1	0	0	0	0	1	1	0	1	0	0	1	1	1
Mp7g19490	pos	0	0	0	0	0	1	1	0	1	0	1	1	0	1	1	1	1	1	1	0	0	0	0	1	0	0	1	1	0	0	0	1
Mp8g00210	pos	1	1	1	1	0	1	0	0	1	0	0	0	0	0	0	0	0	1	0	0	0	1	1	1	1	0	0	0	0	0	1	1
Mp8g00590	pos	1	0	0	0	0	0	1	1	1	0	0	0	0	1	0	1	0	1	0	1	0	0	0	1	1	0	1	1	1	0	1	1
Mp8g00600	pos	1	0	0	1	0	0	1	0	1	0	0	1	1	0	1	1	1	1	0	0	0	0	0	1	1	0	1	0	0	0	0	0
Mp8g00700	pos	1	0	0	0	0	0	1	0	1	0	1	1	0	1	0	1	0	0	1	1	1	1	0	0	1	0	0	0	0	1	0	0
Mp8g00720	pos	0	0	0	1	0	1	1	0	1	1	1	1	1	1	1	1	1	0	1	0	0	0	0	0	0	0	1	0	1	0	1	0
Mp8g00830	pos	0	0	0	1	0	1	0	0	1	0	0	0	1	1	1	0	1	1	1	0	0	0	0	0	0	0	1	1	0	1	1	0
Mp8g00960	pos	0	0	0	0	0	1	0	0	1	0	0	1	1	0	1	1	1	0	1	0	0	0	0	1	0	0	0	1	0	0	0	0
Mp8g01500	pos	1	0	0	1	0	1	0	0	0	0	0	0	0	0	0	1	0	1	1	1	1	0	0	1	0	0	1	1	0	0	1	0
Mp8g01780	pos	1	0	0	1	0	0	0	0	1	0	1	1	0	1	0	0	0	1	0	0	0	0	0	1	0	0	1	0	1	0	0	1
Mp8g01840	pos	1	0	0	1	0	0	0	0	1	0	1	1	1	1	1	1	0	1	1	1	0	0	0	0	1	0	1	1	0	1	1	0
Mp8g04750	pos	1	0	0	1	0	1	0	0	1	1	1	1	1	1	1	1	0	1	1	1	0	1	0	1	1	0	1	1	0	0	1	1
Mp8g04890	pos	1	0	0	1	0	1	0	0	1	1	1	1	1	1	1	1	0	1	1	1	0	1	0	1	1	0	1	1	0	0	0	1
Mp8g04950	pos	1	0	0	1	0	1	0	0	1	1	1	1	1	1	1	1	0	1	1	1	0	1	0	1	1	0	1	1	0	0	1	1
Mp8g05020	pos	1	0	0	1	0	1	1	0	1	0	1	0	0	1	0	0	1	0	1	0	0	0	0	0	0	0	0	0	1	0	1	1
Mp8g05080	pos	0	0	0	1	0	0	1	0	0	0	0	1	1	1	1	0	0	1	1	1	0	0	0	0	1	0	1	1	1	1	1	1
Mp8g05610	pos	1	0	0	1	0	0	0	0	1	0	1	0	1	1	1	1	0	1	1	0	0	0	0	0	1	0	1	1	1	0	0	1
Mp8g05920	pos	1	0	0	0	1	1	1	1	0	0	0	1	0	1	1	1	1	0	1	0	0	1	0	1	1	0	1	1	1	1	1	1
Mp8g06300	pos	1	0	0	1	0	0	0	0	1	0	0	1	0	0	1	1	0	1	1	0	0	1	0	1	0	0	1	0	0	1	1	1
Mp8g06470	pos	0	0	0	0	0	0	0	0	1	0	1	1	0	1	0	1	0	1	0	1	0	0	0	0	1	0	1	1	0	1	1	0
Mp8g06490	pos	1	0	0	1	0	0	0	0	1	0	0	0	0	1	0	1	0	0	1	0	1	0	0	0	0	0	1	1	0	0	0	0
Mp8g06570	pos	1	0	0	0	0	0	0	0	1	0	0	1	1	0	1	1	0	1	0	0	0	0	0	0	1	0	1	1	1	1	1	0
Mp8g06590	pos	1	0	0	1	0	1	1	0	0	0	0	0	0	0	0	0	1	1	0	1	1	0	0	1	1	0	0	1	1	1	0	1
Mp8g06610	pos	1	0	0	0	1	0	0	0	0	0	1	0	1	1	1	0	0	0	1	0	0	1	0	0	1	0	1	1	0	1	1	0
Mp8g07330	pos	0	0	0	0	1	0	1	0	1	0	0	0	1	0	0	0	1	0	1	0	0	1	0	0	1	0	1	1	1	1	1	0
Mp8g08550	pos	0	0	0	1	0	1	0	0	1	0	0	1	1	1	1	0	0	0	0	0	0	0	0	1	0	0	1	0	0	0	1	1
Mp8g08650	pos	0	0	0	1	0	1	0	0	1	0	1	0	1	1	1	1	0	1	1	1	0	0	0	1	1	0	0	1	1	1	0	1
Mp8g08900	pos	0	0	0	0	1	1	0	0	1	1	0	1	1	1	1	0	1	1	1	0	0	0	0	1	1	0	1	1	0	1	0	1
Mp8g08910	pos	1	0	0	1	1	1	0	0	0	0	0	1	1	1	0	0	0	1	0	0	0	0	0	1	1	0	1	1	1	1	0	0
Mp8g08940	pos	0	0	0	0	0	0	1	1	0	0	1	1	1	0	0	1	1	0	1	0	0	1	0	1	1	0	1	1	1	1	1	0
Mp8g09000	pos	0	1	1	0	1	0	0	0	1	0	0	1	1	1	1	1	0	1	1	0	0	0	0	1	0	0	1	0	0	1	1	0
Mp8g09150	pos	1	0	0	1	0	0	1	0	0	0	1	1	0	1	0	1	0	1	1	0	0	0	0	1	1	0	1	1	1	1	0	1
Mp8g09300	pos	1	0	0	1	0	0	1	1	1	0	0	0	1	1	1	0	0	0	0	1	0	0	0	1	1	0	1	1	1	1	1	1
Mp8g10620	pos	0	0	0	0	0	0	0	0	0	0	0	1	1	1	1	0	1	1	1	1	0	0	0	0	1	0	1	0	0	0	1	0
Mp8g10690	pos	0	0	0	1	0	0	0	0	0	0	1	1	1	0	0	0	0	0	1	0	1	1	0	0	0	0	0	0	1	1	0	0
Mp8g12000	pos	0	1	1	1	0	0	1	0	1	0	1	1	0	1	0	0	0	0	1	1	0	1	0	0	1	0	1	1	1	1	0	0
Mp8g12570	pos	0	0	0	1	0	1	0	0	1	1	1	1	1	1	1	1	0	1	1	0	0	0	1	1	1	0	1	1	1	0	1	0
Mp8g12580	pos	1	1	1	0	0	0	1	0	0	0	0	0	1	1	0	1	0	0	1	1	1	1	0	1	0	0	1	0	0	0	0	1
Mp8g12700	pos	1	0	0	1	0	1	1	0	1	0	0	0	1	1	1	0	1	0	0	0	1	0	1	1	0	0	0	1	1	0	1	0
Mp8g13250	pos	1	0	0	0	0	0	0	0	1	0	1	1	0	1	1	1	0	1	1	0	1	0	0	1	0	0	1	1	0	0	0	1
Mp8g13320	pos	1	0	0	1	1	0	0	0	1	0	0	0	1	1	0	1	0	0	1	1	0	0	0	1	1	0	0	1	1	1	1	0
Mp8g13330	pos	0	1	1	0	0	1	0	0	1	0	0	1	1	0	0	1	0	0	0	0	1	1	0	0	1	0	0	0	0	1	1	0
Mp8g13590	pos	0	1	1	0	0	1	0	0	0	0	1	0	1	1	0	1	0	1	1	0	0	1	0	1	1	0	0	1	1	1	0	1
Mp8g14180	pos	0	0	0	1	1	0	0	0	1	0	1	1	1	1	1	1	0	0	0	1	0	1	0	1	1	0	0	1	0	0	1	1
Mp8g14310	pos	1	0	0	0	0	0	1	0	1	0	1	0	1	1	1	0	1	0	0	0	0	0	1	0	1	0	1	1	0	1	0	0
Mp8g15410	pos	0	0	0	0	0	1	1	1	1	0	0	0	0	1	0	1	0	0	0	0	1	1	0	1	0	0	0	0	0	0	0	1
Mp8g15930	pos	0	1	1	0	1	1	0	0	1	0	1	0	1	0	0	0	0	0	1	0	0	1	0	0	1	0	1	0	0	0	0	0
Mp8g16220	pos	1	0	0	0	1	1	1	1	0	0	1	1	0	1	0	0	0	1	0	0	0	1	0	0	1	0	0	1	0	1	1	0
Mp8g16780	pos	0	0	0	0	0	1	1	0	1	0	1	0	0	1	0	1	0	0	1	0	0	0	0	1	0	0	0	1	1	0	0	1
Mp8g16880	pos	1	0	0	0	1	0	0	0	1	0	0	1	1	1	1	1	0	0	0	0	0	0	0	1	1	0	1	0	0	1	0	1
Mp8g17750	pos	1	0	0	1	0	0	0	0	1	0	1	0	0	1	1	1	0	0	1	0	0	0	0	0	1	0	1	0	1	1	0	0
Mp8g17840	pos	0	0	0	0	0	0	1	1	1	0	1	1	1	1	1	1	1	1	0	1	1	0	0	1	1	0	1	1	0	0	0	1
Mp8g17860	pos	1	0	0	0	1	0	1	0	0	0	1	1	0	0	0	1	1	1	0	0	0	0	0	0	1	0	1	1	1	1	0	1
Mp8g18530	pos	1	0	0	0	1	0	0	0	1	0	1	0	0	1	1	0	1	0	1	1	0	0	0	0	0	0	1	1	0	1	1	0
Mp8g18550	pos	1	1	0	0	0	0	0	0	0	0	1	1	0	0	1	1	0	1	1	0	0	1	0	0	0	0	1	1	0	0	0	1
Mp8g18700	pos	0	1	0	1	0	0	1	0	1	0	1	0	0	1	1	1	1	1	1	0	0	1	0	0	1	0	1	1	1	1	1	1
MpVg00720	pos	0	0	0	0	0	1	0	0	1	0	0	1	1	1	1	0	0	1	1	0	0	1	0	1	0	0	0	1	0	0	0	1
Mpzg00390	pos	0	0	0	1	0	0	0	0	1	0	0	0	1	0	1	1	0	0	1	1	0	0	0	0	1	0	0	0	1	1	1	0
Mpzg00970	pos	0	0	0	1	0	1	1	1	1	0	0	1	1	1	1	1	0	0	0	0	0	0	1	0	1	0	1	1	0	0	0	0
Mp1g00140	neg	1	0	0	0	1	0	1	1	1	0	0	0	0	1	0	0	0	0	1	0	0	0	0	1	0	0	1	0	1	0	0	1
Mp1g00380	neg	1	0	0	0	1	1	0	0	0	0	0	0	1	0	0	0	1	1	0	1	0	0	0	1	1	0	1	1	0	0	0	1
Mp1g01210	neg	1	0	0	0	1	1	1	0	1	0	1	0	0	1	0	1	1	1	1	0	0	0	0	0	1	0	1	1	0	1	0	0
Mp1g01290	neg	0	0	0	1	0	0	0	0	0	0	0	1	1	1	1	1	0	0	1	0	1	1	0	1	0	0	0	1	0	0	0	0
Mp1g01400	neg	0	0	0	1	0	1	0	0	0	0	1	0	1	1	0	0	0	0	0	0	1	0	0	0	0	0	0	0	1	0	0	0
Mp1g01650	neg	1	0	0	0	0	1	1	1	0	0	0	0	0	1	0	0	0	1	0	0	1	0	0	1	1	0	1	1	0	1	0	0
Mp1g01990	neg	1	0	0	0	0	0	0	0	0	0	0	1	0	1	0	1	0	0	0	0	0	0	0	0	0	0	0	0	1	0	1	0
Mp1g02080	neg	1	0	0	1	0	0	0	0	0	0	0	0	1	0	1	1	0	1	0	0	1	1	0	0	1	0	0	1	1	0	1	0
Mp1g02120	neg	0	0	0	1	0	1	0	0	1	0	1	1	1	1	1	1	0	1	1	0	0	0	0	0	0	0	1	1	0	1	0	0
Mp1g02380	neg	0	0	0	1	0	0	0	0	0	0	0	1	0	1	0	0	0	0	1	0	0	0	0	1	1	0	1	1	0	0	0	1
Mp1g02950	neg	0	1	1	0	1	0	1	0	1	0	0	1	0	1	1	1	1	1	1	0	0	0	0	1	0	0	1	1	0	1	1	1
Mp1g03290	neg	0	0	0	1	0	0	1	1	0	0	0	0	1	1	1	1	0	1	0	0	0	0	0	1	1	0	1	1	0	1	1	1
Mp1g03540	neg	0	0	0	0	0	0	0	0	1	0	1	1	0	1	0	1	0	1	0	0	1	1	0	0	1	0	1	0	0	0	0	0
Mp1g03860	neg	0	0	0	1	0	0	1	1	1	0	1	0	0	1	1	1	0	1	1	0	0	1	0	1	0	0	0	1	0	0	0	0
Mp1g04100	neg	0	0	0	0	0	0	0	0	1	0	1	1	0	1	1	0	1	1	0	1	0	1	0	0	1	0	0	0	0	1	0	0
Mp1g04110	neg	0	0	0	1	0	0	0	0	1	0	1	0	0	1	1	0	0	0	1	0	0	0	0	0	1	0	1	0	0	0	0	0
Mp1g04140	neg	0	0	0	1	0	0	0	0	1	0	0	0	0	1	1	0	0	1	1	1	0	0	0	0	1	0	0	0	1	0	1	0
Mp1g04920	neg	1	0	0	0	1	0	0	0	1	0	0	1	0	0	1	0	0	0	0	1	0	0	0	1	0	0	0	0	1	0	0	0
Mp1g05030	neg	0	0	0	0	0	1	0	0	0	0	1	0	0	1	0	0	0	1	1	0	1	0	0	0	1	0	0	0	1	1	0	0
Mp1g05120	neg	1	0	0	0	0	0	1	1	1	0	1	0	0	0	1	1	0	1	0	0	0	0	0	0	1	0	0	1	0	0	1	1
Mp1g05340	neg	1	0	0	0	0	0	0	0	1	0	0	0	1	0	0	0	0	0	0	1	0	1	0	1	0	0	0	1	0	1	0	0
Mp1g05460	neg	0	0	0	1	0	0	0	0	0	0	0	0	0	1	0	0	0	0	1	0	0	0	0	1	0	0	0	0	0	1	0	0
Mp1g05540	neg	1	0	0	1	0	1	0	0	0	0	1	0	1	0	0	1	0	0	1	0	0	0	0	1	0	0	1	1	1	1	1	1
Mp1g05740	neg	0	0	0	1	0	0	1	0	0	0	1	0	1	0	0	1	0	0	0	1	1	0	0	1	1	0	1	0	0	0	1	0
Mp1g06800	neg	0	0	0	1	0	1	0	0	1	0	1	0	1	0	1	0	0	1	1	0	0	0	1	0	1	0	1	1	0	1	1	0
Mp1g06840	neg	1	0	0	1	1	1	1	0	1	0	0	0	0	1	1	0	1	0	1	0	0	0	0	0	0	0	1	1	0	1	0	0
Mp1g06900	neg	1	0	0	1	0	0	0	0	0	0	1	0	1	1	1	0	0	1	1	0	0	0	0	0	1	0	1	0	0	0	0	0
Mp1g07040	neg	0	0	0	0	1	0	1	1	0	0	1	1	0	0	1	1	0	1	0	0	1	0	0	0	1	0	0	1	1	1	0	0
Mp1g07200	neg	1	1	1	0	0	1	0	0	1	0	0	1	1	0	1	0	0	0	1	0	0	0	0	1	1	0	1	0	1	1	1	1
Mp1g07610	neg	0	0	0	1	0	0	1	0	1	0	1	0	0	0	0	1	1	1	1	0	0	0	0	1	0	0	0	0	0	0	0	0
Mp1g07700	neg	0	0	0	1	0	0	0	0	0	0	0	1	0	1	0	0	0	1	0	0	0	0	0	0	0	0	0	1	0	0	1	0
Mp1g07920	neg	1	0	0	1	0	1	1	0	0	0	1	0	1	1	1	0	1	0	1	0	0	0	0	0	0	0	1	1	1	0	0	0
Mp1g08630	neg	1	0	0	0	0	1	1	1	0	0	1	1	0	1	1	0	0	1	0	0	0	0	0	0	0	0	1	0	0	0	1	0
Mp1g08740	neg	0	1	1	0	0	1	0	0	1	0	0	1	1	1	1	1	0	0	1	0	0	0	0	1	0	0	0	1	0	0	0	1
Mp1g08780	neg	1	0	0	1	0	0	0	0	1	0	0	1	1	1	0	1	0	0	0	0	0	0	0	1	0	0	1	0	0	0	1	1
Mp1g09390	neg	1	0	0	1	0	0	0	0	1	0	0	1	1	0	0	0	0	0	1	0	0	1	0	0	0	0	1	0	1	0	0	0
Mp1g09620	neg	1	0	0	1	0	1	0	0	1	0	0	1	0	0	0	0	1	0	1	0	0	0	0	1	1	0	1	1	0	1	1	0
Mp1g09790	neg	0	0	0	0	0	1	1	0	0	0	1	0	1	0	1	0	0	0	0	1	1	1	0	0	0	0	0	0	0	0	1	0
Mp1g10290	neg	0	0	0	1	0	0	0	0	0	0	1	0	0	0	1	0	0	1	1	0	0	0	0	0	1	0	0	1	0	1	0	0
Mp1g10300	neg	0	0	0	0	1	0	0	0	0	0	0	1	0	1	0	1	0	0	1	0	0	0	0	1	0	0	0	0	0	0	0	1
Mp1g10330	neg	0	1	1	0	1	0	1	1	1	0	1	0	1	0	0	0	1	0	1	0	1	0	0	0	1	0	1	1	0	0	1	0
Mp1g10440	neg	0	0	0	1	0	0	0	0	0	0	1	0	1	1	1	1	1	0	0	0	0	0	0	1	1	0	0	0	1	0	0	1
Mp1g10790	neg	0	0	0	1	0	0	0	0	1	0	1	0	1	1	1	1	0	0	1	0	0	1	0	0	0	0	1	1	0	0	0	0
Mp1g11210	neg	0	0	0	0	0	0	0	0	1	0	0	0	0	1	1	1	0	0	0	0	0	0	0	1	0	0	1	0	1	0	1	1
Mp1g11290	neg	1	0	0	1	0	1	1	0	0	0	1	0	1	0	0	0	1	1	1	0	0	1	0	0	0	0	0	1	0	1	1	0
Mp1g11300	neg	0	0	0	1	1	0	1	0	1	0	0	0	0	1	1	0	1	1	0	0	0	0	0	0	1	1	1	0	1	1	0	0
Mp1g11330	neg	1	1	0	0	0	1	0	0	0	0	1	1	1	1	1	1	1	0	0	0	0	1	0	0	0	0	0	1	0	1	0	0
Mp1g12020	neg	0	0	0	1	0	1	1	1	1	0	0	0	0	0	1	0	0	0	1	1	0	1	0	1	1	0	0	0	1	0	1	0
Mp1g12340	neg	1	0	0	0	0	1	1	0	1	1	1	0	0	0	1	0	1	1	0	0	0	0	0	1	1	0	0	1	0	0	1	1
Mp1g12450	neg	0	0	0	1	0	0	0	0	1	0	0	1	0	1	0	1	0	0	1	0	0	0	0	0	0	0	1	0	0	1	0	0
Mp1g12690	neg	1	0	0	1	0	1	0	0	1	0	0	0	1	1	1	1	0	1	1	0	0	0	0	1	0	0	0	0	0	0	1	1
Mp1g12750	neg	1	0	0	0	0	1	0	0	0	0	1	0	1	1	0	1	0	0	0	0	0	1	0	1	0	0	1	0	1	0	0	0
Mp1g13040	neg	1	0	0	1	0	0	1	1	1	0	0	0	0	0	0	1	1	1	1	0	0	0	0	1	1	0	0	0	1	0	0	0
Mp1g13230	neg	0	1	0	1	1	0	0	0	1	0	1	1	1	0	0	0	0	1	0	0	0	1	0	0	0	0	1	1	0	0	1	0
Mp1g13860	neg	1	1	0	0	1	0	0	0	0	0	0	1	0	1	0	0	1	1	0	1	0	0	0	0	0	0	1	1	1	1	1	0
Mp1g14410	neg	1	0	0	0	0	0	1	0	1	0	1	0	0	0	0	0	1	1	1	1	0	1	0	0	0	0	0	0	0	0	0	1
Mp1g14420	neg	1	0	0	0	0	0	0	0	0	0	1	1	1	0	1	0	1	0	1	0	0	0	0	0	1	0	1	1	0	1	1	0
Mp1g14620	neg	0	0	0	1	0	0	0	0	0	0	1	1	1	1	0	1	0	0	0	0	1	0	0	1	1	0	0	0	0	0	0	1
Mp1g14700	neg	1	0	0	0	1	1	0	0	0	0	1	1	1	1	0	0	0	0	0	0	0	1	0	0	1	0	1	1	1	1	0	0
Mp1g14710	neg	1	0	0	0	1	1	0	0	0	0	1	1	1	1	1	0	0	0	0	0	0	1	0	0	1	0	1	0	1	0	0	0
Mp1g14790	neg	0	0	0	1	0	0	0	0	0	0	0	1	0	1	1	0	1	1	0	0	0	1	0	0	1	0	1	0	0	1	0	0
Mp1g14990	neg	1	0	0	1	0	0	0	0	1	0	0	1	1	1	1	1	0	1	1	0	0	1	0	1	1	0	0	1	1	1	1	1
Mp1g15120	neg	0	0	0	1	0	0	0	0	1	0	0	1	1	1	1	1	0	0	0	0	0	1	0	1	0	0	1	1	0	0	0	0
Mp1g15160	neg	0	0	0	1	1	0	0	0	1	0	0	1	1	0	0	1	0	0	0	0	0	0	0	0	0	0	1	1	1	0	0	0
Mp1g15190	neg	0	0	0	1	0	0	0	0	0	0	0	0	0	1	0	1	0	1	0	0	1	0	0	1	0	0	0	1	0	0	0	0
Mp1g15630	neg	1	1	1	1	0	0	0	0	1	0	0	0	1	1	1	1	0	0	1	0	0	1	0	1	0	0	1	1	0	0	1	1
Mp1g15850	neg	0	0	0	0	0	0	0	0	1	0	0	0	1	1	0	1	0	1	1	0	0	0	0	0	0	0	1	0	0	1	0	1
Mp1g16350	neg	1	0	0	1	0	1	0	0	1	0	0	0	1	1	0	1	0	1	0	0	0	0	0	0	1	0	0	0	1	0	1	0
Mp1g16370	neg	0	0	0	1	0	1	1	1	1	0	0	1	0	0	1	0	0	1	1	0	0	0	0	0	1	0	0	0	0	1	1	0
Mp1g16410	neg	0	0	0	0	0	0	1	0	1	0	0	0	0	1	1	1	0	0	0	0	1	0	0	1	1	0	0	0	1	0	1	1
Mp1g17040	neg	0	0	0	0	0	1	1	1	1	0	1	1	0	0	1	1	0	1	0	0	0	0	0	1	1	0	1	1	0	1	0	0
Mp1g17060	neg	0	1	0	0	0	0	0	0	1	0	1	1	1	1	0	1	0	1	1	0	0	0	0	1	0	0	1	1	0	0	0	1
Mp1g17710	neg	1	0	0	0	0	1	1	0	0	0	1	0	1	1	0	1	1	0	1	0	0	0	0	0	1	0	1	1	0	0	0	1
Mp1g17760	neg	1	0	0	1	1	0	0	0	0	0	1	1	1	1	1	0	0	1	0	0	1	0	0	0	0	0	1	1	1	0	1	0
Mp1g18160	neg	0	0	0	0	0	1	1	1	1	0	0	0	0	1	0	1	0	1	1	1	0	0	0	0	0	0	1	0	0	0	1	0
Mp1g18450	neg	1	0	0	0	1	0	1	0	1	0	1	0	0	1	1	0	1	0	1	1	0	0	1	0	1	0	0	1	1	1	0	0
Mp1g18500	neg	0	0	0	1	0	0	0	0	1	0	0	0	0	1	1	0	0	1	1	0	0	1	0	0	1	0	1	0	1	0	0	0
Mp1g18520	neg	0	1	0	1	0	0	0	0	1	1	0	1	1	1	0	0	0	1	1	1	0	0	0	1	1	0	0	0	0	1	0	0
Mp1g18590	neg	0	0	0	0	0	0	1	0	1	0	0	1	1	1	0	1	0	1	1	0	0	0	0	0	1	0	1	1	0	0	1	0
Mp1g18830	neg	0	0	0	1	0	0	1	0	1	0	0	1	1	1	0	1	0	0	0	0	1	1	0	1	0	0	0	0	0	0	0	1
Mp1g18880	neg	0	0	0	0	1	0	0	0	1	0	0	0	0	1	0	1	0	0	0	0	0	0	0	1	0	0	1	1	0	1	0	1
Mp1g18940	neg	1	0	0	0	0	0	1	1	1	0	0	0	0	1	0	0	0	1	1	0	1	1	0	0	0	0	0	0	0	1	0	0
Mp1g19540	neg	1	0	0	0	0	1	1	0	1	0	0	0	1	1	1	0	0	1	1	1	0	0	0	1	1	0	1	0	1	1	0	0
Mp1g19560	neg	0	0	0	0	0	0	0	0	0	0	0	0	1	1	0	0	0	0	1	0	0	0	0	0	1	0	0	1	1	0	0	0
Mp1g19770	neg	0	0	0	1	0	0	1	0	0	0	0	1	1	0	0	1	0	0	1	0	0	1	0	1	0	0	0	0	1	0	0	0
Mp1g19920	neg	0	0	0	0	0	1	0	0	1	0	0	0	0	0	0	0	0	1	1	1	1	1	0	0	0	0	1	1	1	0	0	0
Mp1g20440	neg	0	1	0	1	1	0	0	0	1	0	1	0	0	0	0	1	0	1	0	0	0	0	0	1	0	0	1	0	0	1	0	0
Mp1g20460	neg	0	0	0	1	0	1	0	0	0	0	0	1	1	0	1	1	0	0	1	0	0	1	0	0	1	0	1	0	0	0	0	1
Mp1g20800	neg	1	1	1	1	0	0	1	0	0	0	0	1	1	1	1	1	0	1	0	0	0	0	0	1	1	0	1	0	0	1	0	0
Mp1g21360	neg	0	0	0	1	0	1	0	0	1	0	1	0	0	1	0	1	0	1	1	0	1	1	0	0	1	0	1	1	0	1	0	1
Mp1g21510	neg	0	1	1	1	0	0	0	0	0	0	0	1	1	0	0	1	0	0	0	0	0	1	0	1	1	0	1	0	0	1	0	1
Mp1g21620	neg	0	1	0	1	0	1	0	0	1	0	1	1	0	1	0	0	0	1	1	0	0	1	0	0	0	0	1	0	0	0	0	0
Mp1g23230	neg	1	0	0	1	0	1	0	0	0	0	1	1	0	1	1	0	0	0	0	0	0	1	0	0	0	0	1	1	0	1	0	0
Mp1g23400	neg	1	0	0	1	0	0	1	0	0	1	1	0	0	0	1	0	0	0	0	1	0	1	0	0	0	0	1	1	0	1	0	0
Mp1g23420	neg	1	0	0	1	0	0	1	0	0	0	0	0	1	0	1	0	0	1	0	1	0	1	0	1	0	0	1	1	0	0	0	1
Mp1g23530	neg	0	0	0	1	0	0	1	1	1	1	0	1	0	1	1	1	0	0	1	0	0	0	0	1	0	0	0	1	0	0	0	0
Mp1g23880	neg	1	0	0	0	0	1	0	0	1	0	0	0	0	1	1	0	0	1	1	0	1	1	0	1	0	0	0	0	0	0	0	0
Mp1g24460	neg	1	0	0	0	1	0	0	0	1	0	1	0	0	1	0	0	0	1	1	0	0	0	0	0	1	0	0	0	1	0	1	0
Mp1g24880	neg	0	0	0	0	0	0	1	1	1	0	1	0	1	1	0	1	1	1	0	1	0	0	0	1	1	0	0	0	0	0	1	0
Mp1g25400	neg	1	0	0	0	0	0	1	0	0	0	1	0	1	1	0	0	0	0	0	0	0	1	0	1	1	0	0	0	0	0	0	1
Mp1g25470	neg	1	0	0	1	0	1	1	1	0	0	0	1	1	1	0	1	1	0	1	0	0	1	0	0	0	0	0	0	1	0	1	0
Mp1g26090	neg	1	0	0	0	0	1	0	0	0	0	1	0	1	0	0	1	1	1	0	0	0	0	0	0	1	0	1	1	0	0	1	0
Mp1g26690	neg	0	1	0	0	0	0	0	0	1	1	0	1	1	1	0	0	0	0	1	0	0	1	0	0	0	0	1	0	0	1	0	0
Mp1g27250	neg	1	0	0	0	1	0	0	0	0	0	1	0	0	0	0	0	0	0	1	0	0	0	0	0	0	0	1	1	0	0	0	0
Mp1g27510	neg	0	0	0	1	0	0	0	0	1	0	1	1	0	0	0	0	0	1	1	0	0	0	0	0	1	0	1	0	0	1	0	0
Mp1g27810	neg	0	0	0	0	0	0	1	1	0	0	1	0	1	1	0	0	0	1	1	0	1	0	0	0	0	0	0	1	1	0	0	0
Mp1g28080	neg	0	0	0	0	1	1	1	0	1	0	0	0	1	1	1	0	0	0	1	0	1	0	0	0	0	0	1	0	0	1	1	0
Mp1g28650	neg	1	0	0	0	1	1	0	0	1	0	1	0	1	1	0	1	0	0	0	0	0	1	0	0	0	0	0	0	0	0	1	0
Mp1g29230	neg	0	0	0	1	0	0	0	0	0	0	0	1	1	0	1	1	0	0	0	0	0	0	0	1	0	0	0	0	1	1	1	1
Mp1g29250	neg	1	1	0	1	1	0	1	0	0	0	1	0	0	1	0	0	1	0	0	0	0	0	0	0	0	0	1	0	0	1	0	0
Mp1g29270	neg	1	0	0	1	1	0	1	0	1	0	0	1	1	1	1	0	0	0	0	0	0	0	0	0	1	0	1	1	0	1	1	0
Mp2g00080	neg	0	0	0	1	0	0	1	1	0	0	1	1	1	1	1	1	1	0	1	1	0	0	0	1	0	0	1	1	0	1	1	1
Mp2g00520	neg	1	0	0	0	0	1	1	0	0	1	0	1	1	1	1	0	0	1	1	0	0	0	0	1	1	0	1	0	0	0	0	1
Mp2g00540	neg	0	1	0	1	0	0	0	0	1	0	1	1	1	1	1	1	0	1	1	0	0	0	0	0	1	0	1	0	1	0	0	0
Mp2g00560	neg	1	0	0	1	0	1	0	0	1	0	0	0	1	0	1	0	1	1	0	1	0	1	0	1	1	0	1	1	1	0	1	1
Mp2g01270	neg	0	0	0	1	0	1	0	0	0	0	1	0	0	1	0	0	0	1	0	0	0	0	0	0	1	0	1	1	0	0	1	0
Mp2g01410	neg	0	0	0	1	0	0	0	0	0	0	1	1	1	0	0	1	0	0	0	0	0	0	0	1	0	0	0	0	0	0	1	0
Mp2g02160	neg	0	0	0	0	0	0	1	0	1	0	1	1	0	1	0	0	0	1	0	1	1	0	0	0	1	0	0	1	0	0	1	0
Mp2g02800	neg	0	1	0	0	0	0	0	0	0	0	0	1	0	0	1	0	0	0	1	0	0	0	0	0	0	0	1	0	1	1	1	0
Mp2g04340	neg	1	1	1	1	0	1	0	0	1	0	0	0	1	0	0	0	0	1	0	1	0	0	0	0	0	0	1	1	0	0	0	0
Mp2g05580	neg	1	0	0	1	0	0	1	0	1	0	0	0	0	0	1	1	0	1	1	0	0	0	0	0	1	0	1	1	1	1	0	0
Mp2g06230	neg	1	0	0	0	1	0	1	0	0	0	0	1	1	1	0	1	1	1	0	0	0	0	0	0	1	0	0	0	1	1	1	0
Mp2g06330	neg	1	0	0	0	0	1	0	0	1	0	1	1	1	1	0	0	0	0	0	1	0	1	0	0	1	0	0	1	1	1	0	0
Mp2g07200	neg	0	0	0	0	1	1	0	0	1	0	1	0	0	0	1	0	0	0	0	0	0	1	0	1	1	0	0	0	1	0	1	1
Mp2g07580	neg	1	0	0	1	0	0	1	1	1	0	0	1	1	1	1	1	1	1	1	1	0	0	0	1	1	0	1	0	0	0	0	1
Mp2g07650	neg	0	0	0	0	0	1	0	0	1	0	0	1	1	0	0	0	1	1	0	0	0	0	0	0	0	0	0	0	0	0	1	0
Mp2g07690	neg	1	0	0	1	0	0	1	0	1	0	1	0	0	1	0	0	0	0	1	0	1	0	0	0	0	0	1	0	0	1	0	0
Mp2g07850	neg	0	0	0	0	0	1	0	0	1	0	0	1	0	1	1	0	0	1	1	1	0	1	0	0	0	0	1	1	1	0	0	1
Mp2g07960	neg	1	0	0	0	0	1	0	0	1	0	1	0	0	0	1	0	1	0	0	0	0	0	0	1	1	0	1	1	0	1	1	0
Mp2g08010	neg	0	0	0	0	0	0	0	0	1	0	0	0	1	1	0	0	0	0	1	0	0	0	0	0	0	0	1	1	1	0	1	0
Mp2g08730	neg	0	0	0	1	0	0	1	0	1	0	0	0	0	1	1	0	0	0	1	0	0	0	0	0	0	0	0	0	0	0	1	0
Mp2g08790	neg	0	1	1	1	0	0	0	0	0	0	1	0	1	0	1	1	0	1	1	0	0	1	0	0	1	0	1	0	1	1	1	0
Mp2g08920	neg	0	0	0	0	0	1	0	0	1	0	0	0	0	0	0	0	0	0	1	0	1	1	0	1	1	0	1	1	0	1	1	0
Mp2g08950	neg	1	0	0	0	0	0	1	0	1	0	0	0	0	0	1	0	0	1	0	0	0	0	0	0	0	0	1	0	0	0	0	0
Mp2g08990	neg	1	0	0	0	0	0	1	0	0	0	0	1	1	1	1	0	1	0	1	0	0	0	0	1	0	0	1	0	0	0	1	0
Mp2g10140	neg	1	0	0	1	0	1	0	0	1	0	1	1	0	1	0	0	0	1	1	0	0	0	0	0	1	0	0	1	0	0	0	1
Mp2g11510	neg	1	0	0	0	0	0	1	1	1	0	0	1	1	1	0	1	1	0	0	0	0	0	0	0	0	0	1	1	0	0	0	0
Mp2g12030	neg	1	0	0	0	1	1	0	0	1	0	1	0	1	0	0	0	0	1	1	1	0	1	0	0	1	0	1	0	1	1	0	0
Mp2g12730	neg	0	1	0	0	0	1	1	0	1	0	1	1	0	0	1	0	0	1	1	0	0	1	0	0	0	0	0	0	0	0	1	0
Mp2g13420	neg	1	0	0	1	0	0	1	1	0	0	1	0	1	0	1	0	0	0	1	0	0	1	0	0	1	0	1	1	1	0	1	0
Mp2g13590	neg	0	0	0	1	0	0	1	1	0	0	1	1	1	0	1	1	0	0	1	0	0	1	0	1	1	0	1	0	1	1	1	1
Mp2g13650	neg	0	0	0	1	0	0	0	0	0	0	0	0	0	1	1	1	0	1	0	0	0	1	0	0	0	0	0	0	0	0	0	0
Mp2g13990	neg	1	0	0	0	1	0	0	0	1	0	0	0	1	1	0	1	0	1	0	1	0	1	0	1	1	0	0	0	0	1	1	0
Mp2g14130	neg	0	0	0	1	0	0	1	0	1	0	1	1	1	0	1	1	0	1	1	1	0	0	0	1	1	0	1	0	0	1	1	0
Mp2g14230	neg	1	0	0	1	1	0	1	1	0	0	0	1	1	1	1	0	1	0	1	0	0	0	0	1	0	0	0	1	0	1	1	1
Mp2g15450	neg	1	0	0	0	1	0	0	0	1	0	1	1	0	1	1	1	0	0	1	0	0	1	0	1	0	0	0	0	1	1	0	1
Mp2g15630	neg	0	0	0	1	0	0	0	0	0	0	0	1	1	1	1	0	0	1	1	0	0	0	0	0	1	0	1	1	1	1	0	1
Mp2g16080	neg	0	0	0	1	0	1	1	0	0	0	0	1	1	1	0	1	0	1	0	1	0	1	0	0	1	0	0	1	0	0	1	0
Mp2g16110	neg	1	0	0	1	1	0	0	0	0	0	0	1	1	1	0	0	0	1	1	0	0	1	0	1	1	0	1	1	0	1	1	1
Mp2g16570	neg	0	0	0	1	0	0	0	0	1	0	1	0	1	1	1	0	0	0	0	0	0	1	0	1	0	0	1	0	0	0	0	1
Mp2g18890	neg	1	0	0	0	0	1	0	0	1	0	1	1	1	0	1	1	0	0	0	0	0	0	0	1	0	0	1	1	0	0	1	0
Mp2g19100	neg	1	0	0	1	0	0	1	1	1	0	1	0	1	0	1	0	0	0	1	0	0	1	0	0	1	0	1	1	1	0	1	1
Mp2g19380	neg	0	0	0	1	0	0	1	1	0	0	0	1	0	1	1	1	0	1	0	0	1	1	0	1	0	0	0	0	0	0	0	0
Mp2g19530	neg	1	0	0	1	0	0	0	0	0	0	1	0	0	0	1	1	0	1	0	0	0	0	0	0	1	0	1	0	1	0	0	0
Mp2g20330	neg	1	0	0	0	0	0	0	0	1	0	0	1	1	1	1	0	0	0	0	1	0	0	0	1	0	0	0	1	1	0	1	0
Mp2g21550	neg	0	0	0	1	0	0	1	1	1	0	1	0	0	0	1	1	1	1	1	0	0	0	0	0	0	0	1	0	0	1	0	1
Mp2g22180	neg	0	0	0	1	0	0	0	0	0	0	0	1	1	0	0	1	0	1	1	0	0	0	0	0	0	0	1	0	1	0	1	1
Mp2g22520	neg	0	0	0	1	0	0	1	1	0	0	1	1	1	1	1	1	0	0	0	0	0	0	0	0	0	0	0	0	0	0	0	1
Mp2g22670	neg	1	0	0	1	0	0	1	0	1	0	1	1	1	1	1	1	1	0	0	0	1	0	0	0	1	0	1	1	1	1	1	0
Mp2g22810	neg	0	0	0	1	0	1	0	0	0	0	0	1	1	1	1	0	0	0	0	0	0	0	0	0	0	0	0	1	0	0	0	0
Mp2g23020	neg	0	0	0	0	0	0	0	0	0	0	0	1	1	1	0	0	0	0	1	1	0	0	0	0	0	0	1	0	0	0	0	1
Mp2g23110	neg	1	0	0	1	0	0	0	0	0	0	1	1	1	1	0	0	1	1	1	1	1	0	0	0	1	0	1	1	0	0	0	0
Mp2g23560	neg	1	0	0	1	0	1	1	1	0	0	0	0	1	1	1	1	0	0	1	0	0	0	0	0	0	0	0	1	0	1	1	1
Mp2g23810	neg	0	0	0	1	0	0	1	0	1	0	1	1	0	1	1	0	0	0	0	0	0	0	0	0	0	0	1	0	0	0	0	0
Mp2g23970	neg	1	0	0	1	0	0	0	0	1	0	1	1	1	0	0	1	0	1	0	0	0	0	0	1	1	0	1	1	0	1	0	0
Mp2g24040	neg	0	1	0	1	0	0	1	1	0	0	0	0	1	1	0	0	0	1	1	0	0	0	0	1	1	0	1	1	0	1	1	0
Mp2g24400	neg	0	0	0	1	0	1	0	0	1	0	0	1	1	1	0	1	0	1	0	0	0	0	0	1	0	0	1	1	0	0	1	0
Mp2g24450	neg	0	0	0	1	0	0	1	0	0	0	1	1	0	1	0	1	0	1	0	0	0	0	0	1	0	0	0	1	0	1	1	1
Mp2g24510	neg	1	0	0	0	0	1	0	0	1	0	0	0	0	0	0	0	1	0	0	0	1	0	0	0	0	0	1	0	0	0	0	0
Mp2g25220	neg	0	0	0	1	0	0	1	0	0	0	0	1	1	1	1	0	0	0	0	0	0	0	0	1	0	0	1	0	0	0	1	0
Mp2g25560	neg	1	0	0	1	1	0	0	0	1	0	0	0	1	1	0	0	0	1	1	0	0	0	0	1	0	0	1	1	1	1	1	0
Mp2g25870	neg	1	0	0	1	0	0	0	0	1	0	0	1	0	0	1	0	0	1	0	0	0	0	1	0	1	0	1	1	1	1	1	0
Mp2g26220	neg	0	1	0	0	0	1	1	0	0	0	1	1	1	0	1	1	0	0	1	0	0	1	0	0	1	0	0	1	1	0	0	0
Mp2g26730	neg	1	0	0	1	0	0	0	0	0	0	0	1	1	1	0	1	1	0	1	0	0	0	0	1	1	0	1	1	0	1	1	1
Mp3g00550	neg	1	1	0	1	1	0	1	0	1	0	0	1	1	1	1	1	1	1	1	0	0	0	0	0	1	0	0	1	1	0	1	0
Mp3g00600	neg	0	1	0	1	1	1	0	0	0	0	1	0	1	1	0	1	0	0	0	1	0	0	0	0	0	0	1	0	0	0	0	0
Mp3g00650	neg	0	0	0	1	0	1	1	0	0	0	0	0	1	0	0	1	0	0	0	0	0	1	0	1	0	0	1	0	0	0	0	0
Mp3g01040	neg	1	1	1	1	0	0	1	0	0	0	1	0	1	1	0	1	1	0	1	0	0	0	0	1	1	0	0	1	1	0	1	1
Mp3g01080	neg	1	0	0	0	1	0	0	0	1	1	1	1	0	1	0	1	0	1	0	1	0	0	0	0	1	0	0	0	0	0	0	0
Mp3g01230	neg	0	0	0	1	0	0	1	0	0	0	1	0	0	1	1	1	0	0	1	0	0	0	0	0	0	0	1	1	0	0	1	0
Mp3g02490	neg	1	0	0	1	0	0	0	0	0	0	0	1	0	0	1	1	1	0	1	0	0	0	0	1	1	0	1	0	0	0	1	0
Mp3g02570	neg	1	0	0	0	1	0	1	0	1	0	1	1	0	1	1	0	1	1	1	0	1	0	0	1	0	0	1	0	0	0	1	0
Mp3g03710	neg	1	0	0	1	0	0	0	0	0	0	0	0	0	1	0	1	0	1	0	0	0	0	0	1	0	0	0	0	1	1	0	0
Mp3g04100	neg	1	0	0	1	0	0	0	0	1	0	1	0	1	1	1	1	0	1	1	0	0	0	0	0	1	0	0	1	1	1	0	1
Mp3g04750	neg	1	0	0	0	0	1	0	0	1	1	0	0	1	1	1	0	1	1	1	0	0	0	0	0	1	0	1	1	0	1	1	0
Mp3g04800	neg	1	0	0	0	0	0	0	0	1	0	1	1	0	1	0	0	1	1	0	0	0	0	0	0	0	0	1	0	0	1	0	0
Mp3g06130	neg	1	0	0	1	1	0	1	0	1	0	1	0	1	0	1	1	0	0	0	0	0	0	0	0	1	0	1	1	0	0	1	0
Mp3g06940	neg	1	1	0	0	1	0	0	0	0	0	1	0	0	1	1	1	0	1	1	0	0	1	0	0	1	0	0	0	0	0	0	0
Mp3g07010	neg	0	0	0	0	0	0	0	0	1	0	0	0	1	1	1	1	0	0	1	0	0	0	0	1	0	0	1	1	0	1	1	1
Mp3g07040	neg	1	0	0	1	0	0	0	0	1	0	1	1	1	1	0	1	0	0	0	0	0	1	0	1	1	0	1	0	0	1	0	0
Mp3g07100	neg	0	0	0	1	0	0	0	0	0	0	0	1	1	1	0	0	0	0	0	1	1	0	0	0	1	0	0	1	0	1	0	0
Mp3g07480	neg	0	0	0	1	0	0	0	0	1	0	1	0	0	0	0	0	0	0	0	0	0	0	0	1	1	0	0	1	1	1	1	0
Mp3g07870	neg	0	0	0	0	0	0	1	0	1	0	0	1	1	0	1	1	1	0	1	0	0	1	0	0	0	0	1	0	0	1	1	0
Mp3g08120	neg	1	0	0	1	1	0	0	0	0	0	0	1	1	0	0	1	0	0	1	1	0	0	0	0	1	0	0	0	0	1	0	0
Mp3g08520	neg	1	0	0	0	0	1	0	0	0	1	0	0	1	0	1	1	0	1	1	0	0	0	0	1	1	0	1	1	0	1	1	1
Mp3g08890	neg	0	0	0	1	0	0	0	0	0	0	0	1	0	1	0	0	0	1	0	1	0	0	0	0	0	0	0	1	1	1	1	0
Mp3g09000	neg	0	0	0	0	0	0	0	0	0	0	1	0	1	0	1	0	0	0	1	0	0	0	0	0	1	0	0	1	0	0	0	0
Mp3g09070	neg	0	0	0	0	1	1	0	0	0	0	0	0	0	1	0	1	1	0	1	0	0	1	0	0	0	0	1	1	1	0	1	0
Mp3g09390	neg	1	0	0	0	0	0	0	0	0	0	0	1	0	1	1	0	0	0	0	0	0	0	0	1	0	0	1	1	0	1	1	1
Mp3g09460	neg	0	0	0	1	1	1	0	0	1	0	0	1	0	0	0	0	1	0	1	0	0	0	0	0	0	0	1	0	0	1	0	0
Mp3g09840	neg	0	0	0	0	0	1	1	0	1	0	0	1	1	0	0	1	0	1	1	0	0	0	1	0	1	0	1	0	1	0	0	0
Mp3g10030	neg	1	0	0	1	0	0	1	0	1	0	1	1	0	1	0	0	1	0	0	0	0	0	0	0	1	0	0	0	0	1	1	0
Mp3g10170	neg	0	0	0	1	1	0	0	0	1	0	0	0	1	0	1	1	1	0	1	0	0	0	0	0	1	0	1	0	0	1	1	0
Mp3g10540	neg	0	0	0	0	0	0	1	0	0	0	0	1	0	1	1	1	0	0	0	0	0	0	0	1	0	0	0	0	0	0	1	1
Mp3g11650	neg	1	0	0	1	0	1	0	0	1	0	0	1	0	0	0	0	0	0	0	1	1	1	0	1	0	0	1	0	0	0	0	0
Mp3g12050	neg	0	1	0	0	0	1	1	0	1	0	0	1	0	0	1	0	0	0	1	0	0	1	0	1	1	0	0	1	1	0	0	0
Mp3g12200	neg	0	0	0	0	0	0	0	0	1	0	1	0	0	1	1	0	0	1	1	0	0	1	0	1	1	0	1	0	1	1	0	0
Mp3g12590	neg	0	0	0	0	1	0	0	0	1	0	1	0	0	1	1	0	0	1	0	1	0	1	0	1	1	0	0	1	0	1	0	0
Mp3g12870	neg	0	0	0	1	0	0	1	0	1	0	1	1	1	1	1	1	1	0	0	0	0	0	0	0	1	0	1	0	0	1	1	0
Mp3g13360	neg	0	1	0	1	0	0	0	0	1	1	1	1	1	1	1	0	0	1	1	0	0	1	0	0	1	0	1	1	0	0	0	0
Mp3g14020	neg	0	0	0	1	1	0	0	0	1	1	0	1	1	1	0	1	0	0	0	0	0	0	0	0	0	0	0	0	1	0	0	1
Mp3g14160	neg	0	1	0	0	0	0	1	0	1	0	1	1	1	0	1	1	1	0	0	0	0	0	0	1	0	0	1	0	0	1	1	0
Mp3g15030	neg	1	0	0	0	0	1	0	0	0	0	1	0	0	0	1	1	0	1	1	0	1	1	0	1	0	0	0	1	0	1	0	0
Mp3g15130	neg	1	1	0	0	0	1	0	0	0	0	1	1	1	1	0	1	0	1	0	0	0	1	0	0	1	0	0	1	0	0	1	0
Mp3g15620	neg	1	0	0	1	0	0	1	0	0	0	1	1	1	1	1	1	1	1	1	1	0	0	0	0	1	0	1	1	0	0	0	1
Mp3g15900	neg	0	1	1	1	0	0	0	0	0	0	1	1	0	0	0	1	0	0	0	0	0	0	0	0	1	0	0	1	1	0	1	0
Mp3g16250	neg	0	0	0	0	0	1	0	0	1	0	0	1	0	1	0	0	0	1	0	0	0	0	0	0	0	0	1	0	0	1	0	0
Mp3g16920	neg	0	0	0	1	0	1	1	0	1	0	0	0	1	0	1	1	0	1	1	0	0	0	0	0	0	0	1	1	1	1	0	1
Mp3g17190	neg	0	0	0	0	0	0	1	0	0	0	1	0	1	1	1	1	0	1	1	0	1	0	0	1	0	0	0	0	1	0	0	1
Mp3g17410	neg	0	0	0	0	0	1	1	1	0	0	0	0	1	0	0	1	1	1	1	0	0	1	0	1	0	0	1	1	1	0	0	0
Mp3g17820	neg	0	0	0	0	0	0	0	0	0	1	0	1	0	1	1	1	0	1	1	0	0	0	0	0	0	0	0	0	0	0	0	1
Mp3g18250	neg	1	0	0	1	1	0	0	0	1	0	0	1	1	0	0	1	0	1	1	1	0	0	0	1	1	0	1	1	1	1	0	0
Mp3g19130	neg	0	1	0	0	0	0	1	1	1	0	0	0	1	1	0	1	0	1	1	0	0	0	0	0	1	0	1	0	0	0	1	0
Mp3g20500	neg	0	0	0	1	0	0	1	0	0	1	0	0	0	0	1	1	0	0	0	0	0	0	0	0	0	0	0	1	0	1	0	0
Mp3g20790	neg	0	0	0	0	0	0	1	1	0	0	1	1	1	0	1	1	1	0	1	1	0	0	0	1	1	0	1	1	0	1	0	0
Mp3g20850	neg	0	0	0	0	0	0	1	0	0	0	1	0	0	1	0	0	0	0	0	0	0	1	0	1	0	0	0	0	0	0	1	1
Mp3g22890	neg	0	0	0	0	0	0	0	0	0	0	0	0	0	0	0	0	0	0	1	0	0	0	0	1	1	0	0	1	0	1	1	1
Mp3g23100	neg	1	0	0	1	0	0	0	0	0	0	1	1	1	1	0	1	0	0	1	0	0	0	0	0	1	0	0	0	0	1	0	0
Mp3g23240	neg	0	0	0	0	0	0	1	1	0	0	0	1	1	0	0	1	0	1	0	0	0	0	0	1	1	0	0	0	0	0	0	1
Mp3g23580	neg	0	0	0	1	0	0	0	0	0	0	1	0	0	1	0	1	0	1	0	1	1	1	0	0	1	0	1	0	0	1	0	0
Mp3g23600	neg	0	0	0	1	0	1	0	0	0	0	0	1	0	0	0	0	0	0	0	0	0	0	0	1	1	0	0	1	1	1	1	1
Mp3g23950	neg	1	0	0	0	0	0	0	0	1	0	0	0	1	1	1	1	0	0	1	0	0	0	0	1	0	0	0	1	0	0	1	1
Mp3g24660	neg	0	0	0	0	0	0	0	0	0	0	0	1	1	1	1	1	0	0	1	0	0	0	0	0	1	0	1	1	0	0	1	0
Mp3g24890	neg	0	1	0	1	1	0	1	0	1	0	1	0	1	0	0	0	0	0	0	0	1	0	0	0	0	0	1	1	0	1	1	0
Mp3g24990	neg	0	0	0	1	0	0	1	0	1	0	1	0	1	1	0	0	0	1	0	1	0	0	0	0	0	0	1	1	1	0	1	0
Mp3g25280	neg	0	0	0	1	0	1	1	1	1	1	1	1	0	0	1	0	0	0	1	0	1	0	0	0	0	0	1	0	0	0	0	0
Mp4g00850	neg	0	0	0	1	0	0	1	0	0	0	1	1	1	1	1	0	1	1	0	0	1	0	0	1	1	0	1	0	0	0	0	1
Mp4g01040	neg	0	1	1	1	1	0	0	0	1	0	0	0	1	1	1	0	0	0	1	1	0	0	0	0	1	0	1	0	0	0	1	0
Mp4g01250	neg	0	0	0	1	0	0	0	0	0	0	1	1	1	1	1	1	0	1	1	0	0	1	0	1	0	0	1	0	0	0	1	1
Mp4g01270	neg	0	0	0	1	0	0	0	0	1	0	0	1	1	0	1	0	1	1	0	0	0	0	0	0	0	0	0	1	1	0	1	1
Mp4g01350	neg	1	0	0	1	0	0	0	0	1	0	0	0	0	1	1	0	0	1	0	1	0	0	0	1	0	0	1	1	1	0	0	0
Mp4g02350	neg	0	0	0	1	1	0	0	0	1	0	1	0	1	1	1	1	0	1	1	0	0	1	0	1	0	0	1	0	0	0	0	0
Mp4g02900	neg	1	0	0	0	0	0	1	1	1	0	0	0	1	1	1	1	0	1	0	0	0	1	0	0	0	0	0	1	0	1	1	1
Mp4g03450	neg	0	0	0	0	0	1	0	0	0	0	0	0	0	0	0	0	1	0	0	0	0	0	0	0	0	0	1	0	1	0	0	1
Mp4g03610	neg	1	1	1	1	0	0	0	0	1	0	0	0	0	1	0	0	0	1	0	0	0	1	0	1	0	0	1	0	1	0	1	0
Mp4g03720	neg	0	0	0	0	0	0	0	0	0	0	0	0	0	1	1	0	0	0	0	0	0	0	0	0	0	0	1	0	0	0	0	0
Mp4g04260	neg	0	0	0	1	0	0	1	0	1	0	0	1	1	1	1	1	0	0	1	0	0	0	0	0	0	0	0	1	1	0	0	1
Mp4g04390	neg	0	0	0	0	1	0	0	0	1	0	1	0	0	1	1	0	0	1	1	0	0	1	0	0	1	0	1	0	0	1	1	0
Mp4g04400	neg	1	0	0	0	0	0	0	0	0	0	0	1	1	1	0	1	0	1	0	0	0	0	0	0	1	0	1	0	0	1	0	0
Mp4g04550	neg	0	1	0	0	0	0	1	1	0	0	1	1	0	0	1	0	0	1	0	0	0	1	0	0	0	0	0	1	0	0	0	0
Mp4g04620	neg	1	0	0	1	0	0	0	0	1	0	0	1	0	1	1	0	1	0	1	1	0	1	0	1	1	0	1	0	1	0	1	0
Mp4g04710	neg	0	1	0	1	0	0	0	0	0	0	1	0	0	1	0	1	0	0	1	0	1	0	0	0	1	0	1	0	0	1	1	1
Mp4g05250	neg	0	1	0	1	0	0	0	0	0	1	0	1	0	1	0	1	0	0	0	0	0	0	0	1	0	0	0	0	0	0	1	0
Mp4g05380	neg	0	0	0	0	0	0	1	0	0	0	0	0	1	1	0	1	0	0	1	0	0	0	0	0	0	0	0	0	0	1	1	0
Mp4g05880	neg	0	0	0	0	0	0	1	0	1	0	1	1	1	1	0	1	0	1	1	0	0	0	0	0	1	0	1	0	0	1	1	0
Mp4g06110	neg	0	0	0	1	0	0	1	0	1	0	1	0	1	1	1	1	0	1	0	0	1	0	0	0	1	0	1	1	0	1	1	0
Mp4g07210	neg	1	0	0	1	0	0	1	0	0	0	1	1	1	1	1	0	0	0	0	0	0	0	0	1	1	0	0	1	1	1	0	1
Mp4g07940	neg	0	0	0	1	0	0	1	0	0	0	1	1	1	1	0	1	0	1	0	0	0	1	0	0	0	0	1	1	0	1	1	0
Mp4g08260	neg	0	0	0	1	1	0	0	0	0	0	0	1	0	1	0	1	0	0	1	0	0	0	0	0	1	0	1	0	0	0	1	0
Mp4g08930	neg	0	0	0	1	1	0	0	0	1	0	1	0	0	1	1	0	0	0	1	0	0	0	0	1	0	0	0	1	0	1	1	0
Mp4g09710	neg	1	0	0	1	0	0	1	1	0	0	0	0	1	1	1	1	1	0	1	0	0	0	0	0	0	0	0	1	1	1	0	0
Mp4g10100	neg	0	0	0	0	1	0	1	0	1	0	0	1	0	1	1	1	0	0	0	0	0	1	0	0	1	0	0	0	0	0	0	0
Mp4g10220	neg	0	0	0	0	0	0	1	0	0	0	0	0	1	1	1	0	0	0	1	0	0	0	0	0	1	0	1	0	0	0	0	0
Mp4g10240	neg	1	0	0	1	0	0	1	0	1	0	1	1	0	1	1	0	1	0	0	1	1	0	0	1	0	0	1	0	0	0	1	0
Mp4g11030	neg	1	0	0	1	0	0	0	0	0	0	0	0	0	0	0	1	0	1	1	0	0	0	0	0	1	0	1	0	0	1	0	0
Mp4g11560	neg	1	1	0	1	0	0	1	0	1	0	0	1	1	0	1	0	0	1	0	0	0	1	0	0	0	0	0	1	0	1	1	0
Mp4g12580	neg	0	0	0	1	1	0	1	0	0	0	1	1	1	0	0	1	0	1	0	0	0	0	0	0	0	0	0	0	0	1	0	0
Mp4g12650	neg	0	0	0	0	0	0	1	0	0	0	1	1	0	1	0	1	0	1	1	1	0	0	0	0	1	0	1	1	0	0	1	0
Mp4g12780	neg	1	0	0	1	1	0	1	0	0	0	1	0	0	1	1	1	0	0	0	1	0	0	0	0	0	0	0	0	0	1	1	0
Mp4g12910	neg	1	0	0	1	1	1	0	0	0	0	0	0	1	1	0	1	0	1	0	0	0	0	0	1	1	0	0	1	0	0	0	1
Mp4g13000	neg	0	0	0	0	0	0	1	0	0	0	0	0	0	1	0	0	0	0	1	0	0	1	0	0	1	0	1	1	1	0	1	0
Mp4g13140	neg	0	0	0	1	1	0	0	0	1	0	0	0	0	1	1	0	0	1	1	0	0	1	0	0	1	0	1	1	0	0	0	0
Mp4g13270	neg	1	1	1	0	0	0	1	0	1	0	0	1	0	1	0	1	1	0	0	1	0	0	0	0	0	0	0	1	0	1	1	1
Mp4g13740	neg	0	0	0	0	1	1	1	0	0	0	1	0	0	0	0	0	1	1	0	0	0	0	0	0	0	0	1	1	0	1	1	0
Mp4g13860	neg	0	0	0	0	1	0	1	0	1	0	0	0	0	1	1	1	0	1	0	0	0	0	0	0	1	0	1	1	0	0	1	0
Mp4g14000	neg	1	0	0	0	0	1	0	0	1	0	1	0	1	0	0	0	0	1	0	0	1	0	0	0	0	0	1	1	0	0	0	0
Mp4g14030	neg	1	0	0	1	0	0	1	0	1	0	0	0	0	0	1	0	0	0	0	0	0	0	0	0	0	0	1	1	1	0	0	1
Mp4g14050	neg	1	1	1	1	0	1	0	0	1	0	0	0	0	0	0	1	0	1	1	0	0	1	0	1	1	0	1	1	0	0	0	0
Mp4g14470	neg	0	0	0	1	0	1	0	0	1	0	1	1	1	1	1	1	0	0	1	0	0	0	0	1	1	0	1	1	0	0	1	0
Mp4g15150	neg	0	0	0	1	0	0	1	1	1	0	0	0	1	0	1	1	0	0	0	0	0	0	0	0	0	0	1	0	0	0	0	0
Mp4g15900	neg	0	0	0	1	0	1	0	0	1	0	0	0	1	1	0	0	0	1	0	0	0	1	0	0	1	0	1	1	0	0	0	0
Mp4g17010	neg	1	0	0	0	0	1	0	0	0	0	0	1	1	0	0	1	0	0	1	0	0	1	0	1	0	0	0	1	0	1	1	0
Mp4g17030	neg	1	0	0	1	0	0	0	0	0	0	1	1	1	1	1	1	1	1	0	0	0	1	0	1	1	0	1	1	1	1	0	0
Mp4g17040	neg	1	1	1	1	0	1	0	0	0	0	0	1	1	1	0	0	0	0	1	0	0	0	0	1	1	0	1	0	1	0	1	1
Mp4g18390	neg	1	0	0	1	0	1	0	0	1	0	1	1	0	1	0	0	0	1	1	1	0	1	0	0	0	0	1	0	0	0	1	1
Mp4g19270	neg	0	0	0	0	0	0	1	1	1	0	0	1	1	1	1	1	1	1	1	0	0	0	0	0	0	0	1	0	1	0	0	0
Mp4g19350	neg	1	0	0	0	0	0	1	0	0	0	1	1	0	0	0	0	1	0	1	0	0	0	0	0	1	0	1	1	1	1	0	0
Mp4g20550	neg	0	0	0	1	0	0	1	1	1	0	0	1	1	0	1	1	0	1	0	0	0	0	0	0	0	0	1	1	0	0	1	0
Mp4g20560	neg	0	0	0	1	1	0	1	0	1	0	0	0	1	0	1	1	1	0	0	0	0	0	0	1	1	0	0	1	0	1	1	1
Mp4g20830	neg	1	0	0	1	0	0	1	1	0	0	0	1	1	0	1	1	1	0	0	0	0	0	0	0	0	0	1	1	1	0	1	0
Mp4g21130	neg	1	1	0	0	1	0	0	0	1	0	1	1	1	0	0	0	0	1	0	1	0	0	0	0	1	0	0	0	0	0	1	1
Mp4g21390	neg	1	0	0	1	0	0	1	1	1	1	1	0	1	1	0	0	1	1	0	0	0	0	0	0	0	0	1	0	0	0	1	0
Mp4g21780	neg	0	0	0	0	0	0	1	0	1	0	0	1	0	1	1	1	1	0	1	0	0	1	0	0	1	0	1	1	0	1	1	0
Mp4g22030	neg	1	1	0	0	0	0	0	0	0	0	1	0	0	1	0	1	0	0	0	0	0	0	0	1	1	0	1	0	0	1	0	0
Mp4g22190	neg	0	0	0	0	0	1	0	0	1	0	0	1	0	0	0	1	0	0	0	0	0	1	0	0	1	0	1	0	1	1	0	0
Mp4g23300	neg	0	1	0	1	0	0	0	0	0	0	0	1	1	1	0	1	0	1	1	0	1	1	0	1	0	0	0	0	0	0	1	0
Mp4g23810	neg	1	0	0	1	0	0	1	0	0	0	0	1	1	1	0	1	1	1	0	1	0	1	0	0	0	0	1	1	1	1	0	0
Mp4g24100	neg	1	0	0	0	0	0	1	1	0	0	0	1	1	1	1	1	0	0	1	0	0	0	0	1	0	0	0	0	0	0	0	0
Mp5g00670	neg	0	1	0	0	0	1	1	0	0	1	1	0	0	0	0	0	0	1	0	1	0	0	0	1	1	0	0	0	0	1	1	1
Mp5g01420	neg	0	1	1	1	0	0	1	0	1	0	1	1	0	1	1	1	0	0	1	0	0	0	0	1	0	0	1	1	1	0	1	1
Mp5g03740	neg	1	0	0	1	0	0	0	0	1	0	0	1	1	1	1	1	0	0	0	1	0	1	0	1	0	0	1	0	0	0	1	0
Mp5g03840	neg	1	0	0	0	0	0	0	0	1	0	1	0	0	1	1	1	0	0	1	0	0	0	0	1	1	0	1	1	0	1	1	0
Mp5g03870	neg	0	0	0	0	1	1	0	0	1	0	0	1	1	0	0	1	0	0	0	1	0	0	0	0	1	0	1	1	1	0	0	0
Mp5g05250	neg	0	1	1	1	0	0	0	0	1	0	1	0	1	1	0	1	0	0	1	0	0	0	0	0	0	0	1	1	0	0	1	0
Mp5g05850	neg	0	0	0	1	0	0	0	0	1	0	1	0	0	0	1	0	1	0	0	0	0	1	0	0	1	0	1	1	1	1	0	0
Mp5g05920	neg	1	0	0	0	0	0	1	1	0	0	0	0	0	1	1	1	0	1	1	1	0	1	0	0	1	0	1	0	0	1	0	0
Mp5g05950	neg	0	0	0	0	0	0	1	0	0	0	0	1	1	1	1	0	0	1	1	0	0	0	0	0	0	0	1	1	0	0	1	1
Mp5g06160	neg	0	0	0	1	0	0	1	1	1	0	0	0	0	0	1	0	1	0	0	0	0	0	0	1	0	0	1	1	0	1	0	1
Mp5g06430	neg	1	0	0	0	0	0	0	0	0	0	0	0	0	1	1	1	0	0	0	0	0	0	0	0	0	0	0	0	1	0	1	0
Mp5g06770	neg	0	0	0	0	1	0	0	0	1	0	1	1	1	1	1	1	0	0	0	0	0	1	0	0	0	0	0	0	0	0	0	0
Mp5g07690	neg	0	1	0	1	1	0	1	0	1	0	0	1	1	1	1	0	0	0	0	1	0	1	0	1	1	0	1	0	0	1	1	1
Mp5g07770	neg	1	1	1	1	0	0	0	0	1	0	0	0	0	0	1	0	0	1	0	0	0	0	0	0	1	0	1	0	0	0	1	0
Mp5g08150	neg	0	0	0	1	0	0	0	0	1	0	0	1	1	0	1	0	0	0	0	0	1	0	0	0	1	0	1	0	0	0	1	0
Mp5g08280	neg	1	0	0	1	0	0	0	0	1	0	0	0	0	0	1	0	0	1	1	0	0	1	0	1	1	0	1	1	0	1	0	0
Mp5g08480	neg	1	1	0	0	0	0	0	0	1	0	1	0	0	1	0	1	0	1	1	0	0	1	0	0	1	0	1	0	0	1	0	0
Mp5g08510	neg	0	0	0	1	0	0	0	0	0	0	1	0	1	0	1	1	1	1	1	0	1	1	0	0	1	0	1	1	0	1	1	0
Mp5g09490	neg	1	0	0	0	0	0	0	0	1	0	0	0	1	1	0	1	0	1	0	0	1	0	0	1	0	0	0	0	0	0	0	0
Mp5g09980	neg	0	0	0	0	0	0	1	1	1	0	1	0	1	0	0	0	0	1	1	0	0	0	0	0	0	0	1	1	0	1	1	0
Mp5g10150	neg	1	0	0	1	0	0	1	1	0	0	1	1	1	1	0	1	0	0	0	0	0	0	0	0	1	0	0	1	0	1	1	0
Mp5g10330	neg	0	0	0	0	0	1	1	1	0	0	1	0	1	1	0	0	0	0	1	0	1	1	0	0	1	0	0	0	1	1	1	0
Mp5g11100	neg	0	0	0	0	0	0	0	0	0	0	0	0	1	1	1	0	0	0	0	0	0	1	0	1	1	0	1	0	0	1	0	0
Mp5g11590	neg	0	0	0	0	0	0	1	1	0	0	0	0	0	0	1	1	0	0	1	0	0	0	1	1	0	0	1	0	0	0	0	0
Mp5g11600	neg	0	1	0	0	1	0	1	0	0	0	1	0	0	1	1	1	0	1	1	1	0	0	0	1	0	0	1	0	0	1	1	0
Mp5g12620	neg	1	0	0	1	1	0	1	1	0	0	0	0	1	1	0	1	1	0	1	1	0	0	0	1	0	0	1	1	0	0	0	1
Mp5g12670	neg	1	0	0	1	0	0	0	0	0	0	1	1	0	0	1	1	0	0	0	0	0	0	0	0	1	0	1	0	0	1	0	0
Mp5g12790	neg	0	0	0	0	1	1	1	1	1	0	0	0	1	1	0	0	1	0	0	0	0	0	0	0	1	0	0	1	0	0	0	0
Mp5g13270	neg	1	0	0	1	0	0	0	0	0	0	0	1	0	1	1	1	0	1	1	0	0	0	0	0	1	0	0	1	0	1	0	0
Mp5g13500	neg	1	0	0	0	0	0	1	0	1	0	1	0	1	0	1	1	0	0	0	0	0	1	0	1	0	0	1	0	0	0	1	1
Mp5g13570	neg	0	0	0	0	0	0	1	0	1	0	1	0	1	1	1	1	0	1	1	0	0	0	0	0	1	0	0	1	0	1	0	0
Mp5g14610	neg	1	0	0	0	0	0	1	0	1	0	1	1	1	1	0	0	0	1	0	0	0	0	0	0	0	0	1	1	0	0	0	0
Mp5g14850	neg	0	0	0	0	0	0	0	0	1	0	1	1	0	0	0	1	0	1	1	0	0	0	0	1	1	0	1	0	0	0	0	0
Mp5g15020	neg	0	1	0	0	0	1	0	0	1	0	1	1	1	1	1	1	0	1	0	0	0	1	0	1	1	0	0	1	1	1	1	0
Mp5g15760	neg	0	1	0	0	0	0	0	0	0	0	0	1	0	1	1	1	0	1	1	0	0	1	0	0	0	0	0	0	1	0	0	0
Mp5g17680	neg	1	0	0	1	0	0	1	0	0	0	1	0	0	1	1	1	1	1	1	0	0	0	0	0	0	0	0	0	1	1	0	0
Mp5g17800	neg	1	1	0	1	0	0	1	0	1	0	0	1	1	1	1	0	0	1	0	0	0	0	0	0	1	0	1	0	0	1	1	0
Mp5g18800	neg	1	0	0	0	0	1	0	0	1	0	1	0	0	0	0	0	0	1	1	0	0	1	0	0	1	0	0	1	0	0	0	0
Mp5g18950	neg	0	1	1	1	0	0	0	0	0	0	0	1	1	1	1	0	0	0	0	1	0	0	0	0	1	0	1	0	0	1	0	0
Mp5g19280	neg	0	1	0	1	0	0	0	0	1	0	0	1	1	1	1	0	0	0	1	1	0	0	0	0	0	0	1	0	0	0	1	0
Mp5g20370	neg	0	0	0	1	0	1	0	0	0	0	0	0	1	1	1	1	0	0	1	1	0	1	0	0	0	0	1	0	0	0	1	1
Mp5g20550	neg	0	0	0	1	0	0	0	0	1	0	0	0	1	1	1	1	0	0	0	0	0	0	0	1	0	0	1	0	0	1	0	1
Mp5g20920	neg	1	0	0	0	0	0	0	0	1	0	0	0	0	1	0	0	0	0	1	0	0	0	0	1	1	0	1	0	0	1	0	1
Mp5g20960	neg	0	1	1	0	0	0	0	0	1	0	0	0	1	1	0	1	0	1	1	1	0	1	0	1	1	0	1	0	0	0	1	0
Mp5g21270	neg	0	0	0	1	0	1	0	0	0	0	1	1	0	1	0	1	0	0	1	0	0	1	1	0	0	0	1	0	1	0	1	0
Mp5g21320	neg	0	0	0	1	1	0	1	1	0	0	1	1	1	1	1	1	0	0	0	0	0	0	0	1	0	0	1	1	1	0	1	0
Mp5g21520	neg	0	0	0	1	0	0	0	0	0	0	0	1	1	0	0	0	0	0	0	0	0	0	0	0	0	0	1	1	1	1	0	0
Mp5g21990	neg	1	0	0	1	0	0	0	0	0	0	1	0	0	1	0	0	0	1	1	1	0	0	0	0	1	0	1	1	1	1	0	0
Mp5g22660	neg	0	0	0	1	0	0	1	0	0	0	0	1	0	1	0	0	0	0	1	0	0	1	0	0	1	0	0	1	0	0	0	0
Mp5g23530	neg	0	0	0	1	0	0	1	1	1	0	0	0	0	1	0	0	0	0	0	0	0	0	0	0	0	0	0	0	0	0	0	0
Mp5g23720	neg	0	0	0	0	1	0	0	0	0	0	1	1	1	1	1	0	0	0	0	0	0	0	0	0	1	0	1	0	0	1	1	0
Mp5g24520	neg	0	0	0	1	0	0	0	0	0	0	0	1	0	1	0	0	0	1	0	0	0	1	0	1	0	0	0	1	1	0	0	0
Mp6g00190	neg	0	0	0	1	0	0	0	0	0	0	0	1	0	1	1	0	0	0	0	0	0	0	0	0	0	0	1	1	0	0	0	0
Mp6g00260	neg	0	0	0	1	0	0	1	1	1	0	1	0	1	0	1	0	0	1	0	0	0	0	0	1	0	0	1	0	1	0	1	1
Mp6g01020	neg	1	0	0	0	0	0	0	0	1	0	0	1	1	0	1	0	0	0	0	0	0	0	0	1	0	0	1	1	0	0	1	1
Mp6g01480	neg	1	1	0	1	0	0	0	0	0	0	1	0	1	1	1	1	0	1	1	1	0	0	0	1	1	0	1	0	0	0	1	0
Mp6g01750	neg	1	0	0	1	0	0	0	0	1	0	1	1	0	1	1	1	0	1	0	0	0	1	0	0	1	0	0	1	0	0	1	0
Mp6g02090	neg	0	1	1	0	0	0	1	1	0	0	0	1	0	1	0	0	1	1	0	0	0	0	0	0	1	0	1	1	0	1	1	0
Mp6g02710	neg	1	0	0	1	0	0	0	0	0	0	0	0	1	1	1	1	1	1	1	0	0	0	0	0	1	0	1	0	1	1	1	1
Mp6g03580	neg	0	0	0	0	0	0	0	0	0	0	1	0	0	1	1	0	0	1	1	0	0	0	0	0	0	0	0	1	1	0	0	0
Mp6g04320	neg	0	0	0	0	0	0	0	0	0	0	0	0	1	1	1	0	0	1	0	0	0	0	0	1	1	0	1	1	0	0	0	0
Mp6g04570	neg	1	0	0	1	0	0	1	1	1	0	1	1	0	1	1	0	1	0	1	0	0	1	0	1	1	0	1	1	1	1	0	0
Mp6g05160	neg	0	0	0	1	0	0	0	0	1	0	0	0	1	1	1	1	1	1	0	0	0	0	0	0	0	0	1	0	0	0	0	0
Mp6g05290	neg	0	0	0	0	0	0	0	0	0	0	1	0	1	1	0	0	1	1	1	0	0	0	0	0	0	0	0	0	0	0	0	0
Mp6g05630	neg	0	0	0	1	0	0	1	0	0	0	0	1	1	0	1	1	1	1	0	0	0	0	0	1	0	0	0	1	0	0	0	0
Mp6g05780	neg	0	1	0	0	0	1	0	0	1	0	0	1	0	1	1	0	0	0	0	0	0	0	0	1	0	0	1	0	1	0	0	0
Mp6g05870	neg	0	1	1	1	0	0	0	0	1	0	1	0	0	0	1	0	0	1	1	1	0	1	0	0	1	0	0	1	0	1	1	0
Mp6g06040	neg	0	0	0	1	0	1	0	0	0	0	1	1	1	0	1	1	0	0	1	1	0	0	0	1	1	0	0	0	1	0	0	0
Mp6g06500	neg	0	1	0	0	0	0	0	0	1	0	1	0	0	1	1	0	0	1	0	0	0	0	0	1	0	0	0	1	0	0	1	1
Mp6g06650	neg	1	0	0	0	0	0	0	0	0	0	0	1	0	1	1	1	0	0	1	1	0	0	0	0	1	0	0	1	1	0	0	0
Mp6g06820	neg	0	0	0	1	0	0	0	0	0	0	1	1	1	1	0	1	0	0	0	0	0	0	0	0	1	0	1	1	0	1	1	0
Mp6g07180	neg	1	0	0	1	0	0	0	0	0	0	0	0	0	1	1	1	1	0	1	0	0	1	0	0	1	0	1	0	0	1	1	1
Mp6g07320	neg	0	1	0	1	0	1	0	0	1	0	1	1	1	1	0	1	0	0	1	0	0	1	0	0	1	0	0	1	1	1	0	0
Mp6g07650	neg	1	0	0	1	0	1	1	1	1	0	1	1	0	0	1	0	0	0	1	0	0	1	0	0	0	0	1	0	0	0	1	0
Mp6g07990	neg	1	1	0	0	0	0	1	1	0	0	0	1	0	1	1	0	0	1	0	0	0	0	0	0	0	0	0	0	1	0	1	0
Mp6g08130	neg	0	0	0	1	0	0	1	0	0	0	0	0	1	1	1	0	0	0	0	0	0	0	0	1	0	0	0	1	0	1	0	1
Mp6g09640	neg	0	0	0	0	0	1	1	0	1	0	0	0	1	1	0	1	1	1	1	1	0	0	0	1	0	0	0	1	1	0	1	1
Mp6g09660	neg	1	0	0	0	0	0	0	0	0	0	0	0	1	0	0	1	0	1	0	0	0	1	0	1	0	0	1	1	1	1	1	1
Mp6g09860	neg	0	0	0	0	0	0	1	0	1	0	1	1	1	0	0	1	1	1	1	0	1	0	1	0	0	0	1	1	0	0	0	0
Mp6g10260	neg	0	1	0	0	0	1	1	0	1	0	0	0	0	1	0	0	0	0	1	0	1	0	0	0	0	0	0	0	0	0	0	1
Mp6g10290	neg	0	0	0	1	0	1	0	0	1	0	0	0	1	0	1	1	0	1	0	0	1	0	0	1	0	0	1	0	0	0	1	0
Mp6g10490	neg	1	0	0	1	0	0	1	0	1	0	0	1	1	1	0	0	1	1	1	0	0	0	0	1	0	0	1	0	0	0	0	0
Mp6g10560	neg	0	0	0	0	0	0	0	0	1	0	0	1	0	0	1	0	1	0	1	0	0	0	0	1	1	0	1	0	1	1	0	0
Mp6g10910	neg	1	1	0	0	0	1	1	0	0	0	1	0	0	1	1	1	0	1	1	1	1	1	0	1	1	0	1	1	0	1	1	1
Mp6g11010	neg	0	0	0	0	0	0	0	0	1	0	1	1	0	0	0	1	0	0	1	0	0	0	0	1	1	0	0	0	0	1	1	1
Mp6g11170	neg	0	0	0	1	1	1	0	0	0	0	0	0	1	1	0	0	0	0	1	0	0	0	0	0	0	0	0	1	0	0	0	0
Mp6g12510	neg	1	0	0	1	0	1	0	0	0	0	1	0	1	1	0	0	0	0	0	0	0	0	0	1	0	0	0	1	1	0	1	0
Mp6g12530	neg	1	0	0	0	1	0	1	0	0	0	0	0	0	0	0	0	0	1	1	0	0	0	0	0	1	0	1	1	0	1	1	1
Mp6g13150	neg	0	0	0	1	1	0	0	0	1	0	0	0	0	1	1	1	0	1	0	1	0	1	0	0	0	0	1	0	1	0	0	0
Mp6g13250	neg	1	0	0	1	0	0	0	0	1	0	1	1	0	1	1	1	0	1	1	1	0	0	0	0	0	0	1	0	0	0	0	1
Mp6g13760	neg	0	0	0	0	1	1	1	0	1	0	1	0	1	0	0	1	0	0	0	0	0	1	0	0	1	0	1	1	1	1	0	0
Mp6g14590	neg	1	0	0	1	1	0	0	0	1	0	1	1	1	1	0	1	0	0	1	0	0	0	0	1	1	0	1	1	0	0	1	0
Mp6g14820	neg	0	1	1	1	0	0	0	0	1	0	0	0	1	1	1	0	0	0	1	0	0	0	0	1	0	0	0	1	1	0	1	1
Mp6g15040	neg	0	0	0	1	0	0	0	0	0	0	1	0	1	1	1	1	0	1	0	0	0	1	0	0	0	0	0	1	0	0	0	0
Mp6g15380	neg	0	0	0	0	0	1	0	0	1	0	0	0	0	1	0	0	1	1	0	0	0	0	0	0	0	0	0	1	0	0	0	0
Mp6g15430	neg	1	0	0	0	0	1	0	0	0	0	0	1	0	1	1	0	0	1	1	0	0	0	0	0	1	0	1	1	1	0	1	0
Mp6g15600	neg	0	0	0	0	0	0	1	1	1	0	0	1	1	1	0	0	0	0	0	0	0	0	0	1	1	0	1	0	0	1	1	0
Mp6g15630	neg	0	0	0	1	0	0	0	0	0	0	0	0	1	0	0	1	0	0	0	0	0	0	0	0	0	0	0	0	0	0	1	1
Mp6g15870	neg	0	0	0	1	0	0	0	0	0	0	0	1	1	1	0	0	1	1	0	0	0	0	0	0	1	0	1	1	0	0	1	0
Mp6g15910	neg	1	0	0	0	0	0	0	0	0	0	1	0	0	0	0	1	0	0	0	0	0	0	0	0	1	0	1	0	0	1	0	0
Mp6g16350	neg	1	1	1	0	0	0	1	0	1	0	0	1	1	1	1	1	0	1	0	0	0	0	0	0	1	0	1	0	1	1	0	0
Mp6g16990	neg	0	0	0	0	1	0	0	0	1	0	0	0	1	1	0	1	0	0	1	0	0	0	0	1	1	0	0	0	0	0	1	1
Mp6g17010	neg	0	0	0	0	0	1	0	0	0	0	1	1	0	0	0	1	0	1	1	1	0	1	0	0	0	0	1	1	0	0	0	0
Mp6g18120	neg	1	0	0	1	0	1	1	0	1	1	0	0	0	0	1	0	0	0	0	0	0	1	0	1	0	0	0	0	1	1	0	1
Mp6g19200	neg	0	0	0	1	0	0	1	0	1	0	0	1	1	1	1	1	0	0	0	1	0	0	0	0	0	0	1	0	0	1	0	0
Mp6g19430	neg	1	0	0	0	0	0	0	0	1	0	1	1	0	1	0	0	0	1	0	0	1	1	0	0	0	0	1	1	0	1	1	0
Mp6g20280	neg	1	0	0	1	0	1	0	0	0	0	1	0	0	1	0	0	0	1	0	0	0	1	0	0	1	0	1	1	0	0	0	0
Mp6g20330	neg	1	0	0	0	0	0	0	0	1	0	1	1	1	1	0	0	0	1	1	1	1	1	0	0	1	0	1	1	1	1	1	0
Mp6g20740	neg	0	0	0	0	0	0	0	0	1	0	1	0	0	1	0	0	0	1	1	0	1	0	0	0	0	0	0	1	0	0	1	0
Mp6g20830	neg	1	0	0	0	1	0	0	0	0	0	0	0	1	1	0	0	0	0	0	0	0	0	0	0	0	0	0	1	0	0	0	0
Mp6g21120	neg	1	1	1	0	0	0	0	0	1	0	0	0	0	0	1	1	0	0	0	0	0	1	0	1	1	0	1	1	0	1	1	1
Mp6g21300	neg	1	0	0	1	1	0	1	0	1	0	1	0	1	1	1	1	1	1	0	0	0	1	0	0	0	0	1	1	0	0	1	1
Mp6g21530	neg	1	1	1	1	0	0	0	0	0	0	0	0	1	1	1	0	1	0	1	0	0	0	0	0	1	0	1	0	0	1	0	0
Mp7g00070	neg	0	0	0	1	0	0	0	0	1	0	0	1	1	1	0	1	0	0	1	0	0	0	0	1	0	0	1	0	0	1	0	1
Mp7g00080	neg	0	0	0	1	0	0	0	0	0	0	0	0	1	0	1	1	0	0	1	0	0	0	0	0	0	0	0	0	0	0	0	1
Mp7g00140	neg	0	0	0	0	0	0	0	0	0	0	0	0	0	1	0	0	0	0	0	0	0	0	0	1	0	0	1	0	0	0	1	1
Mp7g00530	neg	0	1	0	1	0	0	0	0	0	0	1	1	0	0	1	0	0	1	1	0	0	1	0	0	1	0	1	1	0	0	0	0
Mp7g01210	neg	0	0	0	0	1	0	0	0	1	0	1	1	0	0	1	0	1	1	1	0	0	0	0	0	1	0	1	1	0	0	0	0
Mp7g02100	neg	1	0	0	0	0	0	0	0	1	0	0	0	1	1	0	0	0	0	1	0	0	0	0	0	1	0	1	1	1	1	1	0
Mp7g02190	neg	0	0	0	1	0	0	0	0	0	0	1	1	1	1	1	1	0	0	1	0	0	1	0	0	1	0	0	0	0	0	0	0
Mp7g02380	neg	1	1	0	0	0	0	1	0	1	0	0	1	1	1	0	1	1	0	1	0	0	0	0	0	1	0	0	1	0	0	0	0
Mp7g02660	neg	1	1	1	1	0	0	0	0	1	0	1	0	0	1	1	0	0	0	0	0	0	0	0	0	1	0	1	1	0	1	0	0
Mp7g02920	neg	0	0	0	0	0	0	0	0	0	0	1	0	1	0	1	0	0	1	0	0	0	0	0	1	1	0	0	1	0	0	1	1
Mp7g03570	neg	1	0	0	0	0	0	1	0	1	0	0	0	1	1	0	0	1	0	1	0	0	0	0	0	1	0	0	1	0	1	1	0
Mp7g03630	neg	1	0	0	0	1	0	1	0	0	0	1	0	0	1	1	0	0	1	1	1	0	0	0	0	0	0	1	0	0	0	1	0
Mp7g06390	neg	1	0	0	1	0	1	1	0	1	0	1	1	1	0	0	1	0	0	1	0	0	0	0	1	0	0	1	1	0	1	1	0
Mp7g07560	neg	0	0	0	0	0	0	0	0	1	0	0	1	0	1	1	0	0	1	1	1	0	1	0	0	0	0	1	1	1	1	1	0
Mp7g08470	neg	0	1	1	1	1	1	1	0	1	0	0	0	1	0	1	1	0	1	1	1	0	0	0	1	0	0	1	0	1	0	1	0
Mp7g08860	neg	1	0	0	1	0	0	0	0	1	1	1	1	1	0	0	0	0	0	1	0	0	1	0	0	0	0	1	1	0	1	0	0
Mp7g08950	neg	0	0	0	1	1	0	0	0	1	0	1	1	0	1	1	0	0	1	1	0	0	0	0	1	0	0	1	0	0	1	0	0
Mp7g09040	neg	0	0	0	0	0	1	0	0	0	0	1	1	0	1	0	0	0	1	1	0	0	0	0	0	0	0	1	1	0	0	1	0
Mp7g09120	neg	0	0	0	1	1	0	0	0	1	0	1	1	0	1	0	0	1	1	0	0	0	0	0	0	1	0	1	1	0	1	0	0
Mp7g09520	neg	1	0	0	1	0	0	0	0	1	0	1	0	1	0	1	0	0	1	0	0	0	1	0	0	0	0	0	0	1	1	1	1
Mp7g09620	neg	1	0	0	1	0	0	0	0	0	0	1	1	1	1	1	1	0	0	1	1	0	0	0	0	0	0	1	0	0	0	1	1
Mp7g10370	neg	1	0	0	0	0	0	1	0	0	0	1	0	0	0	0	1	0	1	1	0	0	1	0	0	0	0	1	1	1	0	1	0
Mp7g10380	neg	1	0	0	1	1	0	0	0	0	0	0	1	0	1	1	1	0	1	1	0	0	0	0	0	1	0	1	0	1	0	1	0
Mp7g11060	neg	1	0	0	1	0	1	0	0	1	0	0	0	1	1	0	0	0	0	0	0	0	0	0	0	1	0	0	0	0	0	0	0
Mp7g11720	neg	0	0	0	0	0	0	0	0	0	0	0	1	1	1	1	1	0	1	0	1	0	0	0	0	0	0	0	0	0	1	0	0
Mp7g12150	neg	1	0	0	0	0	0	1	1	1	0	0	0	0	0	1	0	1	0	1	0	0	1	0	0	1	0	0	1	0	1	0	0
Mp7g12190	neg	0	0	0	0	0	0	0	0	0	0	1	0	0	1	1	0	0	1	1	0	0	0	0	1	0	0	1	0	1	0	0	0
Mp7g12280	neg	1	0	0	1	0	0	0	0	1	0	1	0	1	1	0	1	0	0	0	0	0	1	0	0	1	0	0	1	0	0	1	0
Mp7g12370	neg	1	0	0	1	0	0	1	0	0	0	1	0	1	1	1	1	0	0	1	0	0	1	0	0	1	0	1	0	0	1	1	0
Mp7g14540	neg	0	0	0	0	0	1	0	0	1	0	0	0	0	1	1	0	0	0	0	0	0	1	1	1	0	0	0	1	0	1	1	1
Mp7g14590	neg	1	0	0	1	0	0	0	0	0	0	0	0	0	1	1	1	0	0	1	0	0	0	0	0	1	0	0	1	1	1	1	1
Mp7g14610	neg	0	0	0	1	0	1	0	0	1	0	1	1	1	1	0	1	0	1	0	0	0	0	0	1	1	0	0	0	1	0	0	1
Mp7g15230	neg	0	0	0	1	0	0	0	0	1	0	0	0	0	0	0	0	1	0	1	1	0	1	0	0	0	0	0	1	0	0	1	0
Mp7g15310	neg	1	0	0	1	1	0	0	0	0	0	0	1	1	0	0	1	0	0	0	0	1	0	0	0	1	0	1	1	0	0	1	0
Mp7g16550	neg	1	0	0	1	0	0	0	0	0	0	1	1	1	0	0	0	0	0	0	0	0	0	0	0	1	0	1	1	0	1	0	1
Mp7g16910	neg	0	0	0	0	0	1	1	0	0	0	0	1	0	0	1	1	0	0	0	1	0	0	0	0	0	0	0	1	1	0	0	0
Mp7g17330	neg	0	0	0	0	0	0	1	0	0	0	1	1	1	0	0	1	0	0	0	0	0	0	0	1	0	0	1	0	0	1	1	0
Mp7g18010	neg	0	0	0	0	0	0	1	0	0	0	0	1	1	1	1	1	0	0	1	0	0	0	0	0	0	0	1	1	0	0	1	1
Mp7g18020	neg	0	0	0	1	0	0	1	0	0	0	0	0	1	1	1	1	0	0	1	0	0	0	0	0	0	0	0	1	1	1	1	0
Mp7g18300	neg	0	0	0	1	0	1	1	1	0	0	1	1	1	1	1	1	1	0	1	0	0	1	0	1	0	0	1	1	0	1	1	1
Mp7g18350	neg	0	0	0	0	0	1	0	0	1	0	0	0	1	1	1	0	0	1	0	0	0	1	0	0	1	0	0	0	0	0	1	0
Mp8g00010	neg	1	0	0	0	1	0	0	0	1	0	1	0	1	1	0	1	0	1	0	0	0	1	0	0	1	0	1	0	0	0	0	0
Mp8g00070	neg	0	0	0	1	0	0	0	0	0	0	0	1	0	1	1	1	0	1	0	0	0	0	0	1	1	0	1	1	1	0	0	1
Mp8g01300	neg	0	0	0	1	0	0	0	0	1	0	0	0	1	1	1	1	0	0	1	0	0	1	0	1	1	0	1	0	1	0	1	1
Mp8g01590	neg	0	0	0	1	0	1	0	0	1	0	1	1	1	1	1	0	0	0	1	0	0	0	0	1	1	0	0	1	1	1	1	1
Mp8g01910	neg	0	0	0	0	0	1	0	0	1	0	1	0	1	0	1	1	0	0	1	0	0	0	0	1	1	0	0	1	0	1	0	1
Mp8g02620	neg	1	0	0	1	0	0	0	0	0	0	0	0	0	1	1	0	0	1	1	0	0	0	0	0	0	0	1	0	0	1	0	0
Mp8g03720	neg	1	0	0	1	0	0	1	0	0	0	1	1	1	1	1	0	0	0	1	0	0	0	0	0	0	0	0	1	1	0	1	0
Mp8g03740	neg	1	0	0	0	1	1	0	0	1	0	1	0	1	1	0	0	0	0	0	1	0	0	0	0	0	0	1	1	0	1	1	0
Mp8g03790	neg	0	0	0	0	1	0	0	0	1	0	1	0	1	0	1	0	0	0	0	0	0	0	0	0	1	1	1	1	0	1	1	0
Mp8g03860	neg	0	0	0	0	0	0	0	0	0	0	1	1	0	0	0	0	0	1	1	0	0	0	0	0	0	0	1	0	0	0	1	0
Mp8g04100	neg	1	0	0	0	0	0	0	0	1	0	1	1	0	1	1	0	0	1	1	1	0	0	0	1	1	0	1	1	1	0	1	0
Mp8g04560	neg	1	1	0	0	0	0	0	0	1	0	0	0	1	1	0	0	0	0	1	0	0	1	0	1	1	0	1	1	1	1	0	1
Mp8g05710	neg	1	1	0	0	0	0	0	0	1	0	0	0	0	0	1	1	0	1	1	0	0	0	0	0	1	0	1	1	0	1	0	0
Mp8g06250	neg	0	0	0	1	0	1	0	0	1	0	1	1	1	0	1	0	0	0	0	1	0	0	0	0	1	0	0	1	0	0	0	0
Mp8g06510	neg	1	1	1	0	0	0	0	0	1	0	0	0	1	1	1	1	1	1	1	0	0	0	0	1	0	0	0	1	0	0	0	0
Mp8g06950	neg	1	1	0	1	0	0	0	0	0	0	0	0	1	1	1	1	0	0	1	1	0	0	0	0	1	0	0	1	1	1	0	0
Mp8g07430	neg	1	0	0	0	1	0	1	1	0	0	0	1	0	1	0	0	1	0	0	0	0	1	0	0	0	0	0	1	1	0	1	0
Mp8g08350	neg	0	0	0	1	0	0	1	1	1	1	0	1	1	0	0	1	0	0	1	0	0	0	0	1	0	0	0	0	0	0	0	1
Mp8g08490	neg	0	0	0	0	0	0	0	0	0	1	1	1	1	1	0	1	0	1	0	0	0	0	0	0	0	0	0	1	0	1	0	0
Mp8g08800	neg	0	0	0	0	1	1	1	0	1	0	0	0	0	1	1	0	1	1	1	0	0	0	0	0	0	0	1	1	1	1	0	0
Mp8g10240	neg	0	0	0	0	0	0	0	0	1	0	1	1	1	1	1	1	0	1	1	0	0	0	0	1	0	0	1	0	0	0	0	1
Mp8g10280	neg	1	0	0	0	1	1	0	0	1	0	0	1	0	1	0	1	1	0	1	0	1	1	0	0	0	0	1	1	1	1	1	0
Mp8g11530	neg	1	0	0	0	0	0	0	0	0	0	1	1	1	1	1	1	0	0	1	1	0	0	0	1	0	0	0	0	1	0	1	0
Mp8g11640	neg	1	0	0	0	0	0	0	0	1	0	0	0	1	1	0	0	0	1	1	1	0	1	0	0	1	0	1	0	0	1	0	0
Mp8g12380	neg	0	0	0	1	0	0	1	1	1	0	0	1	1	1	0	1	0	0	1	1	0	0	0	0	1	0	1	0	0	0	0	0
Mp8g13280	neg	0	0	0	1	0	0	1	0	1	0	1	0	1	1	1	0	0	0	1	0	0	0	0	1	0	0	0	1	0	1	1	0
Mp8g13410	neg	0	0	0	1	0	1	0	0	1	0	1	0	0	1	1	1	0	1	1	0	0	1	0	0	1	0	1	1	1	1	1	0
Mp8g13800	neg	0	0	0	1	0	0	1	1	0	0	1	1	0	0	1	0	0	1	1	0	0	1	0	0	1	0	0	1	0	0	0	1
Mp8g13820	neg	1	0	0	1	1	1	0	0	0	0	1	0	1	1	0	0	0	0	1	1	0	1	0	0	1	0	1	0	1	0	1	0
Mp8g13860	neg	1	0	0	1	0	0	0	0	1	0	0	1	1	0	0	1	0	0	0	0	0	0	0	0	0	0	0	0	0	0	1	0
Mp8g14060	neg	1	0	0	1	0	0	0	0	0	0	0	1	1	1	0	1	1	0	0	0	0	0	0	0	0	0	0	1	0	0	0	1
Mp8g15260	neg	0	0	0	0	0	1	0	0	0	0	1	0	1	1	1	1	0	0	0	0	0	1	0	0	0	0	0	0	0	0	1	1
Mp8g15830	neg	0	0	0	1	0	1	1	1	1	0	1	1	1	1	1	0	1	0	0	0	0	1	0	0	0	0	1	1	1	0	1	0
Mp8g17600	neg	1	0	0	1	0	0	0	0	1	0	1	0	0	0	1	0	1	0	1	1	1	1	1	1	1	0	0	1	0	1	0	0
Mp8g18330	neg	0	0	0	1	1	1	0	0	0	0	1	1	1	1	1	1	0	0	0	1	0	0	0	0	0	0	1	1	0	0	0	0
Mp8g18400	neg	0	0	0	1	0	1	0	0	0	0	0	0	0	0	1	1	0	1	0	0	0	1	0	0	1	0	1	1	0	0	1	0
MpVg00230	neg	0	0	0	0	0	0	1	1	1	0	0	0	0	0	0	0	0	0	0	0	0	0	0	0	0	0	1	0	0	0	1	0
MpVg01150	neg	1	0	0	1	1	0	1	0	1	0	1	1	1	1	0	1	0	0	0	0	0	1	0	1	0	0	0	0	0	1	1	0
Mpzg00030	neg	0	0	0	1	0	0	0	0	1	0	0	1	0	1	1	1	0	1	1	0	0	0	0	1	1	0	1	1	0	1	0	1
