peak	Class	H2Aub	H2AZ	H3	H3K4me1	H3K4me3	H3K9ac	H3K9me1	H3K14ac	H3K27me1	H3K27me3	H3K36me3
chr1.264877.265288	pos	1	1	0	1	1	1	1	1	1	0	1
chr1.329934.331716	pos	1	1	0	1	1	0	0	1	0	0	1
chr1.566675.566992	pos	1	1	0	1	1	1	0	1	0	1	0
chr1.722607.722670	pos	0	1	0	1	0	0	1	1	0	0	0
chr1.771255.771371	pos	0	1	0	1	1	1	0	1	1	0	1
chr1.1153851.1154012	pos	0	1	0	1	1	0	0	1	0	0	1
chr1.1368630.1368746	pos	1	1	0	1	1	0	1	0	0	1	0
chr1.2053525.2053757	pos	1	1	0	0	1	1	0	0	0	0	0
chr1.2145637.2145754	pos	0	1	0	1	1	1	1	1	1	0	1
chr1.2228640.2228742	pos	0	1	1	1	1	1	0	1	0	0	1
chr1.2300496.2300644	pos	0	1	0	1	1	1	1	1	0	0	1
chr1.2538927.2539661	pos	0	0	0	1	0	1	0	1	0	0	1
chr1.2687040.2687226	pos	0	0	0	1	0	0	0	1	0	0	1
chr1.3220108.3220415	pos	1	1	0	1	1	1	0	1	0	0	1
chr1.3381286.3382265	pos	0	1	0	1	1	1	1	1	0	0	1
chr1.3528816.3528988	pos	0	1	0	1	1	1	1	1	1	0	1
chr1.3925828.3926064	pos	1	1	0	1	1	0	0	1	0	0	1
chr1.3947385.3947512	pos	0	1	1	1	1	1	1	1	0	0	1
chr1.4437633.4438338	pos	0	0	1	1	0	0	1	1	0	0	1
chr1.4645838.4646067	pos	0	1	0	1	1	0	1	1	0	0	1
chr1.4746356.4746513	pos	0	1	0	1	0	1	1	0	0	0	1
chr1.4993688.4994073	pos	1	1	0	0	1	1	1	0	0	1	1
chr1.5067072.5067176	pos	0	1	0	1	1	1	1	1	1	0	1
chr1.5432261.5432408	pos	0	1	1	1	1	1	0	1	0	0	1
chr1.5667711.5668039	pos	1	1	0	1	1	0	1	1	1	0	1
chr1.6006796.6007073	pos	0	1	0	1	0	0	0	1	0	0	1
chr1.6022409.6022629	pos	1	1	0	1	1	1	1	1	0	0	1
chr1.6080725.6081454	pos	1	1	0	1	1	0	0	1	0	0	0
chr1.6099798.6099978	pos	1	1	0	1	1	1	0	1	1	0	0
chr1.6212503.6213041	pos	0	1	1	1	1	0	1	1	1	0	1
chr1.6735901.6736316	pos	0	1	0	1	0	1	1	1	1	0	1
chr1.6776289.6776389	pos	1	1	0	0	1	0	0	0	0	0	0
chr1.6806212.6806679	pos	0	1	1	1	1	0	1	1	0	0	1
chr1.7013485.7013554	pos	0	1	0	1	0	1	1	0	0	0	1
chr1.7627297.7627917	pos	0	0	1	1	0	0	0	0	0	0	1
chr1.8217239.8217463	pos	0	0	1	1	0	1	0	0	0	0	1
chr1.8644549.8644904	pos	0	1	0	1	1	1	0	1	0	0	1
chr1.8850073.8850383	pos	0	1	1	1	1	1	1	1	1	0	1
chr1.9400758.9400878	pos	0	0	0	1	1	1	0	1	0	0	1
chr1.9497962.9498127	pos	0	1	1	1	0	0	1	0	1	0	0
chr1.9682865.9683052	pos	0	1	0	1	1	1	0	1	0	0	1
chr1.9868489.9868612	pos	1	1	0	0	1	1	0	1	0	0	1
chr1.10635117.10636073	pos	0	0	0	1	0	0	1	1	0	0	1
chr1.10804754.10805685	pos	1	1	0	1	1	1	0	1	0	0	1
chr1.10829821.10830034	pos	0	1	0	0	0	0	1	0	0	0	1
chr1.10869485.10869731	pos	0	1	1	1	1	0	0	1	0	0	1
chr1.10968810.10969645	pos	0	1	0	1	1	1	0	1	0	0	1
chr1.11273180.11273831	pos	0	1	1	1	1	1	1	1	0	0	1
chr1.11455264.11455737	pos	1	1	0	1	1	1	0	1	0	0	1
chr1.11479744.11480054	pos	1	1	0	1	1	0	0	1	0	0	0
chr1.11494309.11494499	pos	0	1	1	1	0	0	1	1	1	0	0
chr1.11745793.11745923	pos	1	1	0	1	1	1	1	1	1	0	0
chr1.11828215.11828410	pos	0	0	1	0	0	0	1	0	1	0	0
chr1.11941035.11941163	pos	0	0	0	0	1	1	0	0	0	0	1
chr1.12401126.12401330	pos	0	1	0	1	0	1	1	1	1	0	1
chr1.12538693.12538805	pos	0	1	0	1	1	1	0	1	0	0	1
chr1.12707289.12708205	pos	1	0	1	0	1	1	0	1	0	0	1
chr1.13072835.13073075	pos	0	1	0	1	1	1	0	1	1	0	1
chr1.13089851.13090215	pos	0	0	1	1	1	1	0	1	0	0	1
chr1.13090344.13090410	pos	0	1	1	1	1	1	1	1	0	0	1
chr1.13101990.13102059	pos	0	0	0	1	0	1	0	0	0	0	1
chr1.13117843.13118164	pos	1	1	0	0	1	0	1	1	1	0	1
chr1.13126517.13126828	pos	0	1	0	1	1	0	1	1	0	0	1
chr1.13159584.13159777	pos	0	0	0	1	0	0	0	0	0	0	1
chr1.13160062.13161101	pos	0	1	1	1	1	1	1	1	1	0	1
chr1.13301650.13301827	pos	0	1	1	1	1	1	1	1	1	0	1
chr1.13691466.13691541	pos	0	0	0	0	0	0	1	0	1	0	0
chr1.13857811.13857987	pos	1	1	0	0	1	1	0	1	0	0	1
chr1.14204453.14204520	pos	0	0	0	0	0	0	1	0	1	0	0
chr1.15123997.15124370	pos	0	0	1	1	0	0	1	0	0	0	1
chr1.15460453.15460939	pos	0	1	0	1	1	1	1	1	0	0	1
chr1.15697331.15697732	pos	1	1	0	1	1	1	1	1	0	1	1
chr1.16206295.16206444	pos	0	1	0	0	0	0	1	0	1	0	0
chr1.16249737.16249882	pos	0	1	1	1	0	0	1	1	0	0	1
chr1.16309153.16309274	pos	0	1	0	1	1	1	1	1	1	0	1
chr1.16485790.16486371	pos	1	1	0	1	1	1	0	1	0	0	1
chr1.16666802.16668493	pos	0	0	0	1	1	1	1	1	0	0	1
chr1.16691395.16691697	pos	1	0	1	1	1	1	0	1	0	0	1
chr1.16723392.16723970	pos	0	1	1	1	1	0	1	1	1	0	1
chr1.17120930.17121069	pos	0	1	1	1	1	0	1	1	1	0	1
chr1.17517064.17517322	pos	0	1	0	1	1	1	1	1	0	0	1
chr1.17804973.17805084	pos	1	1	0	1	1	1	1	1	1	0	1
chr1.18119831.18121789	pos	0	1	0	1	1	0	1	1	1	0	1
chr1.18465846.18466006	pos	0	1	0	1	0	0	1	0	0	0	1
chr1.18505704.18505866	pos	1	0	0	0	1	0	0	0	0	1	0
chr1.18736812.18736929	pos	1	1	0	1	1	1	0	1	0	0	1
chr1.18929578.18929854	pos	0	0	0	0	1	1	0	1	0	0	1
chr1.19040496.19040671	pos	0	0	0	1	0	1	1	1	0	0	1
chr1.19040798.19040959	pos	0	1	0	1	0	1	1	1	0	0	1
chr1.19755271.19755578	pos	0	1	1	1	0	1	1	1	1	0	1
chr1.20142436.20144519	pos	1	1	0	1	1	1	0	1	0	0	1
chr1.20154536.20154807	pos	0	1	0	1	1	0	0	1	0	0	1
chr1.20191269.20191421	pos	0	1	1	0	0	0	1	1	1	0	0
chr1.21283024.21283239	pos	0	1	0	1	1	1	1	1	0	0	1
chr1.21291257.21291674	pos	0	1	0	1	1	1	1	1	0	0	1
chr1.21291786.21292042	pos	0	1	0	1	1	0	0	1	0	0	1
chr1.21728182.21728290	pos	1	1	0	1	1	1	0	1	1	0	1
chr1.21973599.21973688	pos	0	1	0	1	1	0	1	1	0	0	1
chr1.22090197.22090367	pos	1	1	0	0	1	0	0	1	1	0	0
chr1.22117085.22117249	pos	0	0	0	1	1	0	0	1	0	0	1
chr1.22117417.22118550	pos	0	1	0	1	1	1	1	1	1	0	1
chr1.22214256.22214466	pos	1	1	0	1	1	1	1	1	1	0	1
chr1.22629701.22629919	pos	0	1	0	0	0	0	1	0	1	0	0
chr1.23778093.23778177	pos	0	0	0	0	0	0	1	0	1	0	0
chr1.24142966.24143081	pos	1	1	0	1	0	0	0	1	0	0	0
chr1.24321482.24321671	pos	0	0	1	1	0	1	0	0	0	0	1
chr1.24497401.24497648	pos	0	1	1	1	1	1	1	1	1	0	1
chr1.24545906.24546740	pos	1	1	0	1	1	0	1	1	1	0	0
chr1.25092066.25092305	pos	0	1	1	1	1	1	0	1	0	0	1
chr1.25092471.25093237	pos	0	1	1	1	1	0	0	1	1	0	1
chr1.25164521.25164633	pos	0	1	0	1	1	1	1	0	0	0	1
chr1.25202679.25202962	pos	0	1	0	1	1	1	1	1	1	0	1
chr1.25203038.25203276	pos	0	1	0	1	1	1	1	1	1	0	1
chr1.25877048.25878323	pos	0	1	1	1	1	1	1	1	1	0	1
chr1.25922879.25923160	pos	0	1	0	1	1	0	0	1	0	0	1
chr1.25978613.25979203	pos	1	1	0	1	1	1	0	1	0	0	1
chr1.26589070.26589286	pos	0	0	0	0	0	0	1	0	0	0	0
chr1.26890551.26890723	pos	0	1	0	1	0	1	1	0	0	0	1
chr1.27078100.27078874	pos	0	1	1	1	1	1	1	1	1	0	1
chr1.27092686.27093520	pos	0	1	1	1	1	1	1	1	0	0	1
chr1.27093661.27093809	pos	0	1	1	1	1	1	1	1	1	0	1
chr1.27105369.27105504	pos	0	1	1	1	1	0	1	1	1	1	1
chr1.27522120.27522397	pos	0	0	0	1	1	1	0	1	1	0	1
chr1.27892578.27893106	pos	1	1	1	0	1	0	0	0	0	1	0
chr1.28045481.28046728	pos	1	0	1	1	1	0	0	1	0	0	1
chr1.28046818.28046939	pos	0	0	0	1	1	0	0	1	0	0	1
chr1.28086159.28086310	pos	0	0	0	1	0	1	0	1	0	0	1
chr1.28115639.28116663	pos	1	1	1	1	1	1	0	1	0	0	1
chr1.28161927.28162260	pos	0	1	0	0	0	1	1	1	0	0	0
chr1.28395422.28395547	pos	1	1	0	1	1	1	0	1	0	1	0
chr1.28441521.28441639	pos	0	0	0	0	0	0	1	0	1	1	0
chr1.28451280.28451399	pos	0	1	1	1	0	0	1	0	0	1	1
chr1.28532070.28532194	pos	0	1	0	1	0	0	0	1	0	0	0
chr1.28998441.28998600	pos	0	1	1	1	0	0	1	0	1	1	1
chr1.29007884.29008064	pos	0	1	1	1	0	1	1	1	1	0	1
chr1.29202587.29202806	pos	0	1	1	1	1	1	1	1	1	0	1
chr1.29355615.29355847	pos	0	1	1	1	1	0	1	1	0	1	1
chr1.29577415.29577607	pos	0	1	0	1	0	0	1	1	1	0	1
chr1.30180466.30180667	pos	0	1	0	1	1	0	1	1	1	0	1
chr2.22852.22953	pos	0	0	0	0	0	0	1	0	1	0	0
chr2.667079.667220	pos	0	1	1	1	0	1	1	1	1	0	0
chr2.793258.793526	pos	1	1	0	1	1	0	1	1	1	1	0
chr2.1012718.1012846	pos	0	0	0	0	0	0	1	0	1	0	0
chr2.1017364.1017541	pos	0	1	0	1	1	1	1	1	1	0	1
chr2.1018007.1018488	pos	0	1	0	1	1	1	1	1	1	0	1
chr2.1018660.1018974	pos	0	0	0	1	1	0	0	0	0	0	1
chr2.1097664.1097902	pos	1	1	1	1	0	0	1	0	1	0	0
chr2.1308159.1308407	pos	0	1	0	1	0	0	1	1	0	0	1
chr2.1371846.1372148	pos	0	0	0	0	0	0	1	0	1	0	0
chr2.1481219.1481434	pos	0	1	0	1	1	0	1	1	1	0	1
chr2.1500235.1500640	pos	1	1	0	1	1	1	1	1	1	1	1
chr2.2349903.2350185	pos	0	1	1	1	1	1	0	0	0	0	1
chr2.2409232.2409593	pos	0	1	0	1	0	0	1	1	0	0	1
chr2.2436589.2436786	pos	1	1	1	1	1	0	1	1	1	0	0
chr2.3009433.3011935	pos	1	1	1	1	1	1	1	1	1	0	0
chr2.3460129.3460304	pos	0	1	0	1	0	1	0	1	0	0	1
chr2.3586971.3587091	pos	0	1	1	0	0	1	1	1	1	0	0
chr2.4166563.4166704	pos	0	1	0	1	0	0	1	1	0	0	0
chr2.4167013.4167688	pos	0	1	0	1	0	0	0	1	0	0	0
chr2.4207007.4207113	pos	1	1	0	0	1	1	0	1	0	0	0
chr2.4229490.4229821	pos	1	1	1	1	1	1	1	1	0	0	1
chr2.4230039.4230220	pos	1	1	0	1	1	1	0	1	0	0	1
chr2.4233148.4233246	pos	1	1	0	1	1	1	1	1	0	0	1
chr2.4603324.4603675	pos	1	1	0	1	1	0	0	1	0	0	0
chr2.4890704.4890941	pos	0	1	1	1	1	1	1	1	0	0	1
chr2.5112407.5114922	pos	0	1	0	1	1	0	0	1	0	0	1
chr2.5444162.5444299	pos	0	1	1	1	1	0	0	1	1	0	1
chr2.5713514.5713761	pos	1	1	0	1	0	0	1	1	0	1	0
chr2.5719535.5719828	pos	0	1	0	1	1	0	1	1	0	1	1
chr2.6239106.6239388	pos	0	1	1	1	1	0	0	1	0	0	1
chr2.6404632.6404741	pos	0	0	0	1	0	0	0	0	0	0	1
chr2.6404923.6405052	pos	0	0	0	1	0	0	1	0	0	0	1
chr2.6622442.6622548	pos	0	1	1	1	0	1	1	0	0	1	0
chr2.6698503.6698895	pos	1	1	1	1	1	1	1	1	1	0	1
chr2.6725705.6725934	pos	1	1	1	1	1	0	0	1	0	1	0
chr2.6884567.6884850	pos	1	1	0	1	1	0	1	1	1	1	0
chr2.7224332.7224458	pos	0	1	0	1	1	1	1	1	0	0	1
chr2.7224630.7225205	pos	0	1	0	1	1	1	1	1	0	0	1
chr2.7797329.7797398	pos	0	1	0	0	0	0	1	0	0	1	0
chr2.7870525.7870595	pos	1	1	0	0	1	1	0	0	0	1	0
chr2.7968167.7968407	pos	1	1	1	1	1	1	1	1	1	1	1
chr2.7968561.7968696	pos	1	1	1	1	1	1	1	1	1	1	1
chr2.8097928.8098783	pos	0	1	0	1	1	1	0	1	0	0	1
chr2.8202465.8202907	pos	0	1	0	0	0	0	1	0	1	0	0
chr2.8257504.8257631	pos	1	1	0	0	0	0	1	1	1	0	0
chr2.8263572.8263682	pos	0	1	0	1	1	0	1	0	0	0	1
chr2.8278001.8278540	pos	0	1	0	1	1	0	0	1	0	0	1
chr2.8307340.8307631	pos	0	1	0	1	1	1	1	1	1	0	1
chr2.8369772.8369904	pos	0	1	0	1	0	0	1	1	0	0	1
chr2.8454564.8454888	pos	0	1	0	0	1	0	1	1	1	0	0
chr2.8752107.8752900	pos	0	1	0	0	1	1	0	1	0	0	1
chr2.9154962.9155268	pos	0	1	1	1	1	1	1	1	1	0	0
chr2.9376741.9376950	pos	0	1	0	0	1	1	0	1	0	0	1
chr2.9528684.9528873	pos	0	1	0	1	1	1	1	1	1	0	1
chr2.9537106.9537566	pos	0	0	1	1	1	1	0	1	0	0	1
chr2.9915564.9915740	pos	0	1	1	1	1	1	1	1	0	1	1
chr2.10214617.10214832	pos	1	1	0	1	1	1	0	1	0	0	1
chr2.10300900.10301101	pos	0	1	1	1	1	1	1	1	1	1	1
chr2.10423691.10424027	pos	1	1	0	0	1	0	1	0	0	0	1
chr2.10510041.10510542	pos	0	1	1	1	1	1	1	1	0	0	1
chr2.10521895.10521999	pos	0	0	0	1	1	0	0	0	0	0	1
chr2.10525456.10525868	pos	0	1	0	1	0	0	1	0	0	1	0
chr2.10955809.10956114	pos	1	1	0	0	1	0	1	1	1	0	0
chr2.11083137.11083433	pos	0	1	0	1	1	1	1	1	1	0	1
chr2.11100177.11100340	pos	0	1	0	1	0	0	1	1	0	0	1
chr2.11302306.11302432	pos	1	1	1	1	1	0	0	1	0	0	1
chr2.12091128.12091303	pos	1	1	0	1	1	1	0	1	0	0	0
chr2.12142383.12142508	pos	1	1	1	1	1	0	0	1	1	0	0
chr2.12379346.12379522	pos	0	1	1	1	0	0	1	0	1	1	0
chr2.13199897.13200068	pos	0	0	1	1	1	0	0	1	0	0	1
chr2.13424300.13424514	pos	0	1	0	1	1	1	1	1	1	0	1
chr2.13753553.13754508	pos	0	1	1	1	1	1	1	1	1	0	1
chr2.13771625.13771940	pos	0	1	1	1	0	0	1	1	1	0	0
chr2.13791577.13791793	pos	0	1	0	0	0	0	1	1	1	0	0
chr2.13869915.13870297	pos	0	1	0	1	0	0	1	1	1	0	0
chr2.14777730.14778005	pos	1	1	0	1	1	0	1	1	0	0	1
chr2.14870137.14870407	pos	0	0	0	1	0	1	1	1	1	0	1
chr2.14870540.14870651	pos	0	1	0	1	0	1	1	1	1	0	1
chr2.14871157.14871768	pos	0	1	0	1	0	0	1	1	1	0	1
chr2.15049295.15049729	pos	1	1	1	0	1	1	0	0	0	0	0
chr2.15051217.15051338	pos	1	1	0	0	1	1	0	0	0	1	0
chr2.15103817.15103979	pos	1	1	0	1	1	0	0	1	0	0	1
chr2.15397740.15397972	pos	0	1	1	1	1	1	0	1	0	0	1
chr2.16253780.16254281	pos	0	1	1	1	1	1	1	1	1	0	1
chr2.16539047.16539152	pos	0	1	0	1	1	0	0	1	0	0	1
chr2.16674499.16674724	pos	0	0	0	1	0	0	0	0	0	0	1
chr2.16815556.16815786	pos	1	1	1	1	1	1	0	1	0	0	1
chr2.17529731.17530122	pos	0	1	0	1	1	1	1	1	1	0	1
chr2.17941667.17942113	pos	0	1	0	1	1	0	1	1	0	0	1
chr2.17942225.17942344	pos	0	0	0	1	0	0	1	1	1	0	1
chr2.18005630.18006476	pos	0	1	0	1	1	0	1	1	1	0	1
chr2.18063281.18063603	pos	0	1	1	0	0	0	1	0	0	0	0
chr2.18081821.18081972	pos	0	1	1	1	0	0	1	0	1	0	0
chr2.18112097.18112206	pos	0	1	1	1	1	1	1	1	1	0	1
chr2.18881411.18881641	pos	0	0	0	1	1	0	0	0	0	0	1
chr2.18999386.18999720	pos	0	1	1	0	0	0	1	0	0	0	1
chr2.19891163.19891276	pos	0	1	1	1	0	1	1	1	0	0	1
chr2.20166797.20167368	pos	0	1	0	1	0	0	1	0	1	0	0
chr2.20961996.20962412	pos	0	1	0	1	1	0	0	1	0	1	1
chr2.21384213.21384538	pos	1	1	0	0	1	1	0	1	1	0	1
chr2.21497819.21498177	pos	0	1	1	1	1	1	0	1	0	0	1
chr2.21693771.21694202	pos	1	1	1	1	1	1	1	1	1	0	0
chr2.21755156.21755385	pos	1	1	0	1	1	0	0	1	1	0	0
chr2.22702962.22703251	pos	1	1	0	1	1	1	1	1	1	0	1
chr2.23312155.23312387	pos	0	1	0	0	0	1	1	0	1	0	0
chr2.23360484.23360690	pos	0	1	0	1	0	1	0	1	0	0	1
chr2.24116165.24117442	pos	0	1	0	1	1	1	1	1	1	0	1
chr2.24271384.24271486	pos	0	1	0	0	0	0	1	0	1	0	0
chr2.24301975.24302155	pos	0	0	0	1	1	0	0	1	0	0	1
chr2.24565165.24565297	pos	0	1	0	0	0	0	1	0	1	0	0
chr2.24666306.24666660	pos	1	1	0	1	1	0	1	1	1	0	0
chr2.24672396.24672498	pos	0	1	0	1	0	0	1	1	1	0	0
chr2.24767095.24767284	pos	1	1	0	1	1	1	0	1	0	0	0
chr2.24768031.24769813	pos	1	1	0	1	1	1	0	1	0	0	0
chr2.24769969.24770465	pos	1	1	0	1	1	1	1	1	0	1	0
chr2.24806052.24806276	pos	1	1	0	1	1	0	1	1	1	0	0
chr2.24915429.24915606	pos	1	1	1	1	1	1	1	1	0	0	1
chr2.24924676.24924832	pos	0	1	0	1	1	1	1	1	1	1	0
chr2.25490520.25490697	pos	0	1	0	1	0	0	1	1	1	0	1
chr2.25962026.25962235	pos	1	0	0	0	0	1	0	0	0	0	1
chr2.25974583.25975150	pos	1	1	0	1	1	1	0	1	0	0	1
chr2.26088134.26088335	pos	0	1	0	1	1	0	0	1	0	0	1
chr2.26189242.26189742	pos	1	1	0	1	1	1	0	0	0	1	0
chr2.26535918.26536027	pos	0	1	0	1	1	1	0	1	0	0	1
chr2.27058863.27058975	pos	1	0	0	0	1	0	0	0	0	0	1
chr2.27273644.27273807	pos	0	1	1	1	0	0	1	1	1	0	0
chr2.27318644.27318749	pos	0	1	0	1	1	0	0	1	0	0	1
chr2.27746449.27747067	pos	1	1	0	1	1	1	0	1	0	0	1
chr2.27981393.27981987	pos	1	1	0	1	1	1	1	1	0	0	1
chr2.28836804.28837149	pos	1	1	0	1	1	0	1	0	0	1	0
chr2.28965065.28965209	pos	1	1	0	1	1	0	0	0	0	1	0
chr2.29361384.29361507	pos	0	1	0	1	0	0	1	0	1	0	1
chr3.493104.493514	pos	1	1	0	1	1	1	1	1	1	0	0
chr3.1118705.1118883	pos	1	0	0	0	1	1	0	1	0	0	1
chr3.1223710.1223941	pos	0	1	1	1	1	1	0	1	0	0	1
chr3.1299018.1299155	pos	0	0	0	0	0	0	0	0	0	0	0
chr3.1652504.1652654	pos	1	1	0	0	1	0	0	0	0	0	0
chr3.1827983.1828554	pos	0	1	0	1	1	1	0	1	0	0	1
chr3.2281639.2282199	pos	0	1	0	1	1	1	0	1	0	0	1
chr3.2524703.2525688	pos	1	1	1	1	1	1	1	1	0	0	1
chr3.2542193.2542341	pos	1	1	1	1	1	1	1	0	1	0	0
chr3.2686587.2687071	pos	0	1	0	1	1	1	0	1	0	0	1
chr3.2828814.2829005	pos	0	0	0	1	1	1	0	1	0	0	0
chr3.3826316.3826455	pos	1	1	0	1	1	1	0	1	1	1	0
chr3.4234297.4235408	pos	0	1	1	1	0	1	1	1	1	0	1
chr3.4292236.4292475	pos	0	1	1	1	0	1	1	0	0	0	1
chr3.4308897.4309213	pos	0	1	0	0	0	0	1	0	1	0	0
chr3.4435393.4435491	pos	0	0	0	0	0	0	1	0	0	1	0
chr3.4787806.4788002	pos	0	0	1	1	0	0	1	1	1	0	1
chr3.4900247.4900413	pos	1	1	0	0	1	1	0	0	0	1	0
chr3.4936605.4937246	pos	0	1	1	1	1	0	1	1	1	1	0
chr3.4963280.4963425	pos	0	1	1	1	1	1	1	1	0	1	1
chr3.4963711.4964346	pos	1	1	0	1	1	1	1	1	0	1	1
chr3.5522584.5522864	pos	0	1	1	1	1	1	1	1	1	0	1
chr3.5738379.5738801	pos	0	0	1	1	1	1	1	1	0	0	1
chr3.5884062.5884887	pos	1	1	0	1	1	1	0	1	0	0	0
chr3.6557286.6557525	pos	1	1	0	1	1	0	0	1	1	0	1
chr3.7394118.7394280	pos	0	1	1	1	1	1	0	1	0	0	1
chr3.7394533.7394657	pos	0	1	0	1	1	1	0	1	0	0	1
chr3.7811445.7811594	pos	0	0	0	0	0	0	1	0	1	0	0
chr3.7820135.7820363	pos	1	1	0	1	1	1	0	1	0	0	0
chr3.7931705.7931920	pos	1	1	0	1	1	1	0	1	0	0	0
chr3.8153723.8153990	pos	1	0	0	0	1	0	0	0	0	0	0
chr3.8410382.8410714	pos	0	1	0	1	1	0	1	1	1	0	1
chr3.8583968.8584291	pos	0	1	0	1	1	1	1	1	1	0	1
chr3.8867873.8868542	pos	1	1	0	0	1	1	0	0	0	0	0
chr3.8893133.8893975	pos	1	1	1	1	1	1	0	1	0	0	1
chr3.8899520.8899726	pos	0	1	0	1	1	0	1	0	1	0	1
chr3.8909284.8910232	pos	0	0	0	1	1	0	1	1	1	0	1
chr3.8932987.8933833	pos	1	1	0	0	1	1	1	1	0	0	1
chr3.9173065.9173315	pos	1	1	1	1	1	1	1	1	1	1	1
chr3.9413375.9413635	pos	1	1	0	1	1	1	0	1	0	0	1
chr3.9819345.9819452	pos	1	1	0	1	1	1	1	1	0	1	0
chr3.9858764.9858970	pos	1	1	0	1	1	0	1	1	0	1	0
chr3.10136525.10136614	pos	0	1	0	0	0	0	1	0	1	1	0
chr3.10175076.10175414	pos	0	1	0	0	0	0	1	1	1	0	0
chr3.10195107.10196362	pos	0	0	0	1	1	0	1	1	0	1	1
chr3.10474185.10474289	pos	0	1	0	1	0	0	0	0	0	0	1
chr3.10476085.10476455	pos	0	1	0	1	0	0	1	1	0	0	1
chr3.10598477.10598592	pos	1	1	0	1	0	1	0	1	0	0	1
chr3.10976368.10976604	pos	0	1	0	1	1	1	0	1	0	0	1
chr3.11048296.11048433	pos	0	0	1	1	1	0	0	1	0	0	1
chr3.11049017.11049312	pos	0	1	0	1	1	0	1	1	1	0	1
chr3.11092578.11092752	pos	0	0	0	0	0	1	0	0	0	0	0
chr3.11243160.11243528	pos	1	1	0	1	1	0	1	1	0	1	0
chr3.11303128.11303289	pos	0	1	1	0	0	0	1	0	1	0	0
chr3.11445779.11446719	pos	0	1	0	1	0	1	1	0	0	0	1
chr3.11865098.11865212	pos	0	1	0	1	0	1	1	1	0	0	1
chr3.12614342.12614567	pos	0	1	1	0	0	0	1	1	1	1	0
chr3.12643150.12643251	pos	0	1	1	1	0	1	1	1	1	0	1
chr3.12669269.12669595	pos	1	1	1	0	1	1	0	1	0	0	0
chr3.13692009.13692218	pos	0	1	1	1	1	1	1	1	0	0	1
chr3.13764488.13765063	pos	1	1	1	1	1	0	0	1	1	0	0
chr3.14021384.14022463	pos	0	1	0	1	1	1	0	1	0	0	1
chr3.14281867.14281990	pos	1	1	0	1	1	0	0	0	0	0	0
chr3.14476516.14476712	pos	0	1	0	1	1	1	1	1	1	0	0
chr3.14487358.14487668	pos	0	1	1	1	1	1	1	1	1	0	0
chr3.14588688.14588789	pos	0	1	0	1	0	0	1	1	0	1	1
chr3.14588924.14589218	pos	0	1	0	1	0	0	1	1	0	1	1
chr3.14596069.14596545	pos	0	1	0	1	1	1	1	1	0	0	1
chr3.14751752.14752206	pos	0	1	0	1	1	0	1	1	0	0	1
chr3.14839200.14839519	pos	1	1	0	1	1	1	0	1	1	0	0
chr3.15125091.15125621	pos	1	1	0	0	1	0	0	0	0	0	0
chr3.15276859.15277340	pos	0	0	0	1	1	0	1	1	1	0	1
chr3.15277505.15277658	pos	0	1	0	1	1	0	1	1	1	0	1
chr3.15328714.15330189	pos	0	0	1	1	1	0	1	1	0	0	1
chr3.15607570.15608508	pos	1	1	0	1	1	1	0	1	1	0	0
chr3.15700131.15700240	pos	0	1	0	1	1	0	0	1	0	0	1
chr3.15741399.15741930	pos	0	1	1	1	1	1	0	1	0	0	1
chr3.17037144.17037624	pos	0	1	0	1	1	1	1	1	1	0	1
chr3.17737507.17737650	pos	1	1	0	1	1	1	0	1	0	1	0
chr3.18503613.18503728	pos	0	1	1	1	0	1	0	1	0	0	1
chr3.18582301.18582513	pos	0	1	0	1	1	1	1	1	1	0	0
chr3.19911006.19911774	pos	1	1	0	0	1	0	0	0	0	1	0
chr3.19923344.19923518	pos	1	1	1	1	1	1	0	1	0	0	0
chr3.20093716.20094156	pos	0	1	0	1	1	1	0	1	0	0	1
chr3.20216856.20217007	pos	0	1	0	0	0	0	1	0	1	0	0
chr3.20235024.20235210	pos	1	1	0	1	1	1	1	1	0	0	0
chr3.20353949.20354063	pos	0	1	0	0	1	1	0	1	0	0	0
chr3.20419650.20419758	pos	0	0	0	1	0	0	0	1	0	0	1
chr3.20836133.20836325	pos	0	1	0	1	0	0	0	1	0	0	1
chr3.21059325.21059436	pos	0	1	0	1	1	1	1	1	0	0	1
chr3.21206760.21206898	pos	0	0	1	0	0	0	1	1	1	0	0
chr3.21214306.21214432	pos	0	1	0	1	1	1	1	1	0	0	1
chr3.21483275.21483605	pos	0	1	1	1	1	1	1	1	1	0	1
chr3.21553540.21554067	pos	0	1	0	1	1	1	0	1	0	0	1
chr3.21656911.21657202	pos	1	1	0	0	1	0	0	1	1	0	0
chr3.22397483.22397633	pos	0	1	1	1	1	1	1	1	1	1	0
chr3.22991215.22991475	pos	1	1	0	1	1	1	0	1	0	0	0
chr3.23411650.23411923	pos	0	1	0	1	0	0	1	1	1	0	0
chr3.23462163.23462296	pos	0	1	0	1	0	0	1	1	1	0	0
chr3.23642466.23642599	pos	0	1	0	1	1	1	0	1	0	0	1
chr3.23790049.23790256	pos	1	1	0	0	1	1	1	1	1	0	0
chr3.24365442.24365520	pos	0	1	0	1	0	0	0	1	0	0	1
chr3.24602355.24602492	pos	1	1	1	1	1	0	1	1	1	1	1
chr3.24748821.24748978	pos	0	1	1	1	1	0	1	0	1	0	1
chr3.24825157.24825749	pos	0	0	0	1	0	0	0	0	1	0	1
chr3.25277188.25277425	pos	0	0	1	1	1	0	1	1	0	0	1
chr3.25305053.25305450	pos	0	1	0	1	1	1	1	1	1	0	1
chr3.25666708.25667060	pos	1	1	0	1	1	1	1	1	0	0	1
chr3.26034922.26035076	pos	0	1	1	1	1	0	1	1	0	1	0
chr3.26488704.26488869	pos	1	1	0	0	1	1	0	1	0	0	0
chr3.26920155.26920329	pos	0	0	1	1	1	0	0	0	1	0	1
chr3.26920675.26920754	pos	0	0	1	1	1	0	1	0	1	0	1
chr4.20517.20628	pos	0	0	1	0	0	0	1	0	1	0	0
chr4.441111.441322	pos	1	1	0	1	0	1	1	1	0	0	0
chr4.510762.510835	pos	0	1	1	1	1	1	1	0	1	1	1
chr4.1097335.1097729	pos	0	0	1	1	0	0	1	0	0	0	1
chr4.1247220.1247390	pos	1	1	0	1	1	0	0	1	0	0	1
chr4.1333530.1334270	pos	0	0	0	1	1	0	0	0	0	0	1
chr4.1710780.1711460	pos	0	1	0	1	0	0	1	0	0	0	0
chr4.2122809.2122962	pos	1	1	0	0	1	1	0	1	0	1	0
chr4.2525622.2526114	pos	0	1	0	1	1	1	1	1	1	0	1
chr4.2714217.2714403	pos	1	1	0	1	0	0	1	1	1	0	0
chr4.4385236.4385304	pos	0	1	0	0	0	0	1	0	1	0	0
chr4.4728723.4728953	pos	0	1	1	1	1	0	1	0	1	0	0
chr4.5192209.5192305	pos	0	1	0	0	0	1	1	1	1	0	0
chr4.5478972.5479098	pos	1	1	0	1	1	0	0	1	0	0	0
chr4.5587380.5587674	pos	1	1	0	0	0	1	0	0	0	0	0
chr4.6292850.6293015	pos	1	1	1	1	1	1	1	1	0	0	1
chr4.6300811.6300966	pos	0	1	1	1	0	0	1	1	0	0	0
chr4.6335033.6335160	pos	0	1	0	1	1	1	1	1	0	0	1
chr4.6821873.6822007	pos	0	1	0	1	1	1	1	1	1	0	1
chr4.6995213.6996095	pos	0	1	1	1	1	1	1	1	0	0	1
chr4.7090308.7090556	pos	1	1	0	1	1	1	0	1	0	0	1
chr4.7755331.7756111	pos	1	1	0	1	1	1	0	1	0	0	0
chr4.7788245.7788578	pos	0	1	1	1	1	1	0	1	0	0	0
chr4.7788723.7788870	pos	0	1	1	1	1	1	0	1	0	0	0
chr4.7969217.7969473	pos	0	1	0	1	1	1	1	1	0	1	1
chr4.8094887.8095089	pos	0	1	0	1	1	1	1	1	1	1	1
chr4.8628074.8628225	pos	0	1	0	1	1	0	1	0	0	1	0
chr4.9138983.9139560	pos	1	1	0	1	1	0	1	1	0	1	1
chr4.9539097.9539195	pos	0	1	0	1	0	0	1	1	0	1	1
chr4.9596243.9596399	pos	0	1	0	1	0	1	0	1	0	0	1
chr4.9656845.9656981	pos	0	1	0	1	0	1	1	1	1	1	0
chr4.9724305.9724829	pos	0	1	0	1	0	1	1	0	1	0	1
chr4.9724954.9725181	pos	0	0	0	1	0	0	0	0	0	0	1
chr4.9998122.9998348	pos	0	0	0	1	1	1	0	1	0	0	1
chr4.10185617.10185935	pos	0	1	1	1	1	0	1	1	0	0	1
chr4.10355465.10355695	pos	0	1	1	1	1	1	1	1	1	0	0
chr4.10399349.10399524	pos	0	1	0	1	0	0	1	0	1	0	0
chr4.10575937.10576172	pos	0	1	0	1	1	1	1	1	0	1	1
chr4.11152936.11153121	pos	0	0	1	0	0	0	1	0	1	0	0
chr4.11488693.11488792	pos	1	1	0	1	1	0	0	1	0	1	0
chr4.12359221.12359366	pos	0	1	0	1	0	0	1	1	1	0	1
chr4.12359606.12359964	pos	0	0	0	1	0	0	0	0	0	0	1
chr4.12468342.12468455	pos	1	1	0	1	1	1	0	1	0	0	0
chr4.12582021.12582167	pos	0	0	0	0	1	1	0	0	0	0	1
chr4.13310148.13310249	pos	0	0	1	1	1	0	0	1	0	0	1
chr4.13534154.13534420	pos	0	1	0	1	1	1	1	1	0	0	1
chr4.13672542.13673495	pos	1	1	0	1	1	1	1	1	1	0	1
chr4.14292341.14292552	pos	0	1	1	1	1	0	0	1	0	1	1
chr4.14329550.14329786	pos	0	1	0	1	1	0	1	1	1	1	1
chr4.14393704.14394419	pos	0	1	0	1	1	1	0	1	0	0	1
chr4.16100027.16100710	pos	1	1	0	1	1	0	0	1	0	0	1
chr4.16127029.16127249	pos	0	1	0	1	1	0	0	1	0	0	1
chr4.16483999.16484156	pos	0	1	0	1	0	0	1	1	0	0	1
chr4.16484553.16484724	pos	0	1	0	1	1	0	0	1	0	0	1
chr4.17187430.17187643	pos	0	1	0	1	1	1	1	1	1	1	1
chr4.17351487.17351629	pos	0	1	1	1	0	0	1	1	0	0	1
chr4.17772003.17772613	pos	0	1	1	1	1	1	1	1	0	0	1
chr4.17773212.17773698	pos	0	1	1	1	1	1	1	1	0	0	1
chr4.17799333.17799642	pos	1	1	0	1	1	1	0	1	0	0	1
chr4.17990946.17991263	pos	1	1	0	1	1	0	0	1	0	1	0
chr4.18133037.18133169	pos	1	1	1	1	1	1	1	1	1	0	1
chr4.18133327.18133742	pos	0	1	1	1	1	1	1	1	1	0	1
chr4.18195502.18196072	pos	1	1	0	1	1	1	0	1	0	0	0
chr4.18535171.18535321	pos	1	1	0	1	1	0	0	1	1	1	0
chr4.19368531.19368826	pos	1	1	1	1	0	1	0	1	1	0	0
chr4.19420006.19420458	pos	0	1	0	1	1	1	1	1	0	0	1
chr4.19525880.19525979	pos	0	0	0	1	0	0	0	1	0	0	1
chr4.19683576.19684169	pos	0	1	1	1	0	0	1	1	1	0	1
chr4.19747511.19747953	pos	1	1	0	1	1	1	1	1	1	0	0
chr4.19840992.19841151	pos	0	0	0	0	0	0	1	0	1	1	0
chr4.19849862.19849934	pos	0	1	1	0	0	0	1	0	1	1	0
chr4.20459683.20460294	pos	1	1	1	1	1	1	1	1	1	0	1
chr4.20805559.20805775	pos	1	1	0	1	1	1	0	1	0	1	0
chr4.20851616.20851753	pos	1	1	0	1	1	0	0	1	0	1	0
chr4.20951983.20952118	pos	0	1	0	1	1	0	1	1	1	1	1
chr4.21431076.21432260	pos	1	1	1	1	1	1	1	1	1	0	1
chr4.21653308.21653465	pos	0	1	1	1	0	1	1	1	0	0	1
chr4.21745353.21745675	pos	1	1	0	1	1	1	0	1	0	0	1
chr4.22269731.22269944	pos	0	0	0	0	0	0	1	0	1	0	0
chr4.22448920.22449212	pos	0	0	0	1	0	0	0	1	0	0	0
chr4.23520247.23520999	pos	1	1	0	1	1	1	0	1	0	0	1
chr4.23546293.23546448	pos	0	1	0	1	1	1	1	1	0	0	0
chr4.24303836.24303908	pos	0	1	0	1	1	1	0	1	1	0	1
chr4.24304390.24304653	pos	0	1	0	1	1	1	1	1	1	0	1
chr4.24412725.24412983	pos	1	1	0	0	1	1	0	1	0	0	1
chr4.24420316.24420605	pos	1	1	0	1	1	1	0	1	0	0	1
chr4.24829641.24829815	pos	0	1	0	1	0	1	1	1	1	0	1
chr4.25449400.25450065	pos	1	1	0	0	1	0	1	0	0	1	0
chr4.26261786.26261958	pos	0	0	0	0	1	1	0	1	0	0	1
chr4.26265090.26265672	pos	0	1	1	1	1	1	1	1	0	0	1
chr4.26326934.26327172	pos	0	1	1	1	0	0	1	1	0	0	1
chr4.26392350.26392506	pos	0	0	0	1	1	0	0	0	0	0	1
chr4.26392763.26394155	pos	0	1	0	1	1	1	1	1	0	0	1
chr4.26600310.26600422	pos	0	0	0	1	0	0	1	0	1	0	1
chr4.26768933.26769037	pos	0	1	0	1	1	0	1	1	1	0	1
chr5.624234.624447	pos	0	0	1	1	1	0	0	1	0	0	1
chr5.624565.624850	pos	0	0	1	1	1	0	1	1	1	0	1
chr5.1007332.1007949	pos	1	1	0	1	1	1	1	1	1	1	0
chr5.1117257.1117680	pos	1	1	1	1	1	1	1	1	0	1	0
chr5.1365308.1365445	pos	0	0	0	0	0	0	0	0	0	0	0
chr5.2100422.2100803	pos	0	1	1	0	1	1	0	1	0	0	1
chr5.2364846.2364974	pos	1	1	0	1	1	1	1	1	0	0	0
chr5.2365625.2366069	pos	1	1	0	1	1	1	1	1	0	0	1
chr5.2527426.2527732	pos	1	1	0	1	1	1	1	1	0	0	0
chr5.2995022.2995162	pos	1	1	1	1	1	0	0	1	0	0	1
chr5.3454755.3455355	pos	1	1	1	1	1	1	0	1	0	0	1
chr5.3491604.3491856	pos	0	1	0	1	1	1	1	1	1	0	1
chr5.3640330.3640428	pos	1	1	0	1	1	0	1	1	0	1	1
chr5.4436838.4437100	pos	0	1	0	1	1	1	1	1	1	1	1
chr5.5195496.5195891	pos	1	1	0	1	1	1	0	0	0	0	1
chr5.5464015.5464145	pos	0	1	0	1	1	1	1	1	0	0	1
chr5.5790832.5791014	pos	0	1	0	1	1	1	1	1	1	0	0
chr5.5793359.5793483	pos	1	1	0	1	1	0	0	0	0	1	0
chr5.5901672.5902240	pos	0	1	1	1	1	0	1	1	0	1	1
chr5.6467042.6467158	pos	0	1	0	1	1	1	0	1	0	0	1
chr5.6467766.6467973	pos	1	1	0	1	1	1	0	1	0	0	0
chr5.6471855.6471996	pos	1	1	0	0	1	1	0	1	0	0	0
chr5.6472182.6472350	pos	1	1	1	0	1	1	0	1	0	0	0
chr5.6611113.6611642	pos	0	1	0	1	1	1	0	1	0	1	1
chr5.7107901.7109877	pos	1	1	1	1	1	1	0	1	0	0	1
chr5.7114308.7114609	pos	1	1	0	0	1	1	0	1	0	0	0
chr5.8179242.8179454	pos	0	0	1	1	0	0	0	0	0	0	1
chr5.8362638.8362768	pos	1	1	0	1	1	0	1	1	1	0	0
chr5.9663064.9663365	pos	1	1	0	1	1	0	1	1	1	0	0
chr5.9834131.9834331	pos	0	0	1	0	0	0	1	0	1	0	0
chr5.10280812.10280996	pos	0	1	1	1	1	1	1	1	1	0	0
chr5.10312344.10312468	pos	0	1	0	1	0	0	1	0	0	0	1
chr5.10539736.10539914	pos	0	1	1	0	0	0	1	0	1	0	0
chr5.11318160.11318596	pos	1	0	0	0	1	0	0	0	0	0	0
chr5.11355753.11355870	pos	1	1	0	1	1	0	0	1	0	0	1
chr5.12448533.12448825	pos	1	1	0	1	1	1	0	1	0	0	0
chr5.13872279.13872449	pos	0	1	0	1	0	0	0	1	0	0	1
chr5.15099940.15100003	pos	0	0	0	0	0	0	1	0	0	1	0
chr5.15284237.15284502	pos	0	1	0	1	1	1	1	0	0	0	1
chr5.15724438.15724677	pos	0	1	0	1	0	0	1	1	1	1	1
chr5.16035251.16035451	pos	0	1	1	1	0	0	1	0	1	0	1
chr5.16149172.16149518	pos	1	1	1	1	1	1	0	1	0	0	0
chr5.16170725.16171153	pos	0	1	1	1	1	1	1	0	1	1	1
chr5.16240730.16241071	pos	0	1	1	1	1	1	0	1	0	0	1
chr5.16371474.16374259	pos	0	1	0	1	1	1	0	1	0	1	1
chr5.16607654.16607764	pos	0	1	0	1	1	1	1	0	1	0	1
chr5.16643589.16644104	pos	0	1	1	0	0	0	1	0	1	0	0
chr5.17003851.17004218	pos	0	1	1	1	1	1	1	1	0	1	1
chr5.17008375.17010080	pos	0	1	1	1	1	1	1	1	0	0	1
chr5.17637487.17637929	pos	0	1	0	1	0	0	1	1	1	0	0
chr5.17701583.17701777	pos	0	1	0	0	0	0	1	0	1	0	0
chr5.17739055.17739581	pos	1	1	0	0	1	1	0	1	0	0	0
chr5.17798250.17798357	pos	0	1	0	1	0	0	1	1	1	0	0
chr5.18640686.18640801	pos	0	1	1	0	0	0	1	0	1	0	0
chr5.19021560.19022094	pos	0	1	0	1	0	1	0	1	0	0	1
chr5.19025733.19025907	pos	1	1	0	1	0	0	1	1	0	0	0
chr5.19049171.19049920	pos	1	1	0	0	1	1	0	0	0	0	0
chr5.19054377.19055464	pos	1	1	0	1	1	1	1	1	0	0	1
chr5.19559225.19559457	pos	1	1	0	1	1	1	0	1	0	0	0
chr5.19921212.19921306	pos	1	1	1	1	1	0	1	1	1	0	0
chr5.20407299.20407603	pos	0	1	0	0	0	0	1	1	1	0	0
chr5.20414212.20414333	pos	0	1	0	1	1	1	1	1	1	0	0
chr5.20731398.20731503	pos	0	0	0	1	1	1	0	1	0	0	1
chr5.20769289.20769366	pos	0	1	1	1	1	1	1	1	0	0	1
chr5.20801690.20801879	pos	0	1	0	1	0	1	1	1	1	0	0
chr5.20815419.20815659	pos	0	1	0	1	1	1	1	1	0	0	1
chr5.21874350.21874557	pos	1	1	0	1	1	0	0	1	0	1	0
chr5.21926244.21926497	pos	1	1	1	1	1	1	1	1	0	0	1
chr5.21940684.21942816	pos	0	1	0	1	1	1	1	1	0	0	1
chr5.21943363.21943523	pos	0	0	0	1	0	1	0	0	0	0	1
chr5.22111342.22111466	pos	1	1	0	1	1	1	0	1	0	0	1
chr5.22401141.22403282	pos	0	1	1	1	1	1	1	1	0	0	1
chr5.23656825.23657067	pos	1	1	0	1	1	0	0	1	0	1	0
chr5.23675801.23676076	pos	1	1	0	1	1	0	0	1	0	1	0
chr5.23696317.23696438	pos	1	1	0	1	1	0	0	1	0	1	0
chr5.23960561.23960935	pos	0	1	1	0	0	0	1	0	1	0	0
chr5.24875042.24876899	pos	1	1	0	1	1	1	1	1	0	1	0
chr5.24877316.24878363	pos	1	1	0	1	1	0	1	1	1	1	0
chr5.24880375.24881250	pos	1	1	0	1	1	0	1	1	0	0	0
chr5.24881956.24882749	pos	1	1	0	1	1	0	0	1	1	0	0
chr5.24956575.24957065	pos	1	1	0	0	1	0	0	0	0	0	0
chr5.24979498.24980537	pos	1	1	0	0	1	0	1	0	0	1	0
chr5.24986954.24987157	pos	1	0	0	0	0	1	0	0	0	0	0
chr5.24987410.24987532	pos	1	0	0	0	0	1	0	0	0	0	0
chr5.25026505.25026872	pos	0	1	0	1	1	1	0	1	1	0	1
chr5.25883258.25883515	pos	1	0	0	1	0	0	1	1	0	0	1
chr5.26345829.26346410	pos	0	1	1	1	0	0	1	0	1	0	0
chr5.26347691.26348629	pos	1	1	0	1	0	1	1	1	0	0	1
chr5.26502573.26502936	pos	0	1	1	1	1	1	1	1	1	0	1
chr5.26503066.26503976	pos	0	1	1	1	1	1	1	1	1	0	1
chr6.707040.707895	pos	1	1	0	1	1	1	1	1	1	0	0
chr6.710061.710438	pos	0	1	0	0	0	0	1	0	1	0	0
chr6.1048294.1048765	pos	0	1	0	1	1	1	0	1	0	0	1
chr6.1294093.1294215	pos	0	0	0	0	1	1	0	0	0	0	1
chr6.1468083.1468422	pos	1	1	0	1	1	1	0	1	0	0	0
chr6.1737126.1737544	pos	1	1	0	1	1	1	1	1	1	0	0
chr6.1747697.1747828	pos	1	1	0	1	1	1	0	1	0	0	0
chr6.1747953.1748084	pos	1	1	0	1	1	1	0	1	0	0	0
chr6.1750226.1750454	pos	1	1	0	1	0	1	1	1	1	0	0
chr6.1933638.1933874	pos	0	1	1	1	1	1	1	1	0	0	1
chr6.1933948.1934569	pos	0	1	1	1	1	1	1	1	0	0	1
chr6.2087962.2088511	pos	0	1	0	1	1	0	1	1	0	0	1
chr6.2088778.2089068	pos	0	1	0	1	1	0	1	1	0	0	1
chr6.2227779.2227872	pos	0	1	0	1	1	0	0	1	0	0	1
chr6.2663296.2663879	pos	1	1	0	1	1	0	0	1	0	0	1
chr6.2664029.2664180	pos	1	1	0	1	1	0	0	1	0	0	1
chr6.3149643.3150364	pos	0	1	0	1	1	1	0	1	0	0	1
chr6.3316050.3316610	pos	1	1	0	1	1	1	0	1	0	0	0
chr6.3320994.3321239	pos	1	1	0	1	1	1	0	1	1	0	0
chr6.3401095.3401301	pos	1	1	0	1	1	0	0	0	0	1	0
chr6.3677332.3677658	pos	1	1	0	1	1	1	0	1	0	0	1
chr6.3858871.3859015	pos	0	0	1	0	0	0	1	0	0	0	0
chr6.4212204.4212339	pos	0	1	0	1	1	1	1	1	1	1	0
chr6.5163406.5163787	pos	1	1	0	1	0	0	1	1	1	0	1
chr6.5164899.5165194	pos	0	1	0	1	1	0	1	1	1	1	0
chr6.5277543.5277800	pos	1	1	0	1	1	1	0	1	1	0	1
chr6.5657679.5657800	pos	0	1	0	1	0	0	0	1	0	1	1
chr6.5667723.5667821	pos	0	1	1	1	0	0	0	1	0	0	1
chr6.5920444.5920870	pos	1	1	0	1	1	0	1	1	0	0	1
chr6.5938225.5938375	pos	1	1	1	1	1	0	0	1	0	0	0
chr6.5946788.5947141	pos	0	1	1	1	0	0	1	1	0	1	1
chr6.6395579.6395818	pos	0	1	0	1	0	0	1	1	1	0	0
chr6.6717615.6717713	pos	1	1	1	1	0	0	0	1	0	0	1
chr6.6718001.6718141	pos	0	1	1	1	0	0	0	1	0	0	1
chr6.7258785.7259122	pos	1	1	0	1	1	1	0	1	0	1	0
chr6.7271270.7271465	pos	1	1	0	0	1	1	0	1	0	1	0
chr6.7381681.7381797	pos	1	1	0	0	1	1	0	1	0	0	0
chr6.7449164.7449746	pos	1	1	0	1	1	1	0	1	0	1	1
chr6.7507621.7507744	pos	0	1	0	1	0	0	1	1	0	0	1
chr6.7543071.7543726	pos	0	1	0	1	0	0	1	0	1	0	1
chr6.7544041.7544174	pos	0	0	1	0	0	0	1	0	1	0	0
chr6.7970700.7971743	pos	1	1	1	1	1	1	1	0	0	1	0
chr6.8411065.8411164	pos	0	1	0	1	0	0	0	1	0	0	1
chr6.9109833.9110690	pos	0	1	1	1	1	1	1	1	1	0	1
chr6.9552269.9552408	pos	0	0	1	0	0	0	1	0	1	0	0
chr6.9752765.9752880	pos	0	1	0	1	0	0	1	1	1	0	1
chr6.9753050.9753208	pos	0	1	1	1	1	0	1	1	1	0	1
chr6.10387525.10387759	pos	0	1	1	1	0	0	0	1	0	0	1
chr6.11216251.11216591	pos	1	1	1	1	1	1	0	1	1	0	0
chr6.11354378.11355279	pos	1	1	0	0	1	1	0	1	0	0	1
chr6.11489932.11490118	pos	0	1	1	1	0	1	1	1	0	0	1
chr6.11525952.11526589	pos	1	0	0	0	1	1	0	1	0	0	0
chr6.11833697.11833921	pos	0	1	0	0	0	0	1	0	1	1	0
chr6.13310280.13310544	pos	0	0	0	1	1	0	0	1	0	0	1
chr6.13718317.13718519	pos	0	1	1	1	1	0	1	1	0	0	0
chr6.13861138.13861230	pos	0	1	1	1	0	0	0	1	1	0	0
chr6.13864356.13864437	pos	0	1	0	1	1	0	0	1	0	0	1
chr6.15035794.15036299	pos	1	1	0	1	1	1	1	1	0	0	1
chr6.15481957.15482357	pos	1	1	1	0	1	1	1	0	1	0	1
chr6.15556840.15556995	pos	1	1	0	1	1	1	0	1	0	0	1
chr6.15557599.15558006	pos	1	1	0	1	1	1	0	1	0	0	1
chr6.15912686.15912794	pos	0	0	0	0	0	0	1	0	1	0	0
chr6.16033654.16033791	pos	0	0	0	0	0	0	1	0	1	0	0
chr6.16118456.16118674	pos	0	1	0	1	1	1	1	0	0	0	1
chr6.16708553.16708698	pos	0	1	0	1	0	0	0	0	0	0	1
chr6.16708834.16709392	pos	0	1	0	1	0	1	0	1	0	0	1
chr6.16710679.16710964	pos	0	1	0	1	0	1	1	1	0	0	1
chr6.16832968.16833775	pos	1	1	0	0	1	0	1	1	0	1	0
chr6.16849712.16849866	pos	0	1	0	1	0	0	1	0	1	1	1
chr6.16864000.16864246	pos	0	1	0	1	1	0	0	1	0	0	1
chr6.17098338.17098786	pos	1	1	1	1	1	0	0	1	1	0	0
chr6.17578340.17578692	pos	1	1	1	1	1	0	1	1	1	0	1
chr6.18002111.18002211	pos	0	0	0	1	0	0	0	1	0	0	1
chr6.18425615.18426113	pos	0	1	0	1	0	1	1	1	1	0	1
chr6.18580319.18580607	pos	0	1	0	1	1	0	1	1	0	0	1
chr6.18912904.18913073	pos	1	1	1	1	1	1	0	1	0	0	0
chr6.19327677.19328351	pos	0	1	0	1	0	0	0	0	0	0	1
chr6.20374164.20374526	pos	1	1	1	1	0	0	1	1	0	0	0
chr6.21063139.21063417	pos	0	1	0	0	0	1	1	1	1	0	1
chr6.21193169.21193274	pos	0	1	1	1	1	1	1	1	0	0	1
chr6.21509574.21510700	pos	1	1	0	1	1	1	1	1	1	0	1
chr6.21510937.21511695	pos	1	1	0	1	1	0	0	1	1	0	0
chr6.21511931.21512229	pos	1	1	0	1	1	0	0	1	1	0	0
chr6.21861140.21861296	pos	0	1	0	1	1	0	1	1	0	1	1
chr6.21871465.21871591	pos	0	1	1	1	1	1	0	1	0	0	1
chr6.22067508.22068782	pos	1	1	1	1	1	0	1	1	1	1	0
chr6.22070808.22071266	pos	1	1	0	1	1	0	1	1	0	0	1
chr6.22072955.22073543	pos	0	1	0	1	1	0	1	1	0	0	1
chr6.22094827.22095074	pos	0	1	0	1	1	1	1	1	0	1	1
chr6.22664263.22664607	pos	0	1	0	1	0	0	1	1	1	0	0
chr6.22682035.22682418	pos	1	1	0	1	1	1	1	1	1	0	0
chr6.23014005.23014289	pos	0	0	0	0	1	1	0	0	0	0	1
chr7.1157428.1157609	pos	1	1	0	1	0	0	1	1	0	0	0
chr7.1229830.1230129	pos	0	1	0	1	1	1	1	1	1	0	1
chr7.2586745.2587262	pos	0	0	0	0	1	1	0	0	0	0	1
chr7.2606115.2606282	pos	0	1	1	1	0	1	1	1	0	0	1
chr7.2606947.2607095	pos	0	1	1	1	0	1	1	1	0	0	1
chr7.2743096.2743243	pos	1	1	0	1	1	1	0	1	0	0	1
chr7.3045371.3045522	pos	1	1	0	1	1	1	0	1	0	0	1
chr7.3926429.3926549	pos	0	1	1	1	0	0	1	1	1	1	0
chr7.4389274.4389392	pos	0	1	1	1	0	0	1	1	1	0	1
chr7.4638423.4638663	pos	0	0	1	0	0	0	1	0	1	0	0
chr7.4907953.4908331	pos	0	0	0	1	0	0	0	0	0	0	1
chr7.4989199.4989371	pos	0	0	0	0	0	0	0	0	0	1	0
chr7.5118406.5119766	pos	1	1	0	1	1	1	0	1	0	0	0
chr7.5126167.5126307	pos	1	1	0	1	1	1	1	1	0	0	1
chr7.5161755.5162068	pos	0	1	1	1	1	1	1	1	1	0	1
chr7.5191267.5191378	pos	1	1	0	1	0	0	1	1	1	0	0
chr7.5251391.5251787	pos	1	1	0	1	0	0	1	0	0	0	0
chr7.5836435.5836584	pos	1	1	0	0	1	1	0	0	0	0	0
chr7.5975091.5975256	pos	0	1	0	1	0	1	1	0	0	0	1
chr7.6693226.6693460	pos	1	1	0	1	1	1	1	0	1	0	1
chr7.6712361.6712560	pos	0	0	1	1	0	1	1	0	0	0	1
chr7.6911226.6911356	pos	1	1	0	1	1	0	0	1	0	1	0
chr7.7027097.7027232	pos	1	1	1	1	1	0	0	1	0	1	0
chr7.7232053.7232845	pos	1	1	1	1	1	1	0	1	0	0	1
chr7.7352822.7353028	pos	1	1	0	0	1	0	0	0	0	0	0
chr7.8128649.8129058	pos	0	1	0	0	0	0	1	0	0	1	0
chr7.8187511.8187609	pos	1	1	0	1	0	0	1	1	1	0	0
chr7.8220921.8221099	pos	1	1	1	1	1	0	1	1	1	1	0
chr7.8321432.8321581	pos	0	1	0	1	0	0	1	1	1	1	0
chr7.8612391.8613016	pos	0	1	0	1	1	1	1	1	0	0	0
chr7.9030763.9030828	pos	0	0	0	0	0	0	1	0	1	0	0
chr7.9050836.9051836	pos	1	1	0	0	1	1	1	0	0	1	0
chr7.9068409.9070327	pos	1	1	1	1	1	1	1	1	1	1	0
chr7.9078504.9078754	pos	0	1	1	1	0	1	1	0	1	0	0
chr7.9332253.9332353	pos	0	1	1	1	1	0	0	0	0	0	1
chr7.9488394.9488738	pos	1	1	0	1	1	1	0	1	0	1	0
chr7.9530661.9530752	pos	0	1	1	1	1	1	1	1	0	0	1
chr7.9630924.9631202	pos	1	1	0	1	1	1	0	1	0	0	1
chr7.9767391.9767537	pos	1	1	0	1	1	1	1	1	0	0	1
chr7.9806985.9807195	pos	0	1	0	1	0	0	1	1	0	0	1
chr7.9990373.9990472	pos	0	1	1	0	1	1	1	0	1	0	1
chr7.10225126.10225250	pos	1	1	0	0	1	0	1	0	1	1	0
chr7.10250855.10250960	pos	0	1	0	1	0	0	0	1	1	0	0
chr7.10377869.10378033	pos	0	0	1	1	1	0	0	1	0	0	1
chr7.10378549.10378833	pos	0	0	1	1	1	0	0	1	0	0	1
chr7.10565864.10566046	pos	0	1	0	1	1	1	1	1	1	0	1
chr7.10809817.10810176	pos	1	1	0	1	1	1	1	1	1	0	1
chr7.11192662.11192817	pos	1	1	1	1	1	0	0	1	0	0	0
chr7.11239849.11240072	pos	1	1	0	1	0	0	1	0	0	0	0
chr7.11330329.11330436	pos	0	1	0	1	1	1	1	1	1	0	1
chr7.11342643.11342884	pos	0	1	1	1	0	0	0	1	0	0	1
chr7.12103087.12103446	pos	0	1	0	1	1	1	1	1	0	1	1
chr7.12132701.12133452	pos	1	1	0	1	1	1	1	1	1	1	0
chr7.12133579.12134368	pos	1	1	0	1	1	1	0	1	1	0	0
chr7.12134504.12135367	pos	1	1	0	1	1	1	0	1	1	0	0
chr7.12189742.12189853	pos	0	1	0	0	0	0	1	0	1	0	0
chr7.12369678.12369847	pos	0	1	0	1	1	0	1	0	0	0	1
chr7.12466190.12466308	pos	0	1	1	0	0	0	0	1	0	0	1
chr7.12701319.12702226	pos	0	1	1	1	1	0	0	1	0	0	1
chr7.12810508.12810630	pos	0	1	0	1	0	1	1	1	1	0	1
chr7.12929421.12929546	pos	0	1	1	1	1	1	0	1	0	0	1
chr7.12935813.12936076	pos	1	1	0	0	1	1	0	1	0	0	0
chr7.12936088.12936771	pos	1	1	0	1	1	1	0	1	0	0	0
chr7.13171080.13171306	pos	0	1	0	1	0	0	1	1	1	1	0
chr7.13271248.13273653	pos	0	1	0	1	1	0	1	0	0	0	1
chr7.13273944.13274195	pos	0	0	0	1	0	0	0	0	0	0	1
chr7.13548461.13548775	pos	1	1	0	0	1	1	0	0	0	1	0
chr7.13739463.13740071	pos	0	1	0	1	0	1	0	1	1	0	0
chr7.13944591.13944682	pos	0	1	0	0	0	0	1	0	1	0	0
chr7.14221653.14221773	pos	0	0	0	1	1	0	0	1	0	0	1
chr7.14366771.14366863	pos	0	1	0	1	0	0	1	0	1	0	0
chr7.15170329.15170441	pos	0	1	0	1	1	1	1	1	1	0	1
chr7.15270951.15271242	pos	0	1	1	1	1	1	1	1	1	0	1
chr7.15683498.15683636	pos	0	1	0	1	1	0	1	1	1	0	1
chr7.16043884.16044230	pos	0	1	0	1	0	1	1	0	0	0	1
chr7.16289653.16289867	pos	0	0	0	0	0	0	1	1	1	0	0
chr7.16717751.16717901	pos	0	1	0	1	1	1	0	1	0	0	1
chr7.16748826.16748927	pos	0	1	0	1	1	1	1	1	1	0	1
chr7.16911781.16912034	pos	1	1	0	1	1	1	1	1	0	0	1
chr7.16963105.16963314	pos	0	1	0	1	1	0	1	1	0	0	1
chr7.17602225.17602435	pos	0	1	0	1	1	1	0	1	0	0	1
chr7.17941248.17942168	pos	1	1	1	1	1	1	1	1	0	0	1
chr7.18531211.18531446	pos	1	1	1	1	1	1	0	1	0	0	1
chr7.19009022.19010018	pos	0	1	1	1	1	0	1	1	1	0	1
chr7.19787012.19787163	pos	1	1	0	1	1	0	0	1	1	1	0
chr7.19964490.19964620	pos	1	0	0	0	1	1	0	0	0	0	1
chr7.19967642.19968110	pos	0	0	0	1	1	1	0	1	0	0	1
chr7.20299404.20300914	pos	0	0	0	1	0	0	1	0	0	0	1
chr7.20301057.20301158	pos	0	0	0	1	0	0	0	0	0	0	1
chr7.21055140.21055218	pos	0	1	1	0	0	1	1	0	1	0	0
chr7.21360188.21360667	pos	1	1	1	1	0	1	0	0	1	0	0
chr7.21760519.21760814	pos	0	1	1	1	1	1	1	1	1	0	1
chr7.21932708.21932961	pos	0	0	0	1	1	0	0	0	0	0	1
chr8.615957.616448	pos	0	1	0	1	1	1	0	1	0	0	1
chr8.919764.920604	pos	0	1	0	1	0	0	1	1	0	0	1
chr8.929154.929457	pos	1	1	0	1	1	1	1	1	1	0	1
chr8.946270.946480	pos	0	1	0	1	1	1	1	1	1	0	1
chr8.1241591.1241790	pos	0	1	0	1	1	1	1	1	1	0	1
chr8.1451691.1451827	pos	1	1	1	1	1	0	0	1	0	0	1
chr8.1908595.1908696	pos	0	1	0	1	1	1	0	1	0	0	1
chr8.1918743.1918885	pos	0	1	0	0	0	0	1	0	0	1	0
chr8.2339197.2339366	pos	0	1	1	0	0	0	1	0	1	0	1
chr8.2433661.2434025	pos	1	1	0	1	1	0	1	1	0	1	0
chr8.3182266.3182591	pos	0	1	0	1	0	0	1	0	1	1	1
chr8.3589526.3590294	pos	1	1	0	1	1	1	0	1	0	0	1
chr8.3984801.3984919	pos	0	0	0	0	0	0	1	0	1	0	0
chr8.4250776.4251006	pos	0	1	0	0	0	0	1	0	0	0	0
chr8.4398302.4398502	pos	1	1	1	1	1	1	0	1	0	0	1
chr8.5217943.5218140	pos	0	1	1	1	1	1	0	1	0	0	1
chr8.5906428.5906626	pos	0	1	0	1	1	1	1	1	0	1	1
chr8.6342639.6344080	pos	1	1	1	1	1	1	0	1	0	0	1
chr8.6468706.6468987	pos	1	1	1	1	1	1	0	1	1	0	0
chr8.6579822.6580425	pos	1	1	0	1	1	1	1	1	1	0	1
chr8.6581126.6581331	pos	0	1	1	1	1	1	1	1	1	0	1
chr8.6581720.6583156	pos	0	0	0	1	1	1	1	1	0	0	1
chr8.6787118.6787258	pos	0	1	1	1	1	1	1	1	1	0	1
chr8.7365674.7365865	pos	0	1	0	0	0	0	1	0	1	0	0
chr8.7409144.7410222	pos	0	1	0	1	1	1	0	1	0	0	1
chr8.7426863.7428974	pos	1	1	0	1	1	1	0	1	0	0	1
chr8.7898561.7898697	pos	0	1	1	0	0	0	1	0	1	0	0
chr8.8366069.8368290	pos	0	1	0	1	1	1	1	1	0	0	1
chr8.8450180.8450316	pos	1	1	0	1	1	1	1	1	1	0	0
chr8.8783949.8784340	pos	0	1	1	1	1	1	1	1	1	1	1
chr8.9621216.9621445	pos	0	0	0	1	0	1	1	1	0	0	1
chr8.9820634.9820711	pos	0	1	0	1	0	0	1	0	1	0	1
chr8.9959579.9959689	pos	0	1	1	1	1	0	1	1	1	0	1
chr8.9960228.9960662	pos	0	1	0	1	0	0	1	1	1	0	1
chr8.10689777.10689892	pos	0	1	0	1	1	0	0	1	0	0	1
chr8.10690844.10691090	pos	1	1	0	1	1	0	1	0	1	0	0
chr8.10875007.10875071	pos	0	0	0	0	0	0	1	0	1	0	0
chr8.11703675.11703867	pos	1	1	0	1	1	0	0	1	0	0	1
chr8.11910148.11910347	pos	0	1	1	0	0	0	1	0	0	1	0
chr8.11980741.11980965	pos	0	1	0	0	0	0	1	0	0	1	0
chr8.11998173.11998308	pos	1	1	0	1	1	0	0	1	0	1	0
chr8.12067736.12067842	pos	0	1	0	1	0	0	1	0	0	0	0
chr8.12126360.12127109	pos	0	1	0	1	1	1	1	1	1	0	1
chr8.12610949.12611153	pos	1	1	1	0	1	1	0	1	1	0	0
chr8.12886152.12886278	pos	0	1	0	1	0	0	1	1	0	0	0
chr8.13518417.13518531	pos	0	1	1	0	0	0	1	0	1	0	1
chr8.13664579.13664957	pos	0	1	1	0	0	0	1	0	0	1	0
chr8.14103025.14103123	pos	1	1	0	0	1	1	0	1	0	1	0
chr8.14894685.14894800	pos	0	1	0	1	1	0	1	1	1	1	1
chr8.14944350.14944768	pos	1	1	0	1	1	1	1	1	0	1	0
chr8.14975249.14975543	pos	0	1	0	1	0	0	1	1	0	0	1
chr8.15014689.15014762	pos	0	1	1	1	1	1	1	1	1	0	1
chr8.15034179.15034283	pos	1	0	0	1	1	1	0	1	0	0	1
chr8.15750929.15751089	pos	0	1	0	1	1	1	1	1	0	0	1
chr8.15899872.15899984	pos	0	1	0	1	1	0	1	1	1	0	1
chr8.16400050.16400162	pos	0	0	0	1	1	0	0	0	0	0	1
chr8.16459337.16459539	pos	0	0	1	0	0	0	1	0	1	0	0
chr8.16643468.16643987	pos	0	0	0	1	1	1	0	1	0	0	1
chr8.17939585.17939735	pos	0	1	1	1	1	1	1	1	0	1	1
chr8.18102580.18102810	pos	1	1	0	1	1	1	0	1	0	0	0
chr8.18434914.18435023	pos	0	1	0	1	1	0	0	1	0	0	1
chr8.18561357.18561489	pos	0	1	0	0	0	1	1	0	0	0	0
chr8.18807125.18807430	pos	0	1	0	1	1	1	1	1	1	1	1
chr8.18824718.18824967	pos	0	0	0	0	0	0	1	0	0	0	0
chr8.18825092.18825190	pos	0	0	0	0	0	0	1	0	0	0	0
chr8.18851419.18851614	pos	1	1	0	1	0	0	1	1	0	0	0
chr8.19149638.19150037	pos	0	0	0	1	0	0	1	0	0	0	0
chr8.19304478.19304620	pos	0	1	0	0	0	0	0	1	0	0	0
chr8.19751919.19752044	pos	0	1	0	0	0	0	1	0	0	0	0
chr8.19874894.19876024	pos	0	0	0	1	1	0	1	0	0	0	1
chr8.21123663.21123858	pos	0	1	0	1	1	0	1	0	1	0	0
unplaced-scaffold_078.13918.14048	pos	0	1	1	1	1	1	1	1	1	1	1
unplaced-scaffold_078.44598.44812	pos	1	1	1	1	1	1	0	1	0	1	1
chr1.59000.59500	neg	0	0	0	0	0	0	0	0	0	0	0
chr1.114500.115000	neg	0	0	0	0	0	0	0	0	0	0	0
chr1.161500.162000	neg	0	0	0	0	0	0	0	0	0	0	0
chr1.578000.578500	neg	0	1	1	1	1	1	1	1	1	0	1
chr1.2405000.2405500	neg	0	0	1	0	0	0	1	0	1	0	0
chr1.2747500.2748000	neg	1	1	0	0	1	0	0	0	0	1	0
chr1.2976500.2977000	neg	0	0	0	0	0	0	1	0	1	0	0
chr1.3304500.3305000	neg	0	1	0	1	0	0	1	1	1	0	1
chr1.3434500.3435000	neg	0	0	1	0	0	0	1	0	1	0	0
chr1.3572500.3573000	neg	0	0	0	0	0	0	1	0	0	0	0
chr1.3595500.3596000	neg	0	0	0	0	0	0	1	0	1	0	0
chr1.3786500.3787000	neg	0	1	0	1	0	0	1	1	1	0	1
chr1.3858500.3859000	neg	0	1	0	1	1	1	1	1	1	0	1
chr1.3953500.3954000	neg	0	1	0	0	1	1	1	1	1	0	1
chr1.4439500.4440000	neg	0	0	1	1	0	0	1	0	1	0	1
chr1.4661000.4661500	neg	0	1	0	0	0	0	1	0	1	0	1
chr1.4994500.4995000	neg	1	1	1	0	1	1	1	0	0	1	0
chr1.5042500.5043000	neg	1	1	0	1	1	1	1	1	1	0	0
chr1.5107000.5107500	neg	0	1	0	1	1	1	1	0	1	0	1
chr1.5281000.5281500	neg	1	1	0	1	1	1	1	1	0	1	0
chr1.5427500.5428000	neg	0	1	1	1	1	1	1	1	1	0	1
chr1.5953500.5954000	neg	0	0	1	0	0	0	1	0	1	0	0
chr1.6235000.6235500	neg	0	1	0	1	0	0	1	0	1	0	0
chr1.6547000.6547500	neg	0	0	1	0	0	1	1	0	1	0	1
chr1.6585500.6586000	neg	0	1	0	0	1	1	1	1	1	0	1
chr1.6851500.6852000	neg	0	1	0	1	0	0	0	1	0	0	1
chr1.6979500.6980000	neg	0	1	0	1	0	1	1	1	0	0	0
chr1.6986000.6986500	neg	0	1	1	0	0	0	1	0	1	0	0
chr1.7039000.7039500	neg	0	0	0	0	0	0	1	0	1	0	0
chr1.7253500.7254000	neg	0	0	1	1	0	0	1	0	1	0	0
chr1.7673500.7674000	neg	0	0	0	1	0	1	1	0	1	0	1
chr1.7774000.7774500	neg	0	0	0	0	0	0	1	0	1	0	0
chr1.7802500.7803000	neg	0	1	0	1	1	1	1	1	1	0	1
chr1.7892500.7893000	neg	0	0	0	0	0	0	0	1	0	0	0
chr1.7982500.7983000	neg	1	1	1	1	1	0	0	0	0	1	0
chr1.8407000.8407500	neg	1	1	0	1	1	1	0	1	0	1	1
chr1.8445000.8445500	neg	0	1	0	0	1	1	1	1	1	0	0
chr1.8752000.8752500	neg	0	0	0	0	0	1	1	0	1	0	0
chr1.8833000.8833500	neg	0	1	0	1	1	1	0	1	0	0	1
chr1.8921500.8922000	neg	0	1	0	1	1	0	0	1	0	0	1
chr1.9124500.9125000	neg	0	1	0	0	0	0	1	0	1	0	1
chr1.9597500.9598000	neg	1	1	0	1	1	1	0	1	0	0	1
chr1.10566500.10567000	neg	0	1	1	1	1	1	1	1	1	0	1
chr1.11391000.11391500	neg	0	1	1	1	1	1	0	1	0	0	1
chr1.11701500.11702000	neg	0	0	0	0	0	0	1	0	1	0	0
chr1.12265000.12265500	neg	0	1	0	1	1	1	1	1	1	1	1
chr1.12282500.12283000	neg	0	0	1	0	0	0	1	0	1	0	0
chr1.12376500.12377000	neg	0	0	0	0	0	0	0	0	1	0	0
chr1.12535000.12535500	neg	0	1	1	1	1	1	1	1	1	0	1
chr1.12902000.12902500	neg	1	1	0	0	0	1	0	0	0	0	0
chr1.12936000.12936500	neg	0	1	0	1	1	1	1	1	1	0	1
chr1.13579000.13579500	neg	0	0	1	0	0	0	1	0	1	0	0
chr1.13679000.13679500	neg	0	1	1	1	0	0	1	0	1	0	1
chr1.13848000.13848500	neg	0	0	1	0	0	0	1	0	1	0	0
chr1.13848500.13849000	neg	0	1	1	0	0	0	1	0	1	0	0
chr1.13849000.13849500	neg	0	1	1	1	0	0	1	0	1	0	0
chr1.14014000.14014500	neg	1	1	0	1	1	0	1	1	0	1	0
chr1.14312000.14312500	neg	0	0	1	0	0	0	1	0	1	0	0
chr1.14439000.14439500	neg	0	1	0	0	1	0	1	0	1	0	0
chr1.14484500.14485000	neg	0	0	0	0	0	0	1	0	1	0	0
chr1.14498500.14499000	neg	0	1	0	1	1	1	1	1	1	0	1
chr1.14597500.14598000	neg	0	1	0	1	1	1	1	1	1	0	1
chr1.14871000.14871500	neg	0	0	0	1	1	1	1	0	1	0	0
chr1.14888500.14889000	neg	0	0	1	1	0	0	1	0	1	0	1
chr1.15269500.15270000	neg	0	0	0	0	0	0	1	0	1	0	0
chr1.15519500.15520000	neg	0	0	0	0	0	0	1	0	0	0	0
chr1.16027000.16027500	neg	0	1	1	0	0	0	1	0	1	0	0
chr1.16309500.16310000	neg	0	1	0	1	0	0	1	0	1	0	0
chr1.16366500.16367000	neg	0	0	0	0	0	0	1	0	1	0	0
chr1.16778000.16778500	neg	0	1	1	0	0	0	1	0	1	0	1
chr1.16857500.16858000	neg	0	0	0	0	0	0	1	0	1	0	0
chr1.17083500.17084000	neg	0	0	0	0	0	0	1	0	1	0	0
chr1.17266500.17267000	neg	0	0	0	0	0	0	1	0	1	0	0
chr1.17721500.17722000	neg	0	0	1	0	0	0	1	0	1	0	0
chr1.17850500.17851000	neg	0	1	0	0	0	0	1	0	1	0	0
chr1.18127000.18127500	neg	0	1	1	1	0	0	1	0	1	0	1
chr1.18701500.18702000	neg	1	1	0	1	1	1	0	1	0	0	1
chr1.19049500.19050000	neg	0	0	1	0	0	0	1	0	1	0	0
chr1.19190500.19191000	neg	0	0	0	0	0	0	1	0	1	0	0
chr1.19457500.19458000	neg	0	0	0	0	0	0	1	0	1	0	0
chr1.19769500.19770000	neg	0	1	0	1	0	0	1	1	1	0	1
chr1.20095500.20096000	neg	0	0	0	0	0	0	1	0	1	0	0
chr1.20112500.20113000	neg	0	1	1	1	0	1	1	1	1	0	1
chr1.20325000.20325500	neg	0	1	0	0	1	0	1	0	1	0	1
chr1.20772000.20772500	neg	0	0	1	1	0	1	1	1	1	0	1
chr1.20998000.20998500	neg	0	1	0	1	1	1	1	1	0	0	1
chr1.21097000.21097500	neg	0	1	1	0	0	0	1	0	1	0	1
chr1.21679000.21679500	neg	0	0	1	0	0	0	1	0	1	0	0
chr1.21767500.21768000	neg	0	0	1	0	0	0	1	0	1	0	1
chr1.21939500.21940000	neg	0	0	0	0	0	0	1	0	1	0	0
chr1.22151000.22151500	neg	0	0	0	0	0	0	1	0	1	0	0
chr1.22976500.22977000	neg	1	1	0	1	0	0	0	1	0	1	0
chr1.23118500.23119000	neg	0	1	1	1	1	1	1	1	1	0	1
chr1.23121500.23122000	neg	0	1	0	1	0	0	1	1	1	0	0
chr1.23502000.23502500	neg	1	1	1	0	1	0	1	0	0	1	0
chr1.23622000.23622500	neg	0	0	1	0	0	1	1	0	1	0	0
chr1.24089000.24089500	neg	1	1	1	1	1	0	0	0	0	0	0
chr1.24128000.24128500	neg	0	1	1	1	0	1	1	0	0	0	1
chr1.24359500.24360000	neg	0	1	1	1	0	0	1	0	1	0	1
chr1.24732500.24733000	neg	0	1	0	0	0	0	1	0	1	0	1
chr1.24978500.24979000	neg	0	1	1	1	0	1	1	1	1	0	1
chr1.25252500.25253000	neg	0	1	0	0	1	1	1	1	1	0	1
chr1.25666500.25667000	neg	1	1	0	0	1	1	0	1	0	0	1
chr1.26034000.26034500	neg	0	1	1	1	1	0	0	1	0	0	1
chr1.26059000.26059500	neg	0	1	0	1	1	0	1	1	1	0	1
chr1.26214000.26214500	neg	0	1	1	1	0	1	1	1	0	0	1
chr1.26617000.26617500	neg	0	0	0	1	0	0	1	0	1	0	1
chr1.26753000.26753500	neg	0	0	0	1	1	1	1	0	1	0	1
chr1.27083000.27083500	neg	0	0	0	0	0	0	1	0	1	0	1
chr1.27194500.27195000	neg	0	0	0	1	1	1	1	1	0	0	1
chr1.27471500.27472000	neg	0	1	0	0	0	0	0	0	0	0	0
chr1.27747000.27747500	neg	0	0	0	0	0	0	1	0	1	0	0
chr1.28473000.28473500	neg	1	1	1	1	1	0	1	0	0	1	0
chr1.28739500.28740000	neg	0	0	1	0	0	0	1	0	1	0	0
chr1.29132000.29132500	neg	0	1	0	1	1	1	1	1	1	0	1
chr1.29286000.29286500	neg	0	1	0	0	0	0	1	0	0	1	0
chr1.29632500.29633000	neg	0	0	1	0	0	0	1	0	1	0	1
chr1.30461000.30461500	neg	0	1	1	0	0	0	1	0	0	1	0
chr2.340000.340500	neg	0	1	1	1	0	1	1	1	1	0	1
chr2.437000.437500	neg	0	1	0	1	1	1	1	1	1	0	1
chr2.478000.478500	neg	0	1	0	1	1	0	1	1	0	0	1
chr2.1342000.1342500	neg	0	1	0	1	1	0	1	1	1	0	1
chr2.1775000.1775500	neg	0	0	0	0	0	0	0	0	0	0	0
chr2.1776000.1776500	neg	0	0	0	0	0	0	0	0	0	0	0
chr2.1847500.1848000	neg	0	0	0	0	0	0	0	0	0	0	0
chr2.2090000.2090500	neg	1	1	0	1	1	0	1	1	0	1	1
chr2.2138000.2138500	neg	1	1	0	1	1	1	1	1	0	1	0
chr2.2296000.2296500	neg	1	1	0	1	1	1	0	1	0	1	0
chr2.2978000.2978500	neg	1	1	0	1	1	0	1	0	1	0	1
chr2.3649500.3650000	neg	0	1	0	0	0	0	1	0	0	1	0
chr2.3915000.3915500	neg	1	1	0	1	1	0	0	1	0	1	0
chr2.4361500.4362000	neg	1	1	0	1	1	0	0	1	0	1	0
chr2.4761500.4762000	neg	1	1	0	0	1	0	0	1	0	1	0
chr2.4966000.4966500	neg	0	1	1	0	0	0	1	0	1	0	0
chr2.5152000.5152500	neg	0	1	1	1	1	1	1	1	0	1	1
chr2.6136500.6137000	neg	0	0	0	0	0	0	1	0	1	0	0
chr2.7244000.7244500	neg	1	1	1	1	1	1	1	1	0	0	1
chr2.7394000.7394500	neg	0	1	1	1	1	1	1	1	1	0	1
chr2.7662500.7663000	neg	1	1	1	1	1	1	1	1	1	1	0
chr2.7899500.7900000	neg	0	1	1	1	1	1	1	0	1	0	1
chr2.7949500.7950000	neg	0	0	0	1	0	0	1	1	1	0	0
chr2.8257000.8257500	neg	1	1	0	0	1	0	1	1	1	0	0
chr2.8333000.8333500	neg	0	1	1	1	1	1	1	1	1	0	1
chr2.8777000.8777500	neg	0	1	1	1	1	0	1	0	0	0	1
chr2.9026000.9026500	neg	1	1	0	1	1	1	1	1	0	0	0
chr2.9047000.9047500	neg	1	1	0	1	1	1	0	1	1	0	0
chr2.9141000.9141500	neg	0	1	1	1	0	1	1	1	1	0	0
chr2.9372500.9373000	neg	1	1	0	1	1	0	0	1	0	1	0
chr2.9663500.9664000	neg	1	1	0	1	1	0	1	1	1	1	0
chr2.9745000.9745500	neg	0	1	0	0	0	0	1	0	1	0	0
chr2.10105000.10105500	neg	0	0	0	0	0	0	1	0	0	1	0
chr2.10177000.10177500	neg	0	1	1	0	0	0	1	1	1	0	1
chr2.10366500.10367000	neg	1	1	1	1	1	1	1	1	0	0	1
chr2.10503000.10503500	neg	0	0	0	0	0	0	1	0	1	1	0
chr2.10718000.10718500	neg	1	1	0	1	1	0	0	1	0	1	0
chr2.10887500.10888000	neg	0	0	0	0	0	0	1	0	1	0	0
chr2.10957000.10957500	neg	0	1	0	1	1	1	1	1	1	0	0
chr2.11519000.11519500	neg	1	1	0	1	0	1	0	1	0	0	1
chr2.11640000.11640500	neg	0	0	0	0	0	0	0	0	0	0	0
chr2.11650500.11651000	neg	0	1	1	1	1	0	1	0	0	1	0
chr2.12073000.12073500	neg	1	1	0	0	0	1	0	1	0	0	0
chr2.12181500.12182000	neg	1	1	0	1	1	0	0	0	0	0	0
chr2.12454500.12455000	neg	1	1	0	0	1	1	0	0	0	1	0
chr2.12737500.12738000	neg	1	1	0	1	1	0	0	1	0	1	0
chr2.14155500.14156000	neg	0	0	0	0	0	0	1	0	1	0	0
chr2.14571000.14571500	neg	1	1	1	1	1	1	0	1	1	0	0
chr2.14642500.14643000	neg	1	1	1	1	1	1	1	1	1	1	0
chr2.14692000.14692500	neg	1	1	1	1	1	0	1	1	1	1	1
chr2.15018000.15018500	neg	1	1	1	1	1	1	1	0	1	0	0
chr2.15201500.15202000	neg	0	1	0	1	1	1	1	1	1	1	0
chr2.15659000.15659500	neg	0	1	1	0	0	0	1	1	0	1	0
chr2.15754000.15754500	neg	0	0	0	0	0	0	1	0	1	1	0
chr2.15794500.15795000	neg	0	0	0	0	0	0	1	0	0	1	0
chr2.16036000.16036500	neg	1	1	0	1	1	0	0	0	0	1	0
chr2.16146500.16147000	neg	0	1	1	1	1	1	1	1	0	0	1
chr2.16212000.16212500	neg	1	1	1	1	1	1	0	1	0	1	0
chr2.16213000.16213500	neg	1	1	0	1	1	1	0	1	0	1	0
chr2.16343000.16343500	neg	0	1	0	1	0	0	1	1	0	1	0
chr2.16377000.16377500	neg	0	1	0	1	1	1	1	0	1	0	1
chr2.16707500.16708000	neg	0	0	1	0	0	0	1	0	1	0	0
chr2.17087000.17087500	neg	0	0	0	0	0	1	1	0	0	1	0
chr2.17524500.17525000	neg	0	0	0	1	0	0	1	0	1	0	0
chr2.17985500.17986000	neg	0	1	0	1	1	0	1	1	1	1	0
chr2.18347000.18347500	neg	1	1	0	1	1	0	1	1	0	1	0
chr2.18973500.18974000	neg	1	1	0	0	1	0	0	1	0	1	0
chr2.19034000.19034500	neg	0	0	0	1	0	0	1	0	1	0	1
chr2.19073500.19074000	neg	0	1	1	1	0	1	1	1	0	0	0
chr2.19127000.19127500	neg	0	1	1	1	0	0	1	1	1	0	1
chr2.19280000.19280500	neg	0	0	1	0	0	0	1	0	1	1	0
chr2.19401500.19402000	neg	1	1	0	1	1	0	1	1	0	1	0
chr2.19663000.19663500	neg	0	1	0	1	1	0	1	0	1	0	1
chr2.19957000.19957500	neg	0	0	0	0	0	0	1	0	1	0	0
chr2.19957500.19958000	neg	0	1	0	0	0	0	1	0	1	0	0
chr2.20026000.20026500	neg	1	1	1	1	1	0	0	1	0	1	0
chr2.20100500.20101000	neg	0	1	1	1	0	1	1	0	1	0	1
chr2.20111500.20112000	neg	0	0	0	0	0	0	1	0	1	0	0
chr2.20240500.20241000	neg	1	1	0	1	1	0	0	1	0	1	0
chr2.21034000.21034500	neg	0	1	1	0	1	1	1	0	1	0	1
chr2.21150500.21151000	neg	0	1	1	1	0	0	1	1	0	0	0
chr2.21649500.21650000	neg	0	1	1	1	1	1	1	0	0	0	1
chr2.21693000.21693500	neg	1	1	1	1	1	0	1	1	1	0	0
chr2.22168000.22168500	neg	0	0	0	0	0	0	1	0	1	0	0
chr2.22673500.22674000	neg	1	1	1	1	0	1	1	0	1	1	0
chr2.23777500.23778000	neg	1	1	0	0	1	0	0	0	0	1	0
chr2.24104500.24105000	neg	0	1	1	1	1	1	1	0	0	0	1
chr2.24433500.24434000	neg	0	1	1	1	1	1	1	1	1	0	1
chr2.24585000.24585500	neg	0	0	0	0	0	0	1	1	1	1	0
chr2.24652500.24653000	neg	0	1	1	1	1	1	1	1	1	1	1
chr2.24776000.24776500	neg	1	1	0	1	1	0	1	1	1	1	0
chr2.24875000.24875500	neg	0	1	0	0	1	0	1	1	0	0	0
chr2.25738000.25738500	neg	0	1	0	1	0	0	1	1	1	1	1
chr2.26040500.26041000	neg	0	0	1	0	0	0	1	0	1	0	0
chr2.26225000.26225500	neg	0	0	0	0	0	0	1	0	1	0	0
chr2.26964000.26964500	neg	0	0	0	0	0	0	0	0	0	1	0
chr2.27071500.27072000	neg	0	0	0	0	0	0	1	0	1	0	0
chr2.27110500.27111000	neg	1	1	0	1	1	0	1	1	0	1	0
chr2.27488000.27488500	neg	0	1	0	1	0	1	1	0	1	1	1
chr2.28084000.28084500	neg	0	1	1	1	0	1	1	1	0	0	0
chr2.28121500.28122000	neg	1	1	1	1	1	1	1	1	0	0	1
chr2.28175500.28176000	neg	0	1	1	0	0	0	1	1	1	0	1
chr2.28570000.28570500	neg	0	0	0	0	0	0	1	0	1	0	0
chr2.29262000.29262500	neg	0	1	0	1	0	0	1	1	1	1	0
chr3.675500.676000	neg	0	0	0	0	0	0	1	1	1	0	0
chr3.897000.897500	neg	0	0	0	0	0	0	1	0	0	0	1
chr3.898000.898500	neg	0	0	0	0	0	0	1	0	0	0	1
chr3.1024500.1025000	neg	0	1	0	1	1	1	1	1	1	0	1
chr3.1257000.1257500	neg	0	1	0	1	1	0	1	0	1	0	1
chr3.1500000.1500500	neg	0	1	0	1	1	1	1	0	1	0	1
chr3.1862500.1863000	neg	0	0	0	1	1	1	1	0	1	0	1
chr3.2224500.2225000	neg	1	1	1	1	1	1	1	1	1	0	1
chr3.2451000.2451500	neg	0	1	1	1	1	1	0	1	0	0	1
chr3.3049000.3049500	neg	0	0	0	0	0	0	0	0	0	1	0
chr3.3138000.3138500	neg	1	1	0	0	1	0	0	1	0	1	0
chr3.3180500.3181000	neg	1	1	0	1	1	0	1	1	0	1	0
chr3.3733000.3733500	neg	0	1	0	0	0	1	1	1	0	0	1
chr3.3815000.3815500	neg	0	0	0	0	0	0	1	0	1	0	0
chr3.3829500.3830000	neg	1	1	1	0	1	1	1	1	1	0	1
chr3.4029500.4030000	neg	0	1	1	1	1	1	1	1	0	0	1
chr3.4170500.4171000	neg	0	1	1	1	1	1	1	1	1	0	1
chr3.4454000.4454500	neg	1	1	1	1	1	1	0	1	0	1	0
chr3.4558500.4559000	neg	1	1	0	1	1	1	1	1	1	1	0
chr3.4888000.4888500	neg	0	1	0	1	1	1	1	1	0	1	1
chr3.4927500.4928000	neg	1	1	1	1	1	1	0	1	0	0	0
chr3.4946500.4947000	neg	0	1	0	1	1	0	0	1	0	1	0
chr3.5062000.5062500	neg	1	1	0	1	1	0	0	1	0	1	0
chr3.5078000.5078500	neg	0	1	1	1	1	1	0	1	0	1	0
chr3.5451000.5451500	neg	0	1	0	0	0	1	0	0	0	0	0
chr3.5759000.5759500	neg	0	1	0	0	1	1	1	0	1	0	1
chr3.6089000.6089500	neg	0	0	1	0	0	0	1	0	1	0	0
chr3.6120000.6120500	neg	0	1	0	0	0	0	1	0	1	0	1
chr3.6253000.6253500	neg	1	1	1	1	1	1	1	1	1	0	0
chr3.6310500.6311000	neg	0	1	0	1	1	1	1	1	0	0	1
chr3.6558000.6558500	neg	1	1	0	1	1	1	1	1	0	1	1
chr3.6904000.6904500	neg	0	1	0	0	0	0	1	1	1	0	1
chr3.7030000.7030500	neg	0	1	1	1	1	1	1	1	1	1	1
chr3.7985500.7986000	neg	0	1	1	1	1	1	1	1	1	0	1
chr3.8901500.8902000	neg	0	1	0	1	1	0	1	1	1	0	1
chr3.8937000.8937500	neg	0	0	0	0	0	1	1	0	0	0	0
chr3.8937500.8938000	neg	0	1	0	0	1	1	1	0	0	0	1
chr3.9038000.9038500	neg	0	0	0	0	0	0	0	1	0	1	0
chr3.9074000.9074500	neg	0	0	0	0	0	0	0	0	0	0	0
chr3.10245500.10246000	neg	0	1	0	0	0	0	1	0	1	0	0
chr3.10499000.10499500	neg	0	0	1	0	0	0	1	0	1	0	0
chr3.10650000.10650500	neg	1	1	1	1	1	1	1	1	1	1	0
chr3.10789000.10789500	neg	0	0	0	0	0	0	1	0	1	1	0
chr3.10972500.10973000	neg	1	1	0	1	1	1	0	1	0	0	1
chr3.11338000.11338500	neg	0	1	0	0	0	0	1	0	1	0	0
chr3.11427000.11427500	neg	1	1	0	1	1	1	1	0	0	1	0
chr3.11480500.11481000	neg	0	1	1	0	0	1	1	0	1	0	1
chr3.12052500.12053000	neg	1	1	0	1	1	0	0	1	0	1	0
chr3.12053000.12053500	neg	1	1	0	1	1	0	0	1	0	1	0
chr3.13440500.13441000	neg	0	1	0	1	0	1	1	1	0	0	0
chr3.13584000.13584500	neg	0	1	0	1	0	0	1	1	1	0	0
chr3.13672500.13673000	neg	1	1	0	1	1	1	1	1	1	1	0
chr3.14129000.14129500	neg	1	1	0	1	1	0	0	1	0	1	0
chr3.14436500.14437000	neg	0	1	1	1	1	1	1	1	0	0	1
chr3.14486000.14486500	neg	0	1	0	1	1	1	1	1	1	1	0
chr3.14563000.14563500	neg	1	1	0	0	1	0	0	0	0	1	0
chr3.15279500.15280000	neg	0	1	1	1	1	0	1	1	1	1	1
chr3.15511500.15512000	neg	1	1	0	1	1	0	0	1	0	1	0
chr3.15575500.15576000	neg	0	1	1	1	0	1	1	1	1	0	1
chr3.15658000.15658500	neg	0	1	0	1	1	0	1	1	1	0	0
chr3.15989000.15989500	neg	0	1	1	1	1	1	1	0	1	0	0
chr3.16084500.16085000	neg	0	0	0	0	0	0	1	0	0	1	0
chr3.16293500.16294000	neg	0	1	1	1	1	1	1	1	0	1	0
chr3.16814500.16815000	neg	1	1	0	1	1	0	0	1	1	1	0
chr3.16970500.16971000	neg	1	1	0	0	1	0	1	0	1	0	0
chr3.17278500.17279000	neg	0	1	1	1	1	1	1	1	0	0	1
chr3.17597000.17597500	neg	1	1	0	1	1	1	0	1	0	1	0
chr3.18144000.18144500	neg	0	1	0	1	1	1	1	1	1	0	1
chr3.18393500.18394000	neg	1	1	0	1	1	1	0	1	0	0	1
chr3.18993500.18994000	neg	1	1	0	1	1	0	0	1	0	1	0
chr3.19076000.19076500	neg	0	1	1	1	0	0	1	1	1	0	0
chr3.19232000.19232500	neg	0	1	1	1	1	1	1	1	1	0	1
chr3.20403000.20403500	neg	1	1	0	1	1	1	1	1	1	0	1
chr3.20452000.20452500	neg	0	0	0	0	0	0	0	0	0	0	0
chr3.20723000.20723500	neg	1	1	1	1	1	1	1	1	1	1	0
chr3.20982000.20982500	neg	1	1	0	1	1	0	0	1	0	1	0
chr3.21094500.21095000	neg	1	1	0	1	1	1	0	1	0	0	1
chr3.21209000.21209500	neg	0	0	0	0	0	0	1	1	1	0	0
chr3.21577000.21577500	neg	0	1	0	0	0	0	1	0	1	0	0
chr3.21794500.21795000	neg	1	1	0	1	0	0	1	0	0	0	0
chr3.21809000.21809500	neg	1	1	1	1	1	0	0	1	0	1	0
chr3.21980500.21981000	neg	0	1	0	0	1	1	1	1	1	0	1
chr3.22030000.22030500	neg	1	1	0	0	1	1	1	1	1	0	1
chr3.22325000.22325500	neg	0	1	0	1	1	0	1	1	0	1	0
chr3.22779000.22779500	neg	1	1	0	1	1	0	0	1	0	1	0
chr3.22969500.22970000	neg	0	0	0	0	0	0	1	0	1	0	0
chr3.23084000.23084500	neg	1	1	0	1	1	0	1	0	0	1	0
chr3.23352500.23353000	neg	1	1	0	1	1	0	0	1	1	1	0
chr3.23471500.23472000	neg	1	1	0	1	1	0	0	1	1	0	0
chr3.23576000.23576500	neg	1	1	1	1	1	1	1	1	1	0	0
chr3.23833000.23833500	neg	0	1	0	1	1	1	1	1	1	0	0
chr3.23909000.23909500	neg	0	1	0	0	1	0	1	0	0	1	0
chr3.24129500.24130000	neg	1	1	0	1	1	1	0	0	0	0	1
chr3.24238000.24238500	neg	0	1	1	1	1	1	1	1	1	0	0
chr3.24535000.24535500	neg	0	1	0	1	1	1	0	0	0	0	1
chr3.24606500.24607000	neg	0	1	0	0	1	0	1	1	1	0	1
chr3.24986000.24986500	neg	0	0	0	0	0	0	0	0	1	0	0
chr3.25096500.25097000	neg	1	1	0	1	1	0	1	0	0	1	0
chr3.25516500.25517000	neg	1	1	0	1	1	0	0	1	0	1	0
chr3.25631000.25631500	neg	1	1	0	1	1	0	0	0	0	1	0
chr3.25928000.25928500	neg	0	0	0	0	0	0	1	1	0	1	0
chr3.26151500.26152000	neg	0	1	1	1	0	0	1	1	1	0	0
chr3.26749000.26749500	neg	0	1	1	1	1	1	1	1	0	0	1
chr3.26943000.26943500	neg	0	0	0	0	0	0	1	0	1	0	0
chr4.698000.698500	neg	0	0	0	0	0	0	1	0	0	0	0
chr4.844000.844500	neg	0	1	0	0	0	0	0	1	0	1	0
chr4.857500.858000	neg	1	1	0	1	1	1	1	1	1	1	1
chr4.1571500.1572000	neg	0	0	0	0	0	0	0	0	0	1	0
chr4.2676000.2676500	neg	0	0	0	0	0	0	1	0	1	0	0
chr4.2713000.2713500	neg	1	1	0	1	1	1	1	1	1	1	0
chr4.3023500.3024000	neg	1	1	1	0	1	1	1	1	0	0	0
chr4.3119000.3119500	neg	0	0	0	1	1	0	0	1	0	0	1
chr4.3435500.3436000	neg	0	1	0	1	0	0	0	1	0	1	0
chr4.3657500.3658000	neg	1	1	1	0	1	0	1	0	0	1	0
chr4.3781000.3781500	neg	1	0	0	0	0	0	0	0	0	1	0
chr4.4483500.4484000	neg	0	1	0	1	1	1	1	0	0	0	1
chr4.4842000.4842500	neg	0	1	1	1	0	1	1	1	1	0	1
chr4.5415000.5415500	neg	0	1	1	1	0	0	1	0	0	1	0
chr4.5893000.5893500	neg	0	0	0	0	1	0	0	0	0	0	1
chr4.5932500.5933000	neg	1	1	0	1	1	1	0	1	1	0	0
chr4.6345500.6346000	neg	0	1	1	1	1	0	1	1	0	1	0
chr4.7038000.7038500	neg	0	1	0	0	1	1	1	1	0	0	1
chr4.7672500.7673000	neg	0	1	0	1	1	0	1	1	0	0	1
chr4.7809500.7810000	neg	0	1	0	0	0	1	1	0	1	0	0
chr4.7810000.7810500	neg	0	1	0	0	1	1	1	0	0	0	1
chr4.7845000.7845500	neg	1	1	0	0	0	0	1	0	0	0	0
chr4.8179000.8179500	neg	0	1	0	1	1	1	1	1	0	0	0
chr4.8202000.8202500	neg	0	1	0	1	0	1	1	0	1	0	1
chr4.9145000.9145500	neg	1	1	0	1	1	0	0	1	0	0	1
chr4.9168500.9169000	neg	0	0	0	0	0	0	1	0	1	0	0
chr4.9438000.9438500	neg	1	1	0	1	1	0	1	1	0	1	0
chr4.9472000.9472500	neg	0	0	0	0	0	0	0	0	0	1	0
chr4.9548000.9548500	neg	0	0	0	0	0	0	0	0	0	0	0
chr4.10669500.10670000	neg	0	0	0	0	0	0	0	0	0	0	0
chr4.11457500.11458000	neg	0	1	0	1	1	1	1	1	0	0	1
chr4.11749000.11749500	neg	0	1	0	0	0	0	1	0	1	0	1
chr4.12710000.12710500	neg	0	1	0	1	1	1	1	1	1	0	1
chr4.13397000.13397500	neg	0	1	1	1	1	1	1	1	0	0	1
chr4.13477000.13477500	neg	0	1	1	1	0	0	1	0	1	0	1
chr4.13610000.13610500	neg	1	1	1	1	1	1	0	1	0	1	0
chr4.14370000.14370500	neg	0	0	0	0	0	0	0	0	0	0	0
chr4.14405500.14406000	neg	0	1	1	0	0	0	1	0	1	0	0
chr4.14496000.14496500	neg	0	1	0	1	1	1	1	1	1	0	1
chr4.14545000.14545500	neg	0	0	0	0	0	1	0	0	0	0	0
chr4.14571500.14572000	neg	0	0	0	0	0	1	0	0	0	0	0
chr4.14965500.14966000	neg	0	1	1	1	1	1	1	1	1	1	0
chr4.15002500.15003000	neg	0	0	0	0	0	0	0	0	0	0	0
chr4.15014500.15015000	neg	0	0	0	0	0	0	0	0	0	0	0
chr4.15564000.15564500	neg	0	1	1	1	1	0	1	1	0	1	0
chr4.15866500.15867000	neg	1	1	1	1	1	1	1	1	1	1	0
chr4.15973000.15973500	neg	0	1	1	1	1	1	1	1	1	1	0
chr4.16237500.16238000	neg	0	0	0	0	0	0	1	0	0	1	0
chr4.16459500.16460000	neg	0	0	0	0	0	0	1	0	1	0	0
chr4.16489000.16489500	neg	0	0	0	0	0	0	1	0	1	0	0
chr4.16743500.16744000	neg	1	1	0	1	1	0	0	1	0	1	0
chr4.16753500.16754000	neg	0	1	1	1	1	0	1	1	1	1	0
chr4.16755500.16756000	neg	0	1	0	1	1	1	0	1	0	0	1
chr4.16939500.16940000	neg	0	1	0	1	1	0	1	1	1	1	1
chr4.17390500.17391000	neg	0	1	1	1	0	0	1	1	1	0	0
chr4.17617500.17618000	neg	0	1	0	1	0	0	1	0	1	0	0
chr4.17960000.17960500	neg	1	1	0	1	1	0	0	1	0	1	0
chr4.17966500.17967000	neg	0	1	1	1	1	1	1	1	0	1	1
chr4.18003500.18004000	neg	1	1	1	1	1	0	0	0	0	0	0
chr4.18074500.18075000	neg	1	1	0	0	1	1	0	0	0	0	0
chr4.18363000.18363500	neg	0	1	1	0	1	1	1	0	0	0	1
chr4.18461500.18462000	neg	1	1	0	0	1	1	0	1	0	0	0
chr4.18526000.18526500	neg	0	1	1	0	1	1	1	1	1	0	0
chr4.18979500.18980000	neg	1	1	1	1	1	0	0	1	0	1	0
chr4.19171000.19171500	neg	0	1	0	1	1	1	1	1	1	1	1
chr4.19212000.19212500	neg	1	1	0	0	1	1	0	0	0	1	0
chr4.19433000.19433500	neg	0	1	1	1	0	0	1	1	1	0	1
chr4.20005000.20005500	neg	1	1	1	1	0	1	1	1	1	0	0
chr4.20207000.20207500	neg	1	1	1	1	1	1	1	1	1	0	0
chr4.20344000.20344500	neg	0	1	0	0	1	0	1	0	1	0	0
chr4.20538500.20539000	neg	0	1	0	1	1	0	1	0	1	0	0
chr4.20612000.20612500	neg	0	1	0	1	1	1	1	1	1	0	1
chr4.20807000.20807500	neg	0	1	0	1	1	1	1	1	0	1	0
chr4.20821500.20822000	neg	1	1	0	1	1	0	1	1	0	1	0
chr4.20877500.20878000	neg	1	1	0	1	1	0	0	1	0	1	0
chr4.20955500.20956000	neg	0	0	1	0	0	0	1	0	0	1	0
chr4.20997000.20997500	neg	0	1	0	0	0	0	1	0	0	1	0
chr4.21104000.21104500	neg	1	1	1	1	1	0	1	1	0	1	0
chr4.21524000.21524500	neg	1	1	0	1	1	1	1	1	1	0	1
chr4.21846000.21846500	neg	0	1	1	1	1	1	1	1	0	0	0
chr4.21944000.21944500	neg	1	1	0	1	1	0	0	1	0	1	0
chr4.22081500.22082000	neg	1	1	0	1	1	1	1	1	1	1	0
chr4.22774500.22775000	neg	0	0	0	1	0	1	1	0	0	0	0
chr4.22969500.22970000	neg	1	1	0	1	1	1	0	1	0	0	0
chr4.23429500.23430000	neg	0	0	0	1	0	0	1	0	1	0	0
chr4.24156000.24156500	neg	0	1	0	1	1	1	1	1	1	0	1
chr4.24211500.24212000	neg	0	1	0	1	1	0	1	1	1	0	1
chr4.24714500.24715000	neg	0	0	0	0	0	0	0	0	0	0	0
chr4.25140500.25141000	neg	0	0	0	0	0	0	1	0	1	0	0
chr4.25338000.25338500	neg	0	1	0	1	1	1	1	1	1	0	0
chr4.26071000.26071500	neg	0	1	1	0	1	1	1	1	0	0	0
chr4.26381500.26382000	neg	0	1	1	1	0	0	1	1	1	0	0
chr4.26735000.26735500	neg	0	1	0	1	1	0	1	1	1	0	1
chr4.26792000.26792500	neg	0	0	0	0	0	0	1	0	1	0	0
chr4.26812000.26812500	neg	0	1	0	1	0	0	1	1	1	0	1
chr4.26921000.26921500	neg	0	0	0	0	0	0	0	0	0	0	0
chr5.25500.26000	neg	1	1	1	1	1	1	1	1	1	1	0
chr5.61000.61500	neg	0	0	0	0	0	0	1	0	1	0	0
chr5.1118000.1118500	neg	1	1	0	1	1	1	1	1	0	1	0
chr5.1125000.1125500	neg	0	1	1	1	1	1	1	1	1	1	0
chr5.1931500.1932000	neg	0	0	0	0	0	0	0	0	0	0	0
chr5.2021500.2022000	neg	0	1	1	0	0	0	1	0	1	1	0
chr5.2256000.2256500	neg	0	1	1	1	1	0	0	1	0	1	0
chr5.2270000.2270500	neg	0	1	0	1	1	0	0	1	0	1	0
chr5.2633500.2634000	neg	0	0	0	0	0	0	0	0	0	1	0
chr5.2718000.2718500	neg	0	0	0	0	0	0	0	0	0	1	0
chr5.2979000.2979500	neg	0	1	0	1	1	1	0	1	0	0	1
chr5.3124500.3125000	neg	0	0	0	0	0	0	0	0	0	1	0
chr5.3488000.3488500	neg	0	0	0	0	0	0	1	0	1	0	0
chr5.3937000.3937500	neg	0	1	0	0	0	0	1	1	1	0	0
chr5.4087000.4087500	neg	0	0	1	0	0	0	1	0	1	0	0
chr5.4584000.4584500	neg	0	0	0	0	0	0	0	0	0	0	0
chr5.4646500.4647000	neg	0	1	1	0	0	0	1	0	1	0	0
chr5.4850500.4851000	neg	0	1	0	1	1	0	1	1	0	1	0
chr5.5725000.5725500	neg	0	1	0	1	0	0	1	0	1	0	1
chr5.5777500.5778000	neg	1	1	0	1	1	1	0	1	1	0	0
chr5.6511500.6512000	neg	0	1	1	1	0	1	1	0	1	1	1
chr5.6569500.6570000	neg	0	1	0	1	1	1	1	1	1	1	1
chr5.7112000.7112500	neg	1	1	0	1	1	1	1	1	1	0	0
chr5.7182500.7183000	neg	1	1	1	1	1	1	1	1	0	0	0
chr5.7221000.7221500	neg	0	0	0	0	0	0	1	0	1	1	0
chr5.7406500.7407000	neg	0	1	0	0	0	0	0	0	0	0	0
chr5.7469500.7470000	neg	1	1	1	1	1	1	0	1	0	0	1
chr5.8268000.8268500	neg	0	1	0	1	1	1	1	1	1	0	1
chr5.8504000.8504500	neg	0	1	0	1	1	0	1	1	0	1	0
chr5.8850000.8850500	neg	0	1	0	1	1	1	1	0	1	0	1
chr5.9066500.9067000	neg	0	1	1	1	0	1	1	0	0	0	1
chr5.9151500.9152000	neg	0	1	0	1	1	1	1	0	0	0	1
chr5.9169500.9170000	neg	1	1	0	1	1	0	0	1	1	0	0
chr5.9203000.9203500	neg	1	1	0	1	1	1	0	1	0	1	0
chr5.9247500.9248000	neg	0	1	1	1	0	1	1	0	1	0	0
chr5.9482000.9482500	neg	0	1	0	1	1	1	0	1	0	1	1
chr5.9524000.9524500	neg	0	1	1	1	0	1	1	1	1	0	1
chr5.9599000.9599500	neg	0	0	0	0	0	0	1	0	0	1	0
chr5.10175500.10176000	neg	0	1	0	1	1	0	1	0	0	1	1
chr5.11193500.11194000	neg	0	0	0	0	0	0	0	0	0	0	0
chr5.11617500.11618000	neg	0	1	0	0	0	1	1	0	1	0	0
chr5.11668500.11669000	neg	0	1	0	1	1	1	1	1	0	0	0
chr5.11909000.11909500	neg	0	1	1	0	1	0	1	0	0	1	0
chr5.12102000.12102500	neg	1	1	0	1	1	0	0	1	1	0	0
chr5.12103000.12103500	neg	1	1	0	1	1	0	0	1	1	0	0
chr5.12158500.12159000	neg	0	0	1	0	0	0	1	0	0	0	0
chr5.12303000.12303500	neg	0	1	1	1	1	1	1	0	1	1	1
chr5.12468000.12468500	neg	1	0	0	0	1	1	0	0	0	0	0
chr5.12479500.12480000	neg	1	1	0	1	1	1	0	1	0	0	0
chr5.12616000.12616500	neg	1	1	0	1	1	0	0	1	0	1	0
chr5.12623500.12624000	neg	1	1	0	1	1	0	0	1	0	1	0
chr5.12624000.12624500	neg	1	1	0	1	1	0	0	1	0	1	0
chr5.12744000.12744500	neg	0	1	1	1	1	1	1	1	0	0	1
chr5.12953500.12954000	neg	1	1	0	1	1	0	0	1	0	1	0
chr5.12965500.12966000	neg	0	0	1	0	0	0	1	0	1	1	0
chr5.13672000.13672500	neg	1	1	1	1	1	0	1	1	0	1	0
chr5.13921000.13921500	neg	0	0	1	1	1	0	0	0	0	1	0
chr5.14137000.14137500	neg	0	1	0	0	0	0	1	0	0	0	0
chr5.14337000.14337500	neg	0	1	1	1	0	0	1	0	0	1	0
chr5.14356500.14357000	neg	0	1	1	1	0	0	1	0	1	1	0
chr5.14418500.14419000	neg	0	1	1	1	0	1	1	1	0	0	1
chr5.14581000.14581500	neg	0	1	1	1	1	1	1	1	1	0	1
chr5.14921000.14921500	neg	0	0	0	1	0	0	1	0	0	1	0
chr5.14987000.14987500	neg	1	1	0	1	0	0	0	1	0	1	0
chr5.14998500.14999000	neg	1	1	1	1	1	0	1	0	1	1	0
chr5.15075000.15075500	neg	0	1	0	1	1	0	0	0	0	1	0
chr5.15263500.15264000	neg	0	1	0	1	1	0	1	1	1	0	1
chr5.15500000.15500500	neg	1	1	0	1	1	1	0	1	0	0	1
chr5.15915500.15916000	neg	1	1	0	1	1	0	0	0	0	1	0
chr5.16002500.16003000	neg	0	1	1	1	1	1	1	1	1	0	1
chr5.16334000.16334500	neg	1	1	0	1	1	0	0	1	0	1	1
chr5.16456500.16457000	neg	0	1	0	0	0	0	1	0	0	1	0
chr5.16815000.16815500	neg	0	0	1	0	0	0	1	0	1	1	0
chr5.17255500.17256000	neg	1	1	1	0	1	1	1	1	0	0	0
chr5.17274000.17274500	neg	1	1	1	1	1	1	0	1	0	0	1
chr5.17472500.17473000	neg	1	1	0	1	1	0	0	0	0	1	0
chr5.17589000.17589500	neg	1	1	0	1	1	0	0	1	0	1	0
chr5.18183000.18183500	neg	1	1	0	1	1	0	0	1	0	1	0
chr5.18324500.18325000	neg	1	1	0	1	1	0	0	0	0	1	0
chr5.18624500.18625000	neg	1	1	0	1	1	0	0	1	0	1	0
chr5.18625000.18625500	neg	1	1	0	1	1	0	0	1	0	1	0
chr5.18810000.18810500	neg	0	1	0	1	0	0	1	0	0	0	0
chr5.18985500.18986000	neg	1	1	0	1	1	1	1	0	0	0	1
chr5.19300500.19301000	neg	0	1	0	1	0	0	1	1	1	0	0
chr5.19580500.19581000	neg	1	1	0	1	1	1	0	1	0	0	0
chr5.19736500.19737000	neg	1	1	0	1	1	1	1	1	0	0	1
chr5.20123000.20123500	neg	1	1	0	1	1	1	0	1	0	0	1
chr5.20276000.20276500	neg	1	1	0	0	0	0	1	0	0	0	0
chr5.20332500.20333000	neg	1	1	0	0	1	0	0	0	0	1	0
chr5.20434500.20435000	neg	1	1	0	0	1	1	0	1	0	1	0
chr5.20467000.20467500	neg	1	1	0	1	1	0	1	0	0	1	0
chr5.20517000.20517500	neg	1	1	0	0	1	0	0	0	0	1	0
chr5.20589000.20589500	neg	1	1	0	1	1	1	1	1	1	0	1
chr5.21098500.21099000	neg	0	0	0	0	0	0	0	0	0	0	0
chr5.21267000.21267500	neg	1	1	0	1	1	0	1	1	0	1	0
chr5.21268000.21268500	neg	0	1	0	0	0	0	1	0	0	1	0
chr5.21285500.21286000	neg	0	1	0	0	0	0	1	0	1	1	0
chr5.21425500.21426000	neg	0	0	0	0	0	0	0	0	0	1	0
chr5.21426000.21426500	neg	0	0	0	0	0	0	0	0	0	0	0
chr5.21571000.21571500	neg	0	1	0	1	1	1	1	1	0	0	1
chr5.21641000.21641500	neg	0	0	0	0	0	0	1	0	1	1	0
chr5.21982500.21983000	neg	0	1	0	0	0	0	0	0	0	0	0
chr5.22091000.22091500	neg	0	1	0	0	0	0	1	0	1	0	0
chr5.22101000.22101500	neg	0	1	1	0	0	1	1	1	1	0	0
chr5.22201500.22202000	neg	0	1	1	1	1	1	1	0	0	0	1
chr5.22719500.22720000	neg	0	0	0	0	0	0	1	0	1	0	0
chr5.22956000.22956500	neg	1	1	0	1	1	0	1	0	0	1	0
chr5.23311500.23312000	neg	1	1	0	1	1	1	0	1	0	1	0
chr5.23358000.23358500	neg	0	1	0	1	1	0	1	1	0	1	0
chr5.23443000.23443500	neg	1	1	0	0	1	1	0	0	0	1	0
chr5.24281500.24282000	neg	1	1	0	1	1	1	0	1	0	0	1
chr5.25248500.25249000	neg	1	1	1	1	1	0	0	1	0	1	0
chr5.25397500.25398000	neg	0	1	0	1	0	1	1	1	1	0	1
chr5.25657500.25658000	neg	0	0	1	0	0	0	1	0	1	0	0
chr5.26171000.26171500	neg	0	1	1	1	0	0	1	0	1	0	1
chr6.72000.72500	neg	0	1	1	1	0	0	1	1	1	0	1
chr6.119500.120000	neg	0	1	0	1	1	0	0	1	0	0	1
chr6.1120500.1121000	neg	0	1	1	0	0	1	1	0	1	0	0
chr6.1335500.1336000	neg	0	0	0	0	0	0	1	0	1	0	0
chr6.1787500.1788000	neg	0	1	1	0	0	0	1	0	1	0	0
chr6.1995000.1995500	neg	0	1	0	0	1	0	1	1	1	0	1
chr6.2095500.2096000	neg	0	0	0	0	0	0	1	1	1	0	0
chr6.2174000.2174500	neg	0	0	0	1	1	1	0	1	0	0	1
chr6.2321000.2321500	neg	0	1	1	1	1	1	1	0	1	0	1
chr6.2391500.2392000	neg	0	1	1	1	1	1	1	1	0	0	1
chr6.2606500.2607000	neg	1	1	1	0	0	0	1	1	0	1	0
chr6.2697000.2697500	neg	1	1	0	1	1	0	1	1	0	0	1
chr6.2823000.2823500	neg	0	1	0	1	1	0	1	1	1	0	1
chr6.3409500.3410000	neg	1	1	0	1	1	0	1	1	0	1	0
chr6.3505000.3505500	neg	1	1	0	0	1	0	1	0	0	1	0
chr6.3513000.3513500	neg	1	0	1	0	0	0	1	0	0	1	0
chr6.3515500.3516000	neg	1	1	1	1	1	0	0	0	0	1	0
chr6.3516000.3516500	neg	1	1	1	0	1	0	0	0	0	1	0
chr6.3860000.3860500	neg	0	0	1	0	0	1	1	0	0	0	0
chr6.3915500.3916000	neg	0	1	0	1	1	1	1	1	1	0	1
chr6.4057500.4058000	neg	1	1	0	1	1	1	0	1	0	1	0
chr6.4230500.4231000	neg	1	1	1	1	1	1	0	1	0	1	0
chr6.4604000.4604500	neg	0	1	0	1	1	0	1	1	1	0	1
chr6.4677500.4678000	neg	0	1	0	1	1	1	1	1	1	0	1
chr6.4686000.4686500	neg	0	0	0	0	0	0	1	0	1	0	0
chr6.4691500.4692000	neg	0	0	0	0	0	0	0	0	0	0	0
chr6.5491000.5491500	neg	0	1	1	1	0	1	1	0	0	0	1
chr6.6040500.6041000	neg	1	1	1	1	1	0	0	1	0	1	0
chr6.6041000.6041500	neg	1	1	1	1	1	0	0	1	0	1	0
chr6.6284500.6285000	neg	0	1	0	0	1	0	1	0	0	1	0
chr6.6313500.6314000	neg	1	1	0	1	1	0	0	1	0	1	0
chr6.6397000.6397500	neg	0	1	1	1	0	0	1	0	0	0	0
chr6.6835000.6835500	neg	0	0	0	0	0	0	0	0	0	1	0
chr6.7453000.7453500	neg	0	0	1	0	0	0	1	0	0	1	0
chr6.7476500.7477000	neg	0	1	0	1	1	0	0	1	0	1	0
chr6.7534000.7534500	neg	0	0	1	0	0	0	1	0	1	0	0
chr6.8098000.8098500	neg	1	1	0	1	1	0	0	1	0	1	0
chr6.8418500.8419000	neg	0	0	0	0	0	0	1	0	1	0	0
chr6.9292000.9292500	neg	0	1	1	1	1	1	1	0	0	0	1
chr6.9572500.9573000	neg	0	1	1	0	0	0	1	0	1	0	0
chr6.9735500.9736000	neg	0	1	0	1	0	0	1	0	1	0	1
chr6.9736000.9736500	neg	0	1	0	1	0	0	1	0	1	0	1
chr6.9891500.9892000	neg	0	1	1	1	1	0	1	1	1	0	0
chr6.10356000.10356500	neg	0	1	1	0	0	0	1	0	1	0	0
chr6.10527500.10528000	neg	0	1	1	1	1	1	1	1	1	0	1
chr6.10558000.10558500	neg	0	1	1	0	1	1	1	1	1	0	0
chr6.10585000.10585500	neg	0	1	0	1	1	1	1	1	1	0	1
chr6.11023000.11023500	neg	0	1	0	1	1	1	1	1	1	0	1
chr6.11262000.11262500	neg	0	1	0	1	1	1	1	1	1	0	1
chr6.11340000.11340500	neg	0	1	0	1	1	1	1	1	1	0	1
chr6.11568500.11569000	neg	0	1	1	1	1	0	1	0	1	0	1
chr6.11881000.11881500	neg	0	0	1	0	0	0	1	0	1	0	0
chr6.12021500.12022000	neg	0	1	1	1	1	0	1	1	1	0	1
chr6.12474000.12474500	neg	0	1	1	1	0	1	1	0	1	0	0
chr6.13426000.13426500	neg	0	1	0	1	0	1	1	0	1	1	0
chr6.13588000.13588500	neg	1	1	1	1	1	0	0	1	0	1	0
chr6.13723000.13723500	neg	1	1	1	1	1	0	1	1	0	0	0
chr6.13752500.13753000	neg	0	1	0	1	1	0	1	1	0	0	1
chr6.13872000.13872500	neg	0	1	0	1	1	1	1	1	1	0	1
chr6.13922000.13922500	neg	0	1	1	1	1	1	1	0	1	1	1
chr6.14426000.14426500	neg	0	1	1	1	0	0	1	1	1	0	1
chr6.14668500.14669000	neg	0	0	1	0	0	0	1	0	0	1	0
chr6.14735000.14735500	neg	0	1	0	1	0	0	0	1	1	0	0
chr6.14984000.14984500	neg	0	0	0	0	0	0	1	0	1	1	0
chr6.15245000.15245500	neg	0	1	1	1	0	1	1	0	1	0	0
chr6.15376500.15377000	neg	1	1	0	1	1	0	1	1	0	1	0
chr6.15401000.15401500	neg	0	1	0	1	1	1	1	1	0	1	1
chr6.15492000.15492500	neg	1	1	0	1	1	1	0	1	0	0	1
chr6.15718500.15719000	neg	0	1	1	0	1	1	1	1	1	0	0
chr6.15768500.15769000	neg	1	1	0	1	0	0	1	0	1	1	0
chr6.16313000.16313500	neg	0	0	0	0	0	0	0	0	0	0	0
chr6.17495000.17495500	neg	0	1	0	1	1	1	1	1	0	0	1
chr6.17836500.17837000	neg	0	0	0	0	0	0	0	0	0	0	0
chr6.18176500.18177000	neg	0	1	0	1	1	1	1	1	0	1	1
chr6.18182000.18182500	neg	1	1	1	1	1	1	0	1	0	0	1
chr6.18217000.18217500	neg	0	0	0	0	0	0	0	0	0	1	0
chr6.18231500.18232000	neg	0	0	0	0	0	0	0	0	0	1	0
chr6.18475000.18475500	neg	0	0	1	1	0	1	1	0	1	0	0
chr6.18500500.18501000	neg	1	1	0	1	1	1	0	1	0	1	0
chr6.18995000.18995500	neg	1	1	0	1	1	1	0	1	0	1	0
chr6.19100500.19101000	neg	1	1	0	1	1	0	0	1	0	1	0
chr6.19666500.19667000	neg	1	1	0	1	1	0	1	1	0	1	0
chr6.20930500.20931000	neg	0	1	0	1	1	1	1	1	0	0	1
chr6.21888500.21889000	neg	1	1	0	1	1	1	0	1	0	0	1
chr6.22007500.22008000	neg	0	1	0	0	1	1	1	1	1	0	1
chr6.22171500.22172000	neg	1	1	0	1	1	0	1	1	0	1	0
chr6.22292500.22293000	neg	0	1	0	1	1	0	1	1	1	0	1
chr6.22578000.22578500	neg	1	1	1	1	1	0	1	0	0	1	1
chr6.22615000.22615500	neg	0	0	1	0	0	0	1	0	0	1	0
chr6.22680500.22681000	neg	0	1	0	1	1	1	1	1	1	1	0
chr6.22838000.22838500	neg	1	1	0	1	1	0	0	1	0	1	0
chr6.23153500.23154000	neg	0	1	0	0	1	1	1	1	0	1	1
chr6.23315000.23315500	neg	0	1	0	0	0	0	1	0	0	1	0
chr6.23393000.23393500	neg	1	1	0	1	1	0	0	1	0	1	0
chr7.105000.105500	neg	0	1	1	1	0	0	1	1	1	0	1
chr7.574000.574500	neg	0	1	0	1	1	1	1	1	1	1	1
chr7.1829500.1830000	neg	0	0	1	0	0	0	1	0	1	1	0
chr7.2776500.2777000	neg	0	1	0	1	1	1	1	1	0	0	1
chr7.2808000.2808500	neg	0	1	0	1	1	1	1	1	0	1	1
chr7.3019500.3020000	neg	1	1	0	1	1	1	0	1	0	1	0
chr7.3289500.3290000	neg	1	1	0	1	1	0	0	1	0	1	0
chr7.3487500.3488000	neg	0	0	0	0	0	0	1	0	0	1	0
chr7.3535500.3536000	neg	0	1	0	0	0	0	1	0	0	1	0
chr7.3927000.3927500	neg	0	1	1	1	0	0	1	1	1	1	0
chr7.4544500.4545000	neg	1	1	0	1	0	1	0	1	0	0	0
chr7.5359500.5360000	neg	1	1	0	0	1	1	0	1	0	0	1
chr7.5498500.5499000	neg	0	1	0	1	1	0	0	1	0	1	0
chr7.5575000.5575500	neg	1	1	1	1	1	0	0	1	0	1	0
chr7.6161500.6162000	neg	1	0	0	0	1	0	0	0	0	1	0
chr7.6684500.6685000	neg	0	0	1	0	0	0	0	0	1	0	0
chr7.6918000.6918500	neg	1	1	0	1	1	0	1	1	0	1	0
chr7.7614000.7614500	neg	0	1	0	0	0	0	1	0	1	0	0
chr7.7785500.7786000	neg	0	1	0	1	1	0	1	1	0	1	0
chr7.7804500.7805000	neg	1	1	0	1	1	0	0	1	0	1	0
chr7.8177500.8178000	neg	0	1	1	1	1	1	1	1	0	0	1
chr7.8489000.8489500	neg	0	1	0	0	0	0	1	1	1	0	1
chr7.8490500.8491000	neg	0	1	0	1	1	0	1	0	1	0	1
chr7.8501000.8501500	neg	0	1	1	1	0	1	1	0	0	0	0
chr7.8623000.8623500	neg	0	1	0	0	0	1	1	0	0	0	0
chr7.8630000.8630500	neg	1	1	0	1	1	1	1	1	0	0	1
chr7.9167000.9167500	neg	0	0	0	0	0	0	0	0	0	1	0
chr7.9394500.9395000	neg	1	1	0	0	1	0	0	0	0	1	0
chr7.9491000.9491500	neg	1	1	1	0	1	1	0	1	0	1	0
chr7.10869000.10869500	neg	0	1	0	1	1	1	1	1	1	0	1
chr7.11504000.11504500	neg	0	1	1	1	0	0	1	1	1	0	0
chr7.12100500.12101000	neg	0	1	1	1	0	0	1	0	1	1	0
chr7.12126500.12127000	neg	1	1	0	1	1	0	0	1	0	1	0
chr7.12194500.12195000	neg	0	1	0	0	0	1	1	1	1	0	0
chr7.12195000.12195500	neg	1	1	0	1	1	1	1	1	1	0	0
chr7.12211000.12211500	neg	0	1	0	1	1	1	1	1	1	0	0
chr7.12731000.12731500	neg	0	1	0	1	0	0	1	0	0	0	1
chr7.12813500.12814000	neg	0	1	0	0	0	0	1	0	1	0	0
chr7.12840000.12840500	neg	0	0	0	0	0	0	1	0	1	0	0
chr7.12847500.12848000	neg	0	0	0	0	1	1	1	1	1	0	1
chr7.12888500.12889000	neg	1	1	1	1	1	1	0	1	0	0	0
chr7.13054000.13054500	neg	0	1	1	1	0	1	1	0	1	0	1
chr7.13093500.13094000	neg	0	1	1	0	1	1	1	0	0	0	0
chr7.13187500.13188000	neg	0	0	1	0	0	0	1	0	1	0	0
chr7.13449000.13449500	neg	0	1	1	1	0	0	1	0	1	0	1
chr7.13753000.13753500	neg	1	1	0	1	1	1	1	1	0	0	1
chr7.14043000.14043500	neg	1	1	0	1	1	1	0	1	0	0	1
chr7.14112500.14113000	neg	0	0	1	1	0	1	0	0	0	0	1
chr7.14401000.14401500	neg	1	1	1	1	1	0	0	1	0	1	0
chr7.15232500.15233000	neg	0	1	1	1	0	1	1	0	1	0	1
chr7.15768500.15769000	neg	0	1	0	1	1	1	1	1	1	0	1
chr7.16113000.16113500	neg	0	1	1	1	1	1	1	1	1	0	1
chr7.16168500.16169000	neg	0	1	0	1	0	0	1	0	1	0	0
chr7.16395000.16395500	neg	1	1	1	1	1	1	0	1	0	0	1
chr7.16748000.16748500	neg	1	1	0	1	1	1	1	1	1	0	1
chr7.17161000.17161500	neg	1	1	0	1	1	0	0	1	0	1	0
chr7.17295500.17296000	neg	0	1	0	1	1	1	1	0	1	0	1
chr7.17367000.17367500	neg	0	1	0	1	1	0	1	1	0	1	0
chr7.17375500.17376000	neg	0	0	1	0	0	0	1	0	0	1	0
chr7.17696500.17697000	neg	1	1	0	0	1	1	0	1	0	0	1
chr7.17908500.17909000	neg	0	1	0	0	1	1	1	1	1	1	1
chr7.18013500.18014000	neg	0	1	0	1	1	1	1	0	1	0	1
chr7.18147000.18147500	neg	0	1	1	1	1	1	1	1	0	0	1
chr7.18236000.18236500	neg	0	0	1	0	0	0	1	0	1	0	0
chr7.18236500.18237000	neg	0	1	0	1	0	1	1	1	1	0	1
chr7.18843500.18844000	neg	1	1	0	1	1	1	0	1	0	0	1
chr7.19084500.19085000	neg	1	0	0	0	1	1	0	0	0	0	0
chr7.19301000.19301500	neg	1	1	1	1	1	0	1	1	1	1	1
chr7.19457000.19457500	neg	0	0	0	1	0	0	1	0	1	0	1
chr7.19664500.19665000	neg	0	1	1	0	1	1	1	1	1	0	1
chr7.19669000.19669500	neg	0	1	1	0	0	0	1	0	1	0	0
chr7.19850000.19850500	neg	0	1	0	1	1	0	1	1	1	0	1
chr7.20202500.20203000	neg	0	1	0	1	1	1	1	1	1	0	1
chr7.20857500.20858000	neg	0	1	0	1	1	0	1	1	0	1	0
chr7.20961500.20962000	neg	0	1	0	1	1	0	1	1	0	1	0
chr7.20990000.20990500	neg	0	0	0	0	0	0	1	0	1	0	0
chr7.21259500.21260000	neg	0	1	0	0	0	1	1	0	1	0	1
chr7.21855000.21855500	neg	0	0	0	0	0	0	1	0	1	0	0
chr8.304500.305000	neg	0	0	1	1	0	0	1	0	1	0	0
chr8.381500.382000	neg	0	0	1	0	0	0	1	0	1	0	0
chr8.772500.773000	neg	0	0	1	0	0	0	0	0	0	0	0
chr8.1133000.1133500	neg	0	0	1	0	0	0	1	0	1	0	0
chr8.1355000.1355500	neg	0	0	1	0	0	0	1	0	1	0	0
chr8.1383000.1383500	neg	0	1	1	1	1	0	1	0	1	0	0
chr8.2172000.2172500	neg	1	1	0	1	1	1	0	1	1	0	0
chr8.2576500.2577000	neg	0	0	0	0	0	0	1	0	1	0	0
chr8.2710500.2711000	neg	0	0	0	0	0	0	0	0	0	0	0
chr8.2711500.2712000	neg	0	0	0	0	0	0	0	0	0	0	0
chr8.2741500.2742000	neg	0	1	0	0	1	0	0	1	0	1	0
chr8.2757500.2758000	neg	0	1	1	1	1	0	0	1	0	1	0
chr8.3226500.3227000	neg	1	1	1	0	1	1	0	1	0	0	0
chr8.3885000.3885500	neg	0	1	0	1	1	1	1	1	0	1	1
chr8.4690000.4690500	neg	1	1	1	1	1	0	0	1	0	1	0
chr8.5357000.5357500	neg	0	1	1	1	1	1	0	0	0	1	0
chr8.5630000.5630500	neg	0	0	0	1	0	0	0	1	0	1	0
chr8.5787500.5788000	neg	0	1	1	0	0	1	1	0	1	1	0
chr8.5788000.5788500	neg	1	1	1	0	1	1	1	0	1	1	0
chr8.5821000.5821500	neg	0	1	1	1	0	0	1	1	1	1	0
chr8.6187500.6188000	neg	1	1	0	1	1	1	0	1	1	0	1
chr8.6316000.6316500	neg	0	1	1	1	0	1	1	0	1	0	1
chr8.6682000.6682500	neg	0	0	0	0	1	1	1	0	1	0	1
chr8.6863500.6864000	neg	1	1	0	1	1	0	0	1	0	1	0
chr8.7293500.7294000	neg	0	1	1	0	1	1	1	1	1	0	1
chr8.8229000.8229500	neg	0	0	0	0	0	0	1	0	1	0	0
chr8.8338500.8339000	neg	0	0	1	0	1	0	1	0	1	0	1
chr8.8819500.8820000	neg	0	1	1	1	0	0	1	0	1	0	0
chr8.9094500.9095000	neg	0	1	1	0	0	0	1	0	1	0	0
chr8.9143000.9143500	neg	1	1	0	1	1	0	0	1	1	1	0
chr8.9566500.9567000	neg	0	0	0	0	0	0	1	0	1	0	0
chr8.9567500.9568000	neg	0	0	0	0	0	0	1	0	1	0	0
chr8.10218500.10219000	neg	1	1	1	1	1	0	0	1	1	1	0
chr8.10305000.10305500	neg	1	1	1	1	1	0	1	1	1	1	0
chr8.10310500.10311000	neg	1	1	0	1	1	1	0	1	0	1	0
chr8.10421500.10422000	neg	0	1	1	1	1	1	1	1	0	1	1
chr8.10776500.10777000	neg	0	1	1	0	0	0	1	0	1	0	1
chr8.10798500.10799000	neg	1	1	0	0	1	1	1	1	0	0	0
chr8.10874000.10874500	neg	0	1	1	0	0	0	1	0	1	0	0
chr8.10904000.10904500	neg	0	1	1	1	1	0	1	1	0	1	0
chr8.10926500.10927000	neg	0	0	0	0	0	0	0	0	0	0	0
chr8.11307000.11307500	neg	1	1	1	1	1	0	1	1	0	1	0
chr8.11369000.11369500	neg	1	1	0	1	1	0	0	1	0	1	0
chr8.11456000.11456500	neg	1	1	0	0	1	0	0	0	0	1	0
chr8.11544500.11545000	neg	0	0	0	0	0	0	1	0	1	0	0
chr8.12057500.12058000	neg	0	1	1	0	1	0	1	1	1	0	1
chr8.12089000.12089500	neg	1	1	0	1	0	0	1	0	0	0	0
chr8.12114500.12115000	neg	0	1	1	0	1	1	1	0	0	0	1
chr8.12356500.12357000	neg	1	1	0	1	1	0	0	0	0	1	0
chr8.12374000.12374500	neg	0	0	1	0	0	0	1	0	0	1	0
chr8.12412500.12413000	neg	1	1	0	1	1	1	0	1	0	1	0
chr8.12420000.12420500	neg	0	1	1	1	0	0	1	1	1	0	0
chr8.12743000.12743500	neg	0	0	0	0	0	0	1	0	1	0	1
chr8.12769500.12770000	neg	0	0	0	0	0	0	1	0	1	0	0
chr8.13114000.13114500	neg	0	1	0	0	0	0	1	0	1	1	0
chr8.13154000.13154500	neg	1	1	1	1	1	1	1	1	1	0	0
chr8.13559000.13559500	neg	0	1	1	1	1	1	1	1	1	0	1
chr8.14003000.14003500	neg	0	1	1	1	1	1	1	0	1	0	1
chr8.14182500.14183000	neg	0	1	0	1	1	1	1	1	0	0	1
chr8.14186500.14187000	neg	0	1	1	0	0	1	1	0	1	0	0
chr8.14228500.14229000	neg	1	1	1	1	1	1	0	1	1	0	1
chr8.14320500.14321000	neg	0	1	1	1	1	1	1	1	1	0	1
chr8.14454500.14455000	neg	1	1	0	0	1	1	1	1	1	0	1
chr8.15151500.15152000	neg	0	1	0	1	0	0	1	1	0	1	0
chr8.15583000.15583500	neg	0	0	0	0	0	0	1	0	1	0	0
chr8.15739500.15740000	neg	0	1	0	1	1	1	1	1	1	0	1
chr8.15753500.15754000	neg	1	1	1	1	1	1	1	1	1	0	1
chr8.16034000.16034500	neg	0	1	0	1	1	1	1	1	1	0	1
chr8.17063500.17064000	neg	1	1	1	1	1	1	1	1	1	0	1
chr8.17140500.17141000	neg	1	1	1	0	0	1	1	0	0	1	0
chr8.17407000.17407500	neg	1	0	0	0	0	0	1	1	0	1	0
chr8.17407500.17408000	neg	1	1	0	1	1	0	1	1	0	1	0
chr8.17463000.17463500	neg	0	1	0	0	1	0	1	0	0	0	0
chr8.17575000.17575500	neg	0	0	0	0	0	0	1	0	1	0	0
chr8.17684500.17685000	neg	0	0	0	1	0	0	0	1	0	0	1
chr8.17792000.17792500	neg	0	1	1	0	0	1	0	0	0	0	1
chr8.18402500.18403000	neg	0	1	1	1	1	1	1	1	0	0	1
chr8.18652500.18653000	neg	0	0	0	0	0	0	0	0	0	0	0
chr8.18732500.18733000	neg	0	1	1	1	1	0	1	1	0	1	0
chr8.18787500.18788000	neg	0	0	0	0	0	0	1	0	1	1	0
chr8.18884000.18884500	neg	0	1	0	0	0	0	1	0	1	0	1
chr8.19024000.19024500	neg	0	1	1	1	0	1	1	0	1	0	1
chr8.19196000.19196500	neg	0	0	0	0	0	0	0	0	1	0	0
chr8.19199500.19200000	neg	0	0	0	0	0	0	1	0	1	0	0
chr8.19792500.19793000	neg	1	1	0	1	1	1	0	1	1	0	1
chr8.20036500.20037000	neg	1	1	0	0	1	1	0	0	0	0	0
chr8.20232500.20233000	neg	0	1	0	0	0	0	1	0	0	1	0
chr8.21003000.21003500	neg	1	1	0	1	1	0	1	1	1	1	0
chr8.21081500.21082000	neg	1	1	0	1	1	0	0	1	0	1	0
chr8.21199500.21200000	neg	0	1	0	1	1	0	1	1	1	0	1
chrU.69000.69500	neg	0	0	0	0	0	0	0	0	0	0	0
chrU.69500.70000	neg	0	0	0	0	0	0	0	0	0	0	0
chrU.1739000.1739500	neg	0	0	0	0	0	0	0	0	0	0	0
chrU.2105000.2105500	neg	0	0	0	0	0	0	0	0	0	0	0
chrU.2133000.2133500	neg	0	0	0	0	0	0	0	0	0	0	0
chrU.2156000.2156500	neg	0	0	0	0	0	0	0	0	0	0	0
chrU.2296500.2297000	neg	0	0	0	0	0	0	0	0	0	0	0
chrU.2789500.2790000	neg	0	0	0	0	0	0	0	0	0	0	0
chrU.3772000.3772500	neg	0	0	0	0	0	0	0	0	0	0	0
chrU.4037500.4038000	neg	0	0	0	0	0	0	0	0	0	0	0
chrV.1868000.1868500	neg	0	0	0	0	0	0	1	0	1	1	0
chrV.1898500.1899000	neg	0	0	0	0	0	0	1	0	1	0	0
chrV.4101000.4101500	neg	0	0	1	1	0	0	1	0	1	0	1
chrV.5434000.5434500	neg	0	0	0	0	0	0	0	0	0	0	0
chrV.6210000.6210500	neg	0	0	0	0	0	0	1	0	1	0	0
chrV.7168500.7169000	neg	0	0	0	0	0	0	0	0	0	0	0
chrV.7218500.7219000	neg	0	0	0	0	0	0	0	0	0	0	0
chrV.7362000.7362500	neg	0	0	0	0	0	0	0	0	0	0	0
unplaced-scaffold_010.17000.17500	neg	0	0	0	0	0	0	0	0	0	0	0
unplaced-scaffold_031.20500.21000	neg	0	0	0	0	0	0	0	0	0	0	0
unplaced-scaffold_210.3500.4000	neg	0	0	0	0	0	0	0	0	0	0	0
unplaced-scaffold_210.6500.7000	neg	0	0	0	0	0	0	0	0	0	0	0
unplaced-scaffold_216.13000.13500	neg	0	0	0	0	0	0	0	0	0	0	0
unplaced-scaffold_263.4000.4500	neg	0	0	1	0	0	0	0	0	0	0	0
unplaced-scaffold_304.4000.4500	neg	0	0	0	0	0	0	0	0	0	0	0
unplaced-scaffold_325.8000.8500	neg	0	0	0	0	0	0	0	0	0	0	0
unplaced-scaffold_364.9000.9500	neg	0	0	0	0	0	0	0	0	0	0	0
unplaced-scaffold_380.15500.16000	neg	0	0	0	0	0	0	0	0	0	0	0
