peak	Class	H2Aub	H2AZ	H3	H3K4me1	H3K4me3	H3K9ac	H3K9me1	H3K14ac	H3K27me1	H3K27me3	H3K36me3
chr1.264877.265288	pos	1	1	0	1	1	1	1	1	1	0	1
chr1.329934.331716	pos	1	1	0	1	1	0	0	1	0	0	1
chr1.566675.566992	pos	1	1	0	1	1	1	0	1	0	1	0
chr1.722607.722670	pos	0	1	0	1	0	0	1	1	0	0	0
chr1.771255.771371	pos	0	1	0	1	1	1	0	1	1	0	1
chr1.1153851.1154012	pos	0	1	0	1	1	0	0	1	0	0	1
chr1.1368630.1368746	pos	1	1	0	1	1	0	1	0	0	1	0
chr1.2053525.2053757	pos	1	1	0	0	1	1	0	0	0	0	0
chr1.2145637.2145754	pos	0	1	0	1	1	1	1	1	1	0	1
chr1.2228640.2228742	pos	0	1	1	1	1	1	0	1	0	0	1
chr1.2300496.2300644	pos	0	1	0	1	1	1	1	1	0	0	1
chr1.2538927.2539661	pos	0	0	0	1	0	1	0	1	0	0	1
chr1.2687040.2687226	pos	0	0	0	1	0	0	0	1	0	0	1
chr1.3220108.3220415	pos	1	1	0	1	1	1	0	1	0	0	1
chr1.3381286.3382265	pos	0	1	0	1	1	1	1	1	0	0	1
chr1.3528816.3528988	pos	0	1	0	1	1	1	1	1	1	0	1
chr1.3925828.3926064	pos	1	1	0	1	1	0	0	1	0	0	1
chr1.3947385.3947512	pos	0	1	1	1	1	1	1	1	0	0	1
chr1.4437633.4438338	pos	0	0	1	1	0	0	1	1	0	0	1
chr1.4645838.4646067	pos	0	1	0	1	1	0	1	1	0	0	1
chr1.4746356.4746513	pos	0	1	0	1	0	1	1	0	0	0	1
chr1.4993688.4994073	pos	1	1	0	0	1	1	1	0	0	1	1
chr1.5067072.5067176	pos	0	1	0	1	1	1	1	1	1	0	1
chr1.5432261.5432408	pos	0	1	1	1	1	1	0	1	0	0	1
chr1.5667711.5668039	pos	1	1	0	1	1	0	1	1	1	0	1
chr1.6006796.6007073	pos	0	1	0	1	0	0	0	1	0	0	1
chr1.6022409.6022629	pos	1	1	0	1	1	1	1	1	0	0	1
chr1.6080725.6081454	pos	1	1	0	1	1	0	0	1	0	0	0
chr1.6099798.6099978	pos	1	1	0	1	1	1	0	1	1	0	0
chr1.6212503.6213041	pos	0	1	1	1	1	0	1	1	1	0	1
chr1.6735901.6736316	pos	0	1	0	1	0	1	1	1	1	0	1
chr1.6776289.6776389	pos	1	1	0	0	1	0	0	0	0	0	0
chr1.6806212.6806679	pos	0	1	1	1	1	0	1	1	0	0	1
chr1.7013485.7013554	pos	0	1	0	1	0	1	1	0	0	0	1
chr1.7627297.7627917	pos	0	0	1	1	0	0	0	0	0	0	1
chr1.8217239.8217463	pos	0	0	1	1	0	1	0	0	0	0	1
chr1.8644549.8644904	pos	0	1	0	1	1	1	0	1	0	0	1
chr1.8850073.8850383	pos	0	1	1	1	1	1	1	1	1	0	1
chr1.9400758.9400878	pos	0	0	0	1	1	1	0	1	0	0	1
chr1.9497962.9498127	pos	0	1	1	1	0	0	1	0	1	0	0
chr1.9682865.9683052	pos	0	1	0	1	1	1	0	1	0	0	1
chr1.9868489.9868612	pos	1	1	0	0	1	1	0	1	0	0	1
chr1.10635117.10636073	pos	0	0	0	1	0	0	1	1	0	0	1
chr1.10804754.10805685	pos	1	1	0	1	1	1	0	1	0	0	1
chr1.10829821.10830034	pos	0	1	0	0	0	0	1	0	0	0	1
chr1.10869485.10869731	pos	0	1	1	1	1	0	0	1	0	0	1
chr1.10968810.10969645	pos	0	1	0	1	1	1	0	1	0	0	1
chr1.11273180.11273831	pos	0	1	1	1	1	1	1	1	0	0	1
chr1.11455264.11455737	pos	1	1	0	1	1	1	0	1	0	0	1
chr1.11479744.11480054	pos	1	1	0	1	1	0	0	1	0	0	0
chr1.11494309.11494499	pos	0	1	1	1	0	0	1	1	1	0	0
chr1.11745793.11745923	pos	1	1	0	1	1	1	1	1	1	0	0
chr1.11828215.11828410	pos	0	0	1	0	0	0	1	0	1	0	0
chr1.11941035.11941163	pos	0	0	0	0	1	1	0	0	0	0	1
chr1.12401126.12401330	pos	0	1	0	1	0	1	1	1	1	0	1
chr1.12538693.12538805	pos	0	1	0	1	1	1	0	1	0	0	1
chr1.12707289.12708205	pos	1	0	1	0	1	1	0	1	0	0	1
chr1.13072835.13073075	pos	0	1	0	1	1	1	0	1	1	0	1
chr1.13089851.13090215	pos	0	0	1	1	1	1	0	1	0	0	1
chr1.13090344.13090410	pos	0	1	1	1	1	1	1	1	0	0	1
chr1.13101990.13102059	pos	0	0	0	1	0	1	0	0	0	0	1
chr1.13117843.13118164	pos	1	1	0	0	1	0	1	1	1	0	1
chr1.13126517.13126828	pos	0	1	0	1	1	0	1	1	0	0	1
chr1.13159584.13159777	pos	0	0	0	1	0	0	0	0	0	0	1
chr1.13160062.13161101	pos	0	1	1	1	1	1	1	1	1	0	1
chr1.13301650.13301827	pos	0	1	1	1	1	1	1	1	1	0	1
chr1.13691466.13691541	pos	0	0	0	0	0	0	1	0	1	0	0
chr1.13857811.13857987	pos	1	1	0	0	1	1	0	1	0	0	1
chr1.14204453.14204520	pos	0	0	0	0	0	0	1	0	1	0	0
chr1.15123997.15124370	pos	0	0	1	1	0	0	1	0	0	0	1
chr1.15460453.15460939	pos	0	1	0	1	1	1	1	1	0	0	1
chr1.15697331.15697732	pos	1	1	0	1	1	1	1	1	0	1	1
chr1.16206295.16206444	pos	0	1	0	0	0	0	1	0	1	0	0
chr1.16249737.16249882	pos	0	1	1	1	0	0	1	1	0	0	1
chr1.16309153.16309274	pos	0	1	0	1	1	1	1	1	1	0	1
chr1.16485790.16486371	pos	1	1	0	1	1	1	0	1	0	0	1
chr1.16666802.16668493	pos	0	0	0	1	1	1	1	1	0	0	1
chr1.16691395.16691697	pos	1	0	1	1	1	1	0	1	0	0	1
chr1.16723392.16723970	pos	0	1	1	1	1	0	1	1	1	0	1
chr1.17120930.17121069	pos	0	1	1	1	1	0	1	1	1	0	1
chr1.17517064.17517322	pos	0	1	0	1	1	1	1	1	0	0	1
chr1.17804973.17805084	pos	1	1	0	1	1	1	1	1	1	0	1
chr1.18119831.18121789	pos	0	1	0	1	1	0	1	1	1	0	1
chr1.18465846.18466006	pos	0	1	0	1	0	0	1	0	0	0	1
chr1.18505704.18505866	pos	1	0	0	0	1	0	0	0	0	1	0
chr1.18736812.18736929	pos	1	1	0	1	1	1	0	1	0	0	1
chr1.18929578.18929854	pos	0	0	0	0	1	1	0	1	0	0	1
chr1.19040496.19040671	pos	0	0	0	1	0	1	1	1	0	0	1
chr1.19040798.19040959	pos	0	1	0	1	0	1	1	1	0	0	1
chr1.19755271.19755578	pos	0	1	1	1	0	1	1	1	1	0	1
chr1.20142436.20144519	pos	1	1	0	1	1	1	0	1	0	0	1
chr1.20154536.20154807	pos	0	1	0	1	1	0	0	1	0	0	1
chr1.20191269.20191421	pos	0	1	1	0	0	0	1	1	1	0	0
chr1.21283024.21283239	pos	0	1	0	1	1	1	1	1	0	0	1
chr1.21291257.21291674	pos	0	1	0	1	1	1	1	1	0	0	1
chr1.21291786.21292042	pos	0	1	0	1	1	0	0	1	0	0	1
chr1.21728182.21728290	pos	1	1	0	1	1	1	0	1	1	0	1
chr1.21973599.21973688	pos	0	1	0	1	1	0	1	1	0	0	1
chr1.22090197.22090367	pos	1	1	0	0	1	0	0	1	1	0	0
chr1.22117085.22117249	pos	0	0	0	1	1	0	0	1	0	0	1
chr1.22117417.22118550	pos	0	1	0	1	1	1	1	1	1	0	1
chr1.22214256.22214466	pos	1	1	0	1	1	1	1	1	1	0	1
chr1.22629701.22629919	pos	0	1	0	0	0	0	1	0	1	0	0
chr1.23778093.23778177	pos	0	0	0	0	0	0	1	0	1	0	0
chr1.24142966.24143081	pos	1	1	0	1	0	0	0	1	0	0	0
chr1.24321482.24321671	pos	0	0	1	1	0	1	0	0	0	0	1
chr1.24497401.24497648	pos	0	1	1	1	1	1	1	1	1	0	1
chr1.24545906.24546740	pos	1	1	0	1	1	0	1	1	1	0	0
chr1.25092066.25092305	pos	0	1	1	1	1	1	0	1	0	0	1
chr1.25092471.25093237	pos	0	1	1	1	1	0	0	1	1	0	1
chr1.25164521.25164633	pos	0	1	0	1	1	1	1	0	0	0	1
chr1.25202679.25202962	pos	0	1	0	1	1	1	1	1	1	0	1
chr1.25203038.25203276	pos	0	1	0	1	1	1	1	1	1	0	1
chr1.25877048.25878323	pos	0	1	1	1	1	1	1	1	1	0	1
chr1.25922879.25923160	pos	0	1	0	1	1	0	0	1	0	0	1
chr1.25978613.25979203	pos	1	1	0	1	1	1	0	1	0	0	1
chr1.26589070.26589286	pos	0	0	0	0	0	0	1	0	0	0	0
chr1.26890551.26890723	pos	0	1	0	1	0	1	1	0	0	0	1
chr1.27078100.27078874	pos	0	1	1	1	1	1	1	1	1	0	1
chr1.27092686.27093520	pos	0	1	1	1	1	1	1	1	0	0	1
chr1.27093661.27093809	pos	0	1	1	1	1	1	1	1	1	0	1
chr1.27105369.27105504	pos	0	1	1	1	1	0	1	1	1	1	1
chr1.27522120.27522397	pos	0	0	0	1	1	1	0	1	1	0	1
chr1.27892578.27893106	pos	1	1	1	0	1	0	0	0	0	1	0
chr1.28045481.28046728	pos	1	0	1	1	1	0	0	1	0	0	1
chr1.28046818.28046939	pos	0	0	0	1	1	0	0	1	0	0	1
chr1.28086159.28086310	pos	0	0	0	1	0	1	0	1	0	0	1
chr1.28115639.28116663	pos	1	1	1	1	1	1	0	1	0	0	1
chr1.28161927.28162260	pos	0	1	0	0	0	1	1	1	0	0	0
chr1.28395422.28395547	pos	1	1	0	1	1	1	0	1	0	1	0
chr1.28441521.28441639	pos	0	0	0	0	0	0	1	0	1	1	0
chr1.28451280.28451399	pos	0	1	1	1	0	0	1	0	0	1	1
chr1.28532070.28532194	pos	0	1	0	1	0	0	0	1	0	0	0
chr1.28998441.28998600	pos	0	1	1	1	0	0	1	0	1	1	1
chr1.29007884.29008064	pos	0	1	1	1	0	1	1	1	1	0	1
chr1.29202587.29202806	pos	0	1	1	1	1	1	1	1	1	0	1
chr1.29355615.29355847	pos	0	1	1	1	1	0	1	1	0	1	1
chr1.29577415.29577607	pos	0	1	0	1	0	0	1	1	1	0	1
chr1.30180466.30180667	pos	0	1	0	1	1	0	1	1	1	0	1
chr2.22852.22953	pos	0	0	0	0	0	0	1	0	1	0	0
chr2.667079.667220	pos	0	1	1	1	0	1	1	1	1	0	0
chr2.793258.793526	pos	1	1	0	1	1	0	1	1	1	1	0
chr2.1012718.1012846	pos	0	0	0	0	0	0	1	0	1	0	0
chr2.1017364.1017541	pos	0	1	0	1	1	1	1	1	1	0	1
chr2.1018007.1018488	pos	0	1	0	1	1	1	1	1	1	0	1
chr2.1018660.1018974	pos	0	0	0	1	1	0	0	0	0	0	1
chr2.1097664.1097902	pos	1	1	1	1	0	0	1	0	1	0	0
chr2.1308159.1308407	pos	0	1	0	1	0	0	1	1	0	0	1
chr2.1371846.1372148	pos	0	0	0	0	0	0	1	0	1	0	0
chr2.1481219.1481434	pos	0	1	0	1	1	0	1	1	1	0	1
chr2.1500235.1500640	pos	1	1	0	1	1	1	1	1	1	1	1
chr2.2349903.2350185	pos	0	1	1	1	1	1	0	0	0	0	1
chr2.2409232.2409593	pos	0	1	0	1	0	0	1	1	0	0	1
chr2.2436589.2436786	pos	1	1	1	1	1	0	1	1	1	0	0
chr2.3009433.3011935	pos	1	1	1	1	1	1	1	1	1	0	0
chr2.3460129.3460304	pos	0	1	0	1	0	1	0	1	0	0	1
chr2.3586971.3587091	pos	0	1	1	0	0	1	1	1	1	0	0
chr2.4166563.4166704	pos	0	1	0	1	0	0	1	1	0	0	0
chr2.4167013.4167688	pos	0	1	0	1	0	0	0	1	0	0	0
chr2.4207007.4207113	pos	1	1	0	0	1	1	0	1	0	0	0
chr2.4229490.4229821	pos	1	1	1	1	1	1	1	1	0	0	1
chr2.4230039.4230220	pos	1	1	0	1	1	1	0	1	0	0	1
chr2.4233148.4233246	pos	1	1	0	1	1	1	1	1	0	0	1
chr2.4603324.4603675	pos	1	1	0	1	1	0	0	1	0	0	0
chr2.4890704.4890941	pos	0	1	1	1	1	1	1	1	0	0	1
chr2.5112407.5114922	pos	0	1	0	1	1	0	0	1	0	0	1
chr2.5444162.5444299	pos	0	1	1	1	1	0	0	1	1	0	1
chr2.5713514.5713761	pos	1	1	0	1	0	0	1	1	0	1	0
chr2.5719535.5719828	pos	0	1	0	1	1	0	1	1	0	1	1
chr2.6239106.6239388	pos	0	1	1	1	1	0	0	1	0	0	1
chr2.6404632.6404741	pos	0	0	0	1	0	0	0	0	0	0	1
chr2.6404923.6405052	pos	0	0	0	1	0	0	1	0	0	0	1
chr2.6622442.6622548	pos	0	1	1	1	0	1	1	0	0	1	0
chr2.6698503.6698895	pos	1	1	1	1	1	1	1	1	1	0	1
chr2.6725705.6725934	pos	1	1	1	1	1	0	0	1	0	1	0
chr2.6884567.6884850	pos	1	1	0	1	1	0	1	1	1	1	0
chr2.7224332.7224458	pos	0	1	0	1	1	1	1	1	0	0	1
chr2.7224630.7225205	pos	0	1	0	1	1	1	1	1	0	0	1
chr2.7797329.7797398	pos	0	1	0	0	0	0	1	0	0	1	0
chr2.7870525.7870595	pos	1	1	0	0	1	1	0	0	0	1	0
chr2.7968167.7968407	pos	1	1	1	1	1	1	1	1	1	1	1
chr2.7968561.7968696	pos	1	1	1	1	1	1	1	1	1	1	1
chr2.8097928.8098783	pos	0	1	0	1	1	1	0	1	0	0	1
chr2.8202465.8202907	pos	0	1	0	0	0	0	1	0	1	0	0
chr2.8257504.8257631	pos	1	1	0	0	0	0	1	1	1	0	0
chr2.8263572.8263682	pos	0	1	0	1	1	0	1	0	0	0	1
chr2.8278001.8278540	pos	0	1	0	1	1	0	0	1	0	0	1
chr2.8307340.8307631	pos	0	1	0	1	1	1	1	1	1	0	1
chr2.8369772.8369904	pos	0	1	0	1	0	0	1	1	0	0	1
chr2.8454564.8454888	pos	0	1	0	0	1	0	1	1	1	0	0
chr2.8752107.8752900	pos	0	1	0	0	1	1	0	1	0	0	1
chr2.9154962.9155268	pos	0	1	1	1	1	1	1	1	1	0	0
chr2.9376741.9376950	pos	0	1	0	0	1	1	0	1	0	0	1
chr2.9528684.9528873	pos	0	1	0	1	1	1	1	1	1	0	1
chr2.9537106.9537566	pos	0	0	1	1	1	1	0	1	0	0	1
chr2.9915564.9915740	pos	0	1	1	1	1	1	1	1	0	1	1
chr2.10214617.10214832	pos	1	1	0	1	1	1	0	1	0	0	1
chr2.10300900.10301101	pos	0	1	1	1	1	1	1	1	1	1	1
chr2.10423691.10424027	pos	1	1	0	0	1	0	1	0	0	0	1
chr2.10510041.10510542	pos	0	1	1	1	1	1	1	1	0	0	1
chr2.10521895.10521999	pos	0	0	0	1	1	0	0	0	0	0	1
chr2.10525456.10525868	pos	0	1	0	1	0	0	1	0	0	1	0
chr2.10955809.10956114	pos	1	1	0	0	1	0	1	1	1	0	0
chr2.11083137.11083433	pos	0	1	0	1	1	1	1	1	1	0	1
chr2.11100177.11100340	pos	0	1	0	1	0	0	1	1	0	0	1
chr2.11302306.11302432	pos	1	1	1	1	1	0	0	1	0	0	1
chr2.12091128.12091303	pos	1	1	0	1	1	1	0	1	0	0	0
chr2.12142383.12142508	pos	1	1	1	1	1	0	0	1	1	0	0
chr2.12379346.12379522	pos	0	1	1	1	0	0	1	0	1	1	0
chr2.13199897.13200068	pos	0	0	1	1	1	0	0	1	0	0	1
chr2.13424300.13424514	pos	0	1	0	1	1	1	1	1	1	0	1
chr2.13753553.13754508	pos	0	1	1	1	1	1	1	1	1	0	1
chr2.13771625.13771940	pos	0	1	1	1	0	0	1	1	1	0	0
chr2.13791577.13791793	pos	0	1	0	0	0	0	1	1	1	0	0
chr2.13869915.13870297	pos	0	1	0	1	0	0	1	1	1	0	0
chr2.14777730.14778005	pos	1	1	0	1	1	0	1	1	0	0	1
chr2.14870137.14870407	pos	0	0	0	1	0	1	1	1	1	0	1
chr2.14870540.14870651	pos	0	1	0	1	0	1	1	1	1	0	1
chr2.14871157.14871768	pos	0	1	0	1	0	0	1	1	1	0	1
chr2.15049295.15049729	pos	1	1	1	0	1	1	0	0	0	0	0
chr2.15051217.15051338	pos	1	1	0	0	1	1	0	0	0	1	0
chr2.15103817.15103979	pos	1	1	0	1	1	0	0	1	0	0	1
chr2.15397740.15397972	pos	0	1	1	1	1	1	0	1	0	0	1
chr2.16253780.16254281	pos	0	1	1	1	1	1	1	1	1	0	1
chr2.16539047.16539152	pos	0	1	0	1	1	0	0	1	0	0	1
chr2.16674499.16674724	pos	0	0	0	1	0	0	0	0	0	0	1
chr2.16815556.16815786	pos	1	1	1	1	1	1	0	1	0	0	1
chr2.17529731.17530122	pos	0	1	0	1	1	1	1	1	1	0	1
chr2.17941667.17942113	pos	0	1	0	1	1	0	1	1	0	0	1
chr2.17942225.17942344	pos	0	0	0	1	0	0	1	1	1	0	1
chr2.18005630.18006476	pos	0	1	0	1	1	0	1	1	1	0	1
chr2.18063281.18063603	pos	0	1	1	0	0	0	1	0	0	0	0
chr2.18081821.18081972	pos	0	1	1	1	0	0	1	0	1	0	0
chr2.18112097.18112206	pos	0	1	1	1	1	1	1	1	1	0	1
chr2.18881411.18881641	pos	0	0	0	1	1	0	0	0	0	0	1
chr2.18999386.18999720	pos	0	1	1	0	0	0	1	0	0	0	1
chr2.19891163.19891276	pos	0	1	1	1	0	1	1	1	0	0	1
chr2.20166797.20167368	pos	0	1	0	1	0	0	1	0	1	0	0
chr2.20961996.20962412	pos	0	1	0	1	1	0	0	1	0	1	1
chr2.21384213.21384538	pos	1	1	0	0	1	1	0	1	1	0	1
chr2.21497819.21498177	pos	0	1	1	1	1	1	0	1	0	0	1
chr2.21693771.21694202	pos	1	1	1	1	1	1	1	1	1	0	0
chr2.21755156.21755385	pos	1	1	0	1	1	0	0	1	1	0	0
chr2.22702962.22703251	pos	1	1	0	1	1	1	1	1	1	0	1
chr2.23312155.23312387	pos	0	1	0	0	0	1	1	0	1	0	0
chr2.23360484.23360690	pos	0	1	0	1	0	1	0	1	0	0	1
chr2.24116165.24117442	pos	0	1	0	1	1	1	1	1	1	0	1
chr2.24271384.24271486	pos	0	1	0	0	0	0	1	0	1	0	0
chr2.24301975.24302155	pos	0	0	0	1	1	0	0	1	0	0	1
chr2.24565165.24565297	pos	0	1	0	0	0	0	1	0	1	0	0
chr2.24666306.24666660	pos	1	1	0	1	1	0	1	1	1	0	0
chr2.24672396.24672498	pos	0	1	0	1	0	0	1	1	1	0	0
chr2.24767095.24767284	pos	1	1	0	1	1	1	0	1	0	0	0
chr2.24768031.24769813	pos	1	1	0	1	1	1	0	1	0	0	0
chr2.24769969.24770465	pos	1	1	0	1	1	1	1	1	0	1	0
chr2.24806052.24806276	pos	1	1	0	1	1	0	1	1	1	0	0
chr2.24915429.24915606	pos	1	1	1	1	1	1	1	1	0	0	1
chr2.24924676.24924832	pos	0	1	0	1	1	1	1	1	1	1	0
chr2.25490520.25490697	pos	0	1	0	1	0	0	1	1	1	0	1
chr2.25962026.25962235	pos	1	0	0	0	0	1	0	0	0	0	1
chr2.25974583.25975150	pos	1	1	0	1	1	1	0	1	0	0	1
chr2.26088134.26088335	pos	0	1	0	1	1	0	0	1	0	0	1
chr2.26189242.26189742	pos	1	1	0	1	1	1	0	0	0	1	0
chr2.26535918.26536027	pos	0	1	0	1	1	1	0	1	0	0	1
chr2.27058863.27058975	pos	1	0	0	0	1	0	0	0	0	0	1
chr2.27273644.27273807	pos	0	1	1	1	0	0	1	1	1	0	0
chr2.27318644.27318749	pos	0	1	0	1	1	0	0	1	0	0	1
chr2.27746449.27747067	pos	1	1	0	1	1	1	0	1	0	0	1
chr2.27981393.27981987	pos	1	1	0	1	1	1	1	1	0	0	1
chr2.28836804.28837149	pos	1	1	0	1	1	0	1	0	0	1	0
chr2.28965065.28965209	pos	1	1	0	1	1	0	0	0	0	1	0
chr2.29361384.29361507	pos	0	1	0	1	0	0	1	0	1	0	1
chr3.493104.493514	pos	1	1	0	1	1	1	1	1	1	0	0
chr3.1118705.1118883	pos	1	0	0	0	1	1	0	1	0	0	1
chr3.1223710.1223941	pos	0	1	1	1	1	1	0	1	0	0	1
chr3.1299018.1299155	pos	0	0	0	0	0	0	0	0	0	0	0
chr3.1652504.1652654	pos	1	1	0	0	1	0	0	0	0	0	0
chr3.1827983.1828554	pos	0	1	0	1	1	1	0	1	0	0	1
chr3.2281639.2282199	pos	0	1	0	1	1	1	0	1	0	0	1
chr3.2524703.2525688	pos	1	1	1	1	1	1	1	1	0	0	1
chr3.2542193.2542341	pos	1	1	1	1	1	1	1	0	1	0	0
chr3.2686587.2687071	pos	0	1	0	1	1	1	0	1	0	0	1
chr3.2828814.2829005	pos	0	0	0	1	1	1	0	1	0	0	0
chr3.3826316.3826455	pos	1	1	0	1	1	1	0	1	1	1	0
chr3.4234297.4235408	pos	0	1	1	1	0	1	1	1	1	0	1
chr3.4292236.4292475	pos	0	1	1	1	0	1	1	0	0	0	1
chr3.4308897.4309213	pos	0	1	0	0	0	0	1	0	1	0	0
chr3.4435393.4435491	pos	0	0	0	0	0	0	1	0	0	1	0
chr3.4787806.4788002	pos	0	0	1	1	0	0	1	1	1	0	1
chr3.4900247.4900413	pos	1	1	0	0	1	1	0	0	0	1	0
chr3.4936605.4937246	pos	0	1	1	1	1	0	1	1	1	1	0
chr3.4963280.4963425	pos	0	1	1	1	1	1	1	1	0	1	1
chr3.4963711.4964346	pos	1	1	0	1	1	1	1	1	0	1	1
chr3.5522584.5522864	pos	0	1	1	1	1	1	1	1	1	0	1
chr3.5738379.5738801	pos	0	0	1	1	1	1	1	1	0	0	1
chr3.5884062.5884887	pos	1	1	0	1	1	1	0	1	0	0	0
chr3.6557286.6557525	pos	1	1	0	1	1	0	0	1	1	0	1
chr3.7394118.7394280	pos	0	1	1	1	1	1	0	1	0	0	1
chr3.7394533.7394657	pos	0	1	0	1	1	1	0	1	0	0	1
chr3.7811445.7811594	pos	0	0	0	0	0	0	1	0	1	0	0
chr3.7820135.7820363	pos	1	1	0	1	1	1	0	1	0	0	0
chr3.7931705.7931920	pos	1	1	0	1	1	1	0	1	0	0	0
chr3.8153723.8153990	pos	1	0	0	0	1	0	0	0	0	0	0
chr3.8410382.8410714	pos	0	1	0	1	1	0	1	1	1	0	1
chr3.8583968.8584291	pos	0	1	0	1	1	1	1	1	1	0	1
chr3.8867873.8868542	pos	1	1	0	0	1	1	0	0	0	0	0
chr3.8893133.8893975	pos	1	1	1	1	1	1	0	1	0	0	1
chr3.8899520.8899726	pos	0	1	0	1	1	0	1	0	1	0	1
chr3.8909284.8910232	pos	0	0	0	1	1	0	1	1	1	0	1
chr3.8932987.8933833	pos	1	1	0	0	1	1	1	1	0	0	1
chr3.9173065.9173315	pos	1	1	1	1	1	1	1	1	1	1	1
chr3.9413375.9413635	pos	1	1	0	1	1	1	0	1	0	0	1
chr3.9819345.9819452	pos	1	1	0	1	1	1	1	1	0	1	0
chr3.9858764.9858970	pos	1	1	0	1	1	0	1	1	0	1	0
chr3.10136525.10136614	pos	0	1	0	0	0	0	1	0	1	1	0
chr3.10175076.10175414	pos	0	1	0	0	0	0	1	1	1	0	0
chr3.10195107.10196362	pos	0	0	0	1	1	0	1	1	0	1	1
chr3.10474185.10474289	pos	0	1	0	1	0	0	0	0	0	0	1
chr3.10476085.10476455	pos	0	1	0	1	0	0	1	1	0	0	1
chr3.10598477.10598592	pos	1	1	0	1	0	1	0	1	0	0	1
chr3.10976368.10976604	pos	0	1	0	1	1	1	0	1	0	0	1
chr3.11048296.11048433	pos	0	0	1	1	1	0	0	1	0	0	1
chr3.11049017.11049312	pos	0	1	0	1	1	0	1	1	1	0	1
chr3.11092578.11092752	pos	0	0	0	0	0	1	0	0	0	0	0
chr3.11243160.11243528	pos	1	1	0	1	1	0	1	1	0	1	0
chr3.11303128.11303289	pos	0	1	1	0	0	0	1	0	1	0	0
chr3.11445779.11446719	pos	0	1	0	1	0	1	1	0	0	0	1
chr3.11865098.11865212	pos	0	1	0	1	0	1	1	1	0	0	1
chr3.12614342.12614567	pos	0	1	1	0	0	0	1	1	1	1	0
chr3.12643150.12643251	pos	0	1	1	1	0	1	1	1	1	0	1
chr3.12669269.12669595	pos	1	1	1	0	1	1	0	1	0	0	0
chr3.13692009.13692218	pos	0	1	1	1	1	1	1	1	0	0	1
chr3.13764488.13765063	pos	1	1	1	1	1	0	0	1	1	0	0
chr3.14021384.14022463	pos	0	1	0	1	1	1	0	1	0	0	1
chr3.14281867.14281990	pos	1	1	0	1	1	0	0	0	0	0	0
chr3.14476516.14476712	pos	0	1	0	1	1	1	1	1	1	0	0
chr3.14487358.14487668	pos	0	1	1	1	1	1	1	1	1	0	0
chr3.14588688.14588789	pos	0	1	0	1	0	0	1	1	0	1	1
chr3.14588924.14589218	pos	0	1	0	1	0	0	1	1	0	1	1
chr3.14596069.14596545	pos	0	1	0	1	1	1	1	1	0	0	1
chr3.14751752.14752206	pos	0	1	0	1	1	0	1	1	0	0	1
chr3.14839200.14839519	pos	1	1	0	1	1	1	0	1	1	0	0
chr3.15125091.15125621	pos	1	1	0	0	1	0	0	0	0	0	0
chr3.15276859.15277340	pos	0	0	0	1	1	0	1	1	1	0	1
chr3.15277505.15277658	pos	0	1	0	1	1	0	1	1	1	0	1
chr3.15328714.15330189	pos	0	0	1	1	1	0	1	1	0	0	1
chr3.15607570.15608508	pos	1	1	0	1	1	1	0	1	1	0	0
chr3.15700131.15700240	pos	0	1	0	1	1	0	0	1	0	0	1
chr3.15741399.15741930	pos	0	1	1	1	1	1	0	1	0	0	1
chr3.17037144.17037624	pos	0	1	0	1	1	1	1	1	1	0	1
chr3.17737507.17737650	pos	1	1	0	1	1	1	0	1	0	1	0
chr3.18503613.18503728	pos	0	1	1	1	0	1	0	1	0	0	1
chr3.18582301.18582513	pos	0	1	0	1	1	1	1	1	1	0	0
chr3.19911006.19911774	pos	1	1	0	0	1	0	0	0	0	1	0
chr3.19923344.19923518	pos	1	1	1	1	1	1	0	1	0	0	0
chr3.20093716.20094156	pos	0	1	0	1	1	1	0	1	0	0	1
chr3.20216856.20217007	pos	0	1	0	0	0	0	1	0	1	0	0
chr3.20235024.20235210	pos	1	1	0	1	1	1	1	1	0	0	0
chr3.20353949.20354063	pos	0	1	0	0	1	1	0	1	0	0	0
chr3.20419650.20419758	pos	0	0	0	1	0	0	0	1	0	0	1
chr3.20836133.20836325	pos	0	1	0	1	0	0	0	1	0	0	1
chr3.21059325.21059436	pos	0	1	0	1	1	1	1	1	0	0	1
chr3.21206760.21206898	pos	0	0	1	0	0	0	1	1	1	0	0
chr3.21214306.21214432	pos	0	1	0	1	1	1	1	1	0	0	1
chr3.21483275.21483605	pos	0	1	1	1	1	1	1	1	1	0	1
chr3.21553540.21554067	pos	0	1	0	1	1	1	0	1	0	0	1
chr3.21656911.21657202	pos	1	1	0	0	1	0	0	1	1	0	0
chr3.22397483.22397633	pos	0	1	1	1	1	1	1	1	1	1	0
chr3.22991215.22991475	pos	1	1	0	1	1	1	0	1	0	0	0
chr3.23411650.23411923	pos	0	1	0	1	0	0	1	1	1	0	0
chr3.23462163.23462296	pos	0	1	0	1	0	0	1	1	1	0	0
chr3.23642466.23642599	pos	0	1	0	1	1	1	0	1	0	0	1
chr3.23790049.23790256	pos	1	1	0	0	1	1	1	1	1	0	0
chr3.24365442.24365520	pos	0	1	0	1	0	0	0	1	0	0	1
chr3.24602355.24602492	pos	1	1	1	1	1	0	1	1	1	1	1
chr3.24748821.24748978	pos	0	1	1	1	1	0	1	0	1	0	1
chr3.24825157.24825749	pos	0	0	0	1	0	0	0	0	1	0	1
chr3.25277188.25277425	pos	0	0	1	1	1	0	1	1	0	0	1
chr3.25305053.25305450	pos	0	1	0	1	1	1	1	1	1	0	1
chr3.25666708.25667060	pos	1	1	0	1	1	1	1	1	0	0	1
chr3.26034922.26035076	pos	0	1	1	1	1	0	1	1	0	1	0
chr3.26488704.26488869	pos	1	1	0	0	1	1	0	1	0	0	0
chr3.26920155.26920329	pos	0	0	1	1	1	0	0	0	1	0	1
chr3.26920675.26920754	pos	0	0	1	1	1	0	1	0	1	0	1
chr4.20517.20628	pos	0	0	1	0	0	0	1	0	1	0	0
chr4.441111.441322	pos	1	1	0	1	0	1	1	1	0	0	0
chr4.510762.510835	pos	0	1	1	1	1	1	1	0	1	1	1
chr4.1097335.1097729	pos	0	0	1	1	0	0	1	0	0	0	1
chr4.1247220.1247390	pos	1	1	0	1	1	0	0	1	0	0	1
chr4.1333530.1334270	pos	0	0	0	1	1	0	0	0	0	0	1
chr4.1710780.1711460	pos	0	1	0	1	0	0	1	0	0	0	0
chr4.2122809.2122962	pos	1	1	0	0	1	1	0	1	0	1	0
chr4.2525622.2526114	pos	0	1	0	1	1	1	1	1	1	0	1
chr4.2714217.2714403	pos	1	1	0	1	0	0	1	1	1	0	0
chr4.4385236.4385304	pos	0	1	0	0	0	0	1	0	1	0	0
chr4.4728723.4728953	pos	0	1	1	1	1	0	1	0	1	0	0
chr4.5192209.5192305	pos	0	1	0	0	0	1	1	1	1	0	0
chr4.5478972.5479098	pos	1	1	0	1	1	0	0	1	0	0	0
chr4.5587380.5587674	pos	1	1	0	0	0	1	0	0	0	0	0
chr4.6292850.6293015	pos	1	1	1	1	1	1	1	1	0	0	1
chr4.6300811.6300966	pos	0	1	1	1	0	0	1	1	0	0	0
chr4.6335033.6335160	pos	0	1	0	1	1	1	1	1	0	0	1
chr4.6821873.6822007	pos	0	1	0	1	1	1	1	1	1	0	1
chr4.6995213.6996095	pos	0	1	1	1	1	1	1	1	0	0	1
chr4.7090308.7090556	pos	1	1	0	1	1	1	0	1	0	0	1
chr4.7755331.7756111	pos	1	1	0	1	1	1	0	1	0	0	0
chr4.7788245.7788578	pos	0	1	1	1	1	1	0	1	0	0	0
chr4.7788723.7788870	pos	0	1	1	1	1	1	0	1	0	0	0
chr4.7969217.7969473	pos	0	1	0	1	1	1	1	1	0	1	1
chr4.8094887.8095089	pos	0	1	0	1	1	1	1	1	1	1	1
chr4.8628074.8628225	pos	0	1	0	1	1	0	1	0	0	1	0
chr4.9138983.9139560	pos	1	1	0	1	1	0	1	1	0	1	1
chr4.9539097.9539195	pos	0	1	0	1	0	0	1	1	0	1	1
chr4.9596243.9596399	pos	0	1	0	1	0	1	0	1	0	0	1
chr4.9656845.9656981	pos	0	1	0	1	0	1	1	1	1	1	0
chr4.9724305.9724829	pos	0	1	0	1	0	1	1	0	1	0	1
chr4.9724954.9725181	pos	0	0	0	1	0	0	0	0	0	0	1
chr4.9998122.9998348	pos	0	0	0	1	1	1	0	1	0	0	1
chr4.10185617.10185935	pos	0	1	1	1	1	0	1	1	0	0	1
chr4.10355465.10355695	pos	0	1	1	1	1	1	1	1	1	0	0
chr4.10399349.10399524	pos	0	1	0	1	0	0	1	0	1	0	0
chr4.10575937.10576172	pos	0	1	0	1	1	1	1	1	0	1	1
chr4.11152936.11153121	pos	0	0	1	0	0	0	1	0	1	0	0
chr4.11488693.11488792	pos	1	1	0	1	1	0	0	1	0	1	0
chr4.12359221.12359366	pos	0	1	0	1	0	0	1	1	1	0	1
chr4.12359606.12359964	pos	0	0	0	1	0	0	0	0	0	0	1
chr4.12468342.12468455	pos	1	1	0	1	1	1	0	1	0	0	0
chr4.12582021.12582167	pos	0	0	0	0	1	1	0	0	0	0	1
chr4.13310148.13310249	pos	0	0	1	1	1	0	0	1	0	0	1
chr4.13534154.13534420	pos	0	1	0	1	1	1	1	1	0	0	1
chr4.13672542.13673495	pos	1	1	0	1	1	1	1	1	1	0	1
chr4.14292341.14292552	pos	0	1	1	1	1	0	0	1	0	1	1
chr4.14329550.14329786	pos	0	1	0	1	1	0	1	1	1	1	1
chr4.14393704.14394419	pos	0	1	0	1	1	1	0	1	0	0	1
chr4.16100027.16100710	pos	1	1	0	1	1	0	0	1	0	0	1
chr4.16127029.16127249	pos	0	1	0	1	1	0	0	1	0	0	1
chr4.16483999.16484156	pos	0	1	0	1	0	0	1	1	0	0	1
chr4.16484553.16484724	pos	0	1	0	1	1	0	0	1	0	0	1
chr4.17187430.17187643	pos	0	1	0	1	1	1	1	1	1	1	1
chr4.17351487.17351629	pos	0	1	1	1	0	0	1	1	0	0	1
chr4.17772003.17772613	pos	0	1	1	1	1	1	1	1	0	0	1
chr4.17773212.17773698	pos	0	1	1	1	1	1	1	1	0	0	1
chr4.17799333.17799642	pos	1	1	0	1	1	1	0	1	0	0	1
chr4.17990946.17991263	pos	1	1	0	1	1	0	0	1	0	1	0
chr4.18133037.18133169	pos	1	1	1	1	1	1	1	1	1	0	1
chr4.18133327.18133742	pos	0	1	1	1	1	1	1	1	1	0	1
chr4.18195502.18196072	pos	1	1	0	1	1	1	0	1	0	0	0
chr4.18535171.18535321	pos	1	1	0	1	1	0	0	1	1	1	0
chr4.19368531.19368826	pos	1	1	1	1	0	1	0	1	1	0	0
chr4.19420006.19420458	pos	0	1	0	1	1	1	1	1	0	0	1
chr4.19525880.19525979	pos	0	0	0	1	0	0	0	1	0	0	1
chr4.19683576.19684169	pos	0	1	1	1	0	0	1	1	1	0	1
chr4.19747511.19747953	pos	1	1	0	1	1	1	1	1	1	0	0
chr4.19840992.19841151	pos	0	0	0	0	0	0	1	0	1	1	0
chr4.19849862.19849934	pos	0	1	1	0	0	0	1	0	1	1	0
chr4.20459683.20460294	pos	1	1	1	1	1	1	1	1	1	0	1
chr4.20805559.20805775	pos	1	1	0	1	1	1	0	1	0	1	0
chr4.20851616.20851753	pos	1	1	0	1	1	0	0	1	0	1	0
chr4.20951983.20952118	pos	0	1	0	1	1	0	1	1	1	1	1
chr4.21431076.21432260	pos	1	1	1	1	1	1	1	1	1	0	1
chr4.21653308.21653465	pos	0	1	1	1	0	1	1	1	0	0	1
chr4.21745353.21745675	pos	1	1	0	1	1	1	0	1	0	0	1
chr4.22269731.22269944	pos	0	0	0	0	0	0	1	0	1	0	0
chr4.22448920.22449212	pos	0	0	0	1	0	0	0	1	0	0	0
chr4.23520247.23520999	pos	1	1	0	1	1	1	0	1	0	0	1
chr4.23546293.23546448	pos	0	1	0	1	1	1	1	1	0	0	0
chr4.24303836.24303908	pos	0	1	0	1	1	1	0	1	1	0	1
chr4.24304390.24304653	pos	0	1	0	1	1	1	1	1	1	0	1
chr4.24412725.24412983	pos	1	1	0	0	1	1	0	1	0	0	1
chr4.24420316.24420605	pos	1	1	0	1	1	1	0	1	0	0	1
chr4.24829641.24829815	pos	0	1	0	1	0	1	1	1	1	0	1
chr4.25449400.25450065	pos	1	1	0	0	1	0	1	0	0	1	0
chr4.26261786.26261958	pos	0	0	0	0	1	1	0	1	0	0	1
chr4.26265090.26265672	pos	0	1	1	1	1	1	1	1	0	0	1
chr4.26326934.26327172	pos	0	1	1	1	0	0	1	1	0	0	1
chr4.26392350.26392506	pos	0	0	0	1	1	0	0	0	0	0	1
chr4.26392763.26394155	pos	0	1	0	1	1	1	1	1	0	0	1
chr4.26600310.26600422	pos	0	0	0	1	0	0	1	0	1	0	1
chr4.26768933.26769037	pos	0	1	0	1	1	0	1	1	1	0	1
chr5.624234.624447	pos	0	0	1	1	1	0	0	1	0	0	1
chr5.624565.624850	pos	0	0	1	1	1	0	1	1	1	0	1
chr5.1007332.1007949	pos	1	1	0	1	1	1	1	1	1	1	0
chr5.1117257.1117680	pos	1	1	1	1	1	1	1	1	0	1	0
chr5.1365308.1365445	pos	0	0	0	0	0	0	0	0	0	0	0
chr5.2100422.2100803	pos	0	1	1	0	1	1	0	1	0	0	1
chr5.2364846.2364974	pos	1	1	0	1	1	1	1	1	0	0	0
chr5.2365625.2366069	pos	1	1	0	1	1	1	1	1	0	0	1
chr5.2527426.2527732	pos	1	1	0	1	1	1	1	1	0	0	0
chr5.2995022.2995162	pos	1	1	1	1	1	0	0	1	0	0	1
chr5.3454755.3455355	pos	1	1	1	1	1	1	0	1	0	0	1
chr5.3491604.3491856	pos	0	1	0	1	1	1	1	1	1	0	1
chr5.3640330.3640428	pos	1	1	0	1	1	0	1	1	0	1	1
chr5.4436838.4437100	pos	0	1	0	1	1	1	1	1	1	1	1
chr5.5195496.5195891	pos	1	1	0	1	1	1	0	0	0	0	1
chr5.5464015.5464145	pos	0	1	0	1	1	1	1	1	0	0	1
chr5.5790832.5791014	pos	0	1	0	1	1	1	1	1	1	0	0
chr5.5793359.5793483	pos	1	1	0	1	1	0	0	0	0	1	0
chr5.5901672.5902240	pos	0	1	1	1	1	0	1	1	0	1	1
chr5.6467042.6467158	pos	0	1	0	1	1	1	0	1	0	0	1
chr5.6467766.6467973	pos	1	1	0	1	1	1	0	1	0	0	0
chr5.6471855.6471996	pos	1	1	0	0	1	1	0	1	0	0	0
chr5.6472182.6472350	pos	1	1	1	0	1	1	0	1	0	0	0
chr5.6611113.6611642	pos	0	1	0	1	1	1	0	1	0	1	1
chr5.7107901.7109877	pos	1	1	1	1	1	1	0	1	0	0	1
chr5.7114308.7114609	pos	1	1	0	0	1	1	0	1	0	0	0
chr5.8179242.8179454	pos	0	0	1	1	0	0	0	0	0	0	1
chr5.8362638.8362768	pos	1	1	0	1	1	0	1	1	1	0	0
chr5.9663064.9663365	pos	1	1	0	1	1	0	1	1	1	0	0
chr5.9834131.9834331	pos	0	0	1	0	0	0	1	0	1	0	0
chr5.10280812.10280996	pos	0	1	1	1	1	1	1	1	1	0	0
chr5.10312344.10312468	pos	0	1	0	1	0	0	1	0	0	0	1
chr5.10539736.10539914	pos	0	1	1	0	0	0	1	0	1	0	0
chr5.11318160.11318596	pos	1	0	0	0	1	0	0	0	0	0	0
chr5.11355753.11355870	pos	1	1	0	1	1	0	0	1	0	0	1
chr5.12448533.12448825	pos	1	1	0	1	1	1	0	1	0	0	0
chr5.13872279.13872449	pos	0	1	0	1	0	0	0	1	0	0	1
chr5.15099940.15100003	pos	0	0	0	0	0	0	1	0	0	1	0
chr5.15284237.15284502	pos	0	1	0	1	1	1	1	0	0	0	1
chr5.15724438.15724677	pos	0	1	0	1	0	0	1	1	1	1	1
chr5.16035251.16035451	pos	0	1	1	1	0	0	1	0	1	0	1
chr5.16149172.16149518	pos	1	1	1	1	1	1	0	1	0	0	0
chr5.16170725.16171153	pos	0	1	1	1	1	1	1	0	1	1	1
chr5.16240730.16241071	pos	0	1	1	1	1	1	0	1	0	0	1
chr5.16371474.16374259	pos	0	1	0	1	1	1	0	1	0	1	1
chr5.16607654.16607764	pos	0	1	0	1	1	1	1	0	1	0	1
chr5.16643589.16644104	pos	0	1	1	0	0	0	1	0	1	0	0
chr5.17003851.17004218	pos	0	1	1	1	1	1	1	1	0	1	1
chr5.17008375.17010080	pos	0	1	1	1	1	1	1	1	0	0	1
chr5.17637487.17637929	pos	0	1	0	1	0	0	1	1	1	0	0
chr5.17701583.17701777	pos	0	1	0	0	0	0	1	0	1	0	0
chr5.17739055.17739581	pos	1	1	0	0	1	1	0	1	0	0	0
chr5.17798250.17798357	pos	0	1	0	1	0	0	1	1	1	0	0
chr5.18640686.18640801	pos	0	1	1	0	0	0	1	0	1	0	0
chr5.19021560.19022094	pos	0	1	0	1	0	1	0	1	0	0	1
chr5.19025733.19025907	pos	1	1	0	1	0	0	1	1	0	0	0
chr5.19049171.19049920	pos	1	1	0	0	1	1	0	0	0	0	0
chr5.19054377.19055464	pos	1	1	0	1	1	1	1	1	0	0	1
chr5.19559225.19559457	pos	1	1	0	1	1	1	0	1	0	0	0
chr5.19921212.19921306	pos	1	1	1	1	1	0	1	1	1	0	0
chr5.20407299.20407603	pos	0	1	0	0	0	0	1	1	1	0	0
chr5.20414212.20414333	pos	0	1	0	1	1	1	1	1	1	0	0
chr5.20731398.20731503	pos	0	0	0	1	1	1	0	1	0	0	1
chr5.20769289.20769366	pos	0	1	1	1	1	1	1	1	0	0	1
chr5.20801690.20801879	pos	0	1	0	1	0	1	1	1	1	0	0
chr5.20815419.20815659	pos	0	1	0	1	1	1	1	1	0	0	1
chr5.21874350.21874557	pos	1	1	0	1	1	0	0	1	0	1	0
chr5.21926244.21926497	pos	1	1	1	1	1	1	1	1	0	0	1
chr5.21940684.21942816	pos	0	1	0	1	1	1	1	1	0	0	1
chr5.21943363.21943523	pos	0	0	0	1	0	1	0	0	0	0	1
chr5.22111342.22111466	pos	1	1	0	1	1	1	0	1	0	0	1
chr5.22401141.22403282	pos	0	1	1	1	1	1	1	1	0	0	1
chr5.23656825.23657067	pos	1	1	0	1	1	0	0	1	0	1	0
chr5.23675801.23676076	pos	1	1	0	1	1	0	0	1	0	1	0
chr5.23696317.23696438	pos	1	1	0	1	1	0	0	1	0	1	0
chr5.23960561.23960935	pos	0	1	1	0	0	0	1	0	1	0	0
chr5.24875042.24876899	pos	1	1	0	1	1	1	1	1	0	1	0
chr5.24877316.24878363	pos	1	1	0	1	1	0	1	1	1	1	0
chr5.24880375.24881250	pos	1	1	0	1	1	0	1	1	0	0	0
chr5.24881956.24882749	pos	1	1	0	1	1	0	0	1	1	0	0
chr5.24956575.24957065	pos	1	1	0	0	1	0	0	0	0	0	0
chr5.24979498.24980537	pos	1	1	0	0	1	0	1	0	0	1	0
chr5.24986954.24987157	pos	1	0	0	0	0	1	0	0	0	0	0
chr5.24987410.24987532	pos	1	0	0	0	0	1	0	0	0	0	0
chr5.25026505.25026872	pos	0	1	0	1	1	1	0	1	1	0	1
chr5.25883258.25883515	pos	1	0	0	1	0	0	1	1	0	0	1
chr5.26345829.26346410	pos	0	1	1	1	0	0	1	0	1	0	0
chr5.26347691.26348629	pos	1	1	0	1	0	1	1	1	0	0	1
chr5.26502573.26502936	pos	0	1	1	1	1	1	1	1	1	0	1
chr5.26503066.26503976	pos	0	1	1	1	1	1	1	1	1	0	1
chr6.707040.707895	pos	1	1	0	1	1	1	1	1	1	0	0
chr6.710061.710438	pos	0	1	0	0	0	0	1	0	1	0	0
chr6.1048294.1048765	pos	0	1	0	1	1	1	0	1	0	0	1
chr6.1294093.1294215	pos	0	0	0	0	1	1	0	0	0	0	1
chr6.1468083.1468422	pos	1	1	0	1	1	1	0	1	0	0	0
chr6.1737126.1737544	pos	1	1	0	1	1	1	1	1	1	0	0
chr6.1747697.1747828	pos	1	1	0	1	1	1	0	1	0	0	0
chr6.1747953.1748084	pos	1	1	0	1	1	1	0	1	0	0	0
chr6.1750226.1750454	pos	1	1	0	1	0	1	1	1	1	0	0
chr6.1933638.1933874	pos	0	1	1	1	1	1	1	1	0	0	1
chr6.1933948.1934569	pos	0	1	1	1	1	1	1	1	0	0	1
chr6.2087962.2088511	pos	0	1	0	1	1	0	1	1	0	0	1
chr6.2088778.2089068	pos	0	1	0	1	1	0	1	1	0	0	1
chr6.2227779.2227872	pos	0	1	0	1	1	0	0	1	0	0	1
chr6.2663296.2663879	pos	1	1	0	1	1	0	0	1	0	0	1
chr6.2664029.2664180	pos	1	1	0	1	1	0	0	1	0	0	1
chr6.3149643.3150364	pos	0	1	0	1	1	1	0	1	0	0	1
chr6.3316050.3316610	pos	1	1	0	1	1	1	0	1	0	0	0
chr6.3320994.3321239	pos	1	1	0	1	1	1	0	1	1	0	0
chr6.3401095.3401301	pos	1	1	0	1	1	0	0	0	0	1	0
chr6.3677332.3677658	pos	1	1	0	1	1	1	0	1	0	0	1
chr6.3858871.3859015	pos	0	0	1	0	0	0	1	0	0	0	0
chr6.4212204.4212339	pos	0	1	0	1	1	1	1	1	1	1	0
chr6.5163406.5163787	pos	1	1	0	1	0	0	1	1	1	0	1
chr6.5164899.5165194	pos	0	1	0	1	1	0	1	1	1	1	0
chr6.5277543.5277800	pos	1	1	0	1	1	1	0	1	1	0	1
chr6.5657679.5657800	pos	0	1	0	1	0	0	0	1	0	1	1
chr6.5667723.5667821	pos	0	1	1	1	0	0	0	1	0	0	1
chr6.5920444.5920870	pos	1	1	0	1	1	0	1	1	0	0	1
chr6.5938225.5938375	pos	1	1	1	1	1	0	0	1	0	0	0
chr6.5946788.5947141	pos	0	1	1	1	0	0	1	1	0	1	1
chr6.6395579.6395818	pos	0	1	0	1	0	0	1	1	1	0	0
chr6.6717615.6717713	pos	1	1	1	1	0	0	0	1	0	0	1
chr6.6718001.6718141	pos	0	1	1	1	0	0	0	1	0	0	1
chr6.7258785.7259122	pos	1	1	0	1	1	1	0	1	0	1	0
chr6.7271270.7271465	pos	1	1	0	0	1	1	0	1	0	1	0
chr6.7381681.7381797	pos	1	1	0	0	1	1	0	1	0	0	0
chr6.7449164.7449746	pos	1	1	0	1	1	1	0	1	0	1	1
chr6.7507621.7507744	pos	0	1	0	1	0	0	1	1	0	0	1
chr6.7543071.7543726	pos	0	1	0	1	0	0	1	0	1	0	1
chr6.7544041.7544174	pos	0	0	1	0	0	0	1	0	1	0	0
chr6.7970700.7971743	pos	1	1	1	1	1	1	1	0	0	1	0
chr6.8411065.8411164	pos	0	1	0	1	0	0	0	1	0	0	1
chr6.9109833.9110690	pos	0	1	1	1	1	1	1	1	1	0	1
chr6.9552269.9552408	pos	0	0	1	0	0	0	1	0	1	0	0
chr6.9752765.9752880	pos	0	1	0	1	0	0	1	1	1	0	1
chr6.9753050.9753208	pos	0	1	1	1	1	0	1	1	1	0	1
chr6.10387525.10387759	pos	0	1	1	1	0	0	0	1	0	0	1
chr6.11216251.11216591	pos	1	1	1	1	1	1	0	1	1	0	0
chr6.11354378.11355279	pos	1	1	0	0	1	1	0	1	0	0	1
chr6.11489932.11490118	pos	0	1	1	1	0	1	1	1	0	0	1
chr6.11525952.11526589	pos	1	0	0	0	1	1	0	1	0	0	0
chr6.11833697.11833921	pos	0	1	0	0	0	0	1	0	1	1	0
chr6.13310280.13310544	pos	0	0	0	1	1	0	0	1	0	0	1
chr6.13718317.13718519	pos	0	1	1	1	1	0	1	1	0	0	0
chr6.13861138.13861230	pos	0	1	1	1	0	0	0	1	1	0	0
chr6.13864356.13864437	pos	0	1	0	1	1	0	0	1	0	0	1
chr6.15035794.15036299	pos	1	1	0	1	1	1	1	1	0	0	1
chr6.15481957.15482357	pos	1	1	1	0	1	1	1	0	1	0	1
chr6.15556840.15556995	pos	1	1	0	1	1	1	0	1	0	0	1
chr6.15557599.15558006	pos	1	1	0	1	1	1	0	1	0	0	1
chr6.15912686.15912794	pos	0	0	0	0	0	0	1	0	1	0	0
chr6.16033654.16033791	pos	0	0	0	0	0	0	1	0	1	0	0
chr6.16118456.16118674	pos	0	1	0	1	1	1	1	0	0	0	1
chr6.16708553.16708698	pos	0	1	0	1	0	0	0	0	0	0	1
chr6.16708834.16709392	pos	0	1	0	1	0	1	0	1	0	0	1
chr6.16710679.16710964	pos	0	1	0	1	0	1	1	1	0	0	1
chr6.16832968.16833775	pos	1	1	0	0	1	0	1	1	0	1	0
chr6.16849712.16849866	pos	0	1	0	1	0	0	1	0	1	1	1
chr6.16864000.16864246	pos	0	1	0	1	1	0	0	1	0	0	1
chr6.17098338.17098786	pos	1	1	1	1	1	0	0	1	1	0	0
chr6.17578340.17578692	pos	1	1	1	1	1	0	1	1	1	0	1
chr6.18002111.18002211	pos	0	0	0	1	0	0	0	1	0	0	1
chr6.18425615.18426113	pos	0	1	0	1	0	1	1	1	1	0	1
chr6.18580319.18580607	pos	0	1	0	1	1	0	1	1	0	0	1
chr6.18912904.18913073	pos	1	1	1	1	1	1	0	1	0	0	0
chr6.19327677.19328351	pos	0	1	0	1	0	0	0	0	0	0	1
chr6.20374164.20374526	pos	1	1	1	1	0	0	1	1	0	0	0
chr6.21063139.21063417	pos	0	1	0	0	0	1	1	1	1	0	1
chr6.21193169.21193274	pos	0	1	1	1	1	1	1	1	0	0	1
chr6.21509574.21510700	pos	1	1	0	1	1	1	1	1	1	0	1
chr6.21510937.21511695	pos	1	1	0	1	1	0	0	1	1	0	0
chr6.21511931.21512229	pos	1	1	0	1	1	0	0	1	1	0	0
chr6.21861140.21861296	pos	0	1	0	1	1	0	1	1	0	1	1
chr6.21871465.21871591	pos	0	1	1	1	1	1	0	1	0	0	1
chr6.22067508.22068782	pos	1	1	1	1	1	0	1	1	1	1	0
chr6.22070808.22071266	pos	1	1	0	1	1	0	1	1	0	0	1
chr6.22072955.22073543	pos	0	1	0	1	1	0	1	1	0	0	1
chr6.22094827.22095074	pos	0	1	0	1	1	1	1	1	0	1	1
chr6.22664263.22664607	pos	0	1	0	1	0	0	1	1	1	0	0
chr6.22682035.22682418	pos	1	1	0	1	1	1	1	1	1	0	0
chr6.23014005.23014289	pos	0	0	0	0	1	1	0	0	0	0	1
chr7.1157428.1157609	pos	1	1	0	1	0	0	1	1	0	0	0
chr7.1229830.1230129	pos	0	1	0	1	1	1	1	1	1	0	1
chr7.2586745.2587262	pos	0	0	0	0	1	1	0	0	0	0	1
chr7.2606115.2606282	pos	0	1	1	1	0	1	1	1	0	0	1
chr7.2606947.2607095	pos	0	1	1	1	0	1	1	1	0	0	1
chr7.2743096.2743243	pos	1	1	0	1	1	1	0	1	0	0	1
chr7.3045371.3045522	pos	1	1	0	1	1	1	0	1	0	0	1
chr7.3926429.3926549	pos	0	1	1	1	0	0	1	1	1	1	0
chr7.4389274.4389392	pos	0	1	1	1	0	0	1	1	1	0	1
chr7.4638423.4638663	pos	0	0	1	0	0	0	1	0	1	0	0
chr7.4907953.4908331	pos	0	0	0	1	0	0	0	0	0	0	1
chr7.4989199.4989371	pos	0	0	0	0	0	0	0	0	0	1	0
chr7.5118406.5119766	pos	1	1	0	1	1	1	0	1	0	0	0
chr7.5126167.5126307	pos	1	1	0	1	1	1	1	1	0	0	1
chr7.5161755.5162068	pos	0	1	1	1	1	1	1	1	1	0	1
chr7.5191267.5191378	pos	1	1	0	1	0	0	1	1	1	0	0
chr7.5251391.5251787	pos	1	1	0	1	0	0	1	0	0	0	0
chr7.5836435.5836584	pos	1	1	0	0	1	1	0	0	0	0	0
chr7.5975091.5975256	pos	0	1	0	1	0	1	1	0	0	0	1
chr7.6693226.6693460	pos	1	1	0	1	1	1	1	0	1	0	1
chr7.6712361.6712560	pos	0	0	1	1	0	1	1	0	0	0	1
chr7.6911226.6911356	pos	1	1	0	1	1	0	0	1	0	1	0
chr7.7027097.7027232	pos	1	1	1	1	1	0	0	1	0	1	0
chr7.7232053.7232845	pos	1	1	1	1	1	1	0	1	0	0	1
chr7.7352822.7353028	pos	1	1	0	0	1	0	0	0	0	0	0
chr7.8128649.8129058	pos	0	1	0	0	0	0	1	0	0	1	0
chr7.8187511.8187609	pos	1	1	0	1	0	0	1	1	1	0	0
chr7.8220921.8221099	pos	1	1	1	1	1	0	1	1	1	1	0
chr7.8321432.8321581	pos	0	1	0	1	0	0	1	1	1	1	0
chr7.8612391.8613016	pos	0	1	0	1	1	1	1	1	0	0	0
chr7.9030763.9030828	pos	0	0	0	0	0	0	1	0	1	0	0
chr7.9050836.9051836	pos	1	1	0	0	1	1	1	0	0	1	0
chr7.9068409.9070327	pos	1	1	1	1	1	1	1	1	1	1	0
chr7.9078504.9078754	pos	0	1	1	1	0	1	1	0	1	0	0
chr7.9332253.9332353	pos	0	1	1	1	1	0	0	0	0	0	1
chr7.9488394.9488738	pos	1	1	0	1	1	1	0	1	0	1	0
chr7.9530661.9530752	pos	0	1	1	1	1	1	1	1	0	0	1
chr7.9630924.9631202	pos	1	1	0	1	1	1	0	1	0	0	1
chr7.9767391.9767537	pos	1	1	0	1	1	1	1	1	0	0	1
chr7.9806985.9807195	pos	0	1	0	1	0	0	1	1	0	0	1
chr7.9990373.9990472	pos	0	1	1	0	1	1	1	0	1	0	1
chr7.10225126.10225250	pos	1	1	0	0	1	0	1	0	1	1	0
chr7.10250855.10250960	pos	0	1	0	1	0	0	0	1	1	0	0
chr7.10377869.10378033	pos	0	0	1	1	1	0	0	1	0	0	1
chr7.10378549.10378833	pos	0	0	1	1	1	0	0	1	0	0	1
chr7.10565864.10566046	pos	0	1	0	1	1	1	1	1	1	0	1
chr7.10809817.10810176	pos	1	1	0	1	1	1	1	1	1	0	1
chr7.11192662.11192817	pos	1	1	1	1	1	0	0	1	0	0	0
chr7.11239849.11240072	pos	1	1	0	1	0	0	1	0	0	0	0
chr7.11330329.11330436	pos	0	1	0	1	1	1	1	1	1	0	1
chr7.11342643.11342884	pos	0	1	1	1	0	0	0	1	0	0	1
chr7.12103087.12103446	pos	0	1	0	1	1	1	1	1	0	1	1
chr7.12132701.12133452	pos	1	1	0	1	1	1	1	1	1	1	0
chr7.12133579.12134368	pos	1	1	0	1	1	1	0	1	1	0	0
chr7.12134504.12135367	pos	1	1	0	1	1	1	0	1	1	0	0
chr7.12189742.12189853	pos	0	1	0	0	0	0	1	0	1	0	0
chr7.12369678.12369847	pos	0	1	0	1	1	0	1	0	0	0	1
chr7.12466190.12466308	pos	0	1	1	0	0	0	0	1	0	0	1
chr7.12701319.12702226	pos	0	1	1	1	1	0	0	1	0	0	1
chr7.12810508.12810630	pos	0	1	0	1	0	1	1	1	1	0	1
chr7.12929421.12929546	pos	0	1	1	1	1	1	0	1	0	0	1
chr7.12935813.12936076	pos	1	1	0	0	1	1	0	1	0	0	0
chr7.12936088.12936771	pos	1	1	0	1	1	1	0	1	0	0	0
chr7.13171080.13171306	pos	0	1	0	1	0	0	1	1	1	1	0
chr7.13271248.13273653	pos	0	1	0	1	1	0	1	0	0	0	1
chr7.13273944.13274195	pos	0	0	0	1	0	0	0	0	0	0	1
chr7.13548461.13548775	pos	1	1	0	0	1	1	0	0	0	1	0
chr7.13739463.13740071	pos	0	1	0	1	0	1	0	1	1	0	0
chr7.13944591.13944682	pos	0	1	0	0	0	0	1	0	1	0	0
chr7.14221653.14221773	pos	0	0	0	1	1	0	0	1	0	0	1
chr7.14366771.14366863	pos	0	1	0	1	0	0	1	0	1	0	0
chr7.15170329.15170441	pos	0	1	0	1	1	1	1	1	1	0	1
chr7.15270951.15271242	pos	0	1	1	1	1	1	1	1	1	0	1
chr7.15683498.15683636	pos	0	1	0	1	1	0	1	1	1	0	1
chr7.16043884.16044230	pos	0	1	0	1	0	1	1	0	0	0	1
chr7.16289653.16289867	pos	0	0	0	0	0	0	1	1	1	0	0
chr7.16717751.16717901	pos	0	1	0	1	1	1	0	1	0	0	1
chr7.16748826.16748927	pos	0	1	0	1	1	1	1	1	1	0	1
chr7.16911781.16912034	pos	1	1	0	1	1	1	1	1	0	0	1
chr7.16963105.16963314	pos	0	1	0	1	1	0	1	1	0	0	1
chr7.17602225.17602435	pos	0	1	0	1	1	1	0	1	0	0	1
chr7.17941248.17942168	pos	1	1	1	1	1	1	1	1	0	0	1
chr7.18531211.18531446	pos	1	1	1	1	1	1	0	1	0	0	1
chr7.19009022.19010018	pos	0	1	1	1	1	0	1	1	1	0	1
chr7.19787012.19787163	pos	1	1	0	1	1	0	0	1	1	1	0
chr7.19964490.19964620	pos	1	0	0	0	1	1	0	0	0	0	1
chr7.19967642.19968110	pos	0	0	0	1	1	1	0	1	0	0	1
chr7.20299404.20300914	pos	0	0	0	1	0	0	1	0	0	0	1
chr7.20301057.20301158	pos	0	0	0	1	0	0	0	0	0	0	1
chr7.21055140.21055218	pos	0	1	1	0	0	1	1	0	1	0	0
chr7.21360188.21360667	pos	1	1	1	1	0	1	0	0	1	0	0
chr7.21760519.21760814	pos	0	1	1	1	1	1	1	1	1	0	1
chr7.21932708.21932961	pos	0	0	0	1	1	0	0	0	0	0	1
chr8.615957.616448	pos	0	1	0	1	1	1	0	1	0	0	1
chr8.919764.920604	pos	0	1	0	1	0	0	1	1	0	0	1
chr8.929154.929457	pos	1	1	0	1	1	1	1	1	1	0	1
chr8.946270.946480	pos	0	1	0	1	1	1	1	1	1	0	1
chr8.1241591.1241790	pos	0	1	0	1	1	1	1	1	1	0	1
chr8.1451691.1451827	pos	1	1	1	1	1	0	0	1	0	0	1
chr8.1908595.1908696	pos	0	1	0	1	1	1	0	1	0	0	1
chr8.1918743.1918885	pos	0	1	0	0	0	0	1	0	0	1	0
chr8.2339197.2339366	pos	0	1	1	0	0	0	1	0	1	0	1
chr8.2433661.2434025	pos	1	1	0	1	1	0	1	1	0	1	0
chr8.3182266.3182591	pos	0	1	0	1	0	0	1	0	1	1	1
chr8.3589526.3590294	pos	1	1	0	1	1	1	0	1	0	0	1
chr8.3984801.3984919	pos	0	0	0	0	0	0	1	0	1	0	0
chr8.4250776.4251006	pos	0	1	0	0	0	0	1	0	0	0	0
chr8.4398302.4398502	pos	1	1	1	1	1	1	0	1	0	0	1
chr8.5217943.5218140	pos	0	1	1	1	1	1	0	1	0	0	1
chr8.5906428.5906626	pos	0	1	0	1	1	1	1	1	0	1	1
chr8.6342639.6344080	pos	1	1	1	1	1	1	0	1	0	0	1
chr8.6468706.6468987	pos	1	1	1	1	1	1	0	1	1	0	0
chr8.6579822.6580425	pos	1	1	0	1	1	1	1	1	1	0	1
chr8.6581126.6581331	pos	0	1	1	1	1	1	1	1	1	0	1
chr8.6581720.6583156	pos	0	0	0	1	1	1	1	1	0	0	1
chr8.6787118.6787258	pos	0	1	1	1	1	1	1	1	1	0	1
chr8.7365674.7365865	pos	0	1	0	0	0	0	1	0	1	0	0
chr8.7409144.7410222	pos	0	1	0	1	1	1	0	1	0	0	1
chr8.7426863.7428974	pos	1	1	0	1	1	1	0	1	0	0	1
chr8.7898561.7898697	pos	0	1	1	0	0	0	1	0	1	0	0
chr8.8366069.8368290	pos	0	1	0	1	1	1	1	1	0	0	1
chr8.8450180.8450316	pos	1	1	0	1	1	1	1	1	1	0	0
chr8.8783949.8784340	pos	0	1	1	1	1	1	1	1	1	1	1
chr8.9621216.9621445	pos	0	0	0	1	0	1	1	1	0	0	1
chr8.9820634.9820711	pos	0	1	0	1	0	0	1	0	1	0	1
chr8.9959579.9959689	pos	0	1	1	1	1	0	1	1	1	0	1
chr8.9960228.9960662	pos	0	1	0	1	0	0	1	1	1	0	1
chr8.10689777.10689892	pos	0	1	0	1	1	0	0	1	0	0	1
chr8.10690844.10691090	pos	1	1	0	1	1	0	1	0	1	0	0
chr8.10875007.10875071	pos	0	0	0	0	0	0	1	0	1	0	0
chr8.11703675.11703867	pos	1	1	0	1	1	0	0	1	0	0	1
chr8.11910148.11910347	pos	0	1	1	0	0	0	1	0	0	1	0
chr8.11980741.11980965	pos	0	1	0	0	0	0	1	0	0	1	0
chr8.11998173.11998308	pos	1	1	0	1	1	0	0	1	0	1	0
chr8.12067736.12067842	pos	0	1	0	1	0	0	1	0	0	0	0
chr8.12126360.12127109	pos	0	1	0	1	1	1	1	1	1	0	1
chr8.12610949.12611153	pos	1	1	1	0	1	1	0	1	1	0	0
chr8.12886152.12886278	pos	0	1	0	1	0	0	1	1	0	0	0
chr8.13518417.13518531	pos	0	1	1	0	0	0	1	0	1	0	1
chr8.13664579.13664957	pos	0	1	1	0	0	0	1	0	0	1	0
chr8.14103025.14103123	pos	1	1	0	0	1	1	0	1	0	1	0
chr8.14894685.14894800	pos	0	1	0	1	1	0	1	1	1	1	1
chr8.14944350.14944768	pos	1	1	0	1	1	1	1	1	0	1	0
chr8.14975249.14975543	pos	0	1	0	1	0	0	1	1	0	0	1
chr8.15014689.15014762	pos	0	1	1	1	1	1	1	1	1	0	1
chr8.15034179.15034283	pos	1	0	0	1	1	1	0	1	0	0	1
chr8.15750929.15751089	pos	0	1	0	1	1	1	1	1	0	0	1
chr8.15899872.15899984	pos	0	1	0	1	1	0	1	1	1	0	1
chr8.16400050.16400162	pos	0	0	0	1	1	0	0	0	0	0	1
chr8.16459337.16459539	pos	0	0	1	0	0	0	1	0	1	0	0
chr8.16643468.16643987	pos	0	0	0	1	1	1	0	1	0	0	1
chr8.17939585.17939735	pos	0	1	1	1	1	1	1	1	0	1	1
chr8.18102580.18102810	pos	1	1	0	1	1	1	0	1	0	0	0
chr8.18434914.18435023	pos	0	1	0	1	1	0	0	1	0	0	1
chr8.18561357.18561489	pos	0	1	0	0	0	1	1	0	0	0	0
chr8.18807125.18807430	pos	0	1	0	1	1	1	1	1	1	1	1
chr8.18824718.18824967	pos	0	0	0	0	0	0	1	0	0	0	0
chr8.18825092.18825190	pos	0	0	0	0	0	0	1	0	0	0	0
chr8.18851419.18851614	pos	1	1	0	1	0	0	1	1	0	0	0
chr8.19149638.19150037	pos	0	0	0	1	0	0	1	0	0	0	0
chr8.19304478.19304620	pos	0	1	0	0	0	0	0	1	0	0	0
chr8.19751919.19752044	pos	0	1	0	0	0	0	1	0	0	0	0
chr8.19874894.19876024	pos	0	0	0	1	1	0	1	0	0	0	1
chr8.21123663.21123858	pos	0	1	0	1	1	0	1	0	1	0	0
unplaced-scaffold_078.13918.14048	pos	0	1	1	1	1	1	1	1	1	1	1
unplaced-scaffold_078.44598.44812	pos	1	1	1	1	1	1	0	1	0	1	1
chr1.147000.147500	neg	0	0	0	0	0	0	0	0	0	0	0
chr1.153000.153500	neg	0	0	0	0	0	0	0	0	0	0	0
chr1.377000.377500	neg	0	0	0	0	0	0	0	0	0	0	0
chr1.507000.507500	neg	0	0	0	0	0	0	0	0	0	0	0
chr1.831000.831500	neg	0	0	0	0	0	0	0	0	0	0	0
chr1.1028000.1028500	neg	0	0	0	0	0	0	0	0	0	0	0
chr1.2606000.2606500	neg	0	0	0	0	0	0	0	0	0	0	0
chr1.2891000.2891500	neg	0	0	0	0	0	0	0	0	0	0	0
chr1.3062500.3063000	neg	0	0	0	0	0	0	0	0	0	0	0
chr1.3231500.3232000	neg	0	0	0	0	0	0	0	0	0	0	0
chr1.3367000.3367500	neg	0	0	0	0	0	0	0	0	0	0	0
chr1.3975000.3975500	neg	0	0	0	0	0	0	0	0	0	0	0
chr1.4048500.4049000	neg	0	0	0	0	0	0	0	0	0	0	0
chr1.4900000.4900500	neg	0	0	0	0	0	0	0	0	0	0	0
chr1.5074000.5074500	neg	0	0	0	0	0	0	0	0	0	0	0
chr1.5280000.5280500	neg	0	0	0	0	0	0	0	0	0	0	0
chr1.5460500.5461000	neg	0	0	0	0	0	0	0	0	0	0	0
chr1.5971500.5972000	neg	0	0	0	0	0	0	0	0	0	0	0
chr1.6005000.6005500	neg	0	0	0	0	0	0	0	0	0	0	0
chr1.6294500.6295000	neg	0	0	0	0	0	0	0	0	0	0	0
chr1.6561000.6561500	neg	0	0	0	0	0	0	0	0	0	0	0
chr1.6910000.6910500	neg	0	0	0	0	0	0	0	0	0	0	0
chr1.7046000.7046500	neg	0	0	0	0	0	0	0	0	0	0	0
chr1.7157000.7157500	neg	0	0	0	0	0	0	0	0	0	0	0
chr1.7179000.7179500	neg	0	0	0	0	0	0	0	0	0	0	0
chr1.7179500.7180000	neg	0	0	0	0	0	0	0	0	0	0	0
chr1.7486000.7486500	neg	0	0	0	0	0	0	0	0	0	0	0
chr1.7596500.7597000	neg	0	0	0	0	0	0	0	0	0	0	0
chr1.7983000.7983500	neg	0	0	0	0	0	0	0	0	0	0	0
chr1.8570000.8570500	neg	0	0	0	0	0	0	0	0	0	0	0
chr1.9294500.9295000	neg	0	0	0	0	0	0	0	0	0	0	0
chr1.9864500.9865000	neg	0	0	0	0	0	0	0	0	0	0	0
chr1.11124500.11125000	neg	0	0	0	0	0	0	0	0	0	0	0
chr1.11181000.11181500	neg	0	0	0	0	0	0	0	0	0	0	0
chr1.11719000.11719500	neg	0	0	0	0	0	0	0	0	0	0	0
chr1.11790000.11790500	neg	0	0	0	0	0	0	0	0	0	0	0
chr1.12682500.12683000	neg	0	0	0	0	0	0	0	0	0	0	0
chr1.13275000.13275500	neg	0	0	0	0	0	0	0	0	0	0	0
chr1.13939500.13940000	neg	0	0	0	0	0	0	0	0	0	0	0
chr1.14013500.14014000	neg	0	0	0	0	0	0	0	0	0	0	0
chr1.14312000.14312500	neg	0	0	0	0	0	0	0	0	0	0	0
chr1.14329000.14329500	neg	0	0	0	0	0	0	0	0	0	0	0
chr1.14874000.14874500	neg	0	0	0	0	0	0	0	0	0	0	0
chr1.15330000.15330500	neg	0	0	0	0	0	0	0	0	0	0	0
chr1.15828500.15829000	neg	0	0	0	0	0	0	0	0	0	0	0
chr1.16143000.16143500	neg	0	0	0	0	0	0	0	0	0	0	0
chr1.16240000.16240500	neg	0	0	0	0	0	0	0	0	0	0	0
chr1.16322000.16322500	neg	0	0	0	0	0	0	0	0	0	0	0
chr1.16420500.16421000	neg	0	0	0	0	0	0	0	0	0	0	0
chr1.16600500.16601000	neg	0	0	0	0	0	0	0	0	0	0	0
chr1.17290500.17291000	neg	0	0	0	0	0	0	0	0	0	0	0
chr1.17938000.17938500	neg	0	0	0	0	0	0	0	0	0	0	0
chr1.18379000.18379500	neg	0	0	0	0	0	0	0	0	0	0	0
chr1.18858000.18858500	neg	0	0	0	0	0	0	0	0	0	0	0
chr1.19035000.19035500	neg	0	0	0	0	0	0	0	0	0	0	0
chr1.19074500.19075000	neg	0	0	0	0	0	0	0	0	0	0	0
chr1.19476000.19476500	neg	0	0	0	0	0	0	0	0	0	0	0
chr1.19581000.19581500	neg	0	0	0	0	0	0	0	0	0	0	0
chr1.19581500.19582000	neg	0	0	0	0	0	0	0	0	0	0	0
chr1.19695000.19695500	neg	0	0	0	0	0	0	0	0	0	0	0
chr1.19798000.19798500	neg	0	0	0	0	0	0	0	0	0	0	0
chr1.20399000.20399500	neg	0	0	0	0	0	0	0	0	0	0	0
chr1.20638500.20639000	neg	0	0	0	0	0	0	0	0	0	0	0
chr1.20945500.20946000	neg	0	0	0	0	0	0	0	0	0	0	0
chr1.21223500.21224000	neg	0	0	0	0	0	0	0	0	0	0	0
chr1.21252500.21253000	neg	0	0	0	0	0	0	0	0	0	0	0
chr1.21646000.21646500	neg	0	0	0	0	0	0	0	0	0	0	0
chr1.21938500.21939000	neg	0	0	0	0	0	0	0	0	0	0	0
chr1.22088000.22088500	neg	0	0	0	0	0	0	0	0	0	0	0
chr1.22601500.22602000	neg	0	0	0	0	0	0	0	0	0	0	0
chr1.22980500.22981000	neg	0	0	0	0	0	0	0	0	0	0	0
chr1.23248500.23249000	neg	0	0	0	0	0	0	0	0	0	0	0
chr1.23300000.23300500	neg	0	0	0	0	0	0	0	0	0	0	0
chr1.23502000.23502500	neg	0	0	0	0	0	0	0	0	0	0	0
chr1.23820000.23820500	neg	0	0	0	0	0	0	0	0	0	0	0
chr1.24052500.24053000	neg	0	0	0	0	0	0	0	0	0	0	0
chr1.24071000.24071500	neg	0	0	0	0	0	0	0	0	0	0	0
chr1.24089000.24089500	neg	0	0	0	0	0	0	0	0	0	0	0
chr1.24094500.24095000	neg	0	0	0	0	0	0	0	0	0	0	0
chr1.24226500.24227000	neg	0	0	0	0	0	0	0	0	0	0	0
chr1.24504500.24505000	neg	0	0	0	0	0	0	0	0	0	0	0
chr1.24957500.24958000	neg	0	0	0	0	0	0	0	0	0	0	0
chr1.25270500.25271000	neg	0	0	0	0	0	0	0	0	0	0	0
chr1.25548000.25548500	neg	0	0	0	0	0	0	0	0	0	0	0
chr1.26061000.26061500	neg	0	0	0	0	0	0	0	0	0	0	0
chr1.26101000.26101500	neg	0	0	0	0	0	0	0	0	0	0	0
chr1.26136000.26136500	neg	0	0	0	0	0	0	0	0	0	0	0
chr1.26840000.26840500	neg	0	0	0	0	0	0	0	0	0	0	0
chr1.26878000.26878500	neg	0	0	0	0	0	0	0	0	0	0	0
chr1.26947000.26947500	neg	0	0	0	0	0	0	0	0	0	0	0
chr1.27053000.27053500	neg	0	0	0	0	0	0	0	0	0	0	0
chr1.27342000.27342500	neg	0	0	0	0	0	0	0	0	0	0	0
chr1.27472000.27472500	neg	0	0	0	0	0	0	0	0	0	0	0
chr1.27704000.27704500	neg	0	0	0	0	0	0	0	0	0	0	0
chr1.27793500.27794000	neg	0	0	0	0	0	0	0	0	0	0	0
chr1.28319000.28319500	neg	0	0	0	0	0	0	0	0	0	0	0
chr1.28501500.28502000	neg	0	0	0	0	0	0	0	0	0	0	0
chr1.28557000.28557500	neg	0	0	0	0	0	0	0	0	0	0	0
chr1.29101000.29101500	neg	0	0	0	0	0	0	0	0	0	0	0
chr1.29224000.29224500	neg	0	0	0	0	0	0	0	0	0	0	0
chr1.29499500.29500000	neg	0	0	0	0	0	0	0	0	0	0	0
chr1.29631500.29632000	neg	0	0	0	0	0	0	0	0	0	0	0
chr1.29707000.29707500	neg	0	0	0	0	0	0	0	0	0	0	0
chr1.29927500.29928000	neg	0	0	0	0	0	0	0	0	0	0	0
chr1.30535500.30536000	neg	0	0	0	0	0	0	0	0	0	0	0
chr2.91000.91500	neg	0	0	0	0	0	0	0	0	0	0	0
chr2.124500.125000	neg	0	0	0	0	0	0	0	0	0	0	0
chr2.244500.245000	neg	0	0	0	0	0	0	0	0	0	0	0
chr2.276000.276500	neg	0	0	0	0	0	0	0	0	0	0	0
chr2.323500.324000	neg	0	0	0	0	0	0	0	0	0	0	0
chr2.602500.603000	neg	0	0	0	0	0	0	0	0	0	0	0
chr2.692000.692500	neg	0	0	0	0	0	0	0	0	0	0	0
chr2.867000.867500	neg	0	0	0	0	0	0	0	0	0	0	0
chr2.1137000.1137500	neg	0	0	0	0	0	0	0	0	0	0	0
chr2.1454000.1454500	neg	0	0	0	0	0	0	0	0	0	0	0
chr2.2066500.2067000	neg	0	0	0	0	0	0	0	0	0	0	0
chr2.2333000.2333500	neg	0	0	0	0	0	0	0	0	0	0	0
chr2.2426000.2426500	neg	0	0	0	0	0	0	0	0	0	0	0
chr2.2575500.2576000	neg	0	0	0	0	0	0	0	0	0	0	0
chr2.2662000.2662500	neg	0	0	0	0	0	0	0	0	0	0	0
chr2.3044500.3045000	neg	0	0	0	0	0	0	0	0	0	0	0
chr2.3171000.3171500	neg	0	0	0	0	0	0	0	0	0	0	0
chr2.3384000.3384500	neg	0	0	0	0	0	0	0	0	0	0	0
chr2.3597500.3598000	neg	0	0	0	0	0	0	0	0	0	0	0
chr2.3668500.3669000	neg	0	0	0	0	0	0	0	0	0	0	0
chr2.3776500.3777000	neg	0	0	0	0	0	0	0	0	0	0	0
chr2.3868000.3868500	neg	0	0	0	0	0	0	0	0	0	0	0
chr2.3869000.3869500	neg	0	0	0	0	0	0	0	0	0	0	0
chr2.3912500.3913000	neg	0	0	0	0	0	0	0	0	0	0	0
chr2.4252000.4252500	neg	0	0	0	0	0	0	0	0	0	0	0
chr2.4345000.4345500	neg	0	0	0	0	0	0	0	0	0	0	0
chr2.4377000.4377500	neg	0	0	0	0	0	0	0	0	0	0	0
chr2.4465500.4466000	neg	0	0	0	0	0	0	0	0	0	0	0
chr2.4766000.4766500	neg	0	0	0	0	0	0	0	0	0	0	0
chr2.5200000.5200500	neg	0	0	0	0	0	0	0	0	0	0	0
chr2.5537000.5537500	neg	0	0	0	0	0	0	0	0	0	0	0
chr2.5635000.5635500	neg	0	0	0	0	0	0	0	0	0	0	0
chr2.6305000.6305500	neg	0	0	0	0	0	0	0	0	0	0	0
chr2.6446000.6446500	neg	0	0	0	0	0	0	0	0	0	0	0
chr2.6648500.6649000	neg	0	0	0	0	0	0	0	0	0	0	0
chr2.6868500.6869000	neg	0	0	0	0	0	0	0	0	0	0	0
chr2.6982500.6983000	neg	0	0	0	0	0	0	0	0	0	0	0
chr2.7232000.7232500	neg	0	0	0	0	0	0	0	0	0	0	0
chr2.7244000.7244500	neg	0	0	0	0	0	0	0	0	0	0	0
chr2.7800000.7800500	neg	0	0	0	0	0	0	0	0	0	0	0
chr2.7844000.7844500	neg	0	0	0	0	0	0	0	0	0	0	0
chr2.8177500.8178000	neg	0	0	0	0	0	0	0	0	0	0	0
chr2.8378500.8379000	neg	0	0	0	0	0	0	0	0	0	0	0
chr2.8756500.8757000	neg	0	0	0	0	0	0	0	0	0	0	0
chr2.9184000.9184500	neg	0	0	0	0	0	0	0	0	0	0	0
chr2.9510500.9511000	neg	0	0	0	0	0	0	0	0	0	0	0
chr2.9902000.9902500	neg	0	0	0	0	0	0	0	0	0	0	0
chr2.10128000.10128500	neg	0	0	0	0	0	0	0	0	0	0	0
chr2.10223500.10224000	neg	0	0	0	0	0	0	0	0	0	0	0
chr2.10504000.10504500	neg	0	0	0	0	0	0	0	0	0	0	0
chr2.10886500.10887000	neg	0	0	0	0	0	0	0	0	0	0	0
chr2.10887000.10887500	neg	0	0	0	0	0	0	0	0	0	0	0
chr2.10961500.10962000	neg	0	0	0	0	0	0	0	0	0	0	0
chr2.10971500.10972000	neg	0	0	0	0	0	0	0	0	0	0	0
chr2.11111000.11111500	neg	0	0	0	0	0	0	0	0	0	0	0
chr2.11391500.11392000	neg	0	0	0	0	0	0	0	0	0	0	0
chr2.11572000.11572500	neg	0	0	0	0	0	0	0	0	0	0	0
chr2.11898500.11899000	neg	0	0	0	0	0	0	0	0	0	0	0
chr2.12149000.12149500	neg	0	0	0	0	0	0	0	0	0	0	0
chr2.12399000.12399500	neg	0	0	0	0	0	0	0	0	0	0	0
chr2.12455000.12455500	neg	0	0	0	0	0	0	0	0	0	0	0
chr2.13147000.13147500	neg	0	0	0	0	0	0	0	0	0	0	0
chr2.13986500.13987000	neg	0	0	0	0	0	0	0	0	0	0	0
chr2.13987500.13988000	neg	0	0	0	0	0	0	0	0	0	0	0
chr2.14061500.14062000	neg	0	0	0	0	0	0	0	0	0	0	0
chr2.14571500.14572000	neg	0	0	0	0	0	0	0	0	0	0	0
chr2.14585500.14586000	neg	0	0	0	0	0	0	0	0	0	0	0
chr2.14903000.14903500	neg	0	0	0	0	0	0	0	0	0	0	0
chr2.14959000.14959500	neg	0	0	0	0	0	0	0	0	0	0	0
chr2.14967500.14968000	neg	0	0	0	0	0	0	0	0	0	0	0
chr2.15412500.15413000	neg	0	0	0	0	0	0	0	0	0	0	0
chr2.15472500.15473000	neg	0	0	0	0	0	0	0	0	0	0	0
chr2.15997500.15998000	neg	0	0	0	0	0	0	0	0	0	0	0
chr2.16036000.16036500	neg	0	0	0	0	0	0	0	0	0	0	0
chr2.16327500.16328000	neg	0	0	0	0	0	0	0	0	0	0	0
chr2.16528500.16529000	neg	0	0	0	0	0	0	0	0	0	0	0
chr2.16618500.16619000	neg	0	0	0	0	0	0	0	0	0	0	0
chr2.16713000.16713500	neg	0	0	0	0	0	0	0	0	0	0	0
chr2.17139500.17140000	neg	0	0	0	0	0	0	0	0	0	0	0
chr2.17157000.17157500	neg	0	0	0	0	0	0	0	0	0	0	0
chr2.17240000.17240500	neg	0	0	0	0	0	0	0	0	0	0	0
chr2.17647000.17647500	neg	0	0	0	0	0	0	0	0	0	0	0
chr2.17749500.17750000	neg	0	0	0	0	0	0	0	0	0	0	0
chr2.18067500.18068000	neg	0	0	0	0	0	0	0	0	0	0	0
chr2.18588000.18588500	neg	0	0	0	0	0	0	0	0	0	0	0
chr2.18925000.18925500	neg	0	0	0	0	0	0	0	0	0	0	0
chr2.19295500.19296000	neg	0	0	0	0	0	0	0	0	0	0	0
chr2.20088000.20088500	neg	0	0	0	0	0	0	0	0	0	0	0
chr2.20366000.20366500	neg	0	0	0	0	0	0	0	0	0	0	0
chr2.20392000.20392500	neg	0	0	0	0	0	0	0	0	0	0	0
chr2.20895500.20896000	neg	0	0	0	0	0	0	0	0	0	0	0
chr2.21116000.21116500	neg	0	0	0	0	0	0	0	0	0	0	0
chr2.21505000.21505500	neg	0	0	0	0	0	0	0	0	0	0	0
chr2.21693000.21693500	neg	0	0	0	0	0	0	0	0	0	0	0
chr2.21800500.21801000	neg	0	0	0	0	0	0	0	0	0	0	0
chr2.22800500.22801000	neg	0	0	0	0	0	0	0	0	0	0	0
chr2.23161000.23161500	neg	0	0	0	0	0	0	0	0	0	0	0
chr2.23435500.23436000	neg	0	0	0	0	0	0	0	0	0	0	0
chr2.23477500.23478000	neg	0	0	0	0	0	0	0	0	0	0	0
chr2.23621500.23622000	neg	0	0	0	0	0	0	0	0	0	0	0
chr2.23700000.23700500	neg	0	0	0	0	0	0	0	0	0	0	0
chr2.23864000.23864500	neg	0	0	0	0	0	0	0	0	0	0	0
chr2.24070000.24070500	neg	0	0	0	0	0	0	0	0	0	0	0
chr2.24110000.24110500	neg	0	0	0	0	0	0	0	0	0	0	0
chr2.24232500.24233000	neg	0	0	0	0	0	0	0	0	0	0	0
chr2.24482500.24483000	neg	0	0	0	0	0	0	0	0	0	0	0
chr2.24640000.24640500	neg	0	0	0	0	0	0	0	0	0	0	0
chr2.25334500.25335000	neg	0	0	0	0	0	0	0	0	0	0	0
chr2.25351500.25352000	neg	0	0	0	0	0	0	0	0	0	0	0
chr2.25471000.25471500	neg	0	0	0	0	0	0	0	0	0	0	0
chr2.26570500.26571000	neg	0	0	0	0	0	0	0	0	0	0	0
chr2.26928000.26928500	neg	0	0	0	0	0	0	0	0	0	0	0
chr2.26963500.26964000	neg	0	0	0	0	0	0	0	0	0	0	0
chr2.27072000.27072500	neg	0	0	0	0	0	0	0	0	0	0	0
chr2.27667500.27668000	neg	0	0	0	0	0	0	0	0	0	0	0
chr2.29160000.29160500	neg	0	0	0	0	0	0	0	0	0	0	0
chr3.528500.529000	neg	0	0	0	0	0	0	0	0	0	0	0
chr3.1049000.1049500	neg	0	0	0	0	0	0	0	0	0	0	0
chr3.1089000.1089500	neg	0	0	0	0	0	0	0	0	0	0	0
chr3.1647000.1647500	neg	0	0	0	0	0	0	0	0	0	0	0
chr3.1776000.1776500	neg	0	0	0	0	0	0	0	0	0	0	0
chr3.2376500.2377000	neg	0	0	0	0	0	0	0	0	0	0	0
chr3.2713000.2713500	neg	0	0	0	0	0	0	0	0	0	0	0
chr3.2881500.2882000	neg	0	0	0	0	0	0	0	0	0	0	0
chr3.3188500.3189000	neg	0	0	0	0	0	0	0	0	0	0	0
chr3.3442000.3442500	neg	0	0	0	0	0	0	0	0	0	0	0
chr3.3551500.3552000	neg	0	0	0	0	0	0	0	0	0	0	0
chr3.4083500.4084000	neg	0	0	0	0	0	0	0	0	0	0	0
chr3.4538000.4538500	neg	0	0	0	0	0	0	0	0	0	0	0
chr3.4970500.4971000	neg	0	0	0	0	0	0	0	0	0	0	0
chr3.5292000.5292500	neg	0	0	0	0	0	0	0	0	0	0	0
chr3.5776500.5777000	neg	0	0	0	0	0	0	0	0	0	0	0
chr3.5986500.5987000	neg	0	0	0	0	0	0	0	0	0	0	0
chr3.6104500.6105000	neg	0	0	0	0	0	0	0	0	0	0	0
chr3.6414500.6415000	neg	0	0	0	0	0	0	0	0	0	0	0
chr3.6484000.6484500	neg	0	0	0	0	0	0	0	0	0	0	0
chr3.6616000.6616500	neg	0	0	0	0	0	0	0	0	0	0	0
chr3.6755500.6756000	neg	0	0	0	0	0	0	0	0	0	0	0
chr3.7091000.7091500	neg	0	0	0	0	0	0	0	0	0	0	0
chr3.7414500.7415000	neg	0	0	0	0	0	0	0	0	0	0	0
chr3.7417500.7418000	neg	0	0	0	0	0	0	0	0	0	0	0
chr3.7631000.7631500	neg	0	0	0	0	0	0	0	0	0	0	0
chr3.7661500.7662000	neg	0	0	0	0	0	0	0	0	0	0	0
chr3.7721500.7722000	neg	0	0	0	0	0	0	0	0	0	0	0
chr3.7908000.7908500	neg	0	0	0	0	0	0	0	0	0	0	0
chr3.7909500.7910000	neg	0	0	0	0	0	0	0	0	0	0	0
chr3.7932500.7933000	neg	0	0	0	0	0	0	0	0	0	0	0
chr3.8555500.8556000	neg	0	0	0	0	0	0	0	0	0	0	0
chr3.8672500.8673000	neg	0	0	0	0	0	0	0	0	0	0	0
chr3.8752000.8752500	neg	0	0	0	0	0	0	0	0	0	0	0
chr3.9451000.9451500	neg	0	0	0	0	0	0	0	0	0	0	0
chr3.9916500.9917000	neg	0	0	0	0	0	0	0	0	0	0	0
chr3.10064000.10064500	neg	0	0	0	0	0	0	0	0	0	0	0
chr3.10113500.10114000	neg	0	0	0	0	0	0	0	0	0	0	0
chr3.10160000.10160500	neg	0	0	0	0	0	0	0	0	0	0	0
chr3.12072000.12072500	neg	0	0	0	0	0	0	0	0	0	0	0
chr3.12229500.12230000	neg	0	0	0	0	0	0	0	0	0	0	0
chr3.12313500.12314000	neg	0	0	0	0	0	0	0	0	0	0	0
chr3.12323500.12324000	neg	0	0	0	0	0	0	0	0	0	0	0
chr3.13503500.13504000	neg	0	0	0	0	0	0	0	0	0	0	0
chr3.13804500.13805000	neg	0	0	0	0	0	0	0	0	0	0	0
chr3.14501500.14502000	neg	0	0	0	0	0	0	0	0	0	0	0
chr3.14743500.14744000	neg	0	0	0	0	0	0	0	0	0	0	0
chr3.14781000.14781500	neg	0	0	0	0	0	0	0	0	0	0	0
chr3.14848500.14849000	neg	0	0	0	0	0	0	0	0	0	0	0
chr3.15112500.15113000	neg	0	0	0	0	0	0	0	0	0	0	0
chr3.15497500.15498000	neg	0	0	0	0	0	0	0	0	0	0	0
chr3.15575000.15575500	neg	0	0	0	0	0	0	0	0	0	0	0
chr3.15763500.15764000	neg	0	0	0	0	0	0	0	0	0	0	0
chr3.16098500.16099000	neg	0	0	0	0	0	0	0	0	0	0	0
chr3.16247500.16248000	neg	0	0	0	0	0	0	0	0	0	0	0
chr3.16813500.16814000	neg	0	0	0	0	0	0	0	0	0	0	0
chr3.17541500.17542000	neg	0	0	0	0	0	0	0	0	0	0	0
chr3.17638000.17638500	neg	0	0	0	0	0	0	0	0	0	0	0
chr3.18843500.18844000	neg	0	0	0	0	0	0	0	0	0	0	0
chr3.18993500.18994000	neg	0	0	0	0	0	0	0	0	0	0	0
chr3.19604500.19605000	neg	0	0	0	0	0	0	0	0	0	0	0
chr3.20099500.20100000	neg	0	0	0	0	0	0	0	0	0	0	0
chr3.20231500.20232000	neg	0	0	0	0	0	0	0	0	0	0	0
chr3.20374500.20375000	neg	0	0	0	0	0	0	0	0	0	0	0
chr3.20507000.20507500	neg	0	0	0	0	0	0	0	0	0	0	0
chr3.20760000.20760500	neg	0	0	0	0	0	0	0	0	0	0	0
chr3.20760500.20761000	neg	0	0	0	0	0	0	0	0	0	0	0
chr3.20988500.20989000	neg	0	0	0	0	0	0	0	0	0	0	0
chr3.20992500.20993000	neg	0	0	0	0	0	0	0	0	0	0	0
chr3.21377000.21377500	neg	0	0	0	0	0	0	0	0	0	0	0
chr3.21579000.21579500	neg	0	0	0	0	0	0	0	0	0	0	0
chr3.21935500.21936000	neg	0	0	0	0	0	0	0	0	0	0	0
chr3.22030000.22030500	neg	0	0	0	0	0	0	0	0	0	0	0
chr3.22333000.22333500	neg	0	0	0	0	0	0	0	0	0	0	0
chr3.22432500.22433000	neg	0	0	0	0	0	0	0	0	0	0	0
chr3.22779500.22780000	neg	0	0	0	0	0	0	0	0	0	0	0
chr3.22986500.22987000	neg	0	0	0	0	0	0	0	0	0	0	0
chr3.22998000.22998500	neg	0	0	0	0	0	0	0	0	0	0	0
chr3.22999500.23000000	neg	0	0	0	0	0	0	0	0	0	0	0
chr3.23379000.23379500	neg	0	0	0	0	0	0	0	0	0	0	0
chr3.23521000.23521500	neg	0	0	0	0	0	0	0	0	0	0	0
chr3.23709500.23710000	neg	0	0	0	0	0	0	0	0	0	0	0
chr3.24153000.24153500	neg	0	0	0	0	0	0	0	0	0	0	0
chr3.24196500.24197000	neg	0	0	0	0	0	0	0	0	0	0	0
chr3.24906500.24907000	neg	0	0	0	0	0	0	0	0	0	0	0
chr3.25289500.25290000	neg	0	0	0	0	0	0	0	0	0	0	0
chr3.25330000.25330500	neg	0	0	0	0	0	0	0	0	0	0	0
chr3.25558500.25559000	neg	0	0	0	0	0	0	0	0	0	0	0
chr3.25577500.25578000	neg	0	0	0	0	0	0	0	0	0	0	0
chr3.25708500.25709000	neg	0	0	0	0	0	0	0	0	0	0	0
chr3.26014500.26015000	neg	0	0	0	0	0	0	0	0	0	0	0
chr3.26526500.26527000	neg	0	0	0	0	0	0	0	0	0	0	0
chr3.26877000.26877500	neg	0	0	0	0	0	0	0	0	0	0	0
chr3.27102500.27103000	neg	0	0	0	0	0	0	0	0	0	0	0
chr3.27137500.27138000	neg	0	0	0	0	0	0	0	0	0	0	0
chr4.16500.17000	neg	0	0	0	0	0	0	0	0	0	0	0
chr4.46500.47000	neg	0	0	0	0	0	0	0	0	0	0	0
chr4.848500.849000	neg	0	0	0	0	0	0	0	0	0	0	0
chr4.858000.858500	neg	0	0	0	0	0	0	0	0	0	0	0
chr4.1187500.1188000	neg	0	0	0	0	0	0	0	0	0	0	0
chr4.1285000.1285500	neg	0	0	0	0	0	0	0	0	0	0	0
chr4.1946000.1946500	neg	0	0	0	0	0	0	0	0	0	0	0
chr4.2020000.2020500	neg	0	0	0	0	0	0	0	0	0	0	0
chr4.2058500.2059000	neg	0	0	0	0	0	0	0	0	0	0	0
chr4.2308000.2308500	neg	0	0	0	0	0	0	0	0	0	0	0
chr4.2582000.2582500	neg	0	0	0	0	0	0	0	0	0	0	0
chr4.2876000.2876500	neg	0	0	0	0	0	0	0	0	0	0	0
chr4.3123000.3123500	neg	0	0	0	0	0	0	0	0	0	0	0
chr4.3781000.3781500	neg	0	0	0	0	0	0	0	0	0	0	0
chr4.4076000.4076500	neg	0	0	0	0	0	0	0	0	0	0	0
chr4.4138500.4139000	neg	0	0	0	0	0	0	0	0	0	0	0
chr4.4359000.4359500	neg	0	0	0	0	0	0	0	0	0	0	0
chr4.4597000.4597500	neg	0	0	0	0	0	0	0	0	0	0	0
chr4.4694000.4694500	neg	0	0	0	0	0	0	0	0	0	0	0
chr4.4978000.4978500	neg	0	0	0	0	0	0	0	0	0	0	0
chr4.5209500.5210000	neg	0	0	0	0	0	0	0	0	0	0	0
chr4.5685000.5685500	neg	0	0	0	0	0	0	0	0	0	0	0
chr4.5765500.5766000	neg	0	0	0	0	0	0	0	0	0	0	0
chr4.5831000.5831500	neg	0	0	0	0	0	0	0	0	0	0	0
chr4.6038000.6038500	neg	0	0	0	0	0	0	0	0	0	0	0
chr4.6227000.6227500	neg	0	0	0	0	0	0	0	0	0	0	0
chr4.6249000.6249500	neg	0	0	0	0	0	0	0	0	0	0	0
chr4.6345500.6346000	neg	0	0	0	0	0	0	0	0	0	0	0
chr4.6736500.6737000	neg	0	0	0	0	0	0	0	0	0	0	0
chr4.7345000.7345500	neg	0	0	0	0	0	0	0	0	0	0	0
chr4.7673500.7674000	neg	0	0	0	0	0	0	0	0	0	0	0
chr4.7809500.7810000	neg	0	0	0	0	0	0	0	0	0	0	0
chr4.7873500.7874000	neg	0	0	0	0	0	0	0	0	0	0	0
chr4.7995000.7995500	neg	0	0	0	0	0	0	0	0	0	0	0
chr4.8700500.8701000	neg	0	0	0	0	0	0	0	0	0	0	0
chr4.8852500.8853000	neg	0	0	0	0	0	0	0	0	0	0	0
chr4.8944000.8944500	neg	0	0	0	0	0	0	0	0	0	0	0
chr4.8966000.8966500	neg	0	0	0	0	0	0	0	0	0	0	0
chr4.8966500.8967000	neg	0	0	0	0	0	0	0	0	0	0	0
chr4.9560500.9561000	neg	0	0	0	0	0	0	0	0	0	0	0
chr4.9929500.9930000	neg	0	0	0	0	0	0	0	0	0	0	0
chr4.10126000.10126500	neg	0	0	0	0	0	0	0	0	0	0	0
chr4.10466500.10467000	neg	0	0	0	0	0	0	0	0	0	0	0
chr4.10467500.10468000	neg	0	0	0	0	0	0	0	0	0	0	0
chr4.11658500.11659000	neg	0	0	0	0	0	0	0	0	0	0	0
chr4.11895000.11895500	neg	0	0	0	0	0	0	0	0	0	0	0
chr4.11900000.11900500	neg	0	0	0	0	0	0	0	0	0	0	0
chr4.11914500.11915000	neg	0	0	0	0	0	0	0	0	0	0	0
chr4.12269500.12270000	neg	0	0	0	0	0	0	0	0	0	0	0
chr4.12376500.12377000	neg	0	0	0	0	0	0	0	0	0	0	0
chr4.12717500.12718000	neg	0	0	0	0	0	0	0	0	0	0	0
chr4.12758000.12758500	neg	0	0	0	0	0	0	0	0	0	0	0
chr4.12884000.12884500	neg	0	0	0	0	0	0	0	0	0	0	0
chr4.13189000.13189500	neg	0	0	0	0	0	0	0	0	0	0	0
chr4.13234000.13234500	neg	0	0	0	0	0	0	0	0	0	0	0
chr4.13518000.13518500	neg	0	0	0	0	0	0	0	0	0	0	0
chr4.13570500.13571000	neg	0	0	0	0	0	0	0	0	0	0	0
chr4.13925500.13926000	neg	0	0	0	0	0	0	0	0	0	0	0
chr4.14315000.14315500	neg	0	0	0	0	0	0	0	0	0	0	0
chr4.14370000.14370500	neg	0	0	0	0	0	0	0	0	0	0	0
chr4.14498000.14498500	neg	0	0	0	0	0	0	0	0	0	0	0
chr4.14546000.14546500	neg	0	0	0	0	0	0	0	0	0	0	0
chr4.15475000.15475500	neg	0	0	0	0	0	0	0	0	0	0	0
chr4.15703000.15703500	neg	0	0	0	0	0	0	0	0	0	0	0
chr4.15836000.15836500	neg	0	0	0	0	0	0	0	0	0	0	0
chr4.15837000.15837500	neg	0	0	0	0	0	0	0	0	0	0	0
chr4.16007500.16008000	neg	0	0	0	0	0	0	0	0	0	0	0
chr4.16341000.16341500	neg	0	0	0	0	0	0	0	0	0	0	0
chr4.16349000.16349500	neg	0	0	0	0	0	0	0	0	0	0	0
chr4.17140500.17141000	neg	0	0	0	0	0	0	0	0	0	0	0
chr4.17339500.17340000	neg	0	0	0	0	0	0	0	0	0	0	0
chr4.17455500.17456000	neg	0	0	0	0	0	0	0	0	0	0	0
chr4.17594000.17594500	neg	0	0	0	0	0	0	0	0	0	0	0
chr4.17626500.17627000	neg	0	0	0	0	0	0	0	0	0	0	0
chr4.17739500.17740000	neg	0	0	0	0	0	0	0	0	0	0	0
chr4.18202000.18202500	neg	0	0	0	0	0	0	0	0	0	0	0
chr4.18224500.18225000	neg	0	0	0	0	0	0	0	0	0	0	0
chr4.18462500.18463000	neg	0	0	0	0	0	0	0	0	0	0	0
chr4.18590000.18590500	neg	0	0	0	0	0	0	0	0	0	0	0
chr4.19450500.19451000	neg	0	0	0	0	0	0	0	0	0	0	0
chr4.19700500.19701000	neg	0	0	0	0	0	0	0	0	0	0	0
chr4.19815500.19816000	neg	0	0	0	0	0	0	0	0	0	0	0
chr4.20062000.20062500	neg	0	0	0	0	0	0	0	0	0	0	0
chr4.20820500.20821000	neg	0	0	0	0	0	0	0	0	0	0	0
chr4.20821500.20822000	neg	0	0	0	0	0	0	0	0	0	0	0
chr4.20964000.20964500	neg	0	0	0	0	0	0	0	0	0	0	0
chr4.21497500.21498000	neg	0	0	0	0	0	0	0	0	0	0	0
chr4.21503000.21503500	neg	0	0	0	0	0	0	0	0	0	0	0
chr4.21541000.21541500	neg	0	0	0	0	0	0	0	0	0	0	0
chr4.21633500.21634000	neg	0	0	0	0	0	0	0	0	0	0	0
chr4.21723500.21724000	neg	0	0	0	0	0	0	0	0	0	0	0
chr4.22216500.22217000	neg	0	0	0	0	0	0	0	0	0	0	0
chr4.22873500.22874000	neg	0	0	0	0	0	0	0	0	0	0	0
chr4.23090000.23090500	neg	0	0	0	0	0	0	0	0	0	0	0
chr4.23199500.23200000	neg	0	0	0	0	0	0	0	0	0	0	0
chr4.23326000.23326500	neg	0	0	0	0	0	0	0	0	0	0	0
chr4.23400500.23401000	neg	0	0	0	0	0	0	0	0	0	0	0
chr4.23527500.23528000	neg	0	0	0	0	0	0	0	0	0	0	0
chr4.23690000.23690500	neg	0	0	0	0	0	0	0	0	0	0	0
chr4.23802000.23802500	neg	0	0	0	0	0	0	0	0	0	0	0
chr4.24293000.24293500	neg	0	0	0	0	0	0	0	0	0	0	0
chr4.24406000.24406500	neg	0	0	0	0	0	0	0	0	0	0	0
chr4.24748000.24748500	neg	0	0	0	0	0	0	0	0	0	0	0
chr4.24860500.24861000	neg	0	0	0	0	0	0	0	0	0	0	0
chr4.25140000.25140500	neg	0	0	0	0	0	0	0	0	0	0	0
chr4.25306500.25307000	neg	0	0	0	0	0	0	0	0	0	0	0
chr4.25378000.25378500	neg	0	0	0	0	0	0	0	0	0	0	0
chr4.25706500.25707000	neg	0	0	0	0	0	0	0	0	0	0	0
chr4.25841000.25841500	neg	0	0	0	0	0	0	0	0	0	0	0
chr4.26790500.26791000	neg	0	0	0	0	0	0	0	0	0	0	0
chr4.26934500.26935000	neg	0	0	0	0	0	0	0	0	0	0	0
chr5.70500.71000	neg	0	0	0	0	0	0	0	0	0	0	0
chr5.480500.481000	neg	0	0	0	0	0	0	0	0	0	0	0
chr5.1244000.1244500	neg	0	0	0	0	0	0	0	0	0	0	0
chr5.1245000.1245500	neg	0	0	0	0	0	0	0	0	0	0	0
chr5.1362500.1363000	neg	0	0	0	0	0	0	0	0	0	0	0
chr5.1363500.1364000	neg	0	0	0	0	0	0	0	0	0	0	0
chr5.2513000.2513500	neg	0	0	0	0	0	0	0	0	0	0	0
chr5.2555500.2556000	neg	0	0	0	0	0	0	0	0	0	0	0
chr5.2653000.2653500	neg	0	0	0	0	0	0	0	0	0	0	0
chr5.2800500.2801000	neg	0	0	0	0	0	0	0	0	0	0	0
chr5.2940500.2941000	neg	0	0	0	0	0	0	0	0	0	0	0
chr5.3045000.3045500	neg	0	0	0	0	0	0	0	0	0	0	0
chr5.3087500.3088000	neg	0	0	0	0	0	0	0	0	0	0	0
chr5.3102000.3102500	neg	0	0	0	0	0	0	0	0	0	0	0
chr5.3257500.3258000	neg	0	0	0	0	0	0	0	0	0	0	0
chr5.3380500.3381000	neg	0	0	0	0	0	0	0	0	0	0	0
chr5.3443500.3444000	neg	0	0	0	0	0	0	0	0	0	0	0
chr5.3639500.3640000	neg	0	0	0	0	0	0	0	0	0	0	0
chr5.4488500.4489000	neg	0	0	0	0	0	0	0	0	0	0	0
chr5.4528000.4528500	neg	0	0	0	0	0	0	0	0	0	0	0
chr5.4748000.4748500	neg	0	0	0	0	0	0	0	0	0	0	0
chr5.4760000.4760500	neg	0	0	0	0	0	0	0	0	0	0	0
chr5.5145500.5146000	neg	0	0	0	0	0	0	0	0	0	0	0
chr5.5290500.5291000	neg	0	0	0	0	0	0	0	0	0	0	0
chr5.5314500.5315000	neg	0	0	0	0	0	0	0	0	0	0	0
chr5.5328000.5328500	neg	0	0	0	0	0	0	0	0	0	0	0
chr5.5339500.5340000	neg	0	0	0	0	0	0	0	0	0	0	0
chr5.5371500.5372000	neg	0	0	0	0	0	0	0	0	0	0	0
chr5.5452500.5453000	neg	0	0	0	0	0	0	0	0	0	0	0
chr5.5725000.5725500	neg	0	0	0	0	0	0	0	0	0	0	0
chr5.5845000.5845500	neg	0	0	0	0	0	0	0	0	0	0	0
chr5.6051000.6051500	neg	0	0	0	0	0	0	0	0	0	0	0
chr5.6849000.6849500	neg	0	0	0	0	0	0	0	0	0	0	0
chr5.7045500.7046000	neg	0	0	0	0	0	0	0	0	0	0	0
chr5.7344500.7345000	neg	0	0	0	0	0	0	0	0	0	0	0
chr5.7469500.7470000	neg	0	0	0	0	0	0	0	0	0	0	0
chr5.7548000.7548500	neg	0	0	0	0	0	0	0	0	0	0	0
chr5.7664000.7664500	neg	0	0	0	0	0	0	0	0	0	0	0
chr5.7758500.7759000	neg	0	0	0	0	0	0	0	0	0	0	0
chr5.8119000.8119500	neg	0	0	0	0	0	0	0	0	0	0	0
chr5.8172000.8172500	neg	0	0	0	0	0	0	0	0	0	0	0
chr5.8370500.8371000	neg	0	0	0	0	0	0	0	0	0	0	0
chr5.8452500.8453000	neg	0	0	0	0	0	0	0	0	0	0	0
chr5.8641500.8642000	neg	0	0	0	0	0	0	0	0	0	0	0
chr5.8864000.8864500	neg	0	0	0	0	0	0	0	0	0	0	0
chr5.9202500.9203000	neg	0	0	0	0	0	0	0	0	0	0	0
chr5.9223000.9223500	neg	0	0	0	0	0	0	0	0	0	0	0
chr5.9603500.9604000	neg	0	0	0	0	0	0	0	0	0	0	0
chr5.9619000.9619500	neg	0	0	0	0	0	0	0	0	0	0	0
chr5.9631500.9632000	neg	0	0	0	0	0	0	0	0	0	0	0
chr5.9947000.9947500	neg	0	0	0	0	0	0	0	0	0	0	0
chr5.9994500.9995000	neg	0	0	0	0	0	0	0	0	0	0	0
chr5.10213500.10214000	neg	0	0	0	0	0	0	0	0	0	0	0
chr5.10539000.10539500	neg	0	0	0	0	0	0	0	0	0	0	0
chr5.10637500.10638000	neg	0	0	0	0	0	0	0	0	0	0	0
chr5.11055500.11056000	neg	0	0	0	0	0	0	0	0	0	0	0
chr5.11213500.11214000	neg	0	0	0	0	0	0	0	0	0	0	0
chr5.11782000.11782500	neg	0	0	0	0	0	0	0	0	0	0	0
chr5.11985000.11985500	neg	0	0	0	0	0	0	0	0	0	0	0
chr5.12412500.12413000	neg	0	0	0	0	0	0	0	0	0	0	0
chr5.12468500.12469000	neg	0	0	0	0	0	0	0	0	0	0	0
chr5.12512500.12513000	neg	0	0	0	0	0	0	0	0	0	0	0
chr5.13170500.13171000	neg	0	0	0	0	0	0	0	0	0	0	0
chr5.13290500.13291000	neg	0	0	0	0	0	0	0	0	0	0	0
chr5.13562000.13562500	neg	0	0	0	0	0	0	0	0	0	0	0
chr5.13656500.13657000	neg	0	0	0	0	0	0	0	0	0	0	0
chr5.13672000.13672500	neg	0	0	0	0	0	0	0	0	0	0	0
chr5.13851000.13851500	neg	0	0	0	0	0	0	0	0	0	0	0
chr5.13988000.13988500	neg	0	0	0	0	0	0	0	0	0	0	0
chr5.14226500.14227000	neg	0	0	0	0	0	0	0	0	0	0	0
chr5.14421500.14422000	neg	0	0	0	0	0	0	0	0	0	0	0
chr5.15522000.15522500	neg	0	0	0	0	0	0	0	0	0	0	0
chr5.15542500.15543000	neg	0	0	0	0	0	0	0	0	0	0	0
chr5.15860000.15860500	neg	0	0	0	0	0	0	0	0	0	0	0
chr5.16886000.16886500	neg	0	0	0	0	0	0	0	0	0	0	0
chr5.16988500.16989000	neg	0	0	0	0	0	0	0	0	0	0	0
chr5.17076000.17076500	neg	0	0	0	0	0	0	0	0	0	0	0
chr5.17212500.17213000	neg	0	0	0	0	0	0	0	0	0	0	0
chr5.17572000.17572500	neg	0	0	0	0	0	0	0	0	0	0	0
chr5.17740000.17740500	neg	0	0	0	0	0	0	0	0	0	0	0
chr5.17862500.17863000	neg	0	0	0	0	0	0	0	0	0	0	0
chr5.17986000.17986500	neg	0	0	0	0	0	0	0	0	0	0	0
chr5.18103000.18103500	neg	0	0	0	0	0	0	0	0	0	0	0
chr5.18528500.18529000	neg	0	0	0	0	0	0	0	0	0	0	0
chr5.18619500.18620000	neg	0	0	0	0	0	0	0	0	0	0	0
chr5.18633500.18634000	neg	0	0	0	0	0	0	0	0	0	0	0
chr5.19145500.19146000	neg	0	0	0	0	0	0	0	0	0	0	0
chr5.19300500.19301000	neg	0	0	0	0	0	0	0	0	0	0	0
chr5.19442000.19442500	neg	0	0	0	0	0	0	0	0	0	0	0
chr5.19580000.19580500	neg	0	0	0	0	0	0	0	0	0	0	0
chr5.20416500.20417000	neg	0	0	0	0	0	0	0	0	0	0	0
chr5.20589000.20589500	neg	0	0	0	0	0	0	0	0	0	0	0
chr5.20644500.20645000	neg	0	0	0	0	0	0	0	0	0	0	0
chr5.20694500.20695000	neg	0	0	0	0	0	0	0	0	0	0	0
chr5.20921500.20922000	neg	0	0	0	0	0	0	0	0	0	0	0
chr5.21285000.21285500	neg	0	0	0	0	0	0	0	0	0	0	0
chr5.21477500.21478000	neg	0	0	0	0	0	0	0	0	0	0	0
chr5.21661000.21661500	neg	0	0	0	0	0	0	0	0	0	0	0
chr5.21674500.21675000	neg	0	0	0	0	0	0	0	0	0	0	0
chr5.21917000.21917500	neg	0	0	0	0	0	0	0	0	0	0	0
chr5.22407000.22407500	neg	0	0	0	0	0	0	0	0	0	0	0
chr5.22476000.22476500	neg	0	0	0	0	0	0	0	0	0	0	0
chr5.22872500.22873000	neg	0	0	0	0	0	0	0	0	0	0	0
chr5.23130500.23131000	neg	0	0	0	0	0	0	0	0	0	0	0
chr5.23353500.23354000	neg	0	0	0	0	0	0	0	0	0	0	0
chr5.23358000.23358500	neg	0	0	0	0	0	0	0	0	0	0	0
chr5.23519500.23520000	neg	0	0	0	0	0	0	0	0	0	0	0
chr5.23538000.23538500	neg	0	0	0	0	0	0	0	0	0	0	0
chr5.23711500.23712000	neg	0	0	0	0	0	0	0	0	0	0	0
chr5.23733500.23734000	neg	0	0	0	0	0	0	0	0	0	0	0
chr5.24177500.24178000	neg	0	0	0	0	0	0	0	0	0	0	0
chr5.24450000.24450500	neg	0	0	0	0	0	0	0	0	0	0	0
chr5.24473500.24474000	neg	0	0	0	0	0	0	0	0	0	0	0
chr5.25138500.25139000	neg	0	0	0	0	0	0	0	0	0	0	0
chr5.25640000.25640500	neg	0	0	0	0	0	0	0	0	0	0	0
chr5.26034500.26035000	neg	0	0	0	0	0	0	0	0	0	0	0
chr5.26115000.26115500	neg	0	0	0	0	0	0	0	0	0	0	0
chr5.26170500.26171000	neg	0	0	0	0	0	0	0	0	0	0	0
chr5.26451000.26451500	neg	0	0	0	0	0	0	0	0	0	0	0
chr5.26751500.26752000	neg	0	0	0	0	0	0	0	0	0	0	0
chr6.91500.92000	neg	0	0	0	0	0	0	0	0	0	0	0
chr6.958500.959000	neg	0	0	0	0	0	0	0	0	0	0	0
chr6.988000.988500	neg	0	0	0	0	0	0	0	0	0	0	0
chr6.1041500.1042000	neg	0	0	0	0	0	0	0	0	0	0	0
chr6.1705000.1705500	neg	0	0	0	0	0	0	0	0	0	0	0
chr6.1763000.1763500	neg	0	0	0	0	0	0	0	0	0	0	0
chr6.1771000.1771500	neg	0	0	0	0	0	0	0	0	0	0	0
chr6.1811000.1811500	neg	0	0	0	0	0	0	0	0	0	0	0
chr6.1854500.1855000	neg	0	0	0	0	0	0	0	0	0	0	0
chr6.2174000.2174500	neg	0	0	0	0	0	0	0	0	0	0	0
chr6.2428000.2428500	neg	0	0	0	0	0	0	0	0	0	0	0
chr6.2554000.2554500	neg	0	0	0	0	0	0	0	0	0	0	0
chr6.3215500.3216000	neg	0	0	0	0	0	0	0	0	0	0	0
chr6.3310500.3311000	neg	0	0	0	0	0	0	0	0	0	0	0
chr6.3353000.3353500	neg	0	0	0	0	0	0	0	0	0	0	0
chr6.3397500.3398000	neg	0	0	0	0	0	0	0	0	0	0	0
chr6.3577500.3578000	neg	0	0	0	0	0	0	0	0	0	0	0
chr6.3760500.3761000	neg	0	0	0	0	0	0	0	0	0	0	0
chr6.3983500.3984000	neg	0	0	0	0	0	0	0	0	0	0	0
chr6.4019000.4019500	neg	0	0	0	0	0	0	0	0	0	0	0
chr6.4025500.4026000	neg	0	0	0	0	0	0	0	0	0	0	0
chr6.4363500.4364000	neg	0	0	0	0	0	0	0	0	0	0	0
chr6.4533000.4533500	neg	0	0	0	0	0	0	0	0	0	0	0
chr6.4590000.4590500	neg	0	0	0	0	0	0	0	0	0	0	0
chr6.5063500.5064000	neg	0	0	0	0	0	0	0	0	0	0	0
chr6.5285500.5286000	neg	0	0	0	0	0	0	0	0	0	0	0
chr6.5679000.5679500	neg	0	0	0	0	0	0	0	0	0	0	0
chr6.5767000.5767500	neg	0	0	0	0	0	0	0	0	0	0	0
chr6.6052500.6053000	neg	0	0	0	0	0	0	0	0	0	0	0
chr6.6498500.6499000	neg	0	0	0	0	0	0	0	0	0	0	0
chr6.6635000.6635500	neg	0	0	0	0	0	0	0	0	0	0	0
chr6.6800500.6801000	neg	0	0	0	0	0	0	0	0	0	0	0
chr6.6822500.6823000	neg	0	0	0	0	0	0	0	0	0	0	0
chr6.7635500.7636000	neg	0	0	0	0	0	0	0	0	0	0	0
chr6.8372000.8372500	neg	0	0	0	0	0	0	0	0	0	0	0
chr6.8544000.8544500	neg	0	0	0	0	0	0	0	0	0	0	0
chr6.8659000.8659500	neg	0	0	0	0	0	0	0	0	0	0	0
chr6.8678000.8678500	neg	0	0	0	0	0	0	0	0	0	0	0
chr6.9065500.9066000	neg	0	0	0	0	0	0	0	0	0	0	0
chr6.9257000.9257500	neg	0	0	0	0	0	0	0	0	0	0	0
chr6.9822000.9822500	neg	0	0	0	0	0	0	0	0	0	0	0
chr6.9852500.9853000	neg	0	0	0	0	0	0	0	0	0	0	0
chr6.10461000.10461500	neg	0	0	0	0	0	0	0	0	0	0	0
chr6.10637500.10638000	neg	0	0	0	0	0	0	0	0	0	0	0
chr6.10855000.10855500	neg	0	0	0	0	0	0	0	0	0	0	0
chr6.11215500.11216000	neg	0	0	0	0	0	0	0	0	0	0	0
chr6.11276500.11277000	neg	0	0	0	0	0	0	0	0	0	0	0
chr6.11695000.11695500	neg	0	0	0	0	0	0	0	0	0	0	0
chr6.11738000.11738500	neg	0	0	0	0	0	0	0	0	0	0	0
chr6.11750000.11750500	neg	0	0	0	0	0	0	0	0	0	0	0
chr6.11938500.11939000	neg	0	0	0	0	0	0	0	0	0	0	0
chr6.12068500.12069000	neg	0	0	0	0	0	0	0	0	0	0	0
chr6.12175500.12176000	neg	0	0	0	0	0	0	0	0	0	0	0
chr6.12431000.12431500	neg	0	0	0	0	0	0	0	0	0	0	0
chr6.12457500.12458000	neg	0	0	0	0	0	0	0	0	0	0	0
chr6.12539000.12539500	neg	0	0	0	0	0	0	0	0	0	0	0
chr6.12655500.12656000	neg	0	0	0	0	0	0	0	0	0	0	0
chr6.12694500.12695000	neg	0	0	0	0	0	0	0	0	0	0	0
chr6.13607500.13608000	neg	0	0	0	0	0	0	0	0	0	0	0
chr6.13769500.13770000	neg	0	0	0	0	0	0	0	0	0	0	0
chr6.13842000.13842500	neg	0	0	0	0	0	0	0	0	0	0	0
chr6.13928500.13929000	neg	0	0	0	0	0	0	0	0	0	0	0
chr6.14774000.14774500	neg	0	0	0	0	0	0	0	0	0	0	0
chr6.14884000.14884500	neg	0	0	0	0	0	0	0	0	0	0	0
chr6.14893000.14893500	neg	0	0	0	0	0	0	0	0	0	0	0
chr6.15058000.15058500	neg	0	0	0	0	0	0	0	0	0	0	0
chr6.15276000.15276500	neg	0	0	0	0	0	0	0	0	0	0	0
chr6.15773000.15773500	neg	0	0	0	0	0	0	0	0	0	0	0
chr6.16027500.16028000	neg	0	0	0	0	0	0	0	0	0	0	0
chr6.16301500.16302000	neg	0	0	0	0	0	0	0	0	0	0	0
chr6.16794500.16795000	neg	0	0	0	0	0	0	0	0	0	0	0
chr6.16817500.16818000	neg	0	0	0	0	0	0	0	0	0	0	0
chr6.16901000.16901500	neg	0	0	0	0	0	0	0	0	0	0	0
chr6.17208500.17209000	neg	0	0	0	0	0	0	0	0	0	0	0
chr6.17259500.17260000	neg	0	0	0	0	0	0	0	0	0	0	0
chr6.17317000.17317500	neg	0	0	0	0	0	0	0	0	0	0	0
chr6.17437000.17437500	neg	0	0	0	0	0	0	0	0	0	0	0
chr6.18851500.18852000	neg	0	0	0	0	0	0	0	0	0	0	0
chr6.19112000.19112500	neg	0	0	0	0	0	0	0	0	0	0	0
chr6.19895500.19896000	neg	0	0	0	0	0	0	0	0	0	0	0
chr6.20053000.20053500	neg	0	0	0	0	0	0	0	0	0	0	0
chr6.20113000.20113500	neg	0	0	0	0	0	0	0	0	0	0	0
chr6.21015500.21016000	neg	0	0	0	0	0	0	0	0	0	0	0
chr6.21042500.21043000	neg	0	0	0	0	0	0	0	0	0	0	0
chr6.21177000.21177500	neg	0	0	0	0	0	0	0	0	0	0	0
chr6.21258500.21259000	neg	0	0	0	0	0	0	0	0	0	0	0
chr6.21274000.21274500	neg	0	0	0	0	0	0	0	0	0	0	0
chr6.21361000.21361500	neg	0	0	0	0	0	0	0	0	0	0	0
chr6.21437000.21437500	neg	0	0	0	0	0	0	0	0	0	0	0
chr6.21525500.21526000	neg	0	0	0	0	0	0	0	0	0	0	0
chr6.21572000.21572500	neg	0	0	0	0	0	0	0	0	0	0	0
chr6.21690000.21690500	neg	0	0	0	0	0	0	0	0	0	0	0
chr6.21696000.21696500	neg	0	0	0	0	0	0	0	0	0	0	0
chr6.22002500.22003000	neg	0	0	0	0	0	0	0	0	0	0	0
chr6.22292500.22293000	neg	0	0	0	0	0	0	0	0	0	0	0
chr6.22293000.22293500	neg	0	0	0	0	0	0	0	0	0	0	0
chr6.23050000.23050500	neg	0	0	0	0	0	0	0	0	0	0	0
chr6.23392500.23393000	neg	0	0	0	0	0	0	0	0	0	0	0
chr6.23523500.23524000	neg	0	0	0	0	0	0	0	0	0	0	0
chr7.105000.105500	neg	0	0	0	0	0	0	0	0	0	0	0
chr7.231500.232000	neg	0	0	0	0	0	0	0	0	0	0	0
chr7.566500.567000	neg	0	0	0	0	0	0	0	0	0	0	0
chr7.742500.743000	neg	0	0	0	0	0	0	0	0	0	0	0
chr7.1119000.1119500	neg	0	0	0	0	0	0	0	0	0	0	0
chr7.1147500.1148000	neg	0	0	0	0	0	0	0	0	0	0	0
chr7.2092500.2093000	neg	0	0	0	0	0	0	0	0	0	0	0
chr7.2191500.2192000	neg	0	0	0	0	0	0	0	0	0	0	0
chr7.2278000.2278500	neg	0	0	0	0	0	0	0	0	0	0	0
chr7.2625000.2625500	neg	0	0	0	0	0	0	0	0	0	0	0
chr7.2776500.2777000	neg	0	0	0	0	0	0	0	0	0	0	0
chr7.2808000.2808500	neg	0	0	0	0	0	0	0	0	0	0	0
chr7.2825500.2826000	neg	0	0	0	0	0	0	0	0	0	0	0
chr7.2897500.2898000	neg	0	0	0	0	0	0	0	0	0	0	0
chr7.3258500.3259000	neg	0	0	0	0	0	0	0	0	0	0	0
chr7.3730500.3731000	neg	0	0	0	0	0	0	0	0	0	0	0
chr7.4626000.4626500	neg	0	0	0	0	0	0	0	0	0	0	0
chr7.5292000.5292500	neg	0	0	0	0	0	0	0	0	0	0	0
chr7.5707000.5707500	neg	0	0	0	0	0	0	0	0	0	0	0
chr7.5783000.5783500	neg	0	0	0	0	0	0	0	0	0	0	0
chr7.6014000.6014500	neg	0	0	0	0	0	0	0	0	0	0	0
chr7.6101500.6102000	neg	0	0	0	0	0	0	0	0	0	0	0
chr7.6133000.6133500	neg	0	0	0	0	0	0	0	0	0	0	0
chr7.6483500.6484000	neg	0	0	0	0	0	0	0	0	0	0	0
chr7.7760500.7761000	neg	0	0	0	0	0	0	0	0	0	0	0
chr7.8307000.8307500	neg	0	0	0	0	0	0	0	0	0	0	0
chr7.8314500.8315000	neg	0	0	0	0	0	0	0	0	0	0	0
chr7.8595000.8595500	neg	0	0	0	0	0	0	0	0	0	0	0
chr7.8623000.8623500	neg	0	0	0	0	0	0	0	0	0	0	0
chr7.8659500.8660000	neg	0	0	0	0	0	0	0	0	0	0	0
chr7.8789000.8789500	neg	0	0	0	0	0	0	0	0	0	0	0
chr7.9013000.9013500	neg	0	0	0	0	0	0	0	0	0	0	0
chr7.9121500.9122000	neg	0	0	0	0	0	0	0	0	0	0	0
chr7.9314500.9315000	neg	0	0	0	0	0	0	0	0	0	0	0
chr7.9685500.9686000	neg	0	0	0	0	0	0	0	0	0	0	0
chr7.10238500.10239000	neg	0	0	0	0	0	0	0	0	0	0	0
chr7.10311500.10312000	neg	0	0	0	0	0	0	0	0	0	0	0
chr7.10312000.10312500	neg	0	0	0	0	0	0	0	0	0	0	0
chr7.10778500.10779000	neg	0	0	0	0	0	0	0	0	0	0	0
chr7.11343000.11343500	neg	0	0	0	0	0	0	0	0	0	0	0
chr7.11811500.11812000	neg	0	0	0	0	0	0	0	0	0	0	0
chr7.12754000.12754500	neg	0	0	0	0	0	0	0	0	0	0	0
chr7.12901500.12902000	neg	0	0	0	0	0	0	0	0	0	0	0
chr7.13397000.13397500	neg	0	0	0	0	0	0	0	0	0	0	0
chr7.13495000.13495500	neg	0	0	0	0	0	0	0	0	0	0	0
chr7.13611500.13612000	neg	0	0	0	0	0	0	0	0	0	0	0
chr7.13653000.13653500	neg	0	0	0	0	0	0	0	0	0	0	0
chr7.14186000.14186500	neg	0	0	0	0	0	0	0	0	0	0	0
chr7.14349000.14349500	neg	0	0	0	0	0	0	0	0	0	0	0
chr7.14440500.14441000	neg	0	0	0	0	0	0	0	0	0	0	0
chr7.14869000.14869500	neg	0	0	0	0	0	0	0	0	0	0	0
chr7.15045000.15045500	neg	0	0	0	0	0	0	0	0	0	0	0
chr7.15050000.15050500	neg	0	0	0	0	0	0	0	0	0	0	0
chr7.15136000.15136500	neg	0	0	0	0	0	0	0	0	0	0	0
chr7.15558500.15559000	neg	0	0	0	0	0	0	0	0	0	0	0
chr7.15582000.15582500	neg	0	0	0	0	0	0	0	0	0	0	0
chr7.15650000.15650500	neg	0	0	0	0	0	0	0	0	0	0	0
chr7.15687500.15688000	neg	0	0	0	0	0	0	0	0	0	0	0
chr7.15974000.15974500	neg	0	0	0	0	0	0	0	0	0	0	0
chr7.16076000.16076500	neg	0	0	0	0	0	0	0	0	0	0	0
chr7.16121500.16122000	neg	0	0	0	0	0	0	0	0	0	0	0
chr7.16146500.16147000	neg	0	0	0	0	0	0	0	0	0	0	0
chr7.16487000.16487500	neg	0	0	0	0	0	0	0	0	0	0	0
chr7.17296000.17296500	neg	0	0	0	0	0	0	0	0	0	0	0
chr7.17345500.17346000	neg	0	0	0	0	0	0	0	0	0	0	0
chr7.17953500.17954000	neg	0	0	0	0	0	0	0	0	0	0	0
chr7.18454000.18454500	neg	0	0	0	0	0	0	0	0	0	0	0
chr7.18880500.18881000	neg	0	0	0	0	0	0	0	0	0	0	0
chr7.18999500.19000000	neg	0	0	0	0	0	0	0	0	0	0	0
chr7.19048000.19048500	neg	0	0	0	0	0	0	0	0	0	0	0
chr7.19049000.19049500	neg	0	0	0	0	0	0	0	0	0	0	0
chr7.19563000.19563500	neg	0	0	0	0	0	0	0	0	0	0	0
chr7.19752500.19753000	neg	0	0	0	0	0	0	0	0	0	0	0
chr7.19849500.19850000	neg	0	0	0	0	0	0	0	0	0	0	0
chr7.20002000.20002500	neg	0	0	0	0	0	0	0	0	0	0	0
chr7.20166000.20166500	neg	0	0	0	0	0	0	0	0	0	0	0
chr7.20782000.20782500	neg	0	0	0	0	0	0	0	0	0	0	0
chr7.21107000.21107500	neg	0	0	0	0	0	0	0	0	0	0	0
chr7.21288000.21288500	neg	0	0	0	0	0	0	0	0	0	0	0
chr7.21299500.21300000	neg	0	0	0	0	0	0	0	0	0	0	0
chr8.43000.43500	neg	0	0	0	0	0	0	0	0	0	0	0
chr8.607000.607500	neg	0	0	0	0	0	0	0	0	0	0	0
chr8.836000.836500	neg	0	0	0	0	0	0	0	0	0	0	0
chr8.1077500.1078000	neg	0	0	0	0	0	0	0	0	0	0	0
chr8.1620000.1620500	neg	0	0	0	0	0	0	0	0	0	0	0
chr8.1939000.1939500	neg	0	0	0	0	0	0	0	0	0	0	0
chr8.2322000.2322500	neg	0	0	0	0	0	0	0	0	0	0	0
chr8.2959500.2960000	neg	0	0	0	0	0	0	0	0	0	0	0
chr8.3152000.3152500	neg	0	0	0	0	0	0	0	0	0	0	0
chr8.3460500.3461000	neg	0	0	0	0	0	0	0	0	0	0	0
chr8.3627500.3628000	neg	0	0	0	0	0	0	0	0	0	0	0
chr8.3677000.3677500	neg	0	0	0	0	0	0	0	0	0	0	0
chr8.4920000.4920500	neg	0	0	0	0	0	0	0	0	0	0	0
chr8.4920500.4921000	neg	0	0	0	0	0	0	0	0	0	0	0
chr8.5084500.5085000	neg	0	0	0	0	0	0	0	0	0	0	0
chr8.5931000.5931500	neg	0	0	0	0	0	0	0	0	0	0	0
chr8.5994500.5995000	neg	0	0	0	0	0	0	0	0	0	0	0
chr8.6025000.6025500	neg	0	0	0	0	0	0	0	0	0	0	0
chr8.6109500.6110000	neg	0	0	0	0	0	0	0	0	0	0	0
chr8.6567000.6567500	neg	0	0	0	0	0	0	0	0	0	0	0
chr8.8250500.8251000	neg	0	0	0	0	0	0	0	0	0	0	0
chr8.8453500.8454000	neg	0	0	0	0	0	0	0	0	0	0	0
chr8.8704500.8705000	neg	0	0	0	0	0	0	0	0	0	0	0
chr8.8872000.8872500	neg	0	0	0	0	0	0	0	0	0	0	0
chr8.9220000.9220500	neg	0	0	0	0	0	0	0	0	0	0	0
chr8.9269000.9269500	neg	0	0	0	0	0	0	0	0	0	0	0
chr8.9276000.9276500	neg	0	0	0	0	0	0	0	0	0	0	0
chr8.9584000.9584500	neg	0	0	0	0	0	0	0	0	0	0	0
chr8.9844500.9845000	neg	0	0	0	0	0	0	0	0	0	0	0
chr8.9863500.9864000	neg	0	0	0	0	0	0	0	0	0	0	0
chr8.10320000.10320500	neg	0	0	0	0	0	0	0	0	0	0	0
chr8.10373000.10373500	neg	0	0	0	0	0	0	0	0	0	0	0
chr8.10466500.10467000	neg	0	0	0	0	0	0	0	0	0	0	0
chr8.10470000.10470500	neg	0	0	0	0	0	0	0	0	0	0	0
chr8.11361500.11362000	neg	0	0	0	0	0	0	0	0	0	0	0
chr8.11442500.11443000	neg	0	0	0	0	0	0	0	0	0	0	0
chr8.12089000.12089500	neg	0	0	0	0	0	0	0	0	0	0	0
chr8.12100000.12100500	neg	0	0	0	0	0	0	0	0	0	0	0
chr8.12101000.12101500	neg	0	0	0	0	0	0	0	0	0	0	0
chr8.12305500.12306000	neg	0	0	0	0	0	0	0	0	0	0	0
chr8.12330500.12331000	neg	0	0	0	0	0	0	0	0	0	0	0
chr8.12512000.12512500	neg	0	0	0	0	0	0	0	0	0	0	0
chr8.12541000.12541500	neg	0	0	0	0	0	0	0	0	0	0	0
chr8.12616500.12617000	neg	0	0	0	0	0	0	0	0	0	0	0
chr8.12739000.12739500	neg	0	0	0	0	0	0	0	0	0	0	0
chr8.12742500.12743000	neg	0	0	0	0	0	0	0	0	0	0	0
chr8.13363000.13363500	neg	0	0	0	0	0	0	0	0	0	0	0
chr8.13470000.13470500	neg	0	0	0	0	0	0	0	0	0	0	0
chr8.13588000.13588500	neg	0	0	0	0	0	0	0	0	0	0	0
chr8.14231500.14232000	neg	0	0	0	0	0	0	0	0	0	0	0
chr8.14320500.14321000	neg	0	0	0	0	0	0	0	0	0	0	0
chr8.14332000.14332500	neg	0	0	0	0	0	0	0	0	0	0	0
chr8.14349500.14350000	neg	0	0	0	0	0	0	0	0	0	0	0
chr8.14362500.14363000	neg	0	0	0	0	0	0	0	0	0	0	0
chr8.14643000.14643500	neg	0	0	0	0	0	0	0	0	0	0	0
chr8.14734500.14735000	neg	0	0	0	0	0	0	0	0	0	0	0
chr8.15582000.15582500	neg	0	0	0	0	0	0	0	0	0	0	0
chr8.15752500.15753000	neg	0	0	0	0	0	0	0	0	0	0	0
chr8.15954000.15954500	neg	0	0	0	0	0	0	0	0	0	0	0
chr8.16599000.16599500	neg	0	0	0	0	0	0	0	0	0	0	0
chr8.16839000.16839500	neg	0	0	0	0	0	0	0	0	0	0	0
chr8.16967500.16968000	neg	0	0	0	0	0	0	0	0	0	0	0
chr8.17063500.17064000	neg	0	0	0	0	0	0	0	0	0	0	0
chr8.17320500.17321000	neg	0	0	0	0	0	0	0	0	0	0	0
chr8.18652500.18653000	neg	0	0	0	0	0	0	0	0	0	0	0
chr8.18966000.18966500	neg	0	0	0	0	0	0	0	0	0	0	0
chr8.19063000.19063500	neg	0	0	0	0	0	0	0	0	0	0	0
chr8.19230500.19231000	neg	0	0	0	0	0	0	0	0	0	0	0
chr8.19275000.19275500	neg	0	0	0	0	0	0	0	0	0	0	0
chr8.19833000.19833500	neg	0	0	0	0	0	0	0	0	0	0	0
chr8.20036500.20037000	neg	0	0	0	0	0	0	0	0	0	0	0
chr8.20251000.20251500	neg	0	0	0	0	0	0	0	0	0	0	0
chr8.20282000.20282500	neg	0	0	0	0	0	0	0	0	0	0	0
chr8.20649500.20650000	neg	0	0	0	0	0	0	0	0	0	0	0
chr8.20797000.20797500	neg	0	0	0	0	0	0	0	0	0	0	0
chrU.2506000.2506500	neg	0	0	0	0	0	0	0	0	0	0	0
chrU.3748000.3748500	neg	0	0	0	0	0	0	0	0	0	0	0
chrU.4037000.4037500	neg	0	0	0	0	0	0	0	0	0	0	0
chrV.1535500.1536000	neg	0	0	0	0	0	0	0	0	0	0	0
chrV.1667000.1667500	neg	0	0	0	0	0	0	0	0	0	0	0
chrV.1733500.1734000	neg	0	0	0	0	0	0	0	0	0	0	0
chrV.5434000.5434500	neg	0	0	0	0	0	0	0	0	0	0	0
chrV.6094000.6094500	neg	0	0	0	0	0	0	0	0	0	0	0
chrV.6242500.6243000	neg	0	0	0	0	0	0	0	0	0	0	0
chrV.7161500.7162000	neg	0	0	0	0	0	0	0	0	0	0	0
chrV.7162500.7163000	neg	0	0	0	0	0	0	0	0	0	0	0
chrV.7169000.7169500	neg	0	0	0	0	0	0	0	0	0	0	0
chrV.7352500.7353000	neg	0	0	0	0	0	0	0	0	0	0	0
chrV.7493500.7494000	neg	0	0	0	0	0	0	0	0	0	0	0
unplaced-scaffold_032.4000.4500	neg	0	0	0	0	0	0	0	0	0	0	0
unplaced-scaffold_078.14500.15000	neg	0	0	0	0	0	0	0	0	0	0	0
unplaced-scaffold_078.40000.40500	neg	0	0	0	0	0	0	0	0	0	0	0
unplaced-scaffold_109.1000.1500	neg	0	0	0	0	0	0	0	0	0	0	0
unplaced-scaffold_127.4500.5000	neg	0	0	0	0	0	0	0	0	0	0	0
unplaced-scaffold_210.8000.8500	neg	0	0	0	0	0	0	0	0	0	0	0
unplaced-scaffold_216.13000.13500	neg	0	0	0	0	0	0	0	0	0	0	0
unplaced-scaffold_297.4000.4500	neg	0	0	0	0	0	0	0	0	0	0	0
unplaced-scaffold_330.2500.3000	neg	0	0	0	0	0	0	0	0	0	0	0
unplaced-scaffold_330.8000.8500	neg	0	0	0	0	0	0	0	0	0	0	0
unplaced-scaffold_403.2000.2500	neg	0	0	0	0	0	0	0	0	0	0	0
unplaced-scaffold_441.1500.2000	neg	0	0	0	0	0	0	0	0	0	0	0
