peak	Class	H2Aub	H2AZ	H3	H3K4me1	H3K4me3	H3K9ac	H3K9me1	H3K14ac	H3K27me1	H3K27me3	H3K36me3
chr1.264877.265288	pos	1	1	0	1	1	1	1	1	1	0	1
chr1.329934.331716	pos	1	1	0	1	1	0	0	1	0	0	1
chr1.566675.566992	pos	1	1	0	1	1	1	0	1	0	1	0
chr1.722607.722670	pos	0	1	0	1	0	0	1	1	0	0	0
chr1.771255.771371	pos	0	1	0	1	1	1	0	1	1	0	1
chr1.1153851.1154012	pos	0	1	0	1	1	0	0	1	0	0	1
chr1.1368630.1368746	pos	1	1	0	1	1	0	1	0	0	1	0
chr1.2053525.2053757	pos	1	1	0	0	1	1	0	0	0	0	0
chr1.2145637.2145754	pos	0	1	0	1	1	1	1	1	1	0	1
chr1.2228640.2228742	pos	0	1	1	1	1	1	0	1	0	0	1
chr1.2300496.2300644	pos	0	1	0	1	1	1	1	1	0	0	1
chr1.2538927.2539661	pos	0	0	0	1	0	1	0	1	0	0	1
chr1.2687040.2687226	pos	0	0	0	1	0	0	0	1	0	0	1
chr1.3220108.3220415	pos	1	1	0	1	1	1	0	1	0	0	1
chr1.3381286.3382265	pos	0	1	0	1	1	1	1	1	0	0	1
chr1.3528816.3528988	pos	0	1	0	1	1	1	1	1	1	0	1
chr1.3925828.3926064	pos	1	1	0	1	1	0	0	1	0	0	1
chr1.3947385.3947512	pos	0	1	1	1	1	1	1	1	0	0	1
chr1.4437633.4438338	pos	0	0	1	1	0	0	1	1	0	0	1
chr1.4645838.4646067	pos	0	1	0	1	1	0	1	1	0	0	1
chr1.4746356.4746513	pos	0	1	0	1	0	1	1	0	0	0	1
chr1.4993688.4994073	pos	1	1	0	0	1	1	1	0	0	1	1
chr1.5067072.5067176	pos	0	1	0	1	1	1	1	1	1	0	1
chr1.5432261.5432408	pos	0	1	1	1	1	1	0	1	0	0	1
chr1.5667711.5668039	pos	1	1	0	1	1	0	1	1	1	0	1
chr1.6006796.6007073	pos	0	1	0	1	0	0	0	1	0	0	1
chr1.6022409.6022629	pos	1	1	0	1	1	1	1	1	0	0	1
chr1.6080725.6081454	pos	1	1	0	1	1	0	0	1	0	0	0
chr1.6099798.6099978	pos	1	1	0	1	1	1	0	1	1	0	0
chr1.6212503.6213041	pos	0	1	1	1	1	0	1	1	1	0	1
chr1.6735901.6736316	pos	0	1	0	1	0	1	1	1	1	0	1
chr1.6776289.6776389	pos	1	1	0	0	1	0	0	0	0	0	0
chr1.6806212.6806679	pos	0	1	1	1	1	0	1	1	0	0	1
chr1.7013485.7013554	pos	0	1	0	1	0	1	1	0	0	0	1
chr1.7627297.7627917	pos	0	0	1	1	0	0	0	0	0	0	1
chr1.8217239.8217463	pos	0	0	1	1	0	1	0	0	0	0	1
chr1.8644549.8644904	pos	0	1	0	1	1	1	0	1	0	0	1
chr1.8850073.8850383	pos	0	1	1	1	1	1	1	1	1	0	1
chr1.9400758.9400878	pos	0	0	0	1	1	1	0	1	0	0	1
chr1.9497962.9498127	pos	0	1	1	1	0	0	1	0	1	0	0
chr1.9682865.9683052	pos	0	1	0	1	1	1	0	1	0	0	1
chr1.9868489.9868612	pos	1	1	0	0	1	1	0	1	0	0	1
chr1.10635117.10636073	pos	0	0	0	1	0	0	1	1	0	0	1
chr1.10804754.10805685	pos	1	1	0	1	1	1	0	1	0	0	1
chr1.10829821.10830034	pos	0	1	0	0	0	0	1	0	0	0	1
chr1.10869485.10869731	pos	0	1	1	1	1	0	0	1	0	0	1
chr1.10968810.10969645	pos	0	1	0	1	1	1	0	1	0	0	1
chr1.11273180.11273831	pos	0	1	1	1	1	1	1	1	0	0	1
chr1.11455264.11455737	pos	1	1	0	1	1	1	0	1	0	0	1
chr1.11479744.11480054	pos	1	1	0	1	1	0	0	1	0	0	0
chr1.11494309.11494499	pos	0	1	1	1	0	0	1	1	1	0	0
chr1.11745793.11745923	pos	1	1	0	1	1	1	1	1	1	0	0
chr1.11828215.11828410	pos	0	0	1	0	0	0	1	0	1	0	0
chr1.11941035.11941163	pos	0	0	0	0	1	1	0	0	0	0	1
chr1.12401126.12401330	pos	0	1	0	1	0	1	1	1	1	0	1
chr1.12538693.12538805	pos	0	1	0	1	1	1	0	1	0	0	1
chr1.12707289.12708205	pos	1	0	1	0	1	1	0	1	0	0	1
chr1.13072835.13073075	pos	0	1	0	1	1	1	0	1	1	0	1
chr1.13089851.13090215	pos	0	0	1	1	1	1	0	1	0	0	1
chr1.13090344.13090410	pos	0	1	1	1	1	1	1	1	0	0	1
chr1.13101990.13102059	pos	0	0	0	1	0	1	0	0	0	0	1
chr1.13117843.13118164	pos	1	1	0	0	1	0	1	1	1	0	1
chr1.13126517.13126828	pos	0	1	0	1	1	0	1	1	0	0	1
chr1.13159584.13159777	pos	0	0	0	1	0	0	0	0	0	0	1
chr1.13160062.13161101	pos	0	1	1	1	1	1	1	1	1	0	1
chr1.13301650.13301827	pos	0	1	1	1	1	1	1	1	1	0	1
chr1.13691466.13691541	pos	0	0	0	0	0	0	1	0	1	0	0
chr1.13857811.13857987	pos	1	1	0	0	1	1	0	1	0	0	1
chr1.14204453.14204520	pos	0	0	0	0	0	0	1	0	1	0	0
chr1.15123997.15124370	pos	0	0	1	1	0	0	1	0	0	0	1
chr1.15460453.15460939	pos	0	1	0	1	1	1	1	1	0	0	1
chr1.15697331.15697732	pos	1	1	0	1	1	1	1	1	0	1	1
chr1.16206295.16206444	pos	0	1	0	0	0	0	1	0	1	0	0
chr1.16249737.16249882	pos	0	1	1	1	0	0	1	1	0	0	1
chr1.16309153.16309274	pos	0	1	0	1	1	1	1	1	1	0	1
chr1.16485790.16486371	pos	1	1	0	1	1	1	0	1	0	0	1
chr1.16666802.16668493	pos	0	0	0	1	1	1	1	1	0	0	1
chr1.16691395.16691697	pos	1	0	1	1	1	1	0	1	0	0	1
chr1.16723392.16723970	pos	0	1	1	1	1	0	1	1	1	0	1
chr1.17120930.17121069	pos	0	1	1	1	1	0	1	1	1	0	1
chr1.17517064.17517322	pos	0	1	0	1	1	1	1	1	0	0	1
chr1.17804973.17805084	pos	1	1	0	1	1	1	1	1	1	0	1
chr1.18119831.18121789	pos	0	1	0	1	1	0	1	1	1	0	1
chr1.18465846.18466006	pos	0	1	0	1	0	0	1	0	0	0	1
chr1.18505704.18505866	pos	1	0	0	0	1	0	0	0	0	1	0
chr1.18736812.18736929	pos	1	1	0	1	1	1	0	1	0	0	1
chr1.18929578.18929854	pos	0	0	0	0	1	1	0	1	0	0	1
chr1.19040496.19040671	pos	0	0	0	1	0	1	1	1	0	0	1
chr1.19040798.19040959	pos	0	1	0	1	0	1	1	1	0	0	1
chr1.19755271.19755578	pos	0	1	1	1	0	1	1	1	1	0	1
chr1.20142436.20144519	pos	1	1	0	1	1	1	0	1	0	0	1
chr1.20154536.20154807	pos	0	1	0	1	1	0	0	1	0	0	1
chr1.20191269.20191421	pos	0	1	1	0	0	0	1	1	1	0	0
chr1.21283024.21283239	pos	0	1	0	1	1	1	1	1	0	0	1
chr1.21291257.21291674	pos	0	1	0	1	1	1	1	1	0	0	1
chr1.21291786.21292042	pos	0	1	0	1	1	0	0	1	0	0	1
chr1.21728182.21728290	pos	1	1	0	1	1	1	0	1	1	0	1
chr1.21973599.21973688	pos	0	1	0	1	1	0	1	1	0	0	1
chr1.22090197.22090367	pos	1	1	0	0	1	0	0	1	1	0	0
chr1.22117085.22117249	pos	0	0	0	1	1	0	0	1	0	0	1
chr1.22117417.22118550	pos	0	1	0	1	1	1	1	1	1	0	1
chr1.22214256.22214466	pos	1	1	0	1	1	1	1	1	1	0	1
chr1.22629701.22629919	pos	0	1	0	0	0	0	1	0	1	0	0
chr1.23778093.23778177	pos	0	0	0	0	0	0	1	0	1	0	0
chr1.24142966.24143081	pos	1	1	0	1	0	0	0	1	0	0	0
chr1.24321482.24321671	pos	0	0	1	1	0	1	0	0	0	0	1
chr1.24497401.24497648	pos	0	1	1	1	1	1	1	1	1	0	1
chr1.24545906.24546740	pos	1	1	0	1	1	0	1	1	1	0	0
chr1.25092066.25092305	pos	0	1	1	1	1	1	0	1	0	0	1
chr1.25092471.25093237	pos	0	1	1	1	1	0	0	1	1	0	1
chr1.25164521.25164633	pos	0	1	0	1	1	1	1	0	0	0	1
chr1.25202679.25202962	pos	0	1	0	1	1	1	1	1	1	0	1
chr1.25203038.25203276	pos	0	1	0	1	1	1	1	1	1	0	1
chr1.25877048.25878323	pos	0	1	1	1	1	1	1	1	1	0	1
chr1.25922879.25923160	pos	0	1	0	1	1	0	0	1	0	0	1
chr1.25978613.25979203	pos	1	1	0	1	1	1	0	1	0	0	1
chr1.26589070.26589286	pos	0	0	0	0	0	0	1	0	0	0	0
chr1.26890551.26890723	pos	0	1	0	1	0	1	1	0	0	0	1
chr1.27078100.27078874	pos	0	1	1	1	1	1	1	1	1	0	1
chr1.27092686.27093520	pos	0	1	1	1	1	1	1	1	0	0	1
chr1.27093661.27093809	pos	0	1	1	1	1	1	1	1	1	0	1
chr1.27105369.27105504	pos	0	1	1	1	1	0	1	1	1	1	1
chr1.27522120.27522397	pos	0	0	0	1	1	1	0	1	1	0	1
chr1.27892578.27893106	pos	1	1	1	0	1	0	0	0	0	1	0
chr1.28045481.28046728	pos	1	0	1	1	1	0	0	1	0	0	1
chr1.28046818.28046939	pos	0	0	0	1	1	0	0	1	0	0	1
chr1.28086159.28086310	pos	0	0	0	1	0	1	0	1	0	0	1
chr1.28115639.28116663	pos	1	1	1	1	1	1	0	1	0	0	1
chr1.28161927.28162260	pos	0	1	0	0	0	1	1	1	0	0	0
chr1.28395422.28395547	pos	1	1	0	1	1	1	0	1	0	1	0
chr1.28441521.28441639	pos	0	0	0	0	0	0	1	0	1	1	0
chr1.28451280.28451399	pos	0	1	1	1	0	0	1	0	0	1	1
chr1.28532070.28532194	pos	0	1	0	1	0	0	0	1	0	0	0
chr1.28998441.28998600	pos	0	1	1	1	0	0	1	0	1	1	1
chr1.29007884.29008064	pos	0	1	1	1	0	1	1	1	1	0	1
chr1.29202587.29202806	pos	0	1	1	1	1	1	1	1	1	0	1
chr1.29355615.29355847	pos	0	1	1	1	1	0	1	1	0	1	1
chr1.29577415.29577607	pos	0	1	0	1	0	0	1	1	1	0	1
chr1.30180466.30180667	pos	0	1	0	1	1	0	1	1	1	0	1
chr2.22852.22953	pos	0	0	0	0	0	0	1	0	1	0	0
chr2.667079.667220	pos	0	1	1	1	0	1	1	1	1	0	0
chr2.793258.793526	pos	1	1	0	1	1	0	1	1	1	1	0
chr2.1012718.1012846	pos	0	0	0	0	0	0	1	0	1	0	0
chr2.1017364.1017541	pos	0	1	0	1	1	1	1	1	1	0	1
chr2.1018007.1018488	pos	0	1	0	1	1	1	1	1	1	0	1
chr2.1018660.1018974	pos	0	0	0	1	1	0	0	0	0	0	1
chr2.1097664.1097902	pos	1	1	1	1	0	0	1	0	1	0	0
chr2.1308159.1308407	pos	0	1	0	1	0	0	1	1	0	0	1
chr2.1371846.1372148	pos	0	0	0	0	0	0	1	0	1	0	0
chr2.1481219.1481434	pos	0	1	0	1	1	0	1	1	1	0	1
chr2.1500235.1500640	pos	1	1	0	1	1	1	1	1	1	1	1
chr2.2349903.2350185	pos	0	1	1	1	1	1	0	0	0	0	1
chr2.2409232.2409593	pos	0	1	0	1	0	0	1	1	0	0	1
chr2.2436589.2436786	pos	1	1	1	1	1	0	1	1	1	0	0
chr2.3009433.3011935	pos	1	1	1	1	1	1	1	1	1	0	0
chr2.3460129.3460304	pos	0	1	0	1	0	1	0	1	0	0	1
chr2.3586971.3587091	pos	0	1	1	0	0	1	1	1	1	0	0
chr2.4166563.4166704	pos	0	1	0	1	0	0	1	1	0	0	0
chr2.4167013.4167688	pos	0	1	0	1	0	0	0	1	0	0	0
chr2.4207007.4207113	pos	1	1	0	0	1	1	0	1	0	0	0
chr2.4229490.4229821	pos	1	1	1	1	1	1	1	1	0	0	1
chr2.4230039.4230220	pos	1	1	0	1	1	1	0	1	0	0	1
chr2.4233148.4233246	pos	1	1	0	1	1	1	1	1	0	0	1
chr2.4603324.4603675	pos	1	1	0	1	1	0	0	1	0	0	0
chr2.4890704.4890941	pos	0	1	1	1	1	1	1	1	0	0	1
chr2.5112407.5114922	pos	0	1	0	1	1	0	0	1	0	0	1
chr2.5444162.5444299	pos	0	1	1	1	1	0	0	1	1	0	1
chr2.5713514.5713761	pos	1	1	0	1	0	0	1	1	0	1	0
chr2.5719535.5719828	pos	0	1	0	1	1	0	1	1	0	1	1
chr2.6239106.6239388	pos	0	1	1	1	1	0	0	1	0	0	1
chr2.6404632.6404741	pos	0	0	0	1	0	0	0	0	0	0	1
chr2.6404923.6405052	pos	0	0	0	1	0	0	1	0	0	0	1
chr2.6622442.6622548	pos	0	1	1	1	0	1	1	0	0	1	0
chr2.6698503.6698895	pos	1	1	1	1	1	1	1	1	1	0	1
chr2.6725705.6725934	pos	1	1	1	1	1	0	0	1	0	1	0
chr2.6884567.6884850	pos	1	1	0	1	1	0	1	1	1	1	0
chr2.7224332.7224458	pos	0	1	0	1	1	1	1	1	0	0	1
chr2.7224630.7225205	pos	0	1	0	1	1	1	1	1	0	0	1
chr2.7797329.7797398	pos	0	1	0	0	0	0	1	0	0	1	0
chr2.7870525.7870595	pos	1	1	0	0	1	1	0	0	0	1	0
chr2.7968167.7968407	pos	1	1	1	1	1	1	1	1	1	1	1
chr2.7968561.7968696	pos	1	1	1	1	1	1	1	1	1	1	1
chr2.8097928.8098783	pos	0	1	0	1	1	1	0	1	0	0	1
chr2.8202465.8202907	pos	0	1	0	0	0	0	1	0	1	0	0
chr2.8257504.8257631	pos	1	1	0	0	0	0	1	1	1	0	0
chr2.8263572.8263682	pos	0	1	0	1	1	0	1	0	0	0	1
chr2.8278001.8278540	pos	0	1	0	1	1	0	0	1	0	0	1
chr2.8307340.8307631	pos	0	1	0	1	1	1	1	1	1	0	1
chr2.8369772.8369904	pos	0	1	0	1	0	0	1	1	0	0	1
chr2.8454564.8454888	pos	0	1	0	0	1	0	1	1	1	0	0
chr2.8752107.8752900	pos	0	1	0	0	1	1	0	1	0	0	1
chr2.9154962.9155268	pos	0	1	1	1	1	1	1	1	1	0	0
chr2.9376741.9376950	pos	0	1	0	0	1	1	0	1	0	0	1
chr2.9528684.9528873	pos	0	1	0	1	1	1	1	1	1	0	1
chr2.9537106.9537566	pos	0	0	1	1	1	1	0	1	0	0	1
chr2.9915564.9915740	pos	0	1	1	1	1	1	1	1	0	1	1
chr2.10214617.10214832	pos	1	1	0	1	1	1	0	1	0	0	1
chr2.10300900.10301101	pos	0	1	1	1	1	1	1	1	1	1	1
chr2.10423691.10424027	pos	1	1	0	0	1	0	1	0	0	0	1
chr2.10510041.10510542	pos	0	1	1	1	1	1	1	1	0	0	1
chr2.10521895.10521999	pos	0	0	0	1	1	0	0	0	0	0	1
chr2.10525456.10525868	pos	0	1	0	1	0	0	1	0	0	1	0
chr2.10955809.10956114	pos	1	1	0	0	1	0	1	1	1	0	0
chr2.11083137.11083433	pos	0	1	0	1	1	1	1	1	1	0	1
chr2.11100177.11100340	pos	0	1	0	1	0	0	1	1	0	0	1
chr2.11302306.11302432	pos	1	1	1	1	1	0	0	1	0	0	1
chr2.12091128.12091303	pos	1	1	0	1	1	1	0	1	0	0	0
chr2.12142383.12142508	pos	1	1	1	1	1	0	0	1	1	0	0
chr2.12379346.12379522	pos	0	1	1	1	0	0	1	0	1	1	0
chr2.13199897.13200068	pos	0	0	1	1	1	0	0	1	0	0	1
chr2.13424300.13424514	pos	0	1	0	1	1	1	1	1	1	0	1
chr2.13753553.13754508	pos	0	1	1	1	1	1	1	1	1	0	1
chr2.13771625.13771940	pos	0	1	1	1	0	0	1	1	1	0	0
chr2.13791577.13791793	pos	0	1	0	0	0	0	1	1	1	0	0
chr2.13869915.13870297	pos	0	1	0	1	0	0	1	1	1	0	0
chr2.14777730.14778005	pos	1	1	0	1	1	0	1	1	0	0	1
chr2.14870137.14870407	pos	0	0	0	1	0	1	1	1	1	0	1
chr2.14870540.14870651	pos	0	1	0	1	0	1	1	1	1	0	1
chr2.14871157.14871768	pos	0	1	0	1	0	0	1	1	1	0	1
chr2.15049295.15049729	pos	1	1	1	0	1	1	0	0	0	0	0
chr2.15051217.15051338	pos	1	1	0	0	1	1	0	0	0	1	0
chr2.15103817.15103979	pos	1	1	0	1	1	0	0	1	0	0	1
chr2.15397740.15397972	pos	0	1	1	1	1	1	0	1	0	0	1
chr2.16253780.16254281	pos	0	1	1	1	1	1	1	1	1	0	1
chr2.16539047.16539152	pos	0	1	0	1	1	0	0	1	0	0	1
chr2.16674499.16674724	pos	0	0	0	1	0	0	0	0	0	0	1
chr2.16815556.16815786	pos	1	1	1	1	1	1	0	1	0	0	1
chr2.17529731.17530122	pos	0	1	0	1	1	1	1	1	1	0	1
chr2.17941667.17942113	pos	0	1	0	1	1	0	1	1	0	0	1
chr2.17942225.17942344	pos	0	0	0	1	0	0	1	1	1	0	1
chr2.18005630.18006476	pos	0	1	0	1	1	0	1	1	1	0	1
chr2.18063281.18063603	pos	0	1	1	0	0	0	1	0	0	0	0
chr2.18081821.18081972	pos	0	1	1	1	0	0	1	0	1	0	0
chr2.18112097.18112206	pos	0	1	1	1	1	1	1	1	1	0	1
chr2.18881411.18881641	pos	0	0	0	1	1	0	0	0	0	0	1
chr2.18999386.18999720	pos	0	1	1	0	0	0	1	0	0	0	1
chr2.19891163.19891276	pos	0	1	1	1	0	1	1	1	0	0	1
chr2.20166797.20167368	pos	0	1	0	1	0	0	1	0	1	0	0
chr2.20961996.20962412	pos	0	1	0	1	1	0	0	1	0	1	1
chr2.21384213.21384538	pos	1	1	0	0	1	1	0	1	1	0	1
chr2.21497819.21498177	pos	0	1	1	1	1	1	0	1	0	0	1
chr2.21693771.21694202	pos	1	1	1	1	1	1	1	1	1	0	0
chr2.21755156.21755385	pos	1	1	0	1	1	0	0	1	1	0	0
chr2.22702962.22703251	pos	1	1	0	1	1	1	1	1	1	0	1
chr2.23312155.23312387	pos	0	1	0	0	0	1	1	0	1	0	0
chr2.23360484.23360690	pos	0	1	0	1	0	1	0	1	0	0	1
chr2.24116165.24117442	pos	0	1	0	1	1	1	1	1	1	0	1
chr2.24271384.24271486	pos	0	1	0	0	0	0	1	0	1	0	0
chr2.24301975.24302155	pos	0	0	0	1	1	0	0	1	0	0	1
chr2.24565165.24565297	pos	0	1	0	0	0	0	1	0	1	0	0
chr2.24666306.24666660	pos	1	1	0	1	1	0	1	1	1	0	0
chr2.24672396.24672498	pos	0	1	0	1	0	0	1	1	1	0	0
chr2.24767095.24767284	pos	1	1	0	1	1	1	0	1	0	0	0
chr2.24768031.24769813	pos	1	1	0	1	1	1	0	1	0	0	0
chr2.24769969.24770465	pos	1	1	0	1	1	1	1	1	0	1	0
chr2.24806052.24806276	pos	1	1	0	1	1	0	1	1	1	0	0
chr2.24915429.24915606	pos	1	1	1	1	1	1	1	1	0	0	1
chr2.24924676.24924832	pos	0	1	0	1	1	1	1	1	1	1	0
chr2.25490520.25490697	pos	0	1	0	1	0	0	1	1	1	0	1
chr2.25962026.25962235	pos	1	0	0	0	0	1	0	0	0	0	1
chr2.25974583.25975150	pos	1	1	0	1	1	1	0	1	0	0	1
chr2.26088134.26088335	pos	0	1	0	1	1	0	0	1	0	0	1
chr2.26189242.26189742	pos	1	1	0	1	1	1	0	0	0	1	0
chr2.26535918.26536027	pos	0	1	0	1	1	1	0	1	0	0	1
chr2.27058863.27058975	pos	1	0	0	0	1	0	0	0	0	0	1
chr2.27273644.27273807	pos	0	1	1	1	0	0	1	1	1	0	0
chr2.27318644.27318749	pos	0	1	0	1	1	0	0	1	0	0	1
chr2.27746449.27747067	pos	1	1	0	1	1	1	0	1	0	0	1
chr2.27981393.27981987	pos	1	1	0	1	1	1	1	1	0	0	1
chr2.28836804.28837149	pos	1	1	0	1	1	0	1	0	0	1	0
chr2.28965065.28965209	pos	1	1	0	1	1	0	0	0	0	1	0
chr2.29361384.29361507	pos	0	1	0	1	0	0	1	0	1	0	1
chr3.493104.493514	pos	1	1	0	1	1	1	1	1	1	0	0
chr3.1118705.1118883	pos	1	0	0	0	1	1	0	1	0	0	1
chr3.1223710.1223941	pos	0	1	1	1	1	1	0	1	0	0	1
chr3.1299018.1299155	pos	0	0	0	0	0	0	0	0	0	0	0
chr3.1652504.1652654	pos	1	1	0	0	1	0	0	0	0	0	0
chr3.1827983.1828554	pos	0	1	0	1	1	1	0	1	0	0	1
chr3.2281639.2282199	pos	0	1	0	1	1	1	0	1	0	0	1
chr3.2524703.2525688	pos	1	1	1	1	1	1	1	1	0	0	1
chr3.2542193.2542341	pos	1	1	1	1	1	1	1	0	1	0	0
chr3.2686587.2687071	pos	0	1	0	1	1	1	0	1	0	0	1
chr3.2828814.2829005	pos	0	0	0	1	1	1	0	1	0	0	0
chr3.3826316.3826455	pos	1	1	0	1	1	1	0	1	1	1	0
chr3.4234297.4235408	pos	0	1	1	1	0	1	1	1	1	0	1
chr3.4292236.4292475	pos	0	1	1	1	0	1	1	0	0	0	1
chr3.4308897.4309213	pos	0	1	0	0	0	0	1	0	1	0	0
chr3.4435393.4435491	pos	0	0	0	0	0	0	1	0	0	1	0
chr3.4787806.4788002	pos	0	0	1	1	0	0	1	1	1	0	1
chr3.4900247.4900413	pos	1	1	0	0	1	1	0	0	0	1	0
chr3.4936605.4937246	pos	0	1	1	1	1	0	1	1	1	1	0
chr3.4963280.4963425	pos	0	1	1	1	1	1	1	1	0	1	1
chr3.4963711.4964346	pos	1	1	0	1	1	1	1	1	0	1	1
chr3.5522584.5522864	pos	0	1	1	1	1	1	1	1	1	0	1
chr3.5738379.5738801	pos	0	0	1	1	1	1	1	1	0	0	1
chr3.5884062.5884887	pos	1	1	0	1	1	1	0	1	0	0	0
chr3.6557286.6557525	pos	1	1	0	1	1	0	0	1	1	0	1
chr3.7394118.7394280	pos	0	1	1	1	1	1	0	1	0	0	1
chr3.7394533.7394657	pos	0	1	0	1	1	1	0	1	0	0	1
chr3.7811445.7811594	pos	0	0	0	0	0	0	1	0	1	0	0
chr3.7820135.7820363	pos	1	1	0	1	1	1	0	1	0	0	0
chr3.7931705.7931920	pos	1	1	0	1	1	1	0	1	0	0	0
chr3.8153723.8153990	pos	1	0	0	0	1	0	0	0	0	0	0
chr3.8410382.8410714	pos	0	1	0	1	1	0	1	1	1	0	1
chr3.8583968.8584291	pos	0	1	0	1	1	1	1	1	1	0	1
chr3.8867873.8868542	pos	1	1	0	0	1	1	0	0	0	0	0
chr3.8893133.8893975	pos	1	1	1	1	1	1	0	1	0	0	1
chr3.8899520.8899726	pos	0	1	0	1	1	0	1	0	1	0	1
chr3.8909284.8910232	pos	0	0	0	1	1	0	1	1	1	0	1
chr3.8932987.8933833	pos	1	1	0	0	1	1	1	1	0	0	1
chr3.9173065.9173315	pos	1	1	1	1	1	1	1	1	1	1	1
chr3.9413375.9413635	pos	1	1	0	1	1	1	0	1	0	0	1
chr3.9819345.9819452	pos	1	1	0	1	1	1	1	1	0	1	0
chr3.9858764.9858970	pos	1	1	0	1	1	0	1	1	0	1	0
chr3.10136525.10136614	pos	0	1	0	0	0	0	1	0	1	1	0
chr3.10175076.10175414	pos	0	1	0	0	0	0	1	1	1	0	0
chr3.10195107.10196362	pos	0	0	0	1	1	0	1	1	0	1	1
chr3.10474185.10474289	pos	0	1	0	1	0	0	0	0	0	0	1
chr3.10476085.10476455	pos	0	1	0	1	0	0	1	1	0	0	1
chr3.10598477.10598592	pos	1	1	0	1	0	1	0	1	0	0	1
chr3.10976368.10976604	pos	0	1	0	1	1	1	0	1	0	0	1
chr3.11048296.11048433	pos	0	0	1	1	1	0	0	1	0	0	1
chr3.11049017.11049312	pos	0	1	0	1	1	0	1	1	1	0	1
chr3.11092578.11092752	pos	0	0	0	0	0	1	0	0	0	0	0
chr3.11243160.11243528	pos	1	1	0	1	1	0	1	1	0	1	0
chr3.11303128.11303289	pos	0	1	1	0	0	0	1	0	1	0	0
chr3.11445779.11446719	pos	0	1	0	1	0	1	1	0	0	0	1
chr3.11865098.11865212	pos	0	1	0	1	0	1	1	1	0	0	1
chr3.12614342.12614567	pos	0	1	1	0	0	0	1	1	1	1	0
chr3.12643150.12643251	pos	0	1	1	1	0	1	1	1	1	0	1
chr3.12669269.12669595	pos	1	1	1	0	1	1	0	1	0	0	0
chr3.13692009.13692218	pos	0	1	1	1	1	1	1	1	0	0	1
chr3.13764488.13765063	pos	1	1	1	1	1	0	0	1	1	0	0
chr3.14021384.14022463	pos	0	1	0	1	1	1	0	1	0	0	1
chr3.14281867.14281990	pos	1	1	0	1	1	0	0	0	0	0	0
chr3.14476516.14476712	pos	0	1	0	1	1	1	1	1	1	0	0
chr3.14487358.14487668	pos	0	1	1	1	1	1	1	1	1	0	0
chr3.14588688.14588789	pos	0	1	0	1	0	0	1	1	0	1	1
chr3.14588924.14589218	pos	0	1	0	1	0	0	1	1	0	1	1
chr3.14596069.14596545	pos	0	1	0	1	1	1	1	1	0	0	1
chr3.14751752.14752206	pos	0	1	0	1	1	0	1	1	0	0	1
chr3.14839200.14839519	pos	1	1	0	1	1	1	0	1	1	0	0
chr3.15125091.15125621	pos	1	1	0	0	1	0	0	0	0	0	0
chr3.15276859.15277340	pos	0	0	0	1	1	0	1	1	1	0	1
chr3.15277505.15277658	pos	0	1	0	1	1	0	1	1	1	0	1
chr3.15328714.15330189	pos	0	0	1	1	1	0	1	1	0	0	1
chr3.15607570.15608508	pos	1	1	0	1	1	1	0	1	1	0	0
chr3.15700131.15700240	pos	0	1	0	1	1	0	0	1	0	0	1
chr3.15741399.15741930	pos	0	1	1	1	1	1	0	1	0	0	1
chr3.17037144.17037624	pos	0	1	0	1	1	1	1	1	1	0	1
chr3.17737507.17737650	pos	1	1	0	1	1	1	0	1	0	1	0
chr3.18503613.18503728	pos	0	1	1	1	0	1	0	1	0	0	1
chr3.18582301.18582513	pos	0	1	0	1	1	1	1	1	1	0	0
chr3.19911006.19911774	pos	1	1	0	0	1	0	0	0	0	1	0
chr3.19923344.19923518	pos	1	1	1	1	1	1	0	1	0	0	0
chr3.20093716.20094156	pos	0	1	0	1	1	1	0	1	0	0	1
chr3.20216856.20217007	pos	0	1	0	0	0	0	1	0	1	0	0
chr3.20235024.20235210	pos	1	1	0	1	1	1	1	1	0	0	0
chr3.20353949.20354063	pos	0	1	0	0	1	1	0	1	0	0	0
chr3.20419650.20419758	pos	0	0	0	1	0	0	0	1	0	0	1
chr3.20836133.20836325	pos	0	1	0	1	0	0	0	1	0	0	1
chr3.21059325.21059436	pos	0	1	0	1	1	1	1	1	0	0	1
chr3.21206760.21206898	pos	0	0	1	0	0	0	1	1	1	0	0
chr3.21214306.21214432	pos	0	1	0	1	1	1	1	1	0	0	1
chr3.21483275.21483605	pos	0	1	1	1	1	1	1	1	1	0	1
chr3.21553540.21554067	pos	0	1	0	1	1	1	0	1	0	0	1
chr3.21656911.21657202	pos	1	1	0	0	1	0	0	1	1	0	0
chr3.22397483.22397633	pos	0	1	1	1	1	1	1	1	1	1	0
chr3.22991215.22991475	pos	1	1	0	1	1	1	0	1	0	0	0
chr3.23411650.23411923	pos	0	1	0	1	0	0	1	1	1	0	0
chr3.23462163.23462296	pos	0	1	0	1	0	0	1	1	1	0	0
chr3.23642466.23642599	pos	0	1	0	1	1	1	0	1	0	0	1
chr3.23790049.23790256	pos	1	1	0	0	1	1	1	1	1	0	0
chr3.24365442.24365520	pos	0	1	0	1	0	0	0	1	0	0	1
chr3.24602355.24602492	pos	1	1	1	1	1	0	1	1	1	1	1
chr3.24748821.24748978	pos	0	1	1	1	1	0	1	0	1	0	1
chr3.24825157.24825749	pos	0	0	0	1	0	0	0	0	1	0	1
chr3.25277188.25277425	pos	0	0	1	1	1	0	1	1	0	0	1
chr3.25305053.25305450	pos	0	1	0	1	1	1	1	1	1	0	1
chr3.25666708.25667060	pos	1	1	0	1	1	1	1	1	0	0	1
chr3.26034922.26035076	pos	0	1	1	1	1	0	1	1	0	1	0
chr3.26488704.26488869	pos	1	1	0	0	1	1	0	1	0	0	0
chr3.26920155.26920329	pos	0	0	1	1	1	0	0	0	1	0	1
chr3.26920675.26920754	pos	0	0	1	1	1	0	1	0	1	0	1
chr4.20517.20628	pos	0	0	1	0	0	0	1	0	1	0	0
chr4.441111.441322	pos	1	1	0	1	0	1	1	1	0	0	0
chr4.510762.510835	pos	0	1	1	1	1	1	1	0	1	1	1
chr4.1097335.1097729	pos	0	0	1	1	0	0	1	0	0	0	1
chr4.1247220.1247390	pos	1	1	0	1	1	0	0	1	0	0	1
chr4.1333530.1334270	pos	0	0	0	1	1	0	0	0	0	0	1
chr4.1710780.1711460	pos	0	1	0	1	0	0	1	0	0	0	0
chr4.2122809.2122962	pos	1	1	0	0	1	1	0	1	0	1	0
chr4.2525622.2526114	pos	0	1	0	1	1	1	1	1	1	0	1
chr4.2714217.2714403	pos	1	1	0	1	0	0	1	1	1	0	0
chr4.4385236.4385304	pos	0	1	0	0	0	0	1	0	1	0	0
chr4.4728723.4728953	pos	0	1	1	1	1	0	1	0	1	0	0
chr4.5192209.5192305	pos	0	1	0	0	0	1	1	1	1	0	0
chr4.5478972.5479098	pos	1	1	0	1	1	0	0	1	0	0	0
chr4.5587380.5587674	pos	1	1	0	0	0	1	0	0	0	0	0
chr4.6292850.6293015	pos	1	1	1	1	1	1	1	1	0	0	1
chr4.6300811.6300966	pos	0	1	1	1	0	0	1	1	0	0	0
chr4.6335033.6335160	pos	0	1	0	1	1	1	1	1	0	0	1
chr4.6821873.6822007	pos	0	1	0	1	1	1	1	1	1	0	1
chr4.6995213.6996095	pos	0	1	1	1	1	1	1	1	0	0	1
chr4.7090308.7090556	pos	1	1	0	1	1	1	0	1	0	0	1
chr4.7755331.7756111	pos	1	1	0	1	1	1	0	1	0	0	0
chr4.7788245.7788578	pos	0	1	1	1	1	1	0	1	0	0	0
chr4.7788723.7788870	pos	0	1	1	1	1	1	0	1	0	0	0
chr4.7969217.7969473	pos	0	1	0	1	1	1	1	1	0	1	1
chr4.8094887.8095089	pos	0	1	0	1	1	1	1	1	1	1	1
chr4.8628074.8628225	pos	0	1	0	1	1	0	1	0	0	1	0
chr4.9138983.9139560	pos	1	1	0	1	1	0	1	1	0	1	1
chr4.9539097.9539195	pos	0	1	0	1	0	0	1	1	0	1	1
chr4.9596243.9596399	pos	0	1	0	1	0	1	0	1	0	0	1
chr4.9656845.9656981	pos	0	1	0	1	0	1	1	1	1	1	0
chr4.9724305.9724829	pos	0	1	0	1	0	1	1	0	1	0	1
chr4.9724954.9725181	pos	0	0	0	1	0	0	0	0	0	0	1
chr4.9998122.9998348	pos	0	0	0	1	1	1	0	1	0	0	1
chr4.10185617.10185935	pos	0	1	1	1	1	0	1	1	0	0	1
chr4.10355465.10355695	pos	0	1	1	1	1	1	1	1	1	0	0
chr4.10399349.10399524	pos	0	1	0	1	0	0	1	0	1	0	0
chr4.10575937.10576172	pos	0	1	0	1	1	1	1	1	0	1	1
chr4.11152936.11153121	pos	0	0	1	0	0	0	1	0	1	0	0
chr4.11488693.11488792	pos	1	1	0	1	1	0	0	1	0	1	0
chr4.12359221.12359366	pos	0	1	0	1	0	0	1	1	1	0	1
chr4.12359606.12359964	pos	0	0	0	1	0	0	0	0	0	0	1
chr4.12468342.12468455	pos	1	1	0	1	1	1	0	1	0	0	0
chr4.12582021.12582167	pos	0	0	0	0	1	1	0	0	0	0	1
chr4.13310148.13310249	pos	0	0	1	1	1	0	0	1	0	0	1
chr4.13534154.13534420	pos	0	1	0	1	1	1	1	1	0	0	1
chr4.13672542.13673495	pos	1	1	0	1	1	1	1	1	1	0	1
chr4.14292341.14292552	pos	0	1	1	1	1	0	0	1	0	1	1
chr4.14329550.14329786	pos	0	1	0	1	1	0	1	1	1	1	1
chr4.14393704.14394419	pos	0	1	0	1	1	1	0	1	0	0	1
chr4.16100027.16100710	pos	1	1	0	1	1	0	0	1	0	0	1
chr4.16127029.16127249	pos	0	1	0	1	1	0	0	1	0	0	1
chr4.16483999.16484156	pos	0	1	0	1	0	0	1	1	0	0	1
chr4.16484553.16484724	pos	0	1	0	1	1	0	0	1	0	0	1
chr4.17187430.17187643	pos	0	1	0	1	1	1	1	1	1	1	1
chr4.17351487.17351629	pos	0	1	1	1	0	0	1	1	0	0	1
chr4.17772003.17772613	pos	0	1	1	1	1	1	1	1	0	0	1
chr4.17773212.17773698	pos	0	1	1	1	1	1	1	1	0	0	1
chr4.17799333.17799642	pos	1	1	0	1	1	1	0	1	0	0	1
chr4.17990946.17991263	pos	1	1	0	1	1	0	0	1	0	1	0
chr4.18133037.18133169	pos	1	1	1	1	1	1	1	1	1	0	1
chr4.18133327.18133742	pos	0	1	1	1	1	1	1	1	1	0	1
chr4.18195502.18196072	pos	1	1	0	1	1	1	0	1	0	0	0
chr4.18535171.18535321	pos	1	1	0	1	1	0	0	1	1	1	0
chr4.19368531.19368826	pos	1	1	1	1	0	1	0	1	1	0	0
chr4.19420006.19420458	pos	0	1	0	1	1	1	1	1	0	0	1
chr4.19525880.19525979	pos	0	0	0	1	0	0	0	1	0	0	1
chr4.19683576.19684169	pos	0	1	1	1	0	0	1	1	1	0	1
chr4.19747511.19747953	pos	1	1	0	1	1	1	1	1	1	0	0
chr4.19840992.19841151	pos	0	0	0	0	0	0	1	0	1	1	0
chr4.19849862.19849934	pos	0	1	1	0	0	0	1	0	1	1	0
chr4.20459683.20460294	pos	1	1	1	1	1	1	1	1	1	0	1
chr4.20805559.20805775	pos	1	1	0	1	1	1	0	1	0	1	0
chr4.20851616.20851753	pos	1	1	0	1	1	0	0	1	0	1	0
chr4.20951983.20952118	pos	0	1	0	1	1	0	1	1	1	1	1
chr4.21431076.21432260	pos	1	1	1	1	1	1	1	1	1	0	1
chr4.21653308.21653465	pos	0	1	1	1	0	1	1	1	0	0	1
chr4.21745353.21745675	pos	1	1	0	1	1	1	0	1	0	0	1
chr4.22269731.22269944	pos	0	0	0	0	0	0	1	0	1	0	0
chr4.22448920.22449212	pos	0	0	0	1	0	0	0	1	0	0	0
chr4.23520247.23520999	pos	1	1	0	1	1	1	0	1	0	0	1
chr4.23546293.23546448	pos	0	1	0	1	1	1	1	1	0	0	0
chr4.24303836.24303908	pos	0	1	0	1	1	1	0	1	1	0	1
chr4.24304390.24304653	pos	0	1	0	1	1	1	1	1	1	0	1
chr4.24412725.24412983	pos	1	1	0	0	1	1	0	1	0	0	1
chr4.24420316.24420605	pos	1	1	0	1	1	1	0	1	0	0	1
chr4.24829641.24829815	pos	0	1	0	1	0	1	1	1	1	0	1
chr4.25449400.25450065	pos	1	1	0	0	1	0	1	0	0	1	0
chr4.26261786.26261958	pos	0	0	0	0	1	1	0	1	0	0	1
chr4.26265090.26265672	pos	0	1	1	1	1	1	1	1	0	0	1
chr4.26326934.26327172	pos	0	1	1	1	0	0	1	1	0	0	1
chr4.26392350.26392506	pos	0	0	0	1	1	0	0	0	0	0	1
chr4.26392763.26394155	pos	0	1	0	1	1	1	1	1	0	0	1
chr4.26600310.26600422	pos	0	0	0	1	0	0	1	0	1	0	1
chr4.26768933.26769037	pos	0	1	0	1	1	0	1	1	1	0	1
chr5.624234.624447	pos	0	0	1	1	1	0	0	1	0	0	1
chr5.624565.624850	pos	0	0	1	1	1	0	1	1	1	0	1
chr5.1007332.1007949	pos	1	1	0	1	1	1	1	1	1	1	0
chr5.1117257.1117680	pos	1	1	1	1	1	1	1	1	0	1	0
chr5.1365308.1365445	pos	0	0	0	0	0	0	0	0	0	0	0
chr5.2100422.2100803	pos	0	1	1	0	1	1	0	1	0	0	1
chr5.2364846.2364974	pos	1	1	0	1	1	1	1	1	0	0	0
chr5.2365625.2366069	pos	1	1	0	1	1	1	1	1	0	0	1
chr5.2527426.2527732	pos	1	1	0	1	1	1	1	1	0	0	0
chr5.2995022.2995162	pos	1	1	1	1	1	0	0	1	0	0	1
chr5.3454755.3455355	pos	1	1	1	1	1	1	0	1	0	0	1
chr5.3491604.3491856	pos	0	1	0	1	1	1	1	1	1	0	1
chr5.3640330.3640428	pos	1	1	0	1	1	0	1	1	0	1	1
chr5.4436838.4437100	pos	0	1	0	1	1	1	1	1	1	1	1
chr5.5195496.5195891	pos	1	1	0	1	1	1	0	0	0	0	1
chr5.5464015.5464145	pos	0	1	0	1	1	1	1	1	0	0	1
chr5.5790832.5791014	pos	0	1	0	1	1	1	1	1	1	0	0
chr5.5793359.5793483	pos	1	1	0	1	1	0	0	0	0	1	0
chr5.5901672.5902240	pos	0	1	1	1	1	0	1	1	0	1	1
chr5.6467042.6467158	pos	0	1	0	1	1	1	0	1	0	0	1
chr5.6467766.6467973	pos	1	1	0	1	1	1	0	1	0	0	0
chr5.6471855.6471996	pos	1	1	0	0	1	1	0	1	0	0	0
chr5.6472182.6472350	pos	1	1	1	0	1	1	0	1	0	0	0
chr5.6611113.6611642	pos	0	1	0	1	1	1	0	1	0	1	1
chr5.7107901.7109877	pos	1	1	1	1	1	1	0	1	0	0	1
chr5.7114308.7114609	pos	1	1	0	0	1	1	0	1	0	0	0
chr5.8179242.8179454	pos	0	0	1	1	0	0	0	0	0	0	1
chr5.8362638.8362768	pos	1	1	0	1	1	0	1	1	1	0	0
chr5.9663064.9663365	pos	1	1	0	1	1	0	1	1	1	0	0
chr5.9834131.9834331	pos	0	0	1	0	0	0	1	0	1	0	0
chr5.10280812.10280996	pos	0	1	1	1	1	1	1	1	1	0	0
chr5.10312344.10312468	pos	0	1	0	1	0	0	1	0	0	0	1
chr5.10539736.10539914	pos	0	1	1	0	0	0	1	0	1	0	0
chr5.11318160.11318596	pos	1	0	0	0	1	0	0	0	0	0	0
chr5.11355753.11355870	pos	1	1	0	1	1	0	0	1	0	0	1
chr5.12448533.12448825	pos	1	1	0	1	1	1	0	1	0	0	0
chr5.13872279.13872449	pos	0	1	0	1	0	0	0	1	0	0	1
chr5.15099940.15100003	pos	0	0	0	0	0	0	1	0	0	1	0
chr5.15284237.15284502	pos	0	1	0	1	1	1	1	0	0	0	1
chr5.15724438.15724677	pos	0	1	0	1	0	0	1	1	1	1	1
chr5.16035251.16035451	pos	0	1	1	1	0	0	1	0	1	0	1
chr5.16149172.16149518	pos	1	1	1	1	1	1	0	1	0	0	0
chr5.16170725.16171153	pos	0	1	1	1	1	1	1	0	1	1	1
chr5.16240730.16241071	pos	0	1	1	1	1	1	0	1	0	0	1
chr5.16371474.16374259	pos	0	1	0	1	1	1	0	1	0	1	1
chr5.16607654.16607764	pos	0	1	0	1	1	1	1	0	1	0	1
chr5.16643589.16644104	pos	0	1	1	0	0	0	1	0	1	0	0
chr5.17003851.17004218	pos	0	1	1	1	1	1	1	1	0	1	1
chr5.17008375.17010080	pos	0	1	1	1	1	1	1	1	0	0	1
chr5.17637487.17637929	pos	0	1	0	1	0	0	1	1	1	0	0
chr5.17701583.17701777	pos	0	1	0	0	0	0	1	0	1	0	0
chr5.17739055.17739581	pos	1	1	0	0	1	1	0	1	0	0	0
chr5.17798250.17798357	pos	0	1	0	1	0	0	1	1	1	0	0
chr5.18640686.18640801	pos	0	1	1	0	0	0	1	0	1	0	0
chr5.19021560.19022094	pos	0	1	0	1	0	1	0	1	0	0	1
chr5.19025733.19025907	pos	1	1	0	1	0	0	1	1	0	0	0
chr5.19049171.19049920	pos	1	1	0	0	1	1	0	0	0	0	0
chr5.19054377.19055464	pos	1	1	0	1	1	1	1	1	0	0	1
chr5.19559225.19559457	pos	1	1	0	1	1	1	0	1	0	0	0
chr5.19921212.19921306	pos	1	1	1	1	1	0	1	1	1	0	0
chr5.20407299.20407603	pos	0	1	0	0	0	0	1	1	1	0	0
chr5.20414212.20414333	pos	0	1	0	1	1	1	1	1	1	0	0
chr5.20731398.20731503	pos	0	0	0	1	1	1	0	1	0	0	1
chr5.20769289.20769366	pos	0	1	1	1	1	1	1	1	0	0	1
chr5.20801690.20801879	pos	0	1	0	1	0	1	1	1	1	0	0
chr5.20815419.20815659	pos	0	1	0	1	1	1	1	1	0	0	1
chr5.21874350.21874557	pos	1	1	0	1	1	0	0	1	0	1	0
chr5.21926244.21926497	pos	1	1	1	1	1	1	1	1	0	0	1
chr5.21940684.21942816	pos	0	1	0	1	1	1	1	1	0	0	1
chr5.21943363.21943523	pos	0	0	0	1	0	1	0	0	0	0	1
chr5.22111342.22111466	pos	1	1	0	1	1	1	0	1	0	0	1
chr5.22401141.22403282	pos	0	1	1	1	1	1	1	1	0	0	1
chr5.23656825.23657067	pos	1	1	0	1	1	0	0	1	0	1	0
chr5.23675801.23676076	pos	1	1	0	1	1	0	0	1	0	1	0
chr5.23696317.23696438	pos	1	1	0	1	1	0	0	1	0	1	0
chr5.23960561.23960935	pos	0	1	1	0	0	0	1	0	1	0	0
chr5.24875042.24876899	pos	1	1	0	1	1	1	1	1	0	1	0
chr5.24877316.24878363	pos	1	1	0	1	1	0	1	1	1	1	0
chr5.24880375.24881250	pos	1	1	0	1	1	0	1	1	0	0	0
chr5.24881956.24882749	pos	1	1	0	1	1	0	0	1	1	0	0
chr5.24956575.24957065	pos	1	1	0	0	1	0	0	0	0	0	0
chr5.24979498.24980537	pos	1	1	0	0	1	0	1	0	0	1	0
chr5.24986954.24987157	pos	1	0	0	0	0	1	0	0	0	0	0
chr5.24987410.24987532	pos	1	0	0	0	0	1	0	0	0	0	0
chr5.25026505.25026872	pos	0	1	0	1	1	1	0	1	1	0	1
chr5.25883258.25883515	pos	1	0	0	1	0	0	1	1	0	0	1
chr5.26345829.26346410	pos	0	1	1	1	0	0	1	0	1	0	0
chr5.26347691.26348629	pos	1	1	0	1	0	1	1	1	0	0	1
chr5.26502573.26502936	pos	0	1	1	1	1	1	1	1	1	0	1
chr5.26503066.26503976	pos	0	1	1	1	1	1	1	1	1	0	1
chr6.707040.707895	pos	1	1	0	1	1	1	1	1	1	0	0
chr6.710061.710438	pos	0	1	0	0	0	0	1	0	1	0	0
chr6.1048294.1048765	pos	0	1	0	1	1	1	0	1	0	0	1
chr6.1294093.1294215	pos	0	0	0	0	1	1	0	0	0	0	1
chr6.1468083.1468422	pos	1	1	0	1	1	1	0	1	0	0	0
chr6.1737126.1737544	pos	1	1	0	1	1	1	1	1	1	0	0
chr6.1747697.1747828	pos	1	1	0	1	1	1	0	1	0	0	0
chr6.1747953.1748084	pos	1	1	0	1	1	1	0	1	0	0	0
chr6.1750226.1750454	pos	1	1	0	1	0	1	1	1	1	0	0
chr6.1933638.1933874	pos	0	1	1	1	1	1	1	1	0	0	1
chr6.1933948.1934569	pos	0	1	1	1	1	1	1	1	0	0	1
chr6.2087962.2088511	pos	0	1	0	1	1	0	1	1	0	0	1
chr6.2088778.2089068	pos	0	1	0	1	1	0	1	1	0	0	1
chr6.2227779.2227872	pos	0	1	0	1	1	0	0	1	0	0	1
chr6.2663296.2663879	pos	1	1	0	1	1	0	0	1	0	0	1
chr6.2664029.2664180	pos	1	1	0	1	1	0	0	1	0	0	1
chr6.3149643.3150364	pos	0	1	0	1	1	1	0	1	0	0	1
chr6.3316050.3316610	pos	1	1	0	1	1	1	0	1	0	0	0
chr6.3320994.3321239	pos	1	1	0	1	1	1	0	1	1	0	0
chr6.3401095.3401301	pos	1	1	0	1	1	0	0	0	0	1	0
chr6.3677332.3677658	pos	1	1	0	1	1	1	0	1	0	0	1
chr6.3858871.3859015	pos	0	0	1	0	0	0	1	0	0	0	0
chr6.4212204.4212339	pos	0	1	0	1	1	1	1	1	1	1	0
chr6.5163406.5163787	pos	1	1	0	1	0	0	1	1	1	0	1
chr6.5164899.5165194	pos	0	1	0	1	1	0	1	1	1	1	0
chr6.5277543.5277800	pos	1	1	0	1	1	1	0	1	1	0	1
chr6.5657679.5657800	pos	0	1	0	1	0	0	0	1	0	1	1
chr6.5667723.5667821	pos	0	1	1	1	0	0	0	1	0	0	1
chr6.5920444.5920870	pos	1	1	0	1	1	0	1	1	0	0	1
chr6.5938225.5938375	pos	1	1	1	1	1	0	0	1	0	0	0
chr6.5946788.5947141	pos	0	1	1	1	0	0	1	1	0	1	1
chr6.6395579.6395818	pos	0	1	0	1	0	0	1	1	1	0	0
chr6.6717615.6717713	pos	1	1	1	1	0	0	0	1	0	0	1
chr6.6718001.6718141	pos	0	1	1	1	0	0	0	1	0	0	1
chr6.7258785.7259122	pos	1	1	0	1	1	1	0	1	0	1	0
chr6.7271270.7271465	pos	1	1	0	0	1	1	0	1	0	1	0
chr6.7381681.7381797	pos	1	1	0	0	1	1	0	1	0	0	0
chr6.7449164.7449746	pos	1	1	0	1	1	1	0	1	0	1	1
chr6.7507621.7507744	pos	0	1	0	1	0	0	1	1	0	0	1
chr6.7543071.7543726	pos	0	1	0	1	0	0	1	0	1	0	1
chr6.7544041.7544174	pos	0	0	1	0	0	0	1	0	1	0	0
chr6.7970700.7971743	pos	1	1	1	1	1	1	1	0	0	1	0
chr6.8411065.8411164	pos	0	1	0	1	0	0	0	1	0	0	1
chr6.9109833.9110690	pos	0	1	1	1	1	1	1	1	1	0	1
chr6.9552269.9552408	pos	0	0	1	0	0	0	1	0	1	0	0
chr6.9752765.9752880	pos	0	1	0	1	0	0	1	1	1	0	1
chr6.9753050.9753208	pos	0	1	1	1	1	0	1	1	1	0	1
chr6.10387525.10387759	pos	0	1	1	1	0	0	0	1	0	0	1
chr6.11216251.11216591	pos	1	1	1	1	1	1	0	1	1	0	0
chr6.11354378.11355279	pos	1	1	0	0	1	1	0	1	0	0	1
chr6.11489932.11490118	pos	0	1	1	1	0	1	1	1	0	0	1
chr6.11525952.11526589	pos	1	0	0	0	1	1	0	1	0	0	0
chr6.11833697.11833921	pos	0	1	0	0	0	0	1	0	1	1	0
chr6.13310280.13310544	pos	0	0	0	1	1	0	0	1	0	0	1
chr6.13718317.13718519	pos	0	1	1	1	1	0	1	1	0	0	0
chr6.13861138.13861230	pos	0	1	1	1	0	0	0	1	1	0	0
chr6.13864356.13864437	pos	0	1	0	1	1	0	0	1	0	0	1
chr6.15035794.15036299	pos	1	1	0	1	1	1	1	1	0	0	1
chr6.15481957.15482357	pos	1	1	1	0	1	1	1	0	1	0	1
chr6.15556840.15556995	pos	1	1	0	1	1	1	0	1	0	0	1
chr6.15557599.15558006	pos	1	1	0	1	1	1	0	1	0	0	1
chr6.15912686.15912794	pos	0	0	0	0	0	0	1	0	1	0	0
chr6.16033654.16033791	pos	0	0	0	0	0	0	1	0	1	0	0
chr6.16118456.16118674	pos	0	1	0	1	1	1	1	0	0	0	1
chr6.16708553.16708698	pos	0	1	0	1	0	0	0	0	0	0	1
chr6.16708834.16709392	pos	0	1	0	1	0	1	0	1	0	0	1
chr6.16710679.16710964	pos	0	1	0	1	0	1	1	1	0	0	1
chr6.16832968.16833775	pos	1	1	0	0	1	0	1	1	0	1	0
chr6.16849712.16849866	pos	0	1	0	1	0	0	1	0	1	1	1
chr6.16864000.16864246	pos	0	1	0	1	1	0	0	1	0	0	1
chr6.17098338.17098786	pos	1	1	1	1	1	0	0	1	1	0	0
chr6.17578340.17578692	pos	1	1	1	1	1	0	1	1	1	0	1
chr6.18002111.18002211	pos	0	0	0	1	0	0	0	1	0	0	1
chr6.18425615.18426113	pos	0	1	0	1	0	1	1	1	1	0	1
chr6.18580319.18580607	pos	0	1	0	1	1	0	1	1	0	0	1
chr6.18912904.18913073	pos	1	1	1	1	1	1	0	1	0	0	0
chr6.19327677.19328351	pos	0	1	0	1	0	0	0	0	0	0	1
chr6.20374164.20374526	pos	1	1	1	1	0	0	1	1	0	0	0
chr6.21063139.21063417	pos	0	1	0	0	0	1	1	1	1	0	1
chr6.21193169.21193274	pos	0	1	1	1	1	1	1	1	0	0	1
chr6.21509574.21510700	pos	1	1	0	1	1	1	1	1	1	0	1
chr6.21510937.21511695	pos	1	1	0	1	1	0	0	1	1	0	0
chr6.21511931.21512229	pos	1	1	0	1	1	0	0	1	1	0	0
chr6.21861140.21861296	pos	0	1	0	1	1	0	1	1	0	1	1
chr6.21871465.21871591	pos	0	1	1	1	1	1	0	1	0	0	1
chr6.22067508.22068782	pos	1	1	1	1	1	0	1	1	1	1	0
chr6.22070808.22071266	pos	1	1	0	1	1	0	1	1	0	0	1
chr6.22072955.22073543	pos	0	1	0	1	1	0	1	1	0	0	1
chr6.22094827.22095074	pos	0	1	0	1	1	1	1	1	0	1	1
chr6.22664263.22664607	pos	0	1	0	1	0	0	1	1	1	0	0
chr6.22682035.22682418	pos	1	1	0	1	1	1	1	1	1	0	0
chr6.23014005.23014289	pos	0	0	0	0	1	1	0	0	0	0	1
chr7.1157428.1157609	pos	1	1	0	1	0	0	1	1	0	0	0
chr7.1229830.1230129	pos	0	1	0	1	1	1	1	1	1	0	1
chr7.2586745.2587262	pos	0	0	0	0	1	1	0	0	0	0	1
chr7.2606115.2606282	pos	0	1	1	1	0	1	1	1	0	0	1
chr7.2606947.2607095	pos	0	1	1	1	0	1	1	1	0	0	1
chr7.2743096.2743243	pos	1	1	0	1	1	1	0	1	0	0	1
chr7.3045371.3045522	pos	1	1	0	1	1	1	0	1	0	0	1
chr7.3926429.3926549	pos	0	1	1	1	0	0	1	1	1	1	0
chr7.4389274.4389392	pos	0	1	1	1	0	0	1	1	1	0	1
chr7.4638423.4638663	pos	0	0	1	0	0	0	1	0	1	0	0
chr7.4907953.4908331	pos	0	0	0	1	0	0	0	0	0	0	1
chr7.4989199.4989371	pos	0	0	0	0	0	0	0	0	0	1	0
chr7.5118406.5119766	pos	1	1	0	1	1	1	0	1	0	0	0
chr7.5126167.5126307	pos	1	1	0	1	1	1	1	1	0	0	1
chr7.5161755.5162068	pos	0	1	1	1	1	1	1	1	1	0	1
chr7.5191267.5191378	pos	1	1	0	1	0	0	1	1	1	0	0
chr7.5251391.5251787	pos	1	1	0	1	0	0	1	0	0	0	0
chr7.5836435.5836584	pos	1	1	0	0	1	1	0	0	0	0	0
chr7.5975091.5975256	pos	0	1	0	1	0	1	1	0	0	0	1
chr7.6693226.6693460	pos	1	1	0	1	1	1	1	0	1	0	1
chr7.6712361.6712560	pos	0	0	1	1	0	1	1	0	0	0	1
chr7.6911226.6911356	pos	1	1	0	1	1	0	0	1	0	1	0
chr7.7027097.7027232	pos	1	1	1	1	1	0	0	1	0	1	0
chr7.7232053.7232845	pos	1	1	1	1	1	1	0	1	0	0	1
chr7.7352822.7353028	pos	1	1	0	0	1	0	0	0	0	0	0
chr7.8128649.8129058	pos	0	1	0	0	0	0	1	0	0	1	0
chr7.8187511.8187609	pos	1	1	0	1	0	0	1	1	1	0	0
chr7.8220921.8221099	pos	1	1	1	1	1	0	1	1	1	1	0
chr7.8321432.8321581	pos	0	1	0	1	0	0	1	1	1	1	0
chr7.8612391.8613016	pos	0	1	0	1	1	1	1	1	0	0	0
chr7.9030763.9030828	pos	0	0	0	0	0	0	1	0	1	0	0
chr7.9050836.9051836	pos	1	1	0	0	1	1	1	0	0	1	0
chr7.9068409.9070327	pos	1	1	1	1	1	1	1	1	1	1	0
chr7.9078504.9078754	pos	0	1	1	1	0	1	1	0	1	0	0
chr7.9332253.9332353	pos	0	1	1	1	1	0	0	0	0	0	1
chr7.9488394.9488738	pos	1	1	0	1	1	1	0	1	0	1	0
chr7.9530661.9530752	pos	0	1	1	1	1	1	1	1	0	0	1
chr7.9630924.9631202	pos	1	1	0	1	1	1	0	1	0	0	1
chr7.9767391.9767537	pos	1	1	0	1	1	1	1	1	0	0	1
chr7.9806985.9807195	pos	0	1	0	1	0	0	1	1	0	0	1
chr7.9990373.9990472	pos	0	1	1	0	1	1	1	0	1	0	1
chr7.10225126.10225250	pos	1	1	0	0	1	0	1	0	1	1	0
chr7.10250855.10250960	pos	0	1	0	1	0	0	0	1	1	0	0
chr7.10377869.10378033	pos	0	0	1	1	1	0	0	1	0	0	1
chr7.10378549.10378833	pos	0	0	1	1	1	0	0	1	0	0	1
chr7.10565864.10566046	pos	0	1	0	1	1	1	1	1	1	0	1
chr7.10809817.10810176	pos	1	1	0	1	1	1	1	1	1	0	1
chr7.11192662.11192817	pos	1	1	1	1	1	0	0	1	0	0	0
chr7.11239849.11240072	pos	1	1	0	1	0	0	1	0	0	0	0
chr7.11330329.11330436	pos	0	1	0	1	1	1	1	1	1	0	1
chr7.11342643.11342884	pos	0	1	1	1	0	0	0	1	0	0	1
chr7.12103087.12103446	pos	0	1	0	1	1	1	1	1	0	1	1
chr7.12132701.12133452	pos	1	1	0	1	1	1	1	1	1	1	0
chr7.12133579.12134368	pos	1	1	0	1	1	1	0	1	1	0	0
chr7.12134504.12135367	pos	1	1	0	1	1	1	0	1	1	0	0
chr7.12189742.12189853	pos	0	1	0	0	0	0	1	0	1	0	0
chr7.12369678.12369847	pos	0	1	0	1	1	0	1	0	0	0	1
chr7.12466190.12466308	pos	0	1	1	0	0	0	0	1	0	0	1
chr7.12701319.12702226	pos	0	1	1	1	1	0	0	1	0	0	1
chr7.12810508.12810630	pos	0	1	0	1	0	1	1	1	1	0	1
chr7.12929421.12929546	pos	0	1	1	1	1	1	0	1	0	0	1
chr7.12935813.12936076	pos	1	1	0	0	1	1	0	1	0	0	0
chr7.12936088.12936771	pos	1	1	0	1	1	1	0	1	0	0	0
chr7.13171080.13171306	pos	0	1	0	1	0	0	1	1	1	1	0
chr7.13271248.13273653	pos	0	1	0	1	1	0	1	0	0	0	1
chr7.13273944.13274195	pos	0	0	0	1	0	0	0	0	0	0	1
chr7.13548461.13548775	pos	1	1	0	0	1	1	0	0	0	1	0
chr7.13739463.13740071	pos	0	1	0	1	0	1	0	1	1	0	0
chr7.13944591.13944682	pos	0	1	0	0	0	0	1	0	1	0	0
chr7.14221653.14221773	pos	0	0	0	1	1	0	0	1	0	0	1
chr7.14366771.14366863	pos	0	1	0	1	0	0	1	0	1	0	0
chr7.15170329.15170441	pos	0	1	0	1	1	1	1	1	1	0	1
chr7.15270951.15271242	pos	0	1	1	1	1	1	1	1	1	0	1
chr7.15683498.15683636	pos	0	1	0	1	1	0	1	1	1	0	1
chr7.16043884.16044230	pos	0	1	0	1	0	1	1	0	0	0	1
chr7.16289653.16289867	pos	0	0	0	0	0	0	1	1	1	0	0
chr7.16717751.16717901	pos	0	1	0	1	1	1	0	1	0	0	1
chr7.16748826.16748927	pos	0	1	0	1	1	1	1	1	1	0	1
chr7.16911781.16912034	pos	1	1	0	1	1	1	1	1	0	0	1
chr7.16963105.16963314	pos	0	1	0	1	1	0	1	1	0	0	1
chr7.17602225.17602435	pos	0	1	0	1	1	1	0	1	0	0	1
chr7.17941248.17942168	pos	1	1	1	1	1	1	1	1	0	0	1
chr7.18531211.18531446	pos	1	1	1	1	1	1	0	1	0	0	1
chr7.19009022.19010018	pos	0	1	1	1	1	0	1	1	1	0	1
chr7.19787012.19787163	pos	1	1	0	1	1	0	0	1	1	1	0
chr7.19964490.19964620	pos	1	0	0	0	1	1	0	0	0	0	1
chr7.19967642.19968110	pos	0	0	0	1	1	1	0	1	0	0	1
chr7.20299404.20300914	pos	0	0	0	1	0	0	1	0	0	0	1
chr7.20301057.20301158	pos	0	0	0	1	0	0	0	0	0	0	1
chr7.21055140.21055218	pos	0	1	1	0	0	1	1	0	1	0	0
chr7.21360188.21360667	pos	1	1	1	1	0	1	0	0	1	0	0
chr7.21760519.21760814	pos	0	1	1	1	1	1	1	1	1	0	1
chr7.21932708.21932961	pos	0	0	0	1	1	0	0	0	0	0	1
chr8.615957.616448	pos	0	1	0	1	1	1	0	1	0	0	1
chr8.919764.920604	pos	0	1	0	1	0	0	1	1	0	0	1
chr8.929154.929457	pos	1	1	0	1	1	1	1	1	1	0	1
chr8.946270.946480	pos	0	1	0	1	1	1	1	1	1	0	1
chr8.1241591.1241790	pos	0	1	0	1	1	1	1	1	1	0	1
chr8.1451691.1451827	pos	1	1	1	1	1	0	0	1	0	0	1
chr8.1908595.1908696	pos	0	1	0	1	1	1	0	1	0	0	1
chr8.1918743.1918885	pos	0	1	0	0	0	0	1	0	0	1	0
chr8.2339197.2339366	pos	0	1	1	0	0	0	1	0	1	0	1
chr8.2433661.2434025	pos	1	1	0	1	1	0	1	1	0	1	0
chr8.3182266.3182591	pos	0	1	0	1	0	0	1	0	1	1	1
chr8.3589526.3590294	pos	1	1	0	1	1	1	0	1	0	0	1
chr8.3984801.3984919	pos	0	0	0	0	0	0	1	0	1	0	0
chr8.4250776.4251006	pos	0	1	0	0	0	0	1	0	0	0	0
chr8.4398302.4398502	pos	1	1	1	1	1	1	0	1	0	0	1
chr8.5217943.5218140	pos	0	1	1	1	1	1	0	1	0	0	1
chr8.5906428.5906626	pos	0	1	0	1	1	1	1	1	0	1	1
chr8.6342639.6344080	pos	1	1	1	1	1	1	0	1	0	0	1
chr8.6468706.6468987	pos	1	1	1	1	1	1	0	1	1	0	0
chr8.6579822.6580425	pos	1	1	0	1	1	1	1	1	1	0	1
chr8.6581126.6581331	pos	0	1	1	1	1	1	1	1	1	0	1
chr8.6581720.6583156	pos	0	0	0	1	1	1	1	1	0	0	1
chr8.6787118.6787258	pos	0	1	1	1	1	1	1	1	1	0	1
chr8.7365674.7365865	pos	0	1	0	0	0	0	1	0	1	0	0
chr8.7409144.7410222	pos	0	1	0	1	1	1	0	1	0	0	1
chr8.7426863.7428974	pos	1	1	0	1	1	1	0	1	0	0	1
chr8.7898561.7898697	pos	0	1	1	0	0	0	1	0	1	0	0
chr8.8366069.8368290	pos	0	1	0	1	1	1	1	1	0	0	1
chr8.8450180.8450316	pos	1	1	0	1	1	1	1	1	1	0	0
chr8.8783949.8784340	pos	0	1	1	1	1	1	1	1	1	1	1
chr8.9621216.9621445	pos	0	0	0	1	0	1	1	1	0	0	1
chr8.9820634.9820711	pos	0	1	0	1	0	0	1	0	1	0	1
chr8.9959579.9959689	pos	0	1	1	1	1	0	1	1	1	0	1
chr8.9960228.9960662	pos	0	1	0	1	0	0	1	1	1	0	1
chr8.10689777.10689892	pos	0	1	0	1	1	0	0	1	0	0	1
chr8.10690844.10691090	pos	1	1	0	1	1	0	1	0	1	0	0
chr8.10875007.10875071	pos	0	0	0	0	0	0	1	0	1	0	0
chr8.11703675.11703867	pos	1	1	0	1	1	0	0	1	0	0	1
chr8.11910148.11910347	pos	0	1	1	0	0	0	1	0	0	1	0
chr8.11980741.11980965	pos	0	1	0	0	0	0	1	0	0	1	0
chr8.11998173.11998308	pos	1	1	0	1	1	0	0	1	0	1	0
chr8.12067736.12067842	pos	0	1	0	1	0	0	1	0	0	0	0
chr8.12126360.12127109	pos	0	1	0	1	1	1	1	1	1	0	1
chr8.12610949.12611153	pos	1	1	1	0	1	1	0	1	1	0	0
chr8.12886152.12886278	pos	0	1	0	1	0	0	1	1	0	0	0
chr8.13518417.13518531	pos	0	1	1	0	0	0	1	0	1	0	1
chr8.13664579.13664957	pos	0	1	1	0	0	0	1	0	0	1	0
chr8.14103025.14103123	pos	1	1	0	0	1	1	0	1	0	1	0
chr8.14894685.14894800	pos	0	1	0	1	1	0	1	1	1	1	1
chr8.14944350.14944768	pos	1	1	0	1	1	1	1	1	0	1	0
chr8.14975249.14975543	pos	0	1	0	1	0	0	1	1	0	0	1
chr8.15014689.15014762	pos	0	1	1	1	1	1	1	1	1	0	1
chr8.15034179.15034283	pos	1	0	0	1	1	1	0	1	0	0	1
chr8.15750929.15751089	pos	0	1	0	1	1	1	1	1	0	0	1
chr8.15899872.15899984	pos	0	1	0	1	1	0	1	1	1	0	1
chr8.16400050.16400162	pos	0	0	0	1	1	0	0	0	0	0	1
chr8.16459337.16459539	pos	0	0	1	0	0	0	1	0	1	0	0
chr8.16643468.16643987	pos	0	0	0	1	1	1	0	1	0	0	1
chr8.17939585.17939735	pos	0	1	1	1	1	1	1	1	0	1	1
chr8.18102580.18102810	pos	1	1	0	1	1	1	0	1	0	0	0
chr8.18434914.18435023	pos	0	1	0	1	1	0	0	1	0	0	1
chr8.18561357.18561489	pos	0	1	0	0	0	1	1	0	0	0	0
chr8.18807125.18807430	pos	0	1	0	1	1	1	1	1	1	1	1
chr8.18824718.18824967	pos	0	0	0	0	0	0	1	0	0	0	0
chr8.18825092.18825190	pos	0	0	0	0	0	0	1	0	0	0	0
chr8.18851419.18851614	pos	1	1	0	1	0	0	1	1	0	0	0
chr8.19149638.19150037	pos	0	0	0	1	0	0	1	0	0	0	0
chr8.19304478.19304620	pos	0	1	0	0	0	0	0	1	0	0	0
chr8.19751919.19752044	pos	0	1	0	0	0	0	1	0	0	0	0
chr8.19874894.19876024	pos	0	0	0	1	1	0	1	0	0	0	1
chr8.21123663.21123858	pos	0	1	0	1	1	0	1	0	1	0	0
unplaced-scaffold_078.13918.14048	pos	0	1	1	1	1	1	1	1	1	1	1
unplaced-scaffold_078.44598.44812	pos	1	1	1	1	1	1	0	1	0	1	1
chr1.19000.19500	neg	0	0	0	0	0	0	0	0	0	0	0
chr1.456500.457000	neg	0	1	0	1	1	1	1	0	1	0	1
chr1.1512000.1512500	neg	0	0	1	1	0	0	1	0	1	0	0
chr1.2147500.2148000	neg	0	0	1	1	0	0	0	1	0	0	1
chr1.2222000.2222500	neg	0	1	1	1	1	0	1	1	1	0	1
chr1.2328500.2329000	neg	0	0	0	0	0	0	1	0	1	0	0
chr1.2380000.2380500	neg	0	0	0	0	0	0	1	0	1	0	0
chr1.2389500.2390000	neg	0	0	0	0	0	1	1	0	0	0	0
chr1.2470500.2471000	neg	0	0	1	0	0	0	1	0	1	0	1
chr1.2545500.2546000	neg	0	1	1	0	0	0	1	0	1	0	0
chr1.2606000.2606500	neg	0	0	0	1	1	0	0	1	0	0	1
chr1.2841500.2842000	neg	0	1	0	1	1	1	1	1	1	1	1
chr1.3778000.3778500	neg	0	1	0	1	0	0	0	1	0	0	1
chr1.3845500.3846000	neg	0	1	0	1	1	0	1	1	1	0	1
chr1.3942500.3943000	neg	0	0	1	1	0	0	1	1	1	0	0
chr1.3975000.3975500	neg	1	1	0	0	0	0	1	0	1	0	0
chr1.4179500.4180000	neg	0	0	0	0	0	0	1	0	1	0	0
chr1.4914000.4914500	neg	0	1	0	1	0	1	1	0	1	0	1
chr1.5042500.5043000	neg	1	1	0	1	1	1	1	1	1	0	0
chr1.5617500.5618000	neg	0	0	1	0	0	0	1	0	1	0	0
chr1.5783000.5783500	neg	0	0	1	1	0	0	1	0	1	0	1
chr1.5953500.5954000	neg	0	0	1	0	0	0	1	0	1	0	0
chr1.6071500.6072000	neg	0	0	1	1	0	0	1	0	1	0	0
chr1.6330000.6330500	neg	1	1	0	1	1	1	0	1	0	1	0
chr1.6447500.6448000	neg	0	1	0	1	1	1	1	1	1	0	1
chr1.6810000.6810500	neg	0	1	0	1	1	0	1	1	1	0	1
chr1.6827000.6827500	neg	0	0	0	0	0	1	1	0	1	0	1
chr1.6998500.6999000	neg	0	1	1	1	1	1	1	1	0	0	1
chr1.7125500.7126000	neg	1	1	0	1	1	1	1	1	0	0	1
chr1.7158000.7158500	neg	1	1	0	1	1	1	0	1	1	0	0
chr1.7775000.7775500	neg	0	1	0	1	1	1	1	1	1	0	1
chr1.7803500.7804000	neg	0	0	0	0	0	0	1	0	1	0	0
chr1.7862500.7863000	neg	0	0	0	0	0	0	1	0	1	1	0
chr1.8192500.8193000	neg	1	0	0	0	0	0	0	0	0	0	0
chr1.8980500.8981000	neg	0	0	0	0	0	0	1	0	1	0	0
chr1.9106500.9107000	neg	0	1	0	1	0	0	1	0	1	0	0
chr1.9195000.9195500	neg	0	0	0	0	0	0	1	0	1	0	0
chr1.9464000.9464500	neg	0	0	0	0	0	0	1	0	1	0	0
chr1.9754000.9754500	neg	0	1	0	0	0	1	1	1	0	0	0
chr1.9876000.9876500	neg	1	1	0	1	1	1	1	1	1	0	1
chr1.10020000.10020500	neg	0	0	1	0	0	0	1	1	1	0	0
chr1.10847500.10848000	neg	0	1	1	1	1	1	1	1	1	0	1
chr1.11265000.11265500	neg	0	1	0	0	0	1	1	1	1	0	0
chr1.11282000.11282500	neg	0	1	0	1	1	1	1	0	1	0	1
chr1.12618500.12619000	neg	1	1	0	0	1	1	0	0	1	1	0
chr1.12644000.12644500	neg	0	1	0	1	1	1	1	1	1	0	1
chr1.12652000.12652500	neg	0	1	0	1	1	1	1	1	1	0	1
chr1.12952000.12952500	neg	0	1	1	1	1	1	1	1	1	0	1
chr1.13182500.13183000	neg	0	1	1	1	1	0	1	0	0	0	1
chr1.13316000.13316500	neg	0	1	0	1	1	1	1	1	1	0	0
chr1.13407000.13407500	neg	0	0	0	0	0	0	1	0	1	0	0
chr1.13549000.13549500	neg	0	0	1	0	0	0	1	0	1	0	0
chr1.14574000.14574500	neg	0	1	0	0	1	0	1	1	1	0	1
chr1.15077500.15078000	neg	0	0	0	0	0	0	1	0	1	0	0
chr1.15246500.15247000	neg	0	1	0	0	1	1	1	1	1	0	1
chr1.15298000.15298500	neg	1	1	0	1	1	0	0	1	1	0	0
chr1.15330000.15330500	neg	0	1	0	0	0	0	1	0	1	0	0
chr1.16156000.16156500	neg	1	1	0	0	1	0	0	0	0	1	0
chr1.16615500.16616000	neg	1	1	1	1	1	1	0	1	0	1	1
chr1.16754500.16755000	neg	0	0	0	0	0	0	1	0	1	0	0
chr1.16771500.16772000	neg	0	1	1	1	1	1	1	1	1	0	1
chr1.17937500.17938000	neg	0	0	0	0	0	0	1	0	1	0	0
chr1.18100000.18100500	neg	0	1	0	1	1	1	1	1	0	0	1
chr1.18101000.18101500	neg	0	1	0	1	1	1	0	1	0	0	1
chr1.18300500.18301000	neg	0	0	0	0	1	0	0	0	0	0	0
chr1.18301500.18302000	neg	0	0	0	0	0	1	1	0	1	0	0
chr1.18481500.18482000	neg	0	1	0	1	0	0	1	0	1	0	1
chr1.18933500.18934000	neg	0	0	1	0	0	0	1	0	1	0	0
chr1.19035000.19035500	neg	0	0	0	0	0	0	1	0	1	0	0
chr1.19964000.19964500	neg	0	0	0	0	0	0	1	0	1	0	0
chr1.20219000.20219500	neg	0	1	1	1	1	1	1	1	1	0	1
chr1.21050000.21050500	neg	1	1	0	1	1	1	0	1	0	0	1
chr1.21348000.21348500	neg	1	1	0	1	1	1	1	1	1	0	1
chr1.21512500.21513000	neg	0	1	1	1	1	1	1	0	1	0	1
chr1.21600500.21601000	neg	0	1	0	0	0	0	1	0	1	0	0
chr1.21863500.21864000	neg	0	1	0	1	1	1	1	1	0	0	1
chr1.21887000.21887500	neg	0	0	0	0	0	0	1	0	1	0	0
chr1.21966000.21966500	neg	0	1	1	1	1	1	1	1	1	0	1
chr1.22038500.22039000	neg	0	1	0	1	1	1	1	1	1	0	1
chr1.22600500.22601000	neg	0	0	1	1	1	1	1	1	1	0	1
chr1.23123500.23124000	neg	0	1	1	0	0	1	1	0	1	0	1
chr1.23251000.23251500	neg	0	1	1	1	0	1	1	0	1	0	1
chr1.23385500.23386000	neg	0	1	1	0	0	1	1	0	1	0	0
chr1.23396000.23396500	neg	0	1	1	1	1	1	0	1	0	0	1
chr1.23502000.23502500	neg	1	1	1	0	1	0	1	0	0	1	0
chr1.23785000.23785500	neg	0	1	0	0	1	0	1	0	1	0	1
chr1.24094500.24095000	neg	0	1	1	0	1	1	1	1	1	0	0
chr1.24700000.24700500	neg	0	0	0	0	0	0	1	0	1	0	0
chr1.24923000.24923500	neg	0	0	1	0	0	0	1	0	1	0	0
chr1.24960500.24961000	neg	1	1	0	0	1	1	0	1	0	0	0
chr1.25088500.25089000	neg	0	1	1	0	1	1	1	0	0	0	0
chr1.25114000.25114500	neg	1	1	0	1	1	0	0	1	0	1	0
chr1.25718000.25718500	neg	1	1	0	1	1	0	0	1	1	0	0
chr1.25907000.25907500	neg	0	0	0	0	0	0	1	0	1	0	0
chr1.26016000.26016500	neg	0	1	1	1	0	0	1	1	1	0	1
chr1.26266500.26267000	neg	0	1	0	0	0	0	1	0	1	0	1
chr1.26283000.26283500	neg	0	0	1	1	1	1	1	0	1	0	0
chr1.26577500.26578000	neg	1	1	0	1	1	1	1	1	1	0	1
chr1.26860500.26861000	neg	1	1	0	1	1	0	0	1	0	0	0
chr1.26947000.26947500	neg	0	1	1	0	0	0	1	0	1	0	1
chr1.27228000.27228500	neg	0	0	0	0	0	0	1	0	1	0	0
chr1.27385000.27385500	neg	0	1	0	1	1	0	1	0	1	0	1
chr1.27418000.27418500	neg	0	0	0	0	0	0	1	0	1	0	0
chr1.27542500.27543000	neg	1	1	1	0	1	1	1	1	1	0	0
chr1.27786500.27787000	neg	0	1	0	1	1	1	1	1	1	0	1
chr1.28252000.28252500	neg	1	1	1	1	1	1	1	0	0	0	0
chr1.28290000.28290500	neg	1	1	0	1	1	1	0	1	0	0	0
chr1.28319000.28319500	neg	0	1	0	0	1	1	1	0	0	1	1
chr1.28693500.28694000	neg	0	1	1	1	1	1	1	1	0	0	1
chr1.28933000.28933500	neg	1	1	0	1	1	0	0	1	0	1	0
chr1.29025500.29026000	neg	0	1	0	0	1	1	0	0	0	0	0
chr1.29043000.29043500	neg	1	1	1	0	1	1	0	1	0	0	1
chr1.29121500.29122000	neg	0	1	0	1	1	1	1	1	0	0	1
chr1.29277500.29278000	neg	1	0	0	0	0	0	0	0	0	0	0
chr1.29297500.29298000	neg	0	1	0	1	1	0	1	1	0	1	0
chr1.29326500.29327000	neg	0	1	0	0	1	0	1	0	1	1	0
chr1.29900500.29901000	neg	1	1	0	1	1	1	0	1	1	0	0
chr1.30556500.30557000	neg	1	1	0	0	1	0	1	0	1	1	0
chr2.40500.41000	neg	0	0	0	1	0	0	0	0	1	0	1
chr2.715000.715500	neg	0	1	0	1	1	1	1	1	0	1	0
chr2.1040000.1040500	neg	0	1	0	1	1	1	1	1	1	0	1
chr2.1059500.1060000	neg	0	0	0	0	0	0	1	0	0	0	0
chr2.1524500.1525000	neg	1	1	0	1	1	0	0	0	0	1	0
chr2.1775500.1776000	neg	0	0	0	0	0	0	0	0	0	0	0
chr2.1896500.1897000	neg	1	1	0	1	1	0	1	0	0	1	0
chr2.2025500.2026000	neg	0	1	0	1	1	1	1	1	0	1	0
chr2.2036000.2036500	neg	1	1	1	0	1	1	1	0	0	1	0
chr2.2078500.2079000	neg	0	1	1	0	1	1	1	1	0	1	1
chr2.2138500.2139000	neg	1	1	0	1	1	1	0	1	0	1	0
chr2.2281000.2281500	neg	1	1	0	1	1	0	0	1	0	1	0
chr2.2546500.2547000	neg	1	1	1	1	1	0	0	1	0	1	0
chr2.3248500.3249000	neg	0	1	1	1	1	1	1	1	1	0	1
chr2.3785000.3785500	neg	1	1	0	1	1	0	0	1	0	1	0
chr2.4173000.4173500	neg	0	1	0	1	0	1	1	0	1	0	0
chr2.4404000.4404500	neg	0	0	0	0	0	0	1	0	1	0	0
chr2.5995500.5996000	neg	0	1	1	1	0	1	1	1	1	1	0
chr2.6621500.6622000	neg	0	1	0	1	0	1	1	0	0	1	0
chr2.6750500.6751000	neg	1	1	1	0	0	0	1	1	0	1	0
chr2.7017000.7017500	neg	1	1	0	1	1	1	1	1	1	0	1
chr2.7081500.7082000	neg	0	1	0	1	0	0	1	0	1	0	1
chr2.7089000.7089500	neg	1	1	0	1	1	1	0	1	1	1	0
chr2.7098500.7099000	neg	0	0	0	0	0	0	1	0	0	1	0
chr2.7230000.7230500	neg	0	1	0	1	1	0	1	1	0	0	1
chr2.7244000.7244500	neg	1	1	1	1	1	1	1	1	0	0	1
chr2.7482000.7482500	neg	1	1	0	0	1	1	1	0	0	1	0
chr2.7946500.7947000	neg	0	1	1	1	0	0	1	0	1	0	1
chr2.8993500.8994000	neg	0	0	0	0	0	0	1	0	1	0	0
chr2.9811000.9811500	neg	0	1	1	0	1	1	1	1	1	0	1
chr2.10597000.10597500	neg	0	1	0	1	1	1	1	1	1	1	0
chr2.10630500.10631000	neg	0	1	0	1	1	0	1	0	0	1	0
chr2.11026000.11026500	neg	0	1	1	0	0	0	1	0	0	0	0
chr2.11117500.11118000	neg	0	1	0	1	1	1	1	1	1	0	1
chr2.11138000.11138500	neg	1	1	0	1	1	1	1	1	1	0	0
chr2.11439500.11440000	neg	1	1	0	1	1	0	0	1	0	0	1
chr2.11628000.11628500	neg	0	1	0	1	1	0	0	1	0	1	0
chr2.11692000.11692500	neg	1	1	0	1	1	0	0	0	0	1	0
chr2.11856000.11856500	neg	0	1	0	1	1	1	1	1	1	0	1
chr2.12072000.12072500	neg	1	1	1	1	1	1	0	1	0	0	0
chr2.12384500.12385000	neg	0	1	1	0	0	0	1	0	1	1	0
chr2.12436500.12437000	neg	0	0	0	0	0	0	0	0	0	1	0
chr2.12669500.12670000	neg	0	1	0	0	0	1	1	0	1	0	0
chr2.12756000.12756500	neg	1	1	0	1	1	0	1	0	0	1	0
chr2.12766500.12767000	neg	1	1	0	1	1	0	0	1	0	1	0
chr2.12949000.12949500	neg	0	1	1	1	1	1	1	0	1	0	1
chr2.13453500.13454000	neg	1	1	0	1	1	1	0	1	0	1	0
chr2.13556500.13557000	neg	0	1	0	1	1	0	1	1	1	0	1
chr2.13987500.13988000	neg	0	1	0	0	0	0	1	0	1	0	0
chr2.14832500.14833000	neg	1	1	0	1	1	1	1	1	1	0	1
chr2.14833000.14833500	neg	1	1	0	1	1	1	1	1	0	0	1
chr2.14959000.14959500	neg	0	1	1	1	1	1	1	1	1	0	1
chr2.15036500.15037000	neg	0	1	0	1	1	1	1	0	1	0	0
chr2.15187000.15187500	neg	0	1	0	1	1	1	1	1	1	0	1
chr2.15922500.15923000	neg	1	1	1	1	1	1	1	1	1	0	1
chr2.16045500.16046000	neg	0	0	0	0	0	0	1	0	1	0	0
chr2.16083000.16083500	neg	0	1	1	0	0	0	1	0	1	0	0
chr2.16769000.16769500	neg	0	1	1	1	1	1	1	1	1	0	1
chr2.16837000.16837500	neg	0	0	0	0	0	0	0	0	0	0	0
chr2.16916500.16917000	neg	0	0	0	0	0	0	0	0	0	1	0
chr2.17266500.17267000	neg	1	1	0	1	1	1	1	1	0	0	1
chr2.17384000.17384500	neg	1	1	1	1	1	1	0	1	0	0	1
chr2.17886000.17886500	neg	0	1	1	1	1	0	1	0	1	0	1
chr2.18254000.18254500	neg	0	1	1	0	0	0	1	1	0	0	0
chr2.18588500.18589000	neg	1	1	0	1	1	1	0	1	0	0	0
chr2.19073500.19074000	neg	0	1	1	1	0	1	1	1	0	0	0
chr2.19623000.19623500	neg	0	1	0	1	1	1	1	1	1	0	1
chr2.19693000.19693500	neg	0	1	0	0	1	0	1	0	1	0	1
chr2.19763000.19763500	neg	0	1	0	1	1	1	1	1	0	0	1
chr2.20017000.20017500	neg	1	1	0	1	1	0	0	0	0	1	0
chr2.20163500.20164000	neg	0	1	1	0	1	0	1	0	1	1	0
chr2.20705500.20706000	neg	0	0	0	0	0	0	0	0	0	0	0
chr2.20848000.20848500	neg	1	1	0	1	1	0	0	0	0	1	0
chr2.20895000.20895500	neg	1	1	0	1	1	0	0	0	0	1	0
chr2.20967500.20968000	neg	0	0	0	0	0	0	1	0	1	1	0
chr2.21028500.21029000	neg	0	1	1	1	1	1	1	1	1	1	1
chr2.21034000.21034500	neg	0	1	1	0	1	1	1	0	1	0	1
chr2.21261000.21261500	neg	0	1	0	1	0	1	1	0	1	1	0
chr2.21372000.21372500	neg	0	1	0	1	1	1	1	1	0	0	1
chr2.21456500.21457000	neg	0	0	0	0	0	0	1	0	0	1	0
chr2.21616000.21616500	neg	0	1	0	0	0	0	1	0	1	0	0
chr2.21759500.21760000	neg	1	1	1	1	1	1	0	1	1	0	0
chr2.21815000.21815500	neg	0	0	0	0	0	0	1	0	1	0	0
chr2.22169000.22169500	neg	0	0	1	0	0	0	1	0	1	1	0
chr2.22498500.22499000	neg	0	0	0	0	0	0	1	0	0	1	0
chr2.22583000.22583500	neg	1	1	0	1	1	1	1	1	0	1	0
chr2.23219000.23219500	neg	1	1	1	1	1	1	0	1	0	1	0
chr2.23220000.23220500	neg	1	1	1	1	1	1	0	1	1	1	0
chr2.23308000.23308500	neg	0	0	0	0	0	0	1	0	1	0	0
chr2.23700000.23700500	neg	1	1	0	1	1	0	1	1	1	1	0
chr2.23714500.23715000	neg	0	1	0	1	1	0	1	1	1	0	0
chr2.23824500.23825000	neg	1	1	0	1	1	1	0	1	0	1	0
chr2.24667000.24667500	neg	1	1	1	1	1	0	0	1	1	0	0
chr2.24668000.24668500	neg	1	1	1	1	1	0	0	1	1	0	0
chr2.24790000.24790500	neg	1	1	1	1	1	1	1	1	1	1	1
chr2.24811500.24812000	neg	1	1	0	1	1	0	1	1	1	0	0
chr2.24938500.24939000	neg	0	1	0	1	0	1	1	0	1	1	0
chr2.25054000.25054500	neg	0	1	0	1	1	0	1	1	0	1	0
chr2.25241500.25242000	neg	1	1	0	1	1	0	0	1	1	0	0
chr2.25352000.25352500	neg	1	1	0	1	1	0	0	1	0	1	0
chr2.25850000.25850500	neg	0	1	0	0	1	1	1	1	0	0	0
chr2.25903000.25903500	neg	1	1	0	1	1	0	0	1	0	1	0
chr2.26124000.26124500	neg	1	1	1	1	1	1	0	1	0	0	0
chr2.26210500.26211000	neg	0	0	0	1	1	0	1	1	0	0	1
chr2.26824000.26824500	neg	1	1	0	1	1	0	1	1	0	1	0
chr2.27087500.27088000	neg	0	1	0	1	1	1	1	1	1	1	1
chr2.27227500.27228000	neg	0	0	0	0	0	0	0	0	0	0	0
chr2.27426500.27427000	neg	0	0	0	0	0	0	0	0	0	1	0
chr2.27434000.27434500	neg	0	1	0	1	1	0	1	1	0	1	0
chr2.27645000.27645500	neg	0	1	1	1	1	1	1	1	0	0	1
chr2.27875000.27875500	neg	1	1	0	1	1	0	1	1	0	1	0
chr2.28234500.28235000	neg	0	1	1	1	0	0	1	0	1	0	0
chr2.28299500.28300000	neg	1	1	0	1	1	0	1	1	0	1	0
chr2.28451500.28452000	neg	0	1	0	1	0	1	1	1	1	0	1
chr2.28992500.28993000	neg	1	1	0	1	1	1	1	1	0	1	0
chr2.29508000.29508500	neg	0	0	1	0	0	0	1	0	1	0	0
chr2.29596500.29597000	neg	0	0	0	1	0	0	1	1	1	0	0
chr3.491500.492000	neg	0	1	1	1	1	1	1	1	1	0	1
chr3.783500.784000	neg	1	1	1	1	1	1	1	1	0	0	1
chr3.1408500.1409000	neg	0	1	1	0	1	1	1	1	0	0	1
chr3.1607500.1608000	neg	0	0	0	0	1	1	0	0	0	0	1
chr3.1791500.1792000	neg	1	1	0	0	1	1	0	1	0	0	1
chr3.1814000.1814500	neg	0	0	0	0	0	0	0	0	0	0	0
chr3.1862000.1862500	neg	0	1	0	1	1	1	1	1	1	0	1
chr3.1874000.1874500	neg	1	1	0	1	1	1	0	1	0	1	0
chr3.2739500.2740000	neg	0	0	0	1	1	1	0	1	0	0	1
chr3.2941000.2941500	neg	1	1	1	1	1	0	1	1	1	1	0
chr3.3091500.3092000	neg	0	0	0	0	0	0	0	0	0	0	0
chr3.3187000.3187500	neg	1	1	0	1	1	0	0	1	0	1	0
chr3.3626000.3626500	neg	0	1	1	0	0	0	1	0	1	0	0
chr3.3760000.3760500	neg	0	1	0	1	0	1	1	0	1	0	0
chr3.3814000.3814500	neg	0	1	0	1	1	1	1	1	1	0	1
chr3.4007000.4007500	neg	0	1	0	0	1	0	1	1	1	0	1
chr3.4061500.4062000	neg	0	1	1	1	1	1	1	1	1	1	1
chr3.4906000.4906500	neg	1	1	0	1	1	1	0	1	0	1	0
chr3.5194000.5194500	neg	0	1	0	1	1	1	1	1	1	1	1
chr3.5509000.5509500	neg	0	0	0	0	0	1	1	0	1	0	0
chr3.5753500.5754000	neg	0	1	1	1	1	0	1	1	1	0	1
chr3.5759000.5759500	neg	0	1	0	0	1	1	1	0	1	0	1
chr3.5915500.5916000	neg	0	1	0	0	0	1	1	1	0	0	1
chr3.6055000.6055500	neg	0	1	0	0	1	1	1	1	0	0	1
chr3.6089000.6089500	neg	0	0	1	0	0	0	1	0	1	0	0
chr3.6252500.6253000	neg	1	1	1	1	1	1	1	1	1	0	0
chr3.6368000.6368500	neg	1	1	0	1	1	1	0	1	0	0	1
chr3.6597000.6597500	neg	0	1	0	1	0	0	1	0	0	0	0
chr3.6623000.6623500	neg	1	1	0	1	1	0	1	1	0	1	0
chr3.6808000.6808500	neg	0	1	1	1	1	1	1	1	1	0	0
chr3.6864000.6864500	neg	0	0	0	0	0	0	1	0	1	0	0
chr3.6951500.6952000	neg	0	1	1	0	0	1	1	0	1	0	0
chr3.7158000.7158500	neg	1	1	0	0	1	0	0	1	0	0	0
chr3.7417500.7418000	neg	1	1	0	1	1	0	0	1	1	0	0
chr3.7530500.7531000	neg	0	1	0	1	1	1	1	0	1	0	1
chr3.8047000.8047500	neg	0	0	1	0	0	0	1	0	1	0	0
chr3.8241500.8242000	neg	1	1	0	1	1	1	1	1	1	1	1
chr3.8864000.8864500	neg	1	0	0	0	1	1	0	0	0	0	1
chr3.8901000.8901500	neg	0	1	0	0	0	0	1	0	1	0	0
chr3.9172000.9172500	neg	1	1	1	1	1	0	1	1	1	1	1
chr3.9520500.9521000	neg	0	0	0	0	0	0	0	0	0	1	0
chr3.9636500.9637000	neg	1	1	1	1	1	0	0	1	1	0	0
chr3.10381500.10382000	neg	1	1	0	1	1	0	0	0	0	1	0
chr3.10568000.10568500	neg	0	0	0	0	0	0	1	0	1	0	0
chr3.10650500.10651000	neg	0	1	1	1	1	0	1	1	1	1	0
chr3.11024500.11025000	neg	0	0	0	0	0	0	0	0	0	0	1
chr3.11815000.11815500	neg	1	1	0	0	1	1	0	1	0	1	0
chr3.11882500.11883000	neg	0	1	1	1	0	0	1	0	1	0	0
chr3.12021000.12021500	neg	0	1	0	0	1	0	1	0	0	1	0
chr3.12169500.12170000	neg	1	1	1	1	1	0	1	0	0	1	0
chr3.12202500.12203000	neg	1	1	1	1	1	0	1	1	0	1	0
chr3.12571500.12572000	neg	0	0	0	0	0	0	1	0	1	0	0
chr3.12878500.12879000	neg	0	1	0	1	1	0	1	1	0	0	1
chr3.12890000.12890500	neg	1	1	0	0	1	0	0	0	0	1	0
chr3.12942000.12942500	neg	0	1	0	0	1	1	0	1	0	0	1
chr3.13262500.13263000	neg	0	0	0	0	0	0	0	0	0	0	0
chr3.13747000.13747500	neg	0	1	0	1	0	0	1	0	1	0	0
chr3.13930000.13930500	neg	0	1	0	0	1	1	0	0	0	0	0
chr3.14119000.14119500	neg	1	1	0	1	1	0	0	1	0	1	0
chr3.14300500.14301000	neg	0	1	1	1	0	1	1	1	1	0	1
chr3.14311500.14312000	neg	0	1	1	1	1	0	1	1	1	0	0
chr3.14353000.14353500	neg	0	0	1	0	0	0	1	0	1	0	0
chr3.14500500.14501000	neg	1	1	1	1	1	1	1	1	1	1	0
chr3.14831500.14832000	neg	1	1	0	1	1	1	0	1	0	0	0
chr3.15323000.15323500	neg	0	1	0	1	1	1	1	0	0	0	1
chr3.15816500.15817000	neg	0	1	0	0	1	1	1	1	1	0	1
chr3.16008000.16008500	neg	0	0	1	0	0	0	1	0	1	0	1
chr3.16754500.16755000	neg	0	1	0	1	1	0	1	1	1	0	0
chr3.16881000.16881500	neg	1	1	1	1	1	0	1	0	0	0	0
chr3.16970500.16971000	neg	1	1	0	0	1	0	1	0	1	0	0
chr3.17278000.17278500	neg	0	1	1	0	0	1	1	0	0	0	1
chr3.17776500.17777000	neg	0	1	1	1	1	0	1	0	1	0	1
chr3.18129000.18129500	neg	0	0	0	0	0	0	1	0	1	0	0
chr3.19075500.19076000	neg	0	1	1	1	1	0	1	1	1	0	0
chr3.20201000.20201500	neg	0	0	1	0	0	1	1	0	1	0	0
chr3.20207000.20207500	neg	1	1	0	0	1	1	1	1	1	0	0
chr3.20571000.20571500	neg	0	1	0	1	0	0	1	1	1	0	1
chr3.20640500.20641000	neg	1	1	0	1	1	0	0	1	1	0	0
chr3.20760500.20761000	neg	0	0	0	0	0	0	1	0	1	0	0
chr3.22399000.22399500	neg	0	1	0	0	0	0	1	0	1	1	0
chr3.23471500.23472000	neg	1	1	0	1	1	0	0	1	1	0	0
chr3.23532000.23532500	neg	1	1	0	1	1	1	1	1	1	0	0
chr3.23628000.23628500	neg	0	1	1	1	1	1	1	1	1	0	1
chr3.24090000.24090500	neg	1	1	1	1	1	0	1	1	0	0	0
chr3.24134500.24135000	neg	0	1	0	1	1	1	1	1	1	0	1
chr3.24145000.24145500	neg	1	1	0	1	1	1	0	1	0	0	1
chr3.24178500.24179000	neg	1	1	1	0	1	0	1	1	1	0	0
chr3.24495500.24496000	neg	0	1	0	0	1	1	1	1	1	1	1
chr3.25055500.25056000	neg	0	0	0	1	1	1	0	1	0	0	1
chr3.25364000.25364500	neg	0	1	1	1	1	1	1	1	1	0	1
chr3.25375000.25375500	neg	0	1	1	0	1	1	1	1	1	0	1
chr3.25630500.25631000	neg	1	1	0	1	1	0	0	0	0	1	0
chr3.25803500.25804000	neg	0	0	0	0	0	0	1	0	1	1	0
chr3.26117500.26118000	neg	1	1	0	1	1	0	0	0	0	1	0
chr3.26167500.26168000	neg	0	1	0	0	0	0	1	1	1	0	0
chr3.26185500.26186000	neg	0	1	0	0	0	0	1	0	1	0	0
chr3.26749500.26750000	neg	0	1	1	0	1	1	1	1	0	0	0
chr3.27052000.27052500	neg	0	0	0	0	0	0	1	0	1	0	0
chr4.17000.17500	neg	0	0	0	0	0	0	0	0	1	0	0
chr4.21000.21500	neg	0	0	1	0	0	0	1	0	1	0	0
chr4.611000.611500	neg	0	0	0	0	0	0	1	0	1	0	0
chr4.977000.977500	neg	1	1	0	1	1	1	0	1	0	1	0
chr4.1113500.1114000	neg	0	1	0	1	1	1	1	1	0	0	1
chr4.1128000.1128500	neg	1	1	0	1	1	0	1	0	1	0	0
chr4.1482000.1482500	neg	0	1	0	0	1	1	1	1	0	1	0
chr4.1562500.1563000	neg	1	1	0	1	1	0	1	0	0	1	0
chr4.2058500.2059000	neg	0	1	0	1	1	1	1	1	1	0	1
chr4.2100000.2100500	neg	0	0	1	0	0	0	1	0	0	1	0
chr4.2692500.2693000	neg	1	1	1	1	1	0	0	1	1	1	0
chr4.2975500.2976000	neg	0	1	0	0	0	0	1	0	1	0	0
chr4.3145500.3146000	neg	1	1	0	1	1	1	1	1	0	0	1
chr4.3275500.3276000	neg	0	0	0	0	0	0	0	0	0	0	0
chr4.3587500.3588000	neg	0	0	1	0	0	0	1	0	1	1	0
chr4.4146500.4147000	neg	0	0	1	0	0	0	1	0	1	1	0
chr4.4253000.4253500	neg	0	0	0	0	0	0	1	0	1	1	0
chr4.4770000.4770500	neg	1	1	0	1	1	0	0	1	0	1	0
chr4.5090500.5091000	neg	0	1	1	1	1	1	1	1	1	0	1
chr4.5248500.5249000	neg	0	1	0	1	1	0	1	1	1	1	0
chr4.5301000.5301500	neg	1	1	0	1	1	0	0	1	0	1	0
chr4.5498000.5498500	neg	0	0	1	0	0	0	1	0	1	0	0
chr4.5522000.5522500	neg	0	1	1	1	1	1	1	1	1	1	1
chr4.5690500.5691000	neg	1	1	0	1	1	0	1	1	1	1	0
chr4.5837500.5838000	neg	0	1	1	1	0	1	1	0	1	0	1
chr4.5937500.5938000	neg	1	1	1	1	1	0	0	1	1	0	0
chr4.6360500.6361000	neg	0	0	1	0	0	0	1	0	1	0	0
chr4.6599500.6600000	neg	0	1	0	1	1	0	1	1	1	1	0
chr4.6656500.6657000	neg	1	1	1	1	1	0	1	1	0	1	0
chr4.7038000.7038500	neg	0	1	0	0	1	1	1	1	0	0	1
chr4.7109000.7109500	neg	0	0	0	1	0	1	1	0	1	0	0
chr4.7672500.7673000	neg	0	1	0	1	1	0	1	1	0	0	1
chr4.7738000.7738500	neg	1	1	1	1	1	1	0	1	0	0	1
chr4.7844000.7844500	neg	0	0	0	0	0	0	1	0	1	0	0
chr4.7940000.7940500	neg	0	1	0	0	0	1	1	0	0	0	0
chr4.8217000.8217500	neg	0	1	0	0	0	1	1	0	0	0	0
chr4.8375000.8375500	neg	1	1	0	1	1	0	0	1	0	0	0
chr4.9301500.9302000	neg	1	1	0	1	1	0	1	1	1	1	1
chr4.9581500.9582000	neg	0	1	0	1	1	1	1	1	1	0	1
chr4.9973500.9974000	neg	1	1	1	1	1	1	0	1	0	0	1
chr4.11121500.11122000	neg	0	1	1	1	0	1	1	1	1	0	0
chr4.11185500.11186000	neg	1	1	1	1	1	0	0	1	0	1	1
chr4.11523000.11523500	neg	1	1	1	1	1	1	0	1	0	1	0
chr4.11855500.11856000	neg	0	1	0	1	1	1	1	0	0	0	1
chr4.12300000.12300500	neg	1	1	0	1	1	1	0	1	1	0	0
chr4.12421500.12422000	neg	0	0	1	0	0	0	1	0	1	0	0
chr4.12477500.12478000	neg	1	1	0	1	1	1	1	0	0	0	0
chr4.12883500.12884000	neg	0	1	0	1	0	0	1	1	1	0	1
chr4.13210000.13210500	neg	1	1	0	1	1	0	1	1	1	1	1
chr4.13303500.13304000	neg	0	1	1	1	1	1	1	1	1	0	1
chr4.13356000.13356500	neg	1	1	0	0	1	1	0	1	0	0	1
chr4.13610000.13610500	neg	1	1	1	1	1	1	0	1	0	1	0
chr4.14217500.14218000	neg	0	1	1	1	1	1	1	1	1	0	1
chr4.14738000.14738500	neg	0	0	0	0	0	1	0	0	0	0	0
chr4.15363500.15364000	neg	1	1	1	1	1	0	1	1	0	1	0
chr4.15707500.15708000	neg	0	0	0	0	0	0	0	0	0	1	0
chr4.15716500.15717000	neg	0	1	1	1	1	0	0	1	0	1	0
chr4.16012500.16013000	neg	1	1	0	1	1	1	1	1	0	1	0
chr4.16048500.16049000	neg	0	0	0	0	0	0	1	0	1	1	0
chr4.16168000.16168500	neg	0	1	0	1	1	1	1	1	1	0	1
chr4.16272000.16272500	neg	1	1	0	1	1	1	1	1	1	0	0
chr4.16565500.16566000	neg	0	1	0	1	1	1	1	1	1	0	1
chr4.17594500.17595000	neg	0	0	0	0	0	0	1	0	1	0	0
chr4.17636000.17636500	neg	0	1	0	0	0	0	1	0	1	1	0
chr4.17883000.17883500	neg	0	1	1	0	0	0	1	0	1	0	0
chr4.17955000.17955500	neg	1	1	0	1	1	0	0	1	0	1	0
chr4.17973500.17974000	neg	0	1	0	1	1	1	1	1	0	0	1
chr4.17974000.17974500	neg	0	1	0	1	1	0	1	1	0	0	1
chr4.18217000.18217500	neg	1	1	0	1	1	0	1	1	1	1	0
chr4.18953000.18953500	neg	1	1	0	0	1	0	0	0	0	1	0
chr4.19027000.19027500	neg	0	0	0	0	0	0	0	0	0	1	0
chr4.19212500.19213000	neg	1	1	0	1	1	1	0	1	0	1	0
chr4.19254000.19254500	neg	0	1	1	1	1	1	1	0	1	0	1
chr4.19260500.19261000	neg	0	1	0	1	0	1	1	1	1	0	1
chr4.19818500.19819000	neg	0	0	0	0	0	0	1	0	0	1	0
chr4.20857000.20857500	neg	1	1	1	1	1	1	0	1	0	1	0
chr4.21086500.21087000	neg	0	0	0	0	0	0	1	0	0	1	0
chr4.21507000.21507500	neg	1	1	0	1	1	0	0	1	1	1	0
chr4.21868500.21869000	neg	0	1	0	1	0	0	0	1	0	1	0
chr4.22059000.22059500	neg	1	1	1	1	1	1	1	1	0	1	0
chr4.22600000.22600500	neg	1	1	0	0	1	0	1	1	0	1	0
chr4.22708500.22709000	neg	1	1	0	0	1	0	1	0	1	0	0
chr4.23051500.23052000	neg	1	1	0	1	1	0	1	1	0	1	0
chr4.23199000.23199500	neg	0	0	0	0	0	0	1	0	1	0	0
chr4.23868500.23869000	neg	0	1	1	1	1	1	1	1	1	0	1
chr4.24070000.24070500	neg	1	1	0	1	1	0	0	1	1	1	0
chr4.24205000.24205500	neg	0	1	1	1	0	1	1	0	1	0	0
chr4.24212000.24212500	neg	0	1	0	1	1	0	1	1	1	0	1
chr4.24818000.24818500	neg	0	1	0	0	1	0	1	1	1	0	1
chr4.25580000.25580500	neg	1	1	0	0	1	0	0	0	0	1	0
chr4.25901500.25902000	neg	0	1	1	1	0	0	1	1	1	0	1
chr4.26173000.26173500	neg	0	1	1	0	0	0	1	0	1	0	0
chr4.26403500.26404000	neg	0	1	1	1	1	1	1	1	0	0	1
chr4.26901500.26902000	neg	0	0	0	0	0	0	0	0	0	0	0
chr4.26922000.26922500	neg	0	0	0	0	0	0	0	0	0	0	0
chr5.287500.288000	neg	0	0	0	0	0	0	1	0	1	0	0
chr5.312000.312500	neg	0	1	1	1	0	0	1	1	1	0	0
chr5.860500.861000	neg	1	1	0	1	1	1	1	1	1	1	0
chr5.1012000.1012500	neg	1	1	0	1	0	0	0	0	0	1	0
chr5.1069000.1069500	neg	1	1	1	1	1	0	0	1	0	1	0
chr5.1118000.1118500	neg	1	1	0	1	1	1	1	1	0	1	0
chr5.1125000.1125500	neg	0	1	1	1	1	1	1	1	1	1	0
chr5.1221500.1222000	neg	1	1	0	0	1	0	0	0	0	1	0
chr5.1506000.1506500	neg	0	0	0	0	0	0	0	0	0	1	0
chr5.1651000.1651500	neg	0	0	0	0	0	0	1	0	0	1	0
chr5.1931500.1932000	neg	0	0	0	0	0	0	0	0	0	0	0
chr5.2147500.2148000	neg	1	1	1	1	1	0	0	0	0	1	0
chr5.2444000.2444500	neg	1	1	0	1	1	0	1	0	1	1	0
chr5.2461500.2462000	neg	0	0	1	0	0	0	1	0	1	0	0
chr5.2504500.2505000	neg	1	1	0	1	1	0	0	1	0	1	0
chr5.2787000.2787500	neg	0	1	0	1	1	1	1	1	0	0	1
chr5.3248000.3248500	neg	1	1	1	1	1	1	0	1	1	1	0
chr5.3500000.3500500	neg	0	0	1	1	0	0	1	0	0	0	0
chr5.3802000.3802500	neg	0	1	0	1	1	0	0	1	0	1	0
chr5.3874500.3875000	neg	0	0	0	0	0	0	1	0	1	1	0
chr5.4489000.4489500	neg	1	1	1	1	1	0	0	1	0	1	0
chr5.4662500.4663000	neg	0	1	0	1	1	1	1	1	1	1	1
chr5.4767000.4767500	neg	0	0	0	0	0	0	1	0	0	1	0
chr5.5777000.5777500	neg	1	1	0	1	1	1	0	1	1	0	0
chr5.5813500.5814000	neg	0	1	0	1	1	1	1	1	1	0	0
chr5.6131000.6131500	neg	1	1	0	1	1	0	0	1	1	0	0
chr5.6135500.6136000	neg	1	1	0	1	1	1	1	1	1	1	0
chr5.6148000.6148500	neg	1	1	0	1	1	1	0	1	0	1	0
chr5.6685500.6686000	neg	0	0	0	0	0	0	0	0	0	1	0
chr5.7085000.7085500	neg	0	1	0	1	1	1	1	1	0	1	0
chr5.8268000.8268500	neg	0	1	0	1	1	1	1	1	1	0	1
chr5.9003500.9004000	neg	0	1	0	1	0	0	1	1	1	0	1
chr5.9031500.9032000	neg	0	1	0	1	0	1	1	0	1	0	1
chr5.9087500.9088000	neg	0	0	0	0	0	1	1	0	1	0	0
chr5.9247500.9248000	neg	0	1	1	1	0	1	1	0	1	0	0
chr5.9418500.9419000	neg	0	1	0	1	0	0	1	1	1	0	0
chr5.9665000.9665500	neg	1	1	0	1	1	0	0	1	1	0	0
chr5.10223500.10224000	neg	0	1	0	1	0	1	1	1	1	0	1
chr5.10858000.10858500	neg	0	0	1	0	0	0	1	0	1	0	0
chr5.10873500.10874000	neg	1	1	1	1	1	0	0	1	0	1	0
chr5.10890000.10890500	neg	1	1	0	1	1	0	0	1	0	1	0
chr5.10981500.10982000	neg	0	0	1	0	0	0	1	0	1	0	0
chr5.11945500.11946000	neg	1	1	0	1	1	1	0	1	0	1	0
chr5.11997500.11998000	neg	0	1	0	1	1	0	1	0	0	1	0
chr5.12103000.12103500	neg	1	1	0	1	1	0	0	1	1	0	0
chr5.12215500.12216000	neg	1	1	0	1	1	1	0	1	0	1	0
chr5.12609000.12609500	neg	1	1	0	1	1	0	1	1	0	1	0
chr5.12818500.12819000	neg	1	1	0	1	1	0	0	1	1	1	0
chr5.13163000.13163500	neg	0	1	0	0	0	1	1	1	1	1	0
chr5.13179500.13180000	neg	1	1	1	1	1	1	0	1	0	0	1
chr5.13220500.13221000	neg	1	1	0	1	1	0	0	1	0	1	0
chr5.13338000.13338500	neg	1	1	0	1	1	0	0	1	0	1	0
chr5.13501000.13501500	neg	1	1	0	1	1	1	0	1	0	1	0
chr5.13992000.13992500	neg	0	0	0	0	0	0	0	0	1	0	0
chr5.14769500.14770000	neg	0	0	0	0	0	0	1	0	0	0	0
chr5.14874000.14874500	neg	1	1	0	1	1	0	0	1	0	1	0
chr5.15033500.15034000	neg	1	1	0	1	1	0	1	0	1	1	0
chr5.15263500.15264000	neg	0	1	0	1	1	0	1	1	1	0	1
chr5.15777000.15777500	neg	1	1	0	1	1	0	0	0	0	1	0
chr5.15860000.15860500	neg	0	1	1	0	0	0	1	0	0	0	0
chr5.16080000.16080500	neg	0	1	1	0	1	0	1	0	1	0	1
chr5.16306500.16307000	neg	0	1	0	0	0	0	1	0	1	0	0
chr5.16451000.16451500	neg	1	1	0	1	1	0	0	1	0	1	0
chr5.16762000.16762500	neg	1	1	0	1	1	0	0	1	0	1	0
chr5.17616000.17616500	neg	0	1	0	1	1	1	0	1	0	1	0
chr5.18233000.18233500	neg	0	0	0	0	0	0	0	0	0	0	0
chr5.18325000.18325500	neg	1	1	0	1	1	0	0	1	0	1	0
chr5.18909000.18909500	neg	0	1	0	1	1	1	1	1	1	0	1
chr5.19401500.19402000	neg	0	1	1	1	1	1	1	1	1	0	1
chr5.19492500.19493000	neg	0	1	0	1	1	0	1	1	0	1	0
chr5.20301000.20301500	neg	1	1	0	1	1	0	0	1	1	0	0
chr5.20389500.20390000	neg	0	1	1	0	1	1	1	0	0	0	0
chr5.20488500.20489000	neg	0	0	0	1	0	0	0	0	0	1	0
chr5.20672000.20672500	neg	0	1	1	0	0	1	1	0	0	0	0
chr5.20695000.20695500	neg	0	1	1	1	0	0	1	0	1	0	1
chr5.20911500.20912000	neg	0	0	0	0	0	0	0	0	0	0	0
chr5.21109000.21109500	neg	0	0	0	0	0	0	0	0	0	0	0
chr5.21495000.21495500	neg	1	1	0	1	1	0	0	1	0	1	0
chr5.22848500.22849000	neg	1	1	1	1	1	1	0	1	0	0	1
chr5.22947500.22948000	neg	0	1	0	0	0	0	1	0	0	1	0
chr5.23131000.23131500	neg	1	1	0	0	1	0	0	0	0	1	0
chr5.23359000.23359500	neg	1	1	0	1	1	0	1	1	0	1	0
chr5.23443000.23443500	neg	1	1	0	0	1	1	0	0	0	1	0
chr5.23494500.23495000	neg	0	1	0	1	0	0	1	1	1	1	1
chr5.24202000.24202500	neg	0	0	0	0	0	0	0	0	0	0	0
chr5.24409000.24409500	neg	0	1	1	1	1	1	1	0	0	0	1
chr5.24410000.24410500	neg	0	1	0	1	1	1	1	1	0	0	1
chr5.24535000.24535500	neg	1	1	1	1	0	0	0	0	0	0	0
chr5.24650500.24651000	neg	0	0	0	0	0	0	1	0	1	0	0
chr5.24675500.24676000	neg	0	1	1	1	0	1	1	0	1	0	0
chr5.24794500.24795000	neg	0	1	1	1	1	1	1	1	1	0	1
chr5.24895000.24895500	neg	1	1	0	1	1	0	0	1	1	1	0
chr5.25229500.25230000	neg	1	1	1	1	1	0	0	1	0	1	0
chr5.25265500.25266000	neg	1	1	0	1	1	0	1	1	0	1	0
chr5.25631000.25631500	neg	0	1	1	1	1	1	1	0	1	0	1
chr5.26038000.26038500	neg	0	1	1	1	0	0	1	0	1	0	0
chr5.26038500.26039000	neg	0	1	1	1	1	1	1	1	1	0	1
chr5.26158000.26158500	neg	0	1	0	1	0	0	1	1	1	0	1
chr6.124500.125000	neg	0	0	1	0	0	0	1	0	1	0	0
chr6.761000.761500	neg	0	1	1	0	0	1	1	0	1	0	0
chr6.925000.925500	neg	0	1	1	1	0	1	1	0	1	0	0
chr6.1141000.1141500	neg	0	0	1	0	0	0	1	0	1	0	0
chr6.1361000.1361500	neg	0	0	0	0	0	1	1	0	1	0	0
chr6.1544000.1544500	neg	0	0	1	0	0	0	1	0	1	0	0
chr6.1576000.1576500	neg	0	1	1	1	1	1	1	1	1	0	1
chr6.1676000.1676500	neg	0	0	1	0	0	0	1	0	1	0	1
chr6.1763000.1763500	neg	0	1	0	1	0	0	1	0	1	0	1
chr6.1917500.1918000	neg	0	1	1	1	1	1	1	0	1	0	1
chr6.2237500.2238000	neg	0	1	1	1	1	1	1	1	1	0	1
chr6.2292500.2293000	neg	0	1	0	1	1	1	1	1	1	0	1
chr6.2306000.2306500	neg	0	0	1	0	0	0	1	0	1	0	0
chr6.3061500.3062000	neg	0	1	1	1	0	0	1	1	0	0	0
chr6.3732000.3732500	neg	0	0	0	0	0	0	1	0	1	0	0
chr6.3906500.3907000	neg	0	0	1	1	0	0	1	0	0	0	0
chr6.4019000.4019500	neg	0	1	1	1	1	1	1	1	1	0	1
chr6.4019500.4020000	neg	0	1	0	1	1	1	1	1	1	0	1
chr6.4121000.4121500	neg	0	0	1	0	0	0	1	0	1	0	0
chr6.4189500.4190000	neg	0	1	0	1	0	1	1	1	1	0	0
chr6.4719500.4720000	neg	1	1	0	1	0	1	1	1	1	0	0
chr6.4908500.4909000	neg	0	1	1	1	0	1	1	1	1	0	0
chr6.4994000.4994500	neg	0	0	0	0	0	0	1	0	0	1	0
chr6.5343500.5344000	neg	0	0	0	1	0	1	1	1	1	0	1
chr6.5441500.5442000	neg	0	1	1	1	0	1	1	1	0	0	0
chr6.5662000.5662500	neg	0	1	1	0	1	1	1	1	1	0	1
chr6.5679000.5679500	neg	0	1	0	1	0	0	1	1	0	1	0
chr6.5810000.5810500	neg	0	1	1	1	1	1	1	1	1	1	1
chr6.6585500.6586000	neg	0	1	0	1	1	1	1	0	1	0	0
chr6.6592000.6592500	neg	1	1	0	1	1	1	0	1	0	1	0
chr6.6635000.6635500	neg	0	1	0	0	1	0	1	0	1	0	0
chr6.7889000.7889500	neg	0	1	0	0	0	1	1	0	0	0	0
chr6.8102500.8103000	neg	1	1	0	1	1	0	1	1	0	1	0
chr6.8572500.8573000	neg	0	1	1	0	0	0	0	0	0	0	0
chr6.10572500.10573000	neg	1	1	0	1	1	0	1	1	0	1	0
chr6.10653000.10653500	neg	1	1	1	1	1	0	0	1	0	1	0
chr6.10970500.10971000	neg	1	1	0	1	1	1	0	1	1	0	0
chr6.11022000.11022500	neg	0	1	0	1	1	1	1	0	0	0	1
chr6.11276000.11276500	neg	1	1	1	1	1	1	0	0	0	1	0
chr6.11764500.11765000	neg	0	0	1	0	0	0	1	0	0	0	0
chr6.11773000.11773500	neg	0	1	0	1	1	1	1	1	0	0	1
chr6.12024000.12024500	neg	0	1	1	1	1	1	1	1	1	0	1
chr6.12174500.12175000	neg	1	1	1	1	1	0	1	1	1	0	0
chr6.12418000.12418500	neg	0	1	0	0	0	1	1	0	1	0	0
chr6.12431000.12431500	neg	1	1	1	0	1	1	0	1	0	0	1
chr6.12558000.12558500	neg	0	0	1	0	0	0	1	0	1	0	0
chr6.12696500.12697000	neg	0	1	0	1	1	0	1	1	0	1	0
chr6.13225000.13225500	neg	0	1	0	1	1	1	1	1	1	0	1
chr6.13261500.13262000	neg	0	1	1	1	0	1	1	0	0	0	0
chr6.13315000.13315500	neg	0	1	1	1	1	0	0	1	0	0	1
chr6.13842500.13843000	neg	1	1	1	1	1	1	0	1	0	0	1
chr6.14042500.14043000	neg	0	1	1	1	1	1	1	1	0	0	1
chr6.14613000.14613500	neg	1	1	0	1	1	1	0	0	0	1	0
chr6.14774000.14774500	neg	0	0	0	0	0	0	0	0	0	1	0
chr6.15058000.15058500	neg	0	1	0	1	1	1	1	1	1	0	1
chr6.15719000.15719500	neg	0	1	1	0	0	0	1	0	1	0	0
chr6.15760500.15761000	neg	0	0	1	0	0	0	1	0	1	0	0
chr6.15761000.15761500	neg	0	1	1	0	0	0	1	0	1	0	1
chr6.15846000.15846500	neg	0	1	1	1	1	0	1	1	1	0	1
chr6.17159000.17159500	neg	0	0	1	0	0	0	1	0	1	0	0
chr6.17436500.17437000	neg	0	1	1	1	0	1	1	1	1	0	0
chr6.17676500.17677000	neg	0	0	0	1	0	0	1	0	1	0	0
chr6.18181500.18182000	neg	1	1	1	1	1	1	0	1	0	0	1
chr6.18349500.18350000	neg	0	0	0	0	0	0	0	0	0	1	0
chr6.18811000.18811500	neg	1	1	0	0	1	0	0	1	0	1	0
chr6.18827000.18827500	neg	0	0	0	0	0	0	0	0	0	0	0
chr6.18856000.18856500	neg	1	1	1	1	1	1	1	1	0	0	1
chr6.18996000.18996500	neg	0	0	0	0	0	0	0	0	0	1	0
chr6.19397500.19398000	neg	1	1	1	1	1	0	1	1	1	1	0
chr6.20590000.20590500	neg	0	1	1	0	0	0	1	0	1	0	0
chr6.20930000.20930500	neg	0	1	1	1	1	1	1	1	0	0	1
chr6.21585000.21585500	neg	0	1	0	1	1	0	1	1	0	1	0
chr6.21635000.21635500	neg	1	1	0	1	1	0	0	1	0	1	0
chr6.21680500.21681000	neg	0	1	1	0	0	0	1	0	1	0	0
chr6.21690000.21690500	neg	1	1	0	1	1	1	0	1	0	1	0
chr6.21986000.21986500	neg	1	1	0	1	1	1	1	1	0	0	1
chr6.22139000.22139500	neg	0	1	0	1	0	0	1	0	0	1	0
chr6.22259500.22260000	neg	1	1	0	1	1	0	0	0	0	1	0
chr6.22378500.22379000	neg	0	1	1	1	1	1	1	0	1	0	1
chr6.22501500.22502000	neg	0	1	1	1	1	1	1	1	1	0	1
chr6.23153500.23154000	neg	0	1	0	0	1	1	1	1	0	1	1
chr6.23454000.23454500	neg	0	1	0	1	1	1	1	1	1	0	0
chr6.23743500.23744000	neg	0	1	1	1	0	0	1	0	1	0	0
chr6.23772000.23772500	neg	0	1	0	1	1	1	1	1	1	0	1
chr7.562000.562500	neg	0	0	1	0	0	0	1	0	1	0	0
chr7.859000.859500	neg	0	1	0	0	1	0	1	0	1	0	0
chr7.897500.898000	neg	0	1	0	1	0	1	1	1	1	0	1
chr7.1147500.1148000	neg	0	0	1	0	0	0	1	0	1	0	0
chr7.1268000.1268500	neg	0	0	1	0	0	1	1	0	1	0	0
chr7.2093500.2094000	neg	1	1	0	1	1	0	1	1	1	0	1
chr7.2431000.2431500	neg	0	1	0	1	1	0	1	1	1	0	1
chr7.2607500.2608000	neg	1	1	1	1	1	1	1	1	0	0	1
chr7.3020000.3020500	neg	1	1	0	1	1	1	0	1	1	1	0
chr7.3050000.3050500	neg	0	1	1	1	0	0	1	1	1	0	0
chr7.3145000.3145500	neg	0	1	0	0	0	0	1	0	1	0	0
chr7.3181500.3182000	neg	0	0	0	0	0	1	1	0	1	0	0
chr7.3662500.3663000	neg	0	0	0	0	0	0	1	0	0	1	0
chr7.3731500.3732000	neg	1	1	0	1	1	0	0	1	0	1	0
chr7.3945000.3945500	neg	1	1	0	1	1	0	1	1	0	1	0
chr7.4505000.4505500	neg	0	0	0	0	0	0	1	0	0	0	0
chr7.5058000.5058500	neg	0	0	0	0	0	0	1	0	0	0	0
chr7.5473000.5473500	neg	0	1	0	1	1	0	0	1	1	1	0
chr7.5503000.5503500	neg	1	1	0	1	1	0	0	1	0	1	0
chr7.5635000.5635500	neg	1	1	1	1	1	0	1	0	0	1	1
chr7.5933500.5934000	neg	1	1	0	1	1	0	0	0	0	1	0
chr7.5965500.5966000	neg	0	1	0	0	0	1	1	0	1	0	0
chr7.6410000.6410500	neg	0	0	0	0	0	0	0	0	0	1	0
chr7.6485500.6486000	neg	0	1	1	1	1	0	1	1	0	1	0
chr7.6569000.6569500	neg	0	0	0	0	0	0	0	0	0	0	0
chr7.6742000.6742500	neg	0	1	1	1	1	0	1	0	1	0	0
chr7.6833500.6834000	neg	0	1	1	1	1	1	1	0	1	0	1
chr7.7158000.7158500	neg	1	1	1	1	1	1	0	1	0	0	1
chr7.7541500.7542000	neg	0	1	0	1	0	0	1	1	1	1	1
chr7.7680000.7680500	neg	0	1	0	0	1	1	1	1	0	1	0
chr7.7773500.7774000	neg	1	1	0	1	1	0	1	0	1	1	0
chr7.7785000.7785500	neg	0	1	0	1	1	0	1	1	0	1	0
chr7.7790000.7790500	neg	1	1	1	1	1	0	0	1	0	1	0
chr7.8534000.8534500	neg	1	1	1	0	1	0	0	0	0	1	0
chr7.8937500.8938000	neg	0	1	1	1	1	1	1	1	1	0	1
chr7.9077500.9078000	neg	0	1	1	1	0	1	1	0	1	0	0
chr7.9107000.9107500	neg	0	1	0	0	0	0	0	0	0	1	0
chr7.9270500.9271000	neg	1	1	0	1	1	1	0	1	0	1	0
chr7.9458500.9459000	neg	0	1	1	0	1	1	0	0	0	0	0
chr7.10156000.10156500	neg	0	1	0	1	1	1	1	0	0	0	1
chr7.10657500.10658000	neg	0	0	0	0	0	0	1	0	1	0	0
chr7.10838000.10838500	neg	0	1	0	1	1	0	1	1	1	0	1
chr7.10958000.10958500	neg	0	1	0	1	1	1	1	1	1	0	1
chr7.10958500.10959000	neg	0	0	0	0	0	0	1	0	1	0	0
chr7.11089500.11090000	neg	0	1	0	0	0	0	1	0	1	0	0
chr7.11132500.11133000	neg	0	1	1	0	1	1	1	0	1	0	1
chr7.11207000.11207500	neg	1	1	1	1	1	1	1	1	1	0	0
chr7.11245000.11245500	neg	0	1	0	0	1	1	1	1	1	0	1
chr7.11256000.11256500	neg	0	0	0	1	0	0	1	0	1	0	0
chr7.11504000.11504500	neg	0	1	1	1	0	0	1	1	1	0	0
chr7.11718500.11719000	neg	0	1	1	1	0	1	0	1	0	0	1
chr7.11822000.11822500	neg	0	1	1	1	0	1	1	1	0	0	1
chr7.11822500.11823000	neg	0	1	1	1	0	1	1	1	0	0	1
chr7.12015000.12015500	neg	1	1	0	0	1	0	0	0	0	1	0
chr7.12072500.12073000	neg	1	1	0	1	1	1	0	1	1	1	0
chr7.12194000.12194500	neg	0	1	0	0	0	0	1	0	1	0	0
chr7.12211500.12212000	neg	0	1	1	1	1	1	1	1	1	0	0
chr7.12351500.12352000	neg	0	1	1	0	1	0	1	0	0	0	1
chr7.12372000.12372500	neg	0	1	1	0	1	0	1	0	0	0	1
chr7.12458000.12458500	neg	1	1	1	1	1	1	1	1	1	0	0
chr7.12459000.12459500	neg	0	0	1	1	0	0	1	0	1	0	0
chr7.12565500.12566000	neg	0	0	0	1	1	0	0	0	0	0	1
chr7.12721000.12721500	neg	0	0	1	0	1	1	0	0	0	0	1
chr7.13074500.13075000	neg	1	1	0	1	1	1	0	1	0	0	1
chr7.13112000.13112500	neg	0	0	1	0	0	0	1	0	1	0	0
chr7.13397000.13397500	neg	0	0	0	0	1	1	0	1	0	0	0
chr7.13680000.13680500	neg	0	0	1	0	0	1	1	0	1	0	0
chr7.14062500.14063000	neg	0	0	0	0	0	0	1	0	1	0	0
chr7.14091000.14091500	neg	0	1	1	1	1	0	1	0	1	0	0
chr7.14131000.14131500	neg	0	1	1	0	1	1	1	1	1	0	1
chr7.14204000.14204500	neg	0	1	1	1	1	0	1	1	0	0	1
chr7.14641500.14642000	neg	1	1	0	0	1	1	1	1	1	1	1
chr7.14764000.14764500	neg	1	1	0	1	1	1	1	1	1	0	1
chr7.14948500.14949000	neg	0	0	0	0	0	0	0	0	1	0	0
chr7.14952500.14953000	neg	1	1	0	1	1	0	0	1	0	0	1
chr7.15140500.15141000	neg	0	1	0	1	1	0	1	1	0	0	1
chr7.15149500.15150000	neg	0	1	0	1	1	1	1	1	0	0	1
chr7.15474500.15475000	neg	0	1	0	1	0	0	1	1	1	0	1
chr7.15610000.15610500	neg	1	1	0	1	1	1	0	1	1	1	0
chr7.15751000.15751500	neg	0	1	0	0	1	1	1	0	1	0	1
chr7.16109000.16109500	neg	0	0	1	0	0	0	1	0	1	0	0
chr7.16241500.16242000	neg	0	1	0	1	1	1	1	1	1	0	1
chr7.16704000.16704500	neg	0	0	0	0	0	0	1	0	1	0	0
chr7.16845000.16845500	neg	1	1	0	0	1	1	0	1	1	0	0
chr7.16919000.16919500	neg	0	0	0	0	0	0	1	0	1	0	0
chr7.16929000.16929500	neg	1	1	0	1	1	1	1	1	0	1	1
chr7.17345500.17346000	neg	1	1	1	1	1	0	0	1	1	1	0
chr7.17375500.17376000	neg	0	0	1	0	0	0	1	0	0	1	0
chr7.17696500.17697000	neg	1	1	0	0	1	1	0	1	0	0	1
chr7.17761500.17762000	neg	0	1	1	0	1	1	1	0	1	0	1
chr7.17997500.17998000	neg	1	1	0	0	0	0	1	0	1	0	0
chr7.18146500.18147000	neg	0	1	1	1	1	1	1	1	1	0	0
chr7.18839500.18840000	neg	0	1	1	1	1	1	1	1	1	0	1
chr7.18971000.18971500	neg	0	1	0	1	1	0	1	1	1	0	1
chr7.19292000.19292500	neg	1	1	0	1	1	0	0	1	0	1	0
chr7.19590000.19590500	neg	0	0	1	1	0	1	0	1	0	0	1
chr7.20914000.20914500	neg	1	1	0	0	1	0	1	0	0	1	0
chr7.20952000.20952500	neg	0	1	0	1	1	0	1	1	1	1	0
chr7.21069500.21070000	neg	1	1	0	1	1	1	0	1	0	0	1
chr7.21647000.21647500	neg	1	1	1	1	1	1	0	1	0	0	1
chr7.21870000.21870500	neg	0	0	1	0	0	0	1	0	1	0	0
chr7.21894000.21894500	neg	0	1	0	1	1	0	1	1	1	0	0
chr8.337500.338000	neg	1	1	1	1	1	0	0	1	1	1	0
chr8.397500.398000	neg	0	1	1	1	1	1	1	1	1	0	1
chr8.889000.889500	neg	1	1	0	1	1	1	1	1	0	0	1
chr8.896500.897000	neg	0	1	1	1	1	1	1	1	1	0	1
chr8.1372500.1373000	neg	1	1	1	0	1	1	1	0	0	1	0
chr8.1447500.1448000	neg	0	1	1	0	1	1	1	1	1	0	1
chr8.1844000.1844500	neg	1	1	0	0	1	1	0	1	0	1	0
chr8.1916500.1917000	neg	1	1	0	1	1	1	0	1	0	1	0
chr8.1981000.1981500	neg	1	1	0	1	1	0	0	1	0	1	0
chr8.2040500.2041000	neg	1	1	0	1	1	0	0	1	0	1	0
chr8.2208500.2209000	neg	0	1	1	1	0	1	1	1	1	0	0
chr8.2294000.2294500	neg	1	1	0	1	1	0	0	1	1	0	0
chr8.2322000.2322500	neg	0	1	0	1	1	1	1	1	1	0	1
chr8.2374000.2374500	neg	1	1	1	1	1	1	0	1	0	1	0
chr8.2577000.2577500	neg	0	0	0	0	0	0	1	0	1	0	0
chr8.2949500.2950000	neg	0	1	0	0	0	0	0	0	0	0	0
chr8.2997500.2998000	neg	1	1	0	1	1	1	0	1	0	1	0
chr8.3204000.3204500	neg	0	0	0	0	0	0	1	0	1	0	0
chr8.3412500.3413000	neg	0	1	0	0	1	1	1	0	1	0	1
chr8.3628000.3628500	neg	0	0	1	0	0	0	1	0	1	0	0
chr8.3875000.3875500	neg	0	0	0	0	0	0	1	0	0	1	0
chr8.4994500.4995000	neg	1	1	0	1	1	1	0	1	0	0	0
chr8.5113000.5113500	neg	0	1	0	1	1	1	1	1	1	0	1
chr8.5122500.5123000	neg	1	1	1	1	1	1	0	1	0	0	0
chr8.5367500.5368000	neg	0	1	1	1	1	0	1	1	0	1	0
chr8.5380500.5381000	neg	1	1	1	1	1	0	0	1	0	1	0
chr8.5724500.5725000	neg	0	1	0	0	0	1	1	0	1	1	0
chr8.6266500.6267000	neg	0	1	1	1	1	1	1	1	1	0	1
chr8.6515000.6515500	neg	0	1	0	1	0	0	1	0	1	0	0
chr8.6523500.6524000	neg	0	0	0	0	0	0	1	0	1	0	1
chr8.6764500.6765000	neg	0	1	0	1	1	0	1	1	1	0	1
chr8.7114000.7114500	neg	0	0	0	1	0	0	1	0	1	0	1
chr8.7142000.7142500	neg	1	1	0	0	1	1	0	1	0	0	1
chr8.7491000.7491500	neg	1	1	0	0	1	1	0	0	0	0	0
chr8.8054500.8055000	neg	0	1	1	1	1	1	1	1	1	0	1
chr8.8138500.8139000	neg	0	1	0	1	1	1	1	1	1	0	1
chr8.8403000.8403500	neg	0	0	0	0	0	0	1	1	1	0	0
chr8.9143500.9144000	neg	1	1	0	1	1	0	0	1	1	1	0
chr8.9176000.9176500	neg	0	1	1	1	0	0	1	1	1	0	0
chr8.9311000.9311500	neg	0	0	0	0	0	0	0	0	1	0	0
chr8.9569000.9569500	neg	0	0	0	0	0	0	1	0	1	0	0
chr8.9607000.9607500	neg	0	1	0	1	1	1	1	1	1	0	1
chr8.9651000.9651500	neg	1	1	0	1	1	1	0	0	1	0	1
chr8.10209000.10209500	neg	1	1	1	1	1	1	0	1	0	0	0
chr8.10431500.10432000	neg	1	1	0	1	1	1	0	1	0	1	0
chr8.10432000.10432500	neg	1	1	0	1	1	1	0	1	0	1	0
chr8.10707000.10707500	neg	0	1	1	1	1	1	1	1	1	0	1
chr8.11456500.11457000	neg	1	1	0	0	1	0	0	0	0	1	0
chr8.11511000.11511500	neg	0	1	0	1	0	1	0	1	0	0	0
chr8.11882500.11883000	neg	1	1	0	1	1	0	0	1	0	1	0
chr8.12225000.12225500	neg	0	1	1	0	1	1	1	1	1	0	0
chr8.12420500.12421000	neg	0	1	1	1	1	0	1	1	1	0	1
chr8.12535500.12536000	neg	0	1	0	0	0	0	1	0	1	0	0
chr8.12630500.12631000	neg	1	1	0	1	0	0	0	1	0	1	0
chr8.12908500.12909000	neg	0	0	1	1	0	0	1	1	1	0	1
chr8.13213000.13213500	neg	1	1	0	1	1	1	1	1	1	0	1
chr8.13336500.13337000	neg	0	0	0	1	1	1	0	1	0	0	1
chr8.13636000.13636500	neg	0	1	1	0	0	0	1	1	0	1	0
chr8.13636500.13637000	neg	0	1	1	0	0	0	1	0	0	1	0
chr8.13648500.13649000	neg	0	1	1	1	1	1	1	1	1	1	0
chr8.13666500.13667000	neg	0	1	0	0	0	0	1	0	1	1	0
chr8.13893000.13893500	neg	0	0	1	0	0	0	1	0	0	0	0
chr8.14074500.14075000	neg	0	1	1	0	1	1	1	0	0	1	1
chr8.14454000.14454500	neg	0	1	0	0	0	0	1	0	1	0	0
chr8.15155000.15155500	neg	0	1	0	1	1	1	0	1	1	1	0
chr8.15538000.15538500	neg	0	0	0	1	0	0	1	1	1	0	1
chr8.15752500.15753000	neg	0	1	0	1	1	1	1	1	1	0	1
chr8.16924500.16925000	neg	0	1	0	1	1	1	1	1	1	0	1
chr8.17078000.17078500	neg	0	1	1	1	1	1	1	1	1	0	1
chr8.17698500.17699000	neg	0	1	1	0	0	1	1	1	1	0	1
chr8.17800000.17800500	neg	0	1	0	1	1	1	1	1	1	0	1
chr8.17934500.17935000	neg	1	1	0	1	1	1	0	1	0	1	0
chr8.19166500.19167000	neg	0	1	0	1	1	1	1	1	1	0	1
chr8.19357500.19358000	neg	0	1	0	0	0	0	1	0	0	0	1
chr8.19708000.19708500	neg	1	1	0	1	1	1	0	1	1	0	0
chr8.20047500.20048000	neg	1	1	1	1	1	0	1	1	0	1	0
chr8.20097000.20097500	neg	0	1	0	0	0	0	1	0	1	0	0
chr8.20420500.20421000	neg	1	1	0	1	1	0	0	1	0	1	0
chr8.20462500.20463000	neg	1	1	0	1	1	0	1	1	0	1	0
chr8.20587000.20587500	neg	1	1	0	1	1	0	0	1	0	1	0
chr8.20789500.20790000	neg	0	1	1	0	1	0	1	0	0	1	0
chr8.21016000.21016500	neg	0	1	1	1	1	0	1	1	1	1	0
chrU.2134000.2134500	neg	0	0	0	0	0	0	0	0	0	0	0
chrU.2406500.2407000	neg	0	0	0	0	0	0	0	0	0	0	0
chrU.2755500.2756000	neg	0	0	0	0	0	0	0	0	0	0	0
chrU.3334000.3334500	neg	0	0	0	0	0	0	0	0	0	0	0
chrU.3747500.3748000	neg	0	0	0	0	0	0	0	0	0	0	0
chrU.3843500.3844000	neg	0	0	0	0	0	0	0	0	0	0	0
chrU.3990500.3991000	neg	0	0	0	0	0	0	0	0	0	0	0
chrV.666000.666500	neg	0	0	1	0	0	0	1	0	1	1	0
chrV.1502500.1503000	neg	0	1	0	1	1	0	1	1	1	0	1
chrV.1661500.1662000	neg	0	0	1	0	0	0	1	0	1	0	0
chrV.1667000.1667500	neg	0	1	0	0	1	0	1	1	1	0	1
chrV.1855000.1855500	neg	0	0	0	0	0	0	1	0	1	0	0
chrV.1883000.1883500	neg	0	0	0	0	0	0	1	0	1	0	0
chrV.4701000.4701500	neg	0	0	0	0	0	0	1	0	1	0	0
chrV.5318000.5318500	neg	0	0	0	0	0	0	1	0	1	0	0
chrV.6134500.6135000	neg	0	0	1	1	1	1	1	0	1	0	0
chrV.6209000.6209500	neg	0	0	0	0	0	0	1	0	1	0	0
chrV.7126000.7126500	neg	0	0	0	0	0	0	0	0	0	0	0
chrV.7131500.7132000	neg	0	0	0	0	0	0	0	0	0	0	0
chrV.7210000.7210500	neg	0	0	0	0	0	0	0	0	0	0	0
chrV.7502000.7502500	neg	0	0	0	0	0	0	0	0	0	0	0
unplaced-scaffold_031.20500.21000	neg	0	0	0	0	0	0	0	0	0	0	0
unplaced-scaffold_081.5000.5500	neg	0	0	0	0	0	0	0	0	0	0	0
unplaced-scaffold_190.3000.3500	neg	0	0	0	0	0	0	0	0	0	0	0
unplaced-scaffold_198.7500.8000	neg	0	0	0	0	0	0	0	0	0	0	0
unplaced-scaffold_233.4500.5000	neg	0	0	0	0	0	0	0	0	0	0	0
unplaced-scaffold_263.3500.4000	neg	0	0	1	0	0	0	0	0	0	1	0
unplaced-scaffold_272.1500.2000	neg	0	0	0	0	0	0	0	0	0	0	0
unplaced-scaffold_297.3000.3500	neg	0	0	0	0	0	0	0	0	0	0	0
unplaced-scaffold_325.9000.9057	neg	0	0	0	0	0	0	0	0	0	0	0
unplaced-scaffold_399.3500.4000	neg	0	0	0	0	0	0	0	0	0	0	0
unplaced-scaffold_405.12500.13000	neg	0	0	0	0	0	0	0	0	0	0	0
unplaced-scaffold_436.0.500	neg	1	1	0	1	1	0	0	1	0	1	0
