peak	Class	H2Aub	H2AZ	H3	H3K4me1	H3K4me3	H3K9ac	H3K9me1	H3K14ac	H3K27me1	H3K27me3	H3K36me3
chr1.264877.265288	pos	1	1	0	1	1	1	1	1	1	0	1
chr1.329934.331716	pos	1	1	0	1	1	0	0	1	0	0	1
chr1.566675.566992	pos	1	1	0	1	1	1	0	1	0	1	0
chr1.722607.722670	pos	0	1	0	1	0	0	1	1	0	0	0
chr1.771255.771371	pos	0	1	0	1	1	1	0	1	1	0	1
chr1.1153851.1154012	pos	0	1	0	1	1	0	0	1	0	0	1
chr1.1368630.1368746	pos	1	1	0	1	1	0	1	0	0	1	0
chr1.2053525.2053757	pos	1	1	0	0	1	1	0	0	0	0	0
chr1.2145637.2145754	pos	0	1	0	1	1	1	1	1	1	0	1
chr1.2228640.2228742	pos	0	1	1	1	1	1	0	1	0	0	1
chr1.2300496.2300644	pos	0	1	0	1	1	1	1	1	0	0	1
chr1.2538927.2539661	pos	0	0	0	1	0	1	0	1	0	0	1
chr1.2687040.2687226	pos	0	0	0	1	0	0	0	1	0	0	1
chr1.3220108.3220415	pos	1	1	0	1	1	1	0	1	0	0	1
chr1.3381286.3382265	pos	0	1	0	1	1	1	1	1	0	0	1
chr1.3528816.3528988	pos	0	1	0	1	1	1	1	1	1	0	1
chr1.3925828.3926064	pos	1	1	0	1	1	0	0	1	0	0	1
chr1.3947385.3947512	pos	0	1	1	1	1	1	1	1	0	0	1
chr1.4437633.4438338	pos	0	0	1	1	0	0	1	1	0	0	1
chr1.4645838.4646067	pos	0	1	0	1	1	0	1	1	0	0	1
chr1.4746356.4746513	pos	0	1	0	1	0	1	1	0	0	0	1
chr1.4993688.4994073	pos	1	1	0	0	1	1	1	0	0	1	1
chr1.5067072.5067176	pos	0	1	0	1	1	1	1	1	1	0	1
chr1.5432261.5432408	pos	0	1	1	1	1	1	0	1	0	0	1
chr1.5667711.5668039	pos	1	1	0	1	1	0	1	1	1	0	1
chr1.6006796.6007073	pos	0	1	0	1	0	0	0	1	0	0	1
chr1.6022409.6022629	pos	1	1	0	1	1	1	1	1	0	0	1
chr1.6080725.6081454	pos	1	1	0	1	1	0	0	1	0	0	0
chr1.6099798.6099978	pos	1	1	0	1	1	1	0	1	1	0	0
chr1.6212503.6213041	pos	0	1	1	1	1	0	1	1	1	0	1
chr1.6735901.6736316	pos	0	1	0	1	0	1	1	1	1	0	1
chr1.6776289.6776389	pos	1	1	0	0	1	0	0	0	0	0	0
chr1.6806212.6806679	pos	0	1	1	1	1	0	1	1	0	0	1
chr1.7013485.7013554	pos	0	1	0	1	0	1	1	0	0	0	1
chr1.7627297.7627917	pos	0	0	1	1	0	0	0	0	0	0	1
chr1.8217239.8217463	pos	0	0	1	1	0	1	0	0	0	0	1
chr1.8644549.8644904	pos	0	1	0	1	1	1	0	1	0	0	1
chr1.8850073.8850383	pos	0	1	1	1	1	1	1	1	1	0	1
chr1.9400758.9400878	pos	0	0	0	1	1	1	0	1	0	0	1
chr1.9497962.9498127	pos	0	1	1	1	0	0	1	0	1	0	0
chr1.9682865.9683052	pos	0	1	0	1	1	1	0	1	0	0	1
chr1.9868489.9868612	pos	1	1	0	0	1	1	0	1	0	0	1
chr1.10635117.10636073	pos	0	0	0	1	0	0	1	1	0	0	1
chr1.10804754.10805685	pos	1	1	0	1	1	1	0	1	0	0	1
chr1.10829821.10830034	pos	0	1	0	0	0	0	1	0	0	0	1
chr1.10869485.10869731	pos	0	1	1	1	1	0	0	1	0	0	1
chr1.10968810.10969645	pos	0	1	0	1	1	1	0	1	0	0	1
chr1.11273180.11273831	pos	0	1	1	1	1	1	1	1	0	0	1
chr1.11455264.11455737	pos	1	1	0	1	1	1	0	1	0	0	1
chr1.11479744.11480054	pos	1	1	0	1	1	0	0	1	0	0	0
chr1.11494309.11494499	pos	0	1	1	1	0	0	1	1	1	0	0
chr1.11745793.11745923	pos	1	1	0	1	1	1	1	1	1	0	0
chr1.11828215.11828410	pos	0	0	1	0	0	0	1	0	1	0	0
chr1.11941035.11941163	pos	0	0	0	0	1	1	0	0	0	0	1
chr1.12401126.12401330	pos	0	1	0	1	0	1	1	1	1	0	1
chr1.12538693.12538805	pos	0	1	0	1	1	1	0	1	0	0	1
chr1.12707289.12708205	pos	1	0	1	0	1	1	0	1	0	0	1
chr1.13072835.13073075	pos	0	1	0	1	1	1	0	1	1	0	1
chr1.13089851.13090215	pos	0	0	1	1	1	1	0	1	0	0	1
chr1.13090344.13090410	pos	0	1	1	1	1	1	1	1	0	0	1
chr1.13101990.13102059	pos	0	0	0	1	0	1	0	0	0	0	1
chr1.13117843.13118164	pos	1	1	0	0	1	0	1	1	1	0	1
chr1.13126517.13126828	pos	0	1	0	1	1	0	1	1	0	0	1
chr1.13159584.13159777	pos	0	0	0	1	0	0	0	0	0	0	1
chr1.13160062.13161101	pos	0	1	1	1	1	1	1	1	1	0	1
chr1.13301650.13301827	pos	0	1	1	1	1	1	1	1	1	0	1
chr1.13691466.13691541	pos	0	0	0	0	0	0	1	0	1	0	0
chr1.13857811.13857987	pos	1	1	0	0	1	1	0	1	0	0	1
chr1.14204453.14204520	pos	0	0	0	0	0	0	1	0	1	0	0
chr1.15123997.15124370	pos	0	0	1	1	0	0	1	0	0	0	1
chr1.15460453.15460939	pos	0	1	0	1	1	1	1	1	0	0	1
chr1.15697331.15697732	pos	1	1	0	1	1	1	1	1	0	1	1
chr1.16206295.16206444	pos	0	1	0	0	0	0	1	0	1	0	0
chr1.16249737.16249882	pos	0	1	1	1	0	0	1	1	0	0	1
chr1.16309153.16309274	pos	0	1	0	1	1	1	1	1	1	0	1
chr1.16485790.16486371	pos	1	1	0	1	1	1	0	1	0	0	1
chr1.16666802.16668493	pos	0	0	0	1	1	1	1	1	0	0	1
chr1.16691395.16691697	pos	1	0	1	1	1	1	0	1	0	0	1
chr1.16723392.16723970	pos	0	1	1	1	1	0	1	1	1	0	1
chr1.17120930.17121069	pos	0	1	1	1	1	0	1	1	1	0	1
chr1.17517064.17517322	pos	0	1	0	1	1	1	1	1	0	0	1
chr1.17804973.17805084	pos	1	1	0	1	1	1	1	1	1	0	1
chr1.18119831.18121789	pos	0	1	0	1	1	0	1	1	1	0	1
chr1.18465846.18466006	pos	0	1	0	1	0	0	1	0	0	0	1
chr1.18505704.18505866	pos	1	0	0	0	1	0	0	0	0	1	0
chr1.18736812.18736929	pos	1	1	0	1	1	1	0	1	0	0	1
chr1.18929578.18929854	pos	0	0	0	0	1	1	0	1	0	0	1
chr1.19040496.19040671	pos	0	0	0	1	0	1	1	1	0	0	1
chr1.19040798.19040959	pos	0	1	0	1	0	1	1	1	0	0	1
chr1.19755271.19755578	pos	0	1	1	1	0	1	1	1	1	0	1
chr1.20142436.20144519	pos	1	1	0	1	1	1	0	1	0	0	1
chr1.20154536.20154807	pos	0	1	0	1	1	0	0	1	0	0	1
chr1.20191269.20191421	pos	0	1	1	0	0	0	1	1	1	0	0
chr1.21283024.21283239	pos	0	1	0	1	1	1	1	1	0	0	1
chr1.21291257.21291674	pos	0	1	0	1	1	1	1	1	0	0	1
chr1.21291786.21292042	pos	0	1	0	1	1	0	0	1	0	0	1
chr1.21728182.21728290	pos	1	1	0	1	1	1	0	1	1	0	1
chr1.21973599.21973688	pos	0	1	0	1	1	0	1	1	0	0	1
chr1.22090197.22090367	pos	1	1	0	0	1	0	0	1	1	0	0
chr1.22117085.22117249	pos	0	0	0	1	1	0	0	1	0	0	1
chr1.22117417.22118550	pos	0	1	0	1	1	1	1	1	1	0	1
chr1.22214256.22214466	pos	1	1	0	1	1	1	1	1	1	0	1
chr1.22629701.22629919	pos	0	1	0	0	0	0	1	0	1	0	0
chr1.23778093.23778177	pos	0	0	0	0	0	0	1	0	1	0	0
chr1.24142966.24143081	pos	1	1	0	1	0	0	0	1	0	0	0
chr1.24321482.24321671	pos	0	0	1	1	0	1	0	0	0	0	1
chr1.24497401.24497648	pos	0	1	1	1	1	1	1	1	1	0	1
chr1.24545906.24546740	pos	1	1	0	1	1	0	1	1	1	0	0
chr1.25092066.25092305	pos	0	1	1	1	1	1	0	1	0	0	1
chr1.25092471.25093237	pos	0	1	1	1	1	0	0	1	1	0	1
chr1.25164521.25164633	pos	0	1	0	1	1	1	1	0	0	0	1
chr1.25202679.25202962	pos	0	1	0	1	1	1	1	1	1	0	1
chr1.25203038.25203276	pos	0	1	0	1	1	1	1	1	1	0	1
chr1.25877048.25878323	pos	0	1	1	1	1	1	1	1	1	0	1
chr1.25922879.25923160	pos	0	1	0	1	1	0	0	1	0	0	1
chr1.25978613.25979203	pos	1	1	0	1	1	1	0	1	0	0	1
chr1.26589070.26589286	pos	0	0	0	0	0	0	1	0	0	0	0
chr1.26890551.26890723	pos	0	1	0	1	0	1	1	0	0	0	1
chr1.27078100.27078874	pos	0	1	1	1	1	1	1	1	1	0	1
chr1.27092686.27093520	pos	0	1	1	1	1	1	1	1	0	0	1
chr1.27093661.27093809	pos	0	1	1	1	1	1	1	1	1	0	1
chr1.27105369.27105504	pos	0	1	1	1	1	0	1	1	1	1	1
chr1.27522120.27522397	pos	0	0	0	1	1	1	0	1	1	0	1
chr1.27892578.27893106	pos	1	1	1	0	1	0	0	0	0	1	0
chr1.28045481.28046728	pos	1	0	1	1	1	0	0	1	0	0	1
chr1.28046818.28046939	pos	0	0	0	1	1	0	0	1	0	0	1
chr1.28086159.28086310	pos	0	0	0	1	0	1	0	1	0	0	1
chr1.28115639.28116663	pos	1	1	1	1	1	1	0	1	0	0	1
chr1.28161927.28162260	pos	0	1	0	0	0	1	1	1	0	0	0
chr1.28395422.28395547	pos	1	1	0	1	1	1	0	1	0	1	0
chr1.28441521.28441639	pos	0	0	0	0	0	0	1	0	1	1	0
chr1.28451280.28451399	pos	0	1	1	1	0	0	1	0	0	1	1
chr1.28532070.28532194	pos	0	1	0	1	0	0	0	1	0	0	0
chr1.28998441.28998600	pos	0	1	1	1	0	0	1	0	1	1	1
chr1.29007884.29008064	pos	0	1	1	1	0	1	1	1	1	0	1
chr1.29202587.29202806	pos	0	1	1	1	1	1	1	1	1	0	1
chr1.29355615.29355847	pos	0	1	1	1	1	0	1	1	0	1	1
chr1.29577415.29577607	pos	0	1	0	1	0	0	1	1	1	0	1
chr1.30180466.30180667	pos	0	1	0	1	1	0	1	1	1	0	1
chr2.22852.22953	pos	0	0	0	0	0	0	1	0	1	0	0
chr2.667079.667220	pos	0	1	1	1	0	1	1	1	1	0	0
chr2.793258.793526	pos	1	1	0	1	1	0	1	1	1	1	0
chr2.1012718.1012846	pos	0	0	0	0	0	0	1	0	1	0	0
chr2.1017364.1017541	pos	0	1	0	1	1	1	1	1	1	0	1
chr2.1018007.1018488	pos	0	1	0	1	1	1	1	1	1	0	1
chr2.1018660.1018974	pos	0	0	0	1	1	0	0	0	0	0	1
chr2.1097664.1097902	pos	1	1	1	1	0	0	1	0	1	0	0
chr2.1308159.1308407	pos	0	1	0	1	0	0	1	1	0	0	1
chr2.1371846.1372148	pos	0	0	0	0	0	0	1	0	1	0	0
chr2.1481219.1481434	pos	0	1	0	1	1	0	1	1	1	0	1
chr2.1500235.1500640	pos	1	1	0	1	1	1	1	1	1	1	1
chr2.2349903.2350185	pos	0	1	1	1	1	1	0	0	0	0	1
chr2.2409232.2409593	pos	0	1	0	1	0	0	1	1	0	0	1
chr2.2436589.2436786	pos	1	1	1	1	1	0	1	1	1	0	0
chr2.3009433.3011935	pos	1	1	1	1	1	1	1	1	1	0	0
chr2.3460129.3460304	pos	0	1	0	1	0	1	0	1	0	0	1
chr2.3586971.3587091	pos	0	1	1	0	0	1	1	1	1	0	0
chr2.4166563.4166704	pos	0	1	0	1	0	0	1	1	0	0	0
chr2.4167013.4167688	pos	0	1	0	1	0	0	0	1	0	0	0
chr2.4207007.4207113	pos	1	1	0	0	1	1	0	1	0	0	0
chr2.4229490.4229821	pos	1	1	1	1	1	1	1	1	0	0	1
chr2.4230039.4230220	pos	1	1	0	1	1	1	0	1	0	0	1
chr2.4233148.4233246	pos	1	1	0	1	1	1	1	1	0	0	1
chr2.4603324.4603675	pos	1	1	0	1	1	0	0	1	0	0	0
chr2.4890704.4890941	pos	0	1	1	1	1	1	1	1	0	0	1
chr2.5112407.5114922	pos	0	1	0	1	1	0	0	1	0	0	1
chr2.5444162.5444299	pos	0	1	1	1	1	0	0	1	1	0	1
chr2.5713514.5713761	pos	1	1	0	1	0	0	1	1	0	1	0
chr2.5719535.5719828	pos	0	1	0	1	1	0	1	1	0	1	1
chr2.6239106.6239388	pos	0	1	1	1	1	0	0	1	0	0	1
chr2.6404632.6404741	pos	0	0	0	1	0	0	0	0	0	0	1
chr2.6404923.6405052	pos	0	0	0	1	0	0	1	0	0	0	1
chr2.6622442.6622548	pos	0	1	1	1	0	1	1	0	0	1	0
chr2.6698503.6698895	pos	1	1	1	1	1	1	1	1	1	0	1
chr2.6725705.6725934	pos	1	1	1	1	1	0	0	1	0	1	0
chr2.6884567.6884850	pos	1	1	0	1	1	0	1	1	1	1	0
chr2.7224332.7224458	pos	0	1	0	1	1	1	1	1	0	0	1
chr2.7224630.7225205	pos	0	1	0	1	1	1	1	1	0	0	1
chr2.7797329.7797398	pos	0	1	0	0	0	0	1	0	0	1	0
chr2.7870525.7870595	pos	1	1	0	0	1	1	0	0	0	1	0
chr2.7968167.7968407	pos	1	1	1	1	1	1	1	1	1	1	1
chr2.7968561.7968696	pos	1	1	1	1	1	1	1	1	1	1	1
chr2.8097928.8098783	pos	0	1	0	1	1	1	0	1	0	0	1
chr2.8202465.8202907	pos	0	1	0	0	0	0	1	0	1	0	0
chr2.8257504.8257631	pos	1	1	0	0	0	0	1	1	1	0	0
chr2.8263572.8263682	pos	0	1	0	1	1	0	1	0	0	0	1
chr2.8278001.8278540	pos	0	1	0	1	1	0	0	1	0	0	1
chr2.8307340.8307631	pos	0	1	0	1	1	1	1	1	1	0	1
chr2.8369772.8369904	pos	0	1	0	1	0	0	1	1	0	0	1
chr2.8454564.8454888	pos	0	1	0	0	1	0	1	1	1	0	0
chr2.8752107.8752900	pos	0	1	0	0	1	1	0	1	0	0	1
chr2.9154962.9155268	pos	0	1	1	1	1	1	1	1	1	0	0
chr2.9376741.9376950	pos	0	1	0	0	1	1	0	1	0	0	1
chr2.9528684.9528873	pos	0	1	0	1	1	1	1	1	1	0	1
chr2.9537106.9537566	pos	0	0	1	1	1	1	0	1	0	0	1
chr2.9915564.9915740	pos	0	1	1	1	1	1	1	1	0	1	1
chr2.10214617.10214832	pos	1	1	0	1	1	1	0	1	0	0	1
chr2.10300900.10301101	pos	0	1	1	1	1	1	1	1	1	1	1
chr2.10423691.10424027	pos	1	1	0	0	1	0	1	0	0	0	1
chr2.10510041.10510542	pos	0	1	1	1	1	1	1	1	0	0	1
chr2.10521895.10521999	pos	0	0	0	1	1	0	0	0	0	0	1
chr2.10525456.10525868	pos	0	1	0	1	0	0	1	0	0	1	0
chr2.10955809.10956114	pos	1	1	0	0	1	0	1	1	1	0	0
chr2.11083137.11083433	pos	0	1	0	1	1	1	1	1	1	0	1
chr2.11100177.11100340	pos	0	1	0	1	0	0	1	1	0	0	1
chr2.11302306.11302432	pos	1	1	1	1	1	0	0	1	0	0	1
chr2.12091128.12091303	pos	1	1	0	1	1	1	0	1	0	0	0
chr2.12142383.12142508	pos	1	1	1	1	1	0	0	1	1	0	0
chr2.12379346.12379522	pos	0	1	1	1	0	0	1	0	1	1	0
chr2.13199897.13200068	pos	0	0	1	1	1	0	0	1	0	0	1
chr2.13424300.13424514	pos	0	1	0	1	1	1	1	1	1	0	1
chr2.13753553.13754508	pos	0	1	1	1	1	1	1	1	1	0	1
chr2.13771625.13771940	pos	0	1	1	1	0	0	1	1	1	0	0
chr2.13791577.13791793	pos	0	1	0	0	0	0	1	1	1	0	0
chr2.13869915.13870297	pos	0	1	0	1	0	0	1	1	1	0	0
chr2.14777730.14778005	pos	1	1	0	1	1	0	1	1	0	0	1
chr2.14870137.14870407	pos	0	0	0	1	0	1	1	1	1	0	1
chr2.14870540.14870651	pos	0	1	0	1	0	1	1	1	1	0	1
chr2.14871157.14871768	pos	0	1	0	1	0	0	1	1	1	0	1
chr2.15049295.15049729	pos	1	1	1	0	1	1	0	0	0	0	0
chr2.15051217.15051338	pos	1	1	0	0	1	1	0	0	0	1	0
chr2.15103817.15103979	pos	1	1	0	1	1	0	0	1	0	0	1
chr2.15397740.15397972	pos	0	1	1	1	1	1	0	1	0	0	1
chr2.16253780.16254281	pos	0	1	1	1	1	1	1	1	1	0	1
chr2.16539047.16539152	pos	0	1	0	1	1	0	0	1	0	0	1
chr2.16674499.16674724	pos	0	0	0	1	0	0	0	0	0	0	1
chr2.16815556.16815786	pos	1	1	1	1	1	1	0	1	0	0	1
chr2.17529731.17530122	pos	0	1	0	1	1	1	1	1	1	0	1
chr2.17941667.17942113	pos	0	1	0	1	1	0	1	1	0	0	1
chr2.17942225.17942344	pos	0	0	0	1	0	0	1	1	1	0	1
chr2.18005630.18006476	pos	0	1	0	1	1	0	1	1	1	0	1
chr2.18063281.18063603	pos	0	1	1	0	0	0	1	0	0	0	0
chr2.18081821.18081972	pos	0	1	1	1	0	0	1	0	1	0	0
chr2.18112097.18112206	pos	0	1	1	1	1	1	1	1	1	0	1
chr2.18881411.18881641	pos	0	0	0	1	1	0	0	0	0	0	1
chr2.18999386.18999720	pos	0	1	1	0	0	0	1	0	0	0	1
chr2.19891163.19891276	pos	0	1	1	1	0	1	1	1	0	0	1
chr2.20166797.20167368	pos	0	1	0	1	0	0	1	0	1	0	0
chr2.20961996.20962412	pos	0	1	0	1	1	0	0	1	0	1	1
chr2.21384213.21384538	pos	1	1	0	0	1	1	0	1	1	0	1
chr2.21497819.21498177	pos	0	1	1	1	1	1	0	1	0	0	1
chr2.21693771.21694202	pos	1	1	1	1	1	1	1	1	1	0	0
chr2.21755156.21755385	pos	1	1	0	1	1	0	0	1	1	0	0
chr2.22702962.22703251	pos	1	1	0	1	1	1	1	1	1	0	1
chr2.23312155.23312387	pos	0	1	0	0	0	1	1	0	1	0	0
chr2.23360484.23360690	pos	0	1	0	1	0	1	0	1	0	0	1
chr2.24116165.24117442	pos	0	1	0	1	1	1	1	1	1	0	1
chr2.24271384.24271486	pos	0	1	0	0	0	0	1	0	1	0	0
chr2.24301975.24302155	pos	0	0	0	1	1	0	0	1	0	0	1
chr2.24565165.24565297	pos	0	1	0	0	0	0	1	0	1	0	0
chr2.24666306.24666660	pos	1	1	0	1	1	0	1	1	1	0	0
chr2.24672396.24672498	pos	0	1	0	1	0	0	1	1	1	0	0
chr2.24767095.24767284	pos	1	1	0	1	1	1	0	1	0	0	0
chr2.24768031.24769813	pos	1	1	0	1	1	1	0	1	0	0	0
chr2.24769969.24770465	pos	1	1	0	1	1	1	1	1	0	1	0
chr2.24806052.24806276	pos	1	1	0	1	1	0	1	1	1	0	0
chr2.24915429.24915606	pos	1	1	1	1	1	1	1	1	0	0	1
chr2.24924676.24924832	pos	0	1	0	1	1	1	1	1	1	1	0
chr2.25490520.25490697	pos	0	1	0	1	0	0	1	1	1	0	1
chr2.25962026.25962235	pos	1	0	0	0	0	1	0	0	0	0	1
chr2.25974583.25975150	pos	1	1	0	1	1	1	0	1	0	0	1
chr2.26088134.26088335	pos	0	1	0	1	1	0	0	1	0	0	1
chr2.26189242.26189742	pos	1	1	0	1	1	1	0	0	0	1	0
chr2.26535918.26536027	pos	0	1	0	1	1	1	0	1	0	0	1
chr2.27058863.27058975	pos	1	0	0	0	1	0	0	0	0	0	1
chr2.27273644.27273807	pos	0	1	1	1	0	0	1	1	1	0	0
chr2.27318644.27318749	pos	0	1	0	1	1	0	0	1	0	0	1
chr2.27746449.27747067	pos	1	1	0	1	1	1	0	1	0	0	1
chr2.27981393.27981987	pos	1	1	0	1	1	1	1	1	0	0	1
chr2.28836804.28837149	pos	1	1	0	1	1	0	1	0	0	1	0
chr2.28965065.28965209	pos	1	1	0	1	1	0	0	0	0	1	0
chr2.29361384.29361507	pos	0	1	0	1	0	0	1	0	1	0	1
chr3.493104.493514	pos	1	1	0	1	1	1	1	1	1	0	0
chr3.1118705.1118883	pos	1	0	0	0	1	1	0	1	0	0	1
chr3.1223710.1223941	pos	0	1	1	1	1	1	0	1	0	0	1
chr3.1299018.1299155	pos	0	0	0	0	0	0	0	0	0	0	0
chr3.1652504.1652654	pos	1	1	0	0	1	0	0	0	0	0	0
chr3.1827983.1828554	pos	0	1	0	1	1	1	0	1	0	0	1
chr3.2281639.2282199	pos	0	1	0	1	1	1	0	1	0	0	1
chr3.2524703.2525688	pos	1	1	1	1	1	1	1	1	0	0	1
chr3.2542193.2542341	pos	1	1	1	1	1	1	1	0	1	0	0
chr3.2686587.2687071	pos	0	1	0	1	1	1	0	1	0	0	1
chr3.2828814.2829005	pos	0	0	0	1	1	1	0	1	0	0	0
chr3.3826316.3826455	pos	1	1	0	1	1	1	0	1	1	1	0
chr3.4234297.4235408	pos	0	1	1	1	0	1	1	1	1	0	1
chr3.4292236.4292475	pos	0	1	1	1	0	1	1	0	0	0	1
chr3.4308897.4309213	pos	0	1	0	0	0	0	1	0	1	0	0
chr3.4435393.4435491	pos	0	0	0	0	0	0	1	0	0	1	0
chr3.4787806.4788002	pos	0	0	1	1	0	0	1	1	1	0	1
chr3.4900247.4900413	pos	1	1	0	0	1	1	0	0	0	1	0
chr3.4936605.4937246	pos	0	1	1	1	1	0	1	1	1	1	0
chr3.4963280.4963425	pos	0	1	1	1	1	1	1	1	0	1	1
chr3.4963711.4964346	pos	1	1	0	1	1	1	1	1	0	1	1
chr3.5522584.5522864	pos	0	1	1	1	1	1	1	1	1	0	1
chr3.5738379.5738801	pos	0	0	1	1	1	1	1	1	0	0	1
chr3.5884062.5884887	pos	1	1	0	1	1	1	0	1	0	0	0
chr3.6557286.6557525	pos	1	1	0	1	1	0	0	1	1	0	1
chr3.7394118.7394280	pos	0	1	1	1	1	1	0	1	0	0	1
chr3.7394533.7394657	pos	0	1	0	1	1	1	0	1	0	0	1
chr3.7811445.7811594	pos	0	0	0	0	0	0	1	0	1	0	0
chr3.7820135.7820363	pos	1	1	0	1	1	1	0	1	0	0	0
chr3.7931705.7931920	pos	1	1	0	1	1	1	0	1	0	0	0
chr3.8153723.8153990	pos	1	0	0	0	1	0	0	0	0	0	0
chr3.8410382.8410714	pos	0	1	0	1	1	0	1	1	1	0	1
chr3.8583968.8584291	pos	0	1	0	1	1	1	1	1	1	0	1
chr3.8867873.8868542	pos	1	1	0	0	1	1	0	0	0	0	0
chr3.8893133.8893975	pos	1	1	1	1	1	1	0	1	0	0	1
chr3.8899520.8899726	pos	0	1	0	1	1	0	1	0	1	0	1
chr3.8909284.8910232	pos	0	0	0	1	1	0	1	1	1	0	1
chr3.8932987.8933833	pos	1	1	0	0	1	1	1	1	0	0	1
chr3.9173065.9173315	pos	1	1	1	1	1	1	1	1	1	1	1
chr3.9413375.9413635	pos	1	1	0	1	1	1	0	1	0	0	1
chr3.9819345.9819452	pos	1	1	0	1	1	1	1	1	0	1	0
chr3.9858764.9858970	pos	1	1	0	1	1	0	1	1	0	1	0
chr3.10136525.10136614	pos	0	1	0	0	0	0	1	0	1	1	0
chr3.10175076.10175414	pos	0	1	0	0	0	0	1	1	1	0	0
chr3.10195107.10196362	pos	0	0	0	1	1	0	1	1	0	1	1
chr3.10474185.10474289	pos	0	1	0	1	0	0	0	0	0	0	1
chr3.10476085.10476455	pos	0	1	0	1	0	0	1	1	0	0	1
chr3.10598477.10598592	pos	1	1	0	1	0	1	0	1	0	0	1
chr3.10976368.10976604	pos	0	1	0	1	1	1	0	1	0	0	1
chr3.11048296.11048433	pos	0	0	1	1	1	0	0	1	0	0	1
chr3.11049017.11049312	pos	0	1	0	1	1	0	1	1	1	0	1
chr3.11092578.11092752	pos	0	0	0	0	0	1	0	0	0	0	0
chr3.11243160.11243528	pos	1	1	0	1	1	0	1	1	0	1	0
chr3.11303128.11303289	pos	0	1	1	0	0	0	1	0	1	0	0
chr3.11445779.11446719	pos	0	1	0	1	0	1	1	0	0	0	1
chr3.11865098.11865212	pos	0	1	0	1	0	1	1	1	0	0	1
chr3.12614342.12614567	pos	0	1	1	0	0	0	1	1	1	1	0
chr3.12643150.12643251	pos	0	1	1	1	0	1	1	1	1	0	1
chr3.12669269.12669595	pos	1	1	1	0	1	1	0	1	0	0	0
chr3.13692009.13692218	pos	0	1	1	1	1	1	1	1	0	0	1
chr3.13764488.13765063	pos	1	1	1	1	1	0	0	1	1	0	0
chr3.14021384.14022463	pos	0	1	0	1	1	1	0	1	0	0	1
chr3.14281867.14281990	pos	1	1	0	1	1	0	0	0	0	0	0
chr3.14476516.14476712	pos	0	1	0	1	1	1	1	1	1	0	0
chr3.14487358.14487668	pos	0	1	1	1	1	1	1	1	1	0	0
chr3.14588688.14588789	pos	0	1	0	1	0	0	1	1	0	1	1
chr3.14588924.14589218	pos	0	1	0	1	0	0	1	1	0	1	1
chr3.14596069.14596545	pos	0	1	0	1	1	1	1	1	0	0	1
chr3.14751752.14752206	pos	0	1	0	1	1	0	1	1	0	0	1
chr3.14839200.14839519	pos	1	1	0	1	1	1	0	1	1	0	0
chr3.15125091.15125621	pos	1	1	0	0	1	0	0	0	0	0	0
chr3.15276859.15277340	pos	0	0	0	1	1	0	1	1	1	0	1
chr3.15277505.15277658	pos	0	1	0	1	1	0	1	1	1	0	1
chr3.15328714.15330189	pos	0	0	1	1	1	0	1	1	0	0	1
chr3.15607570.15608508	pos	1	1	0	1	1	1	0	1	1	0	0
chr3.15700131.15700240	pos	0	1	0	1	1	0	0	1	0	0	1
chr3.15741399.15741930	pos	0	1	1	1	1	1	0	1	0	0	1
chr3.17037144.17037624	pos	0	1	0	1	1	1	1	1	1	0	1
chr3.17737507.17737650	pos	1	1	0	1	1	1	0	1	0	1	0
chr3.18503613.18503728	pos	0	1	1	1	0	1	0	1	0	0	1
chr3.18582301.18582513	pos	0	1	0	1	1	1	1	1	1	0	0
chr3.19911006.19911774	pos	1	1	0	0	1	0	0	0	0	1	0
chr3.19923344.19923518	pos	1	1	1	1	1	1	0	1	0	0	0
chr3.20093716.20094156	pos	0	1	0	1	1	1	0	1	0	0	1
chr3.20216856.20217007	pos	0	1	0	0	0	0	1	0	1	0	0
chr3.20235024.20235210	pos	1	1	0	1	1	1	1	1	0	0	0
chr3.20353949.20354063	pos	0	1	0	0	1	1	0	1	0	0	0
chr3.20419650.20419758	pos	0	0	0	1	0	0	0	1	0	0	1
chr3.20836133.20836325	pos	0	1	0	1	0	0	0	1	0	0	1
chr3.21059325.21059436	pos	0	1	0	1	1	1	1	1	0	0	1
chr3.21206760.21206898	pos	0	0	1	0	0	0	1	1	1	0	0
chr3.21214306.21214432	pos	0	1	0	1	1	1	1	1	0	0	1
chr3.21483275.21483605	pos	0	1	1	1	1	1	1	1	1	0	1
chr3.21553540.21554067	pos	0	1	0	1	1	1	0	1	0	0	1
chr3.21656911.21657202	pos	1	1	0	0	1	0	0	1	1	0	0
chr3.22397483.22397633	pos	0	1	1	1	1	1	1	1	1	1	0
chr3.22991215.22991475	pos	1	1	0	1	1	1	0	1	0	0	0
chr3.23411650.23411923	pos	0	1	0	1	0	0	1	1	1	0	0
chr3.23462163.23462296	pos	0	1	0	1	0	0	1	1	1	0	0
chr3.23642466.23642599	pos	0	1	0	1	1	1	0	1	0	0	1
chr3.23790049.23790256	pos	1	1	0	0	1	1	1	1	1	0	0
chr3.24365442.24365520	pos	0	1	0	1	0	0	0	1	0	0	1
chr3.24602355.24602492	pos	1	1	1	1	1	0	1	1	1	1	1
chr3.24748821.24748978	pos	0	1	1	1	1	0	1	0	1	0	1
chr3.24825157.24825749	pos	0	0	0	1	0	0	0	0	1	0	1
chr3.25277188.25277425	pos	0	0	1	1	1	0	1	1	0	0	1
chr3.25305053.25305450	pos	0	1	0	1	1	1	1	1	1	0	1
chr3.25666708.25667060	pos	1	1	0	1	1	1	1	1	0	0	1
chr3.26034922.26035076	pos	0	1	1	1	1	0	1	1	0	1	0
chr3.26488704.26488869	pos	1	1	0	0	1	1	0	1	0	0	0
chr3.26920155.26920329	pos	0	0	1	1	1	0	0	0	1	0	1
chr3.26920675.26920754	pos	0	0	1	1	1	0	1	0	1	0	1
chr4.20517.20628	pos	0	0	1	0	0	0	1	0	1	0	0
chr4.441111.441322	pos	1	1	0	1	0	1	1	1	0	0	0
chr4.510762.510835	pos	0	1	1	1	1	1	1	0	1	1	1
chr4.1097335.1097729	pos	0	0	1	1	0	0	1	0	0	0	1
chr4.1247220.1247390	pos	1	1	0	1	1	0	0	1	0	0	1
chr4.1333530.1334270	pos	0	0	0	1	1	0	0	0	0	0	1
chr4.1710780.1711460	pos	0	1	0	1	0	0	1	0	0	0	0
chr4.2122809.2122962	pos	1	1	0	0	1	1	0	1	0	1	0
chr4.2525622.2526114	pos	0	1	0	1	1	1	1	1	1	0	1
chr4.2714217.2714403	pos	1	1	0	1	0	0	1	1	1	0	0
chr4.4385236.4385304	pos	0	1	0	0	0	0	1	0	1	0	0
chr4.4728723.4728953	pos	0	1	1	1	1	0	1	0	1	0	0
chr4.5192209.5192305	pos	0	1	0	0	0	1	1	1	1	0	0
chr4.5478972.5479098	pos	1	1	0	1	1	0	0	1	0	0	0
chr4.5587380.5587674	pos	1	1	0	0	0	1	0	0	0	0	0
chr4.6292850.6293015	pos	1	1	1	1	1	1	1	1	0	0	1
chr4.6300811.6300966	pos	0	1	1	1	0	0	1	1	0	0	0
chr4.6335033.6335160	pos	0	1	0	1	1	1	1	1	0	0	1
chr4.6821873.6822007	pos	0	1	0	1	1	1	1	1	1	0	1
chr4.6995213.6996095	pos	0	1	1	1	1	1	1	1	0	0	1
chr4.7090308.7090556	pos	1	1	0	1	1	1	0	1	0	0	1
chr4.7755331.7756111	pos	1	1	0	1	1	1	0	1	0	0	0
chr4.7788245.7788578	pos	0	1	1	1	1	1	0	1	0	0	0
chr4.7788723.7788870	pos	0	1	1	1	1	1	0	1	0	0	0
chr4.7969217.7969473	pos	0	1	0	1	1	1	1	1	0	1	1
chr4.8094887.8095089	pos	0	1	0	1	1	1	1	1	1	1	1
chr4.8628074.8628225	pos	0	1	0	1	1	0	1	0	0	1	0
chr4.9138983.9139560	pos	1	1	0	1	1	0	1	1	0	1	1
chr4.9539097.9539195	pos	0	1	0	1	0	0	1	1	0	1	1
chr4.9596243.9596399	pos	0	1	0	1	0	1	0	1	0	0	1
chr4.9656845.9656981	pos	0	1	0	1	0	1	1	1	1	1	0
chr4.9724305.9724829	pos	0	1	0	1	0	1	1	0	1	0	1
chr4.9724954.9725181	pos	0	0	0	1	0	0	0	0	0	0	1
chr4.9998122.9998348	pos	0	0	0	1	1	1	0	1	0	0	1
chr4.10185617.10185935	pos	0	1	1	1	1	0	1	1	0	0	1
chr4.10355465.10355695	pos	0	1	1	1	1	1	1	1	1	0	0
chr4.10399349.10399524	pos	0	1	0	1	0	0	1	0	1	0	0
chr4.10575937.10576172	pos	0	1	0	1	1	1	1	1	0	1	1
chr4.11152936.11153121	pos	0	0	1	0	0	0	1	0	1	0	0
chr4.11488693.11488792	pos	1	1	0	1	1	0	0	1	0	1	0
chr4.12359221.12359366	pos	0	1	0	1	0	0	1	1	1	0	1
chr4.12359606.12359964	pos	0	0	0	1	0	0	0	0	0	0	1
chr4.12468342.12468455	pos	1	1	0	1	1	1	0	1	0	0	0
chr4.12582021.12582167	pos	0	0	0	0	1	1	0	0	0	0	1
chr4.13310148.13310249	pos	0	0	1	1	1	0	0	1	0	0	1
chr4.13534154.13534420	pos	0	1	0	1	1	1	1	1	0	0	1
chr4.13672542.13673495	pos	1	1	0	1	1	1	1	1	1	0	1
chr4.14292341.14292552	pos	0	1	1	1	1	0	0	1	0	1	1
chr4.14329550.14329786	pos	0	1	0	1	1	0	1	1	1	1	1
chr4.14393704.14394419	pos	0	1	0	1	1	1	0	1	0	0	1
chr4.16100027.16100710	pos	1	1	0	1	1	0	0	1	0	0	1
chr4.16127029.16127249	pos	0	1	0	1	1	0	0	1	0	0	1
chr4.16483999.16484156	pos	0	1	0	1	0	0	1	1	0	0	1
chr4.16484553.16484724	pos	0	1	0	1	1	0	0	1	0	0	1
chr4.17187430.17187643	pos	0	1	0	1	1	1	1	1	1	1	1
chr4.17351487.17351629	pos	0	1	1	1	0	0	1	1	0	0	1
chr4.17772003.17772613	pos	0	1	1	1	1	1	1	1	0	0	1
chr4.17773212.17773698	pos	0	1	1	1	1	1	1	1	0	0	1
chr4.17799333.17799642	pos	1	1	0	1	1	1	0	1	0	0	1
chr4.17990946.17991263	pos	1	1	0	1	1	0	0	1	0	1	0
chr4.18133037.18133169	pos	1	1	1	1	1	1	1	1	1	0	1
chr4.18133327.18133742	pos	0	1	1	1	1	1	1	1	1	0	1
chr4.18195502.18196072	pos	1	1	0	1	1	1	0	1	0	0	0
chr4.18535171.18535321	pos	1	1	0	1	1	0	0	1	1	1	0
chr4.19368531.19368826	pos	1	1	1	1	0	1	0	1	1	0	0
chr4.19420006.19420458	pos	0	1	0	1	1	1	1	1	0	0	1
chr4.19525880.19525979	pos	0	0	0	1	0	0	0	1	0	0	1
chr4.19683576.19684169	pos	0	1	1	1	0	0	1	1	1	0	1
chr4.19747511.19747953	pos	1	1	0	1	1	1	1	1	1	0	0
chr4.19840992.19841151	pos	0	0	0	0	0	0	1	0	1	1	0
chr4.19849862.19849934	pos	0	1	1	0	0	0	1	0	1	1	0
chr4.20459683.20460294	pos	1	1	1	1	1	1	1	1	1	0	1
chr4.20805559.20805775	pos	1	1	0	1	1	1	0	1	0	1	0
chr4.20851616.20851753	pos	1	1	0	1	1	0	0	1	0	1	0
chr4.20951983.20952118	pos	0	1	0	1	1	0	1	1	1	1	1
chr4.21431076.21432260	pos	1	1	1	1	1	1	1	1	1	0	1
chr4.21653308.21653465	pos	0	1	1	1	0	1	1	1	0	0	1
chr4.21745353.21745675	pos	1	1	0	1	1	1	0	1	0	0	1
chr4.22269731.22269944	pos	0	0	0	0	0	0	1	0	1	0	0
chr4.22448920.22449212	pos	0	0	0	1	0	0	0	1	0	0	0
chr4.23520247.23520999	pos	1	1	0	1	1	1	0	1	0	0	1
chr4.23546293.23546448	pos	0	1	0	1	1	1	1	1	0	0	0
chr4.24303836.24303908	pos	0	1	0	1	1	1	0	1	1	0	1
chr4.24304390.24304653	pos	0	1	0	1	1	1	1	1	1	0	1
chr4.24412725.24412983	pos	1	1	0	0	1	1	0	1	0	0	1
chr4.24420316.24420605	pos	1	1	0	1	1	1	0	1	0	0	1
chr4.24829641.24829815	pos	0	1	0	1	0	1	1	1	1	0	1
chr4.25449400.25450065	pos	1	1	0	0	1	0	1	0	0	1	0
chr4.26261786.26261958	pos	0	0	0	0	1	1	0	1	0	0	1
chr4.26265090.26265672	pos	0	1	1	1	1	1	1	1	0	0	1
chr4.26326934.26327172	pos	0	1	1	1	0	0	1	1	0	0	1
chr4.26392350.26392506	pos	0	0	0	1	1	0	0	0	0	0	1
chr4.26392763.26394155	pos	0	1	0	1	1	1	1	1	0	0	1
chr4.26600310.26600422	pos	0	0	0	1	0	0	1	0	1	0	1
chr4.26768933.26769037	pos	0	1	0	1	1	0	1	1	1	0	1
chr5.624234.624447	pos	0	0	1	1	1	0	0	1	0	0	1
chr5.624565.624850	pos	0	0	1	1	1	0	1	1	1	0	1
chr5.1007332.1007949	pos	1	1	0	1	1	1	1	1	1	1	0
chr5.1117257.1117680	pos	1	1	1	1	1	1	1	1	0	1	0
chr5.1365308.1365445	pos	0	0	0	0	0	0	0	0	0	0	0
chr5.2100422.2100803	pos	0	1	1	0	1	1	0	1	0	0	1
chr5.2364846.2364974	pos	1	1	0	1	1	1	1	1	0	0	0
chr5.2365625.2366069	pos	1	1	0	1	1	1	1	1	0	0	1
chr5.2527426.2527732	pos	1	1	0	1	1	1	1	1	0	0	0
chr5.2995022.2995162	pos	1	1	1	1	1	0	0	1	0	0	1
chr5.3454755.3455355	pos	1	1	1	1	1	1	0	1	0	0	1
chr5.3491604.3491856	pos	0	1	0	1	1	1	1	1	1	0	1
chr5.3640330.3640428	pos	1	1	0	1	1	0	1	1	0	1	1
chr5.4436838.4437100	pos	0	1	0	1	1	1	1	1	1	1	1
chr5.5195496.5195891	pos	1	1	0	1	1	1	0	0	0	0	1
chr5.5464015.5464145	pos	0	1	0	1	1	1	1	1	0	0	1
chr5.5790832.5791014	pos	0	1	0	1	1	1	1	1	1	0	0
chr5.5793359.5793483	pos	1	1	0	1	1	0	0	0	0	1	0
chr5.5901672.5902240	pos	0	1	1	1	1	0	1	1	0	1	1
chr5.6467042.6467158	pos	0	1	0	1	1	1	0	1	0	0	1
chr5.6467766.6467973	pos	1	1	0	1	1	1	0	1	0	0	0
chr5.6471855.6471996	pos	1	1	0	0	1	1	0	1	0	0	0
chr5.6472182.6472350	pos	1	1	1	0	1	1	0	1	0	0	0
chr5.6611113.6611642	pos	0	1	0	1	1	1	0	1	0	1	1
chr5.7107901.7109877	pos	1	1	1	1	1	1	0	1	0	0	1
chr5.7114308.7114609	pos	1	1	0	0	1	1	0	1	0	0	0
chr5.8179242.8179454	pos	0	0	1	1	0	0	0	0	0	0	1
chr5.8362638.8362768	pos	1	1	0	1	1	0	1	1	1	0	0
chr5.9663064.9663365	pos	1	1	0	1	1	0	1	1	1	0	0
chr5.9834131.9834331	pos	0	0	1	0	0	0	1	0	1	0	0
chr5.10280812.10280996	pos	0	1	1	1	1	1	1	1	1	0	0
chr5.10312344.10312468	pos	0	1	0	1	0	0	1	0	0	0	1
chr5.10539736.10539914	pos	0	1	1	0	0	0	1	0	1	0	0
chr5.11318160.11318596	pos	1	0	0	0	1	0	0	0	0	0	0
chr5.11355753.11355870	pos	1	1	0	1	1	0	0	1	0	0	1
chr5.12448533.12448825	pos	1	1	0	1	1	1	0	1	0	0	0
chr5.13872279.13872449	pos	0	1	0	1	0	0	0	1	0	0	1
chr5.15099940.15100003	pos	0	0	0	0	0	0	1	0	0	1	0
chr5.15284237.15284502	pos	0	1	0	1	1	1	1	0	0	0	1
chr5.15724438.15724677	pos	0	1	0	1	0	0	1	1	1	1	1
chr5.16035251.16035451	pos	0	1	1	1	0	0	1	0	1	0	1
chr5.16149172.16149518	pos	1	1	1	1	1	1	0	1	0	0	0
chr5.16170725.16171153	pos	0	1	1	1	1	1	1	0	1	1	1
chr5.16240730.16241071	pos	0	1	1	1	1	1	0	1	0	0	1
chr5.16371474.16374259	pos	0	1	0	1	1	1	0	1	0	1	1
chr5.16607654.16607764	pos	0	1	0	1	1	1	1	0	1	0	1
chr5.16643589.16644104	pos	0	1	1	0	0	0	1	0	1	0	0
chr5.17003851.17004218	pos	0	1	1	1	1	1	1	1	0	1	1
chr5.17008375.17010080	pos	0	1	1	1	1	1	1	1	0	0	1
chr5.17637487.17637929	pos	0	1	0	1	0	0	1	1	1	0	0
chr5.17701583.17701777	pos	0	1	0	0	0	0	1	0	1	0	0
chr5.17739055.17739581	pos	1	1	0	0	1	1	0	1	0	0	0
chr5.17798250.17798357	pos	0	1	0	1	0	0	1	1	1	0	0
chr5.18640686.18640801	pos	0	1	1	0	0	0	1	0	1	0	0
chr5.19021560.19022094	pos	0	1	0	1	0	1	0	1	0	0	1
chr5.19025733.19025907	pos	1	1	0	1	0	0	1	1	0	0	0
chr5.19049171.19049920	pos	1	1	0	0	1	1	0	0	0	0	0
chr5.19054377.19055464	pos	1	1	0	1	1	1	1	1	0	0	1
chr5.19559225.19559457	pos	1	1	0	1	1	1	0	1	0	0	0
chr5.19921212.19921306	pos	1	1	1	1	1	0	1	1	1	0	0
chr5.20407299.20407603	pos	0	1	0	0	0	0	1	1	1	0	0
chr5.20414212.20414333	pos	0	1	0	1	1	1	1	1	1	0	0
chr5.20731398.20731503	pos	0	0	0	1	1	1	0	1	0	0	1
chr5.20769289.20769366	pos	0	1	1	1	1	1	1	1	0	0	1
chr5.20801690.20801879	pos	0	1	0	1	0	1	1	1	1	0	0
chr5.20815419.20815659	pos	0	1	0	1	1	1	1	1	0	0	1
chr5.21874350.21874557	pos	1	1	0	1	1	0	0	1	0	1	0
chr5.21926244.21926497	pos	1	1	1	1	1	1	1	1	0	0	1
chr5.21940684.21942816	pos	0	1	0	1	1	1	1	1	0	0	1
chr5.21943363.21943523	pos	0	0	0	1	0	1	0	0	0	0	1
chr5.22111342.22111466	pos	1	1	0	1	1	1	0	1	0	0	1
chr5.22401141.22403282	pos	0	1	1	1	1	1	1	1	0	0	1
chr5.23656825.23657067	pos	1	1	0	1	1	0	0	1	0	1	0
chr5.23675801.23676076	pos	1	1	0	1	1	0	0	1	0	1	0
chr5.23696317.23696438	pos	1	1	0	1	1	0	0	1	0	1	0
chr5.23960561.23960935	pos	0	1	1	0	0	0	1	0	1	0	0
chr5.24875042.24876899	pos	1	1	0	1	1	1	1	1	0	1	0
chr5.24877316.24878363	pos	1	1	0	1	1	0	1	1	1	1	0
chr5.24880375.24881250	pos	1	1	0	1	1	0	1	1	0	0	0
chr5.24881956.24882749	pos	1	1	0	1	1	0	0	1	1	0	0
chr5.24956575.24957065	pos	1	1	0	0	1	0	0	0	0	0	0
chr5.24979498.24980537	pos	1	1	0	0	1	0	1	0	0	1	0
chr5.24986954.24987157	pos	1	0	0	0	0	1	0	0	0	0	0
chr5.24987410.24987532	pos	1	0	0	0	0	1	0	0	0	0	0
chr5.25026505.25026872	pos	0	1	0	1	1	1	0	1	1	0	1
chr5.25883258.25883515	pos	1	0	0	1	0	0	1	1	0	0	1
chr5.26345829.26346410	pos	0	1	1	1	0	0	1	0	1	0	0
chr5.26347691.26348629	pos	1	1	0	1	0	1	1	1	0	0	1
chr5.26502573.26502936	pos	0	1	1	1	1	1	1	1	1	0	1
chr5.26503066.26503976	pos	0	1	1	1	1	1	1	1	1	0	1
chr6.707040.707895	pos	1	1	0	1	1	1	1	1	1	0	0
chr6.710061.710438	pos	0	1	0	0	0	0	1	0	1	0	0
chr6.1048294.1048765	pos	0	1	0	1	1	1	0	1	0	0	1
chr6.1294093.1294215	pos	0	0	0	0	1	1	0	0	0	0	1
chr6.1468083.1468422	pos	1	1	0	1	1	1	0	1	0	0	0
chr6.1737126.1737544	pos	1	1	0	1	1	1	1	1	1	0	0
chr6.1747697.1747828	pos	1	1	0	1	1	1	0	1	0	0	0
chr6.1747953.1748084	pos	1	1	0	1	1	1	0	1	0	0	0
chr6.1750226.1750454	pos	1	1	0	1	0	1	1	1	1	0	0
chr6.1933638.1933874	pos	0	1	1	1	1	1	1	1	0	0	1
chr6.1933948.1934569	pos	0	1	1	1	1	1	1	1	0	0	1
chr6.2087962.2088511	pos	0	1	0	1	1	0	1	1	0	0	1
chr6.2088778.2089068	pos	0	1	0	1	1	0	1	1	0	0	1
chr6.2227779.2227872	pos	0	1	0	1	1	0	0	1	0	0	1
chr6.2663296.2663879	pos	1	1	0	1	1	0	0	1	0	0	1
chr6.2664029.2664180	pos	1	1	0	1	1	0	0	1	0	0	1
chr6.3149643.3150364	pos	0	1	0	1	1	1	0	1	0	0	1
chr6.3316050.3316610	pos	1	1	0	1	1	1	0	1	0	0	0
chr6.3320994.3321239	pos	1	1	0	1	1	1	0	1	1	0	0
chr6.3401095.3401301	pos	1	1	0	1	1	0	0	0	0	1	0
chr6.3677332.3677658	pos	1	1	0	1	1	1	0	1	0	0	1
chr6.3858871.3859015	pos	0	0	1	0	0	0	1	0	0	0	0
chr6.4212204.4212339	pos	0	1	0	1	1	1	1	1	1	1	0
chr6.5163406.5163787	pos	1	1	0	1	0	0	1	1	1	0	1
chr6.5164899.5165194	pos	0	1	0	1	1	0	1	1	1	1	0
chr6.5277543.5277800	pos	1	1	0	1	1	1	0	1	1	0	1
chr6.5657679.5657800	pos	0	1	0	1	0	0	0	1	0	1	1
chr6.5667723.5667821	pos	0	1	1	1	0	0	0	1	0	0	1
chr6.5920444.5920870	pos	1	1	0	1	1	0	1	1	0	0	1
chr6.5938225.5938375	pos	1	1	1	1	1	0	0	1	0	0	0
chr6.5946788.5947141	pos	0	1	1	1	0	0	1	1	0	1	1
chr6.6395579.6395818	pos	0	1	0	1	0	0	1	1	1	0	0
chr6.6717615.6717713	pos	1	1	1	1	0	0	0	1	0	0	1
chr6.6718001.6718141	pos	0	1	1	1	0	0	0	1	0	0	1
chr6.7258785.7259122	pos	1	1	0	1	1	1	0	1	0	1	0
chr6.7271270.7271465	pos	1	1	0	0	1	1	0	1	0	1	0
chr6.7381681.7381797	pos	1	1	0	0	1	1	0	1	0	0	0
chr6.7449164.7449746	pos	1	1	0	1	1	1	0	1	0	1	1
chr6.7507621.7507744	pos	0	1	0	1	0	0	1	1	0	0	1
chr6.7543071.7543726	pos	0	1	0	1	0	0	1	0	1	0	1
chr6.7544041.7544174	pos	0	0	1	0	0	0	1	0	1	0	0
chr6.7970700.7971743	pos	1	1	1	1	1	1	1	0	0	1	0
chr6.8411065.8411164	pos	0	1	0	1	0	0	0	1	0	0	1
chr6.9109833.9110690	pos	0	1	1	1	1	1	1	1	1	0	1
chr6.9552269.9552408	pos	0	0	1	0	0	0	1	0	1	0	0
chr6.9752765.9752880	pos	0	1	0	1	0	0	1	1	1	0	1
chr6.9753050.9753208	pos	0	1	1	1	1	0	1	1	1	0	1
chr6.10387525.10387759	pos	0	1	1	1	0	0	0	1	0	0	1
chr6.11216251.11216591	pos	1	1	1	1	1	1	0	1	1	0	0
chr6.11354378.11355279	pos	1	1	0	0	1	1	0	1	0	0	1
chr6.11489932.11490118	pos	0	1	1	1	0	1	1	1	0	0	1
chr6.11525952.11526589	pos	1	0	0	0	1	1	0	1	0	0	0
chr6.11833697.11833921	pos	0	1	0	0	0	0	1	0	1	1	0
chr6.13310280.13310544	pos	0	0	0	1	1	0	0	1	0	0	1
chr6.13718317.13718519	pos	0	1	1	1	1	0	1	1	0	0	0
chr6.13861138.13861230	pos	0	1	1	1	0	0	0	1	1	0	0
chr6.13864356.13864437	pos	0	1	0	1	1	0	0	1	0	0	1
chr6.15035794.15036299	pos	1	1	0	1	1	1	1	1	0	0	1
chr6.15481957.15482357	pos	1	1	1	0	1	1	1	0	1	0	1
chr6.15556840.15556995	pos	1	1	0	1	1	1	0	1	0	0	1
chr6.15557599.15558006	pos	1	1	0	1	1	1	0	1	0	0	1
chr6.15912686.15912794	pos	0	0	0	0	0	0	1	0	1	0	0
chr6.16033654.16033791	pos	0	0	0	0	0	0	1	0	1	0	0
chr6.16118456.16118674	pos	0	1	0	1	1	1	1	0	0	0	1
chr6.16708553.16708698	pos	0	1	0	1	0	0	0	0	0	0	1
chr6.16708834.16709392	pos	0	1	0	1	0	1	0	1	0	0	1
chr6.16710679.16710964	pos	0	1	0	1	0	1	1	1	0	0	1
chr6.16832968.16833775	pos	1	1	0	0	1	0	1	1	0	1	0
chr6.16849712.16849866	pos	0	1	0	1	0	0	1	0	1	1	1
chr6.16864000.16864246	pos	0	1	0	1	1	0	0	1	0	0	1
chr6.17098338.17098786	pos	1	1	1	1	1	0	0	1	1	0	0
chr6.17578340.17578692	pos	1	1	1	1	1	0	1	1	1	0	1
chr6.18002111.18002211	pos	0	0	0	1	0	0	0	1	0	0	1
chr6.18425615.18426113	pos	0	1	0	1	0	1	1	1	1	0	1
chr6.18580319.18580607	pos	0	1	0	1	1	0	1	1	0	0	1
chr6.18912904.18913073	pos	1	1	1	1	1	1	0	1	0	0	0
chr6.19327677.19328351	pos	0	1	0	1	0	0	0	0	0	0	1
chr6.20374164.20374526	pos	1	1	1	1	0	0	1	1	0	0	0
chr6.21063139.21063417	pos	0	1	0	0	0	1	1	1	1	0	1
chr6.21193169.21193274	pos	0	1	1	1	1	1	1	1	0	0	1
chr6.21509574.21510700	pos	1	1	0	1	1	1	1	1	1	0	1
chr6.21510937.21511695	pos	1	1	0	1	1	0	0	1	1	0	0
chr6.21511931.21512229	pos	1	1	0	1	1	0	0	1	1	0	0
chr6.21861140.21861296	pos	0	1	0	1	1	0	1	1	0	1	1
chr6.21871465.21871591	pos	0	1	1	1	1	1	0	1	0	0	1
chr6.22067508.22068782	pos	1	1	1	1	1	0	1	1	1	1	0
chr6.22070808.22071266	pos	1	1	0	1	1	0	1	1	0	0	1
chr6.22072955.22073543	pos	0	1	0	1	1	0	1	1	0	0	1
chr6.22094827.22095074	pos	0	1	0	1	1	1	1	1	0	1	1
chr6.22664263.22664607	pos	0	1	0	1	0	0	1	1	1	0	0
chr6.22682035.22682418	pos	1	1	0	1	1	1	1	1	1	0	0
chr6.23014005.23014289	pos	0	0	0	0	1	1	0	0	0	0	1
chr7.1157428.1157609	pos	1	1	0	1	0	0	1	1	0	0	0
chr7.1229830.1230129	pos	0	1	0	1	1	1	1	1	1	0	1
chr7.2586745.2587262	pos	0	0	0	0	1	1	0	0	0	0	1
chr7.2606115.2606282	pos	0	1	1	1	0	1	1	1	0	0	1
chr7.2606947.2607095	pos	0	1	1	1	0	1	1	1	0	0	1
chr7.2743096.2743243	pos	1	1	0	1	1	1	0	1	0	0	1
chr7.3045371.3045522	pos	1	1	0	1	1	1	0	1	0	0	1
chr7.3926429.3926549	pos	0	1	1	1	0	0	1	1	1	1	0
chr7.4389274.4389392	pos	0	1	1	1	0	0	1	1	1	0	1
chr7.4638423.4638663	pos	0	0	1	0	0	0	1	0	1	0	0
chr7.4907953.4908331	pos	0	0	0	1	0	0	0	0	0	0	1
chr7.4989199.4989371	pos	0	0	0	0	0	0	0	0	0	1	0
chr7.5118406.5119766	pos	1	1	0	1	1	1	0	1	0	0	0
chr7.5126167.5126307	pos	1	1	0	1	1	1	1	1	0	0	1
chr7.5161755.5162068	pos	0	1	1	1	1	1	1	1	1	0	1
chr7.5191267.5191378	pos	1	1	0	1	0	0	1	1	1	0	0
chr7.5251391.5251787	pos	1	1	0	1	0	0	1	0	0	0	0
chr7.5836435.5836584	pos	1	1	0	0	1	1	0	0	0	0	0
chr7.5975091.5975256	pos	0	1	0	1	0	1	1	0	0	0	1
chr7.6693226.6693460	pos	1	1	0	1	1	1	1	0	1	0	1
chr7.6712361.6712560	pos	0	0	1	1	0	1	1	0	0	0	1
chr7.6911226.6911356	pos	1	1	0	1	1	0	0	1	0	1	0
chr7.7027097.7027232	pos	1	1	1	1	1	0	0	1	0	1	0
chr7.7232053.7232845	pos	1	1	1	1	1	1	0	1	0	0	1
chr7.7352822.7353028	pos	1	1	0	0	1	0	0	0	0	0	0
chr7.8128649.8129058	pos	0	1	0	0	0	0	1	0	0	1	0
chr7.8187511.8187609	pos	1	1	0	1	0	0	1	1	1	0	0
chr7.8220921.8221099	pos	1	1	1	1	1	0	1	1	1	1	0
chr7.8321432.8321581	pos	0	1	0	1	0	0	1	1	1	1	0
chr7.8612391.8613016	pos	0	1	0	1	1	1	1	1	0	0	0
chr7.9030763.9030828	pos	0	0	0	0	0	0	1	0	1	0	0
chr7.9050836.9051836	pos	1	1	0	0	1	1	1	0	0	1	0
chr7.9068409.9070327	pos	1	1	1	1	1	1	1	1	1	1	0
chr7.9078504.9078754	pos	0	1	1	1	0	1	1	0	1	0	0
chr7.9332253.9332353	pos	0	1	1	1	1	0	0	0	0	0	1
chr7.9488394.9488738	pos	1	1	0	1	1	1	0	1	0	1	0
chr7.9530661.9530752	pos	0	1	1	1	1	1	1	1	0	0	1
chr7.9630924.9631202	pos	1	1	0	1	1	1	0	1	0	0	1
chr7.9767391.9767537	pos	1	1	0	1	1	1	1	1	0	0	1
chr7.9806985.9807195	pos	0	1	0	1	0	0	1	1	0	0	1
chr7.9990373.9990472	pos	0	1	1	0	1	1	1	0	1	0	1
chr7.10225126.10225250	pos	1	1	0	0	1	0	1	0	1	1	0
chr7.10250855.10250960	pos	0	1	0	1	0	0	0	1	1	0	0
chr7.10377869.10378033	pos	0	0	1	1	1	0	0	1	0	0	1
chr7.10378549.10378833	pos	0	0	1	1	1	0	0	1	0	0	1
chr7.10565864.10566046	pos	0	1	0	1	1	1	1	1	1	0	1
chr7.10809817.10810176	pos	1	1	0	1	1	1	1	1	1	0	1
chr7.11192662.11192817	pos	1	1	1	1	1	0	0	1	0	0	0
chr7.11239849.11240072	pos	1	1	0	1	0	0	1	0	0	0	0
chr7.11330329.11330436	pos	0	1	0	1	1	1	1	1	1	0	1
chr7.11342643.11342884	pos	0	1	1	1	0	0	0	1	0	0	1
chr7.12103087.12103446	pos	0	1	0	1	1	1	1	1	0	1	1
chr7.12132701.12133452	pos	1	1	0	1	1	1	1	1	1	1	0
chr7.12133579.12134368	pos	1	1	0	1	1	1	0	1	1	0	0
chr7.12134504.12135367	pos	1	1	0	1	1	1	0	1	1	0	0
chr7.12189742.12189853	pos	0	1	0	0	0	0	1	0	1	0	0
chr7.12369678.12369847	pos	0	1	0	1	1	0	1	0	0	0	1
chr7.12466190.12466308	pos	0	1	1	0	0	0	0	1	0	0	1
chr7.12701319.12702226	pos	0	1	1	1	1	0	0	1	0	0	1
chr7.12810508.12810630	pos	0	1	0	1	0	1	1	1	1	0	1
chr7.12929421.12929546	pos	0	1	1	1	1	1	0	1	0	0	1
chr7.12935813.12936076	pos	1	1	0	0	1	1	0	1	0	0	0
chr7.12936088.12936771	pos	1	1	0	1	1	1	0	1	0	0	0
chr7.13171080.13171306	pos	0	1	0	1	0	0	1	1	1	1	0
chr7.13271248.13273653	pos	0	1	0	1	1	0	1	0	0	0	1
chr7.13273944.13274195	pos	0	0	0	1	0	0	0	0	0	0	1
chr7.13548461.13548775	pos	1	1	0	0	1	1	0	0	0	1	0
chr7.13739463.13740071	pos	0	1	0	1	0	1	0	1	1	0	0
chr7.13944591.13944682	pos	0	1	0	0	0	0	1	0	1	0	0
chr7.14221653.14221773	pos	0	0	0	1	1	0	0	1	0	0	1
chr7.14366771.14366863	pos	0	1	0	1	0	0	1	0	1	0	0
chr7.15170329.15170441	pos	0	1	0	1	1	1	1	1	1	0	1
chr7.15270951.15271242	pos	0	1	1	1	1	1	1	1	1	0	1
chr7.15683498.15683636	pos	0	1	0	1	1	0	1	1	1	0	1
chr7.16043884.16044230	pos	0	1	0	1	0	1	1	0	0	0	1
chr7.16289653.16289867	pos	0	0	0	0	0	0	1	1	1	0	0
chr7.16717751.16717901	pos	0	1	0	1	1	1	0	1	0	0	1
chr7.16748826.16748927	pos	0	1	0	1	1	1	1	1	1	0	1
chr7.16911781.16912034	pos	1	1	0	1	1	1	1	1	0	0	1
chr7.16963105.16963314	pos	0	1	0	1	1	0	1	1	0	0	1
chr7.17602225.17602435	pos	0	1	0	1	1	1	0	1	0	0	1
chr7.17941248.17942168	pos	1	1	1	1	1	1	1	1	0	0	1
chr7.18531211.18531446	pos	1	1	1	1	1	1	0	1	0	0	1
chr7.19009022.19010018	pos	0	1	1	1	1	0	1	1	1	0	1
chr7.19787012.19787163	pos	1	1	0	1	1	0	0	1	1	1	0
chr7.19964490.19964620	pos	1	0	0	0	1	1	0	0	0	0	1
chr7.19967642.19968110	pos	0	0	0	1	1	1	0	1	0	0	1
chr7.20299404.20300914	pos	0	0	0	1	0	0	1	0	0	0	1
chr7.20301057.20301158	pos	0	0	0	1	0	0	0	0	0	0	1
chr7.21055140.21055218	pos	0	1	1	0	0	1	1	0	1	0	0
chr7.21360188.21360667	pos	1	1	1	1	0	1	0	0	1	0	0
chr7.21760519.21760814	pos	0	1	1	1	1	1	1	1	1	0	1
chr7.21932708.21932961	pos	0	0	0	1	1	0	0	0	0	0	1
chr8.615957.616448	pos	0	1	0	1	1	1	0	1	0	0	1
chr8.919764.920604	pos	0	1	0	1	0	0	1	1	0	0	1
chr8.929154.929457	pos	1	1	0	1	1	1	1	1	1	0	1
chr8.946270.946480	pos	0	1	0	1	1	1	1	1	1	0	1
chr8.1241591.1241790	pos	0	1	0	1	1	1	1	1	1	0	1
chr8.1451691.1451827	pos	1	1	1	1	1	0	0	1	0	0	1
chr8.1908595.1908696	pos	0	1	0	1	1	1	0	1	0	0	1
chr8.1918743.1918885	pos	0	1	0	0	0	0	1	0	0	1	0
chr8.2339197.2339366	pos	0	1	1	0	0	0	1	0	1	0	1
chr8.2433661.2434025	pos	1	1	0	1	1	0	1	1	0	1	0
chr8.3182266.3182591	pos	0	1	0	1	0	0	1	0	1	1	1
chr8.3589526.3590294	pos	1	1	0	1	1	1	0	1	0	0	1
chr8.3984801.3984919	pos	0	0	0	0	0	0	1	0	1	0	0
chr8.4250776.4251006	pos	0	1	0	0	0	0	1	0	0	0	0
chr8.4398302.4398502	pos	1	1	1	1	1	1	0	1	0	0	1
chr8.5217943.5218140	pos	0	1	1	1	1	1	0	1	0	0	1
chr8.5906428.5906626	pos	0	1	0	1	1	1	1	1	0	1	1
chr8.6342639.6344080	pos	1	1	1	1	1	1	0	1	0	0	1
chr8.6468706.6468987	pos	1	1	1	1	1	1	0	1	1	0	0
chr8.6579822.6580425	pos	1	1	0	1	1	1	1	1	1	0	1
chr8.6581126.6581331	pos	0	1	1	1	1	1	1	1	1	0	1
chr8.6581720.6583156	pos	0	0	0	1	1	1	1	1	0	0	1
chr8.6787118.6787258	pos	0	1	1	1	1	1	1	1	1	0	1
chr8.7365674.7365865	pos	0	1	0	0	0	0	1	0	1	0	0
chr8.7409144.7410222	pos	0	1	0	1	1	1	0	1	0	0	1
chr8.7426863.7428974	pos	1	1	0	1	1	1	0	1	0	0	1
chr8.7898561.7898697	pos	0	1	1	0	0	0	1	0	1	0	0
chr8.8366069.8368290	pos	0	1	0	1	1	1	1	1	0	0	1
chr8.8450180.8450316	pos	1	1	0	1	1	1	1	1	1	0	0
chr8.8783949.8784340	pos	0	1	1	1	1	1	1	1	1	1	1
chr8.9621216.9621445	pos	0	0	0	1	0	1	1	1	0	0	1
chr8.9820634.9820711	pos	0	1	0	1	0	0	1	0	1	0	1
chr8.9959579.9959689	pos	0	1	1	1	1	0	1	1	1	0	1
chr8.9960228.9960662	pos	0	1	0	1	0	0	1	1	1	0	1
chr8.10689777.10689892	pos	0	1	0	1	1	0	0	1	0	0	1
chr8.10690844.10691090	pos	1	1	0	1	1	0	1	0	1	0	0
chr8.10875007.10875071	pos	0	0	0	0	0	0	1	0	1	0	0
chr8.11703675.11703867	pos	1	1	0	1	1	0	0	1	0	0	1
chr8.11910148.11910347	pos	0	1	1	0	0	0	1	0	0	1	0
chr8.11980741.11980965	pos	0	1	0	0	0	0	1	0	0	1	0
chr8.11998173.11998308	pos	1	1	0	1	1	0	0	1	0	1	0
chr8.12067736.12067842	pos	0	1	0	1	0	0	1	0	0	0	0
chr8.12126360.12127109	pos	0	1	0	1	1	1	1	1	1	0	1
chr8.12610949.12611153	pos	1	1	1	0	1	1	0	1	1	0	0
chr8.12886152.12886278	pos	0	1	0	1	0	0	1	1	0	0	0
chr8.13518417.13518531	pos	0	1	1	0	0	0	1	0	1	0	1
chr8.13664579.13664957	pos	0	1	1	0	0	0	1	0	0	1	0
chr8.14103025.14103123	pos	1	1	0	0	1	1	0	1	0	1	0
chr8.14894685.14894800	pos	0	1	0	1	1	0	1	1	1	1	1
chr8.14944350.14944768	pos	1	1	0	1	1	1	1	1	0	1	0
chr8.14975249.14975543	pos	0	1	0	1	0	0	1	1	0	0	1
chr8.15014689.15014762	pos	0	1	1	1	1	1	1	1	1	0	1
chr8.15034179.15034283	pos	1	0	0	1	1	1	0	1	0	0	1
chr8.15750929.15751089	pos	0	1	0	1	1	1	1	1	0	0	1
chr8.15899872.15899984	pos	0	1	0	1	1	0	1	1	1	0	1
chr8.16400050.16400162	pos	0	0	0	1	1	0	0	0	0	0	1
chr8.16459337.16459539	pos	0	0	1	0	0	0	1	0	1	0	0
chr8.16643468.16643987	pos	0	0	0	1	1	1	0	1	0	0	1
chr8.17939585.17939735	pos	0	1	1	1	1	1	1	1	0	1	1
chr8.18102580.18102810	pos	1	1	0	1	1	1	0	1	0	0	0
chr8.18434914.18435023	pos	0	1	0	1	1	0	0	1	0	0	1
chr8.18561357.18561489	pos	0	1	0	0	0	1	1	0	0	0	0
chr8.18807125.18807430	pos	0	1	0	1	1	1	1	1	1	1	1
chr8.18824718.18824967	pos	0	0	0	0	0	0	1	0	0	0	0
chr8.18825092.18825190	pos	0	0	0	0	0	0	1	0	0	0	0
chr8.18851419.18851614	pos	1	1	0	1	0	0	1	1	0	0	0
chr8.19149638.19150037	pos	0	0	0	1	0	0	1	0	0	0	0
chr8.19304478.19304620	pos	0	1	0	0	0	0	0	1	0	0	0
chr8.19751919.19752044	pos	0	1	0	0	0	0	1	0	0	0	0
chr8.19874894.19876024	pos	0	0	0	1	1	0	1	0	0	0	1
chr8.21123663.21123858	pos	0	1	0	1	1	0	1	0	1	0	0
unplaced-scaffold_078.13918.14048	pos	0	1	1	1	1	1	1	1	1	1	1
unplaced-scaffold_078.44598.44812	pos	1	1	1	1	1	1	0	1	0	1	1
chr1.20000.20500	neg	0	0	0	0	0	0	0	0	0	0	0
chr1.33500.34000	neg	0	0	0	0	0	0	0	0	0	0	0
chr1.60000.60500	neg	0	0	0	0	0	0	0	0	0	0	0
chr1.80000.80500	neg	0	0	0	0	0	0	0	0	0	0	0
chr1.624000.624500	neg	0	0	0	0	0	0	1	0	1	0	0
chr1.1042000.1042500	neg	0	1	0	1	1	1	1	1	1	0	1
chr1.1234000.1234500	neg	0	0	0	0	0	0	1	0	1	0	0
chr1.1740500.1741000	neg	0	1	1	1	1	1	1	1	1	0	1
chr1.2083000.2083500	neg	0	1	0	0	1	0	1	1	1	0	1
chr1.2165000.2165500	neg	1	1	0	1	1	0	0	1	0	0	0
chr1.2176500.2177000	neg	0	0	0	0	0	0	1	0	1	0	1
chr1.2586500.2587000	neg	0	0	1	0	0	0	1	0	1	0	0
chr1.2879000.2879500	neg	0	0	0	0	0	0	1	0	1	0	0
chr1.3057500.3058000	neg	0	0	0	0	0	0	1	0	1	0	0
chr1.3062000.3062500	neg	0	0	0	0	0	0	1	0	1	0	0
chr1.3380500.3381000	neg	0	1	0	1	0	1	1	1	0	0	1
chr1.3423000.3423500	neg	0	1	1	1	1	0	1	0	1	0	1
chr1.3482000.3482500	neg	0	1	1	1	1	1	1	0	1	0	0
chr1.3748500.3749000	neg	0	0	0	1	1	0	1	1	1	0	1
chr1.3771000.3771500	neg	0	1	1	1	1	1	1	1	1	0	1
chr1.4195500.4196000	neg	0	1	0	1	1	1	1	1	1	0	1
chr1.4477000.4477500	neg	0	0	1	0	0	0	1	0	1	0	0
chr1.4715500.4716000	neg	0	0	1	1	0	0	1	0	1	0	0
chr1.5319500.5320000	neg	1	1	0	0	1	1	0	0	0	0	0
chr1.5360000.5360500	neg	1	0	0	0	1	1	0	0	0	0	0
chr1.5831500.5832000	neg	0	0	0	0	0	0	1	0	1	0	0
chr1.5891500.5892000	neg	0	0	0	0	0	0	1	0	1	0	0
chr1.6032500.6033000	neg	0	1	0	0	0	0	1	0	1	0	1
chr1.6155500.6156000	neg	0	1	0	0	1	0	1	0	1	0	1
chr1.6294500.6295000	neg	0	0	0	0	0	0	1	0	1	0	0
chr1.6473500.6474000	neg	0	1	1	1	1	1	1	0	1	0	1
chr1.6800000.6800500	neg	0	1	1	0	0	0	1	0	1	0	0
chr1.6942000.6942500	neg	0	1	1	1	1	1	1	1	1	0	1
chr1.7056000.7056500	neg	0	0	1	1	1	1	1	0	1	0	1
chr1.7117000.7117500	neg	0	0	0	0	0	0	1	0	1	0	0
chr1.7472000.7472500	neg	0	0	1	0	0	1	1	1	1	0	0
chr1.7486500.7487000	neg	0	0	0	1	0	0	1	0	1	0	0
chr1.7941500.7942000	neg	1	1	0	1	1	0	0	1	0	1	0
chr1.8056000.8056500	neg	1	1	0	1	1	0	0	1	1	1	1
chr1.8095000.8095500	neg	0	0	0	0	0	0	1	0	1	0	0
chr1.8671500.8672000	neg	0	1	0	1	1	1	1	0	1	0	1
chr1.9106500.9107000	neg	0	1	0	1	0	0	1	0	1	0	0
chr1.9295000.9295500	neg	0	1	0	0	1	1	1	0	1	0	1
chr1.9321500.9322000	neg	0	1	0	1	1	0	0	1	0	1	0
chr1.10100500.10101000	neg	0	0	0	0	0	0	1	1	1	0	1
chr1.10782000.10782500	neg	0	1	1	1	1	0	1	0	1	0	0
chr1.10906000.10906500	neg	0	1	0	0	0	0	1	0	1	0	1
chr1.10906500.10907000	neg	0	1	0	1	1	0	1	0	1	0	1
chr1.11156500.11157000	neg	0	0	0	1	0	0	1	0	1	0	0
chr1.11487500.11488000	neg	0	1	0	1	1	0	1	1	1	0	1
chr1.11962500.11963000	neg	1	1	0	0	1	1	1	1	1	0	1
chr1.12264500.12265000	neg	1	1	0	1	1	1	1	1	1	1	0
chr1.12644000.12644500	neg	0	1	0	1	1	1	1	1	1	0	1
chr1.12868000.12868500	neg	1	1	0	1	1	0	0	1	0	1	0
chr1.13196500.13197000	neg	0	1	1	1	1	0	1	0	1	0	1
chr1.13197500.13198000	neg	0	0	1	0	0	0	1	0	1	0	0
chr1.13316000.13316500	neg	0	1	0	1	1	1	1	1	1	0	0
chr1.13316500.13317000	neg	0	0	0	0	0	0	1	0	1	0	0
chr1.13631000.13631500	neg	0	1	0	1	0	0	1	1	1	0	1
chr1.13706500.13707000	neg	0	1	0	1	1	0	0	1	0	1	0
chr1.13942500.13943000	neg	0	0	0	1	0	0	0	0	0	0	1
chr1.14440000.14440500	neg	0	0	0	0	0	0	0	0	0	0	0
chr1.14574000.14574500	neg	0	1	0	0	1	0	1	1	1	0	1
chr1.15063500.15064000	neg	0	0	1	0	0	1	1	0	1	0	0
chr1.15479000.15479500	neg	0	0	1	0	0	1	1	0	1	0	0
chr1.15684000.15684500	neg	1	1	0	1	1	1	0	1	0	1	0
chr1.15936500.15937000	neg	0	1	1	1	1	1	1	1	0	0	1
chr1.16026500.16027000	neg	0	1	1	0	0	0	1	0	1	0	0
chr1.16126500.16127000	neg	0	1	0	1	1	0	1	0	1	0	1
chr1.16156000.16156500	neg	1	1	0	0	1	0	0	0	0	1	0
chr1.16390500.16391000	neg	0	1	0	0	0	0	1	0	1	0	0
chr1.16678500.16679000	neg	0	1	1	1	1	1	1	1	1	0	1
chr1.16771500.16772000	neg	0	1	1	1	1	1	1	1	1	0	1
chr1.16901000.16901500	neg	0	0	1	0	0	0	1	0	1	0	0
chr1.17170000.17170500	neg	0	0	0	0	0	0	1	0	1	0	0
chr1.17216500.17217000	neg	0	1	0	1	0	1	1	0	1	0	0
chr1.17527000.17527500	neg	1	1	0	1	1	1	0	1	0	0	1
chr1.17937500.17938000	neg	0	0	0	0	0	0	1	0	1	0	0
chr1.18059500.18060000	neg	0	1	0	1	1	0	1	1	0	0	1
chr1.18670500.18671000	neg	0	0	1	0	0	1	1	0	1	0	0
chr1.18694000.18694500	neg	0	1	0	1	1	1	1	1	0	0	1
chr1.18695500.18696000	neg	0	1	1	0	0	1	1	0	1	0	1
chr1.18750500.18751000	neg	0	1	0	1	1	0	1	1	1	0	1
chr1.19049500.19050000	neg	0	0	1	0	0	0	1	0	1	0	0
chr1.19144500.19145000	neg	1	1	1	1	1	0	1	1	0	1	0
chr1.19288000.19288500	neg	1	1	0	1	1	1	1	1	1	0	1
chr1.20440000.20440500	neg	0	0	0	0	0	0	1	0	1	0	0
chr1.20687500.20688000	neg	0	1	0	1	1	1	1	1	0	0	1
chr1.21008000.21008500	neg	0	1	1	1	0	1	1	1	1	0	1
chr1.21224000.21224500	neg	0	1	1	1	1	1	1	0	1	0	1
chr1.21513500.21514000	neg	0	1	1	1	0	1	1	0	1	0	1
chr1.21780500.21781000	neg	0	1	1	1	1	1	1	1	1	0	1
chr1.22003000.22003500	neg	0	1	1	1	1	1	1	0	1	0	1
chr1.22231500.22232000	neg	0	1	0	0	0	1	1	0	1	0	0
chr1.22426000.22426500	neg	0	1	0	1	1	1	1	0	1	0	1
chr1.22781500.22782000	neg	1	1	0	0	1	1	0	0	0	1	0
chr1.23026000.23026500	neg	1	1	0	1	1	0	0	0	0	1	0
chr1.23313500.23314000	neg	0	1	0	1	1	1	1	1	1	0	1
chr1.24003500.24004000	neg	0	1	0	0	0	0	1	0	0	0	0
chr1.24061500.24062000	neg	0	1	0	1	0	1	1	1	1	0	1
chr1.24117000.24117500	neg	1	1	0	1	1	1	1	0	1	0	0
chr1.24699500.24700000	neg	0	1	0	0	0	1	1	0	1	0	1
chr1.24721000.24721500	neg	0	1	0	1	1	0	0	1	0	0	1
chr1.25301000.25301500	neg	0	1	0	0	1	1	1	1	1	0	1
chr1.25776000.25776500	neg	1	1	0	1	1	0	1	1	1	0	0
chr1.26018500.26019000	neg	0	1	1	1	0	0	1	0	1	0	0
chr1.26048500.26049000	neg	1	1	1	1	1	1	1	1	0	1	0
chr1.26391000.26391500	neg	0	1	1	0	0	1	1	0	1	0	0
chr1.26578000.26578500	neg	1	1	0	1	1	1	1	1	1	0	1
chr1.26887000.26887500	neg	1	1	0	1	1	1	1	1	1	0	1
chr1.26985500.26986000	neg	1	1	0	1	1	0	1	1	1	0	0
chr1.27053000.27053500	neg	0	0	1	1	0	1	1	0	1	0	0
chr1.27194000.27194500	neg	0	1	0	1	1	1	1	1	0	0	1
chr1.27641500.27642000	neg	0	0	1	0	0	0	1	0	1	0	0
chr1.28041500.28042000	neg	0	1	0	1	1	1	1	0	0	0	1
chr1.28100000.28100500	neg	0	0	0	0	0	0	1	0	1	0	0
chr1.28442500.28443000	neg	0	1	0	0	0	0	1	1	0	1	0
chr1.28524500.28525000	neg	0	1	0	0	0	0	1	0	0	1	0
chr1.28556500.28557000	neg	0	0	0	0	0	0	0	0	0	0	0
chr1.29633000.29633500	neg	0	1	1	1	1	0	1	0	1	0	1
chr1.29867500.29868000	neg	0	1	0	0	1	1	1	0	0	0	1
chr1.29897500.29898000	neg	1	1	1	1	1	1	1	1	1	0	0
chr1.29927000.29927500	neg	0	1	1	1	1	0	1	1	1	0	0
chr1.29927500.29928000	neg	0	1	1	1	0	0	1	1	1	0	0
chr1.30461500.30462000	neg	0	1	0	1	1	1	1	1	0	1	1
chr1.30566000.30566500	neg	0	1	0	0	1	0	1	1	1	0	1
chr2.1000.1500	neg	0	0	0	0	0	0	0	0	0	0	0
chr2.13500.14000	neg	0	0	0	0	0	0	0	0	0	0	0
chr2.867500.868000	neg	1	1	0	1	1	0	0	1	1	1	0
chr2.1771000.1771500	neg	0	0	0	0	0	0	0	0	0	0	0
chr2.2559000.2559500	neg	1	1	0	1	1	0	0	0	0	1	0
chr2.2861500.2862000	neg	0	1	0	1	1	0	1	1	0	1	0
chr2.3066000.3066500	neg	0	1	0	1	1	1	1	1	1	0	0
chr2.3837500.3838000	neg	0	1	1	1	1	0	0	1	0	1	0
chr2.3854500.3855000	neg	1	1	0	1	1	0	0	1	0	1	0
chr2.3876500.3877000	neg	0	1	0	1	1	0	1	1	0	1	0
chr2.3877500.3878000	neg	0	1	0	1	1	0	1	1	0	1	0
chr2.3897000.3897500	neg	1	1	0	1	1	0	0	1	0	1	0
chr2.3903000.3903500	neg	1	1	0	1	1	0	0	1	0	1	0
chr2.4361000.4361500	neg	1	1	0	1	1	0	0	1	0	1	0
chr2.4626000.4626500	neg	1	1	1	0	1	1	0	1	0	0	0
chr2.4738500.4739000	neg	0	0	0	0	0	0	0	0	0	0	0
chr2.4813500.4814000	neg	0	0	1	0	0	0	1	0	1	0	0
chr2.5719000.5719500	neg	0	1	0	1	1	0	1	1	0	1	1
chr2.6183500.6184000	neg	0	1	0	1	0	1	0	1	0	0	0
chr2.6245000.6245500	neg	0	1	0	1	1	1	1	1	1	0	1
chr2.6465500.6466000	neg	0	1	1	0	0	0	1	0	1	0	1
chr2.6564500.6565000	neg	1	1	0	1	1	1	0	1	0	0	1
chr2.6603000.6603500	neg	0	1	1	1	1	0	1	0	1	1	1
chr2.6904500.6905000	neg	1	1	0	1	1	1	0	1	0	1	0
chr2.7230500.7231000	neg	0	1	0	1	0	0	1	1	1	0	1
chr2.7621000.7621500	neg	0	0	0	0	0	0	1	0	1	0	0
chr2.7945500.7946000	neg	0	1	0	1	1	1	1	1	1	0	1
chr2.8158500.8159000	neg	1	1	0	1	1	1	0	1	0	0	0
chr2.8468500.8469000	neg	1	1	0	1	1	1	0	1	0	0	1
chr2.8699500.8700000	neg	1	1	0	1	1	1	1	1	0	0	0
chr2.8984000.8984500	neg	0	1	1	0	0	1	1	1	1	0	0
chr2.9174500.9175000	neg	0	1	0	1	0	0	1	1	1	0	0
chr2.9236500.9237000	neg	1	1	0	1	1	0	1	0	1	0	0
chr2.9354500.9355000	neg	0	1	0	1	1	0	0	1	1	1	0
chr2.9423500.9424000	neg	1	1	1	1	1	0	1	1	0	1	0
chr2.9458000.9458500	neg	1	1	1	0	1	1	1	0	1	0	1
chr2.9511500.9512000	neg	0	0	0	0	0	0	1	0	1	0	0
chr2.9565000.9565500	neg	0	1	0	1	1	0	0	1	0	0	1
chr2.9663500.9664000	neg	1	1	0	1	1	0	1	1	1	1	0
chr2.9748000.9748500	neg	0	1	0	1	1	1	1	1	0	0	1
chr2.9812000.9812500	neg	0	0	1	0	0	0	1	0	1	0	0
chr2.10240500.10241000	neg	0	1	1	0	1	0	1	0	0	0	0
chr2.10766500.10767000	neg	0	1	0	1	1	1	1	1	0	0	1
chr2.10937500.10938000	neg	1	1	0	1	1	1	1	1	1	0	0
chr2.11364000.11364500	neg	0	1	0	0	1	1	1	0	1	0	1
chr2.11956000.11956500	neg	0	1	0	1	1	0	0	1	0	1	0
chr2.12117000.12117500	neg	1	1	0	0	1	1	0	1	0	0	1
chr2.12204500.12205000	neg	1	1	0	1	1	1	0	1	0	1	0
chr2.12387000.12387500	neg	0	1	1	1	0	0	1	0	0	1	0
chr2.12455000.12455500	neg	1	1	0	0	1	1	0	1	0	1	0
chr2.12831000.12831500	neg	0	1	0	1	1	0	1	1	0	0	1
chr2.13384500.13385000	neg	0	0	1	0	0	0	1	0	1	0	0
chr2.14670500.14671000	neg	0	0	1	0	0	0	1	0	1	0	0
chr2.15565000.15565500	neg	0	0	0	0	0	0	0	0	0	1	0
chr2.15615000.15615500	neg	0	0	0	0	0	0	0	0	0	1	0
chr2.15655500.15656000	neg	0	0	0	0	0	0	1	0	0	1	0
chr2.15804000.15804500	neg	1	1	0	1	1	0	0	1	0	1	0
chr2.15998000.15998500	neg	0	1	0	0	0	1	1	0	1	0	0
chr2.16110500.16111000	neg	1	1	0	1	1	0	0	1	1	0	0
chr2.16212000.16212500	neg	1	1	1	1	1	1	0	1	0	1	0
chr2.16272000.16272500	neg	0	1	1	0	1	1	1	0	1	0	1
chr2.16915500.16916000	neg	0	0	0	0	0	0	0	0	0	0	0
chr2.17240500.17241000	neg	0	1	0	1	1	1	1	1	1	0	1
chr2.18639000.18639500	neg	0	0	0	0	0	0	1	0	1	1	0
chr2.18924500.18925000	neg	0	1	0	0	1	1	1	1	1	0	1
chr2.19073500.19074000	neg	0	1	1	1	0	1	1	1	0	0	0
chr2.19196000.19196500	neg	0	1	0	0	1	1	1	1	1	0	1
chr2.19345500.19346000	neg	0	0	1	0	0	0	1	0	0	1	0
chr2.19718500.19719000	neg	0	1	1	0	1	0	1	0	1	0	0
chr2.20323000.20323500	neg	0	0	0	0	0	0	0	0	0	0	0
chr2.20606000.20606500	neg	1	1	0	0	1	0	1	1	1	0	1
chr2.20704500.20705000	neg	0	0	0	0	0	0	1	0	1	0	0
chr2.22157000.22157500	neg	1	1	0	1	1	1	1	0	0	1	0
chr2.22195500.22196000	neg	0	1	0	1	1	0	1	1	0	1	0
chr2.22196000.22196500	neg	0	0	0	0	0	0	0	0	0	1	0
chr2.22673000.22673500	neg	0	1	1	0	0	1	1	0	1	1	0
chr2.23035000.23035500	neg	1	1	0	0	1	0	0	1	0	1	0
chr2.23168000.23168500	neg	0	1	0	1	0	1	1	1	0	0	0
chr2.23714000.23714500	neg	1	1	0	1	1	0	1	1	1	0	0
chr2.23775500.23776000	neg	1	1	0	1	1	0	0	1	1	1	0
chr2.23928500.23929000	neg	0	1	0	1	0	1	1	1	1	0	1
chr2.24143500.24144000	neg	1	1	0	1	1	0	0	0	0	1	0
chr2.24718500.24719000	neg	1	1	1	0	0	0	1	0	1	0	0
chr2.25517500.25518000	neg	0	0	0	0	0	0	1	0	1	0	0
chr2.25993500.25994000	neg	0	1	0	1	1	1	1	1	0	0	1
chr2.26027500.26028000	neg	0	1	0	1	1	1	1	0	1	0	1
chr2.26053000.26053500	neg	0	1	1	1	1	1	1	1	1	0	1
chr2.26379000.26379500	neg	0	1	1	1	0	0	1	1	1	0	1
chr2.26529500.26530000	neg	0	0	1	0	0	0	1	0	1	0	0
chr2.26888000.26888500	neg	1	1	0	1	1	1	0	1	0	1	0
chr2.27399500.27400000	neg	0	1	0	1	1	0	0	0	0	1	0
chr2.27409000.27409500	neg	0	0	0	0	0	0	0	0	0	1	0
chr2.27531000.27531500	neg	1	1	1	1	0	1	1	1	1	0	0
chr2.27705500.27706000	neg	0	1	1	1	1	1	0	1	0	0	1
chr2.27759500.27760000	neg	1	1	0	1	1	0	1	1	0	1	0
chr2.28145000.28145500	neg	0	0	0	1	0	0	1	0	1	0	1
chr2.28539000.28539500	neg	0	1	1	1	1	1	1	1	1	0	1
chr2.28832000.28832500	neg	1	1	0	0	1	0	0	0	0	1	0
chr2.29596500.29597000	neg	0	0	0	1	0	0	1	1	1	0	0
chr3.197000.197500	neg	0	0	0	0	0	0	1	0	1	0	0
chr3.491500.492000	neg	0	1	1	1	1	1	1	1	1	0	1
chr3.517000.517500	neg	0	0	0	0	0	0	1	0	1	0	0
chr3.581000.581500	neg	0	1	1	1	1	1	1	1	1	0	1
chr3.797500.798000	neg	0	1	0	1	1	1	1	0	1	0	1
chr3.828500.829000	neg	1	1	0	1	1	0	0	1	0	0	1
chr3.1545000.1545500	neg	0	1	0	1	1	1	0	1	0	0	1
chr3.1647000.1647500	neg	1	1	0	1	1	0	0	1	0	0	0
chr3.1884500.1885000	neg	0	0	0	1	1	1	0	1	0	0	1
chr3.2088000.2088500	neg	0	1	0	1	1	1	1	1	0	0	1
chr3.2388000.2388500	neg	1	1	1	1	1	1	1	1	1	0	1
chr3.2451000.2451500	neg	0	1	1	1	1	1	0	1	0	0	1
chr3.2754500.2755000	neg	0	0	0	0	0	1	1	0	1	0	0
chr3.2890000.2890500	neg	1	1	0	1	1	1	0	1	0	1	0
chr3.3129500.3130000	neg	0	1	1	1	0	0	1	0	0	1	0
chr3.3574000.3574500	neg	1	1	0	1	1	1	1	1	0	0	0
chr3.3693000.3693500	neg	0	1	0	1	0	0	1	0	1	0	1
chr3.4278500.4279000	neg	0	0	1	1	0	0	1	0	1	1	0
chr3.4539000.4539500	neg	0	1	0	1	0	0	1	0	0	1	0
chr3.4946500.4947000	neg	0	1	0	1	1	0	0	1	0	1	0
chr3.5078000.5078500	neg	0	1	1	1	1	1	0	1	0	1	0
chr3.5078500.5079000	neg	0	1	0	1	1	1	0	1	0	1	0
chr3.5093000.5093500	neg	0	1	0	0	0	0	1	0	0	1	0
chr3.5093500.5094000	neg	0	1	0	0	0	0	1	0	0	1	0
chr3.5195000.5195500	neg	0	0	0	0	0	0	1	0	1	0	0
chr3.5843000.5843500	neg	0	0	0	0	0	0	1	0	1	0	0
chr3.6250000.6250500	neg	1	1	1	1	1	1	0	1	0	1	1
chr3.6414500.6415000	neg	1	1	0	0	1	1	0	1	0	1	0
chr3.6546500.6547000	neg	0	1	1	1	1	1	1	1	1	1	1
chr3.6547500.6548000	neg	0	1	1	1	1	1	1	0	1	0	1
chr3.6865000.6865500	neg	0	0	0	0	0	0	1	0	1	0	0
chr3.7152500.7153000	neg	0	1	1	1	0	1	1	0	1	0	0
chr3.7699000.7699500	neg	0	1	0	1	1	0	1	1	1	1	0
chr3.7777500.7778000	neg	0	0	0	0	0	0	0	0	0	0	0
chr3.8157500.8158000	neg	1	1	0	0	0	0	0	0	0	1	0
chr3.8242500.8243000	neg	0	1	1	0	0	0	1	0	1	0	1
chr3.8405500.8406000	neg	0	0	1	0	0	1	1	0	1	0	0
chr3.8601000.8601500	neg	1	1	0	1	1	1	1	1	1	0	1
chr3.8667000.8667500	neg	0	1	1	0	1	1	1	0	1	0	1
chr3.8673000.8673500	neg	0	1	0	1	0	1	1	0	1	0	1
chr3.9562500.9563000	neg	1	1	0	1	1	0	0	0	0	1	0
chr3.9617500.9618000	neg	0	0	0	0	0	0	1	0	1	0	0
chr3.10063000.10063500	neg	1	1	1	1	1	0	0	1	0	1	0
chr3.10172500.10173000	neg	0	0	0	0	0	0	1	0	0	0	0
chr3.10246500.10247000	neg	0	1	0	1	1	0	1	0	1	0	1
chr3.10429000.10429500	neg	0	1	0	1	1	1	1	1	0	0	1
chr3.10499000.10499500	neg	0	0	1	0	0	0	1	0	1	0	0
chr3.10872500.10873000	neg	0	1	0	1	1	0	1	1	1	0	0
chr3.11326500.11327000	neg	1	1	0	1	1	1	0	1	0	0	1
chr3.11338500.11339000	neg	0	1	0	1	1	0	1	0	1	0	1
chr3.11480500.11481000	neg	0	1	1	0	0	1	1	0	1	0	1
chr3.11831500.11832000	neg	1	1	1	1	1	0	1	1	1	1	1
chr3.11962500.11963000	neg	1	1	1	1	1	1	1	1	0	0	1
chr3.12052500.12053000	neg	1	1	0	1	1	0	0	1	0	1	0
chr3.12058000.12058500	neg	1	1	0	0	1	0	0	0	0	1	0
chr3.12441000.12441500	neg	0	0	0	0	0	0	1	0	1	0	0
chr3.13127000.13127500	neg	1	1	1	1	1	1	0	1	0	1	0
chr3.13262500.13263000	neg	0	0	0	0	0	0	0	0	0	0	0
chr3.13845500.13846000	neg	0	0	0	0	1	0	0	1	0	1	0
chr3.14155500.14156000	neg	1	1	1	1	1	0	1	1	0	1	0
chr3.14179000.14179500	neg	0	1	1	0	1	0	1	0	0	0	1
chr3.14323000.14323500	neg	0	1	1	1	0	1	1	1	1	0	1
chr3.14486000.14486500	neg	0	1	0	1	1	1	1	1	1	1	0
chr3.15575500.15576000	neg	0	1	1	1	0	1	1	1	1	0	1
chr3.15690000.15690500	neg	0	1	0	0	0	1	1	0	1	0	0
chr3.15756000.15756500	neg	0	0	0	0	0	0	1	0	1	0	0
chr3.15781000.15781500	neg	0	1	0	1	1	0	0	0	0	0	1
chr3.15841000.15841500	neg	0	1	0	1	1	1	1	1	1	0	1
chr3.15971500.15972000	neg	0	1	0	1	0	1	1	0	1	0	0
chr3.16282000.16282500	neg	1	1	0	1	1	1	0	1	0	0	0
chr3.17500500.17501000	neg	0	1	1	1	0	0	1	1	1	0	0
chr3.17534500.17535000	neg	0	1	0	1	1	1	1	1	1	0	1
chr3.17638000.17638500	neg	1	1	0	1	1	0	0	1	0	1	0
chr3.18776500.18777000	neg	1	1	1	1	1	1	1	1	1	1	1
chr3.18844000.18844500	neg	0	1	0	1	0	0	0	1	0	1	0
chr3.19052500.19053000	neg	0	1	0	0	1	0	1	1	1	0	0
chr3.19554500.19555000	neg	0	1	0	1	1	1	1	1	1	0	1
chr3.19594500.19595000	neg	1	1	0	1	1	0	0	1	0	1	0
chr3.19713000.19713500	neg	0	0	0	0	0	1	1	0	1	0	0
chr3.20200500.20201000	neg	0	1	0	1	1	1	1	1	1	0	0
chr3.20368000.20368500	neg	1	1	0	1	1	1	1	1	0	0	1
chr3.20603000.20603500	neg	1	1	0	1	1	1	1	1	0	0	0
chr3.21845000.21845500	neg	1	1	0	1	1	0	0	1	0	1	0
chr3.22391000.22391500	neg	1	1	1	1	1	0	1	1	1	1	0
chr3.22882000.22882500	neg	1	1	0	1	1	0	0	1	0	1	0
chr3.23012500.23013000	neg	1	1	0	1	1	1	1	1	1	1	0
chr3.23084000.23084500	neg	1	1	0	1	1	0	1	0	0	1	0
chr3.23149500.23150000	neg	0	0	0	0	0	0	1	0	0	1	0
chr3.23471000.23471500	neg	1	1	0	1	1	0	0	1	1	0	0
chr3.24421000.24421500	neg	0	1	1	0	0	1	1	0	0	0	0
chr3.24526000.24526500	neg	0	0	0	0	0	0	1	0	1	0	0
chr3.24813500.24814000	neg	0	0	0	0	0	0	1	0	1	0	0
chr3.25145000.25145500	neg	1	1	1	1	1	0	1	1	0	1	0
chr3.25289000.25289500	neg	1	1	0	1	1	0	0	1	1	1	0
chr3.25506000.25506500	neg	1	1	0	1	1	0	0	0	0	1	0
chr3.25545000.25545500	neg	1	1	0	1	1	0	0	1	0	1	0
chr3.25984000.25984500	neg	1	1	1	1	1	1	0	1	0	1	0
chr3.26136000.26136500	neg	0	1	0	0	0	0	1	0	1	1	0
chr3.26256000.26256500	neg	1	1	0	1	0	0	1	1	0	1	0
chr3.26579000.26579500	neg	0	1	0	1	1	1	1	1	0	0	1
chr3.27119500.27120000	neg	0	0	0	0	0	0	0	0	0	0	0
chr4.98000.98500	neg	0	1	1	1	1	1	1	1	1	0	1
chr4.429500.430000	neg	0	0	1	0	0	0	1	0	1	0	0
chr4.843000.843500	neg	1	1	0	1	1	0	0	1	0	1	0
chr4.962500.963000	neg	1	1	1	1	1	1	0	1	0	1	0
chr4.977000.977500	neg	1	1	0	1	1	1	0	1	0	1	0
chr4.1317500.1318000	neg	1	1	1	1	1	0	1	1	0	1	0
chr4.1326000.1326500	neg	0	1	0	1	1	1	1	0	0	1	0
chr4.1452500.1453000	neg	1	1	0	0	1	1	1	0	1	0	1
chr4.1558500.1559000	neg	0	1	1	1	1	1	1	1	1	1	1
chr4.1583500.1584000	neg	1	1	0	1	1	0	0	1	0	1	0
chr4.2093000.2093500	neg	0	1	0	1	1	1	1	1	1	0	1
chr4.2898500.2899000	neg	0	1	0	1	0	0	1	1	1	0	1
chr4.3219000.3219500	neg	0	0	0	0	0	0	1	0	1	0	0
chr4.3596500.3597000	neg	1	1	1	1	1	0	1	1	1	1	0
chr4.3618000.3618500	neg	0	0	0	0	0	0	1	0	1	0	0
chr4.3678000.3678500	neg	1	1	1	1	1	1	1	0	0	1	0
chr4.3916000.3916500	neg	0	1	0	0	1	1	1	0	1	0	1
chr4.3978500.3979000	neg	0	0	0	0	0	0	1	0	1	1	0
chr4.4076000.4076500	neg	1	1	0	1	1	1	0	0	0	0	0
chr4.4237000.4237500	neg	1	1	1	0	1	1	0	0	0	1	1
chr4.4545500.4546000	neg	0	0	0	0	0	0	1	0	1	0	0
chr4.4614500.4615000	neg	1	1	0	1	1	1	0	1	0	1	0
chr4.4670500.4671000	neg	0	1	0	1	0	0	1	1	0	1	0
chr4.4693500.4694000	neg	0	1	0	1	1	1	1	1	0	0	0
chr4.4787000.4787500	neg	0	1	1	1	0	1	1	0	1	1	0
chr4.5004500.5005000	neg	1	1	0	1	1	0	0	1	0	1	0
chr4.5089000.5089500	neg	0	1	1	0	0	0	1	0	1	0	0
chr4.5300500.5301000	neg	1	1	0	1	1	0	1	1	0	1	0
chr4.5410500.5411000	neg	1	1	0	1	1	0	0	1	0	1	0
chr4.5628000.5628500	neg	0	0	1	0	0	0	1	0	1	0	0
chr4.5691500.5692000	neg	0	0	0	0	0	0	0	0	0	1	0
chr4.6408000.6408500	neg	0	0	0	0	0	0	1	0	0	1	0
chr4.6464000.6464500	neg	0	1	1	0	0	1	1	0	1	1	0
chr4.6709000.6709500	neg	0	1	0	1	1	0	0	1	0	1	0
chr4.6728000.6728500	neg	0	1	0	1	1	1	1	1	0	0	1
chr4.6875000.6875500	neg	0	0	0	0	0	0	1	0	1	0	0
chr4.7094500.7095000	neg	1	1	0	1	1	1	1	1	1	0	1
chr4.7101500.7102000	neg	1	1	0	1	1	1	0	1	0	0	0
chr4.7982500.7983000	neg	1	1	1	1	1	1	0	1	0	0	1
chr4.8215500.8216000	neg	0	0	1	0	0	0	1	0	1	0	0
chr4.8649000.8649500	neg	0	1	0	0	1	0	1	1	1	1	0
chr4.9482500.9483000	neg	0	0	0	0	0	0	0	0	0	1	0
chr4.9745500.9746000	neg	1	1	1	1	1	1	0	1	0	0	1
chr4.9993000.9993500	neg	0	1	0	1	0	1	1	0	0	0	1
chr4.10190000.10190500	neg	0	0	1	0	0	0	1	0	1	0	0
chr4.10790000.10790500	neg	0	1	0	1	1	1	0	0	0	0	1
chr4.10941500.10942000	neg	1	1	1	0	1	1	1	0	0	1	0
chr4.11031500.11032000	neg	0	0	1	0	0	0	1	0	0	1	0
chr4.11226000.11226500	neg	0	0	0	0	0	0	0	0	0	0	0
chr4.11313000.11313500	neg	0	1	1	1	0	0	1	0	1	0	1
chr4.11457500.11458000	neg	0	1	0	1	1	1	1	1	0	0	1
chr4.11577500.11578000	neg	0	1	0	1	1	1	1	1	0	1	1
chr4.11793500.11794000	neg	1	1	0	1	1	0	0	1	0	1	0
chr4.11843500.11844000	neg	1	1	0	1	1	0	1	1	0	1	1
chr4.11900000.11900500	neg	0	0	1	1	1	1	1	0	1	0	1
chr4.12274000.12274500	neg	0	1	1	1	0	0	1	1	1	0	1
chr4.12709500.12710000	neg	0	1	0	0	0	0	1	0	1	0	1
chr4.12884000.12884500	neg	0	0	0	0	0	0	1	0	1	0	0
chr4.12926500.12927000	neg	1	1	1	1	1	1	0	1	0	1	0
chr4.13303500.13304000	neg	0	1	1	1	1	1	1	1	1	0	1
chr4.13704000.13704500	neg	0	1	1	0	0	0	1	0	1	0	0
chr4.14073500.14074000	neg	0	0	1	0	0	0	0	0	0	1	0
chr4.14738000.14738500	neg	0	0	0	0	0	1	0	0	0	0	0
chr4.15054000.15054500	neg	0	0	0	0	0	0	0	0	0	0	0
chr4.15369500.15370000	neg	0	1	1	1	1	1	1	1	1	1	1
chr4.15430000.15430500	neg	0	0	0	0	0	0	0	0	0	0	0
chr4.15703000.15703500	neg	0	1	0	1	1	0	1	1	0	1	0
chr4.16003000.16003500	neg	0	1	0	1	1	0	1	0	1	1	0
chr4.16004000.16004500	neg	0	1	0	0	0	0	1	0	0	1	0
chr4.16614500.16615000	neg	0	0	1	1	0	0	1	0	0	0	0
chr4.17115000.17115500	neg	1	1	0	1	1	1	1	1	0	0	0
chr4.17251000.17251500	neg	0	1	1	0	0	0	1	1	1	0	0
chr4.17347000.17347500	neg	0	0	1	0	1	1	1	0	1	0	0
chr4.17537500.17538000	neg	1	1	0	1	1	1	1	1	1	0	1
chr4.17617500.17618000	neg	0	1	0	1	0	0	1	0	1	0	0
chr4.17922000.17922500	neg	0	1	1	1	1	1	1	0	0	0	1
chr4.18201500.18202000	neg	0	0	0	0	0	0	1	0	0	0	0
chr4.18251500.18252000	neg	0	0	0	0	0	0	1	0	1	0	0
chr4.18268500.18269000	neg	0	1	0	1	1	1	1	1	1	0	1
chr4.18461500.18462000	neg	1	1	0	0	1	1	0	1	0	0	0
chr4.18975500.18976000	neg	1	1	1	1	1	0	0	1	0	1	0
chr4.19162500.19163000	neg	0	1	0	1	1	0	1	1	0	1	0
chr4.19337500.19338000	neg	0	0	1	0	0	0	1	0	0	0	0
chr4.19706000.19706500	neg	0	1	1	1	1	0	1	1	1	0	1
chr4.19740000.19740500	neg	1	1	0	1	1	1	0	1	0	0	0
chr4.19818000.19818500	neg	0	0	0	0	0	0	1	0	0	1	0
chr4.20892000.20892500	neg	0	1	0	1	1	1	1	1	0	1	0
chr4.21384000.21384500	neg	0	1	1	1	1	1	1	1	1	1	1
chr4.21430000.21430500	neg	0	1	1	1	0	1	1	0	0	0	0
chr4.21450000.21450500	neg	1	1	0	1	0	1	1	1	1	0	1
chr4.22139000.22139500	neg	0	1	1	1	1	1	1	0	0	0	1
chr4.22150500.22151000	neg	0	1	1	1	1	0	1	1	1	0	1
chr4.22445000.22445500	neg	0	0	1	0	0	0	1	0	1	0	0
chr4.22606000.22606500	neg	1	1	0	1	1	1	0	1	0	1	0
chr4.22810500.22811000	neg	1	1	1	1	1	1	1	1	0	1	0
chr4.23339000.23339500	neg	0	1	1	0	0	1	1	0	1	0	1
chr4.23339500.23340000	neg	0	1	1	0	0	0	1	0	1	0	0
chr4.23378000.23378500	neg	0	1	0	1	1	1	1	1	0	0	1
chr4.24205500.24206000	neg	0	1	1	1	0	1	1	0	1	0	0
chr4.24387500.24388000	neg	0	1	0	1	1	0	1	1	1	1	1
chr4.24830500.24831000	neg	1	1	1	1	1	1	1	1	1	0	1
chr4.25140500.25141000	neg	0	0	0	0	0	0	1	0	1	0	0
chr4.25173000.25173500	neg	1	1	0	0	1	0	0	0	0	1	0
chr4.25337500.25338000	neg	0	1	0	1	1	1	1	0	1	0	0
chr4.25338000.25338500	neg	0	1	0	1	1	1	1	1	1	0	0
chr4.25507000.25507500	neg	1	1	1	0	1	0	0	1	0	1	0
chr4.25736500.25737000	neg	0	1	1	1	1	1	1	1	1	0	1
chr4.25753000.25753500	neg	0	1	0	0	0	1	1	0	1	1	0
chr4.26518500.26519000	neg	0	1	0	1	0	0	1	1	1	0	1
chr4.26521000.26521500	neg	0	1	0	1	1	1	1	1	1	0	1
chr4.26687500.26688000	neg	1	1	1	1	1	1	0	1	0	0	1
chr4.26945500.26946000	neg	0	0	0	0	0	0	0	0	0	0	0
chr5.863500.864000	neg	1	1	0	1	1	1	0	1	1	0	0
chr5.894500.895000	neg	1	1	0	1	1	0	0	1	0	1	0
chr5.940000.940500	neg	1	1	0	1	1	0	1	1	0	1	0
chr5.949000.949500	neg	1	1	0	1	1	0	1	1	0	1	0
chr5.1011000.1011500	neg	1	1	0	1	1	1	0	1	0	1	0
chr5.1028000.1028500	neg	1	1	1	1	1	0	1	1	0	1	0
chr5.1249500.1250000	neg	1	1	1	1	1	1	1	1	1	1	1
chr5.1261000.1261500	neg	0	1	1	0	0	0	1	0	1	1	0
chr5.2021500.2022000	neg	0	1	1	0	0	0	1	0	1	1	0
chr5.2459500.2460000	neg	0	0	0	0	0	0	1	0	1	0	0
chr5.2513000.2513500	neg	0	1	1	1	0	0	1	1	0	1	0
chr5.2659500.2660000	neg	0	1	0	1	0	1	1	0	0	1	0
chr5.2717000.2717500	neg	0	0	0	0	0	0	0	0	0	0	0
chr5.3124500.3125000	neg	0	0	0	0	0	0	0	0	0	1	0
chr5.3136000.3136500	neg	0	1	1	1	1	1	1	1	0	1	1
chr5.3381000.3381500	neg	1	1	0	1	1	0	0	0	0	1	0
chr5.3792500.3793000	neg	1	1	0	1	1	0	0	1	0	1	0
chr5.3890500.3891000	neg	0	1	1	0	1	1	1	1	1	1	1
chr5.4054500.4055000	neg	0	1	0	1	0	0	1	0	1	0	0
chr5.4100000.4100500	neg	0	1	1	1	1	1	1	1	1	0	1
chr5.4347000.4347500	neg	0	0	0	1	0	0	1	0	1	0	1
chr5.4646500.4647000	neg	0	1	1	0	0	0	1	0	1	0	0
chr5.4863500.4864000	neg	0	1	0	1	1	1	1	1	0	1	1
chr5.4996500.4997000	neg	1	1	0	0	1	0	0	0	0	1	0
chr5.5452500.5453000	neg	0	0	0	0	0	0	1	0	1	1	0
chr5.5547500.5548000	neg	0	0	1	0	0	0	1	0	1	0	0
chr5.5548500.5549000	neg	0	1	1	0	1	1	1	0	1	0	1
chr5.5563500.5564000	neg	0	1	0	0	1	0	1	1	1	0	0
chr5.5724500.5725000	neg	0	1	0	1	0	0	1	1	0	0	1
chr5.5789000.5789500	neg	0	1	0	1	1	1	1	1	1	0	0
chr5.5856500.5857000	neg	0	0	1	0	0	0	1	0	1	0	0
chr5.6096500.6097000	neg	0	0	0	0	0	0	0	0	0	0	0
chr5.6637500.6638000	neg	0	1	1	0	0	1	1	0	1	1	0
chr5.7076000.7076500	neg	1	1	0	1	1	1	0	1	1	0	0
chr5.7267000.7267500	neg	1	1	0	1	0	0	1	1	0	1	0
chr5.8145000.8145500	neg	1	1	0	1	1	1	0	1	1	1	0
chr5.8269000.8269500	neg	0	1	0	0	0	1	1	0	1	0	0
chr5.8794500.8795000	neg	0	1	0	1	1	1	1	1	1	0	1
chr5.9209000.9209500	neg	1	1	1	1	1	1	1	0	1	1	0
chr5.9246500.9247000	neg	0	1	1	1	0	1	1	0	1	0	0
chr5.9637000.9637500	neg	1	1	1	1	1	0	0	1	1	0	0
chr5.9661500.9662000	neg	0	1	0	0	0	0	1	0	1	0	0
chr5.9668000.9668500	neg	0	0	1	0	0	0	1	0	1	0	0
chr5.9777000.9777500	neg	0	1	1	0	0	0	1	0	0	0	0
chr5.9866000.9866500	neg	0	0	0	0	0	0	0	0	1	0	0
chr5.10141500.10142000	neg	0	1	1	1	1	0	1	1	1	1	1
chr5.11322000.11322500	neg	0	0	0	0	0	0	1	0	1	0	0
chr5.11447500.11448000	neg	1	1	0	1	1	1	1	1	0	1	0
chr5.11938500.11939000	neg	1	1	0	1	1	0	1	1	0	1	0
chr5.12609500.12610000	neg	1	1	0	1	1	0	1	1	0	1	0
chr5.13170500.13171000	neg	0	1	1	0	0	1	1	1	1	1	0
chr5.13370500.13371000	neg	0	0	0	0	0	0	0	0	0	1	0
chr5.13610500.13611000	neg	1	1	1	1	1	0	1	1	0	1	0
chr5.13865500.13866000	neg	0	1	0	1	1	1	1	0	0	0	1
chr5.13890500.13891000	neg	0	0	0	0	0	0	0	0	0	0	0
chr5.14143500.14144000	neg	0	0	0	0	0	0	1	0	0	0	0
chr5.14226500.14227000	neg	0	1	0	1	1	0	1	1	0	1	0
chr5.14921000.14921500	neg	0	0	0	1	0	0	1	0	0	1	0
chr5.15074500.15075000	neg	1	1	0	1	1	0	0	0	0	1	0
chr5.15092000.15092500	neg	1	1	0	0	1	0	0	1	0	1	0
chr5.15115500.15116000	neg	1	1	0	1	1	1	0	1	0	1	0
chr5.16090500.16091000	neg	0	1	0	0	1	1	1	1	1	0	0
chr5.16107000.16107500	neg	1	1	0	1	1	0	0	1	0	1	0
chr5.16128000.16128500	neg	1	1	0	1	1	1	0	1	0	1	0
chr5.16156000.16156500	neg	1	1	1	1	1	0	0	1	0	1	0
chr5.16258000.16258500	neg	0	1	1	1	1	1	1	0	0	0	1
chr5.16516000.16516500	neg	0	1	1	1	1	1	0	1	0	0	1
chr5.16929000.16929500	neg	0	1	1	1	0	0	1	1	1	1	0
chr5.17196000.17196500	neg	0	1	0	1	1	1	1	1	1	1	1
chr5.17383000.17383500	neg	1	1	1	1	1	0	0	1	0	1	0
chr5.17512500.17513000	neg	1	1	0	1	1	0	1	1	0	1	0
chr5.17813000.17813500	neg	0	1	0	0	0	0	1	0	1	0	0
chr5.17856500.17857000	neg	0	1	0	1	1	1	1	1	1	0	1
chr5.18186500.18187000	neg	1	1	0	1	1	0	0	1	0	1	0
chr5.18202000.18202500	neg	1	1	0	1	1	0	0	0	0	1	0
chr5.18325000.18325500	neg	1	1	0	1	1	0	0	1	0	1	0
chr5.18329500.18330000	neg	1	1	0	1	1	0	0	1	0	1	0
chr5.18568000.18568500	neg	1	1	0	1	1	0	0	1	0	1	0
chr5.18618500.18619000	neg	1	1	1	1	1	0	0	1	0	1	0
chr5.18634500.18635000	neg	1	1	0	1	1	0	1	0	0	1	0
chr5.18774000.18774500	neg	1	1	0	1	1	0	0	1	0	1	0
chr5.18828000.18828500	neg	1	1	1	1	1	0	0	0	0	1	0
chr5.18985500.18986000	neg	1	1	0	1	1	1	1	0	0	0	1
chr5.19260000.19260500	neg	0	1	0	0	0	0	1	0	0	0	0
chr5.19524000.19524500	neg	0	0	1	0	0	0	1	0	0	1	0
chr5.19654000.19654500	neg	1	1	0	0	1	1	0	1	0	1	0
chr5.19754000.19754500	neg	1	1	0	1	1	1	1	1	0	0	1
chr5.20293500.20294000	neg	0	1	1	0	1	0	1	0	1	0	0
chr5.20809500.20810000	neg	0	0	1	0	0	1	1	0	1	0	1
chr5.21187500.21188000	neg	1	1	0	1	1	1	0	1	1	0	0
chr5.21284500.21285000	neg	0	1	0	1	1	0	1	1	1	1	1
chr5.21487000.21487500	neg	0	0	0	0	0	0	0	0	0	0	0
chr5.21766000.21766500	neg	0	0	0	0	0	0	0	0	0	0	0
chr5.22201500.22202000	neg	0	1	1	1	1	1	1	0	0	0	1
chr5.22257500.22258000	neg	1	1	0	1	1	0	0	1	1	0	0
chr5.22298000.22298500	neg	0	1	1	1	1	1	1	1	0	1	0
chr5.22407000.22407500	neg	1	1	0	1	1	1	0	1	0	0	1
chr5.23402500.23403000	neg	1	1	0	0	1	1	0	1	0	1	0
chr5.23730000.23730500	neg	1	1	1	1	1	0	1	0	0	1	0
chr5.23752500.23753000	neg	0	1	0	0	0	0	1	0	0	1	0
chr5.24093500.24094000	neg	1	1	0	1	1	0	0	1	0	1	0
chr5.24108000.24108500	neg	1	1	0	1	1	0	0	1	0	1	0
chr5.24127000.24127500	neg	0	0	0	0	0	0	0	0	0	0	0
chr5.24216000.24216500	neg	1	1	0	1	1	0	1	1	0	1	0
chr5.24216500.24217000	neg	1	1	0	1	1	0	1	1	0	1	0
chr5.24335500.24336000	neg	1	1	0	1	1	1	1	1	1	0	0
chr5.24594000.24594500	neg	0	1	0	1	1	0	1	0	1	0	1
chr5.24675500.24676000	neg	0	1	1	1	0	1	1	0	1	0	0
chr5.24676000.24676500	neg	0	1	1	1	1	1	1	1	1	0	1
chr5.24871500.24872000	neg	1	1	0	1	1	0	1	1	1	1	0
chr5.25209500.25210000	neg	0	0	0	0	0	0	1	0	0	1	0
chr5.25412000.25412500	neg	0	0	0	0	0	0	0	0	0	0	0
chr5.25494500.25495000	neg	0	0	1	1	0	0	1	0	1	0	0
chr5.26171000.26171500	neg	0	1	1	1	0	0	1	0	1	0	1
chr5.26338000.26338500	neg	0	1	1	0	0	0	1	1	1	0	0
chr5.26602500.26603000	neg	0	1	1	1	0	0	1	1	1	0	1
chr5.26638000.26638500	neg	0	0	0	0	0	0	1	0	1	0	0
chr5.26646000.26646500	neg	0	0	1	0	0	0	1	0	1	0	0
chr6.205000.205500	neg	0	0	1	0	0	0	1	0	1	1	0
chr6.888500.889000	neg	0	1	0	1	1	1	1	1	1	0	1
chr6.1027000.1027500	neg	0	0	0	0	0	0	1	0	1	0	0
chr6.1313000.1313500	neg	1	1	1	1	1	1	0	1	0	0	1
chr6.1763500.1764000	neg	0	1	0	1	0	0	1	0	1	0	0
chr6.1995000.1995500	neg	0	1	0	0	1	0	1	1	1	0	1
chr6.2502500.2503000	neg	1	1	1	1	1	1	1	1	1	1	1
chr6.2519000.2519500	neg	0	1	0	1	1	0	1	1	0	1	0
chr6.2642000.2642500	neg	1	0	0	1	1	0	0	1	0	0	1
chr6.2743500.2744000	neg	1	1	0	0	1	1	0	1	0	0	0
chr6.3292500.3293000	neg	1	1	0	1	1	1	1	1	0	0	1
chr6.3800000.3800500	neg	0	1	0	1	1	1	1	1	1	0	1
chr6.3923500.3924000	neg	1	1	0	1	1	1	0	1	0	1	0
chr6.3937500.3938000	neg	1	1	0	1	0	0	0	1	0	0	0
chr6.4068500.4069000	neg	1	1	0	1	1	0	0	1	0	1	0
chr6.4079500.4080000	neg	1	1	0	1	0	0	0	1	0	1	0
chr6.4125000.4125500	neg	0	1	0	0	0	1	1	0	1	0	0
chr6.4364000.4364500	neg	0	1	1	0	0	0	1	0	1	1	0
chr6.4719500.4720000	neg	1	1	0	1	0	1	1	1	1	0	0
chr6.4787500.4788000	neg	0	0	0	0	0	0	1	0	1	0	0
chr6.7197000.7197500	neg	1	1	0	1	1	0	1	1	0	1	0
chr6.7521000.7521500	neg	0	1	0	0	0	0	1	0	1	1	0
chr6.8103000.8103500	neg	1	1	0	1	1	0	1	1	0	1	0
chr6.8266000.8266500	neg	0	1	0	1	1	1	1	1	1	1	1
chr6.8430000.8430500	neg	0	1	0	1	0	0	1	0	1	0	1
chr6.8454500.8455000	neg	0	1	0	0	1	1	1	0	0	0	1
chr6.8496000.8496500	neg	0	1	0	0	0	0	1	0	1	0	0
chr6.8678500.8679000	neg	0	1	0	1	0	0	1	1	1	1	0
chr6.9254000.9254500	neg	0	1	1	1	1	1	1	1	1	0	1
chr6.9254500.9255000	neg	0	1	0	1	1	1	1	1	1	0	1
chr6.9382500.9383000	neg	0	0	1	1	1	0	1	1	1	0	1
chr6.9466500.9467000	neg	0	0	1	0	0	0	1	0	1	0	0
chr6.10062000.10062500	neg	0	1	0	1	1	1	1	1	1	1	1
chr6.10461000.10461500	neg	1	1	0	1	1	1	0	1	0	1	0
chr6.10738500.10739000	neg	0	0	0	0	0	0	0	0	0	0	0
chr6.10762500.10763000	neg	0	0	0	0	0	0	0	0	0	0	0
chr6.10780000.10780500	neg	0	1	0	1	1	1	1	1	1	0	1
chr6.10976500.10977000	neg	1	1	0	1	1	1	0	1	0	0	1
chr6.11168500.11169000	neg	0	1	0	0	0	1	1	1	1	0	1
chr6.11325500.11326000	neg	1	1	0	0	1	1	0	1	0	1	0
chr6.11339000.11339500	neg	0	0	0	0	0	0	1	0	1	0	0
chr6.11660000.11660500	neg	0	1	1	0	0	1	1	1	0	0	0
chr6.11681500.11682000	neg	0	1	1	1	0	0	1	1	1	0	1
chr6.11765500.11766000	neg	0	1	1	0	1	0	1	0	1	0	1
chr6.12187000.12187500	neg	1	1	0	1	0	0	0	1	1	0	0
chr6.12283000.12283500	neg	0	0	0	0	0	0	1	0	1	0	0
chr6.12298500.12299000	neg	1	1	0	1	1	1	0	1	1	0	0
chr6.12418000.12418500	neg	0	1	0	0	0	1	1	0	1	0	0
chr6.12462500.12463000	neg	0	1	1	1	1	1	1	1	0	0	1
chr6.12546000.12546500	neg	0	1	1	1	1	1	1	1	0	0	1
chr6.12696500.12697000	neg	0	1	0	1	1	0	1	1	0	1	0
chr6.13137500.13138000	neg	1	1	0	1	1	1	1	1	0	1	0
chr6.13198500.13199000	neg	0	1	0	0	1	0	1	0	0	1	0
chr6.13426000.13426500	neg	0	1	0	1	0	1	1	0	1	1	0
chr6.13454500.13455000	neg	1	1	0	0	1	0	0	1	0	1	0
chr6.13592500.13593000	neg	1	1	0	1	1	0	0	1	0	1	0
chr6.13969000.13969500	neg	1	1	0	1	1	0	0	1	0	1	0
chr6.14883500.14884000	neg	1	1	0	1	1	0	1	1	0	1	0
chr6.14960000.14960500	neg	0	1	0	1	1	0	1	0	1	1	0
chr6.15114500.15115000	neg	0	1	1	1	1	1	1	1	1	0	1
chr6.15305500.15306000	neg	1	1	0	1	1	0	0	0	0	1	0
chr6.15544000.15544500	neg	1	1	1	1	1	0	1	1	1	0	0
chr6.15895500.15896000	neg	0	1	0	0	0	0	1	0	0	0	0
chr6.17276500.17277000	neg	0	1	1	0	1	1	1	1	0	0	0
chr6.17591000.17591500	neg	0	1	0	1	1	0	1	1	1	0	0
chr6.18150000.18150500	neg	1	1	0	1	1	0	0	1	0	1	0
chr6.18315000.18315500	neg	1	0	0	0	0	0	0	0	0	1	0
chr6.18753000.18753500	neg	0	0	0	0	0	0	0	0	0	0	0
chr6.18851000.18851500	neg	1	1	0	1	1	1	1	1	1	0	0
chr6.18876500.18877000	neg	0	1	0	0	1	1	1	0	1	0	1
chr6.19279500.19280000	neg	0	1	0	0	0	1	0	0	0	0	0
chr6.19305000.19305500	neg	0	0	1	0	0	0	1	0	1	0	0
chr6.19639500.19640000	neg	1	1	0	1	1	0	1	1	0	1	0
chr6.19885500.19886000	neg	1	1	1	1	1	0	0	0	0	1	0
chr6.20079500.20080000	neg	0	0	0	0	0	0	1	0	0	1	0
chr6.20282000.20282500	neg	0	1	0	1	1	0	1	0	1	1	1
chr6.20424000.20424500	neg	0	1	0	0	1	1	1	1	1	0	1
chr6.20524000.20524500	neg	1	1	0	0	1	1	0	1	0	0	0
chr6.20621500.20622000	neg	1	1	0	1	1	0	1	1	0	1	0
chr6.20717000.20717500	neg	1	1	0	1	1	0	0	1	0	0	0
chr6.21042500.21043000	neg	0	1	1	1	0	0	1	0	1	1	0
chr6.21274000.21274500	neg	0	1	1	1	1	1	1	1	1	0	1
chr6.21360500.21361000	neg	1	1	0	1	1	0	0	1	0	1	0
chr6.21624000.21624500	neg	1	1	0	0	1	0	0	1	0	1	0
chr6.21650000.21650500	neg	0	1	1	1	1	1	1	1	0	1	1
chr6.21738500.21739000	neg	0	0	0	0	0	0	1	0	0	1	0
chr6.21845000.21845500	neg	1	1	0	0	1	0	0	1	0	0	0
chr6.22095500.22096000	neg	0	1	0	1	1	1	1	1	0	1	1
chr6.22144000.22144500	neg	1	1	0	1	0	0	1	1	1	0	0
chr6.22305500.22306000	neg	0	1	0	0	0	0	1	0	1	0	0
chr6.22493000.22493500	neg	0	1	0	1	1	1	0	1	0	0	1
chr6.22578000.22578500	neg	1	1	1	1	1	0	1	0	0	1	1
chr6.23055000.23055500	neg	1	1	0	1	1	0	0	0	0	1	0
chr6.23148500.23149000	neg	0	1	0	0	0	1	1	0	0	0	0
chr6.23266000.23266500	neg	0	1	1	1	0	0	1	0	1	0	0
chr7.455000.455500	neg	0	1	0	1	1	1	1	0	0	0	1
chr7.605500.606000	neg	1	1	0	1	1	0	0	1	1	0	0
chr7.847500.848000	neg	0	1	1	1	0	0	1	1	1	0	1
chr7.1198500.1199000	neg	0	0	0	0	0	0	1	0	1	0	0
chr7.1295000.1295500	neg	0	1	1	0	0	0	1	0	1	0	0
chr7.2375500.2376000	neg	0	1	1	1	0	0	1	0	1	0	0
chr7.2654500.2655000	neg	0	1	0	1	1	0	1	1	1	0	0
chr7.2700000.2700500	neg	0	1	1	1	1	1	1	0	1	0	1
chr7.2721500.2722000	neg	0	1	0	1	0	0	1	0	0	0	0
chr7.3181000.3181500	neg	0	1	0	0	1	1	1	1	1	0	1
chr7.3189500.3190000	neg	0	1	1	1	1	1	1	0	1	1	1
chr7.3487000.3487500	neg	0	0	0	0	0	0	1	0	0	1	0
chr7.3614000.3614500	neg	1	1	1	1	1	0	0	1	0	1	0
chr7.3662000.3662500	neg	0	0	0	0	0	0	0	0	0	1	0
chr7.3919000.3919500	neg	1	1	0	1	1	1	0	1	0	0	0
chr7.4719000.4719500	neg	0	0	1	0	0	0	1	0	1	0	0
chr7.4796500.4797000	neg	0	0	0	0	0	0	1	0	1	0	0
chr7.4959000.4959500	neg	0	1	0	1	1	0	0	1	0	1	0
chr7.4966000.4966500	neg	0	1	0	0	0	0	0	0	0	1	0
chr7.5107500.5108000	neg	0	1	1	1	0	0	1	1	0	0	0
chr7.5199000.5199500	neg	0	0	0	0	0	0	1	0	1	0	0
chr7.5259000.5259500	neg	0	1	1	1	1	1	0	0	0	0	1
chr7.5291000.5291500	neg	0	1	1	1	1	0	1	1	0	1	0
chr7.5504000.5504500	neg	0	1	0	1	1	0	0	1	0	1	0
chr7.6485500.6486000	neg	0	1	1	1	1	0	1	1	0	1	0
chr7.6815500.6816000	neg	0	0	0	0	0	0	1	0	1	0	0
chr7.7042500.7043000	neg	1	1	0	1	1	0	0	1	0	1	0
chr7.7073000.7073500	neg	0	1	1	1	1	0	0	1	0	0	1
chr7.7443000.7443500	neg	1	1	1	0	1	1	1	0	0	0	1
chr7.7465000.7465500	neg	0	0	1	1	0	0	1	0	1	0	0
chr7.7929500.7930000	neg	1	1	0	0	1	1	0	1	0	0	0
chr7.8092000.8092500	neg	0	1	0	1	1	0	0	1	0	1	0
chr7.8500500.8501000	neg	0	1	1	1	1	1	1	0	0	0	1
chr7.9071500.9072000	neg	0	1	0	0	0	0	1	0	0	0	0
chr7.9597000.9597500	neg	1	1	0	1	1	1	0	1	1	0	0
chr7.9685500.9686000	neg	1	1	0	0	1	0	1	1	1	0	1
chr7.9796000.9796500	neg	0	1	1	0	0	0	1	0	1	0	1
chr7.9846500.9847000	neg	1	1	0	0	1	1	1	0	0	0	0
chr7.10239000.10239500	neg	0	1	1	1	1	0	1	0	1	1	1
chr7.10464000.10464500	neg	0	0	1	0	0	0	1	0	1	0	0
chr7.11320000.11320500	neg	0	0	1	0	0	1	1	0	1	0	1
chr7.11764000.11764500	neg	1	1	1	1	1	0	1	1	1	0	0
chr7.12126500.12127000	neg	1	1	0	1	1	0	0	1	0	1	0
chr7.12998500.12999000	neg	0	1	1	1	1	1	1	1	1	0	1
chr7.13233500.13234000	neg	0	1	1	1	1	0	0	1	0	0	1
chr7.13300500.13301000	neg	0	1	0	1	0	1	1	0	1	0	1
chr7.14239500.14240000	neg	0	1	0	0	1	1	1	0	1	0	1
chr7.14417500.14418000	neg	0	1	0	0	0	0	1	1	1	0	0
chr7.14816000.14816500	neg	0	1	0	1	1	1	1	1	0	0	1
chr7.15224000.15224500	neg	0	0	1	0	0	1	1	0	1	0	0
chr7.15474000.15474500	neg	0	0	0	0	0	0	1	0	1	0	0
chr7.15687500.15688000	neg	1	1	0	1	0	0	1	1	1	0	0
chr7.16358500.16359000	neg	0	0	0	0	0	0	1	0	0	1	0
chr7.16368000.16368500	neg	0	1	1	1	1	0	1	1	0	0	1
chr7.16505000.16505500	neg	1	1	0	1	1	0	0	1	0	1	0
chr7.16832000.16832500	neg	1	1	0	1	1	0	1	1	1	1	0
chr7.16992500.16993000	neg	0	1	1	1	1	1	1	1	1	1	0
chr7.17133000.17133500	neg	0	1	0	1	1	1	0	0	0	0	1
chr7.17632000.17632500	neg	0	0	0	0	0	1	1	0	1	0	0
chr7.17780000.17780500	neg	0	0	1	0	0	1	1	0	1	0	0
chr7.17866000.17866500	neg	1	1	0	1	1	0	0	1	0	1	0
chr7.19437000.19437500	neg	0	1	1	0	0	0	0	0	0	0	0
chr7.19558500.19559000	neg	1	1	0	0	1	1	0	1	0	1	0
chr7.19563000.19563500	neg	1	1	0	0	1	1	0	1	0	0	0
chr7.19789000.19789500	neg	0	1	0	1	1	0	1	1	1	1	0
chr7.20202500.20203000	neg	0	1	0	1	1	1	1	1	1	0	1
chr7.20588500.20589000	neg	1	1	0	1	1	0	0	1	1	1	0
chr7.20589500.20590000	neg	1	1	0	0	1	0	0	0	1	1	0
chr7.20654500.20655000	neg	0	1	0	1	1	0	1	0	0	0	1
chr7.20899500.20900000	neg	0	1	0	1	1	0	0	1	0	1	0
chr7.21480500.21481000	neg	1	1	0	1	1	0	1	1	1	1	0
chr8.328000.328500	neg	0	1	1	1	0	0	1	1	1	0	0
chr8.645500.646000	neg	1	1	0	1	1	0	0	1	1	0	0
chr8.774500.775000	neg	0	0	0	0	0	0	0	0	0	0	0
chr8.942500.943000	neg	1	1	0	1	1	1	0	1	1	0	0
chr8.1563000.1563500	neg	1	1	1	1	1	1	1	1	1	0	1
chr8.1991500.1992000	neg	1	1	0	1	1	0	1	1	1	1	0
chr8.2099000.2099500	neg	0	1	1	1	1	1	1	1	0	1	1
chr8.2102000.2102500	neg	0	0	0	0	0	0	0	0	0	1	0
chr8.2226000.2226500	neg	0	1	0	1	0	1	1	1	0	1	0
chr8.2244500.2245000	neg	0	0	0	0	0	0	1	0	1	0	0
chr8.2374000.2374500	neg	1	1	1	1	1	1	0	1	0	1	0
chr8.2424500.2425000	neg	1	1	1	1	1	0	0	1	0	1	0
chr8.2693500.2694000	neg	0	0	0	0	0	0	0	0	0	0	0
chr8.2756500.2757000	neg	0	1	1	1	1	0	0	1	0	1	0
chr8.3460500.3461000	neg	1	1	0	0	0	0	1	0	1	0	0
chr8.3734500.3735000	neg	0	1	1	0	1	1	1	1	1	0	1
chr8.3861000.3861500	neg	1	1	0	1	1	0	0	1	0	1	0
chr8.3885000.3885500	neg	0	1	0	1	1	1	1	1	0	1	1
chr8.3924500.3925000	neg	0	1	0	0	0	0	1	0	1	0	1
chr8.4674500.4675000	neg	0	1	0	1	1	1	1	1	0	1	0
chr8.5121000.5121500	neg	1	1	1	1	1	1	1	1	0	0	1
chr8.5357000.5357500	neg	0	1	1	1	1	1	0	0	0	1	0
chr8.6025500.6026000	neg	1	1	1	1	1	0	1	1	1	1	0
chr8.6124000.6124500	neg	0	0	0	0	0	0	0	0	0	0	0
chr8.6696000.6696500	neg	0	1	0	0	1	0	1	0	1	0	1
chr8.6863000.6863500	neg	1	1	0	1	1	0	0	1	0	1	0
chr8.7026000.7026500	neg	0	1	1	1	0	1	1	1	0	0	1
chr8.7225500.7226000	neg	0	1	1	1	1	1	1	1	1	1	1
chr8.7520000.7520500	neg	1	1	0	1	1	0	0	1	1	0	0
chr8.7644500.7645000	neg	0	1	0	1	0	1	1	0	1	0	1
chr8.7899000.7899500	neg	0	1	0	0	0	0	1	0	1	0	0
chr8.7899500.7900000	neg	1	1	0	0	0	0	1	0	1	0	0
chr8.8250500.8251000	neg	0	0	0	0	0	0	0	0	1	0	0
chr8.8941000.8941500	neg	0	1	1	0	1	1	1	1	1	0	1
chr8.9464000.9464500	neg	0	1	0	1	1	1	0	1	0	0	1
chr8.9793000.9793500	neg	0	1	0	1	1	0	1	1	1	0	0
chr8.10299500.10300000	neg	1	1	0	1	1	0	1	0	0	1	0
chr8.10667500.10668000	neg	1	1	0	1	1	1	0	1	0	0	1
chr8.10706000.10706500	neg	0	0	1	0	0	0	1	0	1	0	0
chr8.11387500.11388000	neg	1	1	0	0	1	0	0	1	0	1	0
chr8.11547000.11547500	neg	1	1	0	1	1	0	1	1	0	0	1
chr8.11623500.11624000	neg	1	1	0	1	1	1	1	1	1	0	0
chr8.11811500.11812000	neg	1	1	0	1	1	1	0	1	0	0	1
chr8.11812000.11812500	neg	1	1	0	1	1	0	0	1	0	0	1
chr8.11812500.11813000	neg	0	1	0	1	1	0	0	1	0	0	1
chr8.12044500.12045000	neg	1	1	0	1	1	1	1	1	1	0	0
chr8.12099000.12099500	neg	0	1	0	0	0	1	1	0	0	0	0
chr8.12201500.12202000	neg	0	0	1	0	0	0	1	0	1	0	0
chr8.12281500.12282000	neg	0	1	1	1	1	1	1	1	0	0	1
chr8.12355500.12356000	neg	1	1	0	1	1	0	1	0	0	1	0
chr8.12511000.12511500	neg	1	1	0	1	1	0	0	1	0	0	0
chr8.12642500.12643000	neg	0	0	0	0	0	0	0	0	0	1	0
chr8.12653000.12653500	neg	1	1	0	1	1	1	0	1	0	1	1
chr8.13783000.13783500	neg	1	1	0	1	1	0	1	1	0	1	0
chr8.13931000.13931500	neg	1	1	1	1	1	1	0	0	0	0	0
chr8.14062500.14063000	neg	1	1	0	1	1	0	0	0	0	1	0
chr8.14271500.14272000	neg	0	0	0	0	0	0	1	0	1	0	0
chr8.14473000.14473500	neg	0	0	1	0	0	1	1	0	1	0	0
chr8.14649000.14649500	neg	0	0	0	1	1	0	0	1	0	0	1
chr8.14928000.14928500	neg	0	1	0	0	0	0	1	0	0	1	0
chr8.15140500.15141000	neg	1	1	0	1	1	0	0	1	0	1	0
chr8.15148000.15148500	neg	1	1	0	1	1	0	0	1	1	0	0
chr8.15681000.15681500	neg	0	1	1	0	0	1	1	0	1	0	0
chr8.15816000.15816500	neg	0	1	0	0	0	0	1	1	1	0	0
chr8.16026000.16026500	neg	0	1	0	0	1	0	1	1	0	0	1
chr8.16566500.16567000	neg	0	1	0	1	0	1	1	0	1	0	1
chr8.16681500.16682000	neg	0	1	0	0	1	1	1	0	1	0	1
chr8.16924500.16925000	neg	0	1	0	1	1	1	1	1	1	0	1
chr8.17056000.17056500	neg	0	1	0	1	1	1	1	1	1	0	1
chr8.17077500.17078000	neg	0	0	1	0	0	0	1	0	1	1	0
chr8.17586500.17587000	neg	0	0	1	0	0	0	1	0	1	0	0
chr8.17695000.17695500	neg	1	1	0	1	1	1	1	1	1	0	1
chr8.18385000.18385500	neg	0	1	1	0	0	0	1	0	1	0	1
chr8.18514000.18514500	neg	0	0	1	0	0	0	0	0	0	0	1
chr8.18743500.18744000	neg	1	1	0	1	1	0	0	1	0	1	0
chr8.19865500.19866000	neg	0	0	0	0	0	0	1	0	1	0	0
chr8.20543500.20544000	neg	0	1	0	1	1	1	1	1	1	1	1
chr8.21109000.21109500	neg	1	1	0	1	1	1	1	1	1	0	0
chr8.21236500.21237000	neg	1	1	1	1	1	1	1	1	1	0	1
chrU.1087000.1087500	neg	0	0	0	0	0	0	0	0	0	0	0
chrU.1527000.1527500	neg	0	0	0	0	0	0	0	0	0	0	0
chrU.1774500.1775000	neg	0	0	0	0	0	0	0	0	0	0	0
chrV.1734500.1735000	neg	0	0	0	0	0	0	1	1	1	0	0
chrV.2271500.2272000	neg	0	0	0	0	0	0	1	0	1	0	0
chrV.4928000.4928500	neg	0	0	0	0	0	0	1	0	1	0	0
chrV.6109500.6110000	neg	0	1	0	1	1	0	1	1	1	0	1
chrV.6743000.6743500	neg	0	0	0	0	0	0	0	0	0	0	0
chrV.7096000.7096500	neg	0	0	0	0	0	0	0	0	0	0	0
chrV.7126000.7126500	neg	0	0	0	0	0	0	0	0	0	0	0
chrV.7162500.7163000	neg	0	0	0	0	0	0	0	0	0	0	0
chrV.7210500.7211000	neg	0	0	0	0	0	0	0	0	0	0	0
chrV.7478500.7479000	neg	0	0	0	0	0	0	0	0	0	0	0
chrV.7481000.7481500	neg	0	0	0	0	0	0	0	0	0	0	0
chrV.7487000.7487500	neg	0	0	0	0	0	0	0	0	0	0	0
chrV.7534500.7535000	neg	0	0	0	0	0	0	0	0	0	0	0
unplaced-scaffold_010.17000.17500	neg	0	0	0	0	0	0	0	0	0	0	0
unplaced-scaffold_035.14000.14500	neg	0	0	0	0	0	0	0	0	0	0	0
unplaced-scaffold_104.13500.14000	neg	0	0	0	0	0	0	0	0	0	0	0
unplaced-scaffold_126.12500.13000	neg	0	0	0	0	0	0	0	0	0	0	0
unplaced-scaffold_198.8500.9000	neg	0	0	0	0	0	0	0	0	0	0	0
unplaced-scaffold_210.2500.3000	neg	0	0	0	0	0	0	0	0	0	0	0
unplaced-scaffold_291.6000.6500	neg	0	0	0	0	0	0	0	0	0	0	0
unplaced-scaffold_385.2500.3000	neg	0	0	0	0	0	0	0	0	0	0	0
unplaced-scaffold_399.8500.9000	neg	0	0	0	0	0	0	0	0	0	0	0
unplaced-scaffold_440.4000.4004	neg	0	0	0	0	0	0	0	0	0	1	0
