peak	Class	H2Aub	H2AZ	H3	H3K4me1	H3K4me3	H3K9ac	H3K9me1	H3K14ac	H3K27me1	H3K27me3	H3K36me3
chr1.264877.265288	pos	1	1	0	1	1	1	1	1	1	0	1
chr1.329934.331716	pos	1	1	0	1	1	0	0	1	0	0	1
chr1.566675.566992	pos	1	1	0	1	1	1	0	1	0	1	0
chr1.722607.722670	pos	0	1	0	1	0	0	1	1	0	0	0
chr1.771255.771371	pos	0	1	0	1	1	1	0	1	1	0	1
chr1.1153851.1154012	pos	0	1	0	1	1	0	0	1	0	0	1
chr1.1368630.1368746	pos	1	1	0	1	1	0	1	0	0	1	0
chr1.2053525.2053757	pos	1	1	0	0	1	1	0	0	0	0	0
chr1.2145637.2145754	pos	0	1	0	1	1	1	1	1	1	0	1
chr1.2228640.2228742	pos	0	1	1	1	1	1	0	1	0	0	1
chr1.2300496.2300644	pos	0	1	0	1	1	1	1	1	0	0	1
chr1.2538927.2539661	pos	0	0	0	1	0	1	0	1	0	0	1
chr1.2687040.2687226	pos	0	0	0	1	0	0	0	1	0	0	1
chr1.3220108.3220415	pos	1	1	0	1	1	1	0	1	0	0	1
chr1.3381286.3382265	pos	0	1	0	1	1	1	1	1	0	0	1
chr1.3528816.3528988	pos	0	1	0	1	1	1	1	1	1	0	1
chr1.3925828.3926064	pos	1	1	0	1	1	0	0	1	0	0	1
chr1.3947385.3947512	pos	0	1	1	1	1	1	1	1	0	0	1
chr1.4437633.4438338	pos	0	0	1	1	0	0	1	1	0	0	1
chr1.4645838.4646067	pos	0	1	0	1	1	0	1	1	0	0	1
chr1.4746356.4746513	pos	0	1	0	1	0	1	1	0	0	0	1
chr1.4993688.4994073	pos	1	1	0	0	1	1	1	0	0	1	1
chr1.5067072.5067176	pos	0	1	0	1	1	1	1	1	1	0	1
chr1.5432261.5432408	pos	0	1	1	1	1	1	0	1	0	0	1
chr1.5667711.5668039	pos	1	1	0	1	1	0	1	1	1	0	1
chr1.6006796.6007073	pos	0	1	0	1	0	0	0	1	0	0	1
chr1.6022409.6022629	pos	1	1	0	1	1	1	1	1	0	0	1
chr1.6080725.6081454	pos	1	1	0	1	1	0	0	1	0	0	0
chr1.6099798.6099978	pos	1	1	0	1	1	1	0	1	1	0	0
chr1.6212503.6213041	pos	0	1	1	1	1	0	1	1	1	0	1
chr1.6735901.6736316	pos	0	1	0	1	0	1	1	1	1	0	1
chr1.6776289.6776389	pos	1	1	0	0	1	0	0	0	0	0	0
chr1.6806212.6806679	pos	0	1	1	1	1	0	1	1	0	0	1
chr1.7013485.7013554	pos	0	1	0	1	0	1	1	0	0	0	1
chr1.7627297.7627917	pos	0	0	1	1	0	0	0	0	0	0	1
chr1.8217239.8217463	pos	0	0	1	1	0	1	0	0	0	0	1
chr1.8644549.8644904	pos	0	1	0	1	1	1	0	1	0	0	1
chr1.8850073.8850383	pos	0	1	1	1	1	1	1	1	1	0	1
chr1.9400758.9400878	pos	0	0	0	1	1	1	0	1	0	0	1
chr1.9497962.9498127	pos	0	1	1	1	0	0	1	0	1	0	0
chr1.9682865.9683052	pos	0	1	0	1	1	1	0	1	0	0	1
chr1.9868489.9868612	pos	1	1	0	0	1	1	0	1	0	0	1
chr1.10635117.10636073	pos	0	0	0	1	0	0	1	1	0	0	1
chr1.10804754.10805685	pos	1	1	0	1	1	1	0	1	0	0	1
chr1.10829821.10830034	pos	0	1	0	0	0	0	1	0	0	0	1
chr1.10869485.10869731	pos	0	1	1	1	1	0	0	1	0	0	1
chr1.10968810.10969645	pos	0	1	0	1	1	1	0	1	0	0	1
chr1.11273180.11273831	pos	0	1	1	1	1	1	1	1	0	0	1
chr1.11455264.11455737	pos	1	1	0	1	1	1	0	1	0	0	1
chr1.11479744.11480054	pos	1	1	0	1	1	0	0	1	0	0	0
chr1.11494309.11494499	pos	0	1	1	1	0	0	1	1	1	0	0
chr1.11745793.11745923	pos	1	1	0	1	1	1	1	1	1	0	0
chr1.11828215.11828410	pos	0	0	1	0	0	0	1	0	1	0	0
chr1.11941035.11941163	pos	0	0	0	0	1	1	0	0	0	0	1
chr1.12401126.12401330	pos	0	1	0	1	0	1	1	1	1	0	1
chr1.12538693.12538805	pos	0	1	0	1	1	1	0	1	0	0	1
chr1.12707289.12708205	pos	1	0	1	0	1	1	0	1	0	0	1
chr1.13072835.13073075	pos	0	1	0	1	1	1	0	1	1	0	1
chr1.13089851.13090215	pos	0	0	1	1	1	1	0	1	0	0	1
chr1.13090344.13090410	pos	0	1	1	1	1	1	1	1	0	0	1
chr1.13101990.13102059	pos	0	0	0	1	0	1	0	0	0	0	1
chr1.13117843.13118164	pos	1	1	0	0	1	0	1	1	1	0	1
chr1.13126517.13126828	pos	0	1	0	1	1	0	1	1	0	0	1
chr1.13159584.13159777	pos	0	0	0	1	0	0	0	0	0	0	1
chr1.13160062.13161101	pos	0	1	1	1	1	1	1	1	1	0	1
chr1.13301650.13301827	pos	0	1	1	1	1	1	1	1	1	0	1
chr1.13691466.13691541	pos	0	0	0	0	0	0	1	0	1	0	0
chr1.13857811.13857987	pos	1	1	0	0	1	1	0	1	0	0	1
chr1.14204453.14204520	pos	0	0	0	0	0	0	1	0	1	0	0
chr1.15123997.15124370	pos	0	0	1	1	0	0	1	0	0	0	1
chr1.15460453.15460939	pos	0	1	0	1	1	1	1	1	0	0	1
chr1.15697331.15697732	pos	1	1	0	1	1	1	1	1	0	1	1
chr1.16206295.16206444	pos	0	1	0	0	0	0	1	0	1	0	0
chr1.16249737.16249882	pos	0	1	1	1	0	0	1	1	0	0	1
chr1.16309153.16309274	pos	0	1	0	1	1	1	1	1	1	0	1
chr1.16485790.16486371	pos	1	1	0	1	1	1	0	1	0	0	1
chr1.16666802.16668493	pos	0	0	0	1	1	1	1	1	0	0	1
chr1.16691395.16691697	pos	1	0	1	1	1	1	0	1	0	0	1
chr1.16723392.16723970	pos	0	1	1	1	1	0	1	1	1	0	1
chr1.17120930.17121069	pos	0	1	1	1	1	0	1	1	1	0	1
chr1.17517064.17517322	pos	0	1	0	1	1	1	1	1	0	0	1
chr1.17804973.17805084	pos	1	1	0	1	1	1	1	1	1	0	1
chr1.18119831.18121789	pos	0	1	0	1	1	0	1	1	1	0	1
chr1.18465846.18466006	pos	0	1	0	1	0	0	1	0	0	0	1
chr1.18505704.18505866	pos	1	0	0	0	1	0	0	0	0	1	0
chr1.18736812.18736929	pos	1	1	0	1	1	1	0	1	0	0	1
chr1.18929578.18929854	pos	0	0	0	0	1	1	0	1	0	0	1
chr1.19040496.19040671	pos	0	0	0	1	0	1	1	1	0	0	1
chr1.19040798.19040959	pos	0	1	0	1	0	1	1	1	0	0	1
chr1.19755271.19755578	pos	0	1	1	1	0	1	1	1	1	0	1
chr1.20142436.20144519	pos	1	1	0	1	1	1	0	1	0	0	1
chr1.20154536.20154807	pos	0	1	0	1	1	0	0	1	0	0	1
chr1.20191269.20191421	pos	0	1	1	0	0	0	1	1	1	0	0
chr1.21283024.21283239	pos	0	1	0	1	1	1	1	1	0	0	1
chr1.21291257.21291674	pos	0	1	0	1	1	1	1	1	0	0	1
chr1.21291786.21292042	pos	0	1	0	1	1	0	0	1	0	0	1
chr1.21728182.21728290	pos	1	1	0	1	1	1	0	1	1	0	1
chr1.21973599.21973688	pos	0	1	0	1	1	0	1	1	0	0	1
chr1.22090197.22090367	pos	1	1	0	0	1	0	0	1	1	0	0
chr1.22117085.22117249	pos	0	0	0	1	1	0	0	1	0	0	1
chr1.22117417.22118550	pos	0	1	0	1	1	1	1	1	1	0	1
chr1.22214256.22214466	pos	1	1	0	1	1	1	1	1	1	0	1
chr1.22629701.22629919	pos	0	1	0	0	0	0	1	0	1	0	0
chr1.23778093.23778177	pos	0	0	0	0	0	0	1	0	1	0	0
chr1.24142966.24143081	pos	1	1	0	1	0	0	0	1	0	0	0
chr1.24321482.24321671	pos	0	0	1	1	0	1	0	0	0	0	1
chr1.24497401.24497648	pos	0	1	1	1	1	1	1	1	1	0	1
chr1.24545906.24546740	pos	1	1	0	1	1	0	1	1	1	0	0
chr1.25092066.25092305	pos	0	1	1	1	1	1	0	1	0	0	1
chr1.25092471.25093237	pos	0	1	1	1	1	0	0	1	1	0	1
chr1.25164521.25164633	pos	0	1	0	1	1	1	1	0	0	0	1
chr1.25202679.25202962	pos	0	1	0	1	1	1	1	1	1	0	1
chr1.25203038.25203276	pos	0	1	0	1	1	1	1	1	1	0	1
chr1.25877048.25878323	pos	0	1	1	1	1	1	1	1	1	0	1
chr1.25922879.25923160	pos	0	1	0	1	1	0	0	1	0	0	1
chr1.25978613.25979203	pos	1	1	0	1	1	1	0	1	0	0	1
chr1.26589070.26589286	pos	0	0	0	0	0	0	1	0	0	0	0
chr1.26890551.26890723	pos	0	1	0	1	0	1	1	0	0	0	1
chr1.27078100.27078874	pos	0	1	1	1	1	1	1	1	1	0	1
chr1.27092686.27093520	pos	0	1	1	1	1	1	1	1	0	0	1
chr1.27093661.27093809	pos	0	1	1	1	1	1	1	1	1	0	1
chr1.27105369.27105504	pos	0	1	1	1	1	0	1	1	1	1	1
chr1.27522120.27522397	pos	0	0	0	1	1	1	0	1	1	0	1
chr1.27892578.27893106	pos	1	1	1	0	1	0	0	0	0	1	0
chr1.28045481.28046728	pos	1	0	1	1	1	0	0	1	0	0	1
chr1.28046818.28046939	pos	0	0	0	1	1	0	0	1	0	0	1
chr1.28086159.28086310	pos	0	0	0	1	0	1	0	1	0	0	1
chr1.28115639.28116663	pos	1	1	1	1	1	1	0	1	0	0	1
chr1.28161927.28162260	pos	0	1	0	0	0	1	1	1	0	0	0
chr1.28395422.28395547	pos	1	1	0	1	1	1	0	1	0	1	0
chr1.28441521.28441639	pos	0	0	0	0	0	0	1	0	1	1	0
chr1.28451280.28451399	pos	0	1	1	1	0	0	1	0	0	1	1
chr1.28532070.28532194	pos	0	1	0	1	0	0	0	1	0	0	0
chr1.28998441.28998600	pos	0	1	1	1	0	0	1	0	1	1	1
chr1.29007884.29008064	pos	0	1	1	1	0	1	1	1	1	0	1
chr1.29202587.29202806	pos	0	1	1	1	1	1	1	1	1	0	1
chr1.29355615.29355847	pos	0	1	1	1	1	0	1	1	0	1	1
chr1.29577415.29577607	pos	0	1	0	1	0	0	1	1	1	0	1
chr1.30180466.30180667	pos	0	1	0	1	1	0	1	1	1	0	1
chr2.22852.22953	pos	0	0	0	0	0	0	1	0	1	0	0
chr2.667079.667220	pos	0	1	1	1	0	1	1	1	1	0	0
chr2.793258.793526	pos	1	1	0	1	1	0	1	1	1	1	0
chr2.1012718.1012846	pos	0	0	0	0	0	0	1	0	1	0	0
chr2.1017364.1017541	pos	0	1	0	1	1	1	1	1	1	0	1
chr2.1018007.1018488	pos	0	1	0	1	1	1	1	1	1	0	1
chr2.1018660.1018974	pos	0	0	0	1	1	0	0	0	0	0	1
chr2.1097664.1097902	pos	1	1	1	1	0	0	1	0	1	0	0
chr2.1308159.1308407	pos	0	1	0	1	0	0	1	1	0	0	1
chr2.1371846.1372148	pos	0	0	0	0	0	0	1	0	1	0	0
chr2.1481219.1481434	pos	0	1	0	1	1	0	1	1	1	0	1
chr2.1500235.1500640	pos	1	1	0	1	1	1	1	1	1	1	1
chr2.2349903.2350185	pos	0	1	1	1	1	1	0	0	0	0	1
chr2.2409232.2409593	pos	0	1	0	1	0	0	1	1	0	0	1
chr2.2436589.2436786	pos	1	1	1	1	1	0	1	1	1	0	0
chr2.3009433.3011935	pos	1	1	1	1	1	1	1	1	1	0	0
chr2.3460129.3460304	pos	0	1	0	1	0	1	0	1	0	0	1
chr2.3586971.3587091	pos	0	1	1	0	0	1	1	1	1	0	0
chr2.4166563.4166704	pos	0	1	0	1	0	0	1	1	0	0	0
chr2.4167013.4167688	pos	0	1	0	1	0	0	0	1	0	0	0
chr2.4207007.4207113	pos	1	1	0	0	1	1	0	1	0	0	0
chr2.4229490.4229821	pos	1	1	1	1	1	1	1	1	0	0	1
chr2.4230039.4230220	pos	1	1	0	1	1	1	0	1	0	0	1
chr2.4233148.4233246	pos	1	1	0	1	1	1	1	1	0	0	1
chr2.4603324.4603675	pos	1	1	0	1	1	0	0	1	0	0	0
chr2.4890704.4890941	pos	0	1	1	1	1	1	1	1	0	0	1
chr2.5112407.5114922	pos	0	1	0	1	1	0	0	1	0	0	1
chr2.5444162.5444299	pos	0	1	1	1	1	0	0	1	1	0	1
chr2.5713514.5713761	pos	1	1	0	1	0	0	1	1	0	1	0
chr2.5719535.5719828	pos	0	1	0	1	1	0	1	1	0	1	1
chr2.6239106.6239388	pos	0	1	1	1	1	0	0	1	0	0	1
chr2.6404632.6404741	pos	0	0	0	1	0	0	0	0	0	0	1
chr2.6404923.6405052	pos	0	0	0	1	0	0	1	0	0	0	1
chr2.6622442.6622548	pos	0	1	1	1	0	1	1	0	0	1	0
chr2.6698503.6698895	pos	1	1	1	1	1	1	1	1	1	0	1
chr2.6725705.6725934	pos	1	1	1	1	1	0	0	1	0	1	0
chr2.6884567.6884850	pos	1	1	0	1	1	0	1	1	1	1	0
chr2.7224332.7224458	pos	0	1	0	1	1	1	1	1	0	0	1
chr2.7224630.7225205	pos	0	1	0	1	1	1	1	1	0	0	1
chr2.7797329.7797398	pos	0	1	0	0	0	0	1	0	0	1	0
chr2.7870525.7870595	pos	1	1	0	0	1	1	0	0	0	1	0
chr2.7968167.7968407	pos	1	1	1	1	1	1	1	1	1	1	1
chr2.7968561.7968696	pos	1	1	1	1	1	1	1	1	1	1	1
chr2.8097928.8098783	pos	0	1	0	1	1	1	0	1	0	0	1
chr2.8202465.8202907	pos	0	1	0	0	0	0	1	0	1	0	0
chr2.8257504.8257631	pos	1	1	0	0	0	0	1	1	1	0	0
chr2.8263572.8263682	pos	0	1	0	1	1	0	1	0	0	0	1
chr2.8278001.8278540	pos	0	1	0	1	1	0	0	1	0	0	1
chr2.8307340.8307631	pos	0	1	0	1	1	1	1	1	1	0	1
chr2.8369772.8369904	pos	0	1	0	1	0	0	1	1	0	0	1
chr2.8454564.8454888	pos	0	1	0	0	1	0	1	1	1	0	0
chr2.8752107.8752900	pos	0	1	0	0	1	1	0	1	0	0	1
chr2.9154962.9155268	pos	0	1	1	1	1	1	1	1	1	0	0
chr2.9376741.9376950	pos	0	1	0	0	1	1	0	1	0	0	1
chr2.9528684.9528873	pos	0	1	0	1	1	1	1	1	1	0	1
chr2.9537106.9537566	pos	0	0	1	1	1	1	0	1	0	0	1
chr2.9915564.9915740	pos	0	1	1	1	1	1	1	1	0	1	1
chr2.10214617.10214832	pos	1	1	0	1	1	1	0	1	0	0	1
chr2.10300900.10301101	pos	0	1	1	1	1	1	1	1	1	1	1
chr2.10423691.10424027	pos	1	1	0	0	1	0	1	0	0	0	1
chr2.10510041.10510542	pos	0	1	1	1	1	1	1	1	0	0	1
chr2.10521895.10521999	pos	0	0	0	1	1	0	0	0	0	0	1
chr2.10525456.10525868	pos	0	1	0	1	0	0	1	0	0	1	0
chr2.10955809.10956114	pos	1	1	0	0	1	0	1	1	1	0	0
chr2.11083137.11083433	pos	0	1	0	1	1	1	1	1	1	0	1
chr2.11100177.11100340	pos	0	1	0	1	0	0	1	1	0	0	1
chr2.11302306.11302432	pos	1	1	1	1	1	0	0	1	0	0	1
chr2.12091128.12091303	pos	1	1	0	1	1	1	0	1	0	0	0
chr2.12142383.12142508	pos	1	1	1	1	1	0	0	1	1	0	0
chr2.12379346.12379522	pos	0	1	1	1	0	0	1	0	1	1	0
chr2.13199897.13200068	pos	0	0	1	1	1	0	0	1	0	0	1
chr2.13424300.13424514	pos	0	1	0	1	1	1	1	1	1	0	1
chr2.13753553.13754508	pos	0	1	1	1	1	1	1	1	1	0	1
chr2.13771625.13771940	pos	0	1	1	1	0	0	1	1	1	0	0
chr2.13791577.13791793	pos	0	1	0	0	0	0	1	1	1	0	0
chr2.13869915.13870297	pos	0	1	0	1	0	0	1	1	1	0	0
chr2.14777730.14778005	pos	1	1	0	1	1	0	1	1	0	0	1
chr2.14870137.14870407	pos	0	0	0	1	0	1	1	1	1	0	1
chr2.14870540.14870651	pos	0	1	0	1	0	1	1	1	1	0	1
chr2.14871157.14871768	pos	0	1	0	1	0	0	1	1	1	0	1
chr2.15049295.15049729	pos	1	1	1	0	1	1	0	0	0	0	0
chr2.15051217.15051338	pos	1	1	0	0	1	1	0	0	0	1	0
chr2.15103817.15103979	pos	1	1	0	1	1	0	0	1	0	0	1
chr2.15397740.15397972	pos	0	1	1	1	1	1	0	1	0	0	1
chr2.16253780.16254281	pos	0	1	1	1	1	1	1	1	1	0	1
chr2.16539047.16539152	pos	0	1	0	1	1	0	0	1	0	0	1
chr2.16674499.16674724	pos	0	0	0	1	0	0	0	0	0	0	1
chr2.16815556.16815786	pos	1	1	1	1	1	1	0	1	0	0	1
chr2.17529731.17530122	pos	0	1	0	1	1	1	1	1	1	0	1
chr2.17941667.17942113	pos	0	1	0	1	1	0	1	1	0	0	1
chr2.17942225.17942344	pos	0	0	0	1	0	0	1	1	1	0	1
chr2.18005630.18006476	pos	0	1	0	1	1	0	1	1	1	0	1
chr2.18063281.18063603	pos	0	1	1	0	0	0	1	0	0	0	0
chr2.18081821.18081972	pos	0	1	1	1	0	0	1	0	1	0	0
chr2.18112097.18112206	pos	0	1	1	1	1	1	1	1	1	0	1
chr2.18881411.18881641	pos	0	0	0	1	1	0	0	0	0	0	1
chr2.18999386.18999720	pos	0	1	1	0	0	0	1	0	0	0	1
chr2.19891163.19891276	pos	0	1	1	1	0	1	1	1	0	0	1
chr2.20166797.20167368	pos	0	1	0	1	0	0	1	0	1	0	0
chr2.20961996.20962412	pos	0	1	0	1	1	0	0	1	0	1	1
chr2.21384213.21384538	pos	1	1	0	0	1	1	0	1	1	0	1
chr2.21497819.21498177	pos	0	1	1	1	1	1	0	1	0	0	1
chr2.21693771.21694202	pos	1	1	1	1	1	1	1	1	1	0	0
chr2.21755156.21755385	pos	1	1	0	1	1	0	0	1	1	0	0
chr2.22702962.22703251	pos	1	1	0	1	1	1	1	1	1	0	1
chr2.23312155.23312387	pos	0	1	0	0	0	1	1	0	1	0	0
chr2.23360484.23360690	pos	0	1	0	1	0	1	0	1	0	0	1
chr2.24116165.24117442	pos	0	1	0	1	1	1	1	1	1	0	1
chr2.24271384.24271486	pos	0	1	0	0	0	0	1	0	1	0	0
chr2.24301975.24302155	pos	0	0	0	1	1	0	0	1	0	0	1
chr2.24565165.24565297	pos	0	1	0	0	0	0	1	0	1	0	0
chr2.24666306.24666660	pos	1	1	0	1	1	0	1	1	1	0	0
chr2.24672396.24672498	pos	0	1	0	1	0	0	1	1	1	0	0
chr2.24767095.24767284	pos	1	1	0	1	1	1	0	1	0	0	0
chr2.24768031.24769813	pos	1	1	0	1	1	1	0	1	0	0	0
chr2.24769969.24770465	pos	1	1	0	1	1	1	1	1	0	1	0
chr2.24806052.24806276	pos	1	1	0	1	1	0	1	1	1	0	0
chr2.24915429.24915606	pos	1	1	1	1	1	1	1	1	0	0	1
chr2.24924676.24924832	pos	0	1	0	1	1	1	1	1	1	1	0
chr2.25490520.25490697	pos	0	1	0	1	0	0	1	1	1	0	1
chr2.25962026.25962235	pos	1	0	0	0	0	1	0	0	0	0	1
chr2.25974583.25975150	pos	1	1	0	1	1	1	0	1	0	0	1
chr2.26088134.26088335	pos	0	1	0	1	1	0	0	1	0	0	1
chr2.26189242.26189742	pos	1	1	0	1	1	1	0	0	0	1	0
chr2.26535918.26536027	pos	0	1	0	1	1	1	0	1	0	0	1
chr2.27058863.27058975	pos	1	0	0	0	1	0	0	0	0	0	1
chr2.27273644.27273807	pos	0	1	1	1	0	0	1	1	1	0	0
chr2.27318644.27318749	pos	0	1	0	1	1	0	0	1	0	0	1
chr2.27746449.27747067	pos	1	1	0	1	1	1	0	1	0	0	1
chr2.27981393.27981987	pos	1	1	0	1	1	1	1	1	0	0	1
chr2.28836804.28837149	pos	1	1	0	1	1	0	1	0	0	1	0
chr2.28965065.28965209	pos	1	1	0	1	1	0	0	0	0	1	0
chr2.29361384.29361507	pos	0	1	0	1	0	0	1	0	1	0	1
chr3.493104.493514	pos	1	1	0	1	1	1	1	1	1	0	0
chr3.1118705.1118883	pos	1	0	0	0	1	1	0	1	0	0	1
chr3.1223710.1223941	pos	0	1	1	1	1	1	0	1	0	0	1
chr3.1299018.1299155	pos	0	0	0	0	0	0	0	0	0	0	0
chr3.1652504.1652654	pos	1	1	0	0	1	0	0	0	0	0	0
chr3.1827983.1828554	pos	0	1	0	1	1	1	0	1	0	0	1
chr3.2281639.2282199	pos	0	1	0	1	1	1	0	1	0	0	1
chr3.2524703.2525688	pos	1	1	1	1	1	1	1	1	0	0	1
chr3.2542193.2542341	pos	1	1	1	1	1	1	1	0	1	0	0
chr3.2686587.2687071	pos	0	1	0	1	1	1	0	1	0	0	1
chr3.2828814.2829005	pos	0	0	0	1	1	1	0	1	0	0	0
chr3.3826316.3826455	pos	1	1	0	1	1	1	0	1	1	1	0
chr3.4234297.4235408	pos	0	1	1	1	0	1	1	1	1	0	1
chr3.4292236.4292475	pos	0	1	1	1	0	1	1	0	0	0	1
chr3.4308897.4309213	pos	0	1	0	0	0	0	1	0	1	0	0
chr3.4435393.4435491	pos	0	0	0	0	0	0	1	0	0	1	0
chr3.4787806.4788002	pos	0	0	1	1	0	0	1	1	1	0	1
chr3.4900247.4900413	pos	1	1	0	0	1	1	0	0	0	1	0
chr3.4936605.4937246	pos	0	1	1	1	1	0	1	1	1	1	0
chr3.4963280.4963425	pos	0	1	1	1	1	1	1	1	0	1	1
chr3.4963711.4964346	pos	1	1	0	1	1	1	1	1	0	1	1
chr3.5522584.5522864	pos	0	1	1	1	1	1	1	1	1	0	1
chr3.5738379.5738801	pos	0	0	1	1	1	1	1	1	0	0	1
chr3.5884062.5884887	pos	1	1	0	1	1	1	0	1	0	0	0
chr3.6557286.6557525	pos	1	1	0	1	1	0	0	1	1	0	1
chr3.7394118.7394280	pos	0	1	1	1	1	1	0	1	0	0	1
chr3.7394533.7394657	pos	0	1	0	1	1	1	0	1	0	0	1
chr3.7811445.7811594	pos	0	0	0	0	0	0	1	0	1	0	0
chr3.7820135.7820363	pos	1	1	0	1	1	1	0	1	0	0	0
chr3.7931705.7931920	pos	1	1	0	1	1	1	0	1	0	0	0
chr3.8153723.8153990	pos	1	0	0	0	1	0	0	0	0	0	0
chr3.8410382.8410714	pos	0	1	0	1	1	0	1	1	1	0	1
chr3.8583968.8584291	pos	0	1	0	1	1	1	1	1	1	0	1
chr3.8867873.8868542	pos	1	1	0	0	1	1	0	0	0	0	0
chr3.8893133.8893975	pos	1	1	1	1	1	1	0	1	0	0	1
chr3.8899520.8899726	pos	0	1	0	1	1	0	1	0	1	0	1
chr3.8909284.8910232	pos	0	0	0	1	1	0	1	1	1	0	1
chr3.8932987.8933833	pos	1	1	0	0	1	1	1	1	0	0	1
chr3.9173065.9173315	pos	1	1	1	1	1	1	1	1	1	1	1
chr3.9413375.9413635	pos	1	1	0	1	1	1	0	1	0	0	1
chr3.9819345.9819452	pos	1	1	0	1	1	1	1	1	0	1	0
chr3.9858764.9858970	pos	1	1	0	1	1	0	1	1	0	1	0
chr3.10136525.10136614	pos	0	1	0	0	0	0	1	0	1	1	0
chr3.10175076.10175414	pos	0	1	0	0	0	0	1	1	1	0	0
chr3.10195107.10196362	pos	0	0	0	1	1	0	1	1	0	1	1
chr3.10474185.10474289	pos	0	1	0	1	0	0	0	0	0	0	1
chr3.10476085.10476455	pos	0	1	0	1	0	0	1	1	0	0	1
chr3.10598477.10598592	pos	1	1	0	1	0	1	0	1	0	0	1
chr3.10976368.10976604	pos	0	1	0	1	1	1	0	1	0	0	1
chr3.11048296.11048433	pos	0	0	1	1	1	0	0	1	0	0	1
chr3.11049017.11049312	pos	0	1	0	1	1	0	1	1	1	0	1
chr3.11092578.11092752	pos	0	0	0	0	0	1	0	0	0	0	0
chr3.11243160.11243528	pos	1	1	0	1	1	0	1	1	0	1	0
chr3.11303128.11303289	pos	0	1	1	0	0	0	1	0	1	0	0
chr3.11445779.11446719	pos	0	1	0	1	0	1	1	0	0	0	1
chr3.11865098.11865212	pos	0	1	0	1	0	1	1	1	0	0	1
chr3.12614342.12614567	pos	0	1	1	0	0	0	1	1	1	1	0
chr3.12643150.12643251	pos	0	1	1	1	0	1	1	1	1	0	1
chr3.12669269.12669595	pos	1	1	1	0	1	1	0	1	0	0	0
chr3.13692009.13692218	pos	0	1	1	1	1	1	1	1	0	0	1
chr3.13764488.13765063	pos	1	1	1	1	1	0	0	1	1	0	0
chr3.14021384.14022463	pos	0	1	0	1	1	1	0	1	0	0	1
chr3.14281867.14281990	pos	1	1	0	1	1	0	0	0	0	0	0
chr3.14476516.14476712	pos	0	1	0	1	1	1	1	1	1	0	0
chr3.14487358.14487668	pos	0	1	1	1	1	1	1	1	1	0	0
chr3.14588688.14588789	pos	0	1	0	1	0	0	1	1	0	1	1
chr3.14588924.14589218	pos	0	1	0	1	0	0	1	1	0	1	1
chr3.14596069.14596545	pos	0	1	0	1	1	1	1	1	0	0	1
chr3.14751752.14752206	pos	0	1	0	1	1	0	1	1	0	0	1
chr3.14839200.14839519	pos	1	1	0	1	1	1	0	1	1	0	0
chr3.15125091.15125621	pos	1	1	0	0	1	0	0	0	0	0	0
chr3.15276859.15277340	pos	0	0	0	1	1	0	1	1	1	0	1
chr3.15277505.15277658	pos	0	1	0	1	1	0	1	1	1	0	1
chr3.15328714.15330189	pos	0	0	1	1	1	0	1	1	0	0	1
chr3.15607570.15608508	pos	1	1	0	1	1	1	0	1	1	0	0
chr3.15700131.15700240	pos	0	1	0	1	1	0	0	1	0	0	1
chr3.15741399.15741930	pos	0	1	1	1	1	1	0	1	0	0	1
chr3.17037144.17037624	pos	0	1	0	1	1	1	1	1	1	0	1
chr3.17737507.17737650	pos	1	1	0	1	1	1	0	1	0	1	0
chr3.18503613.18503728	pos	0	1	1	1	0	1	0	1	0	0	1
chr3.18582301.18582513	pos	0	1	0	1	1	1	1	1	1	0	0
chr3.19911006.19911774	pos	1	1	0	0	1	0	0	0	0	1	0
chr3.19923344.19923518	pos	1	1	1	1	1	1	0	1	0	0	0
chr3.20093716.20094156	pos	0	1	0	1	1	1	0	1	0	0	1
chr3.20216856.20217007	pos	0	1	0	0	0	0	1	0	1	0	0
chr3.20235024.20235210	pos	1	1	0	1	1	1	1	1	0	0	0
chr3.20353949.20354063	pos	0	1	0	0	1	1	0	1	0	0	0
chr3.20419650.20419758	pos	0	0	0	1	0	0	0	1	0	0	1
chr3.20836133.20836325	pos	0	1	0	1	0	0	0	1	0	0	1
chr3.21059325.21059436	pos	0	1	0	1	1	1	1	1	0	0	1
chr3.21206760.21206898	pos	0	0	1	0	0	0	1	1	1	0	0
chr3.21214306.21214432	pos	0	1	0	1	1	1	1	1	0	0	1
chr3.21483275.21483605	pos	0	1	1	1	1	1	1	1	1	0	1
chr3.21553540.21554067	pos	0	1	0	1	1	1	0	1	0	0	1
chr3.21656911.21657202	pos	1	1	0	0	1	0	0	1	1	0	0
chr3.22397483.22397633	pos	0	1	1	1	1	1	1	1	1	1	0
chr3.22991215.22991475	pos	1	1	0	1	1	1	0	1	0	0	0
chr3.23411650.23411923	pos	0	1	0	1	0	0	1	1	1	0	0
chr3.23462163.23462296	pos	0	1	0	1	0	0	1	1	1	0	0
chr3.23642466.23642599	pos	0	1	0	1	1	1	0	1	0	0	1
chr3.23790049.23790256	pos	1	1	0	0	1	1	1	1	1	0	0
chr3.24365442.24365520	pos	0	1	0	1	0	0	0	1	0	0	1
chr3.24602355.24602492	pos	1	1	1	1	1	0	1	1	1	1	1
chr3.24748821.24748978	pos	0	1	1	1	1	0	1	0	1	0	1
chr3.24825157.24825749	pos	0	0	0	1	0	0	0	0	1	0	1
chr3.25277188.25277425	pos	0	0	1	1	1	0	1	1	0	0	1
chr3.25305053.25305450	pos	0	1	0	1	1	1	1	1	1	0	1
chr3.25666708.25667060	pos	1	1	0	1	1	1	1	1	0	0	1
chr3.26034922.26035076	pos	0	1	1	1	1	0	1	1	0	1	0
chr3.26488704.26488869	pos	1	1	0	0	1	1	0	1	0	0	0
chr3.26920155.26920329	pos	0	0	1	1	1	0	0	0	1	0	1
chr3.26920675.26920754	pos	0	0	1	1	1	0	1	0	1	0	1
chr4.20517.20628	pos	0	0	1	0	0	0	1	0	1	0	0
chr4.441111.441322	pos	1	1	0	1	0	1	1	1	0	0	0
chr4.510762.510835	pos	0	1	1	1	1	1	1	0	1	1	1
chr4.1097335.1097729	pos	0	0	1	1	0	0	1	0	0	0	1
chr4.1247220.1247390	pos	1	1	0	1	1	0	0	1	0	0	1
chr4.1333530.1334270	pos	0	0	0	1	1	0	0	0	0	0	1
chr4.1710780.1711460	pos	0	1	0	1	0	0	1	0	0	0	0
chr4.2122809.2122962	pos	1	1	0	0	1	1	0	1	0	1	0
chr4.2525622.2526114	pos	0	1	0	1	1	1	1	1	1	0	1
chr4.2714217.2714403	pos	1	1	0	1	0	0	1	1	1	0	0
chr4.4385236.4385304	pos	0	1	0	0	0	0	1	0	1	0	0
chr4.4728723.4728953	pos	0	1	1	1	1	0	1	0	1	0	0
chr4.5192209.5192305	pos	0	1	0	0	0	1	1	1	1	0	0
chr4.5478972.5479098	pos	1	1	0	1	1	0	0	1	0	0	0
chr4.5587380.5587674	pos	1	1	0	0	0	1	0	0	0	0	0
chr4.6292850.6293015	pos	1	1	1	1	1	1	1	1	0	0	1
chr4.6300811.6300966	pos	0	1	1	1	0	0	1	1	0	0	0
chr4.6335033.6335160	pos	0	1	0	1	1	1	1	1	0	0	1
chr4.6821873.6822007	pos	0	1	0	1	1	1	1	1	1	0	1
chr4.6995213.6996095	pos	0	1	1	1	1	1	1	1	0	0	1
chr4.7090308.7090556	pos	1	1	0	1	1	1	0	1	0	0	1
chr4.7755331.7756111	pos	1	1	0	1	1	1	0	1	0	0	0
chr4.7788245.7788578	pos	0	1	1	1	1	1	0	1	0	0	0
chr4.7788723.7788870	pos	0	1	1	1	1	1	0	1	0	0	0
chr4.7969217.7969473	pos	0	1	0	1	1	1	1	1	0	1	1
chr4.8094887.8095089	pos	0	1	0	1	1	1	1	1	1	1	1
chr4.8628074.8628225	pos	0	1	0	1	1	0	1	0	0	1	0
chr4.9138983.9139560	pos	1	1	0	1	1	0	1	1	0	1	1
chr4.9539097.9539195	pos	0	1	0	1	0	0	1	1	0	1	1
chr4.9596243.9596399	pos	0	1	0	1	0	1	0	1	0	0	1
chr4.9656845.9656981	pos	0	1	0	1	0	1	1	1	1	1	0
chr4.9724305.9724829	pos	0	1	0	1	0	1	1	0	1	0	1
chr4.9724954.9725181	pos	0	0	0	1	0	0	0	0	0	0	1
chr4.9998122.9998348	pos	0	0	0	1	1	1	0	1	0	0	1
chr4.10185617.10185935	pos	0	1	1	1	1	0	1	1	0	0	1
chr4.10355465.10355695	pos	0	1	1	1	1	1	1	1	1	0	0
chr4.10399349.10399524	pos	0	1	0	1	0	0	1	0	1	0	0
chr4.10575937.10576172	pos	0	1	0	1	1	1	1	1	0	1	1
chr4.11152936.11153121	pos	0	0	1	0	0	0	1	0	1	0	0
chr4.11488693.11488792	pos	1	1	0	1	1	0	0	1	0	1	0
chr4.12359221.12359366	pos	0	1	0	1	0	0	1	1	1	0	1
chr4.12359606.12359964	pos	0	0	0	1	0	0	0	0	0	0	1
chr4.12468342.12468455	pos	1	1	0	1	1	1	0	1	0	0	0
chr4.12582021.12582167	pos	0	0	0	0	1	1	0	0	0	0	1
chr4.13310148.13310249	pos	0	0	1	1	1	0	0	1	0	0	1
chr4.13534154.13534420	pos	0	1	0	1	1	1	1	1	0	0	1
chr4.13672542.13673495	pos	1	1	0	1	1	1	1	1	1	0	1
chr4.14292341.14292552	pos	0	1	1	1	1	0	0	1	0	1	1
chr4.14329550.14329786	pos	0	1	0	1	1	0	1	1	1	1	1
chr4.14393704.14394419	pos	0	1	0	1	1	1	0	1	0	0	1
chr4.16100027.16100710	pos	1	1	0	1	1	0	0	1	0	0	1
chr4.16127029.16127249	pos	0	1	0	1	1	0	0	1	0	0	1
chr4.16483999.16484156	pos	0	1	0	1	0	0	1	1	0	0	1
chr4.16484553.16484724	pos	0	1	0	1	1	0	0	1	0	0	1
chr4.17187430.17187643	pos	0	1	0	1	1	1	1	1	1	1	1
chr4.17351487.17351629	pos	0	1	1	1	0	0	1	1	0	0	1
chr4.17772003.17772613	pos	0	1	1	1	1	1	1	1	0	0	1
chr4.17773212.17773698	pos	0	1	1	1	1	1	1	1	0	0	1
chr4.17799333.17799642	pos	1	1	0	1	1	1	0	1	0	0	1
chr4.17990946.17991263	pos	1	1	0	1	1	0	0	1	0	1	0
chr4.18133037.18133169	pos	1	1	1	1	1	1	1	1	1	0	1
chr4.18133327.18133742	pos	0	1	1	1	1	1	1	1	1	0	1
chr4.18195502.18196072	pos	1	1	0	1	1	1	0	1	0	0	0
chr4.18535171.18535321	pos	1	1	0	1	1	0	0	1	1	1	0
chr4.19368531.19368826	pos	1	1	1	1	0	1	0	1	1	0	0
chr4.19420006.19420458	pos	0	1	0	1	1	1	1	1	0	0	1
chr4.19525880.19525979	pos	0	0	0	1	0	0	0	1	0	0	1
chr4.19683576.19684169	pos	0	1	1	1	0	0	1	1	1	0	1
chr4.19747511.19747953	pos	1	1	0	1	1	1	1	1	1	0	0
chr4.19840992.19841151	pos	0	0	0	0	0	0	1	0	1	1	0
chr4.19849862.19849934	pos	0	1	1	0	0	0	1	0	1	1	0
chr4.20459683.20460294	pos	1	1	1	1	1	1	1	1	1	0	1
chr4.20805559.20805775	pos	1	1	0	1	1	1	0	1	0	1	0
chr4.20851616.20851753	pos	1	1	0	1	1	0	0	1	0	1	0
chr4.20951983.20952118	pos	0	1	0	1	1	0	1	1	1	1	1
chr4.21431076.21432260	pos	1	1	1	1	1	1	1	1	1	0	1
chr4.21653308.21653465	pos	0	1	1	1	0	1	1	1	0	0	1
chr4.21745353.21745675	pos	1	1	0	1	1	1	0	1	0	0	1
chr4.22269731.22269944	pos	0	0	0	0	0	0	1	0	1	0	0
chr4.22448920.22449212	pos	0	0	0	1	0	0	0	1	0	0	0
chr4.23520247.23520999	pos	1	1	0	1	1	1	0	1	0	0	1
chr4.23546293.23546448	pos	0	1	0	1	1	1	1	1	0	0	0
chr4.24303836.24303908	pos	0	1	0	1	1	1	0	1	1	0	1
chr4.24304390.24304653	pos	0	1	0	1	1	1	1	1	1	0	1
chr4.24412725.24412983	pos	1	1	0	0	1	1	0	1	0	0	1
chr4.24420316.24420605	pos	1	1	0	1	1	1	0	1	0	0	1
chr4.24829641.24829815	pos	0	1	0	1	0	1	1	1	1	0	1
chr4.25449400.25450065	pos	1	1	0	0	1	0	1	0	0	1	0
chr4.26261786.26261958	pos	0	0	0	0	1	1	0	1	0	0	1
chr4.26265090.26265672	pos	0	1	1	1	1	1	1	1	0	0	1
chr4.26326934.26327172	pos	0	1	1	1	0	0	1	1	0	0	1
chr4.26392350.26392506	pos	0	0	0	1	1	0	0	0	0	0	1
chr4.26392763.26394155	pos	0	1	0	1	1	1	1	1	0	0	1
chr4.26600310.26600422	pos	0	0	0	1	0	0	1	0	1	0	1
chr4.26768933.26769037	pos	0	1	0	1	1	0	1	1	1	0	1
chr5.624234.624447	pos	0	0	1	1	1	0	0	1	0	0	1
chr5.624565.624850	pos	0	0	1	1	1	0	1	1	1	0	1
chr5.1007332.1007949	pos	1	1	0	1	1	1	1	1	1	1	0
chr5.1117257.1117680	pos	1	1	1	1	1	1	1	1	0	1	0
chr5.1365308.1365445	pos	0	0	0	0	0	0	0	0	0	0	0
chr5.2100422.2100803	pos	0	1	1	0	1	1	0	1	0	0	1
chr5.2364846.2364974	pos	1	1	0	1	1	1	1	1	0	0	0
chr5.2365625.2366069	pos	1	1	0	1	1	1	1	1	0	0	1
chr5.2527426.2527732	pos	1	1	0	1	1	1	1	1	0	0	0
chr5.2995022.2995162	pos	1	1	1	1	1	0	0	1	0	0	1
chr5.3454755.3455355	pos	1	1	1	1	1	1	0	1	0	0	1
chr5.3491604.3491856	pos	0	1	0	1	1	1	1	1	1	0	1
chr5.3640330.3640428	pos	1	1	0	1	1	0	1	1	0	1	1
chr5.4436838.4437100	pos	0	1	0	1	1	1	1	1	1	1	1
chr5.5195496.5195891	pos	1	1	0	1	1	1	0	0	0	0	1
chr5.5464015.5464145	pos	0	1	0	1	1	1	1	1	0	0	1
chr5.5790832.5791014	pos	0	1	0	1	1	1	1	1	1	0	0
chr5.5793359.5793483	pos	1	1	0	1	1	0	0	0	0	1	0
chr5.5901672.5902240	pos	0	1	1	1	1	0	1	1	0	1	1
chr5.6467042.6467158	pos	0	1	0	1	1	1	0	1	0	0	1
chr5.6467766.6467973	pos	1	1	0	1	1	1	0	1	0	0	0
chr5.6471855.6471996	pos	1	1	0	0	1	1	0	1	0	0	0
chr5.6472182.6472350	pos	1	1	1	0	1	1	0	1	0	0	0
chr5.6611113.6611642	pos	0	1	0	1	1	1	0	1	0	1	1
chr5.7107901.7109877	pos	1	1	1	1	1	1	0	1	0	0	1
chr5.7114308.7114609	pos	1	1	0	0	1	1	0	1	0	0	0
chr5.8179242.8179454	pos	0	0	1	1	0	0	0	0	0	0	1
chr5.8362638.8362768	pos	1	1	0	1	1	0	1	1	1	0	0
chr5.9663064.9663365	pos	1	1	0	1	1	0	1	1	1	0	0
chr5.9834131.9834331	pos	0	0	1	0	0	0	1	0	1	0	0
chr5.10280812.10280996	pos	0	1	1	1	1	1	1	1	1	0	0
chr5.10312344.10312468	pos	0	1	0	1	0	0	1	0	0	0	1
chr5.10539736.10539914	pos	0	1	1	0	0	0	1	0	1	0	0
chr5.11318160.11318596	pos	1	0	0	0	1	0	0	0	0	0	0
chr5.11355753.11355870	pos	1	1	0	1	1	0	0	1	0	0	1
chr5.12448533.12448825	pos	1	1	0	1	1	1	0	1	0	0	0
chr5.13872279.13872449	pos	0	1	0	1	0	0	0	1	0	0	1
chr5.15099940.15100003	pos	0	0	0	0	0	0	1	0	0	1	0
chr5.15284237.15284502	pos	0	1	0	1	1	1	1	0	0	0	1
chr5.15724438.15724677	pos	0	1	0	1	0	0	1	1	1	1	1
chr5.16035251.16035451	pos	0	1	1	1	0	0	1	0	1	0	1
chr5.16149172.16149518	pos	1	1	1	1	1	1	0	1	0	0	0
chr5.16170725.16171153	pos	0	1	1	1	1	1	1	0	1	1	1
chr5.16240730.16241071	pos	0	1	1	1	1	1	0	1	0	0	1
chr5.16371474.16374259	pos	0	1	0	1	1	1	0	1	0	1	1
chr5.16607654.16607764	pos	0	1	0	1	1	1	1	0	1	0	1
chr5.16643589.16644104	pos	0	1	1	0	0	0	1	0	1	0	0
chr5.17003851.17004218	pos	0	1	1	1	1	1	1	1	0	1	1
chr5.17008375.17010080	pos	0	1	1	1	1	1	1	1	0	0	1
chr5.17637487.17637929	pos	0	1	0	1	0	0	1	1	1	0	0
chr5.17701583.17701777	pos	0	1	0	0	0	0	1	0	1	0	0
chr5.17739055.17739581	pos	1	1	0	0	1	1	0	1	0	0	0
chr5.17798250.17798357	pos	0	1	0	1	0	0	1	1	1	0	0
chr5.18640686.18640801	pos	0	1	1	0	0	0	1	0	1	0	0
chr5.19021560.19022094	pos	0	1	0	1	0	1	0	1	0	0	1
chr5.19025733.19025907	pos	1	1	0	1	0	0	1	1	0	0	0
chr5.19049171.19049920	pos	1	1	0	0	1	1	0	0	0	0	0
chr5.19054377.19055464	pos	1	1	0	1	1	1	1	1	0	0	1
chr5.19559225.19559457	pos	1	1	0	1	1	1	0	1	0	0	0
chr5.19921212.19921306	pos	1	1	1	1	1	0	1	1	1	0	0
chr5.20407299.20407603	pos	0	1	0	0	0	0	1	1	1	0	0
chr5.20414212.20414333	pos	0	1	0	1	1	1	1	1	1	0	0
chr5.20731398.20731503	pos	0	0	0	1	1	1	0	1	0	0	1
chr5.20769289.20769366	pos	0	1	1	1	1	1	1	1	0	0	1
chr5.20801690.20801879	pos	0	1	0	1	0	1	1	1	1	0	0
chr5.20815419.20815659	pos	0	1	0	1	1	1	1	1	0	0	1
chr5.21874350.21874557	pos	1	1	0	1	1	0	0	1	0	1	0
chr5.21926244.21926497	pos	1	1	1	1	1	1	1	1	0	0	1
chr5.21940684.21942816	pos	0	1	0	1	1	1	1	1	0	0	1
chr5.21943363.21943523	pos	0	0	0	1	0	1	0	0	0	0	1
chr5.22111342.22111466	pos	1	1	0	1	1	1	0	1	0	0	1
chr5.22401141.22403282	pos	0	1	1	1	1	1	1	1	0	0	1
chr5.23656825.23657067	pos	1	1	0	1	1	0	0	1	0	1	0
chr5.23675801.23676076	pos	1	1	0	1	1	0	0	1	0	1	0
chr5.23696317.23696438	pos	1	1	0	1	1	0	0	1	0	1	0
chr5.23960561.23960935	pos	0	1	1	0	0	0	1	0	1	0	0
chr5.24875042.24876899	pos	1	1	0	1	1	1	1	1	0	1	0
chr5.24877316.24878363	pos	1	1	0	1	1	0	1	1	1	1	0
chr5.24880375.24881250	pos	1	1	0	1	1	0	1	1	0	0	0
chr5.24881956.24882749	pos	1	1	0	1	1	0	0	1	1	0	0
chr5.24956575.24957065	pos	1	1	0	0	1	0	0	0	0	0	0
chr5.24979498.24980537	pos	1	1	0	0	1	0	1	0	0	1	0
chr5.24986954.24987157	pos	1	0	0	0	0	1	0	0	0	0	0
chr5.24987410.24987532	pos	1	0	0	0	0	1	0	0	0	0	0
chr5.25026505.25026872	pos	0	1	0	1	1	1	0	1	1	0	1
chr5.25883258.25883515	pos	1	0	0	1	0	0	1	1	0	0	1
chr5.26345829.26346410	pos	0	1	1	1	0	0	1	0	1	0	0
chr5.26347691.26348629	pos	1	1	0	1	0	1	1	1	0	0	1
chr5.26502573.26502936	pos	0	1	1	1	1	1	1	1	1	0	1
chr5.26503066.26503976	pos	0	1	1	1	1	1	1	1	1	0	1
chr6.707040.707895	pos	1	1	0	1	1	1	1	1	1	0	0
chr6.710061.710438	pos	0	1	0	0	0	0	1	0	1	0	0
chr6.1048294.1048765	pos	0	1	0	1	1	1	0	1	0	0	1
chr6.1294093.1294215	pos	0	0	0	0	1	1	0	0	0	0	1
chr6.1468083.1468422	pos	1	1	0	1	1	1	0	1	0	0	0
chr6.1737126.1737544	pos	1	1	0	1	1	1	1	1	1	0	0
chr6.1747697.1747828	pos	1	1	0	1	1	1	0	1	0	0	0
chr6.1747953.1748084	pos	1	1	0	1	1	1	0	1	0	0	0
chr6.1750226.1750454	pos	1	1	0	1	0	1	1	1	1	0	0
chr6.1933638.1933874	pos	0	1	1	1	1	1	1	1	0	0	1
chr6.1933948.1934569	pos	0	1	1	1	1	1	1	1	0	0	1
chr6.2087962.2088511	pos	0	1	0	1	1	0	1	1	0	0	1
chr6.2088778.2089068	pos	0	1	0	1	1	0	1	1	0	0	1
chr6.2227779.2227872	pos	0	1	0	1	1	0	0	1	0	0	1
chr6.2663296.2663879	pos	1	1	0	1	1	0	0	1	0	0	1
chr6.2664029.2664180	pos	1	1	0	1	1	0	0	1	0	0	1
chr6.3149643.3150364	pos	0	1	0	1	1	1	0	1	0	0	1
chr6.3316050.3316610	pos	1	1	0	1	1	1	0	1	0	0	0
chr6.3320994.3321239	pos	1	1	0	1	1	1	0	1	1	0	0
chr6.3401095.3401301	pos	1	1	0	1	1	0	0	0	0	1	0
chr6.3677332.3677658	pos	1	1	0	1	1	1	0	1	0	0	1
chr6.3858871.3859015	pos	0	0	1	0	0	0	1	0	0	0	0
chr6.4212204.4212339	pos	0	1	0	1	1	1	1	1	1	1	0
chr6.5163406.5163787	pos	1	1	0	1	0	0	1	1	1	0	1
chr6.5164899.5165194	pos	0	1	0	1	1	0	1	1	1	1	0
chr6.5277543.5277800	pos	1	1	0	1	1	1	0	1	1	0	1
chr6.5657679.5657800	pos	0	1	0	1	0	0	0	1	0	1	1
chr6.5667723.5667821	pos	0	1	1	1	0	0	0	1	0	0	1
chr6.5920444.5920870	pos	1	1	0	1	1	0	1	1	0	0	1
chr6.5938225.5938375	pos	1	1	1	1	1	0	0	1	0	0	0
chr6.5946788.5947141	pos	0	1	1	1	0	0	1	1	0	1	1
chr6.6395579.6395818	pos	0	1	0	1	0	0	1	1	1	0	0
chr6.6717615.6717713	pos	1	1	1	1	0	0	0	1	0	0	1
chr6.6718001.6718141	pos	0	1	1	1	0	0	0	1	0	0	1
chr6.7258785.7259122	pos	1	1	0	1	1	1	0	1	0	1	0
chr6.7271270.7271465	pos	1	1	0	0	1	1	0	1	0	1	0
chr6.7381681.7381797	pos	1	1	0	0	1	1	0	1	0	0	0
chr6.7449164.7449746	pos	1	1	0	1	1	1	0	1	0	1	1
chr6.7507621.7507744	pos	0	1	0	1	0	0	1	1	0	0	1
chr6.7543071.7543726	pos	0	1	0	1	0	0	1	0	1	0	1
chr6.7544041.7544174	pos	0	0	1	0	0	0	1	0	1	0	0
chr6.7970700.7971743	pos	1	1	1	1	1	1	1	0	0	1	0
chr6.8411065.8411164	pos	0	1	0	1	0	0	0	1	0	0	1
chr6.9109833.9110690	pos	0	1	1	1	1	1	1	1	1	0	1
chr6.9552269.9552408	pos	0	0	1	0	0	0	1	0	1	0	0
chr6.9752765.9752880	pos	0	1	0	1	0	0	1	1	1	0	1
chr6.9753050.9753208	pos	0	1	1	1	1	0	1	1	1	0	1
chr6.10387525.10387759	pos	0	1	1	1	0	0	0	1	0	0	1
chr6.11216251.11216591	pos	1	1	1	1	1	1	0	1	1	0	0
chr6.11354378.11355279	pos	1	1	0	0	1	1	0	1	0	0	1
chr6.11489932.11490118	pos	0	1	1	1	0	1	1	1	0	0	1
chr6.11525952.11526589	pos	1	0	0	0	1	1	0	1	0	0	0
chr6.11833697.11833921	pos	0	1	0	0	0	0	1	0	1	1	0
chr6.13310280.13310544	pos	0	0	0	1	1	0	0	1	0	0	1
chr6.13718317.13718519	pos	0	1	1	1	1	0	1	1	0	0	0
chr6.13861138.13861230	pos	0	1	1	1	0	0	0	1	1	0	0
chr6.13864356.13864437	pos	0	1	0	1	1	0	0	1	0	0	1
chr6.15035794.15036299	pos	1	1	0	1	1	1	1	1	0	0	1
chr6.15481957.15482357	pos	1	1	1	0	1	1	1	0	1	0	1
chr6.15556840.15556995	pos	1	1	0	1	1	1	0	1	0	0	1
chr6.15557599.15558006	pos	1	1	0	1	1	1	0	1	0	0	1
chr6.15912686.15912794	pos	0	0	0	0	0	0	1	0	1	0	0
chr6.16033654.16033791	pos	0	0	0	0	0	0	1	0	1	0	0
chr6.16118456.16118674	pos	0	1	0	1	1	1	1	0	0	0	1
chr6.16708553.16708698	pos	0	1	0	1	0	0	0	0	0	0	1
chr6.16708834.16709392	pos	0	1	0	1	0	1	0	1	0	0	1
chr6.16710679.16710964	pos	0	1	0	1	0	1	1	1	0	0	1
chr6.16832968.16833775	pos	1	1	0	0	1	0	1	1	0	1	0
chr6.16849712.16849866	pos	0	1	0	1	0	0	1	0	1	1	1
chr6.16864000.16864246	pos	0	1	0	1	1	0	0	1	0	0	1
chr6.17098338.17098786	pos	1	1	1	1	1	0	0	1	1	0	0
chr6.17578340.17578692	pos	1	1	1	1	1	0	1	1	1	0	1
chr6.18002111.18002211	pos	0	0	0	1	0	0	0	1	0	0	1
chr6.18425615.18426113	pos	0	1	0	1	0	1	1	1	1	0	1
chr6.18580319.18580607	pos	0	1	0	1	1	0	1	1	0	0	1
chr6.18912904.18913073	pos	1	1	1	1	1	1	0	1	0	0	0
chr6.19327677.19328351	pos	0	1	0	1	0	0	0	0	0	0	1
chr6.20374164.20374526	pos	1	1	1	1	0	0	1	1	0	0	0
chr6.21063139.21063417	pos	0	1	0	0	0	1	1	1	1	0	1
chr6.21193169.21193274	pos	0	1	1	1	1	1	1	1	0	0	1
chr6.21509574.21510700	pos	1	1	0	1	1	1	1	1	1	0	1
chr6.21510937.21511695	pos	1	1	0	1	1	0	0	1	1	0	0
chr6.21511931.21512229	pos	1	1	0	1	1	0	0	1	1	0	0
chr6.21861140.21861296	pos	0	1	0	1	1	0	1	1	0	1	1
chr6.21871465.21871591	pos	0	1	1	1	1	1	0	1	0	0	1
chr6.22067508.22068782	pos	1	1	1	1	1	0	1	1	1	1	0
chr6.22070808.22071266	pos	1	1	0	1	1	0	1	1	0	0	1
chr6.22072955.22073543	pos	0	1	0	1	1	0	1	1	0	0	1
chr6.22094827.22095074	pos	0	1	0	1	1	1	1	1	0	1	1
chr6.22664263.22664607	pos	0	1	0	1	0	0	1	1	1	0	0
chr6.22682035.22682418	pos	1	1	0	1	1	1	1	1	1	0	0
chr6.23014005.23014289	pos	0	0	0	0	1	1	0	0	0	0	1
chr7.1157428.1157609	pos	1	1	0	1	0	0	1	1	0	0	0
chr7.1229830.1230129	pos	0	1	0	1	1	1	1	1	1	0	1
chr7.2586745.2587262	pos	0	0	0	0	1	1	0	0	0	0	1
chr7.2606115.2606282	pos	0	1	1	1	0	1	1	1	0	0	1
chr7.2606947.2607095	pos	0	1	1	1	0	1	1	1	0	0	1
chr7.2743096.2743243	pos	1	1	0	1	1	1	0	1	0	0	1
chr7.3045371.3045522	pos	1	1	0	1	1	1	0	1	0	0	1
chr7.3926429.3926549	pos	0	1	1	1	0	0	1	1	1	1	0
chr7.4389274.4389392	pos	0	1	1	1	0	0	1	1	1	0	1
chr7.4638423.4638663	pos	0	0	1	0	0	0	1	0	1	0	0
chr7.4907953.4908331	pos	0	0	0	1	0	0	0	0	0	0	1
chr7.4989199.4989371	pos	0	0	0	0	0	0	0	0	0	1	0
chr7.5118406.5119766	pos	1	1	0	1	1	1	0	1	0	0	0
chr7.5126167.5126307	pos	1	1	0	1	1	1	1	1	0	0	1
chr7.5161755.5162068	pos	0	1	1	1	1	1	1	1	1	0	1
chr7.5191267.5191378	pos	1	1	0	1	0	0	1	1	1	0	0
chr7.5251391.5251787	pos	1	1	0	1	0	0	1	0	0	0	0
chr7.5836435.5836584	pos	1	1	0	0	1	1	0	0	0	0	0
chr7.5975091.5975256	pos	0	1	0	1	0	1	1	0	0	0	1
chr7.6693226.6693460	pos	1	1	0	1	1	1	1	0	1	0	1
chr7.6712361.6712560	pos	0	0	1	1	0	1	1	0	0	0	1
chr7.6911226.6911356	pos	1	1	0	1	1	0	0	1	0	1	0
chr7.7027097.7027232	pos	1	1	1	1	1	0	0	1	0	1	0
chr7.7232053.7232845	pos	1	1	1	1	1	1	0	1	0	0	1
chr7.7352822.7353028	pos	1	1	0	0	1	0	0	0	0	0	0
chr7.8128649.8129058	pos	0	1	0	0	0	0	1	0	0	1	0
chr7.8187511.8187609	pos	1	1	0	1	0	0	1	1	1	0	0
chr7.8220921.8221099	pos	1	1	1	1	1	0	1	1	1	1	0
chr7.8321432.8321581	pos	0	1	0	1	0	0	1	1	1	1	0
chr7.8612391.8613016	pos	0	1	0	1	1	1	1	1	0	0	0
chr7.9030763.9030828	pos	0	0	0	0	0	0	1	0	1	0	0
chr7.9050836.9051836	pos	1	1	0	0	1	1	1	0	0	1	0
chr7.9068409.9070327	pos	1	1	1	1	1	1	1	1	1	1	0
chr7.9078504.9078754	pos	0	1	1	1	0	1	1	0	1	0	0
chr7.9332253.9332353	pos	0	1	1	1	1	0	0	0	0	0	1
chr7.9488394.9488738	pos	1	1	0	1	1	1	0	1	0	1	0
chr7.9530661.9530752	pos	0	1	1	1	1	1	1	1	0	0	1
chr7.9630924.9631202	pos	1	1	0	1	1	1	0	1	0	0	1
chr7.9767391.9767537	pos	1	1	0	1	1	1	1	1	0	0	1
chr7.9806985.9807195	pos	0	1	0	1	0	0	1	1	0	0	1
chr7.9990373.9990472	pos	0	1	1	0	1	1	1	0	1	0	1
chr7.10225126.10225250	pos	1	1	0	0	1	0	1	0	1	1	0
chr7.10250855.10250960	pos	0	1	0	1	0	0	0	1	1	0	0
chr7.10377869.10378033	pos	0	0	1	1	1	0	0	1	0	0	1
chr7.10378549.10378833	pos	0	0	1	1	1	0	0	1	0	0	1
chr7.10565864.10566046	pos	0	1	0	1	1	1	1	1	1	0	1
chr7.10809817.10810176	pos	1	1	0	1	1	1	1	1	1	0	1
chr7.11192662.11192817	pos	1	1	1	1	1	0	0	1	0	0	0
chr7.11239849.11240072	pos	1	1	0	1	0	0	1	0	0	0	0
chr7.11330329.11330436	pos	0	1	0	1	1	1	1	1	1	0	1
chr7.11342643.11342884	pos	0	1	1	1	0	0	0	1	0	0	1
chr7.12103087.12103446	pos	0	1	0	1	1	1	1	1	0	1	1
chr7.12132701.12133452	pos	1	1	0	1	1	1	1	1	1	1	0
chr7.12133579.12134368	pos	1	1	0	1	1	1	0	1	1	0	0
chr7.12134504.12135367	pos	1	1	0	1	1	1	0	1	1	0	0
chr7.12189742.12189853	pos	0	1	0	0	0	0	1	0	1	0	0
chr7.12369678.12369847	pos	0	1	0	1	1	0	1	0	0	0	1
chr7.12466190.12466308	pos	0	1	1	0	0	0	0	1	0	0	1
chr7.12701319.12702226	pos	0	1	1	1	1	0	0	1	0	0	1
chr7.12810508.12810630	pos	0	1	0	1	0	1	1	1	1	0	1
chr7.12929421.12929546	pos	0	1	1	1	1	1	0	1	0	0	1
chr7.12935813.12936076	pos	1	1	0	0	1	1	0	1	0	0	0
chr7.12936088.12936771	pos	1	1	0	1	1	1	0	1	0	0	0
chr7.13171080.13171306	pos	0	1	0	1	0	0	1	1	1	1	0
chr7.13271248.13273653	pos	0	1	0	1	1	0	1	0	0	0	1
chr7.13273944.13274195	pos	0	0	0	1	0	0	0	0	0	0	1
chr7.13548461.13548775	pos	1	1	0	0	1	1	0	0	0	1	0
chr7.13739463.13740071	pos	0	1	0	1	0	1	0	1	1	0	0
chr7.13944591.13944682	pos	0	1	0	0	0	0	1	0	1	0	0
chr7.14221653.14221773	pos	0	0	0	1	1	0	0	1	0	0	1
chr7.14366771.14366863	pos	0	1	0	1	0	0	1	0	1	0	0
chr7.15170329.15170441	pos	0	1	0	1	1	1	1	1	1	0	1
chr7.15270951.15271242	pos	0	1	1	1	1	1	1	1	1	0	1
chr7.15683498.15683636	pos	0	1	0	1	1	0	1	1	1	0	1
chr7.16043884.16044230	pos	0	1	0	1	0	1	1	0	0	0	1
chr7.16289653.16289867	pos	0	0	0	0	0	0	1	1	1	0	0
chr7.16717751.16717901	pos	0	1	0	1	1	1	0	1	0	0	1
chr7.16748826.16748927	pos	0	1	0	1	1	1	1	1	1	0	1
chr7.16911781.16912034	pos	1	1	0	1	1	1	1	1	0	0	1
chr7.16963105.16963314	pos	0	1	0	1	1	0	1	1	0	0	1
chr7.17602225.17602435	pos	0	1	0	1	1	1	0	1	0	0	1
chr7.17941248.17942168	pos	1	1	1	1	1	1	1	1	0	0	1
chr7.18531211.18531446	pos	1	1	1	1	1	1	0	1	0	0	1
chr7.19009022.19010018	pos	0	1	1	1	1	0	1	1	1	0	1
chr7.19787012.19787163	pos	1	1	0	1	1	0	0	1	1	1	0
chr7.19964490.19964620	pos	1	0	0	0	1	1	0	0	0	0	1
chr7.19967642.19968110	pos	0	0	0	1	1	1	0	1	0	0	1
chr7.20299404.20300914	pos	0	0	0	1	0	0	1	0	0	0	1
chr7.20301057.20301158	pos	0	0	0	1	0	0	0	0	0	0	1
chr7.21055140.21055218	pos	0	1	1	0	0	1	1	0	1	0	0
chr7.21360188.21360667	pos	1	1	1	1	0	1	0	0	1	0	0
chr7.21760519.21760814	pos	0	1	1	1	1	1	1	1	1	0	1
chr7.21932708.21932961	pos	0	0	0	1	1	0	0	0	0	0	1
chr8.615957.616448	pos	0	1	0	1	1	1	0	1	0	0	1
chr8.919764.920604	pos	0	1	0	1	0	0	1	1	0	0	1
chr8.929154.929457	pos	1	1	0	1	1	1	1	1	1	0	1
chr8.946270.946480	pos	0	1	0	1	1	1	1	1	1	0	1
chr8.1241591.1241790	pos	0	1	0	1	1	1	1	1	1	0	1
chr8.1451691.1451827	pos	1	1	1	1	1	0	0	1	0	0	1
chr8.1908595.1908696	pos	0	1	0	1	1	1	0	1	0	0	1
chr8.1918743.1918885	pos	0	1	0	0	0	0	1	0	0	1	0
chr8.2339197.2339366	pos	0	1	1	0	0	0	1	0	1	0	1
chr8.2433661.2434025	pos	1	1	0	1	1	0	1	1	0	1	0
chr8.3182266.3182591	pos	0	1	0	1	0	0	1	0	1	1	1
chr8.3589526.3590294	pos	1	1	0	1	1	1	0	1	0	0	1
chr8.3984801.3984919	pos	0	0	0	0	0	0	1	0	1	0	0
chr8.4250776.4251006	pos	0	1	0	0	0	0	1	0	0	0	0
chr8.4398302.4398502	pos	1	1	1	1	1	1	0	1	0	0	1
chr8.5217943.5218140	pos	0	1	1	1	1	1	0	1	0	0	1
chr8.5906428.5906626	pos	0	1	0	1	1	1	1	1	0	1	1
chr8.6342639.6344080	pos	1	1	1	1	1	1	0	1	0	0	1
chr8.6468706.6468987	pos	1	1	1	1	1	1	0	1	1	0	0
chr8.6579822.6580425	pos	1	1	0	1	1	1	1	1	1	0	1
chr8.6581126.6581331	pos	0	1	1	1	1	1	1	1	1	0	1
chr8.6581720.6583156	pos	0	0	0	1	1	1	1	1	0	0	1
chr8.6787118.6787258	pos	0	1	1	1	1	1	1	1	1	0	1
chr8.7365674.7365865	pos	0	1	0	0	0	0	1	0	1	0	0
chr8.7409144.7410222	pos	0	1	0	1	1	1	0	1	0	0	1
chr8.7426863.7428974	pos	1	1	0	1	1	1	0	1	0	0	1
chr8.7898561.7898697	pos	0	1	1	0	0	0	1	0	1	0	0
chr8.8366069.8368290	pos	0	1	0	1	1	1	1	1	0	0	1
chr8.8450180.8450316	pos	1	1	0	1	1	1	1	1	1	0	0
chr8.8783949.8784340	pos	0	1	1	1	1	1	1	1	1	1	1
chr8.9621216.9621445	pos	0	0	0	1	0	1	1	1	0	0	1
chr8.9820634.9820711	pos	0	1	0	1	0	0	1	0	1	0	1
chr8.9959579.9959689	pos	0	1	1	1	1	0	1	1	1	0	1
chr8.9960228.9960662	pos	0	1	0	1	0	0	1	1	1	0	1
chr8.10689777.10689892	pos	0	1	0	1	1	0	0	1	0	0	1
chr8.10690844.10691090	pos	1	1	0	1	1	0	1	0	1	0	0
chr8.10875007.10875071	pos	0	0	0	0	0	0	1	0	1	0	0
chr8.11703675.11703867	pos	1	1	0	1	1	0	0	1	0	0	1
chr8.11910148.11910347	pos	0	1	1	0	0	0	1	0	0	1	0
chr8.11980741.11980965	pos	0	1	0	0	0	0	1	0	0	1	0
chr8.11998173.11998308	pos	1	1	0	1	1	0	0	1	0	1	0
chr8.12067736.12067842	pos	0	1	0	1	0	0	1	0	0	0	0
chr8.12126360.12127109	pos	0	1	0	1	1	1	1	1	1	0	1
chr8.12610949.12611153	pos	1	1	1	0	1	1	0	1	1	0	0
chr8.12886152.12886278	pos	0	1	0	1	0	0	1	1	0	0	0
chr8.13518417.13518531	pos	0	1	1	0	0	0	1	0	1	0	1
chr8.13664579.13664957	pos	0	1	1	0	0	0	1	0	0	1	0
chr8.14103025.14103123	pos	1	1	0	0	1	1	0	1	0	1	0
chr8.14894685.14894800	pos	0	1	0	1	1	0	1	1	1	1	1
chr8.14944350.14944768	pos	1	1	0	1	1	1	1	1	0	1	0
chr8.14975249.14975543	pos	0	1	0	1	0	0	1	1	0	0	1
chr8.15014689.15014762	pos	0	1	1	1	1	1	1	1	1	0	1
chr8.15034179.15034283	pos	1	0	0	1	1	1	0	1	0	0	1
chr8.15750929.15751089	pos	0	1	0	1	1	1	1	1	0	0	1
chr8.15899872.15899984	pos	0	1	0	1	1	0	1	1	1	0	1
chr8.16400050.16400162	pos	0	0	0	1	1	0	0	0	0	0	1
chr8.16459337.16459539	pos	0	0	1	0	0	0	1	0	1	0	0
chr8.16643468.16643987	pos	0	0	0	1	1	1	0	1	0	0	1
chr8.17939585.17939735	pos	0	1	1	1	1	1	1	1	0	1	1
chr8.18102580.18102810	pos	1	1	0	1	1	1	0	1	0	0	0
chr8.18434914.18435023	pos	0	1	0	1	1	0	0	1	0	0	1
chr8.18561357.18561489	pos	0	1	0	0	0	1	1	0	0	0	0
chr8.18807125.18807430	pos	0	1	0	1	1	1	1	1	1	1	1
chr8.18824718.18824967	pos	0	0	0	0	0	0	1	0	0	0	0
chr8.18825092.18825190	pos	0	0	0	0	0	0	1	0	0	0	0
chr8.18851419.18851614	pos	1	1	0	1	0	0	1	1	0	0	0
chr8.19149638.19150037	pos	0	0	0	1	0	0	1	0	0	0	0
chr8.19304478.19304620	pos	0	1	0	0	0	0	0	1	0	0	0
chr8.19751919.19752044	pos	0	1	0	0	0	0	1	0	0	0	0
chr8.19874894.19876024	pos	0	0	0	1	1	0	1	0	0	0	1
chr8.21123663.21123858	pos	0	1	0	1	1	0	1	0	1	0	0
unplaced-scaffold_078.13918.14048	pos	0	1	1	1	1	1	1	1	1	1	1
unplaced-scaffold_078.44598.44812	pos	1	1	1	1	1	1	0	1	0	1	1
chr1.33500.34000	neg	0	0	0	0	0	0	0	0	0	0	0
chr1.312000.312500	neg	0	1	0	0	1	0	1	1	1	0	1
chr1.377000.377500	neg	0	1	1	1	1	0	1	1	1	0	1
chr1.400000.400500	neg	0	1	1	1	1	0	1	1	1	0	1
chr1.792500.793000	neg	0	0	0	0	0	0	0	0	0	0	0
chr1.864000.864500	neg	0	1	1	0	0	1	1	0	1	0	0
chr1.1442000.1442500	neg	0	1	1	0	1	1	1	0	1	0	1
chr1.1809000.1809500	neg	0	1	0	1	1	1	1	1	1	0	1
chr1.2291000.2291500	neg	0	1	0	1	1	0	1	0	1	0	1
chr1.2305000.2305500	neg	0	1	1	1	0	0	1	0	1	0	1
chr1.2649500.2650000	neg	0	0	0	0	0	0	1	0	1	0	0
chr1.2852000.2852500	neg	0	0	0	0	0	0	1	0	1	0	0
chr1.2864000.2864500	neg	0	1	0	0	0	1	1	1	1	0	1
chr1.3232500.3233000	neg	0	1	0	0	1	1	1	1	1	0	1
chr1.3521000.3521500	neg	1	1	0	1	1	0	0	1	0	1	0
chr1.4129000.4129500	neg	0	1	1	0	0	0	1	0	1	0	0
chr1.4241000.4241500	neg	0	1	1	1	1	0	1	0	1	0	1
chr1.4878000.4878500	neg	0	1	0	1	0	0	1	0	1	0	1
chr1.4943500.4944000	neg	0	0	0	0	0	0	1	0	1	0	0
chr1.4994500.4995000	neg	1	1	1	0	1	1	1	0	0	1	0
chr1.5272500.5273000	neg	0	1	0	1	0	1	1	1	0	1	0
chr1.5280000.5280500	neg	1	1	0	1	1	1	0	1	0	1	0
chr1.5488500.5489000	neg	0	1	0	0	0	0	1	1	1	0	0
chr1.5832000.5832500	neg	0	0	0	1	1	0	1	0	1	0	1
chr1.5933500.5934000	neg	0	1	0	1	1	0	1	1	0	0	1
chr1.6071500.6072000	neg	0	0	1	1	0	0	1	0	1	0	0
chr1.6144000.6144500	neg	1	1	0	1	1	1	0	1	1	0	1
chr1.6456500.6457000	neg	0	1	1	1	1	1	1	1	1	0	1
chr1.6734000.6734500	neg	1	1	0	1	1	0	1	1	0	0	0
chr1.7284000.7284500	neg	0	1	1	0	1	1	1	0	1	0	0
chr1.7442500.7443000	neg	0	0	1	0	1	1	1	0	0	0	1
chr1.7477500.7478000	neg	0	1	1	1	1	0	0	1	0	0	1
chr1.7982500.7983000	neg	1	1	1	1	1	0	0	0	0	1	0
chr1.8272000.8272500	neg	0	0	0	0	0	0	1	0	1	0	0
chr1.8641500.8642000	neg	0	1	1	1	1	1	1	1	1	0	1
chr1.8771500.8772000	neg	0	0	1	0	0	0	1	0	1	0	0
chr1.9546500.9547000	neg	1	1	0	1	1	0	1	1	1	1	0
chr1.9917000.9917500	neg	1	1	0	0	1	0	0	0	0	1	0
chr1.10698500.10699000	neg	0	1	0	1	1	1	1	0	1	0	1
chr1.11102500.11103000	neg	0	0	0	0	0	0	1	0	1	0	0
chr1.11322500.11323000	neg	0	0	0	0	0	0	0	0	0	0	0
chr1.11724000.11724500	neg	1	1	1	1	1	0	0	1	1	1	0
chr1.12210000.12210500	neg	1	1	1	1	1	0	1	1	0	1	0
chr1.12651500.12652000	neg	0	0	0	0	0	0	1	0	1	0	0
chr1.13095500.13096000	neg	0	1	0	1	1	1	1	1	0	0	1
chr1.13275000.13275500	neg	0	0	0	0	0	0	1	0	1	0	0
chr1.13503000.13503500	neg	1	1	0	1	1	0	1	1	1	0	1
chr1.13693500.13694000	neg	0	0	0	0	0	0	1	0	1	0	0
chr1.14621500.14622000	neg	0	1	0	1	1	1	1	1	0	0	1
chr1.15009000.15009500	neg	0	1	0	1	1	1	1	1	1	0	1
chr1.15521500.15522000	neg	0	1	1	1	0	0	1	0	0	0	1
chr1.15745500.15746000	neg	0	1	0	1	1	0	0	0	0	0	0
chr1.16126000.16126500	neg	0	0	0	0	0	0	1	0	1	0	0
chr1.16188500.16189000	neg	0	0	0	0	0	0	1	0	1	0	0
chr1.16878000.16878500	neg	0	0	0	0	0	0	0	0	0	0	0
chr1.16957500.16958000	neg	0	1	0	1	1	1	1	1	1	0	1
chr1.16995500.16996000	neg	0	0	0	0	0	0	0	0	0	0	0
chr1.17290500.17291000	neg	0	1	0	1	1	1	0	1	0	0	1
chr1.17475000.17475500	neg	1	1	0	0	1	1	0	1	0	0	0
chr1.17848500.17849000	neg	0	0	0	0	0	0	1	0	1	0	0
chr1.17951000.17951500	neg	0	0	0	0	0	0	1	0	1	0	0
chr1.18378500.18379000	neg	0	1	0	1	1	1	1	0	0	0	1
chr1.18701000.18701500	neg	1	1	0	1	1	1	0	1	0	0	1
chr1.19048500.19049000	neg	0	0	1	0	0	0	1	0	1	0	0
chr1.19167000.19167500	neg	0	1	1	0	0	1	1	1	1	0	1
chr1.19168000.19168500	neg	0	0	1	0	0	0	1	0	1	0	0
chr1.19311500.19312000	neg	0	1	1	1	1	1	1	1	1	0	1
chr1.19581000.19581500	neg	0	0	1	0	0	0	1	0	1	0	0
chr1.20771500.20772000	neg	0	1	1	1	1	1	1	1	1	0	1
chr1.21097000.21097500	neg	0	1	1	0	0	0	1	0	1	0	1
chr1.21300500.21301000	neg	0	1	1	1	1	1	1	0	0	0	1
chr1.21917000.21917500	neg	0	1	0	1	0	1	1	0	1	0	1
chr1.22694500.22695000	neg	0	1	0	1	1	1	1	1	1	0	1
chr1.23834000.23834500	neg	0	1	1	0	0	0	1	1	1	0	1
chr1.24359500.24360000	neg	0	1	1	1	0	0	1	0	1	0	1
chr1.24666500.24667000	neg	0	1	0	1	1	1	1	0	1	0	1
chr1.24915000.24915500	neg	0	1	0	1	1	1	1	1	1	0	1
chr1.24939000.24939500	neg	0	1	1	0	1	1	1	0	0	0	0
chr1.25105000.25105500	neg	1	1	0	1	1	1	0	1	0	1	0
chr1.25558500.25559000	neg	1	1	1	1	1	1	1	1	1	0	0
chr1.25562500.25563000	neg	1	1	0	1	1	1	1	1	1	0	1
chr1.25676500.25677000	neg	0	0	1	0	0	0	1	0	1	0	0
chr1.26136000.26136500	neg	0	1	0	1	1	1	1	0	1	0	1
chr1.26333500.26334000	neg	0	1	0	1	1	1	1	0	1	0	1
chr1.26628500.26629000	neg	0	1	1	1	0	0	1	0	1	0	1
chr1.27185500.27186000	neg	0	1	1	1	1	1	1	1	1	0	1
chr1.27227000.27227500	neg	0	0	0	0	0	1	1	1	1	0	1
chr1.27289000.27289500	neg	1	1	1	1	1	0	0	1	0	0	1
chr1.27834500.27835000	neg	0	0	1	0	0	0	1	0	1	0	0
chr1.27989000.27989500	neg	0	1	1	1	1	1	1	1	1	1	1
chr1.28100000.28100500	neg	0	0	0	0	0	0	1	0	1	0	0
chr1.28870500.28871000	neg	0	1	0	1	1	1	1	0	0	0	1
chr1.28941000.28941500	neg	1	1	0	1	1	0	1	1	0	1	0
chr1.29131500.29132000	neg	0	1	1	1	1	1	1	1	1	0	1
chr1.29356000.29356500	neg	0	1	1	1	1	0	1	0	0	1	1
chr1.29489500.29490000	neg	0	1	1	0	0	1	1	0	0	0	0
chr1.29633000.29633500	neg	0	1	1	1	1	0	1	0	1	0	1
chr1.29884000.29884500	neg	1	1	1	1	1	0	0	1	1	0	0
chr1.30120000.30120500	neg	0	1	0	1	0	1	1	0	1	1	0
chr1.30461000.30461500	neg	0	1	1	0	0	0	1	0	0	1	0
chr2.563500.564000	neg	0	0	1	0	0	0	1	0	1	0	0
chr2.603000.603500	neg	1	1	0	1	1	0	0	1	0	1	0
chr2.1059000.1059500	neg	0	0	1	0	0	0	1	0	1	0	0
chr2.1387000.1387500	neg	0	1	0	1	1	0	1	1	1	0	1
chr2.1524000.1524500	neg	1	1	1	1	1	0	0	1	0	1	0
chr2.1730000.1730500	neg	0	1	1	1	1	1	1	1	0	1	0
chr2.1852500.1853000	neg	0	0	0	0	0	0	0	0	0	0	0
chr2.2062000.2062500	neg	1	1	1	1	1	1	0	1	0	1	0
chr2.2341000.2341500	neg	0	0	0	0	1	0	1	0	1	0	1
chr2.2381500.2382000	neg	1	1	1	1	1	1	1	1	1	0	0
chr2.2438000.2438500	neg	1	1	1	1	1	0	0	1	0	0	0
chr2.2546500.2547000	neg	1	1	1	1	1	0	0	1	0	1	0
chr2.2724500.2725000	neg	1	1	0	1	1	0	1	1	0	1	0
chr2.2731500.2732000	neg	1	1	0	1	1	0	0	1	0	1	0
chr2.2864500.2865000	neg	1	1	0	1	1	0	0	1	0	1	0
chr2.3408500.3409000	neg	0	0	0	1	1	0	1	0	1	0	1
chr2.3520500.3521000	neg	0	1	0	1	1	1	0	1	0	0	1
chr2.3570000.3570500	neg	0	0	0	0	0	0	1	0	1	0	0
chr2.3570500.3571000	neg	0	0	0	0	0	0	1	0	1	0	0
chr2.3804500.3805000	neg	1	1	1	1	1	0	0	1	0	1	0
chr2.3817500.3818000	neg	0	1	0	1	1	0	0	1	0	1	0
chr2.3838000.3838500	neg	0	1	1	1	1	0	0	1	0	1	0
chr2.3984500.3985000	neg	1	1	0	1	1	0	0	1	1	1	0
chr2.4040000.4040500	neg	0	1	0	1	0	0	1	1	0	0	1
chr2.4040500.4041000	neg	0	1	0	1	0	0	1	1	0	0	1
chr2.4086000.4086500	neg	0	1	0	0	0	0	1	0	1	0	0
chr2.4566000.4566500	neg	1	1	0	1	1	1	0	1	0	0	1
chr2.4765500.4766000	neg	1	1	0	1	1	0	0	0	0	1	0
chr2.4855500.4856000	neg	0	1	0	0	0	0	1	0	1	0	1
chr2.5117500.5118000	neg	0	1	0	1	1	1	1	1	0	1	1
chr2.6251000.6251500	neg	0	1	1	1	0	1	1	0	1	0	1
chr2.6271000.6271500	neg	0	1	0	1	1	1	1	0	1	1	0
chr2.6339500.6340000	neg	1	0	0	0	0	0	1	0	0	1	0
chr2.6465000.6465500	neg	0	1	1	0	1	0	1	1	1	0	1
chr2.6465500.6466000	neg	0	1	1	0	0	0	1	0	1	0	1
chr2.6629500.6630000	neg	0	0	0	1	1	0	0	0	0	1	0
chr2.6904500.6905000	neg	1	1	0	1	1	1	0	1	0	1	0
chr2.7377500.7378000	neg	0	0	0	1	0	0	1	0	1	0	0
chr2.7482500.7483000	neg	1	1	0	0	1	0	1	1	0	1	0
chr2.7627000.7627500	neg	0	1	0	1	1	0	0	1	0	0	1
chr2.7638000.7638500	neg	1	1	0	0	1	1	1	0	0	1	0
chr2.7741000.7741500	neg	1	1	0	0	1	0	1	0	0	1	0
chr2.7840500.7841000	neg	0	0	1	1	0	0	1	0	1	0	0
chr2.8354000.8354500	neg	1	1	0	0	1	0	0	0	0	1	0
chr2.8520000.8520500	neg	0	0	0	0	0	1	1	0	1	0	0
chr2.8607500.8608000	neg	0	1	1	0	0	1	0	0	0	0	0
chr2.8637500.8638000	neg	0	1	0	1	1	1	1	1	1	0	1
chr2.8757500.8758000	neg	0	1	0	1	1	1	1	1	1	0	1
chr2.9184000.9184500	neg	0	0	1	0	0	0	1	0	1	0	0
chr2.9358000.9358500	neg	0	1	0	1	0	0	0	0	0	1	0
chr2.9481500.9482000	neg	1	1	1	1	0	1	1	1	1	0	0
chr2.9498500.9499000	neg	0	0	0	1	1	1	1	1	1	0	1
chr2.9588500.9589000	neg	0	0	0	1	1	0	0	0	0	0	0
chr2.9603500.9604000	neg	0	0	0	0	0	0	0	0	0	0	0
chr2.9942500.9943000	neg	1	1	0	1	1	0	0	1	0	1	0
chr2.10018000.10018500	neg	0	1	0	1	1	0	0	1	0	1	0
chr2.10177500.10178000	neg	0	1	1	0	0	0	1	1	1	0	0
chr2.10503500.10504000	neg	0	1	0	1	0	0	1	0	1	1	1
chr2.10683000.10683500	neg	0	1	0	1	1	0	1	1	1	1	1
chr2.10804500.10805000	neg	0	1	0	1	1	1	1	1	1	0	1
chr2.10956500.10957000	neg	1	1	0	0	1	1	1	1	1	0	0
chr2.12501500.12502000	neg	1	1	0	1	1	0	0	1	0	1	0
chr2.12937000.12937500	neg	0	1	0	1	0	0	0	1	0	0	0
chr2.13151500.13152000	neg	0	1	0	1	1	1	1	1	1	0	1
chr2.13385000.13385500	neg	0	0	1	0	0	0	1	0	1	0	0
chr2.13419000.13419500	neg	0	1	0	1	1	1	1	1	1	0	1
chr2.13927000.13927500	neg	1	1	0	1	1	0	1	1	0	1	0
chr2.14213000.14213500	neg	0	0	0	0	0	0	1	0	1	0	0
chr2.14476000.14476500	neg	1	1	0	0	1	0	1	1	1	1	0
chr2.14767500.14768000	neg	0	1	0	1	1	0	1	0	1	0	1
chr2.15251000.15251500	neg	1	1	0	1	1	0	0	0	0	1	0
chr2.15485000.15485500	neg	1	1	1	1	1	1	1	1	0	1	0
chr2.16110500.16111000	neg	1	1	0	1	1	0	0	1	1	0	0
chr2.16155500.16156000	neg	0	1	0	0	0	1	1	0	0	0	0
chr2.16489500.16490000	neg	0	1	0	1	1	1	1	1	1	0	1
chr2.18977000.18977500	neg	1	1	1	1	1	1	0	1	1	1	0
chr2.19037000.19037500	neg	0	1	1	0	1	0	1	0	1	0	1
chr2.19706500.19707000	neg	0	1	0	1	0	1	1	1	1	1	0
chr2.19807500.19808000	neg	0	1	1	1	1	1	1	1	1	1	0
chr2.20065000.20065500	neg	1	1	1	1	1	1	0	1	1	0	0
chr2.20212000.20212500	neg	0	0	0	1	0	0	1	1	0	1	0
chr2.20540500.20541000	neg	1	1	0	0	1	1	1	1	1	0	1
chr2.20550500.20551000	neg	0	1	0	1	0	0	1	1	1	0	1
chr2.20879000.20879500	neg	0	1	0	0	0	1	1	0	0	1	0
chr2.21333000.21333500	neg	0	1	0	0	0	0	1	0	1	1	0
chr2.21791000.21791500	neg	0	1	0	1	1	1	1	1	1	0	0
chr2.23099500.23100000	neg	1	1	0	1	1	0	0	1	0	1	0
chr2.23161000.23161500	neg	1	1	0	1	1	1	0	1	0	1	0
chr2.23442500.23443000	neg	0	1	1	0	1	1	1	0	0	0	1
chr2.23762500.23763000	neg	0	1	1	1	1	1	1	1	1	0	0
chr2.23971000.23971500	neg	0	1	1	0	0	0	1	0	1	0	0
chr2.24012500.24013000	neg	1	1	0	1	1	0	0	0	0	1	0
chr2.24051000.24051500	neg	0	1	0	1	1	1	1	1	0	0	1
chr2.24576000.24576500	neg	0	1	1	0	0	1	1	1	1	0	0
chr2.24639500.24640000	neg	1	1	0	1	1	0	0	1	1	1	0
chr2.24778000.24778500	neg	1	1	0	0	1	1	0	1	0	1	0
chr2.26146500.26147000	neg	0	1	0	0	0	0	1	0	0	0	0
chr2.26219000.26219500	neg	0	0	1	0	0	0	1	0	1	0	0
chr2.26277000.26277500	neg	0	1	1	0	0	0	1	0	0	0	0
chr2.26841500.26842000	neg	1	1	0	0	1	0	1	0	0	1	0
chr2.27512000.27512500	neg	0	0	0	0	0	0	0	0	0	0	0
chr2.27875000.27875500	neg	1	1	0	1	1	0	1	1	0	1	0
chr2.27909500.27910000	neg	0	0	0	0	0	0	0	0	0	0	0
chr2.27916000.27916500	neg	0	1	0	1	1	1	1	1	0	1	0
chr2.28289500.28290000	neg	1	1	1	1	1	0	0	1	0	1	0
chr2.28760500.28761000	neg	0	1	1	1	0	0	1	1	1	0	1
chr2.28993000.28993500	neg	1	1	0	1	1	0	1	0	0	1	0
chr2.29262000.29262500	neg	0	1	0	1	0	0	1	1	1	1	0
chr3.519500.520000	neg	0	0	0	0	0	0	1	0	1	0	0
chr3.529500.530000	neg	1	1	1	1	1	1	0	1	1	0	0
chr3.812500.813000	neg	0	1	1	0	0	1	0	0	0	0	1
chr3.1112000.1112500	neg	0	1	1	1	1	1	1	1	1	0	1
chr3.1197500.1198000	neg	0	1	1	1	1	0	1	1	0	0	1
chr3.1326000.1326500	neg	0	1	0	1	1	1	1	1	0	0	1
chr3.2088000.2088500	neg	0	1	0	1	1	1	1	1	0	0	1
chr3.2093500.2094000	neg	0	1	1	1	0	1	1	1	0	0	1
chr3.2110000.2110500	neg	0	1	1	1	1	1	1	0	0	0	1
chr3.2735500.2736000	neg	0	1	0	1	1	1	1	1	1	0	1
chr3.2824000.2824500	neg	0	1	0	1	0	0	1	0	1	0	0
chr3.2913000.2913500	neg	1	1	1	1	1	0	0	1	0	1	0
chr3.3550500.3551000	neg	1	1	0	1	1	0	1	1	1	1	0
chr3.4141000.4141500	neg	0	1	0	0	0	0	1	0	1	0	0
chr3.4246500.4247000	neg	0	0	0	0	0	0	1	0	0	0	0
chr3.4279500.4280000	neg	0	1	1	1	1	1	1	0	1	1	1
chr3.4559000.4559500	neg	0	1	0	1	1	1	1	1	1	1	0
chr3.4668500.4669000	neg	0	0	0	1	0	0	1	0	0	0	1
chr3.4757000.4757500	neg	0	1	0	1	1	0	1	1	1	0	1
chr3.5579500.5580000	neg	0	0	0	1	0	0	1	0	1	0	0
chr3.5758000.5758500	neg	0	0	0	0	0	0	1	0	1	0	0
chr3.5764500.5765000	neg	0	1	1	1	1	1	1	0	1	0	1
chr3.6120500.6121000	neg	0	1	0	0	0	0	1	0	1	0	0
chr3.6142000.6142500	neg	0	1	0	1	1	1	1	1	1	0	1
chr3.6258500.6259000	neg	0	1	0	0	1	1	1	1	1	0	1
chr3.6903000.6903500	neg	0	1	0	0	1	1	1	1	1	0	1
chr3.6923500.6924000	neg	0	1	0	1	0	1	1	1	1	0	1
chr3.6981500.6982000	neg	0	1	0	1	1	1	1	1	1	1	1
chr3.7201000.7201500	neg	0	1	0	1	0	0	1	1	1	0	1
chr3.7579000.7579500	neg	0	1	1	1	1	0	0	1	0	0	1
chr3.7707000.7707500	neg	1	1	0	1	1	0	0	0	0	1	0
chr3.8141000.8141500	neg	1	1	1	1	1	1	0	1	0	1	0
chr3.8221500.8222000	neg	0	1	0	0	1	0	1	0	1	0	1
chr3.8242500.8243000	neg	0	1	1	0	0	0	1	0	1	0	1
chr3.8372000.8372500	neg	1	1	0	1	1	1	1	1	1	0	1
chr3.8874000.8874500	neg	1	1	0	1	1	0	0	1	0	1	0
chr3.8876500.8877000	neg	0	1	1	0	0	0	1	0	1	1	0
chr3.9054000.9054500	neg	0	0	0	0	0	0	0	0	0	0	0
chr3.9483500.9484000	neg	1	1	1	1	1	0	1	1	0	1	0
chr3.9518000.9518500	neg	0	1	1	1	1	0	1	1	0	1	0
chr3.9543500.9544000	neg	1	1	0	1	1	1	0	1	0	1	0
chr3.9562000.9562500	neg	1	1	0	1	1	0	0	0	0	1	0
chr3.9567500.9568000	neg	1	1	0	1	1	0	0	1	0	1	0
chr3.9584000.9584500	neg	1	1	0	0	1	1	0	0	0	0	0
chr3.9636500.9637000	neg	1	1	1	1	1	0	0	1	1	0	0
chr3.9869000.9869500	neg	0	1	0	1	1	1	0	1	0	1	0
chr3.10214500.10215000	neg	0	1	0	1	1	0	1	0	0	0	1
chr3.10317000.10317500	neg	1	1	0	1	1	1	1	1	1	0	0
chr3.10514500.10515000	neg	1	1	0	0	1	1	0	1	0	0	0
chr3.10569000.10569500	neg	0	1	0	1	1	1	1	1	1	0	1
chr3.11009500.11010000	neg	0	0	1	1	0	0	1	0	1	0	1
chr3.11357500.11358000	neg	0	1	0	1	1	1	1	0	1	0	1
chr3.11828000.11828500	neg	1	1	0	1	1	0	0	1	0	1	0
chr3.11846500.11847000	neg	0	1	0	1	1	1	1	1	1	0	1
chr3.11907000.11907500	neg	0	1	0	1	0	0	1	0	1	0	0
chr3.12143500.12144000	neg	1	1	0	1	1	0	0	1	0	1	0
chr3.12762500.12763000	neg	0	1	0	0	0	1	1	0	0	0	0
chr3.12860000.12860500	neg	0	1	1	1	1	1	1	1	0	0	1
chr3.12998000.12998500	neg	1	1	0	0	1	0	1	0	0	1	0
chr3.13164000.13164500	neg	1	1	1	1	1	0	1	0	0	1	0
chr3.13174000.13174500	neg	1	1	0	1	1	0	1	1	0	1	0
chr3.13488500.13489000	neg	0	1	0	0	0	0	1	0	1	0	0
chr3.14163500.14164000	neg	1	1	1	1	1	1	1	1	0	1	1
chr3.14542000.14542500	neg	1	1	1	1	1	1	0	1	0	0	0
chr3.14849000.14849500	neg	0	1	1	1	1	0	1	1	1	0	0
chr3.15046000.15046500	neg	0	1	1	1	1	1	1	1	1	0	1
chr3.15170000.15170500	neg	1	1	0	1	1	0	0	1	0	1	0
chr3.15269500.15270000	neg	0	0	0	1	1	0	1	0	1	0	1
chr3.15756500.15757000	neg	0	0	0	0	0	0	1	0	1	0	0
chr3.15989000.15989500	neg	0	1	1	1	1	1	1	0	1	0	0
chr3.16799000.16799500	neg	0	1	0	1	0	0	1	0	0	1	0
chr3.17304500.17305000	neg	1	1	1	0	1	1	0	1	0	0	1
chr3.17477000.17477500	neg	0	1	1	0	0	1	1	1	0	0	0
chr3.17732500.17733000	neg	0	1	0	1	0	1	1	1	0	1	0
chr3.17954500.17955000	neg	0	1	0	1	0	1	1	1	1	1	0
chr3.17958500.17959000	neg	1	1	0	1	1	1	0	1	0	1	0
chr3.18083500.18084000	neg	0	0	0	0	0	0	1	0	1	0	0
chr3.18110000.18110500	neg	0	1	1	1	1	0	1	1	1	0	1
chr3.18320500.18321000	neg	1	1	0	1	1	1	1	1	0	0	1
chr3.18459500.18460000	neg	1	1	1	1	1	1	0	1	1	0	1
chr3.18720000.18720500	neg	0	1	0	1	1	0	0	1	0	1	0
chr3.18900500.18901000	neg	1	1	0	0	1	0	0	1	0	1	0
chr3.19022000.19022500	neg	1	1	0	1	1	0	1	1	0	1	0
chr3.19075500.19076000	neg	0	1	1	1	1	0	1	1	1	0	0
chr3.19727500.19728000	neg	1	1	0	1	0	0	1	1	1	0	0
chr3.20099500.20100000	neg	0	1	1	0	1	1	1	0	1	0	1
chr3.20326500.20327000	neg	1	1	1	0	0	1	0	1	0	0	0
chr3.20997500.20998000	neg	1	1	0	1	1	0	1	1	0	1	0
chr3.21088500.21089000	neg	0	1	0	1	1	1	1	1	0	0	1
chr3.21578000.21578500	neg	1	1	0	1	1	0	0	1	0	0	0
chr3.23575500.23576000	neg	0	1	1	1	1	0	1	1	1	0	0
chr3.23937500.23938000	neg	1	1	1	0	1	1	1	0	0	0	0
chr3.24152500.24153000	neg	0	0	0	0	0	0	1	0	1	0	0
chr3.24225500.24226000	neg	0	1	0	1	1	1	0	1	0	0	0
chr3.24287000.24287500	neg	0	1	1	1	0	0	1	1	1	0	1
chr3.24338000.24338500	neg	0	0	1	1	0	0	1	1	1	0	1
chr3.24711500.24712000	neg	0	1	0	1	1	0	1	1	1	0	1
chr3.25404500.25405000	neg	1	1	0	0	1	0	0	0	0	1	0
chr3.25619500.25620000	neg	1	1	1	1	1	0	0	0	0	1	0
chr3.25995500.25996000	neg	1	1	0	1	1	0	1	1	0	1	0
chr3.26205500.26206000	neg	0	1	0	1	0	0	1	1	1	0	0
chr3.26384000.26384500	neg	0	0	1	1	0	1	1	0	0	0	1
chr3.26876500.26877000	neg	0	1	1	1	1	0	1	1	1	0	0
chr4.788500.789000	neg	0	1	0	1	1	1	0	1	0	0	0
chr4.901000.901500	neg	1	1	0	1	1	0	0	1	0	1	0
chr4.1176500.1177000	neg	1	1	1	1	1	1	1	1	1	0	0
chr4.1317500.1318000	neg	1	1	1	1	1	0	1	1	0	1	0
chr4.1318000.1318500	neg	1	1	0	1	1	0	1	1	0	1	0
chr4.1509500.1510000	neg	1	1	0	1	1	0	0	1	0	1	0
chr4.2275500.2276000	neg	0	1	1	0	1	1	1	1	1	0	1
chr4.2520500.2521000	neg	0	0	1	0	0	0	1	0	1	0	0
chr4.2677000.2677500	neg	0	1	0	1	1	1	1	1	1	0	1
chr4.3235000.3235500	neg	0	1	0	0	0	0	1	0	0	0	0
chr4.3431500.3432000	neg	0	0	0	0	0	0	0	0	0	1	0
chr4.3781000.3781500	neg	1	0	0	0	0	0	0	0	0	1	0
chr4.4019000.4019500	neg	0	1	1	1	0	0	1	1	1	0	0
chr4.4033000.4033500	neg	1	1	0	1	1	1	1	1	1	1	1
chr4.4060000.4060500	neg	0	0	0	0	0	0	1	0	1	1	0
chr4.4082000.4082500	neg	1	1	0	1	1	0	0	0	0	1	0
chr4.4754000.4754500	neg	0	1	0	1	1	1	1	1	0	0	1
chr4.5089000.5089500	neg	0	1	1	0	0	0	1	0	1	0	0
chr4.5243500.5244000	neg	1	1	1	1	1	0	1	1	0	1	0
chr4.5499000.5499500	neg	0	0	1	0	0	0	1	0	1	0	0
chr4.5684500.5685000	neg	1	1	1	0	0	0	1	0	0	1	0
chr4.5931500.5932000	neg	1	1	0	1	1	1	0	1	1	0	0
chr4.6282500.6283000	neg	0	1	1	0	0	1	1	0	0	0	0
chr4.6407500.6408000	neg	0	0	0	0	0	0	1	0	0	1	0
chr4.6416000.6416500	neg	1	1	0	1	1	0	0	1	0	1	0
chr4.6656000.6656500	neg	1	1	1	1	1	0	1	1	0	1	0
chr4.6702500.6703000	neg	1	1	0	1	1	0	0	1	0	1	0
chr4.6709500.6710000	neg	1	1	0	1	1	0	0	1	0	1	0
chr4.6727500.6728000	neg	0	1	0	1	1	1	1	1	0	0	1
chr4.6795500.6796000	neg	0	1	0	1	1	1	1	1	0	1	1
chr4.7102000.7102500	neg	1	1	1	1	1	1	0	1	0	0	0
chr4.7116000.7116500	neg	0	1	0	1	1	1	0	1	0	0	1
chr4.7793500.7794000	neg	1	1	0	1	1	1	0	1	1	0	1
chr4.8125500.8126000	neg	0	1	0	1	1	1	1	1	1	0	1
chr4.8215000.8215500	neg	0	1	1	0	0	1	1	0	1	0	1
chr4.8231500.8232000	neg	0	0	0	0	0	0	1	0	1	0	0
chr4.8544000.8544500	neg	0	1	0	0	1	1	1	1	1	0	1
chr4.8608500.8609000	neg	0	1	0	0	1	1	1	1	0	0	1
chr4.8749500.8750000	neg	1	1	0	1	1	0	0	1	0	1	0
chr4.8814000.8814500	neg	0	1	0	1	0	0	1	0	1	1	0
chr4.9438000.9438500	neg	1	1	0	1	1	0	1	1	0	1	0
chr4.9883000.9883500	neg	1	1	0	1	1	1	0	1	0	1	0
chr4.10017500.10018000	neg	0	0	0	0	0	1	1	0	0	0	0
chr4.11006000.11006500	neg	0	0	0	0	0	0	1	0	0	1	0
chr4.11022000.11022500	neg	1	1	0	1	1	0	1	1	0	1	0
chr4.11449000.11449500	neg	0	1	0	1	1	1	0	1	0	0	1
chr4.11458500.11459000	neg	0	0	0	0	0	0	1	0	0	0	0
chr4.12021500.12022000	neg	0	0	0	0	0	0	1	0	1	0	0
chr4.12570000.12570500	neg	0	1	1	0	0	0	1	0	1	0	0
chr4.12709500.12710000	neg	0	1	0	0	0	0	1	0	1	0	1
chr4.13185500.13186000	neg	0	1	1	1	0	0	1	0	1	0	1
chr4.13387500.13388000	neg	0	0	1	0	0	0	1	0	1	0	1
chr4.13955500.13956000	neg	0	1	1	1	1	1	1	1	1	1	1
chr4.14059000.14059500	neg	1	1	1	1	1	1	1	1	0	1	0
chr4.14233000.14233500	neg	1	1	0	1	1	1	1	1	1	1	0
chr4.14412500.14413000	neg	0	1	1	1	1	1	1	1	1	0	1
chr4.14484000.14484500	neg	0	1	0	1	0	0	1	1	1	0	1
chr4.14557000.14557500	neg	0	0	0	0	0	0	0	0	0	0	0
chr4.14747500.14748000	neg	0	0	0	0	0	0	0	0	0	0	0
chr4.14865500.14866000	neg	0	0	0	0	0	0	0	0	0	0	0
chr4.15002500.15003000	neg	0	0	0	0	0	0	0	0	0	0	0
chr4.15968500.15969000	neg	1	1	0	1	1	0	0	1	1	0	0
chr4.16167000.16167500	neg	0	0	0	0	0	0	0	0	0	0	0
chr4.16236000.16236500	neg	0	1	1	0	0	0	1	0	1	1	0
chr4.16434000.16434500	neg	0	0	0	0	0	0	1	0	1	0	0
chr4.16508500.16509000	neg	0	1	1	1	1	1	1	1	1	0	1
chr4.16656000.16656500	neg	0	0	1	0	0	0	1	0	1	0	0
chr4.16686000.16686500	neg	1	1	0	1	1	0	1	1	0	1	0
chr4.16692000.16692500	neg	1	1	0	1	1	0	0	1	0	1	0
chr4.16731000.16731500	neg	1	1	0	1	1	0	0	1	0	1	0
chr4.16922500.16923000	neg	1	1	0	1	1	1	0	1	0	0	1
chr4.17162000.17162500	neg	1	1	0	1	1	0	1	1	1	1	0
chr4.17189000.17189500	neg	0	0	0	1	0	0	1	0	1	1	0
chr4.17339500.17340000	neg	0	1	1	1	1	1	0	1	0	0	1
chr4.17610000.17610500	neg	1	1	1	1	1	1	1	1	1	1	1
chr4.17626000.17626500	neg	0	1	1	1	1	1	1	0	1	1	1
chr4.17627000.17627500	neg	0	0	0	0	0	0	1	0	1	1	0
chr4.17807000.17807500	neg	0	1	0	1	1	1	1	1	1	0	1
chr4.17807500.17808000	neg	0	1	0	1	1	1	1	1	1	0	1
chr4.17854000.17854500	neg	0	1	0	0	0	0	1	0	1	0	0
chr4.18389500.18390000	neg	1	1	0	1	1	1	0	1	0	0	0
chr4.18408500.18409000	neg	0	0	1	0	0	0	1	0	1	0	0
chr4.18547000.18547500	neg	0	0	0	0	0	1	0	0	0	0	0
chr4.18590500.18591000	neg	0	0	0	0	0	0	1	0	1	0	0
chr4.18920500.18921000	neg	1	1	0	1	1	0	0	1	0	1	0
chr4.19441000.19441500	neg	0	1	0	1	0	0	1	0	1	0	1
chr4.19739000.19739500	neg	1	1	0	1	1	1	0	1	0	0	0
chr4.20162000.20162500	neg	0	1	1	1	0	1	1	0	1	0	0
chr4.20238000.20238500	neg	0	1	1	1	1	1	1	1	1	0	1
chr4.20807000.20807500	neg	0	1	0	1	1	1	1	1	0	1	0
chr4.20856000.20856500	neg	1	1	1	1	1	0	0	1	0	1	0
chr4.20895000.20895500	neg	1	1	0	1	1	0	0	1	0	1	0
chr4.20899500.20900000	neg	1	1	1	1	1	0	0	1	0	1	0
chr4.21010000.21010500	neg	0	0	0	0	0	0	1	0	0	1	0
chr4.21103500.21104000	neg	1	1	1	1	1	0	1	1	0	1	0
chr4.21489500.21490000	neg	0	1	1	1	1	1	1	1	1	0	1
chr4.21723000.21723500	neg	0	0	0	0	0	0	1	0	1	0	0
chr4.23051500.23052000	neg	1	1	0	1	1	0	1	1	0	1	0
chr4.23802000.23802500	neg	1	1	1	1	0	0	1	1	1	0	0
chr4.24012500.24013000	neg	0	0	0	0	0	0	1	0	1	0	0
chr4.24059000.24059500	neg	0	1	0	0	0	1	1	0	1	0	1
chr4.24069500.24070000	neg	1	1	0	1	1	0	0	1	1	1	0
chr4.24212000.24212500	neg	0	1	0	1	1	0	1	1	1	0	1
chr4.24298500.24299000	neg	0	1	0	1	1	1	1	0	1	0	1
chr4.25059500.25060000	neg	0	0	0	0	0	0	1	0	1	1	0
chr4.25130500.25131000	neg	0	1	1	1	1	1	1	0	1	0	0
chr4.25148500.25149000	neg	1	1	0	1	0	1	1	1	1	0	0
chr4.25737500.25738000	neg	0	0	1	0	0	0	1	0	1	0	0
chr4.25799500.25800000	neg	0	0	0	0	0	0	1	0	1	0	0
chr4.25879000.25879500	neg	0	1	0	0	1	1	1	1	1	1	1
chr4.25918000.25918500	neg	0	1	1	1	0	0	1	0	1	0	1
chr4.26127500.26128000	neg	1	1	1	1	1	0	1	1	1	0	0
chr4.26416000.26416500	neg	1	1	0	1	1	1	1	1	0	1	1
chr4.26518500.26519000	neg	0	1	0	1	0	0	1	1	1	0	1
chr4.26618500.26619000	neg	0	1	1	0	0	1	1	0	0	0	1
chr4.26761000.26761500	neg	1	1	1	1	1	0	1	1	1	0	0
chr4.26913000.26913500	neg	0	0	0	0	0	0	0	0	0	0	0
chr4.26932500.26933000	neg	0	0	0	0	0	0	0	0	0	0	0
chr5.42000.42500	neg	0	0	1	0	0	0	1	0	1	0	0
chr5.212000.212500	neg	0	1	1	1	1	0	1	1	1	0	0
chr5.1141000.1141500	neg	1	1	0	1	1	0	1	1	0	1	0
chr5.1290000.1290500	neg	0	1	0	1	1	1	1	1	1	1	1
chr5.2147000.2147500	neg	1	1	1	1	1	0	0	0	0	1	0
chr5.2269500.2270000	neg	0	1	0	1	1	0	0	1	0	1	0
chr5.2270500.2271000	neg	0	1	0	1	1	0	0	1	0	1	0
chr5.2717000.2717500	neg	0	0	0	0	0	0	0	0	0	0	0
chr5.2979000.2979500	neg	0	1	0	1	1	1	0	1	0	0	1
chr5.3500000.3500500	neg	0	0	1	1	0	0	1	0	0	0	0
chr5.3665000.3665500	neg	1	1	1	1	1	0	0	1	0	1	0
chr5.3716000.3716500	neg	1	0	0	0	0	0	0	0	0	1	0
chr5.3864000.3864500	neg	1	1	0	1	1	0	0	1	0	1	0
chr5.4099500.4100000	neg	0	1	1	1	1	1	1	1	1	0	1
chr5.4803000.4803500	neg	1	0	0	0	0	0	0	0	0	1	0
chr5.4823000.4823500	neg	1	1	0	1	1	0	0	1	0	1	0
chr5.4846500.4847000	neg	0	0	0	0	0	0	0	0	0	0	0
chr5.4863000.4863500	neg	0	1	0	1	1	1	1	1	0	1	1
chr5.4914000.4914500	neg	0	1	0	1	0	0	1	0	1	1	0
chr5.5315000.5315500	neg	1	1	0	1	1	1	1	1	0	0	1
chr5.5826000.5826500	neg	1	1	0	1	1	1	0	1	0	1	0
chr5.6959000.6959500	neg	0	0	0	0	0	0	1	0	1	0	0
chr5.7076000.7076500	neg	1	1	0	1	1	1	0	1	1	0	0
chr5.7111000.7111500	neg	1	1	0	1	1	1	1	1	0	0	0
chr5.7185500.7186000	neg	0	1	0	0	0	1	1	0	0	0	0
chr5.7608000.7608500	neg	1	1	0	1	1	1	1	1	0	1	0
chr5.7687500.7688000	neg	0	0	0	0	0	0	1	0	0	1	0
chr5.8210500.8211000	neg	0	1	1	0	0	1	1	1	0	0	0
chr5.8295000.8295500	neg	0	1	1	0	1	1	1	0	1	0	1
chr5.8321000.8321500	neg	0	1	1	1	1	0	0	1	0	0	1
chr5.8341500.8342000	neg	0	1	0	1	1	1	1	1	1	1	1
chr5.8453000.8453500	neg	0	1	0	1	1	0	1	1	0	1	0
chr5.9032000.9032500	neg	0	1	0	1	1	1	1	1	1	0	1
chr5.9112000.9112500	neg	1	1	0	1	1	1	1	1	1	0	1
chr5.9124000.9124500	neg	0	1	0	1	1	1	1	1	1	0	1
chr5.9209000.9209500	neg	1	1	1	1	1	1	1	0	1	1	0
chr5.9472500.9473000	neg	0	1	0	1	0	0	1	0	0	1	0
chr5.9531500.9532000	neg	1	1	0	1	1	1	1	1	1	0	0
chr5.9682500.9683000	neg	1	1	0	1	1	0	1	1	1	1	0
chr5.9865500.9866000	neg	0	0	0	0	0	0	1	0	1	0	0
chr5.9904500.9905000	neg	0	0	0	0	0	0	1	0	1	0	0
chr5.9980000.9980500	neg	1	1	0	1	1	0	0	1	0	1	0
chr5.10541500.10542000	neg	0	0	0	0	0	0	1	0	1	0	0
chr5.11504500.11505000	neg	1	1	0	1	1	0	1	1	0	1	0
chr5.11788000.11788500	neg	0	1	0	1	0	0	0	1	0	0	0
chr5.11831000.11831500	neg	1	1	0	1	1	0	1	0	0	1	0
chr5.11908500.11909000	neg	0	1	1	0	0	0	1	0	0	1	0
chr5.12623000.12623500	neg	1	1	0	1	1	0	0	1	0	1	0
chr5.12655500.12656000	neg	0	1	1	1	1	1	0	1	1	0	0
chr5.12716000.12716500	neg	0	1	1	0	0	0	1	0	1	0	0
chr5.13267000.13267500	neg	1	1	0	1	1	0	0	1	0	1	0
chr5.13337500.13338000	neg	1	1	0	1	1	0	0	1	0	1	0
chr5.13495500.13496000	neg	1	1	0	0	1	0	0	1	0	1	0
chr5.13535500.13536000	neg	0	0	0	0	0	1	1	0	1	1	0
chr5.13539500.13540000	neg	0	0	0	0	0	0	1	0	1	1	0
chr5.13644000.13644500	neg	1	1	0	1	1	1	0	1	1	1	0
chr5.13815500.13816000	neg	0	0	1	0	0	0	1	0	1	0	0
chr5.14882500.14883000	neg	1	1	0	1	1	0	0	1	0	1	0
chr5.14986500.14987000	neg	0	1	0	0	0	0	1	0	0	1	0
chr5.15769000.15769500	neg	0	0	0	0	0	0	0	0	0	1	0
chr5.15815500.15816000	neg	1	1	0	1	1	0	0	0	0	1	0
chr5.17041000.17041500	neg	0	1	0	0	1	1	1	0	0	0	0
chr5.17311000.17311500	neg	1	1	1	1	1	1	1	1	0	1	0
chr5.17311500.17312000	neg	1	1	0	1	1	1	0	1	0	1	0
chr5.17523500.17524000	neg	0	1	1	0	0	0	1	1	1	1	0
chr5.17596000.17596500	neg	1	1	1	1	1	0	0	1	0	1	0
chr5.17599500.17600000	neg	1	1	0	1	1	0	0	0	0	1	0
chr5.17650000.17650500	neg	0	0	1	0	0	1	1	0	1	0	0
chr5.17943500.17944000	neg	1	1	0	1	1	1	1	1	0	0	1
chr5.18103500.18104000	neg	1	1	0	1	1	0	0	1	0	1	0
chr5.18190500.18191000	neg	1	1	0	1	1	0	0	1	0	1	0
chr5.18325500.18326000	neg	1	1	0	1	1	0	0	1	0	1	0
chr5.18329000.18329500	neg	1	1	0	1	1	0	0	1	0	1	0
chr5.18333500.18334000	neg	1	1	0	1	1	0	1	1	1	1	0
chr5.18910000.18910500	neg	0	0	0	0	0	0	1	0	1	0	0
chr5.19282000.19282500	neg	0	1	1	1	0	0	1	1	1	0	0
chr5.19401000.19401500	neg	0	1	1	1	1	1	1	1	1	0	1
chr5.19654000.19654500	neg	1	1	0	0	1	1	0	1	0	1	0
chr5.19754000.19754500	neg	1	1	0	1	1	1	1	1	0	0	1
chr5.19824000.19824500	neg	0	1	0	1	1	1	1	1	1	0	0
chr5.19898500.19899000	neg	0	0	1	0	0	1	1	0	1	0	0
chr5.20011500.20012000	neg	1	1	0	1	1	1	0	1	1	0	0
chr5.20536500.20537000	neg	0	0	0	0	0	0	1	0	0	1	0
chr5.20912000.20912500	neg	0	0	0	0	0	0	0	0	0	0	0
chr5.20951500.20952000	neg	0	0	0	0	0	0	0	0	0	0	0
chr5.21099500.21100000	neg	0	0	0	0	0	0	0	0	0	0	0
chr5.21687000.21687500	neg	1	1	0	1	1	0	0	1	0	1	0
chr5.22760000.22760500	neg	0	0	0	0	0	0	0	0	0	0	0
chr5.23130000.23130500	neg	1	1	0	1	1	0	0	0	0	1	0
chr5.23246000.23246500	neg	1	1	1	1	1	1	0	1	0	1	0
chr5.23289500.23290000	neg	1	1	1	1	1	0	1	1	0	1	0
chr5.23358500.23359000	neg	1	1	0	1	1	0	1	1	0	1	0
chr5.23402500.23403000	neg	1	1	0	0	1	1	0	1	0	1	0
chr5.23592500.23593000	neg	1	1	1	1	1	0	0	1	1	0	0
chr5.24108000.24108500	neg	1	1	0	1	1	0	0	1	0	1	0
chr5.24202500.24203000	neg	0	0	0	0	0	0	0	0	0	0	0
chr5.24389000.24389500	neg	0	1	0	1	1	0	1	0	1	0	1
chr5.24650500.24651000	neg	0	0	0	0	0	0	1	0	1	0	0
chr5.25248500.25249000	neg	1	1	1	1	1	0	0	1	0	1	0
chr5.25397500.25398000	neg	0	1	0	1	0	1	1	1	1	0	1
chr5.25466000.25466500	neg	0	0	0	0	0	0	0	0	1	0	0
chr5.25895000.25895500	neg	0	0	0	0	0	0	1	0	1	0	0
chr6.72000.72500	neg	0	1	1	1	0	0	1	1	1	0	1
chr6.589500.590000	neg	0	1	0	1	1	1	1	1	1	0	1
chr6.652500.653000	neg	0	1	0	1	1	1	1	1	1	0	1
chr6.664000.664500	neg	1	1	1	0	0	0	1	1	1	1	0
chr6.664500.665000	neg	1	0	1	0	0	0	1	0	1	1	0
chr6.761000.761500	neg	0	1	1	0	0	1	1	0	1	0	0
chr6.987000.987500	neg	0	0	0	0	0	0	1	0	1	0	0
chr6.1221500.1222000	neg	0	0	0	0	0	0	0	0	0	0	0
chr6.1387500.1388000	neg	0	1	1	0	0	0	1	0	1	0	0
chr6.1544500.1545000	neg	0	0	1	0	0	0	1	0	1	0	0
chr6.1629000.1629500	neg	0	1	0	1	1	1	1	1	1	0	1
chr6.2270500.2271000	neg	1	1	0	1	1	1	0	1	0	1	1
chr6.2323500.2324000	neg	0	1	1	1	1	1	1	0	1	0	1
chr6.2390000.2390500	neg	0	0	0	0	1	1	0	0	0	0	1
chr6.2390500.2391000	neg	0	0	0	1	1	1	0	1	0	0	1
chr6.2502500.2503000	neg	1	1	1	1	1	1	1	1	1	1	1
chr6.2772500.2773000	neg	0	1	1	0	0	1	1	0	0	0	0
chr6.2877000.2877500	neg	0	1	1	1	0	0	1	0	1	0	1
chr6.3743000.3743500	neg	0	1	0	1	0	1	1	0	1	0	0
chr6.3766000.3766500	neg	0	1	1	1	0	1	1	0	1	0	1
chr6.4119500.4120000	neg	0	0	0	0	0	0	1	0	1	0	0
chr6.4324500.4325000	neg	0	1	0	0	0	1	1	0	1	0	1
chr6.4562000.4562500	neg	0	0	0	0	0	0	1	0	1	0	0
chr6.4720000.4720500	neg	1	0	0	0	0	0	0	0	1	0	0
chr6.4907500.4908000	neg	0	1	1	0	0	1	1	0	1	0	0
chr6.4916000.4916500	neg	0	1	0	0	0	0	1	1	1	1	0
chr6.5070500.5071000	neg	0	1	1	0	0	0	1	0	1	0	0
chr6.5125500.5126000	neg	0	0	1	0	0	0	1	0	1	0	0
chr6.5343500.5344000	neg	0	0	0	1	0	1	1	1	1	0	1
chr6.5344000.5344500	neg	0	0	0	1	0	1	1	1	1	0	1
chr6.5811000.5811500	neg	0	1	1	1	1	1	1	1	1	1	1
chr6.6134000.6134500	neg	1	1	0	1	1	1	1	1	1	0	1
chr6.6225000.6225500	neg	0	0	1	0	0	0	1	0	1	0	0
chr6.6431000.6431500	neg	0	1	0	1	1	1	1	1	1	0	1
chr6.6820500.6821000	neg	1	1	1	1	1	0	1	1	0	1	0
chr6.7476500.7477000	neg	0	1	0	1	1	0	0	1	0	1	0
chr6.7533500.7534000	neg	0	1	1	1	1	1	1	0	1	0	1
chr6.7534000.7534500	neg	0	0	1	0	0	0	1	0	1	0	0
chr6.7678500.7679000	neg	1	1	0	1	1	0	0	1	1	0	1
chr6.7762000.7762500	neg	0	1	0	1	1	1	1	1	1	1	1
chr6.7908000.7908500	neg	0	0	1	0	0	0	1	0	1	0	0
chr6.7926000.7926500	neg	0	1	0	1	1	0	1	1	1	0	0
chr6.8251000.8251500	neg	1	1	0	1	1	0	0	1	0	1	0
chr6.8659000.8659500	neg	0	1	1	0	1	0	1	0	1	0	0
chr6.9040500.9041000	neg	1	1	0	1	1	1	1	0	0	0	1
chr6.9393000.9393500	neg	0	1	0	1	0	1	1	0	1	0	1
chr6.9572500.9573000	neg	0	1	1	0	0	0	1	0	1	0	0
chr6.10029500.10030000	neg	0	1	0	1	1	1	1	1	1	0	1
chr6.10572000.10572500	neg	1	1	0	1	1	0	1	1	0	1	0
chr6.10610500.10611000	neg	0	1	1	1	1	1	1	0	1	0	1
chr6.11000500.11001000	neg	0	1	1	0	0	1	1	0	1	0	0
chr6.11111500.11112000	neg	0	1	1	1	1	1	1	1	1	0	1
chr6.11142000.11142500	neg	0	1	1	0	0	0	1	1	0	0	1
chr6.11209500.11210000	neg	0	0	1	1	0	0	1	0	1	0	0
chr6.11215000.11215500	neg	1	1	1	1	1	1	1	1	1	0	1
chr6.11608000.11608500	neg	0	1	0	1	1	0	1	1	1	0	1
chr6.11848000.11848500	neg	0	1	1	1	1	0	1	1	1	0	1
chr6.11916500.11917000	neg	1	1	0	1	1	0	1	1	0	1	0
chr6.11956000.11956500	neg	0	1	0	1	1	1	0	1	0	0	0
chr6.11976000.11976500	neg	1	1	1	0	1	1	1	0	1	0	0
chr6.11976500.11977000	neg	1	1	0	0	1	1	1	0	1	0	0
chr6.12151500.12152000	neg	0	1	0	1	1	0	1	1	1	0	0
chr6.12162000.12162500	neg	0	1	0	0	1	0	1	0	1	0	1
chr6.12240500.12241000	neg	1	1	0	0	1	1	0	1	0	0	0
chr6.12457500.12458000	neg	0	0	0	0	0	0	1	0	1	0	0
chr6.12558500.12559000	neg	0	0	1	0	0	0	1	0	1	0	0
chr6.12783000.12783500	neg	0	1	0	1	1	1	1	1	1	1	1
chr6.12840000.12840500	neg	0	0	0	0	0	0	0	0	0	1	0
chr6.13144000.13144500	neg	1	1	0	1	1	0	1	0	0	1	0
chr6.13188500.13189000	neg	0	1	1	1	1	1	1	1	1	0	1
chr6.13582000.13582500	neg	1	1	0	1	1	0	1	1	0	1	0
chr6.13922500.13923000	neg	0	1	1	1	1	1	1	0	1	1	1
chr6.13993000.13993500	neg	1	1	0	1	1	0	1	1	0	1	0
chr6.14232000.14232500	neg	0	0	0	0	0	0	0	0	0	1	0
chr6.14415000.14415500	neg	0	0	0	0	0	0	1	0	1	0	0
chr6.14960000.14960500	neg	0	1	0	1	1	0	1	0	1	1	0
chr6.15431000.15431500	neg	0	0	1	0	0	0	1	0	1	0	0
chr6.15537000.15537500	neg	0	1	1	1	1	1	1	1	0	0	1
chr6.16027500.16028000	neg	0	1	1	1	0	0	1	1	1	0	0
chr6.16314000.16314500	neg	0	0	0	0	0	0	0	0	0	1	0
chr6.16355500.16356000	neg	0	0	0	0	0	0	0	0	0	1	0
chr6.16794500.16795000	neg	0	0	0	0	0	0	1	0	1	0	0
chr6.16795500.16796000	neg	0	1	0	0	1	0	1	0	1	0	1
chr6.16946500.16947000	neg	0	1	1	0	1	0	1	1	0	0	1
chr6.17159000.17159500	neg	0	0	1	0	0	0	1	0	1	0	0
chr6.17198500.17199000	neg	0	1	0	0	0	0	1	0	1	0	0
chr6.17321000.17321500	neg	0	1	0	1	1	1	0	1	0	0	1
chr6.17368000.17368500	neg	0	1	0	1	1	0	0	1	0	1	0
chr6.17425000.17425500	neg	0	1	0	0	0	0	1	0	0	0	0
chr6.17756500.17757000	neg	0	0	0	0	0	0	1	0	1	1	0
chr6.17836500.17837000	neg	0	0	0	0	0	0	0	0	0	0	0
chr6.18143000.18143500	neg	1	1	0	1	1	0	0	1	1	1	0
chr6.18184000.18184500	neg	1	1	0	0	1	1	0	1	0	0	0
chr6.18475000.18475500	neg	0	0	1	1	0	1	1	0	1	0	0
chr6.18669500.18670000	neg	0	1	0	0	1	0	1	0	1	0	1
chr6.18851000.18851500	neg	1	1	0	1	1	1	1	1	1	0	0
chr6.19305500.19306000	neg	0	1	0	0	0	0	1	0	1	0	0
chr6.19422500.19423000	neg	1	1	0	1	1	0	0	1	1	1	0
chr6.19718000.19718500	neg	1	1	0	1	1	0	1	1	0	1	0
chr6.19718500.19719000	neg	1	1	0	1	1	0	1	1	0	1	0
chr6.19767500.19768000	neg	1	1	0	1	1	0	1	1	0	1	0
chr6.20052500.20053000	neg	1	1	0	1	1	0	1	1	0	1	0
chr6.20872500.20873000	neg	0	1	0	1	0	0	1	1	1	0	1
chr6.21036000.21036500	neg	0	1	1	0	1	1	1	0	1	0	1
chr6.21189000.21189500	neg	0	1	0	1	0	1	1	1	1	0	1
chr6.21248500.21249000	neg	0	1	0	0	0	0	1	0	0	0	0
chr6.21515500.21516000	neg	1	1	0	1	1	0	0	1	1	1	0
chr6.21935000.21935500	neg	0	1	0	0	0	1	1	1	0	0	1
chr6.22378500.22379000	neg	0	1	1	1	1	1	1	0	1	0	1
chr6.22615500.22616000	neg	0	1	1	0	0	0	1	0	0	1	0
chr6.23055000.23055500	neg	1	1	0	1	1	0	0	0	0	1	0
chr6.23084500.23085000	neg	1	1	1	1	1	1	1	1	0	0	0
chr6.23300000.23300500	neg	1	1	0	1	1	0	0	1	0	1	0
chr6.23314500.23315000	neg	0	0	0	0	0	0	1	0	0	1	0
chr6.23449500.23450000	neg	0	1	0	1	1	1	0	1	0	0	1
chr6.23564500.23565000	neg	1	1	0	1	1	1	0	1	0	0	0
chr6.23565000.23565500	neg	1	1	0	1	1	1	0	1	0	0	0
chr7.1000.1500	neg	0	0	0	0	0	0	0	0	0	0	0
chr7.745000.745500	neg	0	1	1	1	1	1	1	1	1	0	1
chr7.1250500.1251000	neg	0	1	0	1	0	0	1	0	0	0	0
chr7.1374500.1375000	neg	0	1	1	0	0	0	1	0	1	1	0
chr7.1848500.1849000	neg	1	1	0	0	1	1	1	0	0	0	1
chr7.1907000.1907500	neg	1	1	0	0	1	1	1	0	1	0	0
chr7.1972000.1972500	neg	0	1	1	1	1	1	1	1	1	0	0
chr7.2115000.2115500	neg	0	1	0	1	1	1	1	1	1	0	1
chr7.2183000.2183500	neg	0	1	0	1	1	1	0	1	0	0	0
chr7.2375500.2376000	neg	0	1	1	1	0	0	1	0	1	0	0
chr7.2622500.2623000	neg	1	1	0	1	1	0	0	1	1	1	0
chr7.2707500.2708000	neg	0	1	1	1	1	0	1	0	0	1	0
chr7.2826500.2827000	neg	0	1	0	0	0	0	1	1	0	1	0
chr7.3290500.3291000	neg	1	1	1	1	1	0	1	1	0	1	0
chr7.3419500.3420000	neg	0	1	0	1	1	0	1	0	0	1	0
chr7.4626000.4626500	neg	0	0	0	0	0	0	1	0	1	0	0
chr7.5027500.5028000	neg	0	1	0	1	0	0	1	0	1	0	1
chr7.5134000.5134500	neg	0	0	0	0	0	0	1	0	1	0	0
chr7.5290000.5290500	neg	1	1	0	1	1	0	0	1	0	1	0
chr7.5291500.5292000	neg	0	1	1	1	1	0	1	1	0	1	0
chr7.5585500.5586000	neg	0	0	0	0	0	0	0	0	0	1	0
chr7.5782500.5783000	neg	0	1	0	1	1	0	0	1	0	0	1
chr7.6411000.6411500	neg	0	0	0	0	0	0	0	0	0	0	0
chr7.6938000.6938500	neg	0	1	1	0	0	1	1	0	0	1	0
chr7.7073000.7073500	neg	0	1	1	1	1	0	0	1	0	0	1
chr7.7355500.7356000	neg	1	1	0	0	1	0	0	1	0	0	0
chr7.7558000.7558500	neg	1	1	0	0	1	0	0	0	0	1	0
chr7.8700500.8701000	neg	0	1	1	0	0	0	1	0	0	0	0
chr7.9071500.9072000	neg	0	1	0	0	0	0	1	0	0	0	0
chr7.9278500.9279000	neg	0	1	0	1	1	0	0	1	1	1	0
chr7.9524000.9524500	neg	0	1	0	0	1	1	1	1	0	0	1
chr7.9967500.9968000	neg	0	0	1	0	0	1	1	0	1	0	0
chr7.10106000.10106500	neg	0	1	1	0	0	1	1	1	0	0	0
chr7.11181500.11182000	neg	0	1	1	0	0	1	1	1	1	0	0
chr7.11280500.11281000	neg	0	0	0	0	0	0	1	0	1	0	0
chr7.11420500.11421000	neg	0	1	1	0	0	1	1	0	0	0	0
chr7.11466000.11466500	neg	0	0	1	1	0	0	1	0	1	0	0
chr7.11549000.11549500	neg	0	1	0	1	1	0	1	1	1	0	1
chr7.11763500.11764000	neg	0	1	1	1	1	0	1	1	1	0	0
chr7.11811500.11812000	neg	1	1	0	1	1	1	1	1	0	0	1
chr7.12073500.12074000	neg	1	1	0	1	1	1	0	1	1	1	0
chr7.12685500.12686000	neg	1	1	1	1	1	1	0	1	0	0	0
chr7.13855500.13856000	neg	0	1	0	1	0	1	1	1	1	1	1
chr7.13941000.13941500	neg	0	1	0	0	1	0	1	0	1	0	1
chr7.14034500.14035000	neg	1	1	1	1	1	1	0	1	0	0	0
chr7.14091000.14091500	neg	0	1	1	1	1	0	1	0	1	0	0
chr7.15155000.15155500	neg	1	1	0	1	1	1	0	1	0	0	1
chr7.15627000.15627500	neg	1	1	0	1	1	1	0	1	0	0	0
chr7.16109000.16109500	neg	0	0	1	0	0	0	1	0	1	0	0
chr7.16332000.16332500	neg	0	1	0	0	1	1	1	1	1	1	1
chr7.16386500.16387000	neg	0	0	1	0	0	0	1	0	1	0	0
chr7.16493500.16494000	neg	1	1	1	1	1	1	1	1	1	0	0
chr7.17015000.17015500	neg	1	1	0	1	0	1	1	1	1	0	0
chr7.17483000.17483500	neg	0	0	1	0	1	0	1	0	1	0	0
chr7.17541500.17542000	neg	0	1	0	1	1	1	1	1	0	0	1
chr7.17654000.17654500	neg	0	0	1	0	0	0	1	0	1	0	0
chr7.18503500.18504000	neg	0	1	0	0	0	0	1	1	1	1	0
chr7.18562500.18563000	neg	0	0	0	0	0	0	1	0	1	0	0
chr7.18986000.18986500	neg	0	1	1	0	1	0	1	1	1	0	0
chr7.19084500.19085000	neg	1	0	0	0	1	1	0	0	0	0	0
chr7.19960500.19961000	neg	0	1	1	0	1	1	0	1	0	0	0
chr7.19979500.19980000	neg	0	1	0	0	1	1	0	0	0	0	1
chr7.20022500.20023000	neg	0	1	0	1	0	1	1	1	1	0	1
chr7.20248000.20248500	neg	0	0	0	0	0	0	1	0	1	0	0
chr7.20349500.20350000	neg	0	1	1	0	0	0	1	0	0	0	0
chr7.20643000.20643500	neg	0	1	1	0	1	1	1	1	1	0	0
chr7.20898500.20899000	neg	0	1	0	1	1	0	0	1	0	1	0
chr7.21137500.21138000	neg	0	1	0	0	0	1	1	0	1	0	1
chr7.21259500.21260000	neg	0	1	0	0	0	1	1	0	1	0	1
chr7.21299000.21299500	neg	0	0	0	0	0	0	1	0	1	0	0
chr7.21306500.21307000	neg	1	1	1	1	1	1	1	1	1	0	1
chr7.21480500.21481000	neg	1	1	0	1	1	0	1	1	1	1	0
chr7.21535000.21535500	neg	0	1	1	1	1	1	1	0	1	0	1
chr8.310500.311000	neg	0	0	0	0	0	0	1	0	1	0	0
chr8.337000.337500	neg	1	1	1	1	1	0	0	1	1	1	0
chr8.337500.338000	neg	1	1	1	1	1	0	0	1	1	1	0
chr8.381500.382000	neg	0	0	1	0	0	0	1	0	1	0	0
chr8.607000.607500	neg	0	1	1	1	1	0	1	1	1	1	0
chr8.773500.774000	neg	0	0	0	0	0	0	0	0	0	0	0
chr8.897000.897500	neg	0	1	1	1	1	0	1	1	1	0	1
chr8.1085000.1085500	neg	0	1	1	1	1	0	1	0	1	0	1
chr8.1102000.1102500	neg	0	0	0	0	0	0	1	0	1	0	0
chr8.1313500.1314000	neg	0	1	1	1	0	1	1	0	1	0	1
chr8.1460500.1461000	neg	1	1	0	1	1	0	1	1	1	1	1
chr8.2494000.2494500	neg	0	0	0	0	0	0	1	0	1	0	0
chr8.2539500.2540000	neg	0	0	0	0	0	0	1	0	1	0	0
chr8.2602000.2602500	neg	1	1	0	1	1	1	1	1	1	0	0
chr8.2742500.2743000	neg	0	1	0	0	1	1	0	1	0	1	0
chr8.2753000.2753500	neg	0	1	0	0	1	1	0	0	0	1	0
chr8.2949500.2950000	neg	0	1	0	0	0	0	0	0	0	0	0
chr8.2993000.2993500	neg	1	1	1	1	1	1	0	0	0	1	0
chr8.2994000.2994500	neg	1	1	1	1	1	1	0	0	0	1	0
chr8.2999000.2999500	neg	1	1	1	1	1	1	1	1	0	1	0
chr8.3504500.3505000	neg	1	1	0	1	1	0	0	1	0	0	0
chr8.3763500.3764000	neg	0	1	0	1	1	0	1	0	1	0	1
chr8.4090000.4090500	neg	0	1	0	1	0	1	1	0	1	0	0
chr8.4156500.4157000	neg	0	0	0	0	1	1	1	0	1	0	1
chr8.4729000.4729500	neg	0	1	0	1	1	0	1	1	0	1	0
chr8.5021000.5021500	neg	1	1	1	1	1	0	0	1	1	0	0
chr8.5052000.5052500	neg	0	1	1	0	0	1	1	0	0	0	0
chr8.5052500.5053000	neg	0	1	1	0	0	1	1	0	0	0	0
chr8.5631000.5631500	neg	0	1	0	1	1	0	1	1	0	1	0
chr8.5684500.5685000	neg	1	1	0	0	1	0	1	1	0	1	0
chr8.6188500.6189000	neg	1	1	0	1	1	1	0	1	0	0	1
chr8.6573500.6574000	neg	0	1	1	0	1	1	1	1	1	0	1
chr8.7119500.7120000	neg	0	0	1	1	0	0	1	0	1	0	1
chr8.7512500.7513000	neg	0	1	1	1	0	0	1	0	1	0	0
chr8.8344500.8345000	neg	0	0	1	0	0	0	1	0	1	0	0
chr8.9268500.9269000	neg	0	1	1	1	0	0	1	0	1	0	1
chr8.9594500.9595000	neg	0	1	0	1	1	1	1	1	1	0	1
chr8.9625000.9625500	neg	0	1	1	0	1	1	1	1	1	0	1
chr8.9844500.9845000	neg	0	1	1	1	1	1	1	0	1	0	1
chr8.9865000.9865500	neg	0	1	1	1	1	0	1	1	1	0	1
chr8.10222500.10223000	neg	1	1	0	1	1	0	0	1	0	1	0
chr8.10248500.10249000	neg	0	0	0	0	0	1	1	0	1	0	0
chr8.10287000.10287500	neg	1	1	0	1	1	1	0	1	0	1	0
chr8.10981500.10982000	neg	0	1	0	1	1	0	0	1	0	1	0
chr8.11346500.11347000	neg	1	0	0	0	0	0	0	0	0	1	0
chr8.11611500.11612000	neg	0	1	0	1	1	1	1	0	0	0	1
chr8.11683000.11683500	neg	1	1	0	1	1	0	0	1	1	0	0
chr8.11701500.11702000	neg	1	1	0	1	1	0	1	1	0	0	1
chr8.12551500.12552000	neg	1	1	0	1	1	1	0	1	1	1	0
chr8.12631500.12632000	neg	0	1	0	1	1	0	0	1	0	1	0
chr8.12788500.12789000	neg	0	0	1	0	0	0	1	0	1	0	0
chr8.12908500.12909000	neg	0	0	1	1	0	0	1	1	1	0	1
chr8.13207500.13208000	neg	0	1	0	0	1	1	1	1	1	0	0
chr8.13589000.13589500	neg	0	0	0	0	0	0	1	0	1	0	0
chr8.14063000.14063500	neg	1	1	0	1	1	0	0	0	0	1	0
chr8.14378500.14379000	neg	0	1	0	1	1	1	1	1	1	0	1
chr8.14570000.14570500	neg	0	0	1	1	0	1	1	0	1	0	0
chr8.14578000.14578500	neg	0	1	0	1	0	1	1	0	1	0	0
chr8.14596500.14597000	neg	1	1	0	1	1	1	0	1	0	0	1
chr8.15121500.15122000	neg	0	0	0	0	0	0	1	0	1	0	0
chr8.15142500.15143000	neg	1	1	0	1	1	0	0	1	0	1	0
chr8.15357000.15357500	neg	1	1	0	1	1	1	0	1	0	1	0
chr8.15698500.15699000	neg	1	1	1	1	1	1	1	1	0	1	0
chr8.16030000.16030500	neg	0	1	1	1	1	1	1	1	0	0	1
chr8.16034000.16034500	neg	0	1	0	1	1	1	1	1	1	0	1
chr8.16055000.16055500	neg	0	1	1	1	1	1	1	1	1	0	1
chr8.16245500.16246000	neg	0	0	0	0	0	0	0	0	0	0	0
chr8.16269000.16269500	neg	0	0	0	0	0	0	0	0	0	0	0
chr8.16860500.16861000	neg	0	0	0	0	0	0	0	0	0	0	0
chr8.17077500.17078000	neg	0	0	1	0	0	0	1	0	1	1	0
chr8.17078000.17078500	neg	0	1	1	1	1	1	1	1	1	0	1
chr8.17110500.17111000	neg	0	0	1	0	0	1	1	0	0	1	0
chr8.17343000.17343500	neg	0	1	0	1	0	0	1	1	0	1	0
chr8.17654500.17655000	neg	1	1	0	1	1	0	0	1	0	1	0
chr8.18653000.18653500	neg	0	0	0	0	0	0	0	0	0	0	0
chr8.19666000.19666500	neg	0	0	0	0	0	0	0	0	0	0	0
chr8.19666500.19667000	neg	0	0	0	0	0	0	0	0	0	0	0
chr8.20637000.20637500	neg	0	1	0	1	1	0	1	1	1	1	1
chr8.20728000.20728500	neg	0	1	0	1	1	1	1	1	0	1	0
chr8.20896000.20896500	neg	0	1	1	1	1	0	1	1	0	0	1
chr8.20974500.20975000	neg	1	1	0	1	1	0	1	1	1	1	0
chr8.21108500.21109000	neg	1	1	0	1	1	1	1	1	1	0	0
chr8.21146000.21146500	neg	0	1	0	0	0	0	1	0	1	0	1
chrU.1494000.1494500	neg	0	0	0	0	0	0	0	0	0	0	0
chrU.3484000.3484500	neg	0	0	0	0	0	0	0	0	0	0	0
chrU.4500000.4500500	neg	0	0	0	0	0	0	0	0	0	0	0
chrV.1239500.1240000	neg	1	0	1	0	1	1	1	1	1	0	1
chrV.1370500.1371000	neg	0	0	1	0	0	0	1	0	1	0	0
chrV.3409000.3409500	neg	0	0	0	0	0	0	1	0	1	0	0
chrV.5470000.5470500	neg	0	0	0	0	0	0	1	0	1	0	0
chrV.7210500.7211000	neg	0	0	0	0	0	0	0	0	0	0	0
chrV.7249500.7250000	neg	0	0	0	0	0	0	0	0	0	0	0
chrV.7348000.7348500	neg	0	0	0	0	0	0	0	0	0	0	0
chrV.7378000.7378500	neg	0	0	0	0	0	0	0	0	0	0	0
unplaced-scaffold_013.7000.7500	neg	0	0	0	0	0	0	0	0	0	0	0
unplaced-scaffold_035.8500.9000	neg	0	0	0	0	0	0	0	0	0	0	0
unplaced-scaffold_210.6500.7000	neg	0	0	0	0	0	0	0	0	0	0	0
unplaced-scaffold_221.27500.28000	neg	0	0	0	0	0	0	0	0	0	0	0
unplaced-scaffold_260.3000.3500	neg	0	0	0	0	0	0	0	0	0	0	0
unplaced-scaffold_262.500.1000	neg	0	0	0	0	0	0	0	0	0	0	0
unplaced-scaffold_291.2000.2500	neg	0	0	0	0	0	0	0	0	0	0	0
unplaced-scaffold_297.2000.2500	neg	0	0	0	0	0	0	0	0	0	0	0
unplaced-scaffold_308.500.1000	neg	0	0	0	0	0	0	0	0	0	0	0
unplaced-scaffold_405.3500.4000	neg	0	0	0	0	0	0	0	0	0	0	0
unplaced-scaffold_431.2000.2500	neg	1	1	0	1	1	1	0	1	0	0	1
unplaced-scaffold_441.1500.2000	neg	1	1	0	0	1	0	0	0	0	1	0
