peak	Class	H2Aub	H2AZ	H3	H3K4me1	H3K4me3	H3K9ac	H3K9me1	H3K14ac	H3K27me1	H3K27me3	H3K36me3
chr1.264877.265288	pos	1	1	0	1	1	1	1	1	1	0	1
chr1.329934.331716	pos	1	1	0	1	1	0	0	1	0	0	1
chr1.566675.566992	pos	1	1	0	1	1	1	0	1	0	1	0
chr1.722607.722670	pos	0	1	0	1	0	0	1	1	0	0	0
chr1.771255.771371	pos	0	1	0	1	1	1	0	1	1	0	1
chr1.1153851.1154012	pos	0	1	0	1	1	0	0	1	0	0	1
chr1.1368630.1368746	pos	1	1	0	1	1	0	1	0	0	1	0
chr1.2053525.2053757	pos	1	1	0	0	1	1	0	0	0	0	0
chr1.2145637.2145754	pos	0	1	0	1	1	1	1	1	1	0	1
chr1.2228640.2228742	pos	0	1	1	1	1	1	0	1	0	0	1
chr1.2300496.2300644	pos	0	1	0	1	1	1	1	1	0	0	1
chr1.2538927.2539661	pos	0	0	0	1	0	1	0	1	0	0	1
chr1.2687040.2687226	pos	0	0	0	1	0	0	0	1	0	0	1
chr1.3220108.3220415	pos	1	1	0	1	1	1	0	1	0	0	1
chr1.3381286.3382265	pos	0	1	0	1	1	1	1	1	0	0	1
chr1.3528816.3528988	pos	0	1	0	1	1	1	1	1	1	0	1
chr1.3925828.3926064	pos	1	1	0	1	1	0	0	1	0	0	1
chr1.3947385.3947512	pos	0	1	1	1	1	1	1	1	0	0	1
chr1.4437633.4438338	pos	0	0	1	1	0	0	1	1	0	0	1
chr1.4645838.4646067	pos	0	1	0	1	1	0	1	1	0	0	1
chr1.4746356.4746513	pos	0	1	0	1	0	1	1	0	0	0	1
chr1.4993688.4994073	pos	1	1	0	0	1	1	1	0	0	1	1
chr1.5067072.5067176	pos	0	1	0	1	1	1	1	1	1	0	1
chr1.5432261.5432408	pos	0	1	1	1	1	1	0	1	0	0	1
chr1.5667711.5668039	pos	1	1	0	1	1	0	1	1	1	0	1
chr1.6006796.6007073	pos	0	1	0	1	0	0	0	1	0	0	1
chr1.6022409.6022629	pos	1	1	0	1	1	1	1	1	0	0	1
chr1.6080725.6081454	pos	1	1	0	1	1	0	0	1	0	0	0
chr1.6099798.6099978	pos	1	1	0	1	1	1	0	1	1	0	0
chr1.6212503.6213041	pos	0	1	1	1	1	0	1	1	1	0	1
chr1.6735901.6736316	pos	0	1	0	1	0	1	1	1	1	0	1
chr1.6776289.6776389	pos	1	1	0	0	1	0	0	0	0	0	0
chr1.6806212.6806679	pos	0	1	1	1	1	0	1	1	0	0	1
chr1.7013485.7013554	pos	0	1	0	1	0	1	1	0	0	0	1
chr1.7627297.7627917	pos	0	0	1	1	0	0	0	0	0	0	1
chr1.8217239.8217463	pos	0	0	1	1	0	1	0	0	0	0	1
chr1.8644549.8644904	pos	0	1	0	1	1	1	0	1	0	0	1
chr1.8850073.8850383	pos	0	1	1	1	1	1	1	1	1	0	1
chr1.9400758.9400878	pos	0	0	0	1	1	1	0	1	0	0	1
chr1.9497962.9498127	pos	0	1	1	1	0	0	1	0	1	0	0
chr1.9682865.9683052	pos	0	1	0	1	1	1	0	1	0	0	1
chr1.9868489.9868612	pos	1	1	0	0	1	1	0	1	0	0	1
chr1.10635117.10636073	pos	0	0	0	1	0	0	1	1	0	0	1
chr1.10804754.10805685	pos	1	1	0	1	1	1	0	1	0	0	1
chr1.10829821.10830034	pos	0	1	0	0	0	0	1	0	0	0	1
chr1.10869485.10869731	pos	0	1	1	1	1	0	0	1	0	0	1
chr1.10968810.10969645	pos	0	1	0	1	1	1	0	1	0	0	1
chr1.11273180.11273831	pos	0	1	1	1	1	1	1	1	0	0	1
chr1.11455264.11455737	pos	1	1	0	1	1	1	0	1	0	0	1
chr1.11479744.11480054	pos	1	1	0	1	1	0	0	1	0	0	0
chr1.11494309.11494499	pos	0	1	1	1	0	0	1	1	1	0	0
chr1.11745793.11745923	pos	1	1	0	1	1	1	1	1	1	0	0
chr1.11828215.11828410	pos	0	0	1	0	0	0	1	0	1	0	0
chr1.11941035.11941163	pos	0	0	0	0	1	1	0	0	0	0	1
chr1.12401126.12401330	pos	0	1	0	1	0	1	1	1	1	0	1
chr1.12538693.12538805	pos	0	1	0	1	1	1	0	1	0	0	1
chr1.12707289.12708205	pos	1	0	1	0	1	1	0	1	0	0	1
chr1.13072835.13073075	pos	0	1	0	1	1	1	0	1	1	0	1
chr1.13089851.13090215	pos	0	0	1	1	1	1	0	1	0	0	1
chr1.13090344.13090410	pos	0	1	1	1	1	1	1	1	0	0	1
chr1.13101990.13102059	pos	0	0	0	1	0	1	0	0	0	0	1
chr1.13117843.13118164	pos	1	1	0	0	1	0	1	1	1	0	1
chr1.13126517.13126828	pos	0	1	0	1	1	0	1	1	0	0	1
chr1.13159584.13159777	pos	0	0	0	1	0	0	0	0	0	0	1
chr1.13160062.13161101	pos	0	1	1	1	1	1	1	1	1	0	1
chr1.13301650.13301827	pos	0	1	1	1	1	1	1	1	1	0	1
chr1.13691466.13691541	pos	0	0	0	0	0	0	1	0	1	0	0
chr1.13857811.13857987	pos	1	1	0	0	1	1	0	1	0	0	1
chr1.14204453.14204520	pos	0	0	0	0	0	0	1	0	1	0	0
chr1.15123997.15124370	pos	0	0	1	1	0	0	1	0	0	0	1
chr1.15460453.15460939	pos	0	1	0	1	1	1	1	1	0	0	1
chr1.15697331.15697732	pos	1	1	0	1	1	1	1	1	0	1	1
chr1.16206295.16206444	pos	0	1	0	0	0	0	1	0	1	0	0
chr1.16249737.16249882	pos	0	1	1	1	0	0	1	1	0	0	1
chr1.16309153.16309274	pos	0	1	0	1	1	1	1	1	1	0	1
chr1.16485790.16486371	pos	1	1	0	1	1	1	0	1	0	0	1
chr1.16666802.16668493	pos	0	0	0	1	1	1	1	1	0	0	1
chr1.16691395.16691697	pos	1	0	1	1	1	1	0	1	0	0	1
chr1.16723392.16723970	pos	0	1	1	1	1	0	1	1	1	0	1
chr1.17120930.17121069	pos	0	1	1	1	1	0	1	1	1	0	1
chr1.17517064.17517322	pos	0	1	0	1	1	1	1	1	0	0	1
chr1.17804973.17805084	pos	1	1	0	1	1	1	1	1	1	0	1
chr1.18119831.18121789	pos	0	1	0	1	1	0	1	1	1	0	1
chr1.18465846.18466006	pos	0	1	0	1	0	0	1	0	0	0	1
chr1.18505704.18505866	pos	1	0	0	0	1	0	0	0	0	1	0
chr1.18736812.18736929	pos	1	1	0	1	1	1	0	1	0	0	1
chr1.18929578.18929854	pos	0	0	0	0	1	1	0	1	0	0	1
chr1.19040496.19040671	pos	0	0	0	1	0	1	1	1	0	0	1
chr1.19040798.19040959	pos	0	1	0	1	0	1	1	1	0	0	1
chr1.19755271.19755578	pos	0	1	1	1	0	1	1	1	1	0	1
chr1.20142436.20144519	pos	1	1	0	1	1	1	0	1	0	0	1
chr1.20154536.20154807	pos	0	1	0	1	1	0	0	1	0	0	1
chr1.20191269.20191421	pos	0	1	1	0	0	0	1	1	1	0	0
chr1.21283024.21283239	pos	0	1	0	1	1	1	1	1	0	0	1
chr1.21291257.21291674	pos	0	1	0	1	1	1	1	1	0	0	1
chr1.21291786.21292042	pos	0	1	0	1	1	0	0	1	0	0	1
chr1.21728182.21728290	pos	1	1	0	1	1	1	0	1	1	0	1
chr1.21973599.21973688	pos	0	1	0	1	1	0	1	1	0	0	1
chr1.22090197.22090367	pos	1	1	0	0	1	0	0	1	1	0	0
chr1.22117085.22117249	pos	0	0	0	1	1	0	0	1	0	0	1
chr1.22117417.22118550	pos	0	1	0	1	1	1	1	1	1	0	1
chr1.22214256.22214466	pos	1	1	0	1	1	1	1	1	1	0	1
chr1.22629701.22629919	pos	0	1	0	0	0	0	1	0	1	0	0
chr1.23778093.23778177	pos	0	0	0	0	0	0	1	0	1	0	0
chr1.24142966.24143081	pos	1	1	0	1	0	0	0	1	0	0	0
chr1.24321482.24321671	pos	0	0	1	1	0	1	0	0	0	0	1
chr1.24497401.24497648	pos	0	1	1	1	1	1	1	1	1	0	1
chr1.24545906.24546740	pos	1	1	0	1	1	0	1	1	1	0	0
chr1.25092066.25092305	pos	0	1	1	1	1	1	0	1	0	0	1
chr1.25092471.25093237	pos	0	1	1	1	1	0	0	1	1	0	1
chr1.25164521.25164633	pos	0	1	0	1	1	1	1	0	0	0	1
chr1.25202679.25202962	pos	0	1	0	1	1	1	1	1	1	0	1
chr1.25203038.25203276	pos	0	1	0	1	1	1	1	1	1	0	1
chr1.25877048.25878323	pos	0	1	1	1	1	1	1	1	1	0	1
chr1.25922879.25923160	pos	0	1	0	1	1	0	0	1	0	0	1
chr1.25978613.25979203	pos	1	1	0	1	1	1	0	1	0	0	1
chr1.26589070.26589286	pos	0	0	0	0	0	0	1	0	0	0	0
chr1.26890551.26890723	pos	0	1	0	1	0	1	1	0	0	0	1
chr1.27078100.27078874	pos	0	1	1	1	1	1	1	1	1	0	1
chr1.27092686.27093520	pos	0	1	1	1	1	1	1	1	0	0	1
chr1.27093661.27093809	pos	0	1	1	1	1	1	1	1	1	0	1
chr1.27105369.27105504	pos	0	1	1	1	1	0	1	1	1	1	1
chr1.27522120.27522397	pos	0	0	0	1	1	1	0	1	1	0	1
chr1.27892578.27893106	pos	1	1	1	0	1	0	0	0	0	1	0
chr1.28045481.28046728	pos	1	0	1	1	1	0	0	1	0	0	1
chr1.28046818.28046939	pos	0	0	0	1	1	0	0	1	0	0	1
chr1.28086159.28086310	pos	0	0	0	1	0	1	0	1	0	0	1
chr1.28115639.28116663	pos	1	1	1	1	1	1	0	1	0	0	1
chr1.28161927.28162260	pos	0	1	0	0	0	1	1	1	0	0	0
chr1.28395422.28395547	pos	1	1	0	1	1	1	0	1	0	1	0
chr1.28441521.28441639	pos	0	0	0	0	0	0	1	0	1	1	0
chr1.28451280.28451399	pos	0	1	1	1	0	0	1	0	0	1	1
chr1.28532070.28532194	pos	0	1	0	1	0	0	0	1	0	0	0
chr1.28998441.28998600	pos	0	1	1	1	0	0	1	0	1	1	1
chr1.29007884.29008064	pos	0	1	1	1	0	1	1	1	1	0	1
chr1.29202587.29202806	pos	0	1	1	1	1	1	1	1	1	0	1
chr1.29355615.29355847	pos	0	1	1	1	1	0	1	1	0	1	1
chr1.29577415.29577607	pos	0	1	0	1	0	0	1	1	1	0	1
chr1.30180466.30180667	pos	0	1	0	1	1	0	1	1	1	0	1
chr2.22852.22953	pos	0	0	0	0	0	0	1	0	1	0	0
chr2.667079.667220	pos	0	1	1	1	0	1	1	1	1	0	0
chr2.793258.793526	pos	1	1	0	1	1	0	1	1	1	1	0
chr2.1012718.1012846	pos	0	0	0	0	0	0	1	0	1	0	0
chr2.1017364.1017541	pos	0	1	0	1	1	1	1	1	1	0	1
chr2.1018007.1018488	pos	0	1	0	1	1	1	1	1	1	0	1
chr2.1018660.1018974	pos	0	0	0	1	1	0	0	0	0	0	1
chr2.1097664.1097902	pos	1	1	1	1	0	0	1	0	1	0	0
chr2.1308159.1308407	pos	0	1	0	1	0	0	1	1	0	0	1
chr2.1371846.1372148	pos	0	0	0	0	0	0	1	0	1	0	0
chr2.1481219.1481434	pos	0	1	0	1	1	0	1	1	1	0	1
chr2.1500235.1500640	pos	1	1	0	1	1	1	1	1	1	1	1
chr2.2349903.2350185	pos	0	1	1	1	1	1	0	0	0	0	1
chr2.2409232.2409593	pos	0	1	0	1	0	0	1	1	0	0	1
chr2.2436589.2436786	pos	1	1	1	1	1	0	1	1	1	0	0
chr2.3009433.3011935	pos	1	1	1	1	1	1	1	1	1	0	0
chr2.3460129.3460304	pos	0	1	0	1	0	1	0	1	0	0	1
chr2.3586971.3587091	pos	0	1	1	0	0	1	1	1	1	0	0
chr2.4166563.4166704	pos	0	1	0	1	0	0	1	1	0	0	0
chr2.4167013.4167688	pos	0	1	0	1	0	0	0	1	0	0	0
chr2.4207007.4207113	pos	1	1	0	0	1	1	0	1	0	0	0
chr2.4229490.4229821	pos	1	1	1	1	1	1	1	1	0	0	1
chr2.4230039.4230220	pos	1	1	0	1	1	1	0	1	0	0	1
chr2.4233148.4233246	pos	1	1	0	1	1	1	1	1	0	0	1
chr2.4603324.4603675	pos	1	1	0	1	1	0	0	1	0	0	0
chr2.4890704.4890941	pos	0	1	1	1	1	1	1	1	0	0	1
chr2.5112407.5114922	pos	0	1	0	1	1	0	0	1	0	0	1
chr2.5444162.5444299	pos	0	1	1	1	1	0	0	1	1	0	1
chr2.5713514.5713761	pos	1	1	0	1	0	0	1	1	0	1	0
chr2.5719535.5719828	pos	0	1	0	1	1	0	1	1	0	1	1
chr2.6239106.6239388	pos	0	1	1	1	1	0	0	1	0	0	1
chr2.6404632.6404741	pos	0	0	0	1	0	0	0	0	0	0	1
chr2.6404923.6405052	pos	0	0	0	1	0	0	1	0	0	0	1
chr2.6622442.6622548	pos	0	1	1	1	0	1	1	0	0	1	0
chr2.6698503.6698895	pos	1	1	1	1	1	1	1	1	1	0	1
chr2.6725705.6725934	pos	1	1	1	1	1	0	0	1	0	1	0
chr2.6884567.6884850	pos	1	1	0	1	1	0	1	1	1	1	0
chr2.7224332.7224458	pos	0	1	0	1	1	1	1	1	0	0	1
chr2.7224630.7225205	pos	0	1	0	1	1	1	1	1	0	0	1
chr2.7797329.7797398	pos	0	1	0	0	0	0	1	0	0	1	0
chr2.7870525.7870595	pos	1	1	0	0	1	1	0	0	0	1	0
chr2.7968167.7968407	pos	1	1	1	1	1	1	1	1	1	1	1
chr2.7968561.7968696	pos	1	1	1	1	1	1	1	1	1	1	1
chr2.8097928.8098783	pos	0	1	0	1	1	1	0	1	0	0	1
chr2.8202465.8202907	pos	0	1	0	0	0	0	1	0	1	0	0
chr2.8257504.8257631	pos	1	1	0	0	0	0	1	1	1	0	0
chr2.8263572.8263682	pos	0	1	0	1	1	0	1	0	0	0	1
chr2.8278001.8278540	pos	0	1	0	1	1	0	0	1	0	0	1
chr2.8307340.8307631	pos	0	1	0	1	1	1	1	1	1	0	1
chr2.8369772.8369904	pos	0	1	0	1	0	0	1	1	0	0	1
chr2.8454564.8454888	pos	0	1	0	0	1	0	1	1	1	0	0
chr2.8752107.8752900	pos	0	1	0	0	1	1	0	1	0	0	1
chr2.9154962.9155268	pos	0	1	1	1	1	1	1	1	1	0	0
chr2.9376741.9376950	pos	0	1	0	0	1	1	0	1	0	0	1
chr2.9528684.9528873	pos	0	1	0	1	1	1	1	1	1	0	1
chr2.9537106.9537566	pos	0	0	1	1	1	1	0	1	0	0	1
chr2.9915564.9915740	pos	0	1	1	1	1	1	1	1	0	1	1
chr2.10214617.10214832	pos	1	1	0	1	1	1	0	1	0	0	1
chr2.10300900.10301101	pos	0	1	1	1	1	1	1	1	1	1	1
chr2.10423691.10424027	pos	1	1	0	0	1	0	1	0	0	0	1
chr2.10510041.10510542	pos	0	1	1	1	1	1	1	1	0	0	1
chr2.10521895.10521999	pos	0	0	0	1	1	0	0	0	0	0	1
chr2.10525456.10525868	pos	0	1	0	1	0	0	1	0	0	1	0
chr2.10955809.10956114	pos	1	1	0	0	1	0	1	1	1	0	0
chr2.11083137.11083433	pos	0	1	0	1	1	1	1	1	1	0	1
chr2.11100177.11100340	pos	0	1	0	1	0	0	1	1	0	0	1
chr2.11302306.11302432	pos	1	1	1	1	1	0	0	1	0	0	1
chr2.12091128.12091303	pos	1	1	0	1	1	1	0	1	0	0	0
chr2.12142383.12142508	pos	1	1	1	1	1	0	0	1	1	0	0
chr2.12379346.12379522	pos	0	1	1	1	0	0	1	0	1	1	0
chr2.13199897.13200068	pos	0	0	1	1	1	0	0	1	0	0	1
chr2.13424300.13424514	pos	0	1	0	1	1	1	1	1	1	0	1
chr2.13753553.13754508	pos	0	1	1	1	1	1	1	1	1	0	1
chr2.13771625.13771940	pos	0	1	1	1	0	0	1	1	1	0	0
chr2.13791577.13791793	pos	0	1	0	0	0	0	1	1	1	0	0
chr2.13869915.13870297	pos	0	1	0	1	0	0	1	1	1	0	0
chr2.14777730.14778005	pos	1	1	0	1	1	0	1	1	0	0	1
chr2.14870137.14870407	pos	0	0	0	1	0	1	1	1	1	0	1
chr2.14870540.14870651	pos	0	1	0	1	0	1	1	1	1	0	1
chr2.14871157.14871768	pos	0	1	0	1	0	0	1	1	1	0	1
chr2.15049295.15049729	pos	1	1	1	0	1	1	0	0	0	0	0
chr2.15051217.15051338	pos	1	1	0	0	1	1	0	0	0	1	0
chr2.15103817.15103979	pos	1	1	0	1	1	0	0	1	0	0	1
chr2.15397740.15397972	pos	0	1	1	1	1	1	0	1	0	0	1
chr2.16253780.16254281	pos	0	1	1	1	1	1	1	1	1	0	1
chr2.16539047.16539152	pos	0	1	0	1	1	0	0	1	0	0	1
chr2.16674499.16674724	pos	0	0	0	1	0	0	0	0	0	0	1
chr2.16815556.16815786	pos	1	1	1	1	1	1	0	1	0	0	1
chr2.17529731.17530122	pos	0	1	0	1	1	1	1	1	1	0	1
chr2.17941667.17942113	pos	0	1	0	1	1	0	1	1	0	0	1
chr2.17942225.17942344	pos	0	0	0	1	0	0	1	1	1	0	1
chr2.18005630.18006476	pos	0	1	0	1	1	0	1	1	1	0	1
chr2.18063281.18063603	pos	0	1	1	0	0	0	1	0	0	0	0
chr2.18081821.18081972	pos	0	1	1	1	0	0	1	0	1	0	0
chr2.18112097.18112206	pos	0	1	1	1	1	1	1	1	1	0	1
chr2.18881411.18881641	pos	0	0	0	1	1	0	0	0	0	0	1
chr2.18999386.18999720	pos	0	1	1	0	0	0	1	0	0	0	1
chr2.19891163.19891276	pos	0	1	1	1	0	1	1	1	0	0	1
chr2.20166797.20167368	pos	0	1	0	1	0	0	1	0	1	0	0
chr2.20961996.20962412	pos	0	1	0	1	1	0	0	1	0	1	1
chr2.21384213.21384538	pos	1	1	0	0	1	1	0	1	1	0	1
chr2.21497819.21498177	pos	0	1	1	1	1	1	0	1	0	0	1
chr2.21693771.21694202	pos	1	1	1	1	1	1	1	1	1	0	0
chr2.21755156.21755385	pos	1	1	0	1	1	0	0	1	1	0	0
chr2.22702962.22703251	pos	1	1	0	1	1	1	1	1	1	0	1
chr2.23312155.23312387	pos	0	1	0	0	0	1	1	0	1	0	0
chr2.23360484.23360690	pos	0	1	0	1	0	1	0	1	0	0	1
chr2.24116165.24117442	pos	0	1	0	1	1	1	1	1	1	0	1
chr2.24271384.24271486	pos	0	1	0	0	0	0	1	0	1	0	0
chr2.24301975.24302155	pos	0	0	0	1	1	0	0	1	0	0	1
chr2.24565165.24565297	pos	0	1	0	0	0	0	1	0	1	0	0
chr2.24666306.24666660	pos	1	1	0	1	1	0	1	1	1	0	0
chr2.24672396.24672498	pos	0	1	0	1	0	0	1	1	1	0	0
chr2.24767095.24767284	pos	1	1	0	1	1	1	0	1	0	0	0
chr2.24768031.24769813	pos	1	1	0	1	1	1	0	1	0	0	0
chr2.24769969.24770465	pos	1	1	0	1	1	1	1	1	0	1	0
chr2.24806052.24806276	pos	1	1	0	1	1	0	1	1	1	0	0
chr2.24915429.24915606	pos	1	1	1	1	1	1	1	1	0	0	1
chr2.24924676.24924832	pos	0	1	0	1	1	1	1	1	1	1	0
chr2.25490520.25490697	pos	0	1	0	1	0	0	1	1	1	0	1
chr2.25962026.25962235	pos	1	0	0	0	0	1	0	0	0	0	1
chr2.25974583.25975150	pos	1	1	0	1	1	1	0	1	0	0	1
chr2.26088134.26088335	pos	0	1	0	1	1	0	0	1	0	0	1
chr2.26189242.26189742	pos	1	1	0	1	1	1	0	0	0	1	0
chr2.26535918.26536027	pos	0	1	0	1	1	1	0	1	0	0	1
chr2.27058863.27058975	pos	1	0	0	0	1	0	0	0	0	0	1
chr2.27273644.27273807	pos	0	1	1	1	0	0	1	1	1	0	0
chr2.27318644.27318749	pos	0	1	0	1	1	0	0	1	0	0	1
chr2.27746449.27747067	pos	1	1	0	1	1	1	0	1	0	0	1
chr2.27981393.27981987	pos	1	1	0	1	1	1	1	1	0	0	1
chr2.28836804.28837149	pos	1	1	0	1	1	0	1	0	0	1	0
chr2.28965065.28965209	pos	1	1	0	1	1	0	0	0	0	1	0
chr2.29361384.29361507	pos	0	1	0	1	0	0	1	0	1	0	1
chr3.493104.493514	pos	1	1	0	1	1	1	1	1	1	0	0
chr3.1118705.1118883	pos	1	0	0	0	1	1	0	1	0	0	1
chr3.1223710.1223941	pos	0	1	1	1	1	1	0	1	0	0	1
chr3.1299018.1299155	pos	0	0	0	0	0	0	0	0	0	0	0
chr3.1652504.1652654	pos	1	1	0	0	1	0	0	0	0	0	0
chr3.1827983.1828554	pos	0	1	0	1	1	1	0	1	0	0	1
chr3.2281639.2282199	pos	0	1	0	1	1	1	0	1	0	0	1
chr3.2524703.2525688	pos	1	1	1	1	1	1	1	1	0	0	1
chr3.2542193.2542341	pos	1	1	1	1	1	1	1	0	1	0	0
chr3.2686587.2687071	pos	0	1	0	1	1	1	0	1	0	0	1
chr3.2828814.2829005	pos	0	0	0	1	1	1	0	1	0	0	0
chr3.3826316.3826455	pos	1	1	0	1	1	1	0	1	1	1	0
chr3.4234297.4235408	pos	0	1	1	1	0	1	1	1	1	0	1
chr3.4292236.4292475	pos	0	1	1	1	0	1	1	0	0	0	1
chr3.4308897.4309213	pos	0	1	0	0	0	0	1	0	1	0	0
chr3.4435393.4435491	pos	0	0	0	0	0	0	1	0	0	1	0
chr3.4787806.4788002	pos	0	0	1	1	0	0	1	1	1	0	1
chr3.4900247.4900413	pos	1	1	0	0	1	1	0	0	0	1	0
chr3.4936605.4937246	pos	0	1	1	1	1	0	1	1	1	1	0
chr3.4963280.4963425	pos	0	1	1	1	1	1	1	1	0	1	1
chr3.4963711.4964346	pos	1	1	0	1	1	1	1	1	0	1	1
chr3.5522584.5522864	pos	0	1	1	1	1	1	1	1	1	0	1
chr3.5738379.5738801	pos	0	0	1	1	1	1	1	1	0	0	1
chr3.5884062.5884887	pos	1	1	0	1	1	1	0	1	0	0	0
chr3.6557286.6557525	pos	1	1	0	1	1	0	0	1	1	0	1
chr3.7394118.7394280	pos	0	1	1	1	1	1	0	1	0	0	1
chr3.7394533.7394657	pos	0	1	0	1	1	1	0	1	0	0	1
chr3.7811445.7811594	pos	0	0	0	0	0	0	1	0	1	0	0
chr3.7820135.7820363	pos	1	1	0	1	1	1	0	1	0	0	0
chr3.7931705.7931920	pos	1	1	0	1	1	1	0	1	0	0	0
chr3.8153723.8153990	pos	1	0	0	0	1	0	0	0	0	0	0
chr3.8410382.8410714	pos	0	1	0	1	1	0	1	1	1	0	1
chr3.8583968.8584291	pos	0	1	0	1	1	1	1	1	1	0	1
chr3.8867873.8868542	pos	1	1	0	0	1	1	0	0	0	0	0
chr3.8893133.8893975	pos	1	1	1	1	1	1	0	1	0	0	1
chr3.8899520.8899726	pos	0	1	0	1	1	0	1	0	1	0	1
chr3.8909284.8910232	pos	0	0	0	1	1	0	1	1	1	0	1
chr3.8932987.8933833	pos	1	1	0	0	1	1	1	1	0	0	1
chr3.9173065.9173315	pos	1	1	1	1	1	1	1	1	1	1	1
chr3.9413375.9413635	pos	1	1	0	1	1	1	0	1	0	0	1
chr3.9819345.9819452	pos	1	1	0	1	1	1	1	1	0	1	0
chr3.9858764.9858970	pos	1	1	0	1	1	0	1	1	0	1	0
chr3.10136525.10136614	pos	0	1	0	0	0	0	1	0	1	1	0
chr3.10175076.10175414	pos	0	1	0	0	0	0	1	1	1	0	0
chr3.10195107.10196362	pos	0	0	0	1	1	0	1	1	0	1	1
chr3.10474185.10474289	pos	0	1	0	1	0	0	0	0	0	0	1
chr3.10476085.10476455	pos	0	1	0	1	0	0	1	1	0	0	1
chr3.10598477.10598592	pos	1	1	0	1	0	1	0	1	0	0	1
chr3.10976368.10976604	pos	0	1	0	1	1	1	0	1	0	0	1
chr3.11048296.11048433	pos	0	0	1	1	1	0	0	1	0	0	1
chr3.11049017.11049312	pos	0	1	0	1	1	0	1	1	1	0	1
chr3.11092578.11092752	pos	0	0	0	0	0	1	0	0	0	0	0
chr3.11243160.11243528	pos	1	1	0	1	1	0	1	1	0	1	0
chr3.11303128.11303289	pos	0	1	1	0	0	0	1	0	1	0	0
chr3.11445779.11446719	pos	0	1	0	1	0	1	1	0	0	0	1
chr3.11865098.11865212	pos	0	1	0	1	0	1	1	1	0	0	1
chr3.12614342.12614567	pos	0	1	1	0	0	0	1	1	1	1	0
chr3.12643150.12643251	pos	0	1	1	1	0	1	1	1	1	0	1
chr3.12669269.12669595	pos	1	1	1	0	1	1	0	1	0	0	0
chr3.13692009.13692218	pos	0	1	1	1	1	1	1	1	0	0	1
chr3.13764488.13765063	pos	1	1	1	1	1	0	0	1	1	0	0
chr3.14021384.14022463	pos	0	1	0	1	1	1	0	1	0	0	1
chr3.14281867.14281990	pos	1	1	0	1	1	0	0	0	0	0	0
chr3.14476516.14476712	pos	0	1	0	1	1	1	1	1	1	0	0
chr3.14487358.14487668	pos	0	1	1	1	1	1	1	1	1	0	0
chr3.14588688.14588789	pos	0	1	0	1	0	0	1	1	0	1	1
chr3.14588924.14589218	pos	0	1	0	1	0	0	1	1	0	1	1
chr3.14596069.14596545	pos	0	1	0	1	1	1	1	1	0	0	1
chr3.14751752.14752206	pos	0	1	0	1	1	0	1	1	0	0	1
chr3.14839200.14839519	pos	1	1	0	1	1	1	0	1	1	0	0
chr3.15125091.15125621	pos	1	1	0	0	1	0	0	0	0	0	0
chr3.15276859.15277340	pos	0	0	0	1	1	0	1	1	1	0	1
chr3.15277505.15277658	pos	0	1	0	1	1	0	1	1	1	0	1
chr3.15328714.15330189	pos	0	0	1	1	1	0	1	1	0	0	1
chr3.15607570.15608508	pos	1	1	0	1	1	1	0	1	1	0	0
chr3.15700131.15700240	pos	0	1	0	1	1	0	0	1	0	0	1
chr3.15741399.15741930	pos	0	1	1	1	1	1	0	1	0	0	1
chr3.17037144.17037624	pos	0	1	0	1	1	1	1	1	1	0	1
chr3.17737507.17737650	pos	1	1	0	1	1	1	0	1	0	1	0
chr3.18503613.18503728	pos	0	1	1	1	0	1	0	1	0	0	1
chr3.18582301.18582513	pos	0	1	0	1	1	1	1	1	1	0	0
chr3.19911006.19911774	pos	1	1	0	0	1	0	0	0	0	1	0
chr3.19923344.19923518	pos	1	1	1	1	1	1	0	1	0	0	0
chr3.20093716.20094156	pos	0	1	0	1	1	1	0	1	0	0	1
chr3.20216856.20217007	pos	0	1	0	0	0	0	1	0	1	0	0
chr3.20235024.20235210	pos	1	1	0	1	1	1	1	1	0	0	0
chr3.20353949.20354063	pos	0	1	0	0	1	1	0	1	0	0	0
chr3.20419650.20419758	pos	0	0	0	1	0	0	0	1	0	0	1
chr3.20836133.20836325	pos	0	1	0	1	0	0	0	1	0	0	1
chr3.21059325.21059436	pos	0	1	0	1	1	1	1	1	0	0	1
chr3.21206760.21206898	pos	0	0	1	0	0	0	1	1	1	0	0
chr3.21214306.21214432	pos	0	1	0	1	1	1	1	1	0	0	1
chr3.21483275.21483605	pos	0	1	1	1	1	1	1	1	1	0	1
chr3.21553540.21554067	pos	0	1	0	1	1	1	0	1	0	0	1
chr3.21656911.21657202	pos	1	1	0	0	1	0	0	1	1	0	0
chr3.22397483.22397633	pos	0	1	1	1	1	1	1	1	1	1	0
chr3.22991215.22991475	pos	1	1	0	1	1	1	0	1	0	0	0
chr3.23411650.23411923	pos	0	1	0	1	0	0	1	1	1	0	0
chr3.23462163.23462296	pos	0	1	0	1	0	0	1	1	1	0	0
chr3.23642466.23642599	pos	0	1	0	1	1	1	0	1	0	0	1
chr3.23790049.23790256	pos	1	1	0	0	1	1	1	1	1	0	0
chr3.24365442.24365520	pos	0	1	0	1	0	0	0	1	0	0	1
chr3.24602355.24602492	pos	1	1	1	1	1	0	1	1	1	1	1
chr3.24748821.24748978	pos	0	1	1	1	1	0	1	0	1	0	1
chr3.24825157.24825749	pos	0	0	0	1	0	0	0	0	1	0	1
chr3.25277188.25277425	pos	0	0	1	1	1	0	1	1	0	0	1
chr3.25305053.25305450	pos	0	1	0	1	1	1	1	1	1	0	1
chr3.25666708.25667060	pos	1	1	0	1	1	1	1	1	0	0	1
chr3.26034922.26035076	pos	0	1	1	1	1	0	1	1	0	1	0
chr3.26488704.26488869	pos	1	1	0	0	1	1	0	1	0	0	0
chr3.26920155.26920329	pos	0	0	1	1	1	0	0	0	1	0	1
chr3.26920675.26920754	pos	0	0	1	1	1	0	1	0	1	0	1
chr4.20517.20628	pos	0	0	1	0	0	0	1	0	1	0	0
chr4.441111.441322	pos	1	1	0	1	0	1	1	1	0	0	0
chr4.510762.510835	pos	0	1	1	1	1	1	1	0	1	1	1
chr4.1097335.1097729	pos	0	0	1	1	0	0	1	0	0	0	1
chr4.1247220.1247390	pos	1	1	0	1	1	0	0	1	0	0	1
chr4.1333530.1334270	pos	0	0	0	1	1	0	0	0	0	0	1
chr4.1710780.1711460	pos	0	1	0	1	0	0	1	0	0	0	0
chr4.2122809.2122962	pos	1	1	0	0	1	1	0	1	0	1	0
chr4.2525622.2526114	pos	0	1	0	1	1	1	1	1	1	0	1
chr4.2714217.2714403	pos	1	1	0	1	0	0	1	1	1	0	0
chr4.4385236.4385304	pos	0	1	0	0	0	0	1	0	1	0	0
chr4.4728723.4728953	pos	0	1	1	1	1	0	1	0	1	0	0
chr4.5192209.5192305	pos	0	1	0	0	0	1	1	1	1	0	0
chr4.5478972.5479098	pos	1	1	0	1	1	0	0	1	0	0	0
chr4.5587380.5587674	pos	1	1	0	0	0	1	0	0	0	0	0
chr4.6292850.6293015	pos	1	1	1	1	1	1	1	1	0	0	1
chr4.6300811.6300966	pos	0	1	1	1	0	0	1	1	0	0	0
chr4.6335033.6335160	pos	0	1	0	1	1	1	1	1	0	0	1
chr4.6821873.6822007	pos	0	1	0	1	1	1	1	1	1	0	1
chr4.6995213.6996095	pos	0	1	1	1	1	1	1	1	0	0	1
chr4.7090308.7090556	pos	1	1	0	1	1	1	0	1	0	0	1
chr4.7755331.7756111	pos	1	1	0	1	1	1	0	1	0	0	0
chr4.7788245.7788578	pos	0	1	1	1	1	1	0	1	0	0	0
chr4.7788723.7788870	pos	0	1	1	1	1	1	0	1	0	0	0
chr4.7969217.7969473	pos	0	1	0	1	1	1	1	1	0	1	1
chr4.8094887.8095089	pos	0	1	0	1	1	1	1	1	1	1	1
chr4.8628074.8628225	pos	0	1	0	1	1	0	1	0	0	1	0
chr4.9138983.9139560	pos	1	1	0	1	1	0	1	1	0	1	1
chr4.9539097.9539195	pos	0	1	0	1	0	0	1	1	0	1	1
chr4.9596243.9596399	pos	0	1	0	1	0	1	0	1	0	0	1
chr4.9656845.9656981	pos	0	1	0	1	0	1	1	1	1	1	0
chr4.9724305.9724829	pos	0	1	0	1	0	1	1	0	1	0	1
chr4.9724954.9725181	pos	0	0	0	1	0	0	0	0	0	0	1
chr4.9998122.9998348	pos	0	0	0	1	1	1	0	1	0	0	1
chr4.10185617.10185935	pos	0	1	1	1	1	0	1	1	0	0	1
chr4.10355465.10355695	pos	0	1	1	1	1	1	1	1	1	0	0
chr4.10399349.10399524	pos	0	1	0	1	0	0	1	0	1	0	0
chr4.10575937.10576172	pos	0	1	0	1	1	1	1	1	0	1	1
chr4.11152936.11153121	pos	0	0	1	0	0	0	1	0	1	0	0
chr4.11488693.11488792	pos	1	1	0	1	1	0	0	1	0	1	0
chr4.12359221.12359366	pos	0	1	0	1	0	0	1	1	1	0	1
chr4.12359606.12359964	pos	0	0	0	1	0	0	0	0	0	0	1
chr4.12468342.12468455	pos	1	1	0	1	1	1	0	1	0	0	0
chr4.12582021.12582167	pos	0	0	0	0	1	1	0	0	0	0	1
chr4.13310148.13310249	pos	0	0	1	1	1	0	0	1	0	0	1
chr4.13534154.13534420	pos	0	1	0	1	1	1	1	1	0	0	1
chr4.13672542.13673495	pos	1	1	0	1	1	1	1	1	1	0	1
chr4.14292341.14292552	pos	0	1	1	1	1	0	0	1	0	1	1
chr4.14329550.14329786	pos	0	1	0	1	1	0	1	1	1	1	1
chr4.14393704.14394419	pos	0	1	0	1	1	1	0	1	0	0	1
chr4.16100027.16100710	pos	1	1	0	1	1	0	0	1	0	0	1
chr4.16127029.16127249	pos	0	1	0	1	1	0	0	1	0	0	1
chr4.16483999.16484156	pos	0	1	0	1	0	0	1	1	0	0	1
chr4.16484553.16484724	pos	0	1	0	1	1	0	0	1	0	0	1
chr4.17187430.17187643	pos	0	1	0	1	1	1	1	1	1	1	1
chr4.17351487.17351629	pos	0	1	1	1	0	0	1	1	0	0	1
chr4.17772003.17772613	pos	0	1	1	1	1	1	1	1	0	0	1
chr4.17773212.17773698	pos	0	1	1	1	1	1	1	1	0	0	1
chr4.17799333.17799642	pos	1	1	0	1	1	1	0	1	0	0	1
chr4.17990946.17991263	pos	1	1	0	1	1	0	0	1	0	1	0
chr4.18133037.18133169	pos	1	1	1	1	1	1	1	1	1	0	1
chr4.18133327.18133742	pos	0	1	1	1	1	1	1	1	1	0	1
chr4.18195502.18196072	pos	1	1	0	1	1	1	0	1	0	0	0
chr4.18535171.18535321	pos	1	1	0	1	1	0	0	1	1	1	0
chr4.19368531.19368826	pos	1	1	1	1	0	1	0	1	1	0	0
chr4.19420006.19420458	pos	0	1	0	1	1	1	1	1	0	0	1
chr4.19525880.19525979	pos	0	0	0	1	0	0	0	1	0	0	1
chr4.19683576.19684169	pos	0	1	1	1	0	0	1	1	1	0	1
chr4.19747511.19747953	pos	1	1	0	1	1	1	1	1	1	0	0
chr4.19840992.19841151	pos	0	0	0	0	0	0	1	0	1	1	0
chr4.19849862.19849934	pos	0	1	1	0	0	0	1	0	1	1	0
chr4.20459683.20460294	pos	1	1	1	1	1	1	1	1	1	0	1
chr4.20805559.20805775	pos	1	1	0	1	1	1	0	1	0	1	0
chr4.20851616.20851753	pos	1	1	0	1	1	0	0	1	0	1	0
chr4.20951983.20952118	pos	0	1	0	1	1	0	1	1	1	1	1
chr4.21431076.21432260	pos	1	1	1	1	1	1	1	1	1	0	1
chr4.21653308.21653465	pos	0	1	1	1	0	1	1	1	0	0	1
chr4.21745353.21745675	pos	1	1	0	1	1	1	0	1	0	0	1
chr4.22269731.22269944	pos	0	0	0	0	0	0	1	0	1	0	0
chr4.22448920.22449212	pos	0	0	0	1	0	0	0	1	0	0	0
chr4.23520247.23520999	pos	1	1	0	1	1	1	0	1	0	0	1
chr4.23546293.23546448	pos	0	1	0	1	1	1	1	1	0	0	0
chr4.24303836.24303908	pos	0	1	0	1	1	1	0	1	1	0	1
chr4.24304390.24304653	pos	0	1	0	1	1	1	1	1	1	0	1
chr4.24412725.24412983	pos	1	1	0	0	1	1	0	1	0	0	1
chr4.24420316.24420605	pos	1	1	0	1	1	1	0	1	0	0	1
chr4.24829641.24829815	pos	0	1	0	1	0	1	1	1	1	0	1
chr4.25449400.25450065	pos	1	1	0	0	1	0	1	0	0	1	0
chr4.26261786.26261958	pos	0	0	0	0	1	1	0	1	0	0	1
chr4.26265090.26265672	pos	0	1	1	1	1	1	1	1	0	0	1
chr4.26326934.26327172	pos	0	1	1	1	0	0	1	1	0	0	1
chr4.26392350.26392506	pos	0	0	0	1	1	0	0	0	0	0	1
chr4.26392763.26394155	pos	0	1	0	1	1	1	1	1	0	0	1
chr4.26600310.26600422	pos	0	0	0	1	0	0	1	0	1	0	1
chr4.26768933.26769037	pos	0	1	0	1	1	0	1	1	1	0	1
chr5.624234.624447	pos	0	0	1	1	1	0	0	1	0	0	1
chr5.624565.624850	pos	0	0	1	1	1	0	1	1	1	0	1
chr5.1007332.1007949	pos	1	1	0	1	1	1	1	1	1	1	0
chr5.1117257.1117680	pos	1	1	1	1	1	1	1	1	0	1	0
chr5.1365308.1365445	pos	0	0	0	0	0	0	0	0	0	0	0
chr5.2100422.2100803	pos	0	1	1	0	1	1	0	1	0	0	1
chr5.2364846.2364974	pos	1	1	0	1	1	1	1	1	0	0	0
chr5.2365625.2366069	pos	1	1	0	1	1	1	1	1	0	0	1
chr5.2527426.2527732	pos	1	1	0	1	1	1	1	1	0	0	0
chr5.2995022.2995162	pos	1	1	1	1	1	0	0	1	0	0	1
chr5.3454755.3455355	pos	1	1	1	1	1	1	0	1	0	0	1
chr5.3491604.3491856	pos	0	1	0	1	1	1	1	1	1	0	1
chr5.3640330.3640428	pos	1	1	0	1	1	0	1	1	0	1	1
chr5.4436838.4437100	pos	0	1	0	1	1	1	1	1	1	1	1
chr5.5195496.5195891	pos	1	1	0	1	1	1	0	0	0	0	1
chr5.5464015.5464145	pos	0	1	0	1	1	1	1	1	0	0	1
chr5.5790832.5791014	pos	0	1	0	1	1	1	1	1	1	0	0
chr5.5793359.5793483	pos	1	1	0	1	1	0	0	0	0	1	0
chr5.5901672.5902240	pos	0	1	1	1	1	0	1	1	0	1	1
chr5.6467042.6467158	pos	0	1	0	1	1	1	0	1	0	0	1
chr5.6467766.6467973	pos	1	1	0	1	1	1	0	1	0	0	0
chr5.6471855.6471996	pos	1	1	0	0	1	1	0	1	0	0	0
chr5.6472182.6472350	pos	1	1	1	0	1	1	0	1	0	0	0
chr5.6611113.6611642	pos	0	1	0	1	1	1	0	1	0	1	1
chr5.7107901.7109877	pos	1	1	1	1	1	1	0	1	0	0	1
chr5.7114308.7114609	pos	1	1	0	0	1	1	0	1	0	0	0
chr5.8179242.8179454	pos	0	0	1	1	0	0	0	0	0	0	1
chr5.8362638.8362768	pos	1	1	0	1	1	0	1	1	1	0	0
chr5.9663064.9663365	pos	1	1	0	1	1	0	1	1	1	0	0
chr5.9834131.9834331	pos	0	0	1	0	0	0	1	0	1	0	0
chr5.10280812.10280996	pos	0	1	1	1	1	1	1	1	1	0	0
chr5.10312344.10312468	pos	0	1	0	1	0	0	1	0	0	0	1
chr5.10539736.10539914	pos	0	1	1	0	0	0	1	0	1	0	0
chr5.11318160.11318596	pos	1	0	0	0	1	0	0	0	0	0	0
chr5.11355753.11355870	pos	1	1	0	1	1	0	0	1	0	0	1
chr5.12448533.12448825	pos	1	1	0	1	1	1	0	1	0	0	0
chr5.13872279.13872449	pos	0	1	0	1	0	0	0	1	0	0	1
chr5.15099940.15100003	pos	0	0	0	0	0	0	1	0	0	1	0
chr5.15284237.15284502	pos	0	1	0	1	1	1	1	0	0	0	1
chr5.15724438.15724677	pos	0	1	0	1	0	0	1	1	1	1	1
chr5.16035251.16035451	pos	0	1	1	1	0	0	1	0	1	0	1
chr5.16149172.16149518	pos	1	1	1	1	1	1	0	1	0	0	0
chr5.16170725.16171153	pos	0	1	1	1	1	1	1	0	1	1	1
chr5.16240730.16241071	pos	0	1	1	1	1	1	0	1	0	0	1
chr5.16371474.16374259	pos	0	1	0	1	1	1	0	1	0	1	1
chr5.16607654.16607764	pos	0	1	0	1	1	1	1	0	1	0	1
chr5.16643589.16644104	pos	0	1	1	0	0	0	1	0	1	0	0
chr5.17003851.17004218	pos	0	1	1	1	1	1	1	1	0	1	1
chr5.17008375.17010080	pos	0	1	1	1	1	1	1	1	0	0	1
chr5.17637487.17637929	pos	0	1	0	1	0	0	1	1	1	0	0
chr5.17701583.17701777	pos	0	1	0	0	0	0	1	0	1	0	0
chr5.17739055.17739581	pos	1	1	0	0	1	1	0	1	0	0	0
chr5.17798250.17798357	pos	0	1	0	1	0	0	1	1	1	0	0
chr5.18640686.18640801	pos	0	1	1	0	0	0	1	0	1	0	0
chr5.19021560.19022094	pos	0	1	0	1	0	1	0	1	0	0	1
chr5.19025733.19025907	pos	1	1	0	1	0	0	1	1	0	0	0
chr5.19049171.19049920	pos	1	1	0	0	1	1	0	0	0	0	0
chr5.19054377.19055464	pos	1	1	0	1	1	1	1	1	0	0	1
chr5.19559225.19559457	pos	1	1	0	1	1	1	0	1	0	0	0
chr5.19921212.19921306	pos	1	1	1	1	1	0	1	1	1	0	0
chr5.20407299.20407603	pos	0	1	0	0	0	0	1	1	1	0	0
chr5.20414212.20414333	pos	0	1	0	1	1	1	1	1	1	0	0
chr5.20731398.20731503	pos	0	0	0	1	1	1	0	1	0	0	1
chr5.20769289.20769366	pos	0	1	1	1	1	1	1	1	0	0	1
chr5.20801690.20801879	pos	0	1	0	1	0	1	1	1	1	0	0
chr5.20815419.20815659	pos	0	1	0	1	1	1	1	1	0	0	1
chr5.21874350.21874557	pos	1	1	0	1	1	0	0	1	0	1	0
chr5.21926244.21926497	pos	1	1	1	1	1	1	1	1	0	0	1
chr5.21940684.21942816	pos	0	1	0	1	1	1	1	1	0	0	1
chr5.21943363.21943523	pos	0	0	0	1	0	1	0	0	0	0	1
chr5.22111342.22111466	pos	1	1	0	1	1	1	0	1	0	0	1
chr5.22401141.22403282	pos	0	1	1	1	1	1	1	1	0	0	1
chr5.23656825.23657067	pos	1	1	0	1	1	0	0	1	0	1	0
chr5.23675801.23676076	pos	1	1	0	1	1	0	0	1	0	1	0
chr5.23696317.23696438	pos	1	1	0	1	1	0	0	1	0	1	0
chr5.23960561.23960935	pos	0	1	1	0	0	0	1	0	1	0	0
chr5.24875042.24876899	pos	1	1	0	1	1	1	1	1	0	1	0
chr5.24877316.24878363	pos	1	1	0	1	1	0	1	1	1	1	0
chr5.24880375.24881250	pos	1	1	0	1	1	0	1	1	0	0	0
chr5.24881956.24882749	pos	1	1	0	1	1	0	0	1	1	0	0
chr5.24956575.24957065	pos	1	1	0	0	1	0	0	0	0	0	0
chr5.24979498.24980537	pos	1	1	0	0	1	0	1	0	0	1	0
chr5.24986954.24987157	pos	1	0	0	0	0	1	0	0	0	0	0
chr5.24987410.24987532	pos	1	0	0	0	0	1	0	0	0	0	0
chr5.25026505.25026872	pos	0	1	0	1	1	1	0	1	1	0	1
chr5.25883258.25883515	pos	1	0	0	1	0	0	1	1	0	0	1
chr5.26345829.26346410	pos	0	1	1	1	0	0	1	0	1	0	0
chr5.26347691.26348629	pos	1	1	0	1	0	1	1	1	0	0	1
chr5.26502573.26502936	pos	0	1	1	1	1	1	1	1	1	0	1
chr5.26503066.26503976	pos	0	1	1	1	1	1	1	1	1	0	1
chr6.707040.707895	pos	1	1	0	1	1	1	1	1	1	0	0
chr6.710061.710438	pos	0	1	0	0	0	0	1	0	1	0	0
chr6.1048294.1048765	pos	0	1	0	1	1	1	0	1	0	0	1
chr6.1294093.1294215	pos	0	0	0	0	1	1	0	0	0	0	1
chr6.1468083.1468422	pos	1	1	0	1	1	1	0	1	0	0	0
chr6.1737126.1737544	pos	1	1	0	1	1	1	1	1	1	0	0
chr6.1747697.1747828	pos	1	1	0	1	1	1	0	1	0	0	0
chr6.1747953.1748084	pos	1	1	0	1	1	1	0	1	0	0	0
chr6.1750226.1750454	pos	1	1	0	1	0	1	1	1	1	0	0
chr6.1933638.1933874	pos	0	1	1	1	1	1	1	1	0	0	1
chr6.1933948.1934569	pos	0	1	1	1	1	1	1	1	0	0	1
chr6.2087962.2088511	pos	0	1	0	1	1	0	1	1	0	0	1
chr6.2088778.2089068	pos	0	1	0	1	1	0	1	1	0	0	1
chr6.2227779.2227872	pos	0	1	0	1	1	0	0	1	0	0	1
chr6.2663296.2663879	pos	1	1	0	1	1	0	0	1	0	0	1
chr6.2664029.2664180	pos	1	1	0	1	1	0	0	1	0	0	1
chr6.3149643.3150364	pos	0	1	0	1	1	1	0	1	0	0	1
chr6.3316050.3316610	pos	1	1	0	1	1	1	0	1	0	0	0
chr6.3320994.3321239	pos	1	1	0	1	1	1	0	1	1	0	0
chr6.3401095.3401301	pos	1	1	0	1	1	0	0	0	0	1	0
chr6.3677332.3677658	pos	1	1	0	1	1	1	0	1	0	0	1
chr6.3858871.3859015	pos	0	0	1	0	0	0	1	0	0	0	0
chr6.4212204.4212339	pos	0	1	0	1	1	1	1	1	1	1	0
chr6.5163406.5163787	pos	1	1	0	1	0	0	1	1	1	0	1
chr6.5164899.5165194	pos	0	1	0	1	1	0	1	1	1	1	0
chr6.5277543.5277800	pos	1	1	0	1	1	1	0	1	1	0	1
chr6.5657679.5657800	pos	0	1	0	1	0	0	0	1	0	1	1
chr6.5667723.5667821	pos	0	1	1	1	0	0	0	1	0	0	1
chr6.5920444.5920870	pos	1	1	0	1	1	0	1	1	0	0	1
chr6.5938225.5938375	pos	1	1	1	1	1	0	0	1	0	0	0
chr6.5946788.5947141	pos	0	1	1	1	0	0	1	1	0	1	1
chr6.6395579.6395818	pos	0	1	0	1	0	0	1	1	1	0	0
chr6.6717615.6717713	pos	1	1	1	1	0	0	0	1	0	0	1
chr6.6718001.6718141	pos	0	1	1	1	0	0	0	1	0	0	1
chr6.7258785.7259122	pos	1	1	0	1	1	1	0	1	0	1	0
chr6.7271270.7271465	pos	1	1	0	0	1	1	0	1	0	1	0
chr6.7381681.7381797	pos	1	1	0	0	1	1	0	1	0	0	0
chr6.7449164.7449746	pos	1	1	0	1	1	1	0	1	0	1	1
chr6.7507621.7507744	pos	0	1	0	1	0	0	1	1	0	0	1
chr6.7543071.7543726	pos	0	1	0	1	0	0	1	0	1	0	1
chr6.7544041.7544174	pos	0	0	1	0	0	0	1	0	1	0	0
chr6.7970700.7971743	pos	1	1	1	1	1	1	1	0	0	1	0
chr6.8411065.8411164	pos	0	1	0	1	0	0	0	1	0	0	1
chr6.9109833.9110690	pos	0	1	1	1	1	1	1	1	1	0	1
chr6.9552269.9552408	pos	0	0	1	0	0	0	1	0	1	0	0
chr6.9752765.9752880	pos	0	1	0	1	0	0	1	1	1	0	1
chr6.9753050.9753208	pos	0	1	1	1	1	0	1	1	1	0	1
chr6.10387525.10387759	pos	0	1	1	1	0	0	0	1	0	0	1
chr6.11216251.11216591	pos	1	1	1	1	1	1	0	1	1	0	0
chr6.11354378.11355279	pos	1	1	0	0	1	1	0	1	0	0	1
chr6.11489932.11490118	pos	0	1	1	1	0	1	1	1	0	0	1
chr6.11525952.11526589	pos	1	0	0	0	1	1	0	1	0	0	0
chr6.11833697.11833921	pos	0	1	0	0	0	0	1	0	1	1	0
chr6.13310280.13310544	pos	0	0	0	1	1	0	0	1	0	0	1
chr6.13718317.13718519	pos	0	1	1	1	1	0	1	1	0	0	0
chr6.13861138.13861230	pos	0	1	1	1	0	0	0	1	1	0	0
chr6.13864356.13864437	pos	0	1	0	1	1	0	0	1	0	0	1
chr6.15035794.15036299	pos	1	1	0	1	1	1	1	1	0	0	1
chr6.15481957.15482357	pos	1	1	1	0	1	1	1	0	1	0	1
chr6.15556840.15556995	pos	1	1	0	1	1	1	0	1	0	0	1
chr6.15557599.15558006	pos	1	1	0	1	1	1	0	1	0	0	1
chr6.15912686.15912794	pos	0	0	0	0	0	0	1	0	1	0	0
chr6.16033654.16033791	pos	0	0	0	0	0	0	1	0	1	0	0
chr6.16118456.16118674	pos	0	1	0	1	1	1	1	0	0	0	1
chr6.16708553.16708698	pos	0	1	0	1	0	0	0	0	0	0	1
chr6.16708834.16709392	pos	0	1	0	1	0	1	0	1	0	0	1
chr6.16710679.16710964	pos	0	1	0	1	0	1	1	1	0	0	1
chr6.16832968.16833775	pos	1	1	0	0	1	0	1	1	0	1	0
chr6.16849712.16849866	pos	0	1	0	1	0	0	1	0	1	1	1
chr6.16864000.16864246	pos	0	1	0	1	1	0	0	1	0	0	1
chr6.17098338.17098786	pos	1	1	1	1	1	0	0	1	1	0	0
chr6.17578340.17578692	pos	1	1	1	1	1	0	1	1	1	0	1
chr6.18002111.18002211	pos	0	0	0	1	0	0	0	1	0	0	1
chr6.18425615.18426113	pos	0	1	0	1	0	1	1	1	1	0	1
chr6.18580319.18580607	pos	0	1	0	1	1	0	1	1	0	0	1
chr6.18912904.18913073	pos	1	1	1	1	1	1	0	1	0	0	0
chr6.19327677.19328351	pos	0	1	0	1	0	0	0	0	0	0	1
chr6.20374164.20374526	pos	1	1	1	1	0	0	1	1	0	0	0
chr6.21063139.21063417	pos	0	1	0	0	0	1	1	1	1	0	1
chr6.21193169.21193274	pos	0	1	1	1	1	1	1	1	0	0	1
chr6.21509574.21510700	pos	1	1	0	1	1	1	1	1	1	0	1
chr6.21510937.21511695	pos	1	1	0	1	1	0	0	1	1	0	0
chr6.21511931.21512229	pos	1	1	0	1	1	0	0	1	1	0	0
chr6.21861140.21861296	pos	0	1	0	1	1	0	1	1	0	1	1
chr6.21871465.21871591	pos	0	1	1	1	1	1	0	1	0	0	1
chr6.22067508.22068782	pos	1	1	1	1	1	0	1	1	1	1	0
chr6.22070808.22071266	pos	1	1	0	1	1	0	1	1	0	0	1
chr6.22072955.22073543	pos	0	1	0	1	1	0	1	1	0	0	1
chr6.22094827.22095074	pos	0	1	0	1	1	1	1	1	0	1	1
chr6.22664263.22664607	pos	0	1	0	1	0	0	1	1	1	0	0
chr6.22682035.22682418	pos	1	1	0	1	1	1	1	1	1	0	0
chr6.23014005.23014289	pos	0	0	0	0	1	1	0	0	0	0	1
chr7.1157428.1157609	pos	1	1	0	1	0	0	1	1	0	0	0
chr7.1229830.1230129	pos	0	1	0	1	1	1	1	1	1	0	1
chr7.2586745.2587262	pos	0	0	0	0	1	1	0	0	0	0	1
chr7.2606115.2606282	pos	0	1	1	1	0	1	1	1	0	0	1
chr7.2606947.2607095	pos	0	1	1	1	0	1	1	1	0	0	1
chr7.2743096.2743243	pos	1	1	0	1	1	1	0	1	0	0	1
chr7.3045371.3045522	pos	1	1	0	1	1	1	0	1	0	0	1
chr7.3926429.3926549	pos	0	1	1	1	0	0	1	1	1	1	0
chr7.4389274.4389392	pos	0	1	1	1	0	0	1	1	1	0	1
chr7.4638423.4638663	pos	0	0	1	0	0	0	1	0	1	0	0
chr7.4907953.4908331	pos	0	0	0	1	0	0	0	0	0	0	1
chr7.4989199.4989371	pos	0	0	0	0	0	0	0	0	0	1	0
chr7.5118406.5119766	pos	1	1	0	1	1	1	0	1	0	0	0
chr7.5126167.5126307	pos	1	1	0	1	1	1	1	1	0	0	1
chr7.5161755.5162068	pos	0	1	1	1	1	1	1	1	1	0	1
chr7.5191267.5191378	pos	1	1	0	1	0	0	1	1	1	0	0
chr7.5251391.5251787	pos	1	1	0	1	0	0	1	0	0	0	0
chr7.5836435.5836584	pos	1	1	0	0	1	1	0	0	0	0	0
chr7.5975091.5975256	pos	0	1	0	1	0	1	1	0	0	0	1
chr7.6693226.6693460	pos	1	1	0	1	1	1	1	0	1	0	1
chr7.6712361.6712560	pos	0	0	1	1	0	1	1	0	0	0	1
chr7.6911226.6911356	pos	1	1	0	1	1	0	0	1	0	1	0
chr7.7027097.7027232	pos	1	1	1	1	1	0	0	1	0	1	0
chr7.7232053.7232845	pos	1	1	1	1	1	1	0	1	0	0	1
chr7.7352822.7353028	pos	1	1	0	0	1	0	0	0	0	0	0
chr7.8128649.8129058	pos	0	1	0	0	0	0	1	0	0	1	0
chr7.8187511.8187609	pos	1	1	0	1	0	0	1	1	1	0	0
chr7.8220921.8221099	pos	1	1	1	1	1	0	1	1	1	1	0
chr7.8321432.8321581	pos	0	1	0	1	0	0	1	1	1	1	0
chr7.8612391.8613016	pos	0	1	0	1	1	1	1	1	0	0	0
chr7.9030763.9030828	pos	0	0	0	0	0	0	1	0	1	0	0
chr7.9050836.9051836	pos	1	1	0	0	1	1	1	0	0	1	0
chr7.9068409.9070327	pos	1	1	1	1	1	1	1	1	1	1	0
chr7.9078504.9078754	pos	0	1	1	1	0	1	1	0	1	0	0
chr7.9332253.9332353	pos	0	1	1	1	1	0	0	0	0	0	1
chr7.9488394.9488738	pos	1	1	0	1	1	1	0	1	0	1	0
chr7.9530661.9530752	pos	0	1	1	1	1	1	1	1	0	0	1
chr7.9630924.9631202	pos	1	1	0	1	1	1	0	1	0	0	1
chr7.9767391.9767537	pos	1	1	0	1	1	1	1	1	0	0	1
chr7.9806985.9807195	pos	0	1	0	1	0	0	1	1	0	0	1
chr7.9990373.9990472	pos	0	1	1	0	1	1	1	0	1	0	1
chr7.10225126.10225250	pos	1	1	0	0	1	0	1	0	1	1	0
chr7.10250855.10250960	pos	0	1	0	1	0	0	0	1	1	0	0
chr7.10377869.10378033	pos	0	0	1	1	1	0	0	1	0	0	1
chr7.10378549.10378833	pos	0	0	1	1	1	0	0	1	0	0	1
chr7.10565864.10566046	pos	0	1	0	1	1	1	1	1	1	0	1
chr7.10809817.10810176	pos	1	1	0	1	1	1	1	1	1	0	1
chr7.11192662.11192817	pos	1	1	1	1	1	0	0	1	0	0	0
chr7.11239849.11240072	pos	1	1	0	1	0	0	1	0	0	0	0
chr7.11330329.11330436	pos	0	1	0	1	1	1	1	1	1	0	1
chr7.11342643.11342884	pos	0	1	1	1	0	0	0	1	0	0	1
chr7.12103087.12103446	pos	0	1	0	1	1	1	1	1	0	1	1
chr7.12132701.12133452	pos	1	1	0	1	1	1	1	1	1	1	0
chr7.12133579.12134368	pos	1	1	0	1	1	1	0	1	1	0	0
chr7.12134504.12135367	pos	1	1	0	1	1	1	0	1	1	0	0
chr7.12189742.12189853	pos	0	1	0	0	0	0	1	0	1	0	0
chr7.12369678.12369847	pos	0	1	0	1	1	0	1	0	0	0	1
chr7.12466190.12466308	pos	0	1	1	0	0	0	0	1	0	0	1
chr7.12701319.12702226	pos	0	1	1	1	1	0	0	1	0	0	1
chr7.12810508.12810630	pos	0	1	0	1	0	1	1	1	1	0	1
chr7.12929421.12929546	pos	0	1	1	1	1	1	0	1	0	0	1
chr7.12935813.12936076	pos	1	1	0	0	1	1	0	1	0	0	0
chr7.12936088.12936771	pos	1	1	0	1	1	1	0	1	0	0	0
chr7.13171080.13171306	pos	0	1	0	1	0	0	1	1	1	1	0
chr7.13271248.13273653	pos	0	1	0	1	1	0	1	0	0	0	1
chr7.13273944.13274195	pos	0	0	0	1	0	0	0	0	0	0	1
chr7.13548461.13548775	pos	1	1	0	0	1	1	0	0	0	1	0
chr7.13739463.13740071	pos	0	1	0	1	0	1	0	1	1	0	0
chr7.13944591.13944682	pos	0	1	0	0	0	0	1	0	1	0	0
chr7.14221653.14221773	pos	0	0	0	1	1	0	0	1	0	0	1
chr7.14366771.14366863	pos	0	1	0	1	0	0	1	0	1	0	0
chr7.15170329.15170441	pos	0	1	0	1	1	1	1	1	1	0	1
chr7.15270951.15271242	pos	0	1	1	1	1	1	1	1	1	0	1
chr7.15683498.15683636	pos	0	1	0	1	1	0	1	1	1	0	1
chr7.16043884.16044230	pos	0	1	0	1	0	1	1	0	0	0	1
chr7.16289653.16289867	pos	0	0	0	0	0	0	1	1	1	0	0
chr7.16717751.16717901	pos	0	1	0	1	1	1	0	1	0	0	1
chr7.16748826.16748927	pos	0	1	0	1	1	1	1	1	1	0	1
chr7.16911781.16912034	pos	1	1	0	1	1	1	1	1	0	0	1
chr7.16963105.16963314	pos	0	1	0	1	1	0	1	1	0	0	1
chr7.17602225.17602435	pos	0	1	0	1	1	1	0	1	0	0	1
chr7.17941248.17942168	pos	1	1	1	1	1	1	1	1	0	0	1
chr7.18531211.18531446	pos	1	1	1	1	1	1	0	1	0	0	1
chr7.19009022.19010018	pos	0	1	1	1	1	0	1	1	1	0	1
chr7.19787012.19787163	pos	1	1	0	1	1	0	0	1	1	1	0
chr7.19964490.19964620	pos	1	0	0	0	1	1	0	0	0	0	1
chr7.19967642.19968110	pos	0	0	0	1	1	1	0	1	0	0	1
chr7.20299404.20300914	pos	0	0	0	1	0	0	1	0	0	0	1
chr7.20301057.20301158	pos	0	0	0	1	0	0	0	0	0	0	1
chr7.21055140.21055218	pos	0	1	1	0	0	1	1	0	1	0	0
chr7.21360188.21360667	pos	1	1	1	1	0	1	0	0	1	0	0
chr7.21760519.21760814	pos	0	1	1	1	1	1	1	1	1	0	1
chr7.21932708.21932961	pos	0	0	0	1	1	0	0	0	0	0	1
chr8.615957.616448	pos	0	1	0	1	1	1	0	1	0	0	1
chr8.919764.920604	pos	0	1	0	1	0	0	1	1	0	0	1
chr8.929154.929457	pos	1	1	0	1	1	1	1	1	1	0	1
chr8.946270.946480	pos	0	1	0	1	1	1	1	1	1	0	1
chr8.1241591.1241790	pos	0	1	0	1	1	1	1	1	1	0	1
chr8.1451691.1451827	pos	1	1	1	1	1	0	0	1	0	0	1
chr8.1908595.1908696	pos	0	1	0	1	1	1	0	1	0	0	1
chr8.1918743.1918885	pos	0	1	0	0	0	0	1	0	0	1	0
chr8.2339197.2339366	pos	0	1	1	0	0	0	1	0	1	0	1
chr8.2433661.2434025	pos	1	1	0	1	1	0	1	1	0	1	0
chr8.3182266.3182591	pos	0	1	0	1	0	0	1	0	1	1	1
chr8.3589526.3590294	pos	1	1	0	1	1	1	0	1	0	0	1
chr8.3984801.3984919	pos	0	0	0	0	0	0	1	0	1	0	0
chr8.4250776.4251006	pos	0	1	0	0	0	0	1	0	0	0	0
chr8.4398302.4398502	pos	1	1	1	1	1	1	0	1	0	0	1
chr8.5217943.5218140	pos	0	1	1	1	1	1	0	1	0	0	1
chr8.5906428.5906626	pos	0	1	0	1	1	1	1	1	0	1	1
chr8.6342639.6344080	pos	1	1	1	1	1	1	0	1	0	0	1
chr8.6468706.6468987	pos	1	1	1	1	1	1	0	1	1	0	0
chr8.6579822.6580425	pos	1	1	0	1	1	1	1	1	1	0	1
chr8.6581126.6581331	pos	0	1	1	1	1	1	1	1	1	0	1
chr8.6581720.6583156	pos	0	0	0	1	1	1	1	1	0	0	1
chr8.6787118.6787258	pos	0	1	1	1	1	1	1	1	1	0	1
chr8.7365674.7365865	pos	0	1	0	0	0	0	1	0	1	0	0
chr8.7409144.7410222	pos	0	1	0	1	1	1	0	1	0	0	1
chr8.7426863.7428974	pos	1	1	0	1	1	1	0	1	0	0	1
chr8.7898561.7898697	pos	0	1	1	0	0	0	1	0	1	0	0
chr8.8366069.8368290	pos	0	1	0	1	1	1	1	1	0	0	1
chr8.8450180.8450316	pos	1	1	0	1	1	1	1	1	1	0	0
chr8.8783949.8784340	pos	0	1	1	1	1	1	1	1	1	1	1
chr8.9621216.9621445	pos	0	0	0	1	0	1	1	1	0	0	1
chr8.9820634.9820711	pos	0	1	0	1	0	0	1	0	1	0	1
chr8.9959579.9959689	pos	0	1	1	1	1	0	1	1	1	0	1
chr8.9960228.9960662	pos	0	1	0	1	0	0	1	1	1	0	1
chr8.10689777.10689892	pos	0	1	0	1	1	0	0	1	0	0	1
chr8.10690844.10691090	pos	1	1	0	1	1	0	1	0	1	0	0
chr8.10875007.10875071	pos	0	0	0	0	0	0	1	0	1	0	0
chr8.11703675.11703867	pos	1	1	0	1	1	0	0	1	0	0	1
chr8.11910148.11910347	pos	0	1	1	0	0	0	1	0	0	1	0
chr8.11980741.11980965	pos	0	1	0	0	0	0	1	0	0	1	0
chr8.11998173.11998308	pos	1	1	0	1	1	0	0	1	0	1	0
chr8.12067736.12067842	pos	0	1	0	1	0	0	1	0	0	0	0
chr8.12126360.12127109	pos	0	1	0	1	1	1	1	1	1	0	1
chr8.12610949.12611153	pos	1	1	1	0	1	1	0	1	1	0	0
chr8.12886152.12886278	pos	0	1	0	1	0	0	1	1	0	0	0
chr8.13518417.13518531	pos	0	1	1	0	0	0	1	0	1	0	1
chr8.13664579.13664957	pos	0	1	1	0	0	0	1	0	0	1	0
chr8.14103025.14103123	pos	1	1	0	0	1	1	0	1	0	1	0
chr8.14894685.14894800	pos	0	1	0	1	1	0	1	1	1	1	1
chr8.14944350.14944768	pos	1	1	0	1	1	1	1	1	0	1	0
chr8.14975249.14975543	pos	0	1	0	1	0	0	1	1	0	0	1
chr8.15014689.15014762	pos	0	1	1	1	1	1	1	1	1	0	1
chr8.15034179.15034283	pos	1	0	0	1	1	1	0	1	0	0	1
chr8.15750929.15751089	pos	0	1	0	1	1	1	1	1	0	0	1
chr8.15899872.15899984	pos	0	1	0	1	1	0	1	1	1	0	1
chr8.16400050.16400162	pos	0	0	0	1	1	0	0	0	0	0	1
chr8.16459337.16459539	pos	0	0	1	0	0	0	1	0	1	0	0
chr8.16643468.16643987	pos	0	0	0	1	1	1	0	1	0	0	1
chr8.17939585.17939735	pos	0	1	1	1	1	1	1	1	0	1	1
chr8.18102580.18102810	pos	1	1	0	1	1	1	0	1	0	0	0
chr8.18434914.18435023	pos	0	1	0	1	1	0	0	1	0	0	1
chr8.18561357.18561489	pos	0	1	0	0	0	1	1	0	0	0	0
chr8.18807125.18807430	pos	0	1	0	1	1	1	1	1	1	1	1
chr8.18824718.18824967	pos	0	0	0	0	0	0	1	0	0	0	0
chr8.18825092.18825190	pos	0	0	0	0	0	0	1	0	0	0	0
chr8.18851419.18851614	pos	1	1	0	1	0	0	1	1	0	0	0
chr8.19149638.19150037	pos	0	0	0	1	0	0	1	0	0	0	0
chr8.19304478.19304620	pos	0	1	0	0	0	0	0	1	0	0	0
chr8.19751919.19752044	pos	0	1	0	0	0	0	1	0	0	0	0
chr8.19874894.19876024	pos	0	0	0	1	1	0	1	0	0	0	1
chr8.21123663.21123858	pos	0	1	0	1	1	0	1	0	1	0	0
unplaced-scaffold_078.13918.14048	pos	0	1	1	1	1	1	1	1	1	1	1
unplaced-scaffold_078.44598.44812	pos	1	1	1	1	1	1	0	1	0	1	1
chr1.23000.23500	neg	0	0	0	0	0	0	0	0	0	0	0
chr1.148000.148500	neg	0	0	0	0	0	0	0	0	0	0	0
chr1.231000.231500	neg	0	0	0	0	0	0	0	0	0	0	0
chr1.263500.264000	neg	0	1	0	0	0	0	1	0	0	0	0
chr1.478500.479000	neg	0	0	0	0	0	0	0	0	0	0	0
chr1.530000.530500	neg	0	0	0	0	0	0	0	0	0	0	0
chr1.550000.550500	neg	0	0	0	0	0	0	0	0	0	0	0
chr1.736500.737000	neg	0	0	0	0	0	0	0	0	0	0	0
chr1.1194500.1195000	neg	0	1	0	0	0	0	0	0	0	0	0
chr1.1304500.1305000	neg	0	0	0	0	0	0	0	0	0	0	0
chr1.1346000.1346500	neg	0	0	0	0	0	0	1	0	0	0	0
chr1.1808500.1809000	neg	0	0	0	0	0	0	1	0	0	0	0
chr1.1906500.1907000	neg	0	0	0	0	0	0	1	0	0	0	0
chr1.2066500.2067000	neg	0	0	0	0	0	0	0	0	0	0	0
chr1.2520500.2521000	neg	0	1	0	0	0	0	1	0	0	0	0
chr1.3184000.3184500	neg	0	0	0	0	0	0	0	0	0	0	0
chr1.3380500.3381000	neg	0	0	0	0	0	0	0	0	0	0	0
chr1.3566500.3567000	neg	0	1	0	0	0	0	0	0	0	0	0
chr1.3572000.3572500	neg	0	0	0	0	0	0	0	0	0	0	0
chr1.3943000.3943500	neg	0	0	0	0	0	0	0	0	0	0	0
chr1.3974500.3975000	neg	0	1	0	0	0	0	1	0	0	0	0
chr1.4826000.4826500	neg	0	1	0	0	0	0	1	0	0	0	0
chr1.4981500.4982000	neg	0	0	0	0	0	0	0	0	0	0	0
chr1.5038500.5039000	neg	0	0	0	0	0	0	0	0	0	0	0
chr1.5574500.5575000	neg	0	0	0	0	0	0	0	0	0	0	0
chr1.6072000.6072500	neg	0	0	0	0	0	0	0	0	0	0	0
chr1.6294500.6295000	neg	0	0	0	0	0	0	0	0	0	0	0
chr1.6456500.6457000	neg	0	0	0	0	0	0	0	0	0	0	0
chr1.6546000.6546500	neg	0	0	0	0	0	0	1	0	0	0	0
chr1.7301500.7302000	neg	0	0	0	0	0	0	1	0	0	0	0
chr1.7863000.7863500	neg	0	1	0	0	0	0	1	0	0	0	0
chr1.7893000.7893500	neg	0	0	0	0	0	0	0	0	0	0	0
chr1.8192500.8193000	neg	0	0	0	0	0	0	0	0	0	0	0
chr1.8243500.8244000	neg	0	0	0	0	0	0	0	0	0	0	0
chr1.8542000.8542500	neg	0	0	0	0	0	0	0	0	0	0	0
chr1.8964500.8965000	neg	0	0	0	0	0	0	1	0	0	0	0
chr1.8980500.8981000	neg	0	0	0	0	0	0	0	0	0	0	0
chr1.9135000.9135500	neg	0	1	0	0	0	0	0	0	0	0	0
chr1.10441000.10441500	neg	0	1	0	0	0	0	1	0	0	0	0
chr1.10450500.10451000	neg	0	0	0	0	0	0	0	0	0	0	0
chr1.10556000.10556500	neg	0	0	0	0	0	0	0	0	0	0	0
chr1.10991500.10992000	neg	0	0	0	0	0	0	0	0	0	0	0
chr1.11297500.11298000	neg	0	1	0	0	0	0	1	0	0	0	0
chr1.11508500.11509000	neg	0	0	0	0	0	0	1	0	0	0	0
chr1.12282500.12283000	neg	0	0	0	0	0	0	1	0	0	0	0
chr1.12582000.12582500	neg	0	1	0	0	0	0	1	0	0	0	0
chr1.13080000.13080500	neg	0	0	0	0	0	0	0	0	0	0	0
chr1.13117000.13117500	neg	0	1	0	0	0	0	1	0	0	0	0
chr1.13409000.13409500	neg	0	1	0	0	0	0	1	0	0	0	0
chr1.13504000.13504500	neg	0	0	0	0	0	0	1	0	0	0	0
chr1.13563500.13564000	neg	0	0	0	0	0	0	0	0	0	0	0
chr1.14014000.14014500	neg	0	0	0	0	0	0	0	0	0	0	0
chr1.14866000.14866500	neg	0	1	0	0	0	0	1	0	0	0	0
chr1.15055000.15055500	neg	0	0	0	0	0	0	0	0	0	0	0
chr1.15108000.15108500	neg	0	0	0	0	0	0	1	0	0	0	0
chr1.15463000.15463500	neg	0	1	0	0	0	0	1	0	0	0	0
chr1.15636000.15636500	neg	0	0	0	0	0	0	0	0	0	0	0
chr1.15666500.15667000	neg	0	1	0	0	0	0	0	0	0	0	0
chr1.15667000.15667500	neg	0	0	0	0	0	0	0	0	0	0	0
chr1.15721000.15721500	neg	0	0	0	0	0	0	0	0	0	0	0
chr1.15973500.15974000	neg	0	0	0	0	0	0	1	0	0	0	0
chr1.16366500.16367000	neg	0	0	0	0	0	0	1	0	0	0	0
chr1.16390500.16391000	neg	0	0	0	0	0	0	0	0	0	0	0
chr1.16632000.16632500	neg	0	0	0	0	0	0	0	0	0	0	0
chr1.16685500.16686000	neg	0	1	0	0	0	0	1	0	0	0	0
chr1.16886500.16887000	neg	0	0	0	0	0	0	0	0	0	0	0
chr1.16897000.16897500	neg	0	0	0	0	0	0	0	0	0	0	0
chr1.16995500.16996000	neg	0	0	0	0	0	0	0	0	0	0	0
chr1.16996500.16997000	neg	0	0	0	0	0	0	0	0	0	0	0
chr1.17346000.17346500	neg	0	1	0	0	0	0	1	0	0	0	0
chr1.17847500.17848000	neg	0	1	0	0	0	0	1	0	0	0	0
chr1.18186000.18186500	neg	0	1	0	0	0	0	1	0	0	0	0
chr1.18253000.18253500	neg	0	1	0	0	0	0	1	0	0	0	0
chr1.18590000.18590500	neg	0	1	0	0	0	0	1	0	0	0	0
chr1.18696000.18696500	neg	0	0	0	0	0	0	0	0	0	0	0
chr1.18850000.18850500	neg	0	0	0	0	0	0	0	0	0	0	0
chr1.18858500.18859000	neg	0	0	0	0	0	0	0	0	0	0	0
chr1.19337000.19337500	neg	0	0	0	0	0	0	0	0	0	0	0
chr1.20258000.20258500	neg	0	0	0	0	0	0	0	0	0	0	0
chr1.20478500.20479000	neg	0	1	0	0	0	0	1	0	0	0	0
chr1.20948500.20949000	neg	0	0	0	0	0	0	0	0	0	0	0
chr1.21183000.21183500	neg	0	1	0	0	0	0	1	0	0	0	0
chr1.21214000.21214500	neg	0	1	0	0	0	0	0	0	0	0	0
chr1.21504000.21504500	neg	0	0	0	0	0	0	0	0	0	0	0
chr1.22026000.22026500	neg	0	1	0	0	0	0	1	0	0	0	0
chr1.22080000.22080500	neg	0	0	0	0	0	0	0	0	0	0	0
chr1.22080500.22081000	neg	0	1	0	0	0	0	1	0	0	0	0
chr1.22105000.22105500	neg	0	1	0	0	0	0	1	0	0	0	0
chr1.22151000.22151500	neg	0	0	0	0	0	0	0	0	0	0	0
chr1.22601000.22601500	neg	0	0	0	0	0	0	1	0	0	0	0
chr1.22602500.22603000	neg	0	1	0	0	0	0	1	0	0	0	0
chr1.23160000.23160500	neg	0	1	0	0	0	0	1	0	0	0	0
chr1.23164500.23165000	neg	0	0	0	0	0	0	0	0	0	0	0
chr1.23734000.23734500	neg	0	0	0	0	0	0	1	0	0	0	0
chr1.23845000.23845500	neg	0	0	0	0	0	0	0	0	0	0	0
chr1.24071500.24072000	neg	0	1	0	0	0	0	1	0	0	0	0
chr1.24117000.24117500	neg	0	1	0	0	0	0	1	0	0	0	0
chr1.24939000.24939500	neg	0	1	0	0	0	0	1	0	0	0	0
chr1.25445000.25445500	neg	0	0	0	0	0	0	0	0	0	0	0
chr1.25562000.25562500	neg	0	0	0	0	0	0	0	0	0	0	0
chr1.25807000.25807500	neg	0	1	0	0	0	0	1	0	0	0	0
chr1.25907000.25907500	neg	0	0	0	0	0	0	1	0	0	0	0
chr1.26578000.26578500	neg	0	0	0	0	0	0	0	0	0	0	0
chr1.27389500.27390000	neg	0	1	0	0	0	0	1	0	0	0	0
chr1.28456000.28456500	neg	0	1	0	0	0	0	1	0	0	0	0
chr1.28557000.28557500	neg	0	1	0	0	0	0	0	0	0	0	0
chr1.28659500.28660000	neg	0	1	0	0	0	0	1	0	0	0	0
chr1.29631500.29632000	neg	0	0	0	0	0	0	0	0	0	0	0
chr2.679500.680000	neg	0	1	0	0	0	0	0	0	0	0	0
chr2.875000.875500	neg	0	1	0	0	0	0	1	0	0	0	0
chr2.1059000.1059500	neg	0	0	0	0	0	0	0	0	0	0	0
chr2.1072000.1072500	neg	0	1	0	0	0	0	0	0	0	0	0
chr2.1370500.1371000	neg	0	0	0	0	0	0	1	0	0	0	0
chr2.1534000.1534500	neg	0	0	0	0	0	0	0	0	0	0	0
chr2.1573500.1574000	neg	0	0	0	0	0	0	0	0	0	0	0
chr2.1802000.1802500	neg	0	0	0	0	0	0	0	0	0	0	0
chr2.2123000.2123500	neg	0	1	0	0	0	0	0	0	0	0	0
chr2.2137500.2138000	neg	0	1	0	0	0	0	1	0	0	0	0
chr2.2143500.2144000	neg	0	1	0	0	0	0	0	0	0	0	0
chr2.2281000.2281500	neg	0	1	0	0	0	0	0	0	0	0	0
chr2.3151000.3151500	neg	0	1	0	0	0	0	1	0	0	0	0
chr2.3232000.3232500	neg	0	1	0	0	0	0	1	0	0	0	0
chr2.3569500.3570000	neg	0	1	0	0	0	0	1	0	0	0	0
chr2.3615000.3615500	neg	0	0	0	0	0	0	1	0	0	0	0
chr2.3798000.3798500	neg	0	0	0	0	0	0	0	0	0	0	0
chr2.3829500.3830000	neg	0	1	0	0	0	0	0	0	0	0	0
chr2.3893500.3894000	neg	0	0	0	0	0	0	0	0	0	0	0
chr2.3903500.3904000	neg	0	1	0	0	0	0	0	0	0	0	0
chr2.3938000.3938500	neg	0	1	0	0	0	0	1	0	0	0	0
chr2.4040500.4041000	neg	0	0	0	0	0	0	0	0	0	0	0
chr2.4358000.4358500	neg	0	1	0	0	0	0	0	0	0	0	0
chr2.4813000.4813500	neg	0	1	0	0	0	0	1	0	0	0	0
chr2.5184000.5184500	neg	0	0	0	0	0	0	0	0	0	0	0
chr2.5719000.5719500	neg	0	0	0	0	0	0	0	0	0	0	0
chr2.5962000.5962500	neg	0	1	0	0	0	0	1	0	0	0	0
chr2.6182500.6183000	neg	0	0	0	0	0	0	0	0	0	0	0
chr2.6290500.6291000	neg	0	0	0	0	0	0	0	0	0	0	0
chr2.6309000.6309500	neg	0	1	0	0	0	0	1	0	0	0	0
chr2.6564500.6565000	neg	0	1	0	0	0	0	0	0	0	0	0
chr2.6904500.6905000	neg	0	0	0	0	0	0	0	0	0	0	0
chr2.7810500.7811000	neg	0	1	0	0	0	0	1	0	0	0	0
chr2.8476000.8476500	neg	0	0	0	0	0	0	1	0	0	0	0
chr2.8607500.8608000	neg	0	0	0	0	0	0	0	0	0	0	0
chr2.8628500.8629000	neg	0	0	0	0	0	0	0	0	0	0	0
chr2.8916000.8916500	neg	0	1	0	0	0	0	0	0	0	0	0
chr2.8930000.8930500	neg	0	0	0	0	0	0	0	0	0	0	0
chr2.9230000.9230500	neg	0	0	0	0	0	0	0	0	0	0	0
chr2.9368500.9369000	neg	0	1	0	0	0	0	0	0	0	0	0
chr2.10018000.10018500	neg	0	1	0	0	0	0	0	0	0	0	0
chr2.10251500.10252000	neg	0	1	0	0	0	0	1	0	0	0	0
chr2.10605000.10605500	neg	0	1	0	0	0	0	1	0	0	0	0
chr2.10846500.10847000	neg	0	1	0	0	0	0	1	0	0	0	0
chr2.10941000.10941500	neg	0	0	0	0	0	0	1	0	0	0	0
chr2.11037500.11038000	neg	0	1	0	0	0	0	0	0	0	0	0
chr2.11111000.11111500	neg	0	1	0	0	0	0	1	0	0	0	0
chr2.11207000.11207500	neg	0	1	0	0	0	0	1	0	0	0	0
chr2.11264500.11265000	neg	0	1	0	0	0	0	1	0	0	0	0
chr2.11265000.11265500	neg	0	1	0	0	0	0	1	0	0	0	0
chr2.11910500.11911000	neg	0	0	0	0	0	0	0	0	0	0	0
chr2.12385500.12386000	neg	0	1	0	0	0	0	1	0	0	0	0
chr2.12455000.12455500	neg	0	0	0	0	0	0	0	0	0	0	0
chr2.13092500.13093000	neg	0	1	0	0	0	0	1	0	0	0	0
chr2.13395500.13396000	neg	0	0	0	0	0	0	0	0	0	0	0
chr2.13419500.13420000	neg	0	0	0	0	0	0	0	0	0	0	0
chr2.13504000.13504500	neg	0	0	0	0	0	0	0	0	0	0	0
chr2.13579000.13579500	neg	0	1	0	0	0	0	1	0	0	0	0
chr2.13677500.13678000	neg	0	0	0	0	0	0	0	0	0	0	0
chr2.13837000.13837500	neg	0	0	0	0	0	0	0	0	0	0	0
chr2.13911500.13912000	neg	0	0	0	0	0	0	0	0	0	0	0
chr2.14585500.14586000	neg	0	1	0	0	0	0	1	0	0	0	0
chr2.15201000.15201500	neg	0	0	0	0	0	0	0	0	0	0	0
chr2.15485000.15485500	neg	0	1	0	0	0	0	1	0	0	0	0
chr2.15881000.15881500	neg	0	1	0	0	0	0	0	0	0	0	0
chr2.15949000.15949500	neg	0	1	0	0	0	0	1	0	0	0	0
chr2.16110500.16111000	neg	0	0	0	0	0	0	0	0	0	0	0
chr2.16218500.16219000	neg	0	1	0	0	0	0	1	0	0	0	0
chr2.16494000.16494500	neg	0	0	0	0	0	0	0	0	0	0	0
chr2.16968500.16969000	neg	0	0	0	0	0	0	0	0	0	0	0
chr2.17116500.17117000	neg	0	0	0	0	0	0	0	0	0	0	0
chr2.17266500.17267000	neg	0	1	0	0	0	0	1	0	0	0	0
chr2.17881500.17882000	neg	0	1	0	0	0	0	1	0	0	0	0
chr2.18119500.18120000	neg	0	0	0	0	0	0	0	0	0	0	0
chr2.18508000.18508500	neg	0	0	0	0	0	0	0	0	0	0	0
chr2.19037000.19037500	neg	0	1	0	0	0	0	1	0	0	0	0
chr2.19126500.19127000	neg	0	0	0	0	0	0	1	0	0	0	0
chr2.19759000.19759500	neg	0	1	0	0	0	0	1	0	0	0	0
chr2.20212500.20213000	neg	0	0	0	0	0	0	0	0	0	0	0
chr2.20334000.20334500	neg	0	0	0	0	0	0	0	0	0	0	0
chr2.20551000.20551500	neg	0	0	0	0	0	0	0	0	0	0	0
chr2.20848000.20848500	neg	0	0	0	0	0	0	0	0	0	0	0
chr2.20955000.20955500	neg	0	1	0	0	0	0	0	0	0	0	0
chr2.21292000.21292500	neg	0	1	0	0	0	0	0	0	0	0	0
chr2.21299000.21299500	neg	0	1	0	0	0	0	0	0	0	0	0
chr2.22156500.22157000	neg	0	1	0	0	0	0	1	0	0	0	0
chr2.22567000.22567500	neg	0	0	0	0	0	0	0	0	0	0	0
chr2.23077500.23078000	neg	0	0	0	0	0	0	0	0	0	0	0
chr2.23352500.23353000	neg	0	1	0	0	0	0	0	0	0	0	0
chr2.23435500.23436000	neg	0	0	0	0	0	0	0	0	0	0	0
chr2.23714000.23714500	neg	0	1	0	0	0	0	1	0	0	0	0
chr2.23742500.23743000	neg	0	1	0	0	0	0	1	0	0	0	0
chr2.24498500.24499000	neg	0	0	0	0	0	0	0	0	0	0	0
chr2.24535500.24536000	neg	0	0	0	0	0	0	0	0	0	0	0
chr2.24568000.24568500	neg	0	0	0	0	0	0	0	0	0	0	0
chr2.24810500.24811000	neg	0	0	0	0	0	0	0	0	0	0	0
chr2.24875000.24875500	neg	0	1	0	0	0	0	1	0	0	0	0
chr2.25083000.25083500	neg	0	1	0	0	0	0	1	0	0	0	0
chr2.25732000.25732500	neg	0	0	0	0	0	0	0	0	0	0	0
chr2.25733000.25733500	neg	0	0	0	0	0	0	0	0	0	0	0
chr2.26547000.26547500	neg	0	0	0	0	0	0	1	0	0	0	0
chr2.26647500.26648000	neg	0	0	0	0	0	0	0	0	0	0	0
chr2.26928500.26929000	neg	0	0	0	0	0	0	0	0	0	0	0
chr2.27099500.27100000	neg	0	0	0	0	0	0	0	0	0	0	0
chr2.27136000.27136500	neg	0	0	0	0	0	0	1	0	0	0	0
chr2.27166500.27167000	neg	0	0	0	0	0	0	1	0	0	0	0
chr2.27579500.27580000	neg	0	0	0	0	0	0	0	0	0	0	0
chr2.27971500.27972000	neg	0	1	0	0	0	0	1	0	0	0	0
chr2.28026000.28026500	neg	0	0	0	0	0	0	0	0	0	0	0
chr2.28144500.28145000	neg	0	0	0	0	0	0	0	0	0	0	0
chr2.28844000.28844500	neg	0	1	0	0	0	0	1	0	0	0	0
chr2.29529000.29529500	neg	0	0	0	0	0	0	1	0	0	0	0
chr3.581000.581500	neg	0	1	0	0	0	0	1	0	0	0	0
chr3.639000.639500	neg	0	0	0	0	0	0	0	0	0	0	0
chr3.735000.735500	neg	0	1	0	0	0	0	1	0	0	0	0
chr3.820500.821000	neg	0	0	0	0	0	0	0	0	0	0	0
chr3.1198000.1198500	neg	0	1	0	0	0	0	1	0	0	0	0
chr3.1297500.1298000	neg	0	0	0	0	0	0	1	0	0	0	0
chr3.1470000.1470500	neg	0	0	0	0	0	0	0	0	0	0	0
chr3.1488500.1489000	neg	0	0	0	0	0	0	0	0	0	0	0
chr3.1884500.1885000	neg	0	0	0	0	0	0	0	0	0	0	0
chr3.2295500.2296000	neg	0	1	0	0	0	0	0	0	0	0	0
chr3.2754500.2755000	neg	0	0	0	0	0	0	1	0	0	0	0
chr3.2872000.2872500	neg	0	1	0	0	0	0	1	0	0	0	0
chr3.3290500.3291000	neg	0	0	0	0	0	0	0	0	0	0	0
chr3.3310000.3310500	neg	0	1	0	0	0	0	0	0	0	0	0
chr3.3638000.3638500	neg	0	1	0	0	0	0	1	0	0	0	0
chr3.3871500.3872000	neg	0	0	0	0	0	0	0	0	0	0	0
chr3.4024500.4025000	neg	0	0	0	0	0	0	1	0	0	0	0
chr3.4043000.4043500	neg	0	1	0	0	0	0	1	0	0	0	0
chr3.4053000.4053500	neg	0	0	0	0	0	0	1	0	0	0	0
chr3.4279500.4280000	neg	0	0	0	0	0	0	0	0	0	0	0
chr3.4359500.4360000	neg	0	0	0	0	0	0	0	0	0	0	0
chr3.5027500.5028000	neg	0	0	0	0	0	0	1	0	0	0	0
chr3.5040000.5040500	neg	0	0	0	0	0	0	0	0	0	0	0
chr3.5070500.5071000	neg	0	0	0	0	0	0	0	0	0	0	0
chr3.5377000.5377500	neg	0	0	0	0	0	0	0	0	0	0	0
chr3.5692500.5693000	neg	0	0	0	0	0	0	1	0	0	0	0
chr3.5915000.5915500	neg	0	1	0	0	0	0	1	0	0	0	0
chr3.6904000.6904500	neg	0	1	0	0	0	0	1	0	0	0	0
chr3.7563500.7564000	neg	0	0	0	0	0	0	0	0	0	0	0
chr3.7692500.7693000	neg	0	0	0	0	0	0	0	0	0	0	0
chr3.7764500.7765000	neg	0	1	0	0	0	0	0	0	0	0	0
chr3.7777500.7778000	neg	0	0	0	0	0	0	0	0	0	0	0
chr3.8243000.8243500	neg	0	0	0	0	0	0	1	0	0	0	0
chr3.8405000.8405500	neg	0	0	0	0	0	0	0	0	0	0	0
chr3.8673000.8673500	neg	0	0	0	0	0	0	0	0	0	0	0
chr3.8787000.8787500	neg	0	0	0	0	0	0	1	0	0	0	0
chr3.8901500.8902000	neg	0	1	0	0	0	0	1	0	0	0	0
chr3.9176500.9177000	neg	0	1	0	0	0	0	0	0	0	0	0
chr3.9344000.9344500	neg	0	1	0	0	0	0	1	0	0	0	0
chr3.9821500.9822000	neg	0	1	0	0	0	0	1	0	0	0	0
chr3.9869000.9869500	neg	0	1	0	0	0	0	0	0	0	0	0
chr3.10171500.10172000	neg	0	0	0	0	0	0	0	0	0	0	0
chr3.11024500.11025000	neg	0	0	0	0	0	0	0	0	0	0	0
chr3.11060500.11061000	neg	0	1	0	0	0	0	1	0	0	0	0
chr3.11107000.11107500	neg	0	0	0	0	0	0	0	0	0	0	0
chr3.11883000.11883500	neg	0	1	0	0	0	0	1	0	0	0	0
chr3.12059000.12059500	neg	0	0	0	0	0	0	0	0	0	0	0
chr3.12100500.12101000	neg	0	1	0	0	0	0	0	0	0	0	0
chr3.12270000.12270500	neg	0	1	0	0	0	0	0	0	0	0	0
chr3.12313500.12314000	neg	0	0	0	0	0	0	0	0	0	0	0
chr3.12370000.12370500	neg	0	1	0	0	0	0	0	0	0	0	0
chr3.12712000.12712500	neg	0	0	0	0	0	0	0	0	0	0	0
chr3.12879500.12880000	neg	0	0	0	0	0	0	0	0	0	0	0
chr3.13543000.13543500	neg	0	0	0	0	0	0	0	0	0	0	0
chr3.13672000.13672500	neg	0	1	0	0	0	0	1	0	0	0	0
chr3.13811000.13811500	neg	0	0	0	0	0	0	0	0	0	0	0
chr3.13818500.13819000	neg	0	0	0	0	0	0	0	0	0	0	0
chr3.13937500.13938000	neg	0	1	0	0	0	0	1	0	0	0	0
chr3.14301500.14302000	neg	0	0	0	0	0	0	0	0	0	0	0
chr3.14521000.14521500	neg	0	0	0	0	0	0	0	0	0	0	0
chr3.14871000.14871500	neg	0	1	0	0	0	0	1	0	0	0	0
chr3.15112500.15113000	neg	0	0	0	0	0	0	0	0	0	0	0
chr3.15170500.15171000	neg	0	0	0	0	0	0	0	0	0	0	0
chr3.15505000.15505500	neg	0	0	0	0	0	0	0	0	0	0	0
chr3.15511500.15512000	neg	0	1	0	0	0	0	0	0	0	0	0
chr3.15725000.15725500	neg	0	0	0	0	0	0	0	0	0	0	0
chr3.15908000.15908500	neg	0	0	0	0	0	0	0	0	0	0	0
chr3.15924500.15925000	neg	0	1	0	0	0	0	1	0	0	0	0
chr3.16099000.16099500	neg	0	1	0	0	0	0	1	0	0	0	0
chr3.17133000.17133500	neg	0	0	0	0	0	0	0	0	0	0	0
chr3.17284500.17285000	neg	0	0	0	0	0	0	1	0	0	0	0
chr3.17830000.17830500	neg	0	0	0	0	0	0	0	0	0	0	0
chr3.18083500.18084000	neg	0	0	0	0	0	0	1	0	0	0	0
chr3.18220000.18220500	neg	0	0	0	0	0	0	1	0	0	0	0
chr3.18459500.18460000	neg	0	0	0	0	0	0	0	0	0	0	0
chr3.19005500.19006000	neg	0	1	0	0	0	0	1	0	0	0	0
chr3.19051500.19052000	neg	0	1	0	0	0	0	1	0	0	0	0
chr3.19164500.19165000	neg	0	1	0	0	0	0	0	0	0	0	0
chr3.19555500.19556000	neg	0	0	0	0	0	0	1	0	0	0	0
chr3.19557500.19558000	neg	0	1	0	0	0	0	1	0	0	0	0
chr3.19838000.19838500	neg	0	1	0	0	0	0	1	0	0	0	0
chr3.20361000.20361500	neg	0	0	0	0	0	0	0	0	0	0	0
chr3.20422000.20422500	neg	0	1	0	0	0	0	1	0	0	0	0
chr3.20640500.20641000	neg	0	1	0	0	0	0	0	0	0	0	0
chr3.20935500.20936000	neg	0	1	0	0	0	0	0	0	0	0	0
chr3.20988500.20989000	neg	0	0	0	0	0	0	0	0	0	0	0
chr3.21000500.21001000	neg	0	0	0	0	0	0	0	0	0	0	0
chr3.21102500.21103000	neg	0	1	0	0	0	0	1	0	0	0	0
chr3.21234000.21234500	neg	0	1	0	0	0	0	1	0	0	0	0
chr3.22188000.22188500	neg	0	0	0	0	0	0	0	0	0	0	0
chr3.22398500.22399000	neg	0	1	0	0	0	0	1	0	0	0	0
chr3.22637000.22637500	neg	0	0	0	0	0	0	0	0	0	0	0
chr3.22641500.22642000	neg	0	0	0	0	0	0	0	0	0	0	0
chr3.22780000.22780500	neg	0	0	0	0	0	0	0	0	0	0	0
chr3.23352000.23352500	neg	0	1	0	0	0	0	0	0	0	0	0
chr3.23584500.23585000	neg	0	1	0	0	0	0	1	0	0	0	0
chr3.23670500.23671000	neg	0	0	0	0	0	0	0	0	0	0	0
chr3.24178500.24179000	neg	0	0	0	0	0	0	0	0	0	0	0
chr3.25251000.25251500	neg	0	0	0	0	0	0	0	0	0	0	0
chr3.25405000.25405500	neg	0	1	0	0	0	0	0	0	0	0	0
chr3.25995500.25996000	neg	0	1	0	0	0	0	1	0	0	0	0
chr3.26131500.26132000	neg	0	0	0	0	0	0	0	0	0	0	0
chr3.26296500.26297000	neg	0	0	0	0	0	0	0	0	0	0	0
chr3.26942000.26942500	neg	0	0	0	0	0	0	1	0	0	0	0
chr3.26976000.26976500	neg	0	0	0	0	0	0	0	0	0	0	0
chr3.27139000.27139500	neg	0	0	0	0	0	0	0	0	0	0	0
chr4.225000.225500	neg	0	0	0	0	0	0	0	0	0	0	0
chr4.429000.429500	neg	0	1	0	0	0	0	1	0	0	0	0
chr4.698000.698500	neg	0	0	0	0	0	0	1	0	0	0	0
chr4.1318000.1318500	neg	0	1	0	0	0	0	1	0	0	0	0
chr4.1699500.1700000	neg	0	1	0	0	0	0	0	0	0	0	0
chr4.1830500.1831000	neg	0	1	0	0	0	0	1	0	0	0	0
chr4.2059000.2059500	neg	0	1	0	0	0	0	1	0	0	0	0
chr4.2094000.2094500	neg	0	0	0	0	0	0	0	0	0	0	0
chr4.2307000.2307500	neg	0	0	0	0	0	0	1	0	0	0	0
chr4.2410000.2410500	neg	0	0	0	0	0	0	0	0	0	0	0
chr4.2506000.2506500	neg	0	1	0	0	0	0	1	0	0	0	0
chr4.2713500.2714000	neg	0	1	0	0	0	0	1	0	0	0	0
chr4.3145000.3145500	neg	0	1	0	0	0	0	1	0	0	0	0
chr4.3435500.3436000	neg	0	1	0	0	0	0	0	0	0	0	0
chr4.3915000.3915500	neg	0	0	0	0	0	0	0	0	0	0	0
chr4.4082500.4083000	neg	0	0	0	0	0	0	0	0	0	0	0
chr4.4237000.4237500	neg	0	0	0	0	0	0	0	0	0	0	0
chr4.4699500.4700000	neg	0	0	0	0	0	0	0	0	0	0	0
chr4.5690500.5691000	neg	0	0	0	0	0	0	0	0	0	0	0
chr4.5918000.5918500	neg	0	1	0	0	0	0	1	0	0	0	0
chr4.6745000.6745500	neg	0	1	0	0	0	0	1	0	0	0	0
chr4.6747500.6748000	neg	0	0	0	0	0	0	0	0	0	0	0
chr4.6875000.6875500	neg	0	0	0	0	0	0	1	0	0	0	0
chr4.7980000.7980500	neg	0	1	0	0	0	0	1	0	0	0	0
chr4.7995000.7995500	neg	0	0	0	0	0	0	0	0	0	0	0
chr4.8285500.8286000	neg	0	0	0	0	0	0	0	0	0	0	0
chr4.8628500.8629000	neg	0	0	0	0	0	0	0	0	0	0	0
chr4.8700500.8701000	neg	0	1	0	0	0	0	0	0	0	0	0
chr4.8748500.8749000	neg	0	0	0	0	0	0	0	0	0	0	0
chr4.9271000.9271500	neg	0	0	0	0	0	0	1	0	0	0	0
chr4.9718500.9719000	neg	0	0	0	0	0	0	1	0	0	0	0
chr4.9883500.9884000	neg	0	1	0	0	0	0	0	0	0	0	0
chr4.9985500.9986000	neg	0	1	0	0	0	0	1	0	0	0	0
chr4.10053500.10054000	neg	0	0	0	0	0	0	0	0	0	0	0
chr4.10127000.10127500	neg	0	1	0	0	0	0	1	0	0	0	0
chr4.10583500.10584000	neg	0	0	0	0	0	0	0	0	0	0	0
chr4.10752000.10752500	neg	0	0	0	0	0	0	0	0	0	0	0
chr4.10870000.10870500	neg	0	1	0	0	0	0	1	0	0	0	0
chr4.11017000.11017500	neg	0	0	0	0	0	0	0	0	0	0	0
chr4.11212500.11213000	neg	0	0	0	0	0	0	0	0	0	0	0
chr4.11232000.11232500	neg	0	0	0	0	0	0	0	0	0	0	0
chr4.11389000.11389500	neg	0	0	0	0	0	0	0	0	0	0	0
chr4.11389500.11390000	neg	0	0	0	0	0	0	0	0	0	0	0
chr4.11449000.11449500	neg	0	0	0	0	0	0	0	0	0	0	0
chr4.11669000.11669500	neg	0	0	0	0	0	0	0	0	0	0	0
chr4.11748500.11749000	neg	0	0	0	0	0	0	1	0	0	0	0
chr4.11793500.11794000	neg	0	1	0	0	0	0	0	0	0	0	0
chr4.11808500.11809000	neg	0	1	0	0	0	0	0	0	0	0	0
chr4.12188000.12188500	neg	0	0	0	0	0	0	0	0	0	0	0
chr4.12249500.12250000	neg	0	0	0	0	0	0	0	0	0	0	0
chr4.12350000.12350500	neg	0	0	0	0	0	0	1	0	0	0	0
chr4.12421500.12422000	neg	0	0	0	0	0	0	0	0	0	0	0
chr4.12710000.12710500	neg	0	1	0	0	0	0	1	0	0	0	0
chr4.13268500.13269000	neg	0	0	0	0	0	0	0	0	0	0	0
chr4.13665000.13665500	neg	0	0	0	0	0	0	0	0	0	0	0
chr4.13865500.13866000	neg	0	0	0	0	0	0	0	0	0	0	0
chr4.14443500.14444000	neg	0	0	0	0	0	0	0	0	0	0	0
chr4.14963000.14963500	neg	0	0	0	0	0	0	0	0	0	0	0
chr4.15526000.15526500	neg	0	0	0	0	0	0	0	0	0	0	0
chr4.15697500.15698000	neg	0	0	0	0	0	0	0	0	0	0	0
chr4.16433000.16433500	neg	0	1	0	0	0	0	1	0	0	0	0
chr4.16686000.16686500	neg	0	1	0	0	0	0	1	0	0	0	0
chr4.17166500.17167000	neg	0	1	0	0	0	0	1	0	0	0	0
chr4.17189500.17190000	neg	0	0	0	0	0	0	1	0	0	0	0
chr4.17595000.17595500	neg	0	1	0	0	0	0	1	0	0	0	0
chr4.17951500.17952000	neg	0	1	0	0	0	0	0	0	0	0	0
chr4.18317500.18318000	neg	0	0	0	0	0	0	1	0	0	0	0
chr4.18514500.18515000	neg	0	0	0	0	0	0	0	0	0	0	0
chr4.18525500.18526000	neg	0	0	0	0	0	0	1	0	0	0	0
chr4.18526000.18526500	neg	0	0	0	0	0	0	0	0	0	0	0
chr4.18674000.18674500	neg	0	0	0	0	0	0	0	0	0	0	0
chr4.18741000.18741500	neg	0	0	0	0	0	0	0	0	0	0	0
chr4.18906500.18907000	neg	0	0	0	0	0	0	0	0	0	0	0
chr4.19260000.19260500	neg	0	0	0	0	0	0	1	0	0	0	0
chr4.19260500.19261000	neg	0	0	0	0	0	0	0	0	0	0	0
chr4.19676500.19677000	neg	0	1	0	0	0	0	1	0	0	0	0
chr4.19746000.19746500	neg	0	1	0	0	0	0	1	0	0	0	0
chr4.19928000.19928500	neg	0	0	0	0	0	0	0	0	0	0	0
chr4.19979500.19980000	neg	0	0	0	0	0	0	0	0	0	0	0
chr4.20368500.20369000	neg	0	0	0	0	0	0	0	0	0	0	0
chr4.20692500.20693000	neg	0	0	0	0	0	0	0	0	0	0	0
chr4.20807000.20807500	neg	0	0	0	0	0	0	0	0	0	0	0
chr4.20826000.20826500	neg	0	0	0	0	0	0	0	0	0	0	0
chr4.21151500.21152000	neg	0	0	0	0	0	0	0	0	0	0	0
chr4.21541500.21542000	neg	0	0	0	0	0	0	1	0	0	0	0
chr4.22041500.22042000	neg	0	0	0	0	0	0	0	0	0	0	0
chr4.22507500.22508000	neg	0	1	0	0	0	0	1	0	0	0	0
chr4.22874500.22875000	neg	0	1	0	0	0	0	1	0	0	0	0
chr4.22951000.22951500	neg	0	1	0	0	0	0	1	0	0	0	0
chr4.23037000.23037500	neg	0	1	0	0	0	0	1	0	0	0	0
chr4.23072000.23072500	neg	0	0	0	0	0	0	0	0	0	0	0
chr4.23400000.23400500	neg	0	1	0	0	0	0	0	0	0	0	0
chr4.24059500.24060000	neg	0	0	0	0	0	0	0	0	0	0	0
chr4.24070000.24070500	neg	0	0	0	0	0	0	0	0	0	0	0
chr4.24297500.24298000	neg	0	0	0	0	0	0	1	0	0	0	0
chr4.24298500.24299000	neg	0	0	0	0	0	0	0	0	0	0	0
chr4.24697500.24698000	neg	0	0	0	0	0	0	0	0	0	0	0
chr4.24817000.24817500	neg	0	1	0	0	0	0	1	0	0	0	0
chr4.25058500.25059000	neg	0	0	0	0	0	0	1	0	0	0	0
chr4.25131500.25132000	neg	0	1	0	0	0	0	1	0	0	0	0
chr4.25573500.25574000	neg	0	1	0	0	0	0	1	0	0	0	0
chr4.25627000.25627500	neg	0	1	0	0	0	0	1	0	0	0	0
chr4.25918000.25918500	neg	0	0	0	0	0	0	0	0	0	0	0
chr4.26155500.26156000	neg	0	1	0	0	0	0	1	0	0	0	0
chr4.26259500.26260000	neg	0	1	0	0	0	0	1	0	0	0	0
chr4.26555000.26555500	neg	0	0	0	0	0	0	0	0	0	0	0
chr4.26673500.26674000	neg	0	1	0	0	0	0	1	0	0	0	0
chr4.26792500.26793000	neg	0	0	0	0	0	0	0	0	0	0	0
chr4.26902500.26903000	neg	0	0	0	0	0	0	0	0	0	0	0
chr4.26928500.26929000	neg	0	0	0	0	0	0	0	0	0	0	0
chr4.26933000.26933500	neg	0	0	0	0	0	0	0	0	0	0	0
chr4.26946000.26946500	neg	0	0	0	0	0	0	0	0	0	0	0
chr5.83500.84000	neg	0	1	0	0	0	0	1	0	0	0	0
chr5.120000.120500	neg	0	1	0	0	0	0	1	0	0	0	0
chr5.288000.288500	neg	0	0	0	0	0	0	0	0	0	0	0
chr5.480500.481000	neg	0	1	0	0	0	0	1	0	0	0	0
chr5.884000.884500	neg	0	0	0	0	0	0	0	0	0	0	0
chr5.1073500.1074000	neg	0	1	0	0	0	0	1	0	0	0	0
chr5.1141000.1141500	neg	0	0	0	0	0	0	0	0	0	0	0
chr5.2940000.2940500	neg	0	0	0	0	0	0	0	0	0	0	0
chr5.3173000.3173500	neg	0	1	0	0	0	0	0	0	0	0	0
chr5.3214000.3214500	neg	0	1	0	0	0	0	0	0	0	0	0
chr5.3410000.3410500	neg	0	1	0	0	0	0	1	0	0	0	0
chr5.3428500.3429000	neg	0	1	0	0	0	0	1	0	0	0	0
chr5.3464500.3465000	neg	0	0	0	0	0	0	1	0	0	0	0
chr5.3487000.3487500	neg	0	0	0	0	0	0	0	0	0	0	0
chr5.3639500.3640000	neg	0	0	0	0	0	0	0	0	0	0	0
chr5.3874000.3874500	neg	0	0	0	0	0	0	0	0	0	0	0
chr5.4047000.4047500	neg	0	0	0	0	0	0	1	0	0	0	0
chr5.4054500.4055000	neg	0	0	0	0	0	0	1	0	0	0	0
chr5.4291500.4292000	neg	0	0	0	0	0	0	1	0	0	0	0
chr5.4489500.4490000	neg	0	1	0	0	0	0	0	0	0	0	0
chr5.4931500.4932000	neg	0	0	0	0	0	0	0	0	0	0	0
chr5.5603500.5604000	neg	0	0	0	0	0	0	0	0	0	0	0
chr5.5819500.5820000	neg	0	1	0	0	0	0	0	0	0	0	0
chr5.6406000.6406500	neg	0	1	0	0	0	0	1	0	0	0	0
chr5.6454000.6454500	neg	0	0	0	0	0	0	0	0	0	0	0
chr5.6488500.6489000	neg	0	0	0	0	0	0	0	0	0	0	0
chr5.7220500.7221000	neg	0	0	0	0	0	0	1	0	0	0	0
chr5.7344500.7345000	neg	0	0	0	0	0	0	0	0	0	0	0
chr5.7362500.7363000	neg	0	1	0	0	0	0	1	0	0	0	0
chr5.7620500.7621000	neg	0	1	0	0	0	0	0	0	0	0	0
chr5.8011000.8011500	neg	0	0	0	0	0	0	0	0	0	0	0
chr5.8027500.8028000	neg	0	1	0	0	0	0	0	0	0	0	0
chr5.8033500.8034000	neg	0	1	0	0	0	0	0	0	0	0	0
chr5.8060500.8061000	neg	0	0	0	0	0	0	0	0	0	0	0
chr5.8333500.8334000	neg	0	0	0	0	0	0	0	0	0	0	0
chr5.8826500.8827000	neg	0	1	0	0	0	0	1	0	0	0	0
chr5.8990500.8991000	neg	0	1	0	0	0	0	1	0	0	0	0
chr5.9325000.9325500	neg	0	1	0	0	0	0	1	0	0	0	0
chr5.9482500.9483000	neg	0	1	0	0	0	0	0	0	0	0	0
chr5.9532000.9532500	neg	0	0	0	0	0	0	0	0	0	0	0
chr5.9980500.9981000	neg	0	0	0	0	0	0	0	0	0	0	0
chr5.10078500.10079000	neg	0	1	0	0	0	0	1	0	0	0	0
chr5.10199000.10199500	neg	0	1	0	0	0	0	0	0	0	0	0
chr5.10247500.10248000	neg	0	1	0	0	0	0	0	0	0	0	0
chr5.10345000.10345500	neg	0	1	0	0	0	0	1	0	0	0	0
chr5.10540000.10540500	neg	0	0	0	0	0	0	0	0	0	0	0
chr5.10858500.10859000	neg	0	0	0	0	0	0	0	0	0	0	0
chr5.10874500.10875000	neg	0	1	0	0	0	0	0	0	0	0	0
chr5.11194000.11194500	neg	0	0	0	0	0	0	0	0	0	0	0
chr5.11714000.11714500	neg	0	1	0	0	0	0	0	0	0	0	0
chr5.12618500.12619000	neg	0	0	0	0	0	0	0	0	0	0	0
chr5.12623000.12623500	neg	0	1	0	0	0	0	0	0	0	0	0
chr5.12924000.12924500	neg	0	0	0	0	0	0	0	0	0	0	0
chr5.12965500.12966000	neg	0	0	0	0	0	0	0	0	0	0	0
chr5.13051500.13052000	neg	0	0	0	0	0	0	0	0	0	0	0
chr5.13061000.13061500	neg	0	0	0	0	0	0	1	0	0	0	0
chr5.13663500.13664000	neg	0	0	0	0	0	0	0	0	0	0	0
chr5.13777000.13777500	neg	0	1	0	0	0	0	1	0	0	0	0
chr5.13816000.13816500	neg	0	0	0	0	0	0	1	0	0	0	0
chr5.14312500.14313000	neg	0	1	0	0	0	0	1	0	0	0	0
chr5.14888000.14888500	neg	0	1	0	0	0	0	0	0	0	0	0
chr5.15130000.15130500	neg	0	1	0	0	0	0	1	0	0	0	0
chr5.15227000.15227500	neg	0	0	0	0	0	0	1	0	0	0	0
chr5.15500500.15501000	neg	0	0	0	0	0	0	0	0	0	0	0
chr5.15697500.15698000	neg	0	0	0	0	0	0	0	0	0	0	0
chr5.15762000.15762500	neg	0	0	0	0	0	0	0	0	0	0	0
chr5.16152500.16153000	neg	0	1	0	0	0	0	1	0	0	0	0
chr5.16156000.16156500	neg	0	0	0	0	0	0	0	0	0	0	0
chr5.16333500.16334000	neg	0	0	0	0	0	0	0	0	0	0	0
chr5.16378500.16379000	neg	0	0	0	0	0	0	0	0	0	0	0
chr5.16478500.16479000	neg	0	0	0	0	0	0	0	0	0	0	0
chr5.16511000.16511500	neg	0	0	0	0	0	0	0	0	0	0	0
chr5.16530500.16531000	neg	0	0	0	0	0	0	0	0	0	0	0
chr5.16847000.16847500	neg	0	0	0	0	0	0	1	0	0	0	0
chr5.17222000.17222500	neg	0	1	0	0	0	0	1	0	0	0	0
chr5.17387500.17388000	neg	0	1	0	0	0	0	0	0	0	0	0
chr5.18055500.18056000	neg	0	0	0	0	0	0	0	0	0	0	0
chr5.18070000.18070500	neg	0	0	0	0	0	0	0	0	0	0	0
chr5.18100500.18101000	neg	0	1	0	0	0	0	0	0	0	0	0
chr5.18523500.18524000	neg	0	1	0	0	0	0	0	0	0	0	0
chr5.18624500.18625000	neg	0	1	0	0	0	0	0	0	0	0	0
chr5.18746000.18746500	neg	0	0	0	0	0	0	0	0	0	0	0
chr5.18825000.18825500	neg	0	1	0	0	0	0	0	0	0	0	0
chr5.19513500.19514000	neg	0	1	0	0	0	0	0	0	0	0	0
chr5.19636500.19637000	neg	0	0	0	0	0	0	0	0	0	0	0
chr5.20416500.20417000	neg	0	0	0	0	0	0	1	0	0	0	0
chr5.20446000.20446500	neg	0	1	0	0	0	0	0	0	0	0	0
chr5.20536500.20537000	neg	0	0	0	0	0	0	0	0	0	0	0
chr5.20823000.20823500	neg	0	1	0	0	0	0	1	0	0	0	0
chr5.20912000.20912500	neg	0	0	0	0	0	0	0	0	0	0	0
chr5.21287500.21288000	neg	0	1	0	0	0	0	1	0	0	0	0
chr5.21858000.21858500	neg	0	1	0	0	0	0	0	0	0	0	0
chr5.21956500.21957000	neg	0	0	0	0	0	0	0	0	0	0	0
chr5.22101500.22102000	neg	0	0	0	0	0	0	0	0	0	0	0
chr5.22837000.22837500	neg	0	0	0	0	0	0	0	0	0	0	0
chr5.22840500.22841000	neg	0	0	0	0	0	0	0	0	0	0	0
chr5.23012500.23013000	neg	0	0	0	0	0	0	0	0	0	0	0
chr5.23040500.23041000	neg	0	1	0	0	0	0	1	0	0	0	0
chr5.23052500.23053000	neg	0	0	0	0	0	0	1	0	0	0	0
chr5.23130000.23130500	neg	0	1	0	0	0	0	0	0	0	0	0
chr5.23289000.23289500	neg	0	1	0	0	0	0	1	0	0	0	0
chr5.23502500.23503000	neg	0	0	0	0	0	0	0	0	0	0	0
chr5.24223000.24223500	neg	0	1	0	0	0	0	1	0	0	0	0
chr5.24997500.24998000	neg	0	0	0	0	0	0	0	0	0	0	0
chr5.24998000.24998500	neg	0	1	0	0	0	0	0	0	0	0	0
chr5.25041500.25042000	neg	0	0	0	0	0	0	0	0	0	0	0
chr5.25467000.25467500	neg	0	0	0	0	0	0	0	0	0	0	0
chr5.25606500.25607000	neg	0	0	0	0	0	0	1	0	0	0	0
chr5.25630000.25630500	neg	0	0	0	0	0	0	0	0	0	0	0
chr5.26002000.26002500	neg	0	1	0	0	0	0	1	0	0	0	0
chr5.26171500.26172000	neg	0	1	0	0	0	0	1	0	0	0	0
chr5.26347000.26347500	neg	0	1	0	0	0	0	1	0	0	0	0
chr5.26388000.26388500	neg	0	0	0	0	0	0	0	0	0	0	0
chr5.26704500.26705000	neg	0	0	0	0	0	0	0	0	0	0	0
chr6.105000.105500	neg	0	0	0	0	0	0	1	0	0	0	0
chr6.124500.125000	neg	0	0	0	0	0	0	1	0	0	0	0
chr6.204500.205000	neg	0	1	0	0	0	0	1	0	0	0	0
chr6.1004000.1004500	neg	0	0	0	0	0	0	0	0	0	0	0
chr6.1360500.1361000	neg	0	0	0	0	0	0	0	0	0	0	0
chr6.1787000.1787500	neg	0	0	0	0	0	0	1	0	0	0	0
chr6.1878000.1878500	neg	0	0	0	0	0	0	1	0	0	0	0
chr6.2286500.2287000	neg	0	0	0	0	0	0	0	0	0	0	0
chr6.2427500.2428000	neg	0	0	0	0	0	0	1	0	0	0	0
chr6.3124500.3125000	neg	0	1	0	0	0	0	0	0	0	0	0
chr6.3215500.3216000	neg	0	1	0	0	0	0	1	0	0	0	0
chr6.3272500.3273000	neg	0	1	0	0	0	0	1	0	0	0	0
chr6.3388000.3388500	neg	0	1	0	0	0	0	1	0	0	0	0
chr6.3402500.3403000	neg	0	1	0	0	0	0	0	0	0	0	0
chr6.3992000.3992500	neg	0	1	0	0	0	0	1	0	0	0	0
chr6.4375500.4376000	neg	0	1	0	0	0	0	0	0	0	0	0
chr6.4390000.4390500	neg	0	0	0	0	0	0	0	0	0	0	0
chr6.4686000.4686500	neg	0	0	0	0	0	0	1	0	0	0	0
chr6.5097500.5098000	neg	0	0	0	0	0	0	1	0	0	0	0
chr6.5314500.5315000	neg	0	0	0	0	0	0	0	0	0	0	0
chr6.5670500.5671000	neg	0	0	0	0	0	0	0	0	0	0	0
chr6.5879500.5880000	neg	0	0	0	0	0	0	1	0	0	0	0
chr6.5956000.5956500	neg	0	1	0	0	0	0	0	0	0	0	0
chr6.6098500.6099000	neg	0	0	0	0	0	0	0	0	0	0	0
chr6.6684000.6684500	neg	0	1	0	0	0	0	1	0	0	0	0
chr6.7088500.7089000	neg	0	0	0	0	0	0	0	0	0	0	0
chr6.7097500.7098000	neg	0	0	0	0	0	0	0	0	0	0	0
chr6.7343000.7343500	neg	0	1	0	0	0	0	1	0	0	0	0
chr6.7358000.7358500	neg	0	0	0	0	0	0	1	0	0	0	0
chr6.8103000.8103500	neg	0	0	0	0	0	0	0	0	0	0	0
chr6.8202000.8202500	neg	0	0	0	0	0	0	0	0	0	0	0
chr6.8301000.8301500	neg	0	0	0	0	0	0	0	0	0	0	0
chr6.8429500.8430000	neg	0	0	0	0	0	0	0	0	0	0	0
chr6.9044000.9044500	neg	0	1	0	0	0	0	1	0	0	0	0
chr6.9090000.9090500	neg	0	1	0	0	0	0	0	0	0	0	0
chr6.9201500.9202000	neg	0	1	0	0	0	0	1	0	0	0	0
chr6.9393000.9393500	neg	0	1	0	0	0	0	1	0	0	0	0
chr6.9810500.9811000	neg	0	0	0	0	0	0	1	0	0	0	0
chr6.9852500.9853000	neg	0	0	0	0	0	0	0	0	0	0	0
chr6.10390500.10391000	neg	0	1	0	0	0	0	1	0	0	0	0
chr6.10461500.10462000	neg	0	1	0	0	0	0	0	0	0	0	0
chr6.10637000.10637500	neg	0	0	0	0	0	0	0	0	0	0	0
chr6.10707000.10707500	neg	0	1	0	0	0	0	0	0	0	0	0
chr6.11168000.11168500	neg	0	0	0	0	0	0	0	0	0	0	0
chr6.11210000.11210500	neg	0	0	0	0	0	0	1	0	0	0	0
chr6.11215000.11215500	neg	0	0	0	0	0	0	0	0	0	0	0
chr6.11234000.11234500	neg	0	0	0	0	0	0	0	0	0	0	0
chr6.11938500.11939000	neg	0	0	0	0	0	0	1	0	0	0	0
chr6.11989000.11989500	neg	0	1	0	0	0	0	0	0	0	0	0
chr6.12033500.12034000	neg	0	1	0	0	0	0	1	0	0	0	0
chr6.12410500.12411000	neg	0	0	0	0	0	0	0	0	0	0	0
chr6.13242000.13242500	neg	0	1	0	0	0	0	0	0	0	0	0
chr6.13429500.13430000	neg	0	1	0	0	0	0	0	0	0	0	0
chr6.14243000.14243500	neg	0	1	0	0	0	0	1	0	0	0	0
chr6.14866000.14866500	neg	0	1	0	0	0	0	1	0	0	0	0
chr6.14935000.14935500	neg	0	0	0	0	0	0	0	0	0	0	0
chr6.15017000.15017500	neg	0	0	0	0	0	0	0	0	0	0	0
chr6.15210500.15211000	neg	0	1	0	0	0	0	1	0	0	0	0
chr6.16036500.16037000	neg	0	1	0	0	0	0	1	0	0	0	0
chr6.16059000.16059500	neg	0	1	0	0	0	0	1	0	0	0	0
chr6.17015500.17016000	neg	0	1	0	0	0	0	1	0	0	0	0
chr6.17295500.17296000	neg	0	1	0	0	0	0	0	0	0	0	0
chr6.18156500.18157000	neg	0	0	0	0	0	0	1	0	0	0	0
chr6.18232000.18232500	neg	0	0	0	0	0	0	0	0	0	0	0
chr6.18453500.18454000	neg	0	0	0	0	0	0	1	0	0	0	0
chr6.18458500.18459000	neg	0	1	0	0	0	0	1	0	0	0	0
chr6.18851000.18851500	neg	0	0	0	0	0	0	0	0	0	0	0
chr6.19778500.19779000	neg	0	1	0	0	0	0	0	0	0	0	0
chr6.20341000.20341500	neg	0	1	0	0	0	0	1	0	0	0	0
chr6.20599500.20600000	neg	0	0	0	0	0	0	0	0	0	0	0
chr6.20849500.20850000	neg	0	0	0	0	0	0	0	0	0	0	0
chr6.20887000.20887500	neg	0	0	0	0	0	0	1	0	0	0	0
chr6.20903000.20903500	neg	0	1	0	0	0	0	0	0	0	0	0
chr6.20911000.20911500	neg	0	0	0	0	0	0	0	0	0	0	0
chr6.21062500.21063000	neg	0	0	0	0	0	0	0	0	0	0	0
chr6.21099500.21100000	neg	0	1	0	0	0	0	1	0	0	0	0
chr6.21100000.21100500	neg	0	1	0	0	0	0	1	0	0	0	0
chr6.21251500.21252000	neg	0	0	0	0	0	0	0	0	0	0	0
chr6.21471000.21471500	neg	0	0	0	0	0	0	0	0	0	0	0
chr6.21472000.21472500	neg	0	1	0	0	0	0	1	0	0	0	0
chr6.21975500.21976000	neg	0	0	0	0	0	0	0	0	0	0	0
chr6.22179000.22179500	neg	0	1	0	0	0	0	1	0	0	0	0
chr6.22753000.22753500	neg	0	0	0	0	0	0	0	0	0	0	0
chr6.22859500.22860000	neg	0	0	0	0	0	0	0	0	0	0	0
chr6.23389500.23390000	neg	0	0	0	0	0	0	0	0	0	0	0
chr6.23601000.23601500	neg	0	1	0	0	0	0	1	0	0	0	0
chr6.23787000.23787500	neg	0	0	0	0	0	0	0	0	0	0	0
chr7.726000.726500	neg	0	1	0	0	0	0	1	0	0	0	0
chr7.1198000.1198500	neg	0	0	0	0	0	0	1	0	0	0	0
chr7.1268000.1268500	neg	0	0	0	0	0	0	0	0	0	0	0
chr7.1732000.1732500	neg	0	0	0	0	0	0	0	0	0	0	0
chr7.1743500.1744000	neg	0	0	0	0	0	0	0	0	0	0	0
chr7.2035000.2035500	neg	0	0	0	0	0	0	0	0	0	0	0
chr7.2335500.2336000	neg	0	1	0	0	0	0	1	0	0	0	0
chr7.2589500.2590000	neg	0	0	0	0	0	0	0	0	0	0	0
chr7.2950000.2950500	neg	0	0	0	0	0	0	0	0	0	0	0
chr7.3062500.3063000	neg	0	0	0	0	0	0	0	0	0	0	0
chr7.3172500.3173000	neg	0	0	0	0	0	0	0	0	0	0	0
chr7.3181500.3182000	neg	0	0	0	0	0	0	0	0	0	0	0
chr7.3710500.3711000	neg	0	0	0	0	0	0	0	0	0	0	0
chr7.3730000.3730500	neg	0	0	0	0	0	0	0	0	0	0	0
chr7.4095500.4096000	neg	0	1	0	0	0	0	1	0	0	0	0
chr7.5179000.5179500	neg	0	0	0	0	0	0	0	0	0	0	0
chr7.5465000.5465500	neg	0	1	0	0	0	0	1	0	0	0	0
chr7.5867500.5868000	neg	0	0	0	0	0	0	0	0	0	0	0
chr7.6369000.6369500	neg	0	1	0	0	0	0	1	0	0	0	0
chr7.6380500.6381000	neg	0	1	0	0	0	0	1	0	0	0	0
chr7.6661000.6661500	neg	0	0	0	0	0	0	0	0	0	0	0
chr7.7278500.7279000	neg	0	1	0	0	0	0	0	0	0	0	0
chr7.7464500.7465000	neg	0	1	0	0	0	0	1	0	0	0	0
chr7.7470500.7471000	neg	0	0	0	0	0	0	0	0	0	0	0
chr7.7541500.7542000	neg	0	1	0	0	0	0	1	0	0	0	0
chr7.7670000.7670500	neg	0	1	0	0	0	0	1	0	0	0	0
chr7.7865000.7865500	neg	0	1	0	0	0	0	0	0	0	0	0
chr7.8027500.8028000	neg	0	0	0	0	0	0	0	0	0	0	0
chr7.8829000.8829500	neg	0	0	0	0	0	0	1	0	0	0	0
chr7.8922500.8923000	neg	0	1	0	0	0	0	1	0	0	0	0
chr7.9013000.9013500	neg	0	1	0	0	0	0	1	0	0	0	0
chr7.9167000.9167500	neg	0	0	0	0	0	0	0	0	0	0	0
chr7.9661500.9662000	neg	0	1	0	0	0	0	1	0	0	0	0
chr7.10058000.10058500	neg	0	1	0	0	0	0	1	0	0	0	0
chr7.10311500.10312000	neg	0	0	0	0	0	0	1	0	0	0	0
chr7.10351000.10351500	neg	0	1	0	0	0	0	1	0	0	0	0
chr7.10683000.10683500	neg	0	1	0	0	0	0	1	0	0	0	0
chr7.10897000.10897500	neg	0	0	0	0	0	0	0	0	0	0	0
chr7.11526500.11527000	neg	0	1	0	0	0	0	1	0	0	0	0
chr7.11897000.11897500	neg	0	1	0	0	0	0	1	0	0	0	0
chr7.12358500.12359000	neg	0	0	0	0	0	0	0	0	0	0	0
chr7.12888500.12889000	neg	0	0	0	0	0	0	0	0	0	0	0
chr7.12922000.12922500	neg	0	0	0	0	0	0	0	0	0	0	0
chr7.13054500.13055000	neg	0	0	0	0	0	0	1	0	0	0	0
chr7.13148500.13149000	neg	0	1	0	0	0	0	1	0	0	0	0
chr7.13300500.13301000	neg	0	0	0	0	0	0	0	0	0	0	0
chr7.13506500.13507000	neg	0	1	0	0	0	0	1	0	0	0	0
chr7.13654500.13655000	neg	0	1	0	0	0	0	1	0	0	0	0
chr7.13883000.13883500	neg	0	1	0	0	0	0	1	0	0	0	0
chr7.14059000.14059500	neg	0	1	0	0	0	0	1	0	0	0	0
chr7.14062000.14062500	neg	0	1	0	0	0	0	1	0	0	0	0
chr7.14239500.14240000	neg	0	0	0	0	0	0	0	0	0	0	0
chr7.14417500.14418000	neg	0	0	0	0	0	0	0	0	0	0	0
chr7.14528000.14528500	neg	0	0	0	0	0	0	0	0	0	0	0
chr7.14642500.14643000	neg	0	0	0	0	0	0	1	0	0	0	0
chr7.14917000.14917500	neg	0	1	0	0	0	0	1	0	0	0	0
chr7.15073000.15073500	neg	0	1	0	0	0	0	1	0	0	0	0
chr7.15223500.15224000	neg	0	0	0	0	0	0	0	0	0	0	0
chr7.15650500.15651000	neg	0	1	0	0	0	0	0	0	0	0	0
chr7.15657000.15657500	neg	0	1	0	0	0	0	1	0	0	0	0
chr7.15687500.15688000	neg	0	1	0	0	0	0	1	0	0	0	0
chr7.15982500.15983000	neg	0	0	0	0	0	0	0	0	0	0	0
chr7.16122000.16122500	neg	0	0	0	0	0	0	0	0	0	0	0
chr7.16155500.16156000	neg	0	0	0	0	0	0	0	0	0	0	0
chr7.16159000.16159500	neg	0	0	0	0	0	0	0	0	0	0	0
chr7.16168500.16169000	neg	0	1	0	0	0	0	1	0	0	0	0
chr7.16589000.16589500	neg	0	1	0	0	0	0	1	0	0	0	0
chr7.16739500.16740000	neg	0	0	0	0	0	0	0	0	0	0	0
chr7.16799500.16800000	neg	0	1	0	0	0	0	0	0	0	0	0
chr7.17217500.17218000	neg	0	0	0	0	0	0	0	0	0	0	0
chr7.17488500.17489000	neg	0	0	0	0	0	0	1	0	0	0	0
chr7.17632500.17633000	neg	0	1	0	0	0	0	1	0	0	0	0
chr7.17728000.17728500	neg	0	0	0	0	0	0	0	0	0	0	0
chr7.18226000.18226500	neg	0	1	0	0	0	0	1	0	0	0	0
chr7.18842500.18843000	neg	0	1	0	0	0	0	0	0	0	0	0
chr7.18999500.19000000	neg	0	0	0	0	0	0	0	0	0	0	0
chr7.19149500.19150000	neg	0	1	0	0	0	0	1	0	0	0	0
chr7.19198000.19198500	neg	0	1	0	0	0	0	0	0	0	0	0
chr7.19437000.19437500	neg	0	0	0	0	0	0	0	0	0	0	0
chr7.19563000.19563500	neg	0	1	0	0	0	0	0	0	0	0	0
chr7.19789500.19790000	neg	0	1	0	0	0	0	1	0	0	0	0
chr7.19926500.19927000	neg	0	0	0	0	0	0	1	0	0	0	0
chr7.20248000.20248500	neg	0	0	0	0	0	0	1	0	0	0	0
chr7.20385500.20386000	neg	0	0	0	0	0	0	1	0	0	0	0
chr7.20623000.20623500	neg	0	1	0	0	0	0	1	0	0	0	0
chr7.20774500.20775000	neg	0	1	0	0	0	0	1	0	0	0	0
chr7.20908500.20909000	neg	0	1	0	0	0	0	0	0	0	0	0
chr7.20938000.20938500	neg	0	0	0	0	0	0	1	0	0	0	0
chr7.20959000.20959500	neg	0	1	0	0	0	0	0	0	0	0	0
chr7.21417000.21417500	neg	0	1	0	0	0	0	1	0	0	0	0
chr7.21479500.21480000	neg	0	1	0	0	0	0	0	0	0	0	0
chr7.21798000.21798500	neg	0	0	0	0	0	0	1	0	0	0	0
chr8.29000.29500	neg	0	1	0	0	0	0	1	0	0	0	0
chr8.41500.42000	neg	0	1	0	0	0	0	1	0	0	0	0
chr8.496500.497000	neg	0	1	0	0	0	0	1	0	0	0	0
chr8.568000.568500	neg	0	1	0	0	0	0	0	0	0	0	0
chr8.1912500.1913000	neg	0	1	0	0	0	0	1	0	0	0	0
chr8.2064000.2064500	neg	0	0	0	0	0	0	0	0	0	0	0
chr8.2123000.2123500	neg	0	0	0	0	0	0	0	0	0	0	0
chr8.2310500.2311000	neg	0	1	0	0	0	0	0	0	0	0	0
chr8.2539500.2540000	neg	0	0	0	0	0	0	0	0	0	0	0
chr8.3171500.3172000	neg	0	0	0	0	0	0	1	0	0	0	0
chr8.3244500.3245000	neg	0	0	0	0	0	0	0	0	0	0	0
chr8.3288000.3288500	neg	0	0	0	0	0	0	0	0	0	0	0
chr8.3412500.3413000	neg	0	1	0	0	0	0	1	0	0	0	0
chr8.3455000.3455500	neg	0	0	0	0	0	0	0	0	0	0	0
chr8.3702000.3702500	neg	0	0	0	0	0	0	0	0	0	0	0
chr8.3885000.3885500	neg	0	1	0	0	0	0	1	0	0	0	0
chr8.3921000.3921500	neg	0	0	0	0	0	0	0	0	0	0	0
chr8.3924000.3924500	neg	0	0	0	0	0	0	1	0	0	0	0
chr8.4033000.4033500	neg	0	0	0	0	0	0	0	0	0	0	0
chr8.4729500.4730000	neg	0	1	0	0	0	0	1	0	0	0	0
chr8.4915000.4915500	neg	0	0	0	0	0	0	0	0	0	0	0
chr8.4950500.4951000	neg	0	0	0	0	0	0	0	0	0	0	0
chr8.5033000.5033500	neg	0	1	0	0	0	0	0	0	0	0	0
chr8.5231000.5231500	neg	0	1	0	0	0	0	0	0	0	0	0
chr8.5432500.5433000	neg	0	1	0	0	0	0	0	0	0	0	0
chr8.6267000.6267500	neg	0	0	0	0	0	0	0	0	0	0	0
chr8.6559000.6559500	neg	0	0	0	0	0	0	0	0	0	0	0
chr8.6681000.6681500	neg	0	0	0	0	0	0	0	0	0	0	0
chr8.6721500.6722000	neg	0	0	0	0	0	0	0	0	0	0	0
chr8.7119500.7120000	neg	0	0	0	0	0	0	1	0	0	0	0
chr8.7495500.7496000	neg	0	1	0	0	0	0	0	0	0	0	0
chr8.7644500.7645000	neg	0	0	0	0	0	0	0	0	0	0	0
chr8.8083000.8083500	neg	0	1	0	0	0	0	1	0	0	0	0
chr8.8228500.8229000	neg	0	0	0	0	0	0	1	0	0	0	0
chr8.8344500.8345000	neg	0	0	0	0	0	0	0	0	0	0	0
chr8.8744000.8744500	neg	0	0	0	0	0	0	0	0	0	0	0
chr8.9524000.9524500	neg	0	0	0	0	0	0	1	0	0	0	0
chr8.9636000.9636500	neg	0	0	0	0	0	0	1	0	0	0	0
chr8.9987000.9987500	neg	0	1	0	0	0	0	1	0	0	0	0
chr8.10106000.10106500	neg	0	1	0	0	0	0	1	0	0	0	0
chr8.10180000.10180500	neg	0	0	0	0	0	0	0	0	0	0	0
chr8.10598500.10599000	neg	0	0	0	0	0	0	0	0	0	0	0
chr8.10798500.10799000	neg	0	1	0	0	0	0	1	0	0	0	0
chr8.10992500.10993000	neg	0	0	0	0	0	0	0	0	0	0	0
chr8.11345000.11345500	neg	0	0	0	0	0	0	0	0	0	0	0
chr8.11434000.11434500	neg	0	1	0	0	0	0	0	0	0	0	0
chr8.11545500.11546000	neg	0	0	0	0	0	0	1	0	0	0	0
chr8.11683000.11683500	neg	0	1	0	0	0	0	0	0	0	0	0
chr8.11825000.11825500	neg	0	0	0	0	0	0	0	0	0	0	0
chr8.11930500.11931000	neg	0	0	0	0	0	0	0	0	0	0	0
chr8.12294000.12294500	neg	0	0	0	0	0	0	0	0	0	0	0
chr8.12770500.12771000	neg	0	1	0	0	0	0	1	0	0	0	0
chr8.12912500.12913000	neg	0	0	0	0	0	0	0	0	0	0	0
chr8.13636500.13637000	neg	0	0	0	0	0	0	0	0	0	0	0
chr8.13949500.13950000	neg	0	0	0	0	0	0	0	0	0	0	0
chr8.14321000.14321500	neg	0	0	0	0	0	0	1	0	0	0	0
chr8.14321500.14322000	neg	0	0	0	0	0	0	0	0	0	0	0
chr8.14724000.14724500	neg	0	1	0	0	0	0	1	0	0	0	0
chr8.14877500.14878000	neg	0	0	0	0	0	0	0	0	0	0	0
chr8.15080000.15080500	neg	0	1	0	0	0	0	1	0	0	0	0
chr8.16092500.16093000	neg	0	0	0	0	0	0	1	0	0	0	0
chr8.16109000.16109500	neg	0	0	0	0	0	0	1	0	0	0	0
chr8.16280000.16280500	neg	0	0	0	0	0	0	1	0	0	0	0
chr8.16848500.16849000	neg	0	0	0	0	0	0	0	0	0	0	0
chr8.17360500.17361000	neg	0	1	0	0	0	0	1	0	0	0	0
chr8.18266000.18266500	neg	0	1	0	0	0	0	1	0	0	0	0
chr8.18348000.18348500	neg	0	1	0	0	0	0	1	0	0	0	0
chr8.18739000.18739500	neg	0	0	0	0	0	0	0	0	0	0	0
chr8.18894500.18895000	neg	0	0	0	0	0	0	0	0	0	0	0
chr8.19707000.19707500	neg	0	1	0	0	0	0	0	0	0	0	0
chr8.20808000.20808500	neg	0	1	0	0	0	0	1	0	0	0	0
chr8.21081000.21081500	neg	0	0	0	0	0	0	0	0	0	0	0
chr8.21164000.21164500	neg	0	0	0	0	0	0	0	0	0	0	0
chrU.3772500.3773000	neg	0	0	0	0	0	0	0	0	0	0	0
chrV.625000.625500	neg	0	0	0	0	0	0	0	0	0	0	0
chrV.1503000.1503500	neg	0	0	0	0	0	0	1	0	0	0	0
chrV.1855500.1856000	neg	0	0	0	0	0	0	0	0	0	0	0
chrV.4184500.4185000	neg	0	0	0	0	0	0	0	0	0	0	0
chrV.4448000.4448500	neg	0	0	0	0	0	0	1	0	0	0	0
chrV.5318000.5318500	neg	0	0	0	0	0	0	1	0	0	0	0
chrV.7160000.7160500	neg	0	0	0	0	0	0	0	0	0	0	0
chrV.7178000.7178500	neg	0	0	0	0	0	0	0	0	0	0	0
chrV.7203500.7204000	neg	0	0	0	0	0	0	0	0	0	0	0
chrV.7347500.7348000	neg	0	0	0	0	0	0	0	0	0	0	0
chrV.7388500.7389000	neg	0	0	0	0	0	0	0	0	0	0	0
chrV.7502500.7503000	neg	0	0	0	0	0	0	0	0	0	0	0
unplaced-scaffold_054.1500.2000	neg	0	0	0	0	0	0	0	0	0	0	0
unplaced-scaffold_221.24000.24500	neg	0	0	0	0	0	0	0	0	0	0	0
unplaced-scaffold_231.3000.3500	neg	0	0	0	0	0	0	0	0	0	0	0
unplaced-scaffold_274.5500.6000	neg	0	0	0	0	0	0	0	0	0	0	0
unplaced-scaffold_291.2000.2500	neg	0	0	0	0	0	0	0	0	0	0	0
unplaced-scaffold_376.1000.1500	neg	0	0	0	0	0	0	0	0	0	0	0
unplaced-scaffold_380.7500.8000	neg	0	0	0	0	0	0	0	0	0	0	0
unplaced-scaffold_380.14500.15000	neg	0	0	0	0	0	0	0	0	0	0	0
unplaced-scaffold_399.8000.8500	neg	0	0	0	0	0	0	0	0	0	0	0
unplaced-scaffold_403.2500.3000	neg	0	0	0	0	0	0	0	0	0	0	0
